 1 -1.71335793 0.231191561 1.00017989 1.89887309
 2 -0.646795630 -1.40618801 -0.475021631 0.831024468
 3 0.193479672 1.21969485 -0.631980896 1.28480411
 4 1.25161386 0.424201310 0.122778028 0.358222067
 5 -1.38468480 -0.602880001 -1.31852317 0.576627314
 6 1.04460144 -7.58764595E-02 0.127513409 -1.00394988
 7 1.99941540 0.295971632 -0.521671772 -0.303526491
 8 0.681628883 -0.221638381 -0.721684217 8.41228664E-02
 9 0.820792675 -1.70793891 -8.37584734E-02 -0.141832307
 10 0.751137912 0.925527394 -1.83920908 -1.47417164
 11 0.689104557 0.860234559 -1.33847213 -0.595638216
 12 -0.597905576 -1.59962070 -1.52723348 -0.488967955
 13 7.19301924E-02 -0.812773168 -0.744016230 -0.562208414
 14 0.377067655 -0.774912715 -5.41588813E-02 0.400183558
 15 -1.04748464 -0.186075777 0.282291859 1.12887430
 16 -6.02213554E-02 0.118061513 -0.858945370 -0.910610199
 17 0.515905678 0.511452615 1.62564683 -1.57066655
 18 -6.22676834E-02 0.811028659 0.908530891 0.274685562
 19 1.27517772 -2.77258158E-02 -0.555117249 -0.460790336
 20 -0.162548184 -1.55654383 -0.911768794 -0.509820759
 21 -0.150129884 0.843966246 -0.990490198 -0.867714107
 22 -0.963826537 0.640072048 1.43999457E-02 0.238204002
 23 1.95594740 -0.956448913 -1.05482447 1.13398886
 24 0.515613675 1.09564292 -2.34876990 0.497924030
 25 -0.608583450 -0.723828256 2.85438514 1.72559118
 26 0.125682101 1.19785655 0.540120244 -1.70454144
 27 -1.92212152 0.930398941 -0.948894918 -1.27706897
 28 1.09566712 -0.349624217 -0.139540851 1.76502681
 29 1.39339709 1.04785097 1.40262043 0.679191291
 30 0.596082985 -0.756761551 -1.17559934 -0.917154014
 31 -0.484508276 0.399202049 1.18715680 0.731774330
 32 -0.465613365 -1.91631913E-02 -0.426856637 -0.990157366
 33 -1.32223666 -0.267341137 0.894187629 -0.160262316
 34 0.660260558 -0.480650783 1.02256048 1.86363125
 35 2.22804952 -0.465071023 1.41988516 -7.10451603E-03
 36 2.57637477 1.32255709 -1.06330991 -1.50932276
 37 2.02622700 0.586379528 -1.57279181 -0.499255896
 38 -1.55029595 0.846769929 8.38025808E-02 1.51341856
 39 0.412096679 0.355865002 -0.807138324 0.520488858
 40 1.90575731 0.640519798 -0.408470094 -0.445631802
 41 0.405489475 -3.42149846E-02 1.32353437 1.62094116
 42 0.890745103 2.46390176 -0.125079334 -0.632690787
 43 1.31630182 -1.08616543 -7.02937841E-02 0.140850335
 44 0.636534452 1.61393428 -0.105114780 -1.16310835
 45 -0.729236722 -0.390337348 -0.103384942 -0.398464471
 46 0.942540169 -0.383267105 -1.34455335 -0.170563206
 47 1.88626833E-02 0.634597838 0.519775987 -0.487009078
 48 0.443202138 0.204991668 2.20912981 1.82270527
 49 -1.66428649 -0.226271123 0.860582173 1.61565244
 50 1.39980114 0.595670938 0.826877475 -0.642326474
 51 -0.681294918 -0.697711945 -0.599554658 1.07082725
 52 1.53568697 0.833044827 0.705850720 1.63446903
 53 -0.713057518 -1.21566772 -0.594572127 -0.451464951
 54 1.07736790 -1.21593523 2.00613785 1.00534439
 55 -0.366883934 -0.235587716 -0.251287699 -2.69117206E-03
 56 0.405092955 1.46158504 0.586207390 0.297491550
 57 -0.875589490 1.50065780 0.214942932 -0.205913082
 58 0.211910576 -1.13062787 0.629950941 0.977054417
 59 -0.907279253 1.20356321 -0.651490986 -0.736177206
 60 1.07567370 0.584020615 0.651944339 1.39336491
 61 -1.86357784 -0.404530555 -0.150200143 1.82151580
 62 0.972491384 0.610054195 1.40163648 0.112655804
 63 0.215695083 -0.289183021 -0.734229922 1.67405105
 64 -0.794902086 -0.689029753 0.445699304 0.797693431
 65 -0.560589910 0.300360799 0.210647687 -0.195384175
 66 -0.252772242 0.205628335 1.50948584 0.140074745
 67 1.10942030 0.728866220 -1.89864707 0.822052240
 68 0.616964638 0.254263073 -0.325886667 -0.169827878
 69 0.633778691 0.201508462 3.53035331E-03 -0.156177774
 70 -1.00100958 0.776624620 -8.66541266E-03 -0.228492409
 71 -1.28068471 -1.21080363 -0.125503778 0.805027783
 72 1.20391822 0.389803052 -0.209695786 -0.295677543
 73 1.04443812 2.13423657 0.104920626 1.09595788
 74 0.690051556 -9.85086262E-02 1.29951835 1.18648624
 75 0.445314527 -1.44252062 -2.04688072 1.01346505
 76 -0.521901250 -0.875604987 2.05608058 0.206009567
 77 1.23037922 2.14844155 1.37881327 -0.591784179
 78 -1.65211356 -0.469555885 -4.22641188E-02 1.01928794
 79 -1.65699758E-02 2.19322896 0.118777864 0.243896782
 80 -8.25191289E-02 0.424370885 3.63698304E-02 1.12013602
 81 1.93482530 1.62291467 -0.201407567 -0.426986933
 82 1.46936369 -0.197467461 -1.17300344 1.69848061
 83 -1.02679706 -0.863618731 1.33938193 1.33468890
 84 1.84895468 0.880264044 0.493230194 -0.108394854
 85 -0.779439569 1.05523658 0.911868215 0.520793200
 86 -0.571384668 0.236119390 -0.414017349 1.10467088
 87 -0.106419235 -0.448830277 -1.74081469 -1.11532176
 88 -6.66579604E-03 4.29865718E-02 0.850854337 1.97599185
 89 1.30973399 1.74996126 0.609801650 1.82377827
 90 -1.05921352 3.34737338E-02 0.990209460 1.54816961
 91 2.35779929 1.57014430 0.407687128 -0.107801378
 92 -0.365146041 -1.25635266E-02 -1.20280850 0.655987322
 93 -0.439159930 2.27131057 0.796464682 2.08865643
 94 -0.296137571 1.00587606 1.76710510 1.01502156
 95 0.288497269 -0.835752308 0.252957374 6.29796833E-03
 96 -0.279320836 1.33597469 -1.01105535 0.322404504
 97 -0.524810612 -0.381192744 -1.25338674 0.682196498
 98 -0.795385718 -0.834347844 -0.807458937 0.754612684
 99 0.623263299 0.231209397 0.338659406 -0.580426455
 100 -0.279751450 -0.809964538 -0.116399154 0.922918677
 101 -1.97883654 -0.666906536 -1.18856645 0.563809812
 102 0.393922389 -1.52692640 -1.80910081E-02 0.263604909
 103 -1.40856051 -1.32148695 -0.129241168 -0.686004102
 104 -2.79939246 -0.156204253 0.467456609 -9.78604406E-02
 105 -0.866145611 -0.423400491 0.820296407 -0.284848720
 106 -1.05447674 -0.194047406 2.28538370 0.470444620
 107 0.596857667 -0.560532689 -0.169527501 -0.118520722
 108 0.236526117 -0.835006714 0.704028726 0.980799794
 109 0.430778205 7.95513839E-02 -0.219089597 3.19889635E-02
 110 0.523911178 0.821526408 1.31536126 0.538717210
 111 -1.82027149 -0.751842380 -0.350824118 0.897986948
 112 0.520050764 -1.10080791 -0.255040884 1.04637539
 113 1.05449033 -3.69786769E-02 -1.35700262 1.04101026
 114 1.25110912 -1.78885055 -1.23025489 0.356413960
 115 -0.958591282 1.48400414 -1.59622121 -0.564919829
 116 1.02683449 1.67016506 1.08349991 -0.605663538
 117 3.25362515 3.83931398E-03 -0.526609302 -0.851516366
 118 -0.147809431 -1.11173332 0.316127658 -0.466294199
 119 -1.28476536 0.496649206 0.849438250 -0.764118195
 120 1.42112279 0.884438813 -2.11449051 -8.21037218E-02
 121 1.29045594 1.68418419 0.582560658 1.76341748
 122 1.16127408 2.21501637 0.915203214 1.62089384
 123 1.46920049 1.40401530 1.02628219 0.595533729
 124 -0.889724731 -1.09525383 0.710626125 0.603316367
 125 0.746198893 1.40032291 1.38936436 -1.54940963
 126 0.554841638 1.41596258 1.07187545 0.284484714
 127 0.655553341 1.90778530 6.28486276E-02 0.601467550
 128 0.155559838 0.186493963 -1.40768552 -6.10706657E-02
 129 -0.128855139 0.671772361 -1.67026162 1.12977469
 130 0.458055496 -3.75375450E-02 1.38126612E-02 -0.233492211
 131 -0.661433458 0.569010437 0.496996224 6.38305992E-02
 132 0.518420994 0.814168096 1.08528626 0.643069386
 133 2.99739265 -1.11675191 1.91003871 -1.92899036
 134 2.28280067 1.53743243 0.832155406 -0.400688410
 135 0.776851118 -0.742384434 0.100079767 -1.17560756
 136 1.91516131E-02 0.798420787 0.666512668 0.705605149
 137 1.35790873 1.58264530 -0.681783080 -0.503943026
 138 -1.09270048 -1.71053612 0.750392735 0.601982594
 139 -2.71442533E-03 2.31578517 0.561882377 -1.61030006
 140 0.864626765 1.14021850 0.195171386 0.526311934
 141 0.452302545 -0.591052115 0.175920144 -1.99333763
 142 0.356013089 1.52826309E-03 -0.180049881 -0.675825715
 143 1.35183525 1.33242571 1.11206126 -1.16704845
 144 0.344623536 0.117985591 -4.34268564E-02 0.588972807
 145 0.433961987 0.652481794 -2.01351047E-02 -0.538015008
 146 0.353095323 0.316980779 2.16625357 0.623636723
 147 0.237721086 8.48359019E-02 -1.24728692 0.173846334
 148 0.821126342 -1.05025136 -0.998893857 0.429059833
 149 -1.12856996 -1.10770273 4.62088883E-02 1.53780615
 150 1.88694572 0.132712543 -0.569873393 -1.36250269
 151 -6.71515092E-02 -0.726502180 -3.09170689E-02 0.624695778
 152 0.728574991 -0.924459457 6.32406175E-02 -4.39856946E-03
 153 2.48079753 0.199177876 1.11296976 -2.03629994
 154 -1.53109848 0.678250670 -0.569257438 0.513965726
 155 0.275469959 0.414886177 -2.46354914 -0.826061368
 156 0.392165065 -0.150935754 -1.44429278 -1.07228506
 157 0.312584490 0.421961129 -0.233805507 -3.31528112E-02
 158 1.69247091 -0.168446094 0.212365538 -0.130738109
 159 -0.478722155 0.800406456 1.27829719 -0.843701243
 160 -1.04649210 -0.577941418 -0.807941735 0.671179175
 161 -0.535579503 0.671454668 -8.54236186E-02 1.20181596
 162 -1.44717109 1.95693946 0.944778979 -8.68175477E-02
 163 -1.50202596 -0.613114357 -1.96292591 -0.556441784
 164 -0.501965046 1.16917098 -1.19682109 -0.574993193
 165 -1.07795942 0.800587893 -1.48004782 0.541950226
 166 -0.134055018 0.157526076 0.127054110 -1.60034466
 167 -0.731517434 0.220127434 0.988733768 -6.08696640E-02
 168 -0.361378759 -1.01053268E-02 0.684549809 -0.376012504
 169 0.936285138 0.201708764 -0.752304912 -1.36497402
 170 -0.507439852 1.48157287 -0.848871827 -1.03214705
 171 0.108260363 -0.688915372 -1.70305789 -1.07265389
 172 0.279724300 -0.627334118 0.833162189 -2.14980096E-02
 173 -1.25997591 -1.82693079E-03 -1.18557298 0.657723367
 174 0.721814692 0.690435469 -0.271579236 -0.876502514
 175 -1.83850205 -0.646294951 0.360358208 0.730654955
 176 1.79276764E-02 0.475066364 -0.564248860 0.446238220
 177 1.00078177 -0.584182739 -1.21505606 0.184857965
 178 -1.36616445 -0.114704490 0.609994173 0.590893209
 179 0.930202723 1.86502457 -0.860706031 -0.156264573
 180 -1.63699949 0.528532386 -1.17453218 -0.600527942
 181 -0.169125885 -1.37624693 -0.555537224 0.374471575
 182 0.870532393 0.703903854 0.915376842 -0.936932921
 183 1.47465706 -1.65890026 -0.386079788 0.688404262
 184 0.161065564 0.310267746 -1.01271927 0.136276320
 185 1.38976038 0.193391591 1.17795038 0.574847639
 186 1.58332157 -0.917187810 -0.246854365 -1.38268244
 187 0.185635835 1.68693113 0.391716540 -1.16052556
 188 -0.884178281 0.498403311 0.679710507 -0.153607145
 189 0.237610012 7.48838186E-02 -1.88714111 0.381473601
 190 -1.35121727 0.318412632 -0.571100235 0.720994174
 191 0.158768728 5.61943501E-02 0.159869909 -0.349622965
 192 -0.322015643 -6.75480366E-02 -3.03402990E-02 -0.431700706
 193 0.432911545 -0.355442524 -0.259828627 -0.539651334
 194 -0.244973451 -0.137149185 0.482038677 -2.59785019E-02
 195 -0.870597184 -0.124075979 1.36092663 0.859607577
 196 -0.253810495 0.911897600 0.106461704 0.521669686
 197 -5.99450245E-02 0.691965520 -0.397691965 -1.52780151
 198 0.221247315 0.644083083 -1.85502577 -1.20946586
 199 0.490806013 -0.801583111 0.574689567 9.51543301E-02
 200 -4.98052090E-02 0.179235354 -2.41501188 0.954680800
 201 2.04378939 0.711382091 -0.532440305 0.389246225
 202 -1.44555914 0.637571394 -6.53726757E-02 0.238641828
 203 -0.281845510 -0.921762407 -1.05066168 -1.69928610
 204 -1.48004293 1.21641695 -0.313622236 2.02281380
 205 -7.42897391E-05 -0.613548815 -0.231610462 1.36287558
 206 0.146275625 -1.50330937 1.84482288 1.60680366
 207 1.82615423 2.05402160 0.840429306 0.873248994
 208 0.325365782 -0.689534068 0.529763043 -1.94549486E-02
 209 -1.09046972 -0.555675387 -0.799952626 0.415061027
 210 -0.190650627 0.143152967 -0.597382963 -0.824260354
 211 0.978399515 1.34270215 0.783753872 0.705422699
 212 -0.862822950 -0.679363608 0.496139407 0.769519329
 213 1.18005127E-02 -2.82880962E-02 6.29546717E-02 0.137318105
 214 1.23162842 1.54021919 0.247519597 -0.154555023
 215 1.59732342 0.701986551 1.36599481 1.09978604
 216 -2.86371517 0.605173826 -0.242348969 0.522552967
 217 -3.26684475 -0.809331357 -0.524439275 1.39433622
 218 -0.576955974 -0.880224228 2.15466881 1.12832236
 219 -3.18122506E-02 1.09610212 1.31885600 0.644458652
 220 -0.658874750 0.197580308 -1.32805037 1.65945041
 221 0.968825340 1.64188945 -0.756790280 0.522254229
 222 -0.496270984 -7.16058910E-02 0.274697989 1.46456802
 223 1.10032749 1.01983404 1.96853113 5.67628443E-03
 224 1.94080722 0.247565076 -0.424709707 0.124248102
 225 1.04502738 -5.28400242E-02 1.79372132E-02 0.807802141
 226 4.23329473E-02 0.987764597 1.21155930 0.662077725
 227 -1.43863750 0.179600179 0.478179991 0.415470243
 228 -0.179377258 0.591259003 -1.25137717E-02 0.161825418
 229 1.59471834 1.94250035 1.31689906 -0.952036560
 230 0.825394630 1.38369763 -0.366159707 0.173930570
 231 1.31041896 1.54891562 0.182491139 1.02648616
 232 0.105370790 0.992594838 1.34783697 0.566021681
 233 -0.287624806 -0.574935198 1.12672424 1.13987017
 234 0.389789164 -1.50208378 0.662074447 1.42702091
 235 1.60074067 0.640261889 0.570761144 -0.850071788
 236 1.04254591 0.415708333 1.22801363 -0.878117204
 237 0.391192257 0.230781570 -0.266316831 -0.889554083
 238 0.825015724 4.94491644E-02 8.35943744E-02 -0.636283040
 239 0.769792199 0.984155059 1.42434156 1.83279407
 240 -2.05534077 0.707896948 0.101104029 1.53114974
 241 2.12495718E-02 1.72678781 -0.114827052 -1.13750350
 242 1.95859647 0.821052611 0.730508029 0.696962357
 243 1.37434554 -1.20182455 -4.24546003E-03 -0.208323061
 244 -1.09180379 -0.377109587 2.25578403 0.972095132
 245 -2.65748334 0.643077791 -1.77562118 0.294190049
 246 -0.910484493 0.430479586 -0.563249111 1.10068512
 247 4.98406887E-02 1.02804220 0.217274994 -0.104312487
 248 -0.953591168 0.269160658 -0.562504649 0.449864775
 249 -1.05637002 0.410806477 0.563811064 -0.248187870
 250 2.15755701 -0.748690963 6.33250475E-02 -0.817927122
 251 -1.34019947 0.698386550 -0.465564519 0.149517030
 252 -0.489808410 0.435779661 -0.930444241 0.707055330
 253 -1.16150117 -6.87211901E-02 -0.522765040 1.83064806
 254 -0.287540078 -1.08967328 -0.370254576 0.983310342
 255 0.540645123 0.969734788 0.113035649 0.682562888
 256 -0.599110782 0.386012226 -0.414589524 0.581194997
 257 -0.149763390 -1.23260331 1.00043464 0.757865310
 258 0.915235162 0.430861771 0.811778784 -0.499312222
 259 -0.589115858 -0.597614408 -0.117388912 0.260617316
 260 1.02904451 -1.75082028 0.130146414 5.20098358E-02
 261 0.745995283 -0.341119468 -0.521639228 -0.570997477
 262 1.36703002 0.966062784 1.86138654 -0.178530097
 263 0.665029645 0.187473357 2.32425451 -0.599413157
 264 1.09964716 0.522853076 1.41082311 1.61846030
 265 -1.60416913 5.19736782E-02 -0.569103122 -0.318289101
 266 1.40486228 -0.913278341 -2.29508448 0.217956543
 267 -0.699569285 -0.629957795 2.84709074E-02 -0.487808824
 268 -0.227258503 0.419818163 0.599865377 -1.33209515
 269 -0.146703005 1.71573341 -0.441703081 0.816383719
 270 0.206161693 0.615603507 0.566583514 -1.18051875
 271 8.49463195E-02 -0.310236633 0.939623654 0.423874617
 272 1.22332418 9.62783396E-03 0.436477005 0.523839176
 273 1.58831465 1.40200305 -0.752751946 1.16780186
 274 7.85989016E-02 -1.00267816 -0.908191204 -0.884701490
 275 0.517801464 -0.149229124 0.386451662 0.618923068
 276 -0.576783538 -0.858487487 -2.11779141 -1.15702224
 277 -0.596784294 -2.06967741E-02 0.720197558 0.197269753
 278 -0.114199996 0.841086447 1.55302715 0.600957632
 279 0.907579303 1.08771062 0.813189805 0.335598111
 280 -0.569646060 -0.655891836 3.17218155E-02 -0.325664222
 281 0.729729414 7.30513781E-03 0.981427073 -0.462073267
 282 -4.14991808 -0.550112009 -1.64092410 -0.209325448
 283 1.38071501 -0.805193424 0.522365510 0.692696929
 284 1.01738727 0.601436734 1.15293229 -1.12498140
 285 0.280435026 1.37754047 -1.19731593 -0.252388269
 286 -0.615287840 -0.995209038 2.98496222 0.748313487
 287 -6.28610328E-02 0.609814525 0.944859207 -0.889105976
 288 -0.414110571 0.875369430 1.20211339 1.79639328
 289 1.10983622 0.821384013 0.469768047 -0.183239490
 290 -0.589523911 -0.675569952 2.41759205 0.796024203
 291 0.202336550 1.27235556 1.40843534 -1.44741392
 292 -0.660884917 4.47514653E-02 4.06779312E-02 0.904649675
 293 -0.912773371 0.485843003 0.524773002 -4.27986607E-02
 294 -0.396396756 0.815780401 -0.641957402 1.80554116
 295 0.308849514 -0.198244259 -0.903322339 1.14045048
 296 0.854352057 -0.157335371 -1.20634198 -1.30941844
 297 0.847222686 -2.04909086 0.325039595 1.08264017
 298 1.64535499 -1.21785867 1.09062207 7.32546300E-02
 299 2.58286643 -1.86754894 0.207404196 -0.357169151
 300 0.524258733 0.137302563 0.460102707 1.10514474
 301 0.557021499 -0.818265200 -1.33082843 0.891977906
 302 -0.990301013 -1.81931567 -0.849365056 0.373452276
 303 1.52569497 -0.495346814 -0.339454621 -0.396377325
 304 -1.01055515 0.729704440 -0.494765550 -0.359692782
 305 -1.43716538 0.852784634 0.885102868 0.684801877
 306 -1.81178021 9.41102058E-02 0.828018665 1.80297244
 307 1.16750896E-02 -0.235447988 -0.198003262 0.629340053
 308 0.396365523 0.220676959 0.619033217 -0.456537962
 309 0.343903810 1.00031269 -0.686496854 1.02045536
 310 0.751897752 -0.907845795 -1.47890246 0.395306528
 311 -0.252460212 -0.387261927 1.68092358 0.736886978
 312 -0.364014089 -1.14186132 -0.525499821 1.00659835
 313 1.00299287 -1.45321274 -1.23395884 1.11682475
 314 -0.780137718 9.69701409E-02 0.567801476 0.970910311
 315 -0.456733495 -0.939761639 1.07314920 1.70033443
 316 0.153511062 0.764646113 0.113736555 0.583396733
 317 0.162134513 0.418532193 -1.17156219 -0.906720996
 318 -0.949667811 -0.601768255 -0.834731281 0.866318166
 319 -1.40622616 1.16866493 -0.278636187 -4.57971469E-02
 320 -1.12377882 1.22485816 -0.214310080 -5.39141186E-02
 321 -1.02474666 0.844543159 0.649333119 2.13642645
 322 -0.364803046 0.198020831 0.964132786 -0.344389975
 323 0.341163993 0.398578614 -1.71610618 -0.607186794
 324 1.09978151 -0.605261087 1.15064156 -1.08831668
 325 0.258022964 0.142854273 0.399450034 0.870418310
 326 1.16224825 0.227893561 -2.15767336 -0.865365863
 327 9.41382572E-02 -0.203649655 1.54803884 4.59950119E-02
 328 -0.476165920 -5.06625324E-02 1.32180595 0.332566351
 329 -0.291836321 0.405955285 -0.193722159 -1.02696419
 330 0.697830260 0.367854953 -0.454977751 -1.31017828
 331 -1.17891216 -1.11657643 1.07098055 0.792675138
 332 -0.785452664 2.07746768 -0.967666864 0.438390493
 333 -2.91255601E-02 -0.853756785 5.71416318E-02 -0.766763747
 334 -0.174019307 6.11445569E-02 0.709342837 1.76631677
 335 -0.880547225 -9.56674814E-02 0.898064375 1.35856414
 336 -1.89421380 -0.209492445 1.53350830E-03 0.316096544
 337 -1.38164115 0.721534967 -0.207395911 1.03214729
 338 -0.199119419 -1.20080554 0.930453956 -0.868291438
 339 1.69912577 0.297872871 0.482195675 -0.890891194
 340 1.44602609 -0.689757764 0.796854913 0.942678094
 341 2.56336498 -1.42021978 -0.455386639 -0.536128342
 342 0.175102934 0.454682559 1.47594333 0.888933957
 343 0.426765025 1.72168314E-02 -0.494826734 0.776473880
 344 -1.29022086 1.29243803 0.332802862 0.737591863
 345 0.757506728 1.18305504 1.16276717 0.997667193
 346 -0.595587850 0.617128968 0.896120667 1.27939284
 347 1.09084988 0.320748031 -8.72893557E-02 -0.822543561
 348 -0.978689075 -0.646438539 -0.541057169 0.179681495
 349 -0.659489572 0.612303495 -2.20222116 1.73074877
 350 0.249370486 0.399549246 -0.633067012 -0.687514305
 351 -1.84697366 -1.46430087 0.479508430 0.843964159
 352 -0.860292315 0.722070456 -0.595138073 0.368532449
 353 -0.890671074 -4.77994457E-02 -4.40958142E-03 4.42875922E-03
 354 0.615921021 1.25201476 0.319774806 0.571366668
 355 -5.93912825E-02 -0.103126712 0.499312669 0.447258621
 356 -0.241046846 -0.461909294 -1.07168829 1.64073110E-02
 357 1.22460425 -0.198685333 0.544114351 0.918857038
 358 1.19552374 1.20329738 1.48144698 0.744284749
 359 -0.790270269 0.538329184 5.54704070E-02 0.242479056
 360 0.699050069 0.399842560 -0.299780875 0.174054235
 361 0.170437917 0.457402945 0.611465991 -1.18579233
 362 -0.209224328 -1.25017095 0.960740626 1.17933917
 363 -2.40467763 0.205170214 0.432658255 0.301459610
 364 -0.162238047 -0.316894531 -0.304329455 -0.119149536
 365 -1.35139370 0.286993951 1.06383634 6.68538362E-02
 366 2.12192082 -0.171006903 -1.17858195 3.19037735E-02
 367 -0.312521517 -0.283803314 0.575264752 0.140110850
 368 -0.393273979 -2.57831961E-02 8.98848772E-02 0.742493570
 369 -0.523269475 1.44201195 1.30687475 1.33993402E-02
 370 -1.52454984 -0.739282429 0.935314536 -1.02178860
 371 0.668571830 -1.88824010 0.132507280 0.906435788
 372 -0.950087905 2.10053349 -0.585064948 0.778697729
 373 -1.08066785 -1.00013149 -0.544340193 -0.431000561
 374 -1.46661747 0.196442306 0.911115825 0.203762352
 375 -0.256285876 -0.777513444 0.962811351 0.198529571
 376 0.276132107 -7.28175938E-02 -2.88925469E-02 -0.821111977
 377 1.82922222E-02 1.35645437 2.05816197 -1.93259418E-02
 378 -1.56787181 -0.172589779 0.923594117 -0.262014449
 379 2.48518610 1.36355448 2.32220268 -2.77977213E-02
 380 4.30056602E-02 0.793538809 1.46561980 1.73173201
 381 0.166796029 0.312455416 0.494584918 -0.526125669
 382 -0.707758546 0.611889303 0.234183371 0.992265284
 383 1.61049891 -0.265158087 -0.384123534 -1.10204494
 384 2.07773113 -0.442333698 0.244669169 0.440952927
 385 -1.30931842 1.82150865 0.297840416 -0.240812689
 386 -0.704091370 -0.944103122 0.678422332 0.853156745
 387 -0.906266809 1.30053401 -4.20071334E-02 0.301181763
 388 0.898364067 -0.571248651 -0.395359814 1.53113103
 389 -0.504791915 -0.741358817 1.67973340 0.810720444
 390 -0.897977710 -1.45054996 -0.159132659 1.22957480
 391 -9.71281677E-02 -1.27162540 1.63307595 0.760740697
 392 -1.05333424 0.260866791 1.45077825 0.929084718
 393 -0.318810642 -1.25297713 1.13885510 -0.133261204
 394 -0.305265456 1.04197073 1.06215882 -0.722761035
 395 -0.211738735 -0.395114899 -0.316624612 1.18472826
 396 -0.133104771 -0.826655865 -1.22561765 1.76258528
 397 -0.276249886 0.479026049 2.64270639 1.70425284
 398 0.154734194 0.288819075 -0.578563154 0.525818229
 399 0.953359306 0.458691746 0.900019407 1.10092735
 400 -0.580471277 -1.94617808E-02 -0.438698173 0.179252043
 401 -0.437596560 -0.865412116 -9.84864309E-02 -0.271312267
 402 0.823515654 1.68140292 -1.20746565 0.506260931
 403 -0.156367391 -0.834234476 0.646952569 -0.795159519
 404 -2.06253719 -0.184956789 1.82008600 0.456791669
 405 1.64741993 0.160736829 1.31090593 0.849987209
 406 -0.904502511 0.191745624 -0.365860999 0.519622743
 407 0.408337593 4.57679555E-02 -0.293210715 0.957094669
 408 -0.965793431 -0.667522430 1.14561629 1.82839727
 409 0.992048681 -1.88328516 0.147050470 1.17053664
 410 1.03395283 -0.160614550 -1.95429862 1.18627691
 411 -0.429091334 0.113659576 0.158076122 1.30056715
 412 0.750441909 -0.107625157 1.26467526 1.10018361
 413 1.55267537 1.42643094 1.10250092 -0.390848786
 414 0.593042493 1.28573120 0.561046839 0.320140183
 415 -0.194930837 -0.444447309 -0.731188476 0.751491547
 416 -0.269047648 1.22451568 7.84103349E-02 0.444272757
 417 -0.205139413 3.75222452E-02 0.480191052 0.872981071
 418 -0.631028295 0.714518428 2.17776680 0.808488905
 419 -0.267729610 -0.464112073 0.742206335 0.215055674
 420 0.985754550 2.08802152 0.703599155 0.666081548
 421 0.968318820 1.57475889 -1.16825771 8.37691128E-02
 422 -0.260540307 0.685693920 -1.54945755 -0.407180727
 423 1.59072852 9.91178751E-02 0.926044464 0.268776059
 424 0.985834718 -0.279904038 -0.771593392 0.364668489
 425 -0.851401567 0.157415390 -0.490340084 1.22516012
 426 -0.643386364 2.16310692 -0.441392004 1.97545397
 427 -1.16275728 -8.82383436E-02 -0.418776751 0.682550669
 428 2.53960443 1.65716636 0.196005255 0.678676605
 429 1.48567140 7.35938251E-02 1.58501863 -1.54371333
 430 1.44740558 -0.189721406 -0.315947384 0.135893196
 431 1.39222920 -0.223366842 0.517793834 -0.748525202
 432 -0.606818199 0.590174258 0.509771943 1.74198973
 433 0.300673962 0.328567833 -0.667451978 0.984971046
 434 -1.03739500 -1.00508833 -2.81598698E-02 0.947259188
 435 1.27435231 0.404165268 0.729828060 -0.130005240
 436 0.450672090 1.07561207 0.516995251 0.476573765
 437 1.04912806 0.789988220 -1.02336550 1.09492612
 438 -0.360612810 0.117701530 -0.654746413 -0.872506201
 439 0.855366766 -0.143250182 -0.267746150 -0.112941273
 440 0.629230082 -0.654807448 0.676537633 1.73709321
 441 2.10052228 2.00878191 0.806296229 -1.17142284
 442 -0.522473693 0.140297651 0.211174995 1.01399493
 443 1.63276839 1.09114516 -0.880710661 0.420358211
 444 -1.06446040 -5.56360185E-03 1.87543201 -9.80227292E-02
 445 0.178443789 -0.540814936 6.49322271E-02 -0.350817978
 446 -0.972466350 0.209122658 0.740007043 1.91022599
 447 0.326003164 -0.185750484 0.479627758 0.149989754
 448 0.665472925 1.03901732 0.341637194 -0.520320058
 449 0.915450931 -0.392000139 0.518205345 0.633494198
 450 2.58731270 -0.199582279 0.253149807 0.272530884
 451 1.14775610 0.628164887 1.05746007 0.724211991
 452 -1.13152111 1.65260363 1.07717574 0.815419793
 453 0.596711159 1.47105968 -1.61985314 0.782813132
 454 0.808195353 -1.36255622E-02 0.165507048 -1.34710622
 455 -0.335275352 2.43611860 0.487213761 0.655931056
 456 0.763151467 0.246443734 2.58348441 0.754062355
 457 0.709585607 -1.09542704 0.482870787 0.617535353
 458 0.105940230 -0.473356396 0.490340978 0.146490991
 459 -0.593434691 -1.42941117 -0.664611280 6.53474480E-02
 460 2.31650639 0.105076194 1.24040306 1.29842794
 461 0.730794072 2.20837331 0.396089077 0.981188416
 462 1.21257091 1.67083693 0.522438288 0.611093462
 463 0.883532226 -0.328490674 0.622725546 0.510473073
 464 0.216963738 1.28960478 0.659916520 1.64745867
 465 2.01093888 0.299124539 -1.69037431E-02 0.217739254
 466 -0.906910300 1.35570264 -1.48451531 0.329485446
 467 -0.258557290 -0.486544728 0.640357733 0.974861503
 468 -9.23755541E-02 0.259095252 6.33349195E-02 -0.210733667
 469 0.213660821 1.49547803 8.41329247E-02 -0.397536039
 470 -0.258496702 -1.08694279 8.85924697E-02 0.605163217
 471 -0.467860043 2.91610074 1.24871862 -0.124168679
 472 -1.06778955 0.784168661 -0.173842311 0.293973297
 473 -0.783291459 -0.420573175 1.67219567 -4.44816053E-03
 474 0.314777404 -0.270600200 -0.413420081 -0.912402630
 475 0.238369524 -0.567266226 0.431172639 1.83308673
 476 0.372011304 -0.385968089 1.72413409 0.507508337
 477 -0.147670120 -0.894896805 1.04690742 6.55752718E-02
 478 1.66709709 1.37920284 -1.65473926 4.64836061E-02
 479 -1.33367825 0.973256707 -0.184471279 0.959124863
 480 -0.381792873 -2.01046538 0.401301295 1.28052163
 481 -0.525144339 3.81537229E-02 0.190459400 0.353511751
 482 -0.740275919 -0.620806873 0.478050202 -0.608681798
 483 5.85456714E-02 0.970888555 -0.505912185 -0.425586402
 484 -2.18014073 -1.06910670 0.550328195 0.540656567
 485 -0.937360883 7.21322224E-02 1.09644079 -0.308497399
 486 0.480449468 0.852853477 0.837143302 -0.699397206
 487 0.184401795 -1.13928986 1.21405053 1.99019909E-02
 488 0.548571169 0.469222814 0.662891924 0.662020743
 489 -1.09714568 -0.427648276 -1.90174505E-02 0.748458505
 490 1.39642179 0.465284437 -2.03413200 -0.955194235
 491 -0.868170381 0.538730562 -0.493122309 1.71671760
 492 -0.273137510 1.25067151 -0.819803298 -1.42943776
 493 -0.342535585 -0.359158456 6.81516230E-02 0.770013332
 494 -0.221410453 -5.18339425E-02 1.65161538 0.577131033
 495 1.18616140 -0.177872807 0.329216301 5.06091267E-02
 496 0.406976998 -1.81093168 1.29099560 0.551444173
 497 -1.22949576 1.00059271 0.152799189 1.01399910
 498 -1.32917225 -9.91833583E-02 -0.684613347 0.489353806
 499 -0.330718756 1.14972460 0.149577484 -0.229457289
 500 0.236184210 -0.183498874 2.02973652 0.744700909
 501 -1.19602013 1.91515875 1.18083787 -0.510969877
 502 -0.191976637 0.535029948 0.644959509 0.494277567
 503 -0.512570262 0.692458272 -0.220275417 -1.31129670
 504 -0.243734509 -0.685284853 0.498817205 -5.49381226E-03
 505 0.295887828 3.97775471E-02 1.95448363 1.94527173
 506 -0.594827890 -1.39939630 0.121632226 -1.21811759
 507 -1.03006148 -0.512940288 0.681039393 -0.433662832
 508 -1.08400309 0.579923630 -0.312028378 -8.28206167E-02
 509 1.32061362 0.621394813 -0.409068227 1.49349689
 510 -0.407141805 0.420583755 -1.31121469 0.270693809
 511 -0.198975414 -0.209201410 0.495559841 -1.04078031
 512 1.08812284 -6.38463199E-02 0.937828481 -0.540120423
 513 -0.475374222 -0.923590899 0.795698464 -0.632093251
 514 -0.915072322 -0.221162036 1.25676632 -0.730715275
 515 -1.42207694 -0.674487948 -0.695163012 0.940020800
 516 0.682929039 -0.282205164 0.870594561 1.48476267
 517 0.897869408 -5.67486994E-02 0.830938339 1.95332921
 518 -1.60534883 0.833098531 -0.200972319 0.318938196
 519 -1.68309081 -0.543848276 1.23997426 0.742629051
 520 -0.712451398 -0.986965418 0.680796266 2.96490565E-02
 521 -0.279592276 0.100235105 -0.791933954 0.130614191
 522 0.947097123 0.930401087 4.43643183E-02 -0.324227720
 523 -0.760553241 -1.87720549 0.818657696 0.685202897
 524 -0.739810705 0.189950973 1.51245916 0.188745916
 525 -0.334814429 -0.350523949 -0.234973222 1.88645816
 526 -1.44339299 -0.297686160 0.862390518 -0.318645060
 527 -2.34269953 0.723006368 -7.42456540E-02 5.07564880E-02
 528 -0.170296043 -1.24427652 1.90983987 -1.07130706
 529 0.630236685 -1.16364789 0.197494924 1.26840448
 530 -0.445612550 0.206065893 0.618174016 1.84814441
 531 1.09007347 0.300862491 -0.488447905 -0.628890932
 532 -0.724396706 2.01580048 0.285372376 0.657077312
 533 -0.450231969 0.545782566 -0.696970463 -0.290653437
 534 1.12170517 0.158216268 0.366879821 0.656141341
 535 1.62014484 -0.449794769 0.234535396 1.48797119
 536 -4.22831178E-02 0.733642578 -0.444497406 -0.363085926
 537 2.02720881 -7.38329738E-02 -4.45857570E-02 -0.205183610
 538 -0.529958427 1.33053017 0.667798579 0.651011944
 539 1.10443187 -0.917341232 2.99150777 0.523442626
 540 1.36807370 -1.66015184 -0.194692165 0.232742667
 541 -1.21347332 -0.539776921 -0.717859805 0.982261777
 542 -9.84605215E-03 1.06941974 1.56004846 0.116579011
 543 -0.740710974 -0.397687823 -1.08533883 0.175146565
 544 -1.29313469 0.267780006 0.192458391 0.418836832
 545 1.59181166 0.976352215 -0.122707218 0.681708097
 546 -0.411272436 -1.17183495 0.165458381 -0.229548991
 547 -8.73163342E-03 -0.919750929 0.379740655 1.57118917
 548 -0.599189401 -0.423479199 1.54906309 0.188901782
 549 -1.25059700 1.23900449 1.86895692 0.573431194
 550 -2.02825093 -0.679323077 0.776742876 8.77176225E-02
 551 0.909959793 0.745717287 0.511520267 -0.979396939
 552 -0.113156311 1.39251041 -0.810342193 1.46970797
 553 -0.534488320 -0.170840740 0.677893341 0.726453424
 554 1.57468951 -1.03829122 -1.09275246 0.862476766
 555 0.544189930 0.546308875 -7.73639977E-03 0.160697252
 556 1.78166032E-02 -0.221728504 0.485659570 -3.16860415E-02
 557 0.554461479 -1.24975324 1.36507380 -1.32488430
 558 5.96269518E-02 0.523515046 -1.45362866 -0.672492862
 559 -0.566335440 0.316101789 0.764296293 -0.825720847
 560 -0.651193500 0.575419545 -9.77125764E-02 0.992366791
 561 -0.686590135 2.02072859 -1.32068193 0.976960599
 562 -0.823234200 -1.95543587 0.508593440 -1.16138697
 563 -1.40995431 0.492251694 -0.596788526 -0.786135256
 564 0.675964355 0.552473307 -0.268807143 0.118697062
 565 1.04811084 0.502862632 0.307465404 0.206294492
 566 0.216052428 -0.199270278 0.619008899 1.63338530
 567 -1.61122704 0.525598288 -0.961129546 0.360943049
 568 0.819666803 -0.630188406 -1.76986027 1.10968328
 569 1.57505441 0.601197779 1.10688019 7.51562864E-02
 570 -1.53263307 0.177833050 -1.08599114 0.878076196
 571 -0.831372082 0.640149593 -0.733084083 -2.65860930E-02
 572 0.187689483 -1.23348212 -0.785905659 1.10721493
 573 3.43667436 1.55988038 1.23010111 -0.287121296
 574 9.71236825E-02 -0.264894426 -0.551731944 -0.428155392
 575 -0.199077234 -0.566593766 0.279374182 0.349547267
 576 -0.102989122 -2.70783734 -0.269624144 0.298946708
 577 1.54869866 0.689280868 0.612000585 0.464368403
 578 0.458938003 -4.10594046E-02 1.84209979 0.830684900
 579 -0.921278000 1.25909495 1.78863096 1.64142394
 580 0.666094899 -0.142218083 -0.788274825 0.572136104
 581 0.576844096 0.185758710 0.500227690 0.251282871
 582 -1.66826963 -1.42944384 -0.842998862 0.296531856
 583 1.82997036 0.597044587 1.37267566 0.664531171
 584 0.665503740 0.303431422 0.233531058 0.889521122
 585 0.369364977 7.37668574E-03 8.40172172E-02 -3.79189104E-03
 586 1.82900095 0.683487654 -1.47287571 1.64092362
 587 1.02585590 -0.289056152 -1.80657136 -0.126821905
 588 1.24612737 9.14928094E-02 -1.74152517 0.368903458
 589 1.28277600 -0.858818710 -1.84813929 -1.48160803
 590 0.507853448 1.87742400 -0.710843086 0.200490355
 591 -1.74314761 -0.586984038 -1.34606969 0.995998383
 592 -0.114757046 0.884450972 0.565542519 -1.17259097
 593 -0.277973056 -1.85241473 0.426414311 -0.331496894
 594 -0.704324961 -0.131417409 -1.51888859 0.855606914
 595 9.71468836E-02 1.80088973 -0.278770149 0.516681969
 596 0.229024410 2.62234473 0.654995561 0.886261284
 597 0.146395773 -8.73491466E-02 -0.958018959 -0.757913172
 598 1.35913277 -1.00199842 -2.40630674 -0.383747637
 599 -1.53753948 -0.366993695 -0.336025387 -0.392558843
 600 0.220099375 0.569062233 0.618603945 -0.243206248
 601 1.54123712 -4.98395562E-02 -0.537225127 0.859814644
 602 -0.526042879 1.17801821 0.921875417 -1.00888956
 603 1.85098588 -0.415680230 -0.547293663 0.779915750
 604 0.628332317 1.57179689 1.33054602 -1.32655823
 605 0.769547105 0.374083966 -1.46426296 1.64709759
 606 -1.83863258 -1.05911040 -0.289175004 1.68261003
 607 1.56598735 -1.39953077 -0.989520490 -1.37480986
 608 -0.278850347 2.07200193 1.70904696E-02 0.975880206
 609 -0.679002047 -0.167544544 -0.981627345 0.403015733
 610 1.98025644 -0.196192905 -0.314105093 0.387744606
 611 -0.245429292 -1.42080021 0.149900213 0.790485740
 612 0.730723858 1.42126679 1.06781960 0.755295277
 613 0.387654722 0.423374593 -1.65108848 -0.213212192
 614 5.76478243E-03 1.08896470 -0.113134757 0.954900026
 615 -0.832618475 -0.960697472 1.05327547 0.174191996
 616 0.281828552 1.04903722 2.34493613E-03 0.130408973
 617 1.57310176 0.236841172 -0.362282336 0.501094043
 618 0.332829624 -1.17418432 0.101072282 0.188732177
 619 0.486717612 0.838479161 -0.867489338 -1.21182203
 620 -0.419168800 -0.666831434 0.974389315 0.271519691
 621 -1.30664301 -0.295537770 -0.688513994 -0.714666843
 622 1.00435543 0.177423924 1.14276767 0.761314750
 623 0.194319725 -0.327184051 -1.01798129 -0.302758604
 624 -0.561723471 -0.235408977 0.462889731 0.834783673
 625 -1.02310085 -1.17496634 -0.134726644 -1.23847675
 626 5.29885590E-02 0.540230989 0.355534017 0.661722064
 627 -0.251987249 0.520667255 0.589046538 1.34584105
 628 -9.24077779E-02 0.270808876 -9.03672725E-02 1.61400592
 629 0.369309545 2.15749407 1.10413206 0.469812721
 630 -1.17523074 0.632474720 0.391260803 7.35488012E-02
 631 0.163202047 -0.980758429 -0.348979473 -0.198767751
 632 0.433496892 1.68812025 1.01824570 0.799303949
 633 -0.327952027 -1.36078370 -0.442069650 1.51504517
 634 -2.09590340 -1.07241344 -1.13503063 -2.25463733E-02
 635 -1.59584022 0.132620171 -0.479204804 -0.325656444
 636 1.42662466 0.858648121 -0.149190888 0.227199540
 637 0.798990726 1.64637017 0.392664075 -0.161340117
 638 0.537373483 -2.37711594E-02 -1.36544728 -1.22341025
 639 -1.70985579 -1.79365432 -0.516479254 6.79024458E-02
 640 0.948139846 1.60936642 1.20441115 0.570814192
 641 -5.11958152E-02 0.919223726 0.688799381 -0.603971779
 642 -0.199337721 -0.295145124 8.54964703E-02 -8.05597603E-02
 643 -2.39386186E-02 -1.24116170 -0.858506858 -5.00728264E-02
 644 -1.95564592 0.286499858 -0.451774776 1.32142973
 645 -1.38225055 -0.157872096 -0.438525736 -1.25568640
 646 -0.766416013 -0.802511275 -0.712587476 1.71434927
 647 -0.295441598 0.889949441 -0.157915950 0.770109415
 648 0.886469662 -0.534447253 -0.774897337 -1.72453463
 649 -0.794783115 0.359085381 -1.18467581 -1.11677992
 650 0.591994166 1.41290045 0.628156722 0.884826183
 651 0.736711740 0.261152476 0.593769491 0.870434046
 652 0.681756616 0.276689082 -0.205256179 0.569184959
 653 -1.29583502 0.228371039 0.342833310 0.178145289
 654 -1.27983010 -1.11441195 -1.73243487 0.985023558
 655 1.18052387 -0.408179671 -0.490566790 1.16519570
 656 -1.03201771 0.151287794 -1.17353535 0.253168672
 657 7.03864545E-02 1.14261734 0.451478183 1.46901882
 658 0.285669029 1.30163991 0.117431790 0.648970425
 659 1.47737765 -5.34451157E-02 -0.150466889 0.633499265
 660 -0.378420472 0.139732227 -1.06116533 1.84278321
 661 -1.25664711 -1.02491307 0.933793187 -0.766528249
 662 0.563826442 -0.532534182 -0.737060905 -0.191921473
 663 0.315606982 -0.621801972 -0.260710061 0.106638573
 664 -0.870732188 -1.53198719 1.02358051E-02 -5.31386212E-02
 665 0.971154332 0.476419687 -0.104783699 -0.124638326
 666 -0.770667374 0.397315562 0.578918815 -3.56957316E-03
 667 0.562015951 -0.687586308 -0.175381899 0.750164092
 668 0.559803784 0.158314288 8.99254084E-02 0.833630919
 669 -9.15852189E-02 -0.126617938 -0.428992957 0.987914205
 670 -0.756874561 -0.893042922 -0.675701737 1.11954689
 671 -1.82167745 -0.581701458 -1.62084591 -0.131061539
 672 -0.554087222 -0.183973223 -0.213111967 -0.190555900
 673 1.89543712 1.97965705 0.556677699 1.22474384
 674 1.12014449 1.32882535 -0.423300862 -0.232423127
 675 0.958883703 9.73731801E-02 0.131014466 -1.64297366
 676 0.713969827 1.24752676 -2.14961004 1.60868466
 677 -6.16709888E-02 0.579228282 0.726053596 -1.12302411
 678 -5.39935678E-02 -0.537231207 -1.06126201 0.479349464
 679 -1.18465316 0.971615732 1.43518841 -0.292719960
 680 0.287987292 1.08070743 1.07320976 2.68503949E-02
 681 -0.937007129 1.00019419 -0.971650243 0.365907043
 682 2.54831457 0.671876132 -1.07836723E-03 -2.66542211E-02
 683 1.33398175 1.65457428 -0.157137185 0.724100530
 684 0.100816905 -0.185730696 0.213931188 -0.764949560
 685 0.637570381 0.723486543 0.818250418 0.200497121
 686 1.75365400 -0.235793710 1.14063807E-02 1.15167224
 687 0.859432101 0.116737992 -0.198528841 -1.21624839
 688 -0.267663598 9.41600055E-02 -0.320763201 0.788898647
 689 1.70199740 2.24885416 2.03622985 0.323177218
 690 1.65417516 -1.06807661 1.66664374 0.897121966
 691 -0.708951473 -0.665834129 -1.12505555 0.478334039
 692 -1.36463964 1.11468303 0.381763041 0.587267637
 693 -0.191025034 -0.968107283 1.71206474 0.204830736
 694 1.43376350 -1.44412208 -1.45745921 0.134418651
 695 -0.506820679 -2.54598707E-02 0.254619181 1.06049752
 696 -0.712438226 0.821888626 -0.843230426 0.784244895
 697 0.777309537 -1.99103248 0.797534943 0.608127117
 698 -0.249887586 0.808419466 -0.985842407 -0.145550951
 699 0.836742818 0.454675078 -9.12867710E-02 0.645289421
 700 0.574278057 0.919046164 -0.363518655 0.434130162
 701 -0.376624107 -1.44338191 -1.45559359 -1.12681735
 702 0.617932916 0.243086129 1.34645557 -1.19690692
 703 -2.14035368 -2.28010845 0.485274106 -0.703871906
 704 -3.30005574 -0.269344538 -0.674813747 0.906620383
 705 1.53521299 -8.86185318E-02 -0.463503718 0.429389238
 706 -1.89482069 -1.02413654 -0.103938416 1.78470087
 707 -0.395840675 0.951451421 -0.952175438 -0.829910874
 708 -1.50719821 -0.214615405 0.225862682 1.60526112E-02
 709 1.62272871 -0.686742544 -0.582164228 -0.141469613
 710 1.27025366 0.281949401 1.49323416 -1.11210287
 711 -0.366071284 0.959246278 1.29441917E-02 -0.997319877
 712 -0.950188339 -2.05305839 0.490905106 0.452725142
 713 -0.210753918 7.35144317E-03 1.11485076 -0.619004965
 714 0.414577037 1.29256558 1.40502882 0.717015386
 715 0.202862561 -0.183491632 1.55284926E-02 0.815141380
 716 -0.279960603 -0.483263433 1.73444164 0.779717386
 717 0.192910165 1.38667428 -0.360442400 1.52412629
 718 1.30991817 0.461177707 1.00901437 0.776123941
 719 1.33385956 1.31498075 1.04340874E-02 -0.340491891
 720 -1.45005989 -0.378039986 0.792429924 0.769332886
 721 -0.631339550 1.86077237 0.345450014 0.100526839
 722 1.15759695 1.79339349 -0.226040393 1.58721805
 723 -1.14339185 -0.472180039 -1.34203649 -1.32457054
 724 -1.02127802 5.64546185E-03 -2.17348933 1.93746209
 725 1.50960386 0.984405100 -0.196350098 0.411652118
 726 0.750033081 0.405075610 1.24433708 0.714474797
 727 0.898075521 1.26618910 4.79398370E-02 -1.73225284
 728 -0.455483347 -0.959551692 -1.33735585 1.29302049
 729 1.30179811 2.36113358 -0.153952003 0.723053098
 730 0.190682381 1.17954803 -0.353965491 1.01085222
 731 1.03028083 -0.947614968 -1.49556029 1.15760970
 732 -0.474985480 0.111675426 -0.961783826 -8.25149119E-02
 733 1.41986835 0.527926683 -0.852899313 -0.388851106
 734 0.679663420 8.87931585E-02 -0.139247358 1.96613657
 735 0.608838618 -1.25065517 -0.855967820 -0.757969916
 736 -1.54955685 -0.781322837 -0.184256628 -0.207607299
 737 0.118367188 -0.403066874 -0.475550592 2.05867887E-02
 738 1.35920537 -4.59465310E-02 -0.761015654 3.61869484E-02
 739 1.30682504 0.318530262 0.107549988 1.03126919
 740 1.27829933 0.214371935 -0.775507987 0.710565627
 741 -0.452578545 0.857177794 -1.62349939 0.644172072
 742 0.289600432 -0.271428257 -3.68436389E-02 -0.418852597
 743 7.86370635E-02 0.938531518 -0.153239489 -1.04054248
 744 0.293316126 -0.962749600 -0.232128292 -1.41853893
 745 -8.01352561E-02 -0.735537529 0.314386994 1.19105232
 746 -0.807028413 -5.01689464E-02 0.484644413 -1.01488268
 747 0.439151585 0.328112125 -0.796758413 -1.09990287
 748 5.82184531E-02 -2.36025900E-02 0.166973546 0.757514238
 749 -0.744437218 -0.645431519 0.657582402 0.943894744
 750 -1.29253161 -0.119623549 -1.26370108 0.670201063
 751 0.795003295 4.79061306E-02 0.674081087 0.858523011
 752 7.40022659E-02 -1.11142385 -1.45622492 1.35088539
 753 -0.406917840 0.245226622 0.602736950 0.217492118
 754 -1.34137869 -1.67439055 -1.55880857 0.614803791
 755 -0.784770250 0.992349625 -1.04225588 1.67244732
 756 0.332045734 -1.33732438 1.33532894 -0.107217424
 757 -0.914065719 -0.302416891 -1.42300570 0.315021455
 758 -0.979259729 1.26085365 0.404700398 0.170937598
 759 -1.21419549 1.09338403 -1.38559437 0.873912096
 760 -1.82799387 0.245946750 -0.128146410 0.931937695
 761 -1.14410388 -1.81773782 0.255280495 0.265594006
 762 0.585423350 -0.547163129 -1.09969735 0.767950118
 763 0.704176009 0.504015565 9.49368328E-02 -0.342209727
 764 0.768335760 0.375112623 -0.553599119 0.785752654
 765 0.649102569 0.234821782 -0.555633843 0.532517433
 766 1.14800262 0.372065783 1.04288650 0.653446734
 767 -1.09670460 -2.33997488 0.145852655 -0.857610524
 768 5.59981540E-02 -1.23922789 1.30377758 -0.406292707
 769 -0.323100239 0.933641374 -0.535791039 -0.138238013
 770 1.44035733 0.294471979 1.07670891 0.209564507
 771 -0.545578182 0.172547102 -0.100362189 1.34075272
 772 1.06068373 -9.29367021E-02 0.356313765 0.524588645
 773 1.19576490 1.02825308 -0.872668087 -0.481045753
 774 -1.11445451 -0.349368930 0.231300503 0.886728585
 775 1.66512430E-02 0.934728265 -0.615628719 0.114197016
 776 -0.219965979 1.57187009 -0.341400772 0.217413247
 777 0.611372113 -0.985130727 -0.759533882 1.93956363
 778 0.291160941 0.918432772 -7.59001970E-02 -0.653018177
 779 0.901490629 1.14552569 -0.709951997 -0.163189262
 780 -0.155901074 1.40485120 0.433210403 -0.880221963
 781 -1.35291517 0.441335440 -1.97586572 0.865359306
 782 0.490377903 -0.730437279 -0.360229373 0.405261576
 783 0.942512512 0.113454267 -0.578642130 0.624607623
 784 -0.797898054 0.159733444 -0.964429617 0.780664444
 785 0.431193858 -0.203110144 1.67723918 -0.239782825
 786 -0.368715942 -0.681741118 -1.55114973 -0.630508363
 787 6.45830408E-02 -0.427882791 0.835906506 -3.39968503E-03
 788 0.254062414 4.24981266E-02 0.258920133 -0.485848159
 789 -0.166952074 -0.446536899 -7.04745948E-02 -7.94072449E-02
 790 0.241829872 -0.880654335 0.170893312 -6.07134923E-02
 791 -7.11303651E-02 -1.05090654 -0.527796328 -0.761926293
 792 1.53486228 -0.917320728 1.23056889 0.548630476
 793 -1.10523331 0.565627396 -0.472267091 1.06179214
 794 -0.753161490 4.50134501E-02 0.574224055 0.965251565
 795 -1.38537085 0.194797248 -1.43432736 2.05453277
 796 -0.560235381 -0.795270264 -0.291883528 0.954104662
 797 2.33641815 0.126033127 -0.258560300 -5.02932221E-02
 798 0.720111251 0.486569583 -0.462436974 -0.917583168
 799 -1.76349771 1.34714389 0.219212666 -0.326458991
 800 0.802083910 1.46699023 -0.322172403 0.237299472
 801 -0.388108790 1.29859483 -0.236890391 0.503643155
 802 1.32474411 -0.652698696 -0.597914040 -1.08347356
 803 -0.978008032 7.73238614E-02 0.118343875 -5.76574579E-02
 804 0.571379006 -0.101901025 -1.06050813 -0.190402269
 805 3.07566166 0.320481837 1.07244349 -1.32022107
 806 1.73555386 1.55288446 -0.499987155 -0.620743871
 807 -0.283530563 -4.84605134E-02 0.800659478 0.451906323
 808 -0.303493351 -0.120147094 -1.91629207 0.542650223
 809 1.74680090 3.75740230E-02 2.91011524 0.386350036
 810 2.14539552 0.338589698 -0.396268845 -0.648469806
 811 -0.927412689 -1.21610761 -0.271670073 0.914225638
 812 -1.49529397 -0.788982034 -0.747689009 -1.50266743
 813 1.94131780 1.27112389 0.695960104 -0.201688826
 814 -0.692416191 1.14512157 -0.551675260 0.892510593
 815 -1.88567710 -1.07436585 -0.290257603 -1.81289688E-02
 816 -0.266501307 1.06138706 0.434615135 1.18853498
 817 0.917920470 1.21311593 -6.33572862E-02 -0.765140533
 818 1.13789797 -0.266149402 0.153012902 -0.390253127
 819 1.39931536 2.01573634 -6.96843043E-02 0.136760592
 820 -0.164305061 0.805668712 0.668429375 1.17484581
 821 -0.404663235 0.969049454 -0.770158887 0.158971056
 822 0.239541650 -0.201898485 -0.635825813 6.22271448E-02
 823 3.02742863 1.71159005 0.364260346 0.478406906
 824 -0.762480736 -0.399141908 -0.354845524 0.698290467
 825 -1.50681841 -1.15067768 -0.705391288 -0.166883022
 826 -0.718493938 0.166661292 -0.832740068 -0.388628215
 827 -1.67408752 0.953010976 0.808762312 1.88578033
 828 1.07187152 0.609199524 0.350778341 0.697850287
 829 0.819862068 0.302577972 1.65301502 0.914252698
 830 1.74667895 -0.419057071 -0.549646080 1.87763953
 831 0.402753055 0.994878650 9.20772403E-02 0.809499085
 832 -1.63782907 1.63039064 -0.204552010 0.878567636
 833 1.40465569 0.350651145 0.608922958 9.97053534E-02
 834 -0.862664640 0.135904372 -0.587017298 1.63229787
 835 1.08936131 -5.22897989E-02 -0.554062426 -0.388519973
 836 -2.39663100 -0.323807448 -0.503453970 1.40055442
 837 1.29203486 2.12699223 -1.38551927 3.89640108E-02
 838 -0.525677204 0.474136263 9.25570428E-02 -0.165669933
 839 -0.552780569 -1.02506745 0.654527664 0.212514803
 840 0.568797708 -9.80935395E-02 -0.844438612 1.70882046
 841 0.571577430 0.705881238 -0.395792156 0.668155551
 842 -1.08701438E-02 9.96866226E-02 -0.884627640 -0.676442683
 843 -1.19986796 0.787778080 -1.67839217 -0.616396427
 844 -0.601330280 -0.338976383 9.24596339E-02 0.810733616
 845 1.76861393 -1.71234167 -1.33358788 -0.349588305
 846 -0.384844869 0.321698546 0.845154285 -1.12170076
 847 -0.383614898 1.32431436 0.619120300 0.250372589
 848 -0.222742170 -0.164814681 -0.378689647 -0.183442414
 849 1.23812842 8.42215270E-02 -0.673140824 -0.253101170
 850 -0.578780532 -4.24272418E-02 0.976919591 1.91017544
 851 -9.82021168E-03 0.547077298 -1.96275806 0.907541275
 852 0.827669501 1.48823678 -0.583817363 0.666128159
 853 -0.328668952 -1.26460910 0.221768782 -0.138405800
 854 -0.884372950 -0.126402199 -1.53947449 -1.74448800
 855 1.83316851 1.06410086 0.663074255 -6.65657371E-02
 856 -0.379672825 -0.583229840 -1.97174990 0.287889272
 857 -0.389639854 -0.639745653 -0.391681790 0.972445250
 858 0.120799899 0.364380360 -0.196351498 -0.291302413
 859 -1.49781072 1.53136373 0.952821255 1.23554718
 860 -0.117140070 0.237840042 0.416615844 -0.217094228
 861 -0.791081667 1.22856414 0.730528772 1.68367970
 862 0.100453809 -1.17302930 -0.230233341 3.86875868E-02
 863 -0.695615888 1.04566669 -0.166330576 1.50301254
 864 -0.671144247 -0.473641664 -0.930599213 0.576569498
 865 -0.492813051 -7.46276379E-02 -0.438261926 0.784694314
 866 0.475977689 0.351540744 -0.800607562 1.37063229
 867 0.539987743 -0.438184738 0.386933982 -0.995735109
 868 -2.33513141 0.544215202 -1.08460999 0.137604907
 869 0.438549280 0.474792928 -1.67886758 1.71941447
 870 0.598961473 1.68182266 -4.59193066E-02 -0.290158540
 871 0.571204066 0.999107718 -0.610934496 0.585262179
 872 -0.124019183 0.724185169 -1.21351445 1.39696503
 873 -0.208475500 -4.33599465E-02 -1.10506272 -7.91424140E-02
 874 -0.368041575 -1.20873332 0.664134979 0.757185996
 875 1.66476476 -0.168371007 -0.521556795 -0.169734403
 876 -1.30387294 1.73138332 -0.360490203 0.645242572
 877 -1.17749441 -0.191102862 -0.629947066 3.06121483E-02
 878 1.04033649 0.650300741 -0.105888158 -0.554626465
 879 -0.436976761 0.440519273 -0.128413811 0.198831275
 880 -0.876205206 1.40723932 1.00286174 0.817494452
 881 1.48502326 0.372594237 0.631307244 -0.498941302
 882 0.667601824 1.57230794E-02 -1.14949620 0.774935782
 883 -0.142034844 -1.04453683 -1.79672503 0.733795166
 884 0.229393005 1.01927853 -0.495770991 0.384000599
 885 -1.47744262 -0.895968795 -0.225532964 0.627410352
 886 -1.34289932 -0.860654414 -0.453041762 0.753194392
 887 0.316049129 -0.880488217 -1.40790677 0.414390564
 888 4.60582636E-02 0.713858843 -1.16151571 7.43656904E-02
 889 -0.511424601 0.146077067 0.298449606 0.853376031
 890 1.22748494 0.561002493 -0.830098450 1.37824547
 891 -0.719500005 -0.301319569 -0.283177912 0.610942364
 892 0.912193537 -0.143655837 0.814343929 0.489105314
 893 0.350085616 -1.32177854 7.06904382E-03 0.140636265
 894 0.177093998 -0.361435086 0.815611184 -0.255044311
 895 -1.40886545 -0.755176425 -0.179952711 0.179537624
 896 2.59059072E-02 0.296853840 0.412185460 -0.250916004
 897 -5.34242392E-02 -0.107718989 -0.569234967 0.768280447
 898 -0.553345799 -0.169293702 -1.60336375 5.85141741E-02
 899 -0.597923756 0.164166436 -1.06996536 0.155434519
 900 0.823411822 -0.652602732 0.467102915 0.539522886
 901 0.189635232 1.60381114 -0.379591435 1.05795777
 902 0.191879794 0.382594645 -0.230189115 1.06789911
 903 0.860817432 0.789974272 -1.22962987 0.627631545
 904 1.35908592 6.04493916E-02 0.608690202 -0.612210810
 905 0.600673914 1.94337010 -0.939337790 -0.270537496
 906 -0.374479413 0.523418784 -1.84858394 0.859912634
 907 -0.723742366 0.261314452 0.958150566 -0.353301883
 908 -1.12026203 -0.166035622 8.17470551E-02 -0.412293464
 909 0.244444549 1.27256107 -3.34084779E-02 0.979911387
 910 -0.108965158 -0.591416299 1.25783288 -0.373577744
 911 -0.760529280 0.401524067 0.591382802 0.784876168
 912 0.758803189 -0.383604735 1.08005702 0.834264994
 913 1.15625870 0.201544210 -0.195148975 0.822033226
 914 -0.409559608 -0.307255626 -4.59078513E-02 1.82366335
 915 -0.659509897 -0.368547320 0.965808868 -0.215927035
 916 -0.311874062 -0.535068333 1.92770505 -0.712057829
 917 0.615654945 -5.78894317E-02 0.737177432 0.831596673
 918 -2.03840756 -0.534609616 -1.47733665 0.190446883
 919 0.544471502 0.672171533 -0.393570155 0.113300085
 920 2.57570982 2.24179816 -0.435342669 1.32509732
 921 -0.857537866 0.970382094 -1.73570824 0.494157970
 922 2.11580253 -1.11274385 2.06249714 0.795878887
 923 -1.44104147 -0.774749398 8.16860497E-02 0.168464184
 924 -0.966613054 0.556634963 -1.89752865 -0.795867443
 925 -0.531960070 -0.260073960 -0.522255182 -0.625663638
 926 1.02416062 1.46869218 0.401513726 0.874150276
 927 -0.140699357 1.48702729 0.387444019 1.62619805
 928 9.76989269E-02 0.925991535 -1.59614730 -0.109686360
 929 0.217020363 -1.04819500 8.01552646E-03 1.54742110
 930 -0.667908072 -1.92332137 -0.378693759 9.28181708E-02
 931 -0.695408046 -0.506576478 0.703905463 0.767026067
 932 0.652176380 -0.511179149 0.748267710 0.119732425
 933 0.264548242 -0.959269762 -1.41031170 0.687639475
 934 1.02162349 -1.08416677E-02 -0.538132012 -0.396100461
 935 -1.12233710 7.97804296E-02 1.03724897E-02 -0.784638286
 936 -0.163232684 0.708483696 1.91913724 7.64293969E-02
 937 -0.780531049 0.288070500 -0.530364275 -8.30295905E-02
 938 1.17418218 -7.86968023E-02 1.58887064 -0.456353366
 939 -1.31365716 0.435528815 -0.243688494 -0.592783630
 940 0.236667931 0.832982123 0.217587471 -0.297234118
 941 0.775027871 0.236647472 -0.107163906 1.26616824
 942 4.40663695E-02 2.45493129E-02 0.590888202 1.11788929
 943 -1.52589595 0.503723741 -0.958369374 0.848146558
 944 -0.406866521 1.07495868 -2.67269611E-02 0.744340003
 945 -0.820840955 -0.305925786 0.920167148 0.683402240
 946 -0.224773616 1.20890939 -0.192090839 0.596863985
 947 1.00056803 -0.201672465 -0.275116712 0.407105684
 948 -2.04315186 -0.705043793 -1.13490844 2.97826603E-02
 949 0.709543288 0.243372366 0.310153216 -0.355251491
 950 -0.947082102 -0.911071539 -1.55601728 0.131161809
 951 1.92604601 0.200002909 0.925637066 -0.262234390
 952 -2.42205834 0.507091939 -1.07851136 -0.298403382
 953 -0.648908138 1.18052363E-02 -1.89719474 -0.191020876
 954 0.163724944 -0.858805478 -1.54713631 -0.646194041
 955 2.60851121 1.53034687 0.598282814 1.61973298
 956 -0.453965157 1.23366845 -1.07158232 0.244143933
 957 -0.968975127 -0.216505632 -3.93336788E-02 0.781235635
 958 0.313495129 0.883072913 -1.19946575 0.558637381
 959 0.660264075 -6.28294796E-02 0.407861710 7.19524100E-02
 960 1.44352126 0.427258611 0.233217627 0.205548048
 961 -0.419961095 1.57134151 -2.05657363 1.71095634
 962 0.373610348 -0.773228168 0.602180839 1.61393046
 963 1.18463194 -0.482420504 0.276005983 1.35033357
 964 0.510067105 0.936361730 -1.38977373 -4.92066145E-04
 965 -0.387963563 -0.599338591 -1.03488910 -0.943594098
 966 -0.926028430 0.865586877 -1.75612545 0.876750469
 967 0.238316506 -1.02462769 0.568026304 0.220773697
 968 0.362175107 0.693625689 0.810211778 0.945154667
 969 9.62138772E-02 2.76430273 -0.437445790 -0.438503802
 970 0.294182599 -1.05213642 -2.86074281E-02 -0.126811638
 971 0.693499565 -0.693813324 -0.950162649 0.383788288
 972 -0.657033026 0.194334030 -7.32466355E-02 1.81974041
 973 -0.452230543 0.899820447 0.134262249 0.375982732
 974 2.11255813 -0.536795437 0.976197779 -0.910509229
 975 0.206835493 0.987079740 0.672387362 0.471222103
 976 0.875279844 2.02509856 -0.279320538 1.70351708
 977 -1.08353090 -0.838967562 -0.965587854 -9.88774598E-02
 978 -1.29072499 0.430043638 -1.69179356 -9.92218927E-02
 979 0.349768430 -0.274132997 0.601278484 0.298067987
 980 0.877336502 -0.218563870 -1.86106157 -0.396152735
 981 -0.390087664 0.761226356 0.481972903 0.125044316
 982 0.528360069 0.680383205 -5.24782240E-02 0.102173723
 983 -9.20892358E-02 -1.12607288 0.557351947 0.533688188
 984 -1.06236768 0.125968114 -1.53243852 -0.600409865
 985 -1.39207113 0.286778986 -1.79806888 0.774658918
 986 5.71197271E-02 1.09381735 0.455548793 1.72691703
 987 -0.683284044 0.395256966 0.212200314 4.37594354E-02
 988 1.12490201 -0.920665026 -1.10793561E-02 -1.19566226
 989 -0.493294239 0.551670194 -1.64975226 -2.00776309E-02
 990 -0.105858922 1.69360280 -0.300338060 -0.177123606
 991 0.174600080 0.781299412 -0.980911314 0.812727153
 992 0.671111345 1.38452351 -0.513247609 0.524430156
 993 -1.64112794 0.238310739 0.720340610 1.05748343
 994 0.212212414 1.22176766 0.763523221 0.729595363
 995 -0.141139835 0.338206172 -0.593251288 -0.839802206
 996 1.09625030 0.886795044 -1.15116727 1.71393394
 997 9.33237746E-02 2.54237466E-02 1.23110890 0.923286319
 998 0.388199985 1.14498723 0.629284561 1.42370915
 999 -1.30565000 0.653775036 -1.08555734 1.46935630
 1000 0.685542166 -0.236845642 -0.828090727 -2.89420858E-02
 1001 1.28273726 0.728048563 0.892879367 1.15056086
 1002 -0.379483670 -9.00274962E-02 0.377830744 1.71667337
 1003 0.982668161 -0.751010835 -0.619070411 -4.94787544E-02
 1004 -0.310414493 2.13503361 0.243260831 0.574468315
 1005 -0.714226127 1.34794343 0.290788651 0.556167185
 1006 0.437406719 5.09128124E-02 6.29259795E-02 -0.252610564
 1007 0.180350184 0.699946404 0.874932647 0.582109511
 1008 6.08057901E-02 -1.63262653 0.296455950 0.294003606
 1009 0.344980776 0.489643812 0.402244180 1.39428473
 1010 -0.567046046 1.70857787 -0.474748135 0.613452673
 1011 1.41685891 -0.170860350 0.574678421 1.40543532
 1012 -1.17287791 1.83904088 0.146121964 1.89101183
 1013 -0.294630677 -0.192364573 9.64073986E-02 1.52325356
 1014 9.44769531E-02 -0.783515215 0.333135456 1.07151306
 1015 0.301225305 -0.616032183 0.620967031 -1.41947401
 1016 -0.356160194 0.223907173 -1.26819611 0.790471554
 1017 0.436837494 0.197724909 -0.316454917 1.43874872
 1018 1.02444625 1.44965494 -0.593970835 1.52242601
 1019 0.417379767 -1.23043847 -0.734900951 -0.319643021
 1020 0.740978122 -3.84147838E-03 0.374916285 -0.160655499
 1021 0.223949760 -0.646707416 -1.17820251 0.909803987
 1022 0.846565485 1.36667395 -0.729477406 1.37489820
 1023 1.98556280 0.363937527 -0.291064501 -0.918188453
 1024 0.188703239 1.06368113 0.219707459 1.68357539
 1025 0.815491259 -0.288158417 -0.199299693 0.992928743
 1026 -0.121107191 -0.248863071 0.525563776 1.45990539
 1027 0.997500658 0.134254307 -0.332461327 0.356305420
 1028 0.553935349 0.285723865 -1.48305023 1.57310534
 1029 0.783876836 -1.01799083 -1.27544188 -1.46929693
 1030 0.827615857 0.555200696 -0.386357814 1.55233109
 1031 1.58213735 4.12626714E-02 0.258710682 0.831335247
 1032 1.04543269 -6.91656489E-04 0.959711492 1.69370759
 1033 -0.552274108 -0.422872812 0.296020925 1.23378634
 1034 0.224948987 -1.80472696 -2.12040114 -0.708498538
 1035 6.94843009E-02 -1.13746345 -0.222902417 -0.555963933
 1036 -0.348379970 -1.19166839 -0.732801557 -0.248720318
 1037 -2.04719400 -3.00603151 -0.199800894 -1.16164374
 1038 -0.256286114 -2.83952832 -1.65876889 -1.03849673
 1039 -1.11520374 -2.06382084 -1.25443435 -0.868891180
 1040 -0.586061597 -2.61131406 -2.38597608 -0.736253440
 1041 -1.61874795 -1.29626405 -7.28266314E-02 -0.463403881
 1042 1.44881725 -1.14820790 -1.56371033 -1.45576370
 1043 0.619374931 -1.87828696 -0.899999678 -1.16308701
 1044 -6.65506423E-02 -1.32916284 -0.353246301 -1.35901093
 1045 1.74870777 -1.62203622 -0.744768620 -0.891302049
 1046 -1.40921354 -2.08904290 -0.731787086 -0.423327625
 1047 -0.556191444 -2.44124413 -0.934487462 -0.264066041
 1048 -1.40245771 -1.19418383 -3.07522607 -1.34077406
 1049 0.394680440 -2.85150528 -0.374661207 -0.606206298
 1050 0.159359246 -1.18337297 -2.61362219 -1.33867884
 1051 -8.08498263E-02 -0.786198974 -1.59796917 -1.56172967
 1052 -0.686787128 -1.35653424 -2.02023125 -0.953993797
 1053 0.288239390 -1.49796438 -1.76005542 -0.372523457
 1054 -0.438037574 -1.30902910 -1.83550406 -1.22710943
 1055 -8.90478939E-02 -2.54604483 -1.89051437 -0.754517794
 1056 3.80349904E-03 -1.37864935 -1.90485477 -1.23548031
 1057 0.273126960 -2.56388354 -2.07871151 -0.784693420
 1058 -1.15942478 -1.54866052 -0.717128217 -0.712616980
 1059 2.22720933 -1.62113786 -1.79978669 -0.853143632
 1060 -0.473810434 -1.80002117 -1.14270091 -1.54883099
 1061 -1.26174986 -1.83476925 -1.95781517 -1.04820919
 1062 -0.788107872 -1.28731656 -0.243691221 -0.701635301
 1063 -0.913618863 -0.761850238 2.38222424E-02 -0.636424422
 1064 -0.392010570 -2.13562107 -2.39813542 -1.21405113
 1065 0.245857507 -1.02122521 -0.222832084 -0.429856002
 1066 -0.250596553 -0.885375619 0.378083855 -0.992418826
 1067 0.160034567 -3.45262933 -0.623900175 -0.806948781
 1068 -1.45681441 -1.44504535 -0.330146283 -1.04884160
 1069 -1.00213897 -1.32617736 -2.27402163 -1.33534288
 1070 -0.388948470 -1.10281670 -1.45631385 -0.780436575
 1071 0.404332072 -2.49909210 -1.87448931 -1.01200724
 1072 -1.67546391 -1.90350020 -2.36493254 -0.780852675
 1073 0.683116317 -1.19350815 -1.63769507 -0.653661847
 1074 -1.39924276 -2.01580358 -1.51061392 -1.24875009
 1075 -2.02868819 -1.84150004 -0.989705086 -0.609883249
 1076 -0.895358562 -2.67726398 -0.818711102 -1.06702018
 1077 -0.107887149 -2.02531958 -2.30726171 -0.944943070
 1078 1.42707491 -0.424856037 0.381343722 -0.367883354
 1079 -0.617208958 -2.04428101 -1.49139404 -0.780563593
 1080 0.455610663 -2.51425719 0.965785384 -1.26435685
 1081 -2.44041204 -1.70015991 -1.16574919 -1.13947010
 1082 -1.78444946 -2.32496190 -1.06978667 -1.22890520
 1083 -1.55987608 -3.17886400 -1.53251112 -1.03859389
 1084 -0.204440594 -2.54766798 -0.232728183 -0.898817480
 1085 -0.168108672 -2.25035429 -1.04370236 -0.833047807
 1086 -0.924008310 -3.05080786E-02 -0.627034545 -1.12047434
 1087 1.36945570 -2.27137327 -0.234045193 -1.07483888
 1088 -2.03568745 -1.96210980 -2.65725708 -1.34597766
 1089 -0.954044640 -0.309053898 0.108658612 -0.951217055
 1090 -0.314257264 -1.96590996 -0.281794518 -1.25676203
 1091 -0.705930054 -1.24776983 -2.29935861 -1.19169319
 1092 -8.62314776E-02 -1.78963232 -0.689713240 -0.588146389
 1093 0.429291099 -1.03661394 -1.71525407 -1.21098328
 1094 8.31334740E-02 -0.364775151 -0.987356961 -1.06894219
 1095 -1.66661286 -2.12182689 7.03169405E-02 -1.23291159
 1096 -2.39139795 -1.26992214 -1.26207089 -0.265736639
 1097 -0.183975250 -1.57230794 0.503737569 -0.804155827
 1098 -1.12716413 -1.18714654 -1.85350966 -1.53792405
 1099 -0.244223565 -3.02325869 -1.41952682 -1.22066009
 1100 1.10981321 -1.84618044 -0.545917571 -0.889197528
 1101 0.611220777 -2.66739035 -1.99775323E-02 -1.27015150
 1102 -0.288619876 -0.975960732 -2.30583000 -0.746248007
 1103 6.32461905E-02 -1.52716541 4.95284051E-02 -0.295665801
 1104 -1.16597414 -2.27965736 0.369727075 -1.13456154
 1105 0.173989281 -2.76280713 -0.559609592 -1.29761946
 1106 -0.627681613 -2.86097360 -0.577826977 -1.19904757
 1107 -0.648451328 -0.594460487 -1.97279084 -1.17583549
 1108 -0.887223005 -0.699930668 -1.41277266 -0.672629714
 1109 -0.883140445 -0.946278691 -0.135227710 -1.10015118
 1110 -0.470079064 -1.87374496 -8.37479457E-02 -0.165643007
 1111 -0.633902907 -6.80774450E-02 -0.292308599 -0.715838313
 1112 -0.223989770 -1.44996881 -0.916642666 -1.09913325
 1113 -1.00972843 -0.775260329 0.291049659 -0.537466228
 1114 -0.573789477 -0.963460445 -4.12081704E-02 -0.689199805
 1115 -0.933759928 -3.02568698 -0.963109374 -1.05967402
 1116 1.08475268 -2.54225135 -1.43642211 -0.960738420
 1117 1.27784622 -1.91269410 -1.26324368 -1.03564537
 1118 -0.317210853 -1.28125310 -2.03625560 -0.930876970
 1119 -1.09986389 0.756402731 0.761366069 -0.690901518
 1120 -1.10531151E-02 -2.33734655 -1.88102472 -1.17913675
 1121 -0.723059118 0.502495885 -0.417162389 -1.49879611
 1122 -1.37004948 -2.18139505 -0.762948692 -1.90724576
 1123 -2.18951559 -1.89480257 -2.81685591 -1.60050642
 1124 -1.15885627 -1.35832119 -1.16790175 -1.02491987
 1125 -0.743128598 -1.46629620 -0.889706671 -0.507367194
 1126 -0.762153327 -1.16833293 0.269267738 -0.629404724
 1127 -0.137929246 -1.61368322 -0.343154073 -1.35122514
 1128 0.810105205 -1.08037460 -2.06726527 -1.37471914
 1129 0.855005860 -2.62504649 -0.106027037 -0.210515499
 1130 0.793679595 -1.72509253 -2.48668051 -0.640321076
 1131 1.34649253 -1.33632731 -1.60465109 -1.37816870
 1132 -6.92958236E-02 -0.511639774 2.35861838E-02 -0.790767610
 1133 1.28133893 -0.496697515 -1.80864084 -0.991366684
 1134 0.915171087 -2.13809419 -2.17933035 -0.801182210
 1135 -0.108243793 -2.32107520 -0.105957180 -1.08132958
 1136 -0.533502102 -2.21540904 -1.45814419 -1.16111302
 1137 0.624430239 -1.50608468 -0.645580888 -1.17396152
 1138 -1.78521204 -1.71784222 -1.83391345 -0.957628608
 1139 -2.31916928 0.341390193 1.85083055 -2.16793656
 1140 -2.13847756 -0.933084309 1.25525331 0.203832716
 1141 -0.540133417 0.993666589 1.75523663 -0.409896910
 1142 0.197729215 0.489110261 -1.22985876 -1.50349426
 1143 -0.744700670 -0.917514086 -0.239822567 -2.74920940
 1144 0.635293067 0.193821028 7.16751814E-02 -1.57566535
 1145 -2.15885043 0.958856821 0.552425146 -1.21014380
 1146 0.803790331 -0.406140804 2.17151332 -1.46824551
 1147 -1.66041863 -1.01607323 -0.183206424 -1.22275734
 1148 0.337832272 1.07295835 0.149271518 -2.69268775
 1149 -1.14904857 0.848496079 0.578700721 -2.35340142
 1150 -1.03329206 -0.744599640 0.992563248 -2.19477510
 1151 0.483369797 1.37107885 1.25667429 -2.41866493
 1152 -1.37292099 -0.744927526 0.709047198 0.815650344
 1153 -0.886615872 -0.918755949 0.501093745 -2.79914927
 1154 -0.559619725 -0.284008056 1.57292378 -2.64168715
 1155 -0.186885178 0.756674111 0.578458369 -0.228358805
 1156 -0.598093808 0.643662572 1.28305197 -7.53991529E-02
 1157 -0.311733931 -6.53895140E-02 0.820945621 -1.48648512
 1158 -0.365190715 0.581637263 0.487246662 -2.00869751
 1159 -0.226934001 1.06106615 1.09717584 -2.48743653
 1160 -1.38254797 0.660962820 1.62912118 -1.01550889
 1161 0.139571637 0.563877165 3.08788490 -1.08693278
 1162 0.268890262 0.754675508 -6.51234835E-02 -1.25110304
 1163 -1.67595577 -0.714153826 0.779004216 -1.49891257
 1164 -1.61511314 -0.113321722 0.850237191 -1.26557529
 1165 0.262775689 0.519554436 0.132318795 -1.15956390
 1166 -7.74715170E-02 -0.996820629 0.647804499 -1.23591578
 1167 -0.890860677 -6.73577040E-02 1.64439130 -1.01600003
 1168 -2.30134940 -0.686435699 2.02403259 -1.14755976
 1169 -0.456423134 0.653677464 0.975898862 -1.25089669
 1170 -1.35978234 1.50806284 1.07359838 0.220896721
 1171 -1.09640563 0.613004565 -1.79837978 -2.32638597
 1172 -1.32098866 -0.615396559 1.03965068 -1.79587054
 1173 -0.172955111 1.34355271 2.92649102 0.125737235
 1174 -0.155261606 -0.105978668 0.285571098 -0.147802398
 1175 -1.22117436 -0.161587358 1.50290370 -2.51148438
 1176 -0.513556600 -0.423011363 0.830831349 -1.50831234
 1177 0.365513384 -1.58306718 -0.987936139 0.104487434
 1178 -0.891173661 1.32242835 1.40922618 -2.17579412
 1179 1.89032972 0.311019808 -2.42939983E-02 -2.23480439
 1180 0.282680899 0.514930248 1.19596899 -2.46474671
 1181 -6.94443509E-02 -0.368045092 5.80195114E-02 -1.32350397
 1182 -0.628350198 -0.148312539 2.33445024 -2.63310981
 1183 0.890616059 6.84567392E-02 1.07090843 -1.05049276
 1184 0.539600968 0.621374667 1.59179485 -2.46606493
 1185 1.02792525 -0.547061622 1.83279455 -2.45230532
 1186 -0.758677006 1.72629642 1.23736370 -2.29215693
 1187 -0.531416953 -0.726513207 -0.177984595 -1.28073502
 1188 0.280087888 0.479136586 1.32653999 -2.28634501
 1189 0.673594236 -0.383369327 0.482600391 -1.03198183
 1190 -0.379404336 -0.268169403 0.335171998 -2.53114414
 1191 1.29094195 0.265447557 1.18100190 -0.880144835
 1192 0.681046605 -1.22478163 0.239877596 -1.72134125
 1193 0.138058662 6.15899265E-03 1.38141882 -2.27580452
 1194 -1.96948445 0.398595959 1.03093839 -1.00047803
 1195 -0.260685474 -1.36678028 9.42017138E-02 -2.37188029
 1196 -1.73371387 0.188040137 0.152789623 -1.25499868
 1197 0.838425696 0.446521699 0.802396536 -0.891243398
 1198 0.285378247 -0.549733281 -3.83689441E-02 -0.802856088
 1199 -0.680898726 0.780855834 0.227604151 1.09795742E-02
 1200 -8.51220489E-02 0.357006907 1.82225183E-02 -2.35914969
 1201 0.126464590 0.418133020 0.989028692 -1.38678360
 1202 -0.996925712 0.333384752 1.81721270 -2.64101267
 1203 -0.305388749 0.933912635 1.55742204 -2.57909584
 1204 0.286839932 0.567014635 1.18664217 -0.728485703
 1205 -0.906122208 0.598483443 2.01750922 -2.40937734
 1206 1.73555470 0.879192054 0.520966530 -1.68054056
 1207 -0.125841409 0.954042494 -1.33229923 -2.17829132
 1208 0.476277351 0.465497971 2.42007685 -1.10198092
 1209 -0.798735619 0.290215850 -0.249756008 -0.882169604
 1210 1.09663391 0.777978659 0.852167726 -1.54559517
 1211 -0.467310220 -0.105829403 -1.27129805 -0.518703103
 1212 1.83098447 -0.264052570 0.461313397 -1.42219949
 1213 0.985148549 -0.281946957 1.06071782 -0.784071803
 1214 0.223740637 -0.219601125 1.42241704 -1.48380458
 1215 0.222660378 0.660384476 0.693314195 -1.27550292
 1216 -0.465006769 -0.256331414 1.17531264 -2.43016148
 1217 1.22784185 0.971003234 0.571072996 -2.31573915
 1218 -0.281090349 1.42173946 -0.523797989 -0.929631114
 1219 -8.73613954E-02 0.432296634 0.524712086 -1.08607328
 1220 -0.254538357 0.211165041 0.856976271 -1.13930082
 1221 1.69945264 0.665666461 -0.995861650 -1.30031598
 1222 -0.127775937 -0.430500925 0.482812047 -1.37335491
 1223 4.53621857E-02 0.445294827 2.49749351 5.94228804E-02
 1224 -0.240885943 -0.755059242 -0.275987059 -1.47025287
 1225 -1.42723334 0.782621682 0.299956530 -2.38525248
 1226 0.236345112 -0.235665187 -0.142529801 -0.977333009
 1227 -0.154119849 -0.350588083 -0.195613846 -2.45494819
 1228 2.14188075 -0.673289061 -0.496074975 -2.15537500
 1229 -0.224274993 -8.00374448E-02 0.528044045 -2.60806942
 1230 1.08521283 -1.33006716 1.20363152 -0.648463607
 1231 -1.17761981 2.04309002E-02 0.708559394 -2.44028866E-02
 1232 0.121285111 -0.752488315 -0.559777856 -1.45604718
 1233 -0.467927039 0.466426611 1.21123803 8.14585481E-03
 1234 -0.682753682 -0.775595427 -0.230905011 -1.11293578
 1235 0.671459794 2.92461067E-02 0.866917491 -0.927048922
 1236 -0.585729599 0.525262296 1.64806426 -1.45116270
 1237 -7.46927857E-02 0.125541836 1.01949763 0.569428265
 1238 -0.958829105 -0.434125274 -0.300981104 -1.56731689
 1239 0.763728499 0.358670920 0.638867855 -0.957017004
 1240 0.505773365 0.715343058 2.58686423 -0.349650979
 1241 1.52796233 -0.749101400 -0.516037822 -1.32275319
 1242 1.27072930 -1.81311941 1.29981697 -1.32737851
 1243 -0.903310478 -0.426466733 0.433715761 -2.54151535
 1244 1.99872780 0.644708455 1.22024453 -0.224001408
 1245 0.562562823 -0.507096291 -8.28233957E-02 -0.230668247
 1246 -0.539651334 -0.324760348 1.79146278 -8.29442292E-02
 1247 -0.509768605 -0.393146098 1.16221547 -1.24614906
 1248 0.741137445 -1.69462109 1.06550133 -1.47486854
 1249 0.241632283 0.254321009 0.471642226 -1.52663600
 1250 -0.479885846 0.239160001 1.67298353 -0.125772759
 1251 0.236722440 1.43435276 -1.14193547 1.59355626E-03
 1252 1.16520095 1.04299521 -1.28045902E-02 -2.24690723
 1253 0.268242002 0.643104792 -0.538854361 0.314316720
 1254 -0.375266969 0.836653650 8.81045759E-02 -0.518981338
 1255 -0.348574996 -0.850519657 -0.901323140 -1.23456740
 1256 -0.539425492 -0.641126990 -1.20310307 -2.79038453
 1257 -0.809493184 0.277833879 -0.603534579 -1.22143900
 1258 -0.173550665 -1.27398765 1.08412516 -0.351191908
 1259 0.783469677 1.20985508E-03 -0.239753976 -1.56826115
 1260 -0.699542046 5.48084676E-02 0.765839815 -2.36824918
 1261 -1.43426609 -1.36992896 0.111361653 -1.13503253
 1262 -1.82208300 -0.694705486 0.655572295 -2.09133124
 1263 -1.06355977 0.920915067 1.82668447 -1.18553555
 1264 1.39809835 0.203516155 -0.453936458 -2.44139457
 1265 -0.108459443 -0.882547200 5.31531870E-02 -1.48813415
 1266 -0.884326041 0.825806856 -0.163474008 7.23114014E-02
 1267 -0.174006432 0.586100817 -0.383032203 -0.229607984
 1268 -0.145433456 0.699350595 -6.06370717E-03 -2.42318368
 1269 -1.84555197 -0.731896400 0.793052852 -1.22377002
 1270 5.30453250E-02 0.423183084 0.538073182 -1.68288743
 1271 -2.42619216E-03 1.28872144 3.51755118 -1.46735930
 1272 -0.708585620 0.724866569 1.53966761 -2.08355832
 1273 -0.393588662 -0.293566525 0.374318779 -1.84239650
 1274 0.483281732 1.02985406 3.03456092 -2.40403652
 1275 -1.02880490 1.07231283 -0.196164310 -0.894250393
 1276 0.276118577 -0.561695397 1.90768242E-02 -2.56765485
 1277 -0.610888839 -1.81495845E-02 1.73101175 -2.94427800
 1278 9.11136568E-02 0.822628975 0.170399517 -2.74447703
 1279 -1.53635108 -1.25568414 -3.84830907E-02 -1.40583229
 1280 -1.00143838 -0.710524917 -0.213113591 -2.14736652
 1281 0.186138824 -0.536421776 0.529509723 -1.80191076
 1282 0.211517423 -0.604359448 -0.723549604 -1.11208653
 1283 -0.123175666 0.319980204 1.92784965 -2.73056841
 1284 0.703583837 -0.149486631 -0.441610694 -1.04960978
 1285 -1.70828927 -6.76957890E-02 0.912262678 -2.24566007
