 1 -1.04914522 -0.900395989 1.62860107 -0.767103434
 2 -0.332878917 1.22052550 0.280725002 -1.09684849
 3 -0.730432510 -0.587821126 0.868052900 1.02163053
 4 1.57597971 1.42945850 1.35966372 -0.875126481
 5 0.997436702 0.728952289 1.01713169 0.471583962
 6 -0.570999026 -1.01998672E-02 8.15363675E-02 -0.942199111
 7 -1.94955254 2.40804529 -0.528212190 -0.963828921
 8 1.12381732 0.512497902 -0.995340288 -0.499324709
 9 -0.834977984 0.278380811 0.986488819 -1.29343534
 10 7.52528682E-02 -0.218235761 0.490116835 -0.104606755
 11 -0.326375127 -0.551492572 -0.862981379 0.512682259
 12 1.27253842 0.149405092 -1.11954868 -2.73912214E-02
 13 0.395333707 0.896891236 -0.622938991 -6.39858171E-02
 14 0.397071123 -0.684880018 -0.113448203 0.282200366
 15 -0.936684728 9.23149735E-02 -0.357970983 -0.180784360
 16 -2.28107786 -0.693043590 -0.174662560 5.37931137E-02
 17 1.32020652 0.256247640 -0.333969861 -0.914155543
 18 -0.789020419 -0.585564673 -1.45604825 1.86385140E-02
 19 9.40782130E-02 1.47057199 0.792773008 1.06001520
 20 0.876705229 -0.212821156 -0.678578854 -0.902747273
 21 -0.115430564 -0.428731084 1.34060287 0.607628465
 22 -2.05029026E-02 -4.43006456E-02 1.67998719 -0.826695085
 23 0.687018871 1.35200191 -0.136292428 -0.606655359
 24 -9.17741582E-02 -1.47258484 -1.30117428 1.01955223
 25 -0.372625649 -0.193670213 1.27194846 -0.114158131
 26 1.24474549 -1.17292356 -2.31181979E-02 0.992847919
 27 0.333317041 1.29506528 -0.932644069 1.12069175E-02
 28 0.428866297 -4.64537777E-02 0.243399143 -0.991856456
 29 -3.04827392E-02 -0.389815271 -0.878093719 -2.36615166E-02
 30 -1.20859891E-02 1.88694847 -0.333778739 -1.00197160
 31 -0.353901386 -0.313885152 0.376952887 -0.764036775
 32 -1.25880539E-02 0.216097742 1.09390521 4.60825674E-02
 33 0.647135615 0.809345305 0.124356665 -1.71703863
 34 0.832580328 0.643020332 0.751931787 -1.23675358
 35 -0.697852790 1.68886781E-03 -0.556327224 -0.857112706
 36 -0.747793674 0.784452915 -1.89467585 -0.827937663
 37 -0.436747372 -0.157389894 -1.18661714 0.481053829
 38 -0.473518312 -1.59836411 6.41296208E-02 1.54486692
 39 0.509957254 0.816301107 1.45075965 6.57762885E-02
 40 0.998106480 -1.21947658 -8.12650621E-02 5.15536554E-02
 41 2.28867984 0.738506913 -1.22592914 0.117139086
 42 -1.75609469 -0.338581771 0.926598847 -1.89177692E-03
 43 0.217366621 -1.61536491 -0.332836539 -1.26858699
 44 0.681211233 0.263272047 -0.709907770 4.19527441E-02
 45 -0.211283952 0.608437836 -0.148471147 1.04894161
 46 -0.912853003 1.08539617 0.382229209 -0.478457004
 47 -0.566674292 0.637584567 0.616716743 -2.14944935
 48 -0.469998628 0.770315647 -0.579973459 -1.55447364
 49 0.278471410 0.649860740 0.313645601 -0.687285662
 50 -0.974209845 0.730823517 1.19264185 0.235611647
 51 0.578532755 -0.497823089 -0.513661146 0.567561567
 52 1.05698645 0.194700718 -0.590739250 -0.206219614
 53 -0.178317755 0.623322010 0.817232013 0.779042482
 54 2.16079831 0.193057910 -2.19929767 -0.755094767
 55 -0.305091023 -1.17839837 0.394231319 -0.988502920
 56 -0.478291571 1.78335595 -5.09751439E-02 0.393605381
 57 -9.05019045E-03 0.564744055 -1.83968520 0.183124647
 58 -1.20433420E-02 -0.512980640 0.107238084 -9.58013237E-02
 59 1.21395600 0.888485789 0.418387175 8.91899094E-02
 60 -0.750125408 1.73539972 -0.374020904 -1.07055545
 61 -0.996997356 -1.98361337 -0.323424250 1.89673591
 62 0.813150287 -0.486211985 -2.44132185 -2.01151919
 63 0.899972677 0.495446563 1.44355083 0.211979836
 64 0.760332584 -0.958062232 0.988264680 -0.219124258
 65 1.37590790 0.273126483 -1.50363159 -0.575879693
 66 0.917727292 -1.60453618 1.25036383 0.136017010
 67 4.80202436E-02 -3.22228670E-02 -0.538640022 0.233919501
 68 -0.294494987 7.74281323E-02 -0.285639018 0.890255868
 69 1.48441648 0.649769068 -1.26992989 -0.753718138
 70 -0.762589335 -1.84557176 0.281520158 1.40008354
 71 -0.777591705 1.00999475 -1.29178405 9.37847048E-03
 72 -0.410357714 -0.801329732 1.78251171 2.04547548
 73 -0.811910152 -0.902242959 -1.06264007 0.111904070
 74 -0.721606255 -0.327786326 -0.368688464 -0.153194189
 75 -1.44519866 0.773045719 0.463422835 2.08154392
 76 -0.101701126 -0.183714092 0.388334721 -2.02858973
 77 -1.21722913 1.01082134 1.13182116 -0.897909999
 78 2.93709934E-02 -0.360900283 -0.117833763 2.22173476
 79 -4.52904627E-02 -0.332651407 -0.975077093 -1.46631134
 80 0.620625794 1.03084242 0.899363458 -1.30767870
 81 0.187126637 0.206756383 0.285328746 -1.84351397
 82 0.760855794 1.42246938 -0.639449358 0.140212238
 83 -0.114813358 -1.02612305 8.06928575E-02 0.381626159
 84 -0.232842967 1.13123071 -1.31676352 6.16704784E-02
 85 -0.277206093 -0.804093957 -1.95035124 0.117273480
 86 0.845862448 -0.283064723 -0.240001053 -0.753369808
 87 2.05690956 1.08454657 0.383494079 0.625089347
 88 -0.884365320 -1.27376556 -0.615206480 -1.25075305
 89 0.679952383 0.853101134 -0.419235706 -2.27343822
 90 1.15012395 -0.683019280 0.636424959 -1.60499334
 91 0.886946797 1.15867960 -0.358725429 8.45115483E-02
 92 0.718615055 -7.69359171E-02 0.595959723 -6.48331717E-02
 93 1.04575586 0.756640673 -1.62730241 5.45188561E-02
 94 -1.36868513 1.00015783 0.567349434 -0.543554068
 95 1.97237432 0.542934358 0.184074819 -1.13092554
 96 1.44565952 -0.499263823 -0.451156408 -0.799757361
 97 1.34044290 -0.596589863 0.462661445 2.08404613
 98 0.927529097 -1.09348011 0.502145648 1.82426238
 99 0.473630190 0.686929107 -1.11394680 0.500254035
 100 -1.60409570 -0.693833709 -7.86572993E-02 -1.14534426
 101 0.686882734 0.605366230 4.29570079E-02 -0.262146086
 102 7.50645846E-02 0.167580426 -0.482773662 -0.352919728
 103 -8.32185447E-02 -1.53700626 1.13201725 -1.81242239
 104 1.74106824 2.14011335 -0.787508547 -0.598144770
 105 -1.24046612 0.333990902 0.978496075 -1.00044894
 106 -0.895195365 -1.04559219 -0.427851915 -0.719926357
 107 0.673566818 3.30788493E-02 0.888595641 0.674375832
 108 -0.979970574 1.10730255 -0.174039647 0.787045002
 109 1.23283577 0.124321468 0.802512169 1.07276106
 110 -0.427314103 -0.511504471 1.04965317 -0.989341140
 111 -0.203799501 -0.648798287 -0.453004599 5.71719557E-02
 112 -5.11549637E-02 -0.101764247 8.73010159E-02 -0.632328987
 113 0.945078313 -0.448280901 1.00538027 0.438532829
 114 0.832250714 0.202555776 0.867419422 -0.324850738
 115 -0.129288450 -0.248408705 -0.330772817 2.19072175
 116 -0.314377308 1.31197596 1.12064338 -1.61086679
 117 1.90149546 1.45107007 0.481526911 0.346713513
 118 -4.44231965E-02 -5.09893522E-02 0.918558240 -0.834480166
 119 0.729870677 0.267948925 1.12932742 0.739034355
 120 1.75459254 1.47474551 0.194281936 0.192613393
 121 0.313391477 -0.205550104 -1.32362652 -0.625349283
 122 3.43664885E-02 0.538527668 -0.721654177 -0.744025826
 123 0.221050814 0.908368289 -0.305728644 -1.57570064
 124 -0.549527407 -1.82762396 1.35540819 -1.05455661
 125 0.146162614 -0.281729072 0.969083905 3.11593823E-02
 126 -0.306433499 -0.334212124 0.193322003 -0.350718766
 127 -0.834311604 0.403247833 0.544138551 -1.91043401
 128 1.13610101 -0.211279407 0.691698611 0.837035537
 129 -1.04869890 -1.48622239 2.12669730 1.93178701
 130 9.89159197E-02 -1.12777674 -0.598999918 -1.75902593
 131 -1.11846364 3.16202492E-02 0.622330666 0.138544768
 132 -1.11962867 7.50353932E-02 1.78478777 -1.48415732
 133 0.674816966 0.308561504 1.16934502 -1.66658759
 134 1.16690350 2.15026402 -0.428605288 -0.996592522
 135 -0.260535598 3.55006605E-02 -0.800375283 -0.912851751
 136 0.624335110 -0.744243205 -0.990339637 -1.08419609
 137 -0.189759314 0.562191963 0.778836846 5.35525233E-02
 138 -1.33598995 -0.679935396 0.929482639 -0.139914811
 139 -0.768132448 1.78670585 0.701079965 -0.928219736
 140 0.117387421 1.06516528 0.427220345 -0.549916446
 141 0.607625127 6.58689439E-03 0.490163326 -1.60806119
 142 0.322569102 0.787634790 1.37417996 -2.14444971
 143 -1.19915092 2.09596801 -0.982412636 -1.59628463
 144 0.373073637 0.531151831 0.471058726 -0.112059504
 145 0.513066351 -0.518640339 0.434018493 0.722925782
 146 -0.312506616 0.962178528 -0.957720399 -0.558851480
 147 -1.04745805 -1.43164587 0.306948483 1.99246883
 148 0.356819987 5.06181121E-02 -1.03686488 -0.160793453
 149 0.205675721 6.97663128E-02 0.214886919 -0.575532556
 150 -0.761553526 2.00786686 -0.359972417 0.477057070
 151 6.87695891E-02 2.02555108 -1.36773288 -0.236214727
 152 -0.679095149 0.655210137 -0.331151426 3.27683389E-02
 153 -0.748487890 -0.124379441 -1.12560582 0.230674744
 154 -0.104437500 0.216417223 1.33785844 1.19624186
 155 0.315480709 1.37692249 -1.39352334 -0.226608276
 156 1.62173462 0.116843127 -0.242558450 0.341978163
 157 -0.747731447 1.08487415 1.70902693 -0.400411874
 158 -0.508423090 1.61136043 1.73087060 1.64677091E-02
 159 -0.261437207 1.30297196 0.535813749 -0.895908356
 160 -0.204799339 -1.71513593 -0.490171939 1.35506654
 161 0.778901935 0.967356682 0.132118568 -2.08529234
 162 -0.542185187 2.47956252 -0.285879493 -1.64402068
 163 -1.04042220 -0.713127136 1.68587661 -2.04817295
 164 -0.754952371 -1.45658457 1.09148455 -1.27708539E-02
 165 0.367610455 0.447787762 0.260908663 -3.55781615E-03
 166 -2.32133532 -0.755621612 1.92970061 0.309698015
 167 1.36687529 -0.289536536 1.85285389 -4.78593931E-02
 168 -0.120569080 -0.182198346 -0.974612236 -0.793091714
 169 0.231813222 -2.99566984E-02 -2.00112486 1.53834379
 170 -1.78225565 1.50144291 1.06982303 -2.02402687
 171 -1.99528456 0.667443156 0.887670934 -2.02150035
 172 -0.279397458 0.680413127 1.04632938 -1.48166323
 173 6.80974685E-03 -0.424010873 -0.682743132 7.43429586E-02
 174 -0.226993248 -0.474240452 -0.314499378 -0.248116359
 175 -0.167399734 -0.351366818 0.223301053 1.74626327
 176 -0.501776397 0.786387503 -2.05960846 0.189992025
 177 2.50420451 0.413638115 2.53845267E-02 1.05907702
 178 0.991368949 0.352335900 7.32254237E-03 9.90585461E-02
 179 0.581610620 1.26230550 -0.204683870 -0.932281137
 180 -0.923520327 -1.11653852 -0.754444182 -1.58602691
 181 1.07762480 0.551665902 -1.33183646 1.34054577
 182 1.07072771 0.752619326 -1.64341557 -0.519174635
 183 1.35365689 1.03475916 -0.399193317 1.05201745
 184 -2.01355004 -0.575556397 -0.282231629 -0.114709996
 185 1.33818114 -0.116022632 0.637012720 -0.958598375
 186 0.812909842 -0.810470700 -0.623401403 0.198208898
 187 0.374941885 -0.352164537 -0.561790884 -1.81371498
 188 -0.237088054 1.25936866 -4.98843193E-02 -0.850197792
 189 0.787757874 -0.828747809 -1.32277346 0.357483536
 190 -0.180844665 -1.65476799 -0.658196449 -2.04737020
 191 0.692710280 1.69430864 -1.75005603 -1.44973218
 192 0.123891011 1.45924890 -1.28170729 0.272694945
 193 0.317113727 0.837597489 -0.175147444 1.08418810
 194 -0.335538983 -0.317237347 0.760840058 -0.765555739
 195 0.521480203 1.60028422 -0.814820945 3.07448581E-02
 196 -0.609464467 1.01247656 -0.501109958 1.03778708
 197 0.804759979 0.884329617 0.940563202 -1.16461670
 198 1.51949263 0.385544747 0.985881209 0.175697535
 199 -0.375265062 -1.12260175 -0.495608926 1.06969953
 200 0.317951918 0.110131085 1.01658010 2.13278890
 201 -0.792064071 0.156580672 -0.110697091 -0.602484465
 202 1.15388894 1.41779876 1.19576585 -1.80439436
 203 -0.395002067 -0.229860693 -0.277844846 0.308863640
 204 -0.908515930 -1.26303005 -0.317181349 -0.156672388
 205 0.297628880 0.160306022 1.25403738 -5.04550748E-02
 206 0.520480275 0.276515603 -1.05310106 -2.01957297
 207 -0.423308998 0.310909361 -0.742120683 -0.865595222
 208 0.104198359 -0.193322599 0.459127665 -1.89310002
 209 0.919773459 0.222802877 0.450097650 0.281021744
 210 0.459007382 -0.607648134 0.606682718 -0.802093744
 211 -0.271383882 2.08693743 -0.691045165 -1.06929386
 212 -1.07061839 -1.72462785 -0.120183438 -1.91501200
 213 -0.872506738 8.18848163E-02 1.44429123 -1.94446170
 214 -0.499419749 0.202236786 -1.03955853 1.37898278
 215 -0.326377362 1.76210582 -0.834136188 -1.44409144
 216 1.14183903 1.06395459 -0.911298871 0.235409528
 217 -1.29568577E-03 -2.36294723 -1.12718356 -2.12393284
 218 0.265440404 -9.15050209E-02 1.36311841 -2.00640535
 219 -6.56949580E-02 0.363529265 -0.266647518 -1.21614611
 220 -1.41727078 -1.94949222 0.868281305 -1.85050380
 221 2.02685446E-02 0.711635947 -0.123093724 -0.760610819
 222 -1.36873007 -1.82371449 0.225255221 2.29679346
 223 -1.89649975 0.382426083 -0.365219176 -1.06855106
 224 -0.692670166 0.295608521 -0.273380935 2.00922918
 225 7.58433938E-02 0.840814054 -0.248103440 -1.05792081
 226 -1.64703012 0.683128059 -0.312037081 -1.85718250
 227 -1.21509945 -0.886893153 -0.855276346 -1.87647891
 228 -0.187416121 -1.63628149 0.373049766 -7.94499144E-02
 229 -0.255518079 -1.03198922 0.801715851 0.119446181
 230 -0.697173715 0.931583524 -3.09124231 -1.20428538
 231 -1.20615363E-02 0.849788189 -1.36014748 0.156066954
 232 -0.952936351 -1.35167086 -7.44601339E-02 0.410071313
 233 -0.444994450 -0.788645327 -0.173388615 -2.16405845
 234 -1.00793469 0.782098711 0.692775488 -1.83611858
 235 0.700896144 1.02127481 -1.19297862 -0.125131845
 236 -1.28445506 0.546961308 -1.32862329 -1.71550477
 237 1.02267349 0.238188043 -0.116122395 -7.62715563E-02
 238 0.465285420 1.83984184 -1.60866523 -0.631473780
 239 -0.850401878 0.364961416 -0.926407218 -0.166237861
 240 0.368878812 -0.185470521 0.112246081 9.93537828E-02
 241 1.55446517 1.22543752 -4.25780267E-02 -0.992519855
 242 -1.05321181 1.15856826 -0.759180188 -1.40351498
 243 0.760463536 1.78332603 -0.176608235 -0.109382831
 244 1.98219287 -0.922880590 1.48952007E-02 -1.26276422
 245 -1.33008790 -0.236591816 -0.451116443 0.761130452
 246 1.44274879 0.227758914 -2.18262863 0.327166855
 247 1.16920197 -0.126825035 -0.700848818 0.451251298
 248 0.304253131 0.239990011 9.04394537E-02 -0.233041942
 249 1.06933045 8.20474774E-02 1.13442147 -1.00287056
 250 1.11641908 1.41558301 -0.536124468 -1.89993024
 251 2.15460443 -0.240344971 -1.96348876E-02 -6.85969815E-02
 252 1.01965022 1.11314809 -0.317338884 -1.10079861
 253 -1.74568129 0.164370999 0.965169549 -6.88454285E-02
 254 0.243590042 -2.27575159 -0.708712101 0.896777928
 255 -0.263798833 0.820840538 6.14011660E-02 -1.52338314
 256 -6.78571463E-02 1.31779313 -0.631016672 -2.06156468
 257 0.697704256 2.46389985 0.287329614 3.00272182E-03
 258 -1.28790879 0.581508756 -0.102515556 0.730800629
 259 1.03689384 0.764046073 -0.658553362 -0.134748548
 260 -1.31507659 -0.903880000 -0.292047888 0.943773091
 261 -0.837139547 0.501228750 0.521448374 -0.814154685
 262 0.941679001 1.20277548 1.10740387 -1.07404172
 263 1.01415157 -0.235083848 -8.78371894E-02 -0.778734744
 264 0.264359951 1.79942799 1.28027797 -0.324729741
 265 0.456934750 1.18585646 1.08922708 -1.49115121
 266 -1.14493108 0.296481133 -1.34125257 1.24184227
 267 0.365834594 0.373312533 1.05721414 0.243544847
 268 6.42181039E-02 -0.652945340 0.222065747 -0.884917378
 269 0.838689268 -0.521855712 1.66592467 -1.03665388
 270 -0.787002325 -0.903919935 -0.246317238 -0.170784086
 271 -1.11150277 0.318318129 -1.81233513 0.643315256
 272 0.435627878 1.04125130 0.143520832 1.32699585
 273 0.123354793 -1.68019906E-02 0.153728008 4.54940796E-02
 274 -1.07400703 9.31766927E-02 -0.477488756 -1.24126315
 275 0.388311446 0.126625955 -0.423830986 3.58104408E-02
 276 -0.732142508 -0.920322120 0.230542704 0.219117910
 277 6.70483559E-02 0.687272489 1.18175519 -0.118343279
 278 0.121145234 -1.29923391 -0.810400069 0.380287230
 279 -0.369105458 0.356000423 0.329951733 -0.867513597
 280 0.346875846 -0.839614391 0.408746690 0.967508376
 281 0.617908716 -0.625462949 0.753990591 -0.321161866
 282 0.800663292 -0.199628696 0.967656970 7.44579062E-02
 283 -0.779000998 1.34161636E-02 -0.738547623 0.236936212
 284 -0.259689271 -0.309650809 -0.242135197 0.134288833
 285 -4.13190648E-02 -1.40824366 0.286095262 1.03521109
 286 -0.126300663 0.193782672 1.37323320 -0.737354994
 287 0.219313711 0.604672313 8.67181122E-02 0.128876925
 288 0.524240673 0.333913803 0.433350146 -0.590965688
 289 -0.932306349 0.988483846 0.718332469 -0.986395717
 290 -0.920531988 -0.213438660 -1.49387848 0.110353231
 291 -0.599424660 -1.11740744 5.96668273E-02 -4.77988496E-02
 292 -2.71583200E-02 -0.805945575 -0.778037786 -0.946955800
 293 -2.27760196 -1.29790092 -0.445849150 -4.13685627E-02
 294 0.153831646 0.315946728 0.410658389 -1.12944627
 295 -0.643969417 0.704707265 -0.262785435 2.35645747
 296 0.892946422 -0.287138045 -0.267761111 1.45981836
 297 0.567685246 2.01506257 -0.150045455 -0.532771528
 298 -0.398398608 0.714245021 -0.609792709 -1.62594891
 299 -0.779521704 0.204908028 -1.52642500 -1.95877886
 300 -0.884407282 0.225564137 1.43433583 -0.432489067
 301 0.956822991 0.297356725 0.169059485 -0.264469147
 302 0.590397716 1.70768118 -0.127178073 6.49533570E-02
 303 0.983963549 0.868118584 -1.39516389 -0.162902653
 304 0.956697166 0.834957778 0.585523129 0.468152106
 305 -1.27905440 -0.145348072 -9.86799598E-03 -0.359211922
 306 1.35312498 -1.32831764 0.476460814 0.902879834
 307 -1.72825313 -0.164381295 -0.936140239 0.591284633
 308 0.277118593 0.283778071 0.647370398 0.953369141
 309 0.602951527 -4.73396853E-02 -0.957377791 1.39474678
 310 1.43416238 -0.163413525 0.252379566 -4.17247415E-02
 311 -0.367456585 -0.802548409 -0.952498198 0.788017750
 312 0.788839340 -1.00646996 0.536385000 -0.411472559
 313 8.46496522E-02 1.51852453 -0.746183574 -0.200130612
 314 -0.409010172 -0.183367923 -1.55173039 -0.606009483
 315 0.114192888 -1.04802275 -0.105727613 1.11932588
 316 -0.397506863 -1.49869156 1.70630085 -1.05412686
 317 -2.63093337E-02 0.951196969 -0.643233538 5.11605740E-02
 318 1.37031221 -0.956610858 2.72119716E-02 0.887985110
 319 -0.554164112 -0.988238454 -1.99118555 -0.132700354
 320 0.599926174 -1.43717730 1.62468350 1.88853288
 321 -0.193434477 3.44222635E-02 -1.18060839 -1.01354575
 322 -0.979867816 -0.174060449 0.434196234 -1.30520761E-02
 323 0.842359066 -1.62537563 0.218469128 1.06209481
 324 -0.833733261 0.719839573 0.102313399 -1.23534262
 325 -1.24338877 0.554080069 -0.668122649 -0.211627036
 326 -5.87171316E-03 1.29425919 0.814728856 -8.95846114E-02
 327 0.412867218 0.754167020 -2.04039142E-02 -1.95545769
 328 0.256737769 1.48502159 -1.35088468 -1.26496065
 329 0.496400774 -1.19613862 1.04586112 1.19472706
 330 0.204378694 1.04996324 1.15696084 0.408100307
 331 -9.11843926E-02 0.658266962 -0.461378872 -0.289565414
 332 -0.696156263 1.07780063 1.23555112 -0.433668792
 333 -1.89830303 -1.57967508 -0.135168359 0.416794837
 334 -0.560431004 -1.85716581 -9.56283659E-02 0.773476005
 335 0.492634058 -2.33607507 -0.372016937 0.220644236
 336 -0.520893633 -0.195963815 0.382834017 1.09953046
 337 -0.640091300 -0.793790698 1.12429142 -0.266642600
 338 1.23044586 0.792671144 -0.530650675 -1.49201500
 339 2.00823641 1.69426048 0.321781188 1.27370298
 340 0.802380800 1.92402315 -0.231464893 -1.91113532
 341 0.277641922 1.39984715 -0.556238413 0.216878057
 342 0.463449359 1.62467396 -1.34961402 -1.65213501
 343 -0.916230440 -1.28073287 0.179419726 -0.917688489
 344 -0.562769353 -5.24726659E-02 -0.969043136 -0.440389127
 345 2.06483841 0.661198914 -0.671465456 -2.07780671
 346 -1.21568239 -0.935344696 -1.19065988 0.387260050
 347 0.416715473 0.284541249 0.773772359 2.04599166
 348 -1.17078924 -1.30043590 0.311085820 2.07202911
 349 0.203558505 0.920193195 -0.413469434 0.268434554
 350 0.279688239 0.518145859 0.667127967 0.325956583
 351 5.11106178E-02 0.895539165 -0.337038428 -1.79070389
 352 -1.66255510 -0.989163578 -1.03159118 0.129243657
 353 -1.84796512 -0.728508830 0.211102620 1.95573413
 354 -0.832981765 1.83000994 1.01748383 0.302826762
 355 0.713132024 0.629785061 0.195949823 -0.755314112
 356 -1.17531359 -0.310181856 -0.996438980 -0.853549778
 357 -0.560601056 -1.09266734 0.257954687 -1.50425625
 358 -0.524398804 -9.63650644E-02 1.79882717 0.747384667
 359 -1.55278099 -7.27651045E-02 0.918439984 -0.238969937
 360 -0.487840623 -0.527258933 -0.934046745 -0.598078310
 361 0.309076726 -0.329223752 0.724111319 0.271573603
 362 -0.474884331 1.01925933 -0.261795104 -1.05143225
 363 -0.340424478 -1.52281392 1.35189950 -0.707298517
 364 -1.15675068 0.757322311 0.664191246 -1.41427994
 365 0.503086686 -0.339857280 0.170852527 0.315216511
 366 0.766107798 1.03345799 -0.265864193 -0.914391041
 367 0.833966196 -0.231186718 -1.06996322 0.357205927
 368 1.24102855 -0.406959295 -0.365746111 0.440630496
 369 -1.37022007 0.831172884 -1.12990642 -2.17798066
 370 0.551103652 1.44872463 0.550488472 0.275026947
 371 0.974932194 -0.961829543 0.397521645 -0.842876911
 372 -0.299445540 -0.705071211 0.748771369 0.230613708
 373 -1.00383735 -1.16566741 0.256597817 0.594064116
 374 -0.133813113 0.303242981 0.161515862 1.22952044
 375 0.450405240 -0.465221286 0.106173173 -0.706000090
 376 0.189677715 0.530370295 -0.444264710 -0.518092930
 377 -4.71661985E-03 9.38326120E-02 0.811947525 5.20924181E-02
 378 1.16754317 -0.774859726 7.05248117E-02 1.37652123
 379 7.25871250E-02 0.168674663 -0.454663754 1.14466596
 380 -0.419960201 -0.305625260 0.718929231 -1.96320200
 381 0.210334554 -0.291363209 -0.632734954 0.920776963
 382 0.574763656 1.95691979 1.17767489 -0.844875634
 383 -0.671440721 -6.14262223E-02 -1.41424251 -2.26289797
 384 0.260751039 -0.654466927 0.672064543 1.84893012
 385 0.410842419 0.333131552 0.926657140 -1.08513999
 386 -1.36893654 -1.79806924 -0.301823407 1.34101188
 387 0.328091741 -2.01384783 -0.964709461 -0.964835525
 388 -0.429409057 1.88641155 -0.214969918 -1.01092696
 389 0.906575680 0.213962406 0.955019534 0.236425608
 390 1.40319920 0.770633817 -0.560961545 0.216016382
 391 1.87975407 -0.183844924 1.30391383 -0.761228323
 392 0.848987997 0.598405898 1.87788880 -1.96096087
 393 0.629948556 0.180416375 0.551232517 1.13850594
 394 -1.19901931 0.674526036 2.33891582 0.690149784
 395 0.263112426 -0.215806007 -1.42466116 -1.71334028
 396 -0.749958634 0.397822678 0.108227983 -1.18031502
 397 -0.608929574 -0.809248209 -5.79821691E-02 -0.897410870
 398 -0.397113740 -0.508438587 1.31819320 -0.972198486
 399 -0.357969224 0.379609555 0.263288110 -0.670508385
 400 1.33874309 -0.895038307 -1.17847896 1.26611817
 401 0.518587589 -0.388547540 0.592437029 -8.15253630E-02
 402 -0.452368021 1.09870958 1.97190726 -0.599315882
 403 -0.922364116 0.199252129 0.232180864 -0.150287837
 404 -1.46191180 0.375486016 1.10267675 -1.69502556
 405 -1.42211866 0.123315580 -1.10706294 -0.578760624
 406 8.75311345E-02 -0.408938169 1.68991065 1.11027944
 407 -0.290486991 -0.246191829 -0.830166340 4.18123938E-02
 408 1.34158981 1.90017438 0.236431241 -0.579478145
 409 -1.30085945 -0.312290609 -0.179097950 0.204916835
 410 -0.226970881 1.13531196 -0.310899347 -0.254259437
 411 0.886578858 1.16341078 0.496211469 -0.734756172
 412 1.29700303 1.81801283 0.626083016 -0.795681477
 413 0.113506541 1.15887558 0.575568497 1.13080919
 414 -0.266723037 2.37740564 -0.617508471 -0.805936456
 415 -0.784491777 -0.543331861 -0.143375516 0.166715711
 416 -0.531950176 0.883079648 1.53637469 -2.05467749
 417 0.329111189 0.739730000 0.390860826 -0.515047073
 418 0.724583089 -0.336288244 -0.956537843 -0.210613936
 419 -9.40107778E-02 6.61809519E-02 1.78563249 1.28191149
 420 -0.274714142 -0.212814808 1.65888727 -0.307892442
 421 -0.524728537 1.87351084 1.21361339 -1.04702389
 422 0.452039242 -1.41975284 -2.94541717E-02 0.717599571
 423 0.488262475 -1.68708116E-02 -0.342453063 -0.132062852
 424 0.920369864 0.499632478 -0.433032423 -1.04485214
 425 -0.855947971 1.45799720 0.561420143 0.963561058
 426 0.386106670 4.76426482E-02 -0.180286318 -0.741352499
 427 1.37433422 0.924912155 0.621337414 -0.900320351
 428 0.800403833 0.920096636 -0.377880394 -0.816420913
 429 -0.769749939 0.126232311 -1.34272075 -0.948013008
 430 0.464103222 1.14675641 0.287497133 0.797798216
 431 -7.40264729E-02 8.53876323E-02 -0.790536761 -0.756397009
 432 -0.203554496 0.122232884 1.65761328 0.268353045
 433 0.672627747 -0.788364768 -1.14151621 0.931135833
 434 0.494530350 -0.577877462 -4.86683771E-02 -1.27710748
 435 0.446308672 1.13564956 0.260288596 -1.86856437
 436 1.24326813 -5.49350157E-02 -0.110922679 -1.87344491
 437 1.42675328 8.04861188E-02 -1.16344988 -1.20757675
 438 0.251649201 0.250433773 -1.37009501 -0.145262182
 439 0.298414886 0.708330631 0.826798737 -1.15618217
 440 1.52239859 1.32789397 1.25122631 -0.940236092
 441 2.66259909E-02 0.522859693 1.70713103 0.283542931
 442 1.11184847 1.84790921 0.279020220 0.844865084
 443 -0.954767227 -1.37230527 0.425380528 1.52143645
 444 0.460392326 0.512412190 -0.115451247 -1.53243589
 445 -3.57415266E-02 1.38304377 -0.667945683 1.15825486
 446 1.04678571 0.552041650 1.50302291 -0.206894189
 447 0.345883399 1.06357789 0.474391669 1.12208784
 448 -1.24224389 0.529060185 0.835033953 0.722234130
 449 -1.11262429 1.10287297 -0.111337051 -1.13750648
 450 0.921095312 0.657142460 -1.91236246 -0.958708167
 451 -0.464752495 -0.297843069 0.884308219 -1.91096628
 452 3.83811668E-02 1.26066875 -0.365985990 -0.769469500
 453 -1.51873755 0.610694587 -1.87843823 2.18071055
 454 1.69164813 -0.552572072 -1.40172243 -0.779494643
 455 -0.754940569 -0.512944102 -1.12202930 0.380604446
 456 0.123151220 -0.814908504 0.327271730 -0.300660014
 457 -1.08850670 0.915596306 0.291805208 6.64536580E-02
 458 -0.648283541 0.809128046 3.14962715E-02 -0.802967072
 459 0.722832620 -0.655045390 -6.13324940E-02 1.14239264
 460 0.459900528 0.208267272 0.334320366 -0.957997680
 461 -2.30649996 -0.392277807 -1.45084679 0.183153555
 462 -1.15333271 2.66598910E-02 -0.926502407 -6.85865134E-02
 463 -0.132619873 1.51146758 4.85857278E-02 0.153563693
 464 -7.44509697E-02 -0.570319772 1.06453729 -0.738228440
 465 0.748081923 1.41172969 0.578056514 -0.998255968
 466 0.810284257 -1.47810698 0.885976732 0.656361818
 467 1.45873511 -1.02401972E-02 0.483684570 0.956739366
 468 5.92926741E-02 -0.658679307 -1.14135420 0.327176929
 469 0.845386863 -0.382868379 0.416234106 0.268264353
 470 1.52159882 0.803798676 -0.332226872 0.366549194
 471 1.24600983 -0.780220151 -0.563564062 7.66880959E-02
 472 0.302534103 0.953777790 -1.31375003 2.29421929E-02
 473 1.35083067 1.50676119 -0.507030368 -1.97204220
 474 0.356411457 -6.79408759E-02 -9.59624350E-02 -0.193953753
 475 -0.646205187 2.38990879 -0.915983975 -1.25692964
 476 2.22851491 1.00566578 -0.618952572 -0.980870426
 477 1.80129838 0.815160990 1.87322748 2.16782540E-02
 478 0.697218418 0.774480462 0.804202616 8.76759812E-02
 479 1.39082950E-02 -0.139212549 -1.15585625 -2.05206990
 480 0.573357463 1.64912975 0.675372958 -1.35426372E-02
 481 -0.551943302 -0.780247927 0.147203073 1.59189630
 482 2.00427461 -0.576674163 0.890375733 -0.186800838
 483 0.293432415 0.602584183 4.44399416E-02 0.862552702
 484 1.79842746 1.18439198 1.25691044 1.04187238
 485 0.565153360 0.809972823 0.731329441 -7.95975998E-02
 486 0.122328684 0.348408759 3.94350290E-02 1.28905928
 487 0.186995223 0.972740293 -1.39552689 -1.13814449
 488 0.885964513 0.486383557 0.178339243 0.711839676
 489 0.940103531 1.74848413 -0.658714414 -0.817651927
 490 0.220597208 -0.460039496 -0.634696484 -0.593545675
 491 0.601199031 1.32141852 0.932687104 -9.08244997E-02
 492 -0.396971047 -1.95739055 -0.138067409 1.18391907
 493 0.367589116 -0.943575978 -0.207813859 -0.806761682
 494 1.04772496 1.55426526 0.663276494 -0.148948848
 495 1.13407922 2.19295335 -2.78366852 -1.00294542
 496 1.75866365 0.838190556 -3.61209512E-02 -0.970804632
 497 0.391562045 0.756712198 -1.96466967E-02 0.369148076
 498 1.15321779 1.67175734 -0.153266221 0.135755062
 499 1.02717161 1.18896484 0.814251781 1.04029858
 500 0.929664075 1.73478699 -0.679154515 0.163901061
 501 0.815500140 -1.00170279 0.510599256 -0.124363884
 502 1.80731428 1.32127166 -1.03796232 -0.733996034
 503 1.32233179 1.32151842 -0.334643692 -0.230754822
 504 6.82783425E-02 0.829806507 7.72252977E-02 0.995874643
 505 -0.265765250 -0.273342907 0.427325100 -1.46173060
 506 0.433064014 1.40334857 0.604032516 -0.963597059
 507 0.558237016 -4.68538776E-02 -0.531233072 -1.11566234
 508 0.977115750 2.37133431 0.938959122 -1.10739303
 509 0.231423035 1.01319337 1.22921383 -1.15089107
 510 1.22783351 0.574648142 -0.467956364 -1.73237249E-02
 511 -0.520732462 1.25819635 0.557810962 1.40706599
 512 -0.384132385 1.43711150 -3.11064273E-02 -0.287387192
 513 -1.40892136 0.308675468 1.65041709 0.702840686
 514 -0.349185675 0.839758575 -1.68206358 -0.167758495
 515 -0.431795806 -0.397671461 1.53051496 -0.196395993
 516 -5.49693108E-02 -0.563165307 -0.674012303 -0.642417133
 517 -0.590610921 -0.447909862 0.937978387 -0.319659889
 518 -1.07891142 -1.76488018 -0.753245294 -0.477958262
 519 0.340034008 0.896607518 -4.13218439E-02 -0.222550750
 520 -1.16342044 -0.796063781 1.37181544 1.36762428
 521 -0.510792851 -0.966991186 -0.650797427 0.384336621
 522 0.470980108 -2.76716948E-02 -3.60049605E-02 -0.551485360
 523 0.619063258 0.491079330 1.39746964 -0.444349319
 524 1.21011782 0.516927540 1.28196824 -1.28154433
 525 0.406225085 -0.383179188 0.485437810 -1.02771223
 526 0.291554749 2.40960073 -0.794552207 -0.973320782
 527 0.362881988 0.216003284 0.935909450 -0.854655087
 528 1.83496058 1.72526717 -0.969597816 -1.07328033
 529 1.00779188 -0.339792371 -0.288474113 0.156326458
 530 -1.50750411 -0.639900684 -1.55877554 0.796547830
 531 -5.47000170E-02 0.651090503 1.33111739 0.201386392
 532 -1.09474683 -0.356260955 -0.479777902 1.74566865
 533 0.789109647 -0.711124063 0.813594043 2.02403402
 534 8.87952596E-02 0.225986853 -1.72027385 -0.147418886
 535 -1.36101282 -0.771050990 0.814783096 0.188210070
 536 0.600992560 -0.566804826 1.51376426 0.998102784
 537 0.775438905 -6.95943236E-02 -1.63547826 -1.15009820
 538 1.63390398 0.386744767 -0.950992167 0.864476144
 539 0.180524215 0.763915002 -0.376788050 0.106406659
 540 0.771595299 -0.441798687 0.342831165 2.16243768
 541 0.592752993 0.757216930 0.310312957 -0.775768876
 542 0.556664050 -0.723860025 0.159791738 -0.592814445
 543 0.282814890 -1.35865402 1.25391185 -1.90963149E-02
 544 1.15223956 -0.614497185 -0.291373700 -1.52017260
 545 -0.344906926 -1.12673461 -0.466950834 -1.79155421
 546 0.678678513 0.680381775 -1.86058831 -0.129302412
 547 1.04646444 1.22933674 0.387912571 5.62459230E-03
 548 0.851846695 0.451482385 0.579979956 -0.781703532
 549 1.51391256 -0.523174942 -0.256195813 -7.40636215E-02
 550 1.39997292 0.374454141 -1.74998522 -1.43174100
 551 -8.23069662E-02 -2.73986161E-02 -0.870380461 1.03271270
 552 -1.05734038 -0.682011187 1.92605126 1.02782428
 553 -0.350058705 -0.279997587 0.871723533 -1.90251136
 554 -1.48810409E-02 0.334334671 0.144128278 -8.46711472E-02
 555 8.79244357E-02 0.284424782 -0.389457643 -0.859633923
 556 0.998654127 -0.318590254 1.00608003 0.854415417
 557 0.259849548 0.690345287 -0.207284421 -1.41698718
 558 0.974934459 1.18078172 -0.326921552 1.25919628
 559 -1.51747501 1.00845754 0.470253885 0.343393713
 560 -0.646814227 0.751655459 -2.25099182 -1.86478150
 561 -1.48743486 0.127632916 0.361186594 -0.859050512
 562 -0.137259573 1.52115393 -0.525722504 -0.660666943
 563 0.882840633 -0.351167917 -0.715071738 -0.915400445
 564 0.924981833 0.967428446 -0.123536378 -1.17599249
 565 -1.37008119 -0.163673818 0.918781996 4.96335439E-02
 566 -1.13946080 -0.170214802 -1.74372709 -0.527698934
 567 0.655634284 0.158775836 -0.981615901 0.154706031
 568 -0.145064980 -0.264944196 0.446494758 -1.55173397
 569 -0.897378087 0.193702996 0.191762149 -0.839190423
 570 2.40800571 0.953801751 1.35361183 -9.21100751E-02
 571 0.172170341 0.522899628 0.667138457 -0.728875279
 572 0.826643169 0.483820617 1.00877571 1.03030086
 573 -1.82611084 2.96741652 9.76512060E-02 -2.12657619
 574 -0.611746490 -0.422915995 5.86022139E-02 1.22073317
 575 0.502022147 -0.747983456 -1.13741112 1.30165368E-03
 576 0.118614793 2.10740781 1.34991634 0.301376820
 577 -0.275400907 0.497763753 -0.835488796 -0.923449039
 578 0.436834335 1.34634387 1.02074957 -0.930635512
 579 0.279117972 -1.10893762 -0.164563552 0.141596854
 580 0.777962744 -0.155555546 1.65861034 0.893399477
 581 8.06794539E-02 -4.93230820E-02 0.334302306 -1.20618248
 582 1.89276552 1.49309486E-02 0.513609052 0.604123414
 583 0.409931511 1.12238848 -0.731693745 -1.00538957
 584 -0.889714837 0.713658631 0.385400027 -1.71820056
 585 -0.598912418 -0.504155636 -0.237782627 0.213454753
 586 0.304365695 0.402578950 0.100366235 0.570762396
 587 -0.486217320 0.514032960 1.37476301 7.31772706E-02
 588 -1.01763010E-03 0.463897645 1.12188840 -0.295875341
 589 0.650662541 0.702263594 -0.299713701 -1.07663774
 590 0.681194246 1.17950106 -0.718502402 -1.16629672
 591 1.21671200 -0.169340283 -0.366922110 -0.605579138
 592 0.650107622 1.71981442 -0.244766086 -0.365627885
 593 2.40032387 0.542406678 0.766776800 -1.15074933
 594 0.830416024 1.12452936 1.44237924 -2.14713120
 595 -0.261791885 -1.24592471 -1.26375508 0.247156382
 596 4.94352952E-02 1.29148924 1.87149084 0.704512835
 597 0.279333085 -0.445859939 0.355958641 0.291969657
 598 -0.959410310 -0.180752426 -0.870814800 -1.22440588
 599 -0.692482650 -8.50817561E-03 0.737054825 -1.93352997
 600 -8.00430775E-04 0.765324652 1.17098522 -0.788912654
 601 1.79356503 0.655162513 0.145552203 0.132180348
 602 1.27840710 2.54859233 -0.456119239 -0.607746482
 603 0.857401252 1.54702055 -0.100056350 -0.900425076
 604 0.178589001 1.27911007 -1.31890678 -1.13868475
 605 1.01465869 1.09719825 1.29404521 -9.25708562E-03
 606 -0.338423729 0.906907439 -3.38293612E-03 0.189182848
 607 -1.61146617 0.576193392 0.891153932 -9.10882726E-02
 608 1.07076585 0.598668039 -1.65078473 1.84745342E-02
 609 0.691378832 0.538642406 -0.560224414 1.08251560
 610 0.489011288 1.18277061 -2.01472092 0.276282758
 611 -0.320064723 1.39561558 -5.39138913E-02 1.09331882
 612 8.85414258E-02 1.35290980 -1.24917603 0.391805679
 613 -0.545818508 -0.232055753 -0.544520140 1.26210093
 614 -1.14777470 -0.534971237 0.216749042 -0.717461586
 615 -1.35554850 -0.834318697 -0.435980916 -0.140005082
 616 0.620229125 2.04963732 2.78073549E-03 -0.320543736
 617 0.430718929 0.443635911 -0.303325772 -0.151151538
 618 -0.729014397 1.33862865 -0.431578189 0.479950935
 619 -0.328274399 -0.954343200 1.47117341 1.54045904
 620 9.86489207E-02 0.295591086 1.54787683 -1.42888451
 621 1.85712123 0.412721574 1.21572089 -0.391847491
 622 1.19945753 1.11463833 -0.175365284 1.02483010
 623 1.08916438 1.18157756 -0.797677398 -1.05875945
 624 -0.337185144 0.590344846 -1.60379481 0.385456711
 625 0.936938643 0.694782794 0.539013445 1.84573829
 626 -0.159931794 -0.180777669 1.46987867 0.215776190
 627 0.242348522 -0.308890015 -0.585927010 -1.68677175
 628 0.748803020 -0.558897138 -1.58390689 0.249487519
 629 0.256881237 7.33004808E-02 -0.236664161 -0.697556376
 630 0.366102576 2.80683446 -0.725470066 0.188540652
 631 0.390625149 0.116455056 -1.06884849 -1.97582972
 632 -0.928644300 -0.983970821 -0.262628675 -0.916874647
 633 -1.02156067 -1.14116240 1.88406777 1.72656365E-02
 634 -0.366544545 -6.27464056E-02 1.55696237 0.780244052
 635 -0.321771473 -0.814541459 -0.556865096 -1.01138973
 636 -1.18876672 0.834511399 0.206651226 -0.675876677
 637 -0.920337141 0.704896986 1.16220403 0.935810566
 638 1.66156304 -0.568964124 1.20055079 1.89110780
 639 4.31847572E-03 -0.276536405 0.918822229 1.91454999E-02
 640 -0.115227841 0.672064781 0.835643649 1.15394270
 641 0.113417253 0.925949574 -0.109851718 -1.48030770
 642 -0.254584908 -0.577693582 -0.485114396 4.82763536E-02
 643 0.365720510 0.500479102 0.273659915 -0.208341211
 644 0.744234085 0.402558595 1.18328130 -1.86292195
 645 -0.561270833 -0.243526965 0.706997216 7.81798363E-03
 646 -1.10960698 1.11794627 -1.18650305 -0.813296378
 647 0.238577455 -1.88706231 -1.14871848 2.18154407
 648 0.643883288 1.79292989 -0.834583938 0.988350153
 649 -2.47656250 1.07603121 1.17198420 -0.895903289
 650 0.229211360 -0.893613100 -0.591279268 0.149085268
 651 -0.413653523 -0.783611774 1.09835601 1.13820243
 652 -0.171815395 -1.10010779 0.163672507 -9.64886621E-02
 653 -0.234219849 -0.968429148 -2.04566312 0.325398445
 654 2.72279072 0.574570417 -0.134417832 1.16271269
 655 0.818390489 0.693122029 -0.336521924 0.881657362
 656 0.391237766 0.423898309 1.48445153 1.62014067E-02
 657 -1.68735635 -0.299655259 1.08238232 -1.42276430
 658 -2.10254097 5.09569645E-02 0.787138700 -1.55258131
 659 -1.24212727E-03 0.207264960 -1.92990470 0.133163005
 660 0.165737271 -7.43753612E-02 -0.285567373 -9.71997529E-03
 661 -0.610618711 -0.540036023 0.847699702 0.845170617
 662 -0.251822948 -0.213363111 -1.15457606 -0.130677372
 663 0.589287877 -0.291077822 -1.63517237 0.381354600
 664 -1.25756788 -1.44642127 0.712244034 -0.516468763
 665 0.100702435 0.614905596 -2.53327340E-02 -4.29439172E-02
 666 -1.31264913 8.03077519E-02 -0.509473145 -0.441056192
 667 0.939136922 1.13358915 1.75643075 -0.987105906
 668 -0.598991513 -0.283589721 -0.898781300 0.172420770
 669 0.113643512 0.183859318 -0.813966930 1.04636103E-02
 670 -0.365497291 0.648097217 -0.189596891 -1.60928750
 671 1.94272846E-02 0.847075343 2.11862731 0.743501961
 672 -0.470761657 -0.527467430 0.764463007 2.35231370E-02
 673 0.284713805 -0.175238371 -0.700554252 -0.101602845
 674 0.962837279 -0.470791996 -1.18273163 -0.701195002
 675 -0.183181688 -1.73743284 -2.77266502 8.46673176E-02
 676 1.05606329 -0.508756757 -0.265026391 -0.579534709
 677 0.988694012 1.10511100 -1.10792005 -1.95451152
 678 0.649649620 -0.595773280 7.29226619E-02 -0.985468149
 679 -0.270928860 0.489512861 -0.651225686 -1.69325411
 680 0.133997872 -0.627983451 0.782927155 -0.179911971
 681 0.802429855 -0.259781688 -0.353891939 -3.16590220E-02
 682 0.997784972 1.54927206 -1.09944081 -0.192668676
 683 0.228152573 0.155819610 -1.33133709 -2.79886946E-02
 684 0.839011669 -1.73801577 -0.395965964 1.19504821
 685 1.45899892 1.27309692 1.45746619E-02 0.987881303
 686 -1.20790577 1.08078551 -0.862708330 -0.907807708
 687 -1.21356750 -1.48908544 -0.183424264 0.658209324
 688 2.28305531 0.258786678 0.752150536 -0.749393046
 689 -0.725643516 5.84956557E-02 0.114528455 -0.300503910
 690 -0.624392569 0.728194237 -0.830766320 7.09327310E-03
 691 0.578204989 0.502253532 0.279287219 -0.262465507
 692 -0.565127552 -0.749359846 -1.05858254 -0.495634943
 693 -0.146454617 0.247010767 0.330583870 2.67184712E-02
 694 0.241627231 1.55548537 -0.359174162 -0.451843709
 695 -0.572025061 -0.272377849 0.133649677 -1.14027286
 696 0.176313102 0.557506144 1.02806246 -2.19499916E-02
 697 4.99705970E-02 -7.52190724E-02 1.27843368 -0.141397208
 698 -0.199858025 0.804562151 0.721297383 -4.10057455E-02
 699 -0.454278082 1.74029779 1.05932879 -0.752254307
 700 0.945840597 -0.307191014 0.737490892 -0.811060846
 701 1.64250183 2.72287726E-02 1.65559530 0.383901358
 702 0.252942920 1.21477675 -2.44030523 -1.06850946
 703 0.417690367 0.687122166 -1.25570321 -0.202979177
 704 5.26148379E-02 -1.45426762 2.40627408 -0.305245876
 705 1.86446857 1.27361691 -0.776979387 2.22753406
 706 0.468551189 -1.53091943 -0.282840997 0.211059779
 707 -0.121402264 -0.217049018 0.745112181 1.28275263
 708 -0.262043595 -0.439005762 0.377374887 2.16657114
 709 0.187238097 0.170081437 1.48549986 -1.10598755
 710 -0.584758639 -4.68015671E-04 0.833786607 0.140064478
 711 -0.193006024 -1.51697838 -1.62244940 0.338523805
 712 1.51207900 0.498161077 -0.524508774 -0.926128149
 713 0.536687911 0.449293256 0.486954361 -1.13868165
 714 0.919597924 -4.22164798E-02 0.658142924 -1.22440040
 715 0.702351689 0.862121344 1.43580556 1.00114655
 716 0.295091063 -0.321298212 7.94080794E-02 0.191795379
 717 6.85450658E-02 -1.27614152 1.49790323 -0.924831033
 718 -0.132058442 1.15109217 -0.286088556 9.91975069E-02
 719 0.453704387 -0.432709485 -1.77349001E-02 -1.98077989
 720 -1.12664270 -1.23712540 -0.388535053 -1.08771300
 721 1.53504384 0.331770629 -0.898587406 0.860371828
 722 0.102047801 -1.14029753 -0.626506567 0.405031383
 723 0.926687658 0.113822296 0.523227751 -6.67372569E-02
 724 0.150899261 0.361019313 1.80842376 -0.778058410
 725 -0.609499931 -0.756388783 -0.339298010 -5.17197549E-02
 726 0.317785978 0.826175451 -0.332669288 -1.10860062
 727 0.955027699 1.56790149 -0.486539930 -0.152131975
 728 -1.30713248 0.841682315 0.477987468 3.09385620E-02
 729 0.950767696 0.225316554 0.220452875 -0.884013534
 730 8.59425068E-02 -0.632434666 -6.06243610E-02 -0.835014522
 731 -1.24418885E-02 0.903728127 0.716943800 0.723253727
 732 -1.02600956 -0.131461114 0.649679959 -1.04305065
 733 -1.09587657 -1.22224617 -0.265668929 -2.20794454E-02
 734 -1.81097388E-02 -0.414209455 -0.493929982 1.18371165
 735 1.72580457 1.36950302 -0.424950480 0.582023323
 736 -0.185650021 -0.381369859 -1.19862878 -1.15643585
 737 0.320802331 -0.534469604 1.53472686 -0.774962604
 738 0.548705816 -1.07178020 -2.52228546 -0.740345716
 739 -0.592077017 -1.07715464 0.921767235 0.812962711
 740 -1.28750372 -2.18566582E-02 -1.19990075 1.25753284
 741 -0.649192989 -0.655399144 -6.87599778E-02 -0.685573697
 742 -0.644620538 -0.474071324 -0.463862568 1.02757192
 743 -0.365511149 -0.410995960 0.836423516 -1.07678092
 744 -4.75846007E-02 0.977462709 -1.07247865 -0.678442419
 745 0.959559977 0.192642465 0.855953872 -1.30497181
 746 1.09165430 -1.35533786 0.269912302 0.876418352
 747 0.103816330 0.897468865 -0.344514728 -0.890233755
 748 2.38982987 0.756291449 0.796639144 0.944598794
 749 0.180685863 -0.671530485 1.02484536 -0.731309116
 750 -0.652366281 0.545650303 0.655108392 1.59563124
 751 0.560815096 1.36168563 -1.20559156 -1.23770463
 752 1.27863193 0.602146268 -1.38311613 1.25273478
 753 1.64364088 -0.387658685 -1.15163231 0.281776220
 754 0.782187879 -0.330724269 2.05853868 -0.760111928
 755 0.595243514 -0.730298221 -0.677509427 -0.123492457
 756 -0.268800467 0.281943202 -0.623982906 -0.283002824
 757 -0.282648474 2.04287124 0.620411336 0.215996712
 758 0.471992910 -0.851704478 -1.62505722 0.897177935
 759 -0.814344704 0.677280724 0.414587051 0.246855497
 760 -0.904388487 -9.73789394E-02 -2.53996998E-02 -0.852090120
 761 1.04167330 0.192355752 1.65938711 -2.90705711E-02
 762 0.709746361 1.10296166 -1.29013252 -0.127770215
 763 -1.41503263 -0.199513763 1.04038584 0.967069030
 764 6.02883846E-02 1.74943709 -0.683270693 0.378987938
 765 6.01848215E-03 1.12442029 -0.861036181 -0.138760954
 766 -0.495702803 7.35319108E-02 -1.17729878 -0.163813591
 767 -0.868659258 -0.614907861 2.34040856 -9.12899524E-03
 768 -0.143975884 0.655630589 1.37892461 0.305606872
 769 -0.456231475 -0.900445879 -0.573946893 7.05742389E-02
 770 7.25434124E-02 1.06970716 0.607551932 0.208435029
 771 0.354452163 0.240168855 -3.10679078E-02 -1.29011846
 772 -4.40494306E-02 0.861474812 1.24691021 -6.38870448E-02
 773 -0.372039050 1.69094551 -0.356127590 0.950007021
 774 0.530234993 2.05061603 7.53706172E-02 -1.14893985
 775 -0.212930828 -0.339349926 1.45426846 -0.269518465
 776 -0.325200319 -0.129265592 1.59663355 -0.304086357
 777 0.648187995 1.43285847 8.55490416E-02 0.914872348
 778 -0.671190858 -1.83208418 -0.366878211 0.724070907
 779 0.964793265 -0.654464066 -3.05063438 0.108066753
 780 1.01175022 -1.02608752 -0.199848086 1.62105048
 781 -0.923864245 -0.138671339 1.20615315 0.164731830
 782 1.19271541 1.19346976 -0.929716170 0.150015503
 783 -0.561570466 1.44558835 0.923112512 0.507617712
 784 -1.02731812 -1.24919999 -0.462619841 0.970483899
 785 0.327432513 0.104837075 0.260159224 -0.891127348
 786 0.747661591 1.08051515 -0.138292849 -0.953885257
 787 0.798464715 0.905397117 0.163720846 -0.218976557
 788 0.314146042 1.95661402 -0.301964045 -1.11457407
 789 1.00967646 1.04502666 -0.487304807 1.06372535
 790 -0.963804007 -0.599655449 -0.453967243 8.45258310E-02
 791 0.645208836 1.52797723 -0.439258188 -0.542108774
 792 -0.621789992 1.27737522 0.265044302 0.123111069
 793 -1.10638368 -0.904950023 0.112154722 0.385483623
 794 0.116712838 -0.634031057 0.368773878 -1.12875640
 795 0.643091500 -0.651604295 0.654836655 1.88025355
 796 0.557392359 0.754756033 -0.457988441 1.14022970
 797 -1.10256326 -9.52494070E-02 -0.735323846 -0.305109441
 798 0.389465272 1.22457457 -1.01912713 -1.42686141
 799 6.73907101E-02 1.89172006 1.24202061 -1.15789604
 800 0.812888801 -1.45668674 -0.476550341 1.60459828
 801 1.16705132 -0.421726465 0.418727905 -1.09435129
 802 0.398981631 0.458229542 -1.18977284 1.88009715
 803 0.422022939 -1.35468757 0.447711170 -0.173678696
 804 -0.489587218 4.94201481E-02 1.33817792 2.67694890E-03
 805 0.492339909 -8.74760449E-02 0.574360371 4.76953648E-02
 806 -0.931895554 0.857911289 -1.00459588 -1.15695536
 807 -0.656173468 -1.41215491 -1.69368982 1.05166793
 808 1.54959297 -0.388750911 0.787537336 0.886646450
 809 -2.79322416E-02 1.36765683 -0.788230419 -0.945527732
 810 0.836320281 -1.69088972 -9.82963145E-02 0.166508615
 811 -1.09385943 0.355153590 -1.61013985 0.603435814
 812 -0.508933723 0.883002460 -0.811866105 -1.67095888
 813 -0.787580609 0.411869705 -1.82836342 -0.279477954
 814 -1.17474437 0.501972616 -0.540794611 5.27009368E-02
 815 0.228186250 -0.809654355 -0.706509948 0.115291134
 816 0.179262027 0.473002642 -0.176406920 0.111101590
 817 1.03711224 0.117103249 0.566088200 1.37242556
 818 0.574750245 0.658986807 -0.121304199 -1.10169864
 819 0.972703576 0.761931300 -0.100973472 -1.84935927
 820 1.79072905 -0.844873786 -0.686158359 -5.12930118E-02
 821 -0.671774089 -2.13308048 -2.48707747 -0.748538256
 822 -0.508089602 0.583234429 -0.422613144 -1.07249737
 823 -1.44622886 -0.299680442 -0.734475017 0.119771078
 824 0.316884100 0.109824196 0.325579137 0.491575599
 825 -0.302735150 2.05599809 1.47069860 -1.00808883
 826 0.580631733 0.120873943 0.463067114 0.455706477
 827 0.829427779 0.303683937 1.45298553 -0.319635034
 828 0.948304534 0.893573582 0.132550955 1.01949561
 829 1.59419382 2.70114160 -0.278656602 -0.102105677
 830 -0.236506328 1.43851984 0.794851542 0.982893705
 831 -1.24374819 7.92939290E-02 -1.26838923 -1.14576221
 832 0.755363584 -0.851319730 -0.434034675 0.560275018
 833 0.232593894 -0.303003758 1.60084772 5.50341457E-02
 834 -1.07519960 -0.631381750 -0.925932705 -0.922568083
 835 0.379787385 -0.583567858 1.35360312 1.05026031
 836 -0.317225397 -0.387284040 0.919269979 1.07446957
 837 0.461295128 -0.103256807 1.50461197E-02 0.908290327
 838 -0.873338938 1.20632160 -1.95832527 0.131982639
 839 -0.534073591 2.25756466E-02 1.25330400 0.938579321
 840 0.577299953 1.48817909 -1.34147608 0.675600886
 841 0.437810123 0.557459950 1.32491279 1.09955597
 842 3.07846832 -0.383109331 -0.281682789 -0.858214438
 843 -0.103526592 -0.660497367 0.662759304 -4.56370413E-02
 844 1.53136659 0.270987570 -0.944487393 -0.188479543
 845 1.67119658 -1.71523952 5.96544631E-02 0.209512860
 846 0.330629349 -1.07630336 -0.231146842 -1.62207723
 847 -0.550135076 0.675307631 0.228128850 -0.101691231
 848 -0.262741923 0.993477046 -0.796686888 0.311339766
 849 -0.512557507 0.444238782 -0.770818412 2.08287168
 850 0.711158693 0.806440949 0.904568672 -1.32742667
 851 2.47641444 0.785958409 -0.713130176 -0.215847105
 852 -3.11686248E-02 0.136572838 0.917861879 -0.664778769
 853 0.892799020 -0.853591919 1.30255508 -1.06332290
 854 -0.627422631 0.626450419 -0.178129017 0.100388452
 855 -1.23462081E-02 -0.526646435 0.800679982 -6.79833144E-02
 856 1.60641015 -0.482739508 0.481227368 1.09247792
 857 1.36848235 -0.169124126 0.886449516 0.326862276
 858 0.900311768 -1.83340061 0.794488430 8.53600577E-02
 859 -0.728867888 -1.10456741 -0.171713203 2.02978301
 860 1.14835310 -0.799324155 -0.227330163 1.04928148
 861 -1.01604283 -1.32341528 -1.65613008 0.894698799
 862 0.700930595 1.22075820 -0.486651689 0.328955382
 863 -0.961386085 -2.15173864 1.27230859 1.68695903
 864 -1.01937389 -0.502683342 9.24695581E-02 -0.971960723
 865 0.228889495 0.366879702 2.17898130 9.89856720E-02
 866 -0.406265140 -1.79123342 -0.601342857 1.87519848
 867 0.403802961 -0.727975368 -1.47798061E-02 -1.47704315
 868 2.07236433 1.06055820 -0.394599736 4.97475266E-02
 869 -0.248003840 -0.608897924 -0.516162753 0.823392570
 870 0.211620942 -0.383012980 -0.772416711 -0.329165697
 871 -0.326978475 -0.319519639 2.00611711 -5.53141013E-02
 872 0.846969426 -0.702126026 -1.28760839 -0.842272162
 873 3.08855623E-02 -0.309734166 0.283149302 2.22544503
 874 -8.81254971E-02 -0.320684761 -0.107609540 0.119783625
 875 -4.61863950E-02 0.502831459 -0.818962574 -1.04940128
 876 -0.902025759 0.163984060 -0.561261296 0.872371674
 877 0.749432445 0.864125609 0.422892302 -0.934801817
 878 -0.493167162 -0.731390059 1.04428446 6.37846291E-02
 879 -1.36037660 1.35822821 -9.88353863E-02 1.37492907
 880 -0.792136967 0.123929039 -0.190581053 -0.814202428
 881 -9.05867517E-02 -0.270676166 3.93757671E-02 2.09091529E-02
 882 1.02504194 -0.778410316 0.665772438 1.14742565
 883 1.89759278 -0.101839751 0.384084582 1.00834632
 884 -0.137823254 -0.562448382 1.37650752 0.849036992
 885 2.78315330 0.699395955 0.946192682 -0.192225367
 886 1.68350220 -8.19917023E-02 -0.646628141 0.813397527
 887 1.84487319 -0.445617110 3.61482501E-02 1.06015694
 888 -0.859244585 -0.454592288 -7.02201352E-02 0.182941869
 889 0.358665109 1.45244002 -0.969594896 0.838431120
 890 0.180406868 -7.30745494E-03 0.686584830 -0.399778247
 891 0.189754128 1.23664665 0.459621638 -0.876517594
 892 0.695863366 0.278343290 0.145921275 -0.259892851
 893 -0.158494756 0.922806323 -1.58378124 0.157903671
 894 -0.143808156 0.466662049 -0.136566177 8.69751051E-02
 895 0.466627121 0.754756570 -0.685317993 -0.167637885
 896 -0.722663879 -0.144196361 0.124810219 0.343351811
 897 0.826851010 -0.846127510 1.07496595 -1.29760349
 898 -2.06952989E-02 -0.275317550 -1.38649130 -0.165426850
 899 0.464838564 -0.281777233 1.05478442 1.23823726
 900 0.635759950 0.761988640 -1.50690150 1.21056008
 901 0.992496669 0.826219082 0.823836684 1.03110862
 902 -1.08167005 -0.479535371 1.60251689 -1.01601720
 903 -1.04341400 -0.719005287 5.63766062E-02 -0.490650684
 904 -0.652031302 0.827432752 -0.706758440 -0.743770003
 905 -0.383374900 -0.272425354 -0.425203472 1.93468213
 906 -1.14481533 -1.75073743 -0.339368701 1.40301526
 907 -1.33847833 1.62925398 0.855037153 0.372307539
 908 -1.08640432 -0.437487453 1.31804121 0.890608609
 909 -1.37917066 0.676779747 0.548551321 -0.969690561
 910 0.530783176 0.415296495 -0.352627933 0.895642161
 911 -1.32090235 -0.136243612 0.979205668 -0.862638116
 912 -0.443392277 -0.203481615 0.945042968 0.115077540
 913 0.476783574 -0.599026144 -1.85350776 -0.733319342
 914 -1.47840357 -0.236069039 0.884578109 2.74751596E-02
 915 0.682004571 -1.22094440 0.282611579 -0.852967680
 916 1.22754598 0.289533019 1.03170431 2.88769938E-02
 917 0.475863010 -0.925078690 -0.253965706 0.618608534
 918 0.824587286 0.276584804 3.28540727E-02 0.152704999
 919 -0.368124306 0.836732030 0.369497299 -1.45443261
 920 -0.626687825 1.02961063E-03 0.230876893 -1.95529270
 921 1.55513287 -0.637488961 -0.516534686 0.160427913
 922 0.645291388 -0.428861886 0.794153690 0.739292085
 923 1.31081986 0.425388694 -7.25199580E-02 -0.246525258
 924 0.919551790 -1.27624798 -0.912544489 0.160209909
 925 1.71501517 0.744891703 0.897656083 1.04485786
 926 -2.52553225E-02 -0.348224699 0.887868643 -0.791069627
 927 -1.01379669 -0.162032321 -0.586712241 0.229640782
 928 -1.58572447 0.227255851 0.170241505 -1.65767419
 929 0.328653306 0.302571505 -1.80386245 0.298672497
 930 0.182565242 0.217208296 -0.355847150 -0.783316791
 931 -0.796621680 -0.128113598 0.524485111 1.08838570
 932 0.997818172 0.272680223 -0.978988767 1.50697243
 933 -0.448709041 2.83918834 0.688528776 0.452478677
 934 1.80962110 0.140056148 -0.488912940 -0.145011276
 935 -1.49068916 -7.75917247E-02 -0.905447185 5.92179410E-02
 936 -0.584885299 1.31465697 -0.189523071 7.46461824E-02
 937 1.19476390 1.79578495 -1.41564190 -2.17506480
 938 0.834161222 1.26277637 8.76213610E-03 0.105380930
 939 0.714697361 0.351731390 1.12200058 -0.246529162
 940 2.22544265 0.515974820 -6.49092197E-02 0.200687051
 941 -0.504416108 -0.838783026 -0.316257298 -0.830606818
 942 -0.472043157 -0.371413469 0.524809778 -0.902782381
 943 1.11027169 -0.476419151 2.32180977 -1.09547663
 944 9.97141004E-02 0.683718383 0.403657794 5.77664413E-02
 945 -1.01486433 1.11981213 -1.50147581 -0.210212648
 946 -0.926259458 -1.21799183 0.770173192 0.809680402
 947 2.23097730 0.206340939 1.14974737 -1.13792419
 948 0.338577271 -1.08967793 1.34917605 -1.02207494
 949 0.780354202 0.382873327 1.31388128 -9.20335948E-03
 950 -1.65039170 0.509244978 -0.405791283 -9.08081383E-02
 951 -0.703457415 -0.873602390 0.420762479 0.877079248
 952 1.12085068 -1.03206003 1.20389330 0.992743492
 953 -0.516927481 -1.07034802 1.05956137 0.931615770
 954 1.89638126 0.116607577 0.541736126 -1.19201970
 955 -1.56660378 1.29212475 1.39014208 -0.979487896
 956 -1.25856972 -1.27674556 -0.827162921 -0.247908682
 957 -0.118145727 0.238417506 -0.357021511 -0.995800734
 958 8.30394402E-03 0.694087029 -0.569118142 0.866921127
 959 1.76595859E-02 9.78381708E-02 -1.91921473 -0.337820053
 960 0.131655186 -0.249186829 -0.317830443 -0.914650321
 961 0.599508524 2.60546654E-02 -0.227159500 1.37996399
 962 -1.99489892E-02 -0.651572049 -0.546315134 -0.512454867
 963 0.697377384 0.419896185 -0.266643405 -0.844589829
 964 0.403723598 3.88041139E-03 -0.289378554 0.778041601
 965 4.08556461E-02 -1.11849606 0.604648590 0.830630660
 966 0.384466529 -1.63827538 -0.363657475 0.116673172
 967 -0.393174469 -0.539020300 -1.71862185 0.396650821
 968 0.777226985 0.298752666 0.234791771 -2.29818511
 969 -0.885574460 -0.912157059 1.21427453 -0.139899850
 970 0.187042236 0.706700563 -0.981177211 1.05400550
 971 0.678612471 0.846984625 -1.32140982 1.16983187
 972 -2.50661988E-02 1.63206875 -0.597629607 2.49873102E-02
 973 1.86594379 0.455981165 -0.236515984 -1.22203934
 974 0.960363746 0.528288066 -2.01225662 -1.33838248
 975 -0.143294215 -1.88650692 -0.259632796 -1.08785880
 976 0.793248892 -0.782696128 0.142623886 2.18391919
 977 2.10284293E-02 -0.753443897 0.676635802 1.95276487
 978 0.432782590 -9.25380439E-02 -0.477596879 0.912715495
 979 0.797496498 0.215080976 -0.867965758 -0.677668631
 980 -0.413599551 0.244032443 0.105055995 -9.00623202E-03
 981 -1.30486214 0.153335258 0.374993920 -0.673151374
 982 1.13760233 0.804313540 -1.48709643 0.145786166
 983 0.966791451 -1.07396686 -0.718781590 2.14649272
 984 0.378196090 -0.308172941 -0.109233633 1.07458878
 985 1.46670842 0.439391285 0.508225381 0.217798695
 986 -0.416830063 -0.188150927 1.65890932 -1.52438450
 987 0.270588160 -1.20682144 0.364816844 0.380571991
 988 0.467067868 -0.902513146 -0.565456152 2.14845037
 989 -0.396693349 0.824329615 -0.258863747 7.92145729E-03
 990 0.608775616 0.120806083 0.276413083 1.30471838
 991 0.333806783 1.83764291 -1.98532474 1.88384378
 992 0.271368742 0.867410600 -0.207689494 -0.841731668
 993 -1.05042577 -1.14471030 0.416628897 -0.151846483
 994 -1.66959608 0.149903253 0.386942625 -2.01188698E-02
 995 -0.698663354 -0.970029354 -2.05719924 -1.00111628
 996 -1.31219280 0.323731542 -0.401082754 6.95715100E-02
 997 -1.71699035 -5.66184521E-02 -1.19414711 -0.225633323
 998 -0.894708693 0.540518761 7.94725269E-02 0.964344442
 999 1.21345973 -0.385668397 0.407846540 1.14813590
 1000 0.974724054 -1.76706254 0.330729902 1.01138926
 1001 1.40295672 0.855040371 -1.06313062 1.08500481
 1002 0.965620041 -0.477529168 -0.182737142 0.712569833
 1003 -0.895096540 0.540538907 2.28500342 -0.916189730
 1004 0.793158054 -0.850617886 -0.584667921 1.42835712
 1005 -1.37263155 -1.24620640 1.30346835 -1.98927522E-02
 1006 0.278301209 0.620933533 0.906429410 -0.432415247
 1007 6.10368177E-02 -0.844115734 0.517694294 1.42848825
 1008 1.19026315 0.653495431 0.368729293 -0.934374094
 1009 0.264886767 0.456662595 -0.956174433 -4.01053578E-03
 1010 -0.360667706 -1.01786107E-03 0.359117866 1.50927258
 1011 -0.103541806 2.14509702 0.835045993 -1.25823605
 1012 -1.24987125 -0.766632199 0.550663948 -1.32637727
 1013 -0.305696785 -0.628927290 1.49003458 -0.511197150
 1014 -0.422021687 0.931530356 -1.06186879 0.979972541
 1015 0.776042044 1.25081873 -1.15849030 -0.597523928
 1016 -1.29411566 -0.157648891 -1.02254581 -1.93329012
 1017 0.111163452 0.237085834 4.31154221E-02 -1.02845216
 1018 -0.836581528 -1.15047526 -0.683632731 -0.146848023
 1019 0.427979290 0.746802807 -1.05987108 -0.112234652
 1020 0.267683834 -0.966039002 -0.882807314 0.339308828
 1021 0.257718533 1.87323689E-02 0.138517231 1.94376731
 1022 -0.299280226 0.419070661 0.798464239 1.81890428
 1023 1.24417639 0.829748034 0.810953438 0.892345488
 1024 6.57333881E-02 -0.300141841 -0.537091732 -1.08936763
 1025 1.08271763E-02 0.484600663 1.56547308 0.473580629
 1026 0.970475972 1.50891948 0.399630308 1.08644915
 1027 1.11149311 0.759083807 -1.02273846 -0.851223767
 1028 0.589281797 0.639605045 -0.213049009 0.992864192
 1029 1.08024609 1.39780605 -0.869251788 0.477056533
 1030 -0.499471128 -0.147688702 1.84068549 0.307597935
 1031 0.602247238 1.08843982 0.798265517 -1.02805769
 1032 -0.119626962 0.532872081 0.748950303 0.186846837
 1033 1.18415964 0.188569248 0.716796994 -2.15742898
 1034 1.29398143 0.625880957 0.566747308 1.77955914
 1035 1.21078479 0.143008783 -1.79479575 1.25698435
 1036 1.10707581 -0.400671422 0.833390296 -0.984117031
 1037 0.161820948 -0.334708095 0.916036546 0.143902764
 1038 0.787075639 0.416241407 2.12119722 1.01767504
 1039 -8.95079821E-02 0.775204837 0.435537428 1.22080016
 1040 1.19935060 1.29205596 2.31231046 1.63524675
 1041 1.49305856 0.187758088 3.01860762 0.162709996
 1042 0.494746715 0.115865856 0.290382117 3.62225318
 1043 0.784893394 -0.784851313 0.763885260 -0.739378154
 1044 2.40002966 0.318096876 0.395034552 2.06686068
 1045 1.31231844 -0.303493679 0.271359473 2.16009760
 1046 -7.01799840E-02 0.396690398 1.83876145 -0.910430253
 1047 0.807582855 -0.496251166 2.78505063 -0.130361423
 1048 -0.231940061 1.01260114 1.37221754 1.14102793
 1049 1.28878093 0.206792921 1.05925536 1.32952213
 1050 0.569862902 1.25478804E-02 1.02564716 1.44845867
 1051 0.419386119 -0.184507683 1.38563156 -1.19844711
 1052 1.42398345 1.15083814 1.70864284 -0.645026267
 1053 0.955863953 4.92892377E-02 1.82638669 -1.88118255
 1054 0.362002522 0.650244594 1.74962139 1.82798374
 1055 1.70814455 1.09542978 1.55689716 -1.08595443
 1056 1.30579948 0.802442074 1.74707150 1.48790562
 1057 1.35736012 1.06625140 -0.307561994 0.153641567
 1058 1.45227075 -9.94022116E-02 0.402924240 0.316696286
 1059 1.73948956 5.81989670E-03 0.881148458 -1.59013021
 1060 2.38227510 0.708843172 -0.379658073 3.24619627
 1061 0.744690180 0.438113838 -9.11280513E-03 -0.413089812
 1062 -0.562030017 0.678883731 1.95836914 -0.653991461
 1063 0.203895301 -0.696880519 0.944992661 2.92608213
 1064 1.33180213 0.284437209 1.34768152 3.10534239
 1065 1.45138311 0.470533639 1.25001788 0.401625007
 1066 1.12173665 -1.39934123 1.55115759 -0.240872040
 1067 0.518392801 -1.39473665 0.784231484 -0.969283998
 1068 0.836182356 0.288295716 0.965362489 -0.821196556
 1069 1.05441821 -0.510163069 1.22358012 -0.628627181
 1070 1.42495656 0.123828381 0.815257728 -8.31783861E-02
 1071 1.47289991 -0.328672022 1.86246479 -0.731152952
 1072 0.648691356 1.86651051 1.44725657 1.34015787
 1073 0.817443967 0.109558821 0.992568374 -0.878124952
 1074 1.13344574 1.58928347 1.13961470 0.564580262
 1075 0.239891633 6.02476075E-02 2.29318929 -1.06611705
 1076 1.06417549 -0.520029545 0.663373590 -0.188162893
 1077 1.13536847 0.371026844 1.33121836 -0.127725422
 1078 2.16318297 0.278164506 -5.50305098E-02 1.12722695
 1079 0.810162723 0.632932544 2.26564121 2.17943192
 1080 1.65290129 0.124779724 0.326628327 -0.231038213
 1081 0.184459567 8.69087875E-02 -0.291146755 3.00074553
 1082 1.22852767 -0.353444129 -0.836960137 3.34458423
 1083 0.302723825 0.324588358 1.94761074 0.702879429
 1084 2.56602073 -1.35255003 0.876054585 -0.171344608
 1085 0.916140676 -6.71827793E-03 1.30392492 3.70402670
 1086 -0.965216696 0.390698910 0.594049573 2.68938804
 1087 0.427957773 -1.92624962 -1.92133284 0.557783008
 1088 0.584804058 -0.760299802 0.419394195 1.35109913
 1089 -0.163443342 -0.573814273 1.01834524 2.96764565
 1090 0.930078983 0.506585836 -0.686927319 0.646607578
 1091 2.34193659 -1.77547157 1.47842991 -0.229349673
 1092 1.32471633 0.778030336 0.123945102 0.392710447
 1093 0.639542460 1.32607424 1.67164648 -0.331529856
 1094 0.778760552 -0.357468814 1.22554350 1.31395674
 1095 0.677812457 1.27564847 0.530565858 -6.84341192E-02
 1096 4.80733514E-02 -0.200312033 1.69558251 -1.10729253
 1097 1.44259727 -1.85021687 1.36919630 1.69907546
 1098 0.745408893 0.839255571 -1.06590521 -0.589639366
 1099 0.833093584 -0.305142224 0.719158351 3.37197804
 1100 0.714755416 1.25625157 -1.12748861 1.30769873
 1101 0.557901144 -0.474283367 -8.00008923E-02 -0.169590056
 1102 1.17662430 0.393465668 0.315691620 -1.31440902
 1103 0.376059473 1.86251462 1.74194443 -0.847987056
 1104 0.366060436 1.74438000 -9.31023657E-02 3.82319260
 1105 1.36161828 0.837196350 0.888799787 3.20907831
 1106 0.286668569 0.180925593 0.184411556 1.63890290
 1107 1.21647573 -0.510867894 -0.406715214 -1.57651365
 1108 1.21989739 6.26071393E-02 -0.679570436 0.951426983
 1109 0.595188260 -1.30040979 1.08866429 1.73992801
 1110 -0.607152939 0.230056792 0.251996130 -1.31146812
 1111 0.161114872 1.78338397 -2.01676130 2.52289987
 1112 0.682394028 1.44987345 0.325201660 1.33672786
 1113 -0.302299619 -0.617752194 1.49113178 1.06777418
 1114 8.43386203E-02 -0.552039385 1.28499258 1.98586202
 1115 0.936398506 3.76109183E-02 0.711852670 0.140871018
 1116 0.690164566 0.131878883 -3.65982205E-02 -3.27419639E-02
 1117 1.64099574 -0.532027006 1.30059481 -1.07808888
 1118 0.128213659 1.32765114 2.38334799 -0.359466165
 1119 -0.557427824 -0.524753094 2.38395500 0.193710282
 1120 -0.204280093 1.59138250 1.59473956 1.41912413
 1121 -0.773349643 0.787066102 1.65573108 2.21562219
 1122 0.231727719 0.283407986 -0.235259339 0.765296221
 1123 1.54963613 0.226185903 -0.698805690 0.260442704
 1124 0.934933543 1.11822343 0.691698015 -1.55549419
 1125 0.659687400 -0.999809861 3.04078341 -5.22922277E-02
 1126 8.59085619E-02 0.667120159 -0.847456574 0.933659077
 1127 0.917619348 1.36207426 -0.336543322 1.76575458
 1128 0.839723587 -1.31284547 1.12036288 1.15563464
 1129 0.752008617 2.77565829E-02 0.681062400 -0.533993363
 1130 1.78066397 0.606433094 1.18716860 -0.341491759
 1131 0.685894132 0.575778127 0.699963868 3.83045173
 1132 0.422355741 0.803277671 0.899039268 3.58856797
 1133 1.60504878 0.519808590 2.12869167 -0.805077732
 1134 1.62500381 0.925295174 2.01764083 1.93035567
 1135 1.06672800 -1.23820877 1.79470372 1.75803339
 1136 0.177202895 1.53990710 -0.719960570 2.77479362
 1137 -0.384708583 9.57946777E-02 -2.17686963 -0.984770060
 1138 1.12251675 -0.526220620 1.18710148 -0.907839000
 1139 7.86800981E-02 -1.97406721 -2.75464320 0.696207881
 1140 -1.13208580 -1.68742108 -0.324303240 0.444400966
 1141 -0.911184669 -1.62755609 -0.533637166 0.480443776
 1142 -1.80496752 -1.11742032 1.93448997 0.404805064
 1143 -2.11014199 -1.58920860 -1.26173949 1.10752940
 1144 -1.88220704 -1.61435807 -1.32811999 1.20130312
 1145 -2.44854593 -1.00956357 -1.38880897 -0.190641239
 1146 -1.38745117 -1.36255479 -0.920142829 0.343418300
 1147 -2.64689302 -0.967905998 -1.12932348 -8.86340141E-02
 1148 -1.65046954 -1.08585238 0.559168041 0.424648762
 1149 -2.49752331 0.266078591 -2.29076672 0.624755561
 1150 -1.81521797 -1.33524466 -1.13358200 1.21840906
 1151 -1.68487787 -0.616652846 -1.95525885 4.61292379E-02
 1152 -0.304546326 -1.11801982 0.592730284 0.108099334
 1153 -1.66237307 -0.192147583 -0.417390585 0.321411908
 1154 -0.442076623 -1.38618982 1.40407765 1.03365242
 1155 -3.02493286 -1.34997988 -0.535005748 1.09972036
 1156 -0.393229723 -1.27650356 -0.168045461 9.07234922E-02
 1157 -2.52149725 -2.16412091 -1.13743746 0.118432149
 1158 -0.500846446 -0.756620705 -0.974255860 0.409381062
 1159 -1.69653964 -1.14109683 -7.08882362E-02 0.253895611
 1160 -1.11569488 -1.80197453 0.410651594 0.259257197
 1161 -1.51904190 -2.26698470 -0.787204206 8.40465575E-02
 1162 -1.74935448 -1.78734553 -2.52214050 0.772333682
 1163 -1.22096705 0.441876650 0.913718462 0.453694940
 1164 -0.304140866 -4.30609807E-02 0.501662612 0.428282499
 1165 -1.33143806 -1.79511690 4.77893054E-02 0.424361467
 1166 -3.03409028 -0.900720179 -2.15623903 0.765157104
 1167 -0.804913402 -0.741579592 -1.33702123 0.828259945
 1168 -2.36482239 -0.389134139 -0.559606194 0.865674555
 1169 -0.887053609 -0.706525981 -7.26134777E-02 0.756232262
 1170 -2.05786276 -0.198664650 0.247412980 0.452358902
 1171 -0.784546256 -1.35396540 -0.861046910 0.125426337
 1172 -0.469116718 -1.18232238 0.800065339 0.478752762
 1173 -2.17343140 -0.951155007 -1.88875484 0.395986974
 1174 -1.28450596 -1.68577611 0.562224269 0.513312757
 1175 -0.564534068 -1.31285477 -1.73736870 0.997684598
 1176 -2.00714397 -0.492815614 -0.170395121 1.08634996
 1177 -1.35074484 -2.64077616 -0.501634359 1.20146441
 1178 -2.04265094 -0.947743654 -0.390848935 0.804737031
 1179 -3.14653087 -1.49806726 -0.227724999 3.53346318E-02
 1180 0.128975391 -1.42672062 -0.496111602 0.479893208
 1181 -0.502108872 -1.68707645 -1.38246751 0.530735254
 1182 -2.16697121 -0.581037521 1.41212726 -4.01837975E-02
 1183 -2.27282047 -1.50288403 -2.02551174 1.03756177
 1184 -1.29869139 -3.11749625 -0.619669974 0.518082261
 1185 -1.93929803 -0.476243556 0.313459754 0.274511248
 1186 -1.41474962 -2.59972119 -1.70790124 0.215990737
 1187 -1.59127712 -0.603668332 0.651362598 0.737806439
 1188 -1.71343660 -1.16260636 0.120156199 2.08306015E-02
 1189 -0.987586319 -3.06934476 -1.04071963 -3.16905975E-02
 1190 -1.29616332 -0.745614469 -1.20272851 0.518281341
 1191 -1.29614341 -2.74485779 -1.14573324 0.701135516
 1192 -0.580366373 -2.78681278 -0.273771644 0.994017065
 1193 -1.93272543 -0.717424572 -1.14008629 0.951312900
 1194 -0.768471479 -1.12576854 -2.41741157 0.820192933
 1195 -1.37546611 -0.362742662 -0.890225589 0.533270895
 1196 -1.34446454 -2.09125113 -0.739322424 -0.198175550
 1197 -0.170423120 -1.31933665 -1.21266901 1.20458746
 1198 -1.29296386 -1.91070521 -2.79266882 0.980168521
 1199 -0.957084894 -0.195848107 -4.72525358E-02 0.572115123
 1200 -0.897383094 -1.88108075 0.638040841 0.855181694
 1201 -2.07742429 -7.37955421E-03 0.742284775 0.646489441
 1202 -0.823025584 -1.59119141 -0.439743459 0.435989678
 1203 -1.63313973 -1.51611316 1.99913800 0.862602353
 1204 -1.51100802 -0.356084734 -1.30221534 -0.248067036
 1205 -1.50229120 -1.15676677 -1.13574100 0.261496454
 1206 -1.20659208 -2.18012738 -0.950684786 7.38578737E-02
 1207 -1.52538109 -2.40077686 -1.39725614 0.542442918
 1208 -1.03563476 -1.42573357 -2.00548530 -9.47070122E-03
 1209 -2.07047892 -1.37493634 -1.73746026 0.898309469
 1210 -0.886017203 -1.61131430 -6.41528070E-02 3.32318246E-03
 1211 -1.20907283 -1.18895841 -1.93099642 0.652635813
 1212 -1.66643131 -1.06588650 -2.04955602 9.40197781E-02
 1213 -1.13903582 8.15140605E-02 -2.54061437 9.58633721E-02
 1214 -0.953345835 -1.48049331 0.342201829 0.500625789
 1215 -1.44917607 -1.45016539 -1.19582558 0.356932789
 1216 -2.87011409 -1.30539656 -1.11551034 0.517135501
 1217 -1.95266843 -2.88770580 -0.461788356 0.197249919
 1218 -0.513791084 -1.22803795 -1.94021654 0.270080775
 1219 -0.902285695 -0.835118890 -0.506670356 0.219517931
 1220 -1.05637515 -0.838908315 0.999010384 0.204102278
 1221 -1.55383575 -0.646214783 0.732192576 0.484948069
 1222 -1.13177931 -0.518059313 0.247096449 6.42856508E-02
 1223 -0.647364497 -2.40769124 -0.134103373 0.817102790
 1224 -1.21819854 -1.81128418 1.66557062 0.350096345
 1225 -1.00077212 -0.302819014 -2.64701486 0.190352470
 1226 -2.49615574 -5.36940247E-02 -0.480234146 1.12521195
 1227 -2.19743943 -0.577731311 0.377566457 0.167490870
 1228 -0.565407634 -1.60587835 -0.630746126 0.494737387
 1229 -0.644580841 -2.03589463 -0.786884904 0.607878268
 1230 -1.06046283 -1.94821906 0.219507813 0.425226450
 1231 -2.80005646 -0.920313954 -1.59765887 1.23789191
 1232 -2.38708210 -1.05007911 -0.154241383 0.281760782
 1233 -0.471492499 -1.46824002 -2.13154054 0.308604896
 1234 -0.650267303 -1.47713482 -6.70965388E-02 0.451519638
 1235 -0.705164194 -1.08870745 -0.900379419 1.03541589
 1236 -1.44099772 -0.124067090 -1.01523221 0.187190413
 1237 -1.60847771 -0.536054313 -2.55135036 0.736663818
 1238 -1.64020646 -1.34104955 -1.80772865 8.62162560E-03
 1239 -1.23504961 -1.20238268 -2.01256585 0.955196977
 1240 -1.37990332 -0.776780546 -1.13485396 0.539713621
 1241 -1.22421014 -1.74695003 -8.95266831E-02 0.831128359
 1242 -2.12731647 -1.35692227 -0.260242909 0.303029507
 1243 -2.05390549 -0.729975283 -0.771089554 0.968932331
 1244 -1.25245261 -0.890823364 -0.580476820 0.241790548
 1245 -0.832741499 -1.15256989 -0.333316416 0.811149061
 1246 -2.95096707 -0.666113377 -2.06307602 0.575824738
 1247 -0.315966994 -0.976875186 -2.56840181 0.929450274
 1248 -1.96440732 -1.92540491 7.58706331E-02 0.358576983
 1249 -1.18904710 -2.44693756 9.23901796E-02 8.43990743E-02
 1250 -1.82192123 -2.12931204 -0.376411319 -8.73179138E-02
 1251 -1.99829078 -3.21222687 -1.24405015 0.855249643
 1252 -1.20534849 -2.87253356 -0.169856429 -0.246466860
 1253 -0.165316924 -2.26826739 -1.44959509 0.210182875
 1254 -1.52015221 -1.75509989 -1.41788828 0.247053325
 1255 -0.923028827 -1.95082486 -0.714188337 0.631931543
 1256 -1.92089927 -1.70407271 -1.61130524 0.503036141
 1257 -0.669763923 -2.30033851 -0.937832177 0.879857957
 1258 -1.62903309 -1.08720970 -1.74094260 0.232429266
 1259 -1.52390611 -1.95834696 -0.888504863 5.43387309E-02
 1260 -0.815690041 -0.659078181 -1.00542641 0.133808389
 1261 -0.562532187 -1.62028456 0.936653972 0.718056202
 1262 -2.14531064 -0.228840113 -2.13513923 0.547779262
 1263 -1.99077737 -1.58632040 -1.05882525 -0.188715622
 1264 -1.40761840 -2.73626494 -2.06819415 0.603766382
 1265 -1.96556449 -1.49980056 0.166898280 0.661685169
 1266 -0.276663750 -1.41055334 -1.54487038 -0.183612689
 1267 -1.70723140 -2.21168709 -0.610911369 0.667606711
 1268 -1.20720398 -1.40425670 -2.16095448 0.125323609
 1269 -0.946502030 -1.09792352 -0.496717811 0.652077198
 1270 -1.13693488 -2.12832046 -0.125820786 0.459737808
 1271 -2.14281034 -1.73209822 0.739664853 7.43433610E-02
 1272 4.46859747E-03 -2.81569004 1.31361902 0.272599995
 1273 -2.07211375 0.186048746 -2.38291216 1.33991218
 1274 -2.31443000 -0.696537733 -9.20981169E-04 0.138126135
 1275 -1.41967034 4.51546255E-03 -1.65887320 0.639385760
 1276 -1.99086535 -0.656588554 0.599658668 7.13440105E-02
 1277 -0.761402547 -1.58441663 1.79097748 0.992796779
 1278 -0.553498328 -1.81670094 1.50848687 1.31451356
 1279 -0.640356004 -0.941762865 -0.696691096 0.614188194
 1280 -0.768100262 -2.09893155 -0.687704861 -2.76837870E-02
 1281 -1.52194762 -2.31191850 -1.93990636 1.07757616
 1282 -0.784683287 -1.21040916 -1.43972933 0.336877227
 1283 -2.73801255 -0.856405437 0.807489038 -0.476806760
 1284 -1.50828648 -0.882669151 -1.53752124 -0.234648243
 1285 -1.36668789 -1.60754240 -1.32927382 0.715352535
