 1 0.254969418 0.629165947 1.16130662 0.262717724
 2 -1.49351263 -0.158019751 -0.867667198 0.101599000
 3 -3.14022675E-02 0.790662229 0.152178198 0.121866815
 4 -1.41004932 0.963081121 0.766876817 0.277580738
 5 -1.18419647 -5.37193567E-02 -1.50409865 -0.533295870
 6 -1.40470493 1.14915133 0.616703629 -0.558885694
 7 -0.549814641 0.496889979 -0.422101051 -1.92353487
 8 -0.433570296 0.752861679 0.592721343 0.382708549
 9 -1.18292546 -0.147650614 0.243239939 -1.15853715
 10 -0.480598688 -0.660197020 0.222965539 8.36203992E-03
 11 0.239270911 0.619087994 1.29923940 -1.08949912
 12 -0.998223782 -0.735183954 0.437263787 -0.935311794
 13 -0.142701179 0.992099762 -2.91246474E-02 -1.71210563
 14 -1.27496731 0.169462755 1.01473868 -0.926384151
 15 0.370957553 -0.585428417 -0.902812839 6.39344752E-02
 16 0.524042130 0.358863354 -0.615790009 7.48056918E-02
 17 0.269597411 0.294637203 0.160449654 -0.735403478
 18 8.16689804E-02 0.889702916 -0.123760939 -0.921450615
 19 -1.36214161 -0.448305160 2.39504385 -9.73735005E-02
 20 -0.102825783 0.721392393 0.874700248 0.119501367
 21 -0.742018640 0.326678991 1.00214005 -0.988202393
 22 -0.646548927 2.07750797E-02 0.837557018 5.73541112E-02
 23 -0.867761910 -0.229654551 0.738891244 -0.250094235
 24 -0.138658524 -4.25271839E-02 0.469228715 -9.17949826E-02
 25 0.212851971 0.488436282 -0.306680441 0.388444126
 26 -0.855167449 0.748065233 0.280913591 0.206380814
 27 0.390223742 1.30336320 0.532322228 -0.790285051
 28 -1.83491397 -0.529268682 -4.82881963E-02 -0.858133137
 29 1.14284599 1.27662194 0.429453224 -0.743890464
 30 -1.00364435 -1.31509566 1.72494221 -1.75300384
 31 -1.36034667 0.275445670 0.314102411 -0.731290281
 32 -1.44210720 -0.205247208 1.67479193 0.323865831
 33 -0.723124385 8.82414207E-02 0.572999597 -0.680512071
 34 -0.160697162 -0.258244216 0.742887735 0.239268661
 35 -3.68312076E-02 0.666738868 0.590084493 0.246948600
 36 0.651680052 1.31068397 0.523631096 0.274095714
 37 0.711791813 0.718511045 1.40793169 0.227409139
 38 0.564719200 2.23348975 1.32870507 -0.199511483
 39 -0.147035465 -4.74096611E-02 1.23141921 0.284754515
 40 -0.345925450 1.75242066 0.980012417 0.289348483
 41 -0.471457213 0.875268996 7.55148977E-02 0.756322086
 42 0.475584775 0.601631761 -4.08328772E-02 -1.03287280
 43 0.443033278 -0.135307655 0.601654589 0.367822796
 44 0.444500059 -0.269998550 1.42751884 -0.921936393
 45 0.225240320 -0.274866372 0.347699523 0.423395783
 46 0.446245313 1.62695467 0.778132498 6.48492575E-03
 47 -1.07810247 0.131101787 -0.423858285 0.346373975
 48 -0.733872354 1.99378443 0.278476298 0.667552054
 49 0.317202598 1.48526561 2.72236764E-02 0.431326866
 50 -0.102191173 -0.283203036 0.987864137 -0.181786388
 51 -0.537039399 1.66736829 1.47742832 0.240248412
 52 0.801324487 0.154590636 0.980355918 0.557351768
 53 0.359198898 0.575294673 -0.164187968 0.282951951
 54 -0.113711342 0.929053545 -1.12718213 -0.351422459
 55 -1.08341515 -0.661094189 -0.358575404 -2.18798256
 56 -1.43994319 -1.08333051 -0.185701251 -0.933991492
 57 -0.889401376 -0.585869014 -0.658312559 -0.723638773
 58 -0.478915930 -7.58132786E-02 1.35071993 -1.00260222
 59 -0.242834330 0.843628109 1.64185810 -4.69446033E-02
 60 -0.106905863 -0.132898688 -0.135889024 -0.662522256
 61 -0.866556287 1.05675292 -0.341482401 -0.562813759
 62 -0.281579375 1.60875142 0.719178498 0.480525374
 63 -0.585831404 0.175642610 0.780292094 0.665602565
 64 -0.738611281 -0.218086064 0.234252244 0.397684127
 65 -0.614000618 0.371726334 1.51521134 5.31608611E-02
 66 -0.194103315 0.633885264 2.94550043E-02 0.143998653
 67 1.09522319 8.17402601E-02 -3.06396857E-02 0.143811747
 68 -0.890303731 -0.528931022 1.20567107 0.254060984
 69 -0.252790123 0.939300835 -0.856593251 -1.81932735
 70 -0.164786786 1.53928649 1.17022109 0.421276778
 71 0.318714440 0.223800346 0.745872557 -0.103287652
 72 -0.492082357 0.751878321 -1.86353779 -0.134489000
 73 0.933967352 0.799704075 -1.04809332 0.819329321
 74 0.523062646 0.598744035 0.319738537 -1.95899844
 75 0.227955967 1.46272182 -3.38464975E-03 0.409379900
 76 8.90853629E-02 0.911243439 0.127173245 -0.722083092
 77 0.302546740 -0.623473465 -0.393746674 0.351186395
 78 0.744288504 2.05484366 -0.251872301 -0.783437729
 79 -9.13579911E-02 0.583267748 -0.682588935 -0.848021746
 80 -0.865128219 -3.62094790E-02 6.79402947E-02 -1.02306366
 81 -0.598161161 0.460761845 0.990186810 -0.900442600
 82 -1.01552367 0.700524330 -1.69774270 -2.23241001E-02
 83 1.25771976 -0.288782060 0.790314853 0.300067544
 84 0.822956324 0.664498210 0.456139714 -0.665455937
 85 0.501825809 1.65346861 -3.89068574E-02 0.194913477
 86 -3.03144306E-02 1.19592905 1.63444793 0.238223404
 87 -1.41503537 -0.968657017 -1.05704474 -0.855599999
 88 -0.662078857 2.13576269 0.949409425 0.508591831
 89 -0.918813467 0.767560184 0.127267078 0.294932723
 90 -0.652925372 -0.364555508 0.328379512 0.432624608
 91 -0.638171315 0.537469268 0.509061813 -2.43735313E-03
 92 -0.543943346 -0.618481755 -0.495842874 -5.32889664E-02
 93 -0.658518493 1.09394813 -2.53983188 0.366835743
 94 0.278185189 3.60838771E-02 -0.576950312 0.138411075
 95 -1.55492389 -5.34824282E-02 0.780209899 0.295885235
 96 -0.220051572 0.342325807 -1.58457291 0.473833621
 97 0.413568765 0.586307526 -0.967036366 0.453282535
 98 -0.407072425 1.07855821 0.676123023 0.215975016
 99 0.493938982 0.236439452 1.08607268 0.245326936
 100 7.76056647E-02 0.466070950 -7.84557238E-02 -0.112840340
 101 -1.11843646 0.634967327 -0.209851325 0.230946034
 102 0.812555671 0.648970544 9.36229005E-02 -0.998736978
 103 -0.165347636 0.785639346 -0.133875504 0.359363884
 104 -0.375891566 0.447989643 -0.191177309 0.146244287
 105 -0.544112802 3.99926305E-02 0.811098933 -8.56517702E-02
 106 -0.586870909 0.812314868 1.05262280 0.398122251
 107 -1.83382177 -0.663415551 0.371829391 7.22739547E-02
 108 1.36713469 1.12084258 4.49586511E-02 -0.533318937
 109 0.267891735 0.693687558 -0.270391971 0.239151344
 110 0.795332074 6.61546737E-02 -1.50147271 -0.964907467
 111 0.282573640 0.636022210 -0.774130940 0.709759653
 112 0.207776278 1.17202079 -0.410245061 -0.692800462
 113 1.30018687 -0.192670077 -0.746467471 -0.533907890
 114 -0.574298680 0.508838415 2.61078858 0.281202316
 115 -0.226439208 0.594076335 0.521306336 -5.37845790E-02
 116 -1.23751593 0.396720916 -0.942922175 -0.736688316
 117 -8.13325047E-02 7.12068900E-02 0.799672246 0.290021658
 118 0.836259127 0.716078699 0.552509904 0.175672561
 119 -0.885366201 -0.342140615 0.714827478 0.107893258
 120 -0.241974086 -0.672012091 -0.127728209 0.442801476
 121 -0.547142446 7.20028952E-02 0.673737943 0.219314307
 122 -1.69940341 0.834870875 0.467429578 0.285511672
 123 -1.60708034 0.201842800 0.613055706 -1.30111892E-02
 124 -0.251871347 1.66420221 1.23706043 0.458953917
 125 2.21663490E-02 0.803675354 -0.665272117 -4.24573421E-02
 126 -1.73226941 4.51813042E-02 0.195335850 -0.509978354
 127 4.03170437E-02 0.468805254 -0.365161598 -0.536500216
 128 -0.577624917 4.31445315E-02 -0.280711561 0.119307384
 129 0.277048171 1.44083846 0.967855930 0.755088687
 130 1.06566095 1.12996340 8.41940418E-02 -0.806858897
 131 -0.475449890 1.26103699 -1.17345810 -1.08529925
 132 -0.516871631 0.258376032 -1.25089705 -0.694422066
 133 -0.385850072 -0.220992297 0.721171021 0.294585347
 134 -0.794913769 9.31333452E-02 -1.04590678 -0.911543965
 135 -0.726555467 -1.81531291E-02 -0.207073748 0.372669756
 136 -0.846701741 0.675417185 0.300149530 -0.905612051
 137 1.04200721 -0.544029832 -0.786333084 -1.23042512
 138 9.90508497E-02 0.422964990 0.480807781 0.105342284
 139 -1.27220774 -4.28757593E-02 2.61804819 -3.50104123E-02
 140 0.205682978 -0.110297918 -0.938010335 -6.07423931E-02
 141 5.23860231E-02 -0.487168431 1.01677692 -8.80690068E-02
 142 0.662278473 0.354969800 1.69029534 -0.110628590
 143 -0.530251682 1.58963943 0.594594181 -0.103868395
 144 -0.439506233 0.456791878 0.819550157 9.07911584E-02
 145 -0.130472377 0.942874551 -1.28423858 0.334026128
 146 -0.725817800 -0.274203420 -1.89041352 -0.443590552
 147 -0.209040433 0.206499785 0.935023546 9.03064609E-02
 148 0.810138106 1.04413033 -0.637496233 0.379041255
 149 1.02650070 0.794862151 -0.852578044 0.327020586
 150 -0.186189801 1.66355479 0.708368778 0.310244322
 151 -0.461269587 0.244051918 0.434268236 -0.700713515
 152 2.56133378E-02 -0.300810963 -0.223079860 -0.901301682
 153 -0.202822402 1.60131085 0.607246995 0.605309248
 154 0.265936553 1.32779860 -0.948486924 0.228593618
 155 0.950334787 -0.539419472 0.728221416 -0.587498307
 156 -0.790316164 0.698307157 1.04628468 0.300463587
 157 -1.86307287 0.300497234 1.41901791 0.127570495
 158 -1.03649819 0.187347516 -1.34411526 -0.756244540
 159 -0.562729597 0.168069497 -0.160489976 -0.912440956
 160 0.814939916 0.427659452 1.05973887 0.349976540
 161 -0.591867507 -0.511742353 0.187718973 0.265353590
 162 -0.589487910 0.537785172 -0.463851988 -1.25706172
 163 0.347754061 1.93559802 0.843188643 0.202236786
 164 -0.459524840 0.563795269 -4.35155332E-02 -1.03834796
 165 -1.27624118 0.519213498 -0.979977012 0.761391521
 166 0.155740231 1.09044456 1.27630496 0.318429649
 167 -1.27259815 -0.769605637 2.45407037E-02 0.329724014
 168 0.321041346 1.02079880 2.09567738 0.150583550
 169 1.07718825 0.628838778 0.639898658 0.142402440
 170 -0.118594825 -0.371974289 -0.680428088 -1.79431522
 171 0.365535498 0.976763308 -0.476337194 0.111185879
 172 -1.30894685 -0.849452078 0.741166234 0.462963969
 173 0.601335764 0.803772271 0.526846170 0.341933459
 174 1.35621881 0.546941280 1.52161789 -0.737012982
 175 -0.701534271 -4.70091999E-02 -1.25449491 0.442292511
 176 1.41365528 1.17953861 2.10554862 0.406293094
 177 0.348201305 0.379226506 0.361850590 0.512831748
 178 -0.977735162 0.279555708 2.41903400 -0.163919687
 179 0.460430861 0.373658746 9.61862132E-03 0.368341744
 180 0.238282740 1.51417851E-02 1.26251280E-02 -0.450883150
 181 1.05816483 0.217294663 -0.313502431 -0.711503923
 182 0.595418215 1.06630182 -8.11047703E-02 0.592724383
 183 4.03491184E-02 8.12538862E-02 -0.853079498 -0.472221941
 184 0.541329503 0.627622366 -0.711215019 -0.180341586
 185 -0.910726309 0.195948333 3.77210379E-02 -0.725552619
 186 -0.646571577 1.49312282 1.83991730 -4.19528037E-02
 187 -0.204520300 0.943240464 0.256819248 -0.339702189
 188 -0.105170757 0.709548235 -0.579472423 0.318171412
 189 -0.726217091 0.164339229 -0.578063309 0.412577212
 190 -6.54843152E-02 1.19513261 -0.814725161 6.40652031E-02
 191 -9.58098471E-03 -0.718548656 -0.920902610 2.18750536E-02
 192 -0.588963151 0.230703145 2.79328203 0.382110059
 193 0.232382566 0.177884668 -0.765038729 0.282339185
 194 -2.98535414E-02 0.440400153 -1.78661370 -1.64746988
 195 -0.653456330 0.431431651 0.281031221 8.20551738E-02
 196 -1.10775733 0.240269110 2.28211236 0.408970743
 197 -0.769168854 1.05406713 1.87213016 -0.205038816
 198 -0.718760371 1.38937533 0.765254974 -0.120440558
 199 -0.365632355 1.25092196 1.57411683 0.141830072
 200 -0.575966895 1.27039754 -0.459750354 0.100652643
 201 -0.393362820 0.944420815 0.269633889 -1.14985478
 202 -1.18769419 0.861829996 -1.13783801 0.455031097
 203 -0.618987918 0.135975361 -0.982426047 -1.02707100
 204 0.167885691 1.68771541 1.50161564 0.156250998
 205 0.496552110 1.59692264 -5.30165732E-02 0.157726645
 206 1.58441675 1.22013569 -0.788555145 0.208925664
 207 0.665860951 0.745524824 -1.52256119 -0.103949845
 208 0.282064736 1.09611213 0.532834530 -1.05186629
 209 0.324899435 0.234543890 0.513616621 0.157455683
 210 -0.559759080 0.893630445 1.01907170 0.653019011
 211 -1.54729557 -0.330479026 0.312672794 -0.760310233
 212 0.291817009 1.83994138 -0.870663822 -0.921534359
 213 -0.410982490 -2.73255929E-02 2.30487800 -8.00061375E-02
 214 -0.671066523 0.966614187 9.66090709E-02 1.08316913E-02
 215 -1.43990946 0.854319096 0.581677437 -3.43694687E-02
 216 0.369275451 -1.32616311E-02 -0.160827398 -0.919162035
 217 -0.121061862 1.11492920 0.363526255 -0.996634364
 218 -1.12199652 0.983284116 0.921050906 2.08669826E-02
 219 -0.702286780 0.411402404 0.475939095 -0.341689050
 220 -0.357243419 -0.233916983 0.549807370 -0.760665238
 221 -0.988710225 0.422672242 1.92089453E-02 -0.729084611
 222 0.445376307 0.808605552 -0.350354940 -0.185822085
 223 -1.56013143 -8.99421722E-02 1.69851720 0.239127949
 224 -0.903806746 1.26869369 -0.190643370 0.379716963
 225 -0.336565435 -0.726315677 -0.929117560 -1.13772178
 226 -0.626879513 0.524160385 -0.315774620 -0.750069499
 227 0.455708951 1.23803496 1.82367414E-02 -0.448837548
 228 -0.478229344 0.363384783 1.78549647 -0.361157179
 229 0.461860836 0.965480149 -1.41903508 0.399541795
 230 0.153816193 1.21622109 -1.08961809 -0.640399575
 231 -0.462191582 1.60042691 0.587444603 7.80677572E-02
 232 -0.429422855 0.480064869 0.140148118 0.359805107
 233 -3.64155173E-02 0.530354619 -6.31197989E-02 -0.368810862
 234 -1.05718398 5.62356561E-02 -0.210691750 -5.17866313E-02
 235 4.87331785E-02 0.831496000 -0.461359948 -0.618011236
 236 -0.712320805 0.331326991 -0.481952250 -0.164981335
 237 0.155154929 1.40754497 -0.278531581 0.573897302
 238 1.07398558 2.35670209E-02 1.07196736 -0.677699447
 239 -1.10857677 1.32457483 -0.810276747 0.563813508
 240 -1.60387564 1.33562422 -1.07405055 0.112559736
 241 0.280190706 1.08504820 0.484868884 0.503113210
 242 -0.130917177 -5.34907468E-02 0.514717102 -1.13630247
 243 0.122458845 0.173642844 -0.335579604 -1.19590652
 244 -0.241088063 0.776728034 -0.324569643 6.17237017E-02
 245 -0.864723086 1.20718801 -0.446132839 1.82311162E-02
 246 1.28925979 1.06923747 -1.39639986 -0.748033047
 247 1.05056334 1.71682203 0.520254970 0.431543499
 248 9.70708877E-02 0.702173591 -0.318899661 0.508378386
 249 -0.971542954 -0.249481678 -1.04785144 -0.155978501
 250 4.87371534E-03 0.777588785 -0.260612667 -0.615088403
 251 4.13019061E-02 0.155650079 1.45035899 -0.894720614
 252 -0.936485291 0.971731961 -0.382744163 -0.781952977
 253 -0.163692117 0.905436516 -0.391467214 0.225817487
 254 -1.00023282 2.36984181 -0.171369165 0.153848261
 255 -0.372727722 1.52099562 -0.798594892 0.329984695
 256 -0.927966118 7.84364566E-02 1.16774070 -1.60928145E-02
 257 -1.47432506 -0.287589610 0.887515783 0.291236639
 258 -1.06570804 -0.658501327 6.32996783E-02 -0.215991765
 259 -3.59444022E-02 0.866960049 0.400444090 -7.33578950E-02
 260 1.06157053 0.915855706 0.177259505 0.275571823
 261 -0.899913967 1.16908562 -1.39897585 -0.733159661
 262 -1.40397668 1.22874820 -0.310571015 -0.108703077
 263 0.324361324 0.127672523 1.71597326 0.228798121
 264 -0.545893908 1.47280860 2.77965665E-02 -2.83021480E-02
 265 -0.627347469 -0.666810691 -0.764646709 0.235654816
 266 -0.213063449 1.03001618 -9.46105421E-02 0.211251751
 267 -0.300075233 1.37073970 -0.902100623 -0.790991902
 268 0.106646463 -0.343906403 1.55820835 -1.12565756
 269 0.488946170 0.814959943 -0.677302241 -0.897976696
 270 0.564363360 0.844467580 -0.233350918 -0.386519909
 271 -0.873260498 0.830341637 9.28569138E-02 6.20584190E-02
 272 -0.958332002 1.41183710 -0.664590716 -0.461571813
 273 1.02152526E-02 0.193910837 -1.71953690 -0.781026006
 274 0.494176149 -1.12354898 -0.163664982 -1.03948677
 275 -0.221604362 1.08313775 -2.61352062E-02 -1.55490339
 276 -9.72965732E-04 0.169765875 -0.754200280 -2.10725427
 277 -0.356040955 -0.216171294 0.490800530 0.269484311
 278 0.705654502 0.800396264 0.290146440 0.466169000
 279 0.220470861 1.15067756 0.499936044 -5.25193363E-02
 280 -0.738086343 -0.282535166 -0.562408447 -1.12428892
 281 -0.411844969 0.447675467 -7.14700967E-02 -1.07279980
 282 -1.25468349 -0.181463987 4.82095778E-03 -0.220729381
 283 0.692023218 0.246354222 -1.04459858 -0.733020186
 284 0.696182132 1.23331714 -1.33434010 -0.807164371
 285 -0.865789294 -1.06271756 -0.628091156 -1.27400398
 286 -0.527594984 1.08560658 -0.571007669 -0.471410215
 287 3.69904935E-02 0.156636074 -0.706234813 0.182320058
 288 -1.08809352 6.75780028E-02 -0.811668396 -5.45575470E-03
 289 -0.841139376 1.22997117 0.640577435 0.246874526
 290 0.576348543 0.920152783 -1.27701616 -1.13586903
 291 0.467266560 0.716387451 -1.72570872 0.163451105
 292 -1.42714369 1.13262534 -0.744832873 -0.641753733
 293 1.75540757 -0.559685111 -1.44210231 0.291958600
 294 -0.133282989 1.89434814 0.161450028 0.102506749
 295 0.837965846 -9.71345156E-02 -1.08938682 -0.704973876
 296 -0.732949078 -0.196428329 8.02598894E-03 0.456336707
 297 -0.519770205 -0.711485147 -0.262740374 -1.98264194
 298 0.824409246 1.59908903 -1.11334622 -1.17092168
 299 1.48193347 0.974912167 -1.57227337 -0.885338604
 300 0.574204564 0.896866083 -0.343942732 0.479259461
 301 1.07089686 0.175643533 1.37248278 0.297296226
 302 0.201579675 0.747488618 0.215792537 0.523040533
 303 -0.165124446 -0.196337566 0.400907993 -1.11850071
 304 -1.04334760 -0.323393106 -1.13204467 -0.632179141
 305 0.850945652 1.58026528 -0.206618309 0.159403086
 306 -0.216903239 1.00781035 0.816914916 0.356269836
 307 -0.154409185 1.71543705 -2.76962638 -0.877734423
 308 -0.305266798 1.63241494 0.232572198 0.252515346
 309 0.749944091 0.134555340 -0.995677233 0.531026602
 310 -0.974866927 -6.63639456E-02 2.01645231 0.226383746
 311 0.537247360 0.421214163 -1.56270671 0.199282080
 312 -9.34362113E-02 1.11653817 -1.27557731 0.298265129
 313 -0.348945230 -0.257918835 0.305094153 0.466640592
 314 -0.997004271 1.41390705 -2.61306763 0.691046119
 315 0.395532012 1.25924432 -0.723349869 0.571208119
 316 -0.439221263 0.465688318 0.728372812 7.71174133E-02
 317 -0.294577986 0.264389455 -0.393516958 -0.818551421
 318 -4.47790325E-02 1.05039978 -0.859512210 0.434812546
 319 -1.09393227 -0.477027595 0.301652163 -1.01078486
 320 0.265966117 0.353549689 -1.89453137 -0.805047452
 321 -1.20044696 -0.803837299 0.690939486 -1.14321065
 322 -0.254438937 0.831762493 -0.696633339 0.157729566
 323 -0.435805619 0.122248620 -0.537849069 0.346794635
 324 -0.594955862 1.45706391 0.116411000 0.164236441
 325 0.370724559 -0.541822314 -8.99791867E-02 -0.925801516
 326 0.697952151 0.690013289 0.896382689 -0.720332980
 327 0.338584960 1.71450508 1.71805823 -0.820826471
 328 -1.07415593 -0.522350788 -0.639585793 0.317225903
 329 -6.04481548E-02 0.793715715 0.115485564 -1.01048291
 330 -0.788318396 0.978632390 -0.690457106 0.400225461
 331 0.732335985 0.799143791 0.498883903 9.74374115E-02
 332 0.241094992 0.198505491 -2.03740299E-02 -0.660110712
 333 0.414318740 0.346190155 0.203308284 0.253419161
 334 0.365986735 0.327110767 0.110572278 -1.13582742
 335 -0.449657679 -5.05292118E-02 -0.554693699 -0.512502372
 336 0.180038661 1.07517934 -1.24497175 3.36794853E-02
 337 -0.630271018 1.85542345 0.835147500 0.333081335
 338 -0.148923099 -0.949724317 0.681460083 -0.540716112
 339 -0.779578984 0.159689471 -0.920840859 -0.889156342
 340 -0.814463139 0.319348037 -1.09701502 -0.708279788
 341 -0.823499441 1.46680212 0.516167343 0.302019149
 342 -1.47165513 0.682937503 1.99806261 -4.28129882E-02
 343 -0.738530695 0.706224680 -4.50965017E-02 -0.254447848
 344 -1.00455248 -0.525715292 8.64589810E-02 -9.06637609E-02
 345 0.387018204 -7.85841271E-02 -0.895548820 0.553715765
 346 -0.523995101 0.653618097 -0.619062006 -0.971324325
 347 1.55441701 0.490949392 -0.504112244 9.49480906E-02
 348 1.12915695 0.918475211 -1.80648768 -2.08610487
 349 -2.68762894E-02 1.51944906E-02 -2.18733311 -0.250222385
 350 -0.533160388 -0.137586236 0.402627230 0.195553362
 351 -1.05998802 0.200608224 1.05187416 0.385929435
 352 0.426891387 -1.25388277 9.35714394E-02 -0.799499929
 353 1.11671722 0.833789110 -1.76369309 -0.226571858
 354 -0.312344790 -1.21584475 -1.44287407 -0.568803549
 355 0.299861103 -0.543159962 -0.190305784 0.179823890
 356 0.736947656 0.154857725 -0.954083622 4.72229719E-02
 357 -0.199896306 0.411195815 0.132567614 0.378357440
 358 -2.03304005 1.08275807 -2.87938118 -0.430871904
 359 -0.306852371 0.324543178 0.581670761 4.14252281E-02
 360 -0.207880303 0.336406052 1.00172544 -0.840574801
 361 -0.634894311 0.931923509 0.400261313 -1.04911697
 362 -0.689758837 0.257352710 0.309134632 0.408790857
 363 0.307251126 0.512533784 0.556297541 -0.796103239
 364 -1.03944314 -0.416161418 -0.109799273 0.375775933
 365 -0.331481248 -0.263026595 1.58323097 -0.321124762
 366 0.724080920 1.08518600 2.43637800 0.117485620
 367 -0.299494952 0.444930524 0.492298484 0.158730388
 368 -0.976409554 -7.05226511E-03 -0.612339258 0.605933726
 369 0.582137346 0.688912034 -0.154149711 0.151177466
 370 -0.939398170 -0.674111009 -0.588039756 0.146404594
 371 0.134161219 0.525154769 5.88456094E-02 0.366070032
 372 -0.814059377 -4.36771661E-02 0.210294768 0.576889277
 373 1.35567784E-02 0.129873335 -0.971795380 -0.194627210
 374 0.479502648 -0.195379868 -6.44921064E-02 -0.824435592
 375 -1.07261491 1.17908919 -0.101982772 -1.16872191
 376 3.39390337E-03 1.22807050 0.549141049 0.241248682
 377 3.04441154E-03 0.149574101 0.822187960 -1.98902154
 378 -0.489333272 0.901165247 1.33233881 0.329201132
 379 0.571929991 1.62205744 1.09250998 -0.853751242
 380 -0.469000399 -0.439251155 1.07429719 -0.807811797
 381 0.144600093 1.21044219 1.70230913 0.535625458
 382 -0.495577693 -0.263256311 8.30723345E-02 -0.833901644
 383 0.496814340 0.253165841 5.44889271E-03 0.397897303
 384 -0.131218046 -7.21312463E-02 0.500848413 0.421691328
 385 -1.07746172 -0.169841185 -0.137122124 -0.722453296
 386 1.19376993 0.628786027 1.08480620 -1.15665567
 387 -0.186106533 0.318662435 0.553950667 0.130680755
 388 1.10874093 0.556857884 -0.431472063 -2.00120091
 389 -1.59997404 -0.272624969 -0.346381992 -0.853812993
 390 -1.22391081 -0.754174590 0.564760506 -0.264037251
 391 -0.872309089 0.268117547 -0.171273917 0.220989957
 392 -0.375730813 0.434896290 0.667745471 0.300688028
 393 -0.517108858 1.10539603 0.270461679 0.272967517
 394 0.343188375 0.702329695 0.965475857 -0.211832881
 395 -0.378335297 1.29345667 0.163656920 0.342326462
 396 -0.462197810 2.14719325E-02 -0.214104503 0.365271002
 397 1.47489607E-02 -0.429169565 -1.38097787 -0.853211224
 398 -0.289628983 0.266512305 -0.384768516 0.639247179
 399 -0.830136180 0.441699743 -0.252643108 -0.887464762
 400 8.38031024E-02 -0.510174453 -5.72387539E-02 0.503503799
 401 0.428662360 1.73447227 0.443570822 0.272645026
 402 -0.862364054 -4.21212912E-02 -0.461145639 -0.557971537
 403 0.385474026 1.24020135 1.12642896 0.380133897
 404 -1.71421552 -0.143678114 0.665507197 -4.15548384E-02
 405 0.475551128 0.299110472 -0.459800720 0.268360794
 406 -0.403538346 1.07752836 0.425305963 -0.546151280
 407 -0.333413452 1.50759149 0.429383397 0.484729439
 408 -1.27104151 -0.378484666 -0.897504568 0.253122538
 409 0.740209937 1.73367143 0.231277689 0.488074780
 410 -0.207444996 2.20972225E-02 -0.566669822 -0.518965840
 411 -1.68711096E-02 1.36304939 0.631175518 -0.331026703
 412 -1.38664150 -0.635629058 0.534726024 -0.914714098
 413 -0.357153416 -0.691153347 -2.56147385 0.309448361
 414 -1.39505041 -0.332416534 0.211687222 0.285880327
 415 -0.902729630 -0.161994174 -1.70379078 0.506434858
 416 8.56546760E-02 0.480498254 -5.09690791E-02 -0.981597483
 417 -0.607260346 0.820224643 0.616243660 -1.74687648
 418 0.787914217 0.657156229 0.438335061 -0.607378304
 419 -0.466826379 -0.197394311 1.30239034 1.98713541E-02
 420 -1.17722559 0.215292782 -1.58729076 0.434652984
 421 0.477565944 0.252962649 -6.30136877E-02 -0.608674109
 422 -0.122734770 0.250627130 0.154484749 0.405010939
 423 -0.523073733 1.01104808 -0.459850997 -0.706571221
 424 0.421489805 1.02267313 -0.384877086 -0.602226377
 425 0.209035948 0.534232914 0.282048464 5.67903444E-02
 426 -1.01064241 -0.668637276 -5.30977547E-02 0.397905886
 427 0.364010751 -0.146599472 1.19781494E-03 -3.03361807E-02
 428 -0.897099316 -0.252963305 1.13339531 -0.839856207
 429 8.57877135E-02 1.05240679 -1.80970061 -1.13087583
 430 -1.47880149 -2.06425413E-02 -2.54446566E-02 6.83637261E-02
 431 -0.156930417 1.54234374 1.89596236 4.59881127E-03
 432 -1.25242376 1.43692195 -1.34781945 -0.853202224
 433 0.281714588 -1.19189954 0.457335353 -0.534676015
 434 0.278081357 0.370608985 1.21963358 -0.205889583
 435 -0.220384359 0.286535800 0.244365603 -7.62491673E-02
 436 -1.03626895 0.437638223 -0.769550204 -0.915761650
 437 1.28094709 0.539539397 0.712323666 -0.801834941
 438 0.373968005 0.893520415 -0.241670877 -0.869931281
 439 -1.25727665 0.382131934 -0.978278816 -1.94333792
 440 -2.07237720 -0.653303742 -0.455155551 -0.973596215
 441 0.394830912 0.605562925 -1.59990597 -0.328724325
 442 0.245284021 0.173173979 0.803894401 0.129957631
 443 -0.103010565 1.05461216 -2.02628779 -1.05629754
 444 -0.955692828 -0.201354966 -0.733505845 -0.939204812
 445 -0.467536390 -0.327784836 -0.528216124 -3.73664051E-02
 446 -0.552868724 0.303305447 2.15413690 -1.90554466E-03
 447 -1.09536648 -0.362400442 -1.33854198 -0.717273235
 448 0.403010607 -0.359631360 1.33901584 -0.950566888
 449 -1.05798841 0.743893504 -0.300241530 -0.898442686
 450 1.79698730 -0.307206064 1.54165375 0.110964730
 451 -0.107317284 0.849784374 -0.430038065 0.105704561
 452 -0.559415221 0.211619198 -0.785185695 -1.23972058
 453 -0.534170389 0.439377010 -1.25424063 0.182265237
 454 -0.703560293 1.24751902 0.835427284 0.509881616
 455 -3.17023732E-02 2.03453922 -1.21307802 0.546734273
 456 0.264804006 1.12998462 -1.45891297 -0.342558116
 457 0.195900097 1.15752912 0.358016342 -1.04484248
 458 -0.692983627 -0.281259537 0.516710818 0.447054327
 459 -3.90332788E-02 1.53000247 2.00588655 0.210022360
 460 -1.24173594 -1.56571716E-02 0.100600116 -2.10280514
 461 -2.01685578E-02 1.72372961 -1.61483121 0.462567627
 462 -0.371853054 1.29011202 -0.170807034 0.445813388
 463 -0.868954122 0.646901369 1.52012157 -2.96470523E-02
 464 4.61775064E-03 1.53203166 -1.06144285 -1.89626706
 465 -1.00886381 0.905250132 0.617488623 0.161673337
 466 0.283183634 -0.620741010 0.306255758 0.314272940
 467 -2.58453190E-02 0.379897654 -0.562259316 -2.15499848E-02
 468 -0.473125547 1.38311183 -1.31414294 -0.528857350
 469 -0.357091516 -0.630163133 -1.04896045 -1.35632777
 470 -0.882440090 -0.397615969 -0.288209110 -0.819823623
 471 -6.29204437E-02 -0.552149117 -0.450351834 5.46252355E-02
 472 -0.766161621 0.709191203 -1.26542188E-02 -0.925355256
 473 -0.341395468 1.26093996 0.302711129 0.390785038
 474 0.180989981 -0.157273471 0.730650902 -0.108199731
 475 -0.900361180 -0.892461836 -0.316496164 0.102453209
 476 -0.987977087 0.162995487 -0.886110425 -1.34962988
 477 -1.91244340 -0.645889759 -0.392316937 -0.892988563
 478 -1.07473183 0.474344194 0.276473582 -1.36528611
 479 0.556528568 1.50750279 1.65432465 0.117575675
 480 -1.11803102 -0.826719284 -0.482574642 0.375218123
 481 -0.365403086 1.13461804 -0.170803815 -6.61597401E-02
 482 -1.05899310 -0.199687496 0.720136642 -1.86685717
 483 -1.00563967 0.289248466 0.965868950 0.236086786
 484 -1.66439116 -1.08542871 -0.795546532 0.215416878
 485 -1.02679086 0.251659870 0.785314322 -0.974698544
 486 -1.11225057 -0.928033352 1.41976631 0.233524546
 487 0.414730698 -0.101569250 0.596967340 8.96149576E-02
 488 -0.835255861 1.48398244 0.108856030 -0.867015719
 489 -0.273374438 -0.426972866 0.738143981 -0.219049037
 490 -0.162399113 0.111211866 -0.401950270 -0.905966640
 491 -0.908400476 -2.31998116E-02 -1.44057393 0.349964619
 492 -0.931982517 -0.901432931 0.417806745 -1.08355248
 493 0.132041007 1.52410185 0.234858394 -4.55038846E-02
 494 -1.42759395 1.01892805 0.693457603 0.649555027
 495 -6.99467957E-02 0.334354460 0.670855880 0.386239767
 496 -0.492647767 0.249773040 1.87229335 -0.957375109
 497 0.811599851 7.75476322E-02 -1.32898462 -0.841251850
 498 -0.237178460 0.322236836 -0.291357458 -0.793489277
 499 -1.32349324 -0.542551100 -0.454994559 -0.721032739
 500 -1.92535388 -0.144397274 -0.684416831 0.339015722
 501 0.327731967 0.225343332 -1.85991454 0.318704545
 502 0.490001500 0.232922480 -2.14755893 0.155971184
 503 -1.90118468 -0.151429579 -4.00699228E-02 0.371813595
 504 3.01588476E-02 -0.250305563 0.174975410 -0.605355382
 505 -0.130851418 0.946482360 0.921008706 -0.906129062
 506 -1.94287002 -1.27915227 -0.500889897 -0.898157477
 507 -1.16094947 -0.430674344 -0.448277295 -0.849883914
 508 -0.702586234 0.857752562 2.17960835 -6.37706220E-02
 509 0.755525708 4.63791490E-02 -1.18097603 0.149339736
 510 -0.643587947 -4.72116098E-02 1.51498711 8.96305740E-02
 511 -1.45274663 -0.125540257 1.09022629 0.104358360
 512 -0.154462755 -0.575571179 -1.87099552 0.423179358
 513 0.604317486 2.53079534E-02 -0.177139789 -0.898106337
 514 -1.95540488E-02 0.323238105 -1.72092772 0.177766532
 515 -1.42259836 -0.324660182 0.459764689 -2.01718211E-02
 516 -8.24853107E-02 0.933151603 0.967442393 0.296203673
 517 -0.498036772 1.26103139 0.495961040 0.270607173
 518 0.677987993 0.245449066 -0.452994972 -1.27881968
 519 -0.793261409 -0.227592617 -0.279740363 0.127142042
 520 -0.874268293 0.700729489 0.152793974 0.195055038
 521 -0.295437515 1.15673912 0.524334371 2.48225629E-02
 522 1.08369589 -2.61946768E-02 -0.859502137 0.516411781
 523 -1.19967604 -0.115943305 1.60430181 0.228082299
 524 -0.731307089 1.38623703 1.45449376 0.425117612
 525 -0.699466288 0.794549584 -0.660418510 -1.04845202
 526 -0.998794377 0.295392781 -1.24687111 -0.141607374
 527 0.624418080 0.979664922 -0.802786291 0.741929710
 528 -6.67806417E-02 -0.719125628 1.07388139 0.563344717
 529 -0.297261000 0.617088377 -0.231979206 -0.986061811
 530 -0.199841097 -0.230800331 -2.83231831 -0.362265736
 531 -0.894529402 -0.107287049 -0.463434458 7.89209157E-02
 532 9.11018252E-02 1.36806083 -0.180304766 -0.121959776
 533 -0.412885904 -0.796551466 -1.24354315 0.517326355
 534 -0.768449247 -0.205993369 -0.855936766 -0.658999741
 535 -0.983454466 1.20140684 -0.611366749 0.413677394
 536 -1.13817501 6.94806203E-02 -0.721000791 -0.620928764
 537 -1.43580079 0.947903514 7.50369430E-02 -1.34571940E-02
 538 -0.190926224 -0.530701339 0.382811666 0.196486026
 539 -0.255278945 1.17364240 -0.273075104 0.240547225
 540 -0.642343402 -0.537986398 -2.16721845 3.12234461E-03
 541 -7.76500553E-02 0.493942082 -0.118174486 6.72463030E-02
 542 -0.809046745 6.07539900E-02 -0.436734408 -0.766295135
 543 -1.22502744 -9.72702727E-02 -0.659143209 -1.74109674
 544 6.43394738E-02 0.714765251 -0.520908594 0.211265996
 545 -0.923161268 0.620618701 -0.414254665 -0.952054620
 546 -0.589321375 1.11764550 0.776612222 0.465355009
 547 -1.43845236 -0.717710376 0.653710961 0.325799882
 548 -2.06749773 0.144753724 4.16344553E-02 0.427223921
 549 -0.137492061 0.202701226 -0.565269053 0.642486274
 550 -0.906552017 0.533328056 -0.697499156 -1.29201580E-02
 551 0.273555368 -0.101650715 0.833377004 -0.629574597
 552 -0.802221596 1.13391066 -2.05845547 -0.665031731
 553 0.614792228 1.06182623 -2.30891633 -0.652069211
 554 -0.820441246 -0.393916458 1.02088213 -1.59265411
 555 0.256848961 -3.83390933E-02 -1.05745661 -0.616514325
 556 -0.248556256 0.676070809 -0.126215577 0.330848277
 557 -1.30829895 -0.928807199 -0.236069441 -1.03553236
 558 -0.820096731 0.401059955 0.414731503 -0.863416493
 559 -9.96397734E-02 -0.213528961 -0.257229865 -0.612431526
 560 0.376511395 -0.301473141 0.912685812 -0.114792749
 561 1.32727456 1.19996297 2.03710985 -8.63677710E-02
 562 -1.56716752 -0.307353556 -0.296246976 0.168989867
 563 -1.47973800 -0.869255066 0.385032028 -1.09102654
 564 -0.214581355 -0.696628034 0.256333262 -0.867583752
 565 -0.893702984 1.69940066 -0.801191211 0.174649224
 566 0.112033859 1.46427229E-02 0.158144280 -0.869307101
 567 -0.624619186 -0.922784090 -0.964292288 -1.06843263E-02
 568 2.16530609 0.569655120 0.630587816 -0.957238197
 569 0.406556666 -2.69319601E-02 1.02567077E-02 -0.860259533
 570 -0.653508604 -0.292843848 -0.434955716 0.208873019
 571 -0.748990774 1.06964719 0.629351318 -0.647525072
 572 -0.719918787 -0.754598618 -1.12117529 -0.442368120
 573 -1.39119744 0.299273640 0.286839366 0.746125400
 574 -0.160510555 -8.34261626E-02 0.850991011 0.405453682
 575 -0.565307498 0.386761725 1.38942957 -0.851085782
 576 -1.67627883 -9.86497849E-02 0.948764861 -0.850962102
 577 -0.100829095 7.58420974E-02 0.151492387 4.90401685E-03
 578 -0.391717374 0.675573647 -0.651800573 0.761757731
 579 -1.25732076 6.35159686E-02 -1.22209811 -0.916659534
 580 -1.26656842 0.828009903 1.08006024 0.205233574
 581 -7.82428533E-02 1.08529806 1.70127165 -0.165582418
 582 -1.11132050 1.91580176 2.41295910 0.397359014
 583 -0.798683941 -0.699621081 1.41371265E-02 -0.234077513
 584 -0.277490497 0.762154996 0.272182584 -0.769986033
 585 -0.576604009 -0.786432207 2.41995740 0.185763657
 586 -0.742097497 -0.509094477 -0.705493212 -0.830177128
 587 1.20515513 0.823610961 -1.37507010 -1.09979713
 588 -1.99108732 -0.976777732 -1.26744676 -1.12211847
 589 -1.66909313 -0.362336725 0.929513097 0.192961410
 590 -0.382979900 -4.70113978E-02 0.925805986 0.307695746
 591 -0.400659800 1.13729000 0.117712080 -1.21029449
 592 0.156907350 1.01463532 1.39732158 0.560484767
 593 -0.327663779 -0.350688934 2.28606425E-02 -7.60616958E-02
 594 -0.943631053 1.50647330 2.04902577 0.186166525
 595 -1.02840722 -0.157348379 -7.47588426E-02 -0.648506880
 596 -0.813328981 1.00335598 -1.31708932 -0.802399874
 597 0.712998986 -6.76766038E-03 2.22611141 -2.05617100E-02
 598 -1.45939875 0.257079333 -1.33135247 -0.430978179
 599 -1.42156231 0.415029049 -0.256210625 0.296328068
 600 0.699890196 1.09303975 -0.944752097 0.633473933
 601 -0.459751397 -0.247821763 0.872386456 0.352657497
 602 0.100640684 0.512622833 -0.491011053 -0.392747998
 603 -0.930664897 -0.887578964 2.74785733 0.348582000
 604 0.226378739 -0.472096384 0.611746311 -1.24786043
 605 0.358423710 0.164628685 -0.328050941 0.233424529
 606 0.175591409 -0.274608850 -0.890411019 -1.49761200
 607 -0.363761455 -1.59714222E-02 -6.11674115E-02 0.186746210
 608 -2.60282289E-02 4.07645293E-02 -1.77157950 -0.948059082
 609 -0.514184356 0.198541671 -0.391446590 0.110808179
 610 -0.504952073 0.157604590 -0.356183052 0.410803437
 611 -1.99701774 -0.258907795 -2.35801935 0.120190009
 612 0.708020508 7.25230649E-02 1.36239207 0.455492496
 613 -0.371566415 -9.42142904E-02 0.673973680 -0.543457806
 614 0.473583043 0.588317573 -2.41030145 -0.807051659
 615 -0.528927088 0.703374028 1.67879581 -0.856796682
 616 0.415028572 -7.42138624E-02 1.70199001 0.353486955
 617 -2.87055261E-02 -0.828015506 0.382861853 -0.509323537
 618 1.37279046 0.231801912 -2.26999021 -0.684953213
 619 -0.161544397 0.801933646 -1.10879540 0.261416644
 620 -0.857088983 4.38574180E-02 -7.67775998E-03 0.105712876
 621 -0.100245222 0.201689333 -0.164957553 0.175381452
 622 -0.737386107 0.959583521 1.06754160 0.261054844
 623 -0.456978530 6.52403235E-02 2.20164537 5.04410416E-02
 624 -1.13944495 -0.140802994 -2.00530142E-02 -1.08242047
 625 -1.03103197 -1.24720819E-02 3.76457497E-02 -5.42555004E-02
 626 -5.42395376E-02 0.902972519 -1.14779627 7.35865086E-02
 627 -1.19461274 -0.200870752 0.121344529 -1.77022243
 628 4.26006839E-02 0.131984070 1.06930172 0.344013274
 629 -0.842493355 0.894304574 -1.19213486 -0.911719620
 630 -0.447213948 -0.949872077 2.05810785 0.202951714
 631 0.309039414 1.30024362 0.247631535 0.328009725
 632 -0.402514964 0.378970802 0.129227430 -0.868664920
 633 1.01190603 1.03718674 -0.439110070 0.360493541
 634 7.40791783E-02 -0.657786787 -0.227570117 -0.918045163
 635 -0.505064547 0.167647928 0.631333768 -0.553015530
 636 -0.368831515 0.500561297 -0.248167023 0.735724986
 637 -1.04500473 0.883505821 -2.09004641 -0.701970994
 638 -1.01984596 0.736916840 0.720740557 -0.737466574
 639 0.146935806 0.581217349 0.400215149 -0.516493440
 640 -0.690562844 -5.52100316E-02 -0.896264434 0.390091658
 641 -0.609634340 7.33033046E-02 -0.168656409 -0.676850021
 642 -0.865747452 2.02183747 -0.139747605 9.48299468E-02
 643 -7.25829899E-02 0.171011508 0.535928249 0.179418445
 644 -0.620866418 0.336035669 1.68248701 8.12247321E-02
 645 -0.278553724 0.826755106 -0.517329454 -0.834025621
 646 -0.615064502 0.319997221 -0.233670086 0.633399725
 647 -0.983787179 0.170382231 1.55522394 -1.14552677
 648 -0.362367392 0.950794399 -0.896507680 -0.827436209
 649 -0.494632721 1.10239112 -0.270038277 -1.06315804
 650 -0.595543802 0.410468847 -1.45315337 0.320201218
 651 -0.794840932 0.957991838 -2.00617051 -6.04450703E-03
 652 1.88072228 0.215717196 1.01133525 0.251954913
 653 0.582377911 1.19077623 0.156013846 -0.968523800
 654 -0.542794585 -0.332945764 -0.244770110 0.506649375
 655 -1.25014246 4.69357073E-02 -0.898228765 0.506819665
 656 -1.44390464 -0.366272062 -0.434504241 -2.11357450
 657 -1.66158628 0.477355778 -0.295313030 7.31663853E-02
 658 -1.44903648 0.642733335 -0.922124743 -0.991400659
 659 -0.391684651 0.386351168 0.835563064 -6.50487840E-03
 660 -2.88021192E-02 0.209646761 -1.43118846 -0.743267119
 661 0.459411442 -0.673780739 -0.917523205 -0.910448432
 662 -1.02601004 0.422334045 -1.44183016 -2.01896453
 663 0.464783728 0.116924174 1.30140758 0.399813116
 664 -1.17232823 -0.940321684 2.84775329 -0.779159069
 665 -0.662678242 -0.766727507 -1.23513842 -2.00953197
 666 0.157569289 0.670251846 -1.34207952 -1.00123096
 667 -1.40260160 0.794132113 -0.463930577 0.652104735
 668 -0.917837262 -0.474101871 0.408376515 9.18761641E-02
 669 0.256227970 0.487535834 0.357183903 0.436401457
 670 -1.57528543 4.63303477E-02 1.91444600 -7.63249174E-02
 671 -0.802319646 0.875790179 0.461764872 -0.273484021
 672 0.658828318 0.797420979 0.780126631 -6.61403164E-02
 673 -0.477735639 -0.563052475 0.628401756 -0.564334631
 674 0.642443895 0.444176346 0.499923468 -1.75203979
 675 -0.218811035 2.14921093 -0.664800406 -1.00724626
 676 -0.936718881 -0.916521549 8.15088153E-02 0.213593602
 677 -1.52418864 0.896236956 0.316751659 0.257168949
 678 -0.265765756 -0.231352642 1.27160406 0.265980005
 679 -1.10080159 6.10199273E-02 -0.708215237 -1.01449537
 680 -1.59377754 0.329705894 0.245083779 0.441040367
 681 0.613102674 0.828590274 1.10463226 -1.07666671
 682 -0.241286039 0.438493609 1.07491899 0.134714767
 683 -0.879577816 6.62086159E-03 -0.904334068 -1.85090685
 684 -0.348098308 0.849448860 0.438913614 -0.519735694
 685 7.56823570E-02 0.676868856 -0.753272295 0.324487597
 686 -1.62916696 -0.475191832 -0.924211383 -0.900286198
 687 3.47963572E-02 1.17950058 -0.613742232 0.344092667
 688 0.565077960 0.846480131 0.261125147 -1.15153182
 689 -1.11168540 0.531516492 -1.37698770 0.530448854
 690 -0.774928212 5.33729196E-02 -0.725907981 -0.773648143
 691 -0.296631485 -0.322878599 0.276652575 0.470458210
 692 -0.658505917 0.592661321 -0.780358016 -5.57823777E-02
 693 -0.443146408 1.16419792E-02 -0.333474100 -1.37352574
 694 -1.37124181 0.364550024 0.143496782 -0.141468093
 695 -1.39611256 -1.31502020 1.09342909 -2.04092741
 696 -0.457706630 1.28196383 0.555385113 0.327709198
 697 -2.71207541E-02 1.44405639 0.300623536 -2.02323365
 698 -1.00003636 0.253553897 0.103469610 -0.753666997
 699 -0.179756969 -0.179341778 -0.766734064 0.103408009
 700 -0.197168082 -0.682610035 0.839830041 -0.724940896
 701 -0.541163266 0.454297036 1.15621555 0.145238668
 702 0.470448285 1.05999684 1.23223972 -0.851529598
 703 -1.21028090 0.131294176 2.25694919 -0.143346325
 704 -0.244843140 -0.331136763 0.317960083 0.152576640
 705 -1.20194077 0.410356522 -0.246250182 0.384548247
 706 -0.518653035 0.226304337 -0.270684183 0.174119085
 707 -5.41001856E-02 0.501998961 -0.319274604 8.03939924E-02
 708 0.665818572 -1.25440210E-02 -0.120917715 -0.122068092
 709 4.83307987E-02 1.55275178 0.157357156 0.153175756
 710 -0.553892553 0.721127868 -0.887056589 0.542501032
 711 -0.295320034 1.48121488 -1.15736389 -0.884176314
 712 -0.810041070 -5.27245700E-02 0.912312925 -1.28825378
 713 -0.449339688 0.358198702 1.21244037 -0.867722094
 714 0.983137131 0.181568310 -1.34215260 -0.143088669
 715 -1.44985783 -0.710937798 0.741184056 8.13448429E-02
 716 1.68990642E-02 -0.443600297 0.303184032 -0.744844377
 717 -1.14791119 1.29672730 1.39969146 -1.76803917E-02
 718 -1.76903737 0.396048188 -0.626600027 0.606116354
 719 2.90920809E-02 1.05409944 -0.204431176 -0.840598106
 720 0.335183531 0.201445132 8.90070349E-02 0.228561789
 721 -0.729398012 0.583786905 -1.25094295 7.55728185E-02
 722 -0.198926345 0.585791826 -0.496506661 -0.921150982
 723 -1.10058260 3.25705409E-02 -2.33405530E-02 -1.83969569
 724 0.255135953 5.54371253E-02 0.794003427 -0.128303885
 725 -0.271735698 -0.518226385 -0.421463728 -0.902706861
 726 -0.889758527 0.602689505 4.53976318E-02 0.228917181
 727 8.61240625E-02 0.890200377 -1.23785484 0.653990388
 728 -0.590043545 0.398430705 0.639295757 0.175915018
 729 9.96348262E-03 -0.182179779 1.25113344 -0.602965891
 730 -8.23929533E-02 -0.579484582 -0.545441270 0.188575178
 731 3.12133394E-02 0.330990672 1.00477362 5.55032343E-02
 732 -0.745273232 -0.265299201 -0.625944793 -0.627025843
 733 -0.440705836 0.330705851 -0.174715787 -0.782904029
 734 0.993184268 0.999746501 0.302039355 0.426092058
 735 0.433815897 0.792752028 -1.34373593 -0.846202791
 736 1.07648635 -0.332003385 -0.956241786 -1.04307544
 737 -0.112205550 1.59788263 0.595490575 0.274867266
 738 0.374743193 0.774475038 1.16404414 0.158359289
 739 0.857159317 0.356250793 -0.605891407 0.363744557
 740 0.243617818 -0.254092872 -1.78216434 0.494186223
 741 -0.543011904 0.630432785 0.979340315 9.58571509E-02
 742 -1.02672744 0.984857559 0.211250454 0.147651672
 743 0.686839283 0.453657418 -1.34121215 -0.566188753
 744 -0.961745501 -0.228419363 3.03617418E-02 -0.497938782
 745 -1.72566283 -1.65985405 0.423093617 -1.04841650
 746 -1.01145267 0.356317908 -0.217417687 -8.09854046E-02
 747 -0.855428457 6.75094128E-03 7.68849254E-02 -0.857964396
 748 -0.218604356 0.174569443 -2.12526917 0.256367892
 749 -0.779032886 0.198872373 -3.46760899E-02 -0.262163520
 750 0.899482012 -0.502428412 -0.892397881 -1.07069755
 751 -0.558136702 -0.256073505 1.57303619 0.258150697
 752 0.838758171 0.294832230 0.413710207 -0.755068660
 753 0.515219748 0.208439127 -1.05381942 0.381716579
 754 -0.912567616 0.143220067 -8.92950594E-02 0.132110745
 755 -0.995985627 0.268872172 2.59678555 0.303092539
 756 -0.716574073 0.681190431 0.306367159 -1.12597156
 757 -1.44179976 -7.11627305E-03 0.368728012 0.110899135
 758 -0.572085679 1.12129116 0.428812414 -1.21120071
 759 -0.532645345 -5.93935400E-02 0.933512807 -0.853240430
 760 -0.301216185 -0.486306608 0.109215640 -1.72571838E-02
 761 -0.371784210 -0.231371447 0.944524288 5.24672121E-02
 762 -7.79315084E-02 -0.582371116 -0.466993749 0.316455930
 763 0.458371460 0.726533055 -7.90770277E-02 -3.05672493E-02
 764 -1.00005686 -1.33799136 1.01053274 -0.926151752
 765 -0.902026474 -1.54514253 0.996486366 -1.06568742
 766 -4.22624946E-02 -0.159033924 0.657599926 0.139178693
 767 0.322668195 -7.85525441E-02 -0.495789051 -0.763507724
 768 0.387580037 -0.354205638 -0.348877549 -2.09251028E-02
 769 -6.95562810E-02 -0.170494199 -6.96703941E-02 -0.109249309
 770 -0.446929187 0.904534400 -0.543845594 7.48920441E-02
 771 -2.22028661 0.163286418 1.37329149 0.199344009
 772 -1.21691394 8.54353458E-02 -1.40379488 0.178260326
 773 -0.248254851 0.692549646 0.142974615 0.296109378
 774 -0.289513707 -0.127612576 -0.556471229 -1.22649622
 775 -1.74895704 0.254865915 -0.688035131 0.546224535
 776 -1.55930114 -0.291976720 -0.553838968 -3.30701470E-03
 777 -1.97557956E-02 0.816519439 1.25882030E-02 0.141766280
 778 -0.293668151 0.709854245 1.00811267 2.16740593E-02
 779 -0.543683350 0.553145170 3.00106382 -1.59242544E-02
 780 -0.232117563 0.113205001 -0.242547542 -0.670045793
 781 -0.485891014 0.196515143 1.00116444 -0.247253194
 782 -0.899370790 0.154843077 0.289152533 0.505957961
 783 -1.34392107 0.144069403 -1.84438753 -0.751800895
 784 3.49853933E-02 1.15265858 -5.73316142E-02 -2.02694201
 785 -0.388737082 0.700778604 0.827604532 -1.93797696
 786 -0.743700147 -6.23518303E-02 0.377606869 -0.963080287
 787 -2.45125675 0.360488176 -0.602487504 -0.747829199
 788 -0.811733425 0.895728528 1.53507054 -0.798949718
 789 -0.791263223 0.466313362 1.27908480 0.147142872
 790 -0.284318507 0.489676505 0.849721611 -2.45904851
 791 -1.13835371 -1.06986046 1.13880181 -0.955642223
 792 -1.41133118 1.40047371E-02 0.471090555 0.520938873
 793 0.730557323 0.752953291 0.577248037 -8.27188641E-02
 794 -0.929550350 0.512447178 1.54781789E-02 -1.74515212
 795 -0.159376100 -5.55997193E-02 -0.463268995 -0.733689666
 796 0.227184698 1.72996438 1.45490193 -3.63509953E-02
 797 -1.04400373 -0.557243288 1.21545047E-03 -0.919733703
 798 -1.01042891 -0.130925089 0.691097140 -1.64338207
 799 -0.735988975 -1.20364988 1.71980214 7.15847388E-02
 800 -0.797205091 0.768462062 -1.61934066 -0.413954467
 801 -1.25629759 -0.164395556 0.669528961 0.193632692
 802 0.564015448 2.55935311 4.45419736E-02 -0.788318634
 803 0.477666110 -6.09150119E-02 1.94776356 -1.37363076
 804 -1.27854395 1.09413004 -0.790134311 -0.938539743
 805 1.53671312 0.347910821 -2.32722354 0.292542636
 806 -0.935354114 -8.41049328E-02 0.753890634 -0.953298986
 807 -0.422437549 -0.269875824 -1.90358734 -2.01616216
 808 -0.423185527 2.29375815 0.308707416 -0.977377951
 809 -1.75859928 -0.345148712 -0.159630060 -0.629896164
 810 -0.607413411 0.367175519 1.00353289 0.447334975
 811 0.238563627 6.30522519E-02 -0.108302355 0.231081888
 812 0.381834805 -0.537053347 -0.903809309 -1.83751881
 813 0.312272400 0.798099935 -1.41058660 -0.911300600
 814 0.475083560 -1.37132525 -0.950116098 -0.794248760
 815 -0.915843248 1.33895934 0.797408223 0.102404363
 816 -1.46212530 0.942015648 -0.716490269 0.335273325
 817 0.431560546 0.533576071 -4.93731201E-02 -0.905815303
 818 -0.707858682 0.572058916 -0.366631091 0.670063972
 819 -0.305331230 -0.377512932 -0.961461067 0.356477320
 820 0.489240319 -0.330330998 2.09979701 -0.813791931
 821 -0.677579582 0.626090169 1.51732683 -0.979046702
 822 -0.724134505 1.42988610 -0.301192492 -0.747938752
 823 0.542551816 1.37581027 6.24766350E-02 0.109048672
 824 -0.725580275 -0.541316390 -1.16745055 0.375972927
 825 -1.91158688 4.83856052E-02 -0.177074969 0.336746454
 826 -0.813905537 0.948290408 -0.462089330 -0.786490262
 827 -1.89659548 0.584592164 -0.207760990 2.19050795E-02
 828 -1.56245124 -0.118091337 -5.51806092E-02 0.301327556
 829 -1.05918497E-02 0.451314211 6.79845586E-02 -0.900521040
 830 -1.27257800 -0.276365995 -0.520446539 0.624490082
 831 -1.01172709 5.42409346E-03 1.87780559 -0.201354250
 832 -0.770763934 0.825231850 0.996230066 -0.649833798
 833 -0.851468146 0.728824258 0.177654326 -0.969774663
 834 -0.205096677 1.47053695 0.463477075 -1.18051708
 835 0.380987287 -0.216891319 -1.15711057 0.814072251
 836 -6.63420558E-02 1.28578949 2.16833687 1.80868749E-02
 837 -0.478873193 0.965759993 0.285657287 -9.59599763E-02
 838 -0.167489499 0.546494663 -0.514152646 8.18823427E-02
 839 -1.85473585 0.115123913 -1.20858252 2.80901790E-04
 840 -5.98853230E-02 -0.286486447 -0.677035928 0.272694677
 841 -0.980202019 -0.207640916 0.168528050 0.518223882
 842 -0.683488429 1.12830067 2.90997338 -0.239355385
 843 1.35373306 0.913832009 1.90872538 -1.67912245
 844 0.211947799 0.578682065 1.16778946 0.751067519
 845 -0.704230011 1.20963335 2.50871778 -0.869358778
 846 -1.64943409 -3.06911618E-02 -1.16416585 -1.96782863
 847 -0.401303947 0.572303295 -0.516683698 0.191868365
 848 0.514010072 1.28127027 -0.506222010 0.334901720
 849 0.802965164 0.223064631 -1.57129121 -0.722446561
 850 -1.40883267 0.103186950 -0.874632239 0.114708602
 851 -1.03888357 -0.337292045 1.27665234 1.26228631E-02
 852 -0.954924345 -0.429969221 -1.59294283 -0.648931205
 853 0.136688769 -0.114985272 3.77476066E-02 6.59856647E-02
 854 -1.17306209 0.703351378 -0.220189363 -0.933266997
 855 -1.04896617 -0.270156443 -0.768071055 -1.00216973
 856 0.567095995 0.566716790 0.994608283 0.253826201
 857 -0.408497512 -7.41481781E-02 0.370515347 -1.14634192
 858 -0.479557991 -0.463999331 -0.112952136 0.169427857
 859 -0.915377617 1.10800886 -1.31857097 0.113729835
 860 1.81742263 1.23502517 -0.810913563 -1.91069436
 861 -0.559292614 0.765014291 0.973122895 0.103551500
 862 -1.19958258 -1.21967328 0.129174054 -0.924749315
 863 0.132105350 0.917732298 -0.909931123 -3.06764245E-03
 864 -7.18561858E-02 -0.620828211 0.450897604 -0.990387440
 865 -2.19401336 4.65908945E-02 -1.06629407 0.550100565
 866 0.440968394 1.25946593 0.465963900 -1.23607969
 867 -1.07818580 -0.555978358 -1.28065062 0.425847381
 868 1.49501383 0.634748042 -7.57289380E-02 -0.804702938
 869 -3.52255329E-02 0.163349345 0.602378249 -7.64064938E-02
 870 -1.41725838 -0.800266385 -0.218843982 -0.380945981
 871 -1.21729219 1.13361466 -1.11372900 -0.593809724
 872 -0.787701488 0.121292725 0.875323892 -0.133796036
 873 0.353978723 -0.924671829 -0.890244961 0.210492894
 874 0.740137577 0.280231386 5.43411002E-02 -0.674101233
 875 -0.241597623 0.827718973 0.500532687 0.339589357
 876 -0.943428755 0.356655389 -2.34163022 -0.832823336
 877 -4.03659195E-02 0.600113809 0.698707342 0.350317806
 878 0.638289154 -0.744208038 -0.243213326 0.427454770
 879 -0.504378915 -0.189365014 0.843299389 0.496239185
 880 -1.71068430 0.677659631 -1.25962532 -0.854214191
 881 0.156790450 -0.476304352 -1.77527237 -0.475384355
 882 0.469480276 1.57614362 1.40705705 0.194115207
 883 0.318236411 0.563617945 1.32261634 -0.671678364
 884 0.156660140 3.08140181E-02 -1.90069127 -0.623159349
 885 6.33057505E-02 0.988867640 0.475139678 -0.971244156
 886 -0.728420556 0.402903527 -1.15663743 4.57544029E-02
 887 0.172246411 -0.265148342 2.12191939 -0.801917017
 888 3.74151580E-03 -0.146769449 0.889479876 0.101562366
 889 -0.397734284 0.518796384 -1.65520072 0.228689268
 890 -0.492063493 -6.74771294E-02 -0.835943520 -0.660044312
 891 0.348023862 1.84673989 1.64831674 0.104557432
 892 -8.16472322E-02 0.600682735 0.258175790 0.736975253
 893 -0.623122811 0.585904181 1.24892402 0.171583831
 894 -0.658861935 -0.404547989 -0.267960489 -0.977428079
 895 1.24889231 0.212119073 0.429621071 0.214700431
 896 -1.39523149 7.58995414E-02 -0.697967589 0.250721276
 897 -1.65332246 -0.689450145 -1.08928621 -0.970553398
 898 -4.92634997E-03 -0.284940004 1.24375069 -0.659821153
 899 0.361296147 0.302573830 0.117159486 -0.836945534
 900 0.929549456 1.34931588 -0.203064471 0.301922590
 901 0.262141973 1.02906823 -0.914781332 0.358557522
 902 -0.514489591 1.36425161 -0.396077484 0.118046105
 903 -0.273121357 -0.517267346 -2.04063916 -2.23298311
 904 -1.51821637 0.400644839 -0.105895430 -1.64267480
 905 -0.384379119 0.843428195 -2.71891165 -0.526091635
 906 -0.999699593 0.329494268 5.24039567E-03 0.204533637
 907 -0.271589458 0.107766047 -0.480898023 -1.13397086
 908 0.255391449 0.580807567 3.60489562E-02 0.331322640
 909 -1.76385641 0.361735910 -1.57733381 -0.823580682
 910 -9.87147540E-02 3.15222777E-02 -0.677880764 -4.22591269E-02
 911 -0.268291801 0.545224428 -0.803990245 7.57025480E-02
 912 1.16808033 -0.169505849 0.647914052 -0.653047323
 913 1.24637830 0.836625695 -0.892357349 0.182468086
 914 -1.20662367 0.236807674 -0.787926972 0.175908148
 915 -1.13045180 -0.566887617 2.03184628 1.79848373E-02
 916 -2.58430410E-02 -0.161521479 0.690957308 0.319838762
 917 2.66690906E-02 0.105939068 -0.430449724 -0.445893914
 918 -0.350904673 7.27251917E-02 0.596558690 0.225530833
 919 -0.297126114 -0.781019270 -0.112713531 -1.74278986
 920 -2.74284768 -0.938341677 -1.25565159 -0.721301854
 921 0.851971209 0.302360415 -0.912504315 0.357123196
 922 0.807992637 -0.167668954 -7.41975978E-02 0.225356579
 923 0.234503627 0.498086303 0.504564524 0.447274655
 924 0.779591799 0.157199025 0.994262457 -0.948901355
 925 1.55218685 1.05927455 0.246956706 -4.01045829E-02
 926 -1.99378920 -0.665760517 -2.39947701 -0.739426732
 927 -0.982656062 -0.407556474 -2.06907368 -0.577125072
 928 -0.827266276 0.361267269 -0.351991236 -0.737527132
 929 -1.62665272 -0.401765198 -1.23456085 -0.891104341
 930 1.40043986 1.46973336 0.483529627 0.326079845
 931 -0.155137897 -0.646624684 -0.302565664 -2.08993340
 932 -0.105839416 -8.30131099E-02 -0.930756390 2.53523141E-03
 933 -0.325048089 0.455256581 0.377644598 -1.75468421
 934 -0.511888087 0.238607004 -4.68604118E-02 0.511019945
 935 -0.130577803 0.664358258 0.253892004 -0.836540401
 936 -0.849831343 0.261230797 -0.637667954 0.132827178
 937 -0.858550668 -0.934041858 0.364818513 -2.02864981
 938 -1.03860593 -1.84264481E-02 0.178162009 0.384368658
 939 0.686355591 0.282500267 9.48491096E-02 -0.531692684
 940 -0.116097018 6.58452362E-02 0.306710839 -0.978086412
 941 0.502299726 0.558268785 -1.19424146E-02 2.89869979E-02
 942 -1.37482345 0.856798351 -0.568581581 0.183719352
 943 -0.732035458 1.60635114E-02 0.817040861 -0.238007337
 944 -0.574593127 -0.537178457 -0.850917459 -1.59817004
 945 0.635066330 1.27819145 -1.16170597 -1.01940072
 946 -0.736768603 2.31261086 -0.841936350 0.552706599
 947 -1.01667893 0.738143384 1.72257948 0.298568279
 948 -1.06382394 5.18277287E-03 -0.493875027 -0.949364126
 949 0.931131423 0.788903117 -1.22625268 1.88624635E-02
 950 -0.123526797 1.07125235 0.603447676 -0.334351122
 951 0.579027712 -1.16273355 -0.545115292 -1.75147676
 952 1.33478236 1.80677998 0.193330869 -0.701329291
 953 -0.118471697 0.105684333 0.390400440 -0.204663798
 954 -0.752053440 0.583640575 1.10174513 -0.872871399
 955 -1.49008989 0.523348868 -2.70172596 -0.726648211
 956 -0.995398879 -0.452827126 2.74437571 0.122656368
 957 0.369765341 0.548661649 -0.629191220 -1.17191672
 958 -0.876918256 0.132707745 -1.45522594 -1.40370464
 959 0.726568103 0.138069153 0.491198182 -0.637819707
 960 -9.04635936E-02 -1.42245054 0.145539075 0.346322924
 961 -0.707283378 -1.69255137E-02 0.310223341 -0.457550168
 962 0.442240506 0.982414126 2.06963420 -0.728538513
 963 -0.412625313 0.286058187 -0.901105225 0.301438719
 964 -1.05432284 -0.424534976 -0.680881739 -1.99476027
 965 2.31774300E-02 0.577919185 -1.09959865 0.306937695
 966 -0.402684450 0.936274052 1.48096776 -1.20913196
 967 0.436198562 1.26542258 -0.851351142 -0.830392003
 968 -0.296123236 -0.173479840 0.517927766 -0.810149491
 969 0.701396763 0.777147770 0.502951145 2.04693154E-02
 970 6.44884259E-02 6.36702627E-02 -1.45699847 -1.75879037
 971 0.325410724 -0.286585093 -0.244356111 0.434269428
 972 -1.83455014 0.208552733 -0.257742345 0.337545395
 973 -0.660639465 1.69304395 -2.35444456E-02 0.204429016
 974 -1.03468812 -0.554501295 9.13844556E-02 -0.572404861
 975 -1.23393607 1.15753126 -1.53248298 0.490588695
 976 -1.44634569 -0.882846832 -0.384381592 -1.07160580
 977 0.333298028 1.37235737 -0.377034575 0.283735394
 978 -1.14375579 -0.507311165 0.105319589 0.479690820
 979 0.241387576 0.710190713 -1.21292067 9.10268277E-02
 980 -0.668977737 0.788614631 -0.306067705 1.18449032E-02
 981 0.591701329 0.331039250 -1.18012691 -0.119375542
 982 -0.662653744 -0.346792847 0.100851424 0.249573767
 983 -1.56207824 1.54678571 2.70726657 0.264156163
 984 -0.697355151 0.376753420 0.381837249 -8.22171420E-02
 985 -0.920690775 -1.03138041 0.238340199 0.332916588
 986 -1.78593159 -0.852344453 -0.945562243 -0.762490451
 987 -0.628979564 0.489199281 0.231683791 0.369387269
 988 3.22710313E-02 1.58099580 -8.88357759E-02 6.80910647E-02
 989 -1.72628617 -8.24285075E-02 0.398428857 -0.510763466
 990 0.293348342 1.12803626 -0.768865824 0.220029801
 991 0.173645303 -0.600752890 0.350651860 -0.722972512
 992 -1.32323420 8.13916475E-02 0.159533814 -0.920139730
 993 -8.74845684E-02 0.191650525 -0.911005914 -0.616846919
 994 -1.74467862 0.469868451 -4.57287803E-02 -0.729628384
 995 0.155951247 -0.683736563 1.15351236 -0.277154446
 996 -0.332740784 7.18028620E-02 8.71125385E-02 -0.635629714
 997 -1.36619651 0.541840196 0.702538490 0.244428486
 998 -0.576643467 -0.178694665 -0.659982622 -0.798403859
 999 -1.72928119 -0.340293765 -0.296986699 -0.554399669
 1000 0.983409047 1.25454354 0.506130517 -0.931062877
 1001 0.467448860 -1.34296715E-02 -1.42441154 0.291370034
 1002 -0.637369990 0.706522048 -0.168974876 -1.03604257
 1003 -0.679404676 -4.20828462E-02 -0.697983980 -0.913548589
 1004 8.27351362E-02 0.787941098 1.92921609E-03 -0.870633721
 1005 -0.952588379 0.691780686 -0.663501024 0.386643112
 1006 -0.295572102 0.630817890 5.09994775E-02 0.105796307
 1007 -0.734808326 1.02846658 -0.674206018 0.774806619
 1008 0.227591962 -0.208863229 -0.177725509 7.51678050E-02
 1009 -0.726155698 0.580838799 -0.950945079 0.370533973
 1010 6.41169548E-02 -0.256083667 -1.13445997 -0.787445128
 1011 -1.72750676 -1.17073774 -1.27668047 -1.77272224
 1012 -0.341546655 1.06079125 0.395741135 0.172096908
 1013 -1.61873031 4.32122946E-02 0.400813937 0.348296136
 1014 -1.31858361 0.101310804 -0.222786367 -1.06784165
 1015 0.943990707 -0.502009869 0.620454729 0.259524763
 1016 0.696962833 -0.182819277 -1.53746808 -0.757681608
 1017 -1.63681006 0.814327002 -1.93259192 0.496677488
 1018 -0.688937247 0.903183043 -2.03668451 -1.63088286
 1019 0.263399452 0.242608383 1.21539533 -1.02403015E-02
 1020 8.13848525E-02 -0.133512944 -1.60510242E-02 0.211934537
 1021 -0.611933470 0.768588781 0.641085148 -0.912908554
 1022 -1.31966376 -0.943534911 -1.19926345 -0.839651704
 1023 -1.13978922 2.33632326E-02 1.13358510 0.400638342
 1024 1.11864114 0.692593217 0.833116889 -0.107448950
 1025 -0.319718063 0.593945861 -0.208742663 0.401301056
 1026 -1.19762218 -0.965901732 0.779958367 0.223803163
 1027 -0.175900191 -0.806975842 -0.885523915 0.469119966
 1028 -1.06028247 1.17687082 -1.62748814 -1.57888770
 1029 -0.692205012 0.240674466 -1.15983188 -0.246764898
 1030 -1.15260565 -1.25796628 -9.54278260E-02 -0.571570635
 1031 0.293984950 0.128190890 -1.69047523 -1.21211338
 1032 -0.236028582 -0.803582966 -0.897001445 0.177605584
 1033 -0.141780049 1.70746744 -1.09596050 -1.00674069
 1034 2.65200996 -1.68007362 -0.969044089 0.937159479
 1035 1.13419747 -2.20688534 0.253502935 -0.398643702
 1036 1.43129456 -0.981478691 -0.902467847 1.58807790
 1037 1.58829618 -1.09868896 0.190195218 1.23428094
 1038 1.62991095 -2.43814969 -2.74925947 1.20314693
 1039 1.77456820 -1.05870390 1.51553357 -3.83106992E-02
 1040 0.710068822 -1.55042660 -0.751322508 0.420254201
 1041 1.33659387 -0.481908381 -0.285352409 -0.787230134
 1042 1.90739751 -1.20943701 0.277728140 -1.32033515
 1043 2.31560302 -0.663552821 -0.820807755 1.10616636
 1044 2.79835629 -1.01331568 1.99391395E-02 -1.23807430
 1045 2.32984066 -0.211415261 -1.25847340 1.74495661
 1046 0.926540852 -2.19060493 -2.06907105 0.488845527
 1047 1.21024036 -0.672238648 -0.273302019 1.67725062
 1048 2.66862392 -1.62580729 -8.21454823E-02 -0.103423692
 1049 1.03298748 -0.651727319 -0.520196974 -0.814336240
 1050 1.96600759 -1.97143686 -0.661552727 -0.265802592
 1051 0.857003748 -0.585094810 -0.539568543 -0.442921221
 1052 0.867537081 -0.820018291 0.329780757 -0.428768575
 1053 0.573827147 -0.341307312 -0.671355367 8.13126639E-02
 1054 1.44029951 -0.630721807 0.111779481 -0.905682981
 1055 1.60538459 -1.51966202 -1.82817686 6.39113784E-02
 1056 1.13965917 -1.01220965 -2.07411075 1.49546027
 1057 0.715073586 -0.725728750 -1.46562123 0.197888687
 1058 1.95970857 -0.830687761 1.14372802 0.983479440
 1059 0.360785931 -0.155482411 -2.12020874E-02 0.227571517
 1060 1.83440375 -0.417297721 0.571440339 0.148509681
 1061 1.85592294 -1.13778579 0.257959992 0.904261231
 1062 1.93737102 -1.44093287 1.02601194 1.00255311
 1063 1.56538618 -1.26061213 0.888184607 0.185710222
 1064 1.85334563 -0.986621201 -0.731900454 1.66099215
 1065 1.46873593 -3.03217626 -0.619493246 -0.716247737
 1066 2.59831500 -1.30967402 0.997112930 1.02766109
 1067 1.77353454 -1.78705144 -2.81223729E-02 0.269816130
 1068 1.21600580 -0.838822007 9.65631753E-02 -0.218398452
 1069 2.28631353 -1.52563632 0.433590770 0.127149701
 1070 2.17526340 -1.39005041 -6.10094517E-02 0.440305352
 1071 3.15041924 -1.56472492 -2.17771530 0.936528921
 1072 0.734971821 -0.663001835 1.13911116 0.508037269
 1073 1.38786292 -2.24798989 -0.198922455 -0.645287216
 1074 0.799165905 -2.25215650 1.45661676 -0.843388796
 1075 1.37693191 -0.912556469 0.137208879 1.27179551
 1076 2.35461235 -1.42092884 -0.482604712 -1.05987108
 1077 2.47807884 -1.77735484 -1.30551815 -1.13927138
 1078 0.566310287 -0.360876948 2.18787193 -1.35592079
 1079 0.933254182 -0.892572343 2.33930922 0.375426143
 1080 2.42285919 -1.33937728 1.77866054 1.31832242
 1081 0.921892524 -0.877388477 -1.57411087 0.232168853
 1082 1.72888732 -1.58464289 -1.17174006 1.50110030
 1083 1.06112921 -1.52792418 -1.08841777 0.992180586
 1084 2.93126774 -1.44870794 -1.73726463 1.19570935
 1085 2.59392667 -1.20527637 -1.21806979 1.54275751
 1086 1.78530991 -1.19587839 -1.19663644 1.46800065
 1087 2.08758092 -1.38655031 -0.227448896 0.555738270
 1088 1.23636234 -1.58041680 -0.593815804 -0.142528504
 1089 2.38206673 -0.221334606 1.57400906 -0.106494874
 1090 1.55551505 -0.513807237 -0.862066269 1.11713707
 1091 1.22305298 -0.582145631 -0.199611813 1.26055789
 1092 2.84768581 -0.822615385 -1.38209248 0.778204203
 1093 0.783180833 -1.40660679 -0.958882451 -0.175599009
 1094 1.58829021 -1.73168206 1.48591161 1.25585413
 1095 1.27574408 -1.58095455 -0.240797535 1.09597468
 1096 1.51961541 -1.12972498 7.52118826E-02 0.606010079
 1097 2.88119626 -1.76060939 -1.36774027 1.08488381
 1098 2.54286718 -0.993131220 -0.724904537 -0.795201957
 1099 1.58210564 -0.950128555 -0.893456876 1.59020412
 1100 2.64151192 -1.01547718 -1.17262864 1.82783604
 1101 2.17148995 -1.82500064 2.80176550E-02 0.849100828
 1102 1.24175620 -0.834736407 -0.997292697 -0.925731063
 1103 1.79639864 -0.830700815 0.416300476 1.56889772
 1104 1.90809536 -2.06141973 -1.51239705 2.23340869
 1105 1.38499784 -2.02645278 0.291192174 1.21794510
 1106 2.09920073 -1.72400737 -8.59351456E-02 0.852754116
 1107 1.71573448 -2.25543046 -0.331474423 0.405888915
 1108 1.74094677 -1.82882547 -0.182021752 0.290688455
 1109 1.49997127 -2.88107204 -0.834090531 1.94763708
 1110 1.23476350 -2.45292401 4.24298346E-02 1.34525692
 1111 0.720950425 -2.14381194 -0.229018793 0.616408706
 1112 1.86388659 -1.72213602 0.777342081 1.13587546
 1113 1.78480971 -2.49322963 -0.412682295 1.41244698
 1114 1.03190506 -1.46237111 -4.58246991E-02 1.28741145
 1115 2.02575111 -2.24737501 -1.33907819 0.866450787
 1116 0.621261656 -0.821355462 -0.269342005 1.16664410
 1117 2.71666932 -1.62598169 -1.25192034 -6.98190257E-02
 1118 2.29488659 -2.42853141 6.42448664E-03 0.305615187
 1119 1.95230842 -2.16897535 0.619402885 1.00163126
 1120 0.860703945 -1.38637781 -0.488421649 1.55518448
 1121 2.19015694 -1.15244257 1.52999783 1.02793717
 1122 3.15983486 -1.38914859 -0.767551541 0.509055436
 1123 1.63876557 -1.67605913 -0.895486951 -1.11494970
 1124 1.88360822 -2.30465078 -2.38255429 0.126363084
 1125 1.17962015 -2.59070373 -0.610567153 0.977223694
 1126 0.598620474 -1.19733167 -0.332706243 1.95460820
 1127 1.48770261 -1.74916291 -0.462807477 2.06444359
 1128 2.19836283 -1.38608718 -2.28535700 -1.42993307
 1129 1.48075843 -0.304731190 1.02278459 -1.00438356
 1130 1.65549886 -2.01569557 -0.173260376 -0.752358496
 1131 1.36188483 -1.23916185 -1.31397116 0.256053090
 1132 1.18408191 -3.71858627E-02 -0.105896063 1.23244500
 1133 1.92716253 -0.990664184 -1.10961485 0.231137544
 1134 0.963366091 -1.98176908 -0.547761440 -0.650075555
 1135 0.965480685 -1.23534441 -2.04468131 0.887107134
 1136 1.60746622 -0.145256191 -2.20517540 0.659131944
 1137 2.28014302 -1.76430392 0.212712750 0.251644522
 1138 1.84109843 -1.98522437 0.276194334 1.60167265
 1139 1.12498796 -2.13603306 0.784361839 -1.92261004
 1140 -5.28351143E-02 -1.50821757 0.176851958 -1.63085449
 1141 -0.232993394 -1.04881966 0.153637975 0.832097769
 1142 2.50150633 -0.733518183 0.606083751 1.69262731
 1143 2.11609793 -2.35607839 -0.641394496 3.50080395
 1144 1.06551921 -1.95642424 -1.20365405 -0.232500136
 1145 0.643467188 -1.81397986 1.69331455 1.55423939
 1146 1.46124887 -1.47652864 7.85585493E-02 1.50066471
 1147 2.25211084E-02 -1.50647247 2.43991828 1.66844583
 1148 1.24891543 -1.00523150 1.26007855 1.63286960
 1149 1.63619781 -2.23265958 -1.87200856 3.33090806
 1150 0.923326135 -2.74772429 1.00882411 3.52030635
 1151 1.89306843 -0.872179508 -2.13089776 3.11027980
 1152 1.18679547 -1.30526233 0.767772436 -0.370474190
 1153 1.60326076 -2.16744542 0.498515725 1.69188476
 1154 1.54205668 -2.81410789 7.79478252E-03 0.448156118
 1155 0.601702452 -1.14642131 0.572283804 0.375586271
 1156 1.93584716 -1.56509936 -0.122885138 4.21285629E-03
 1157 0.762184381 -2.14604950 -1.60171163 1.59979928
 1158 0.495048046 -1.14799178 -1.08412671 1.53891766
 1159 0.625110567 -2.51821709 -2.09370208 2.00182962
 1160 2.25630188 -1.11946082 0.899540544 1.63441110
 1161 0.611644745 -1.22193491 -0.481759995 0.639356554
 1162 1.39714098 -1.13871598 0.729737341 1.54280472
 1163 1.56228173 -0.518996537 1.61637521 3.43781233
 1164 1.91017795 -2.21622181 1.72013330 3.25561762
 1165 1.41447842 -0.854519188 1.73657477 1.59894693
 1166 2.03719497 -2.34340000 1.32788467 1.87309587
 1167 1.31779575 -2.11111593 5.64391911E-02 3.36392665
 1168 0.501194775 -1.43296170 0.963647246 1.93487930
 1169 1.25074494 -1.87354159 -0.666648209 3.57150555
 1170 1.95728481 -1.11130941 0.382521033 1.19786882
 1171 1.61927676 -2.23044348 0.180196762 1.35182190
 1172 -0.116017029 -1.51687002 1.49536836 -0.130977318
 1173 1.93638432 -0.492508948 -0.401678324 -0.173485979
 1174 1.21738863 -0.444475323 2.20007873 2.27532482
 1175 0.656700671 -1.38176966 1.92532873 3.27993226
 1176 1.59821343 -2.64052773 0.760652721 1.31793165
 1177 0.589104474 -1.94298685 0.233933747 1.27252102
 1178 1.03939760 -0.132129073 -1.12333095 3.47485423
 1179 2.16935635 -1.55974281 2.03877017E-02 3.71459913
 1180 0.981258094 -1.53593266 1.99702358 1.90290296
 1181 1.47066081 -1.94860077 1.16924500 -1.18455982
 1182 0.557533205 -1.38981009 2.43748999 0.185260490
 1183 1.32723105 -1.66090417 1.40583992 0.204873577
 1184 0.986205637 -2.08167458 -1.23320282 1.29569972
 1185 0.875501037 -2.89673758 -1.34153366 -4.89736646E-02
 1186 1.05854106 -2.10530400 -1.41420674 0.227281421
 1187 1.33653224 -1.22590315 1.21563029 2.00011349
 1188 0.422923744 -2.53914022 -0.173208475 1.34909105
 1189 1.33746123 -1.07203722 0.180654570 -1.57286477
 1190 0.467954010 -2.48282719 -0.996766269 3.65338850
 1191 0.672678947 -1.29552376 -1.06190443 3.47697973
 1192 1.87298405 -1.64250112 2.76906490 1.61974907
 1193 2.24336481 -0.900742948 -0.989460111 3.20824385
 1194 1.28077567 -2.57044649 -0.615328610 1.40656149
 1195 0.622903287 -1.60161161 1.29665065 -4.15059477E-02
 1196 8.33192095E-02 -0.997278810 1.65509987 -0.208071515
 1197 1.28204262 -2.21771574 0.194363832 1.81560290
 1198 1.34111404 -1.03434789 0.520285010 3.39829111
 1199 1.25795138 -2.56314492 -0.370270669 1.63962376
 1200 2.47309685 -1.49320829 -0.325022280 1.25686228E-02
 1201 1.01971889 -2.00538731 0.161925569 3.19382906
 1202 1.79654753 -3.32517290 -0.742402494 -0.480319560
 1203 2.58834243 -1.67095578 0.503437519 1.72661281
 1204 0.885590851 -1.52819288 0.877709210 4.05662727
 1205 1.51216173 -1.78924346 -0.824949384 1.24916792
 1206 0.310787469 -1.44746077 -0.167883545 3.41984510
 1207 1.03457475 -1.65143561 -1.72059870 3.20640016
 1208 1.07291067 -1.04837537 0.258204192 -0.280146778
 1209 1.80704427 -1.30274785 -0.864756107 3.58868718
 1210 1.28415000 -1.50803590 -1.94882798 2.26219773
 1211 0.826639473 -2.36663628 0.480174750 1.61743879
 1212 0.535051286 -1.68316388 1.78144693 0.565284193
 1213 2.35741585E-02 -2.53316474 1.91323054 1.99304366
 1214 1.43646145 -1.87532437 8.96504372E-02 -1.39991140
 1215 2.53429031 -1.53351390 -0.713497281 3.60202670
 1216 1.70916104 -2.48752475 1.14132595 0.166696399
 1217 1.71916175 -1.27676821 1.52321923 -1.67336845
 1218 2.47531700 -1.17149019 -0.890405655 3.39297175
 1219 0.676274776 -0.869369507 0.212850794 2.11844206
 1220 1.22578192 -1.26129961 1.00539863 1.76437104
 1221 0.481097788 -1.33026218 -1.45006812 1.93185687
 1222 1.18185997 -0.185392037 0.541044772 1.59861207
 1223 1.04397547 -1.12319100 -1.75038218 2.04144192
 1224 4.19979095E-02 -1.16814637 0.554422379 1.92506897
 1225 1.34317851 -1.26477873 -0.504014909 3.58545756
 1226 1.49236751 -2.51747870 -0.204662636 1.85639548
 1227 1.03711164 -0.854509115 0.569972515 0.390635371
 1228 1.26692247 -1.84373462 2.49338007 1.82010722
 1229 0.343842357 0.153603271 1.95510817 3.25426817
 1230 1.27380478 -1.73322368 0.191201791 0.596635342
 1231 2.51171875 -0.544923782 0.908187509 3.37208700
 1232 1.71478736 -1.64872670 -0.241356343 -1.78870809
 1233 -8.80844891E-03 -0.564817071 1.15613317 3.33679914
 1234 1.37768209 -1.07765329 -0.404900432 1.53549385
 1235 1.45580244 -1.73745179 0.166137099 2.07461190
 1236 1.58888555 -0.404243976 -0.982062936 1.85090804
 1237 1.53039587 -1.07705355 1.00890183 3.28083658
 1238 0.945975900 -1.83836222 -1.03910613 0.211137623
 1239 0.768888175 -1.65449178 -3.03351283E-02 2.12295532
 1240 1.46311152 -1.20900476 0.441396266 1.64106882
 1241 1.10846603 -1.76903069 1.73297560 0.209382132
 1242 1.35838878 -1.82625234 -6.10583425E-02 -1.50224745
 1243 1.21869957 -3.03851938 8.13856721E-02 1.63885307
 1244 0.887087405 -0.973396122 0.899699092 1.75069857
 1245 2.09524035 -1.62807322 8.57391208E-02 -1.72495270
 1246 1.21545887 -1.31788290 1.19497502 -0.196390480
 1247 1.37707603 -0.211055011 0.173298702 0.511303306
 1248 0.955162883 -1.08105803 0.252047330 1.56425941
 1249 0.597701013 -1.40789247 1.43603635 3.44705272
 1250 2.04745054 -1.47066963 -2.64527154 1.50234234
 1251 1.96382475 -1.24836326 -0.533498526 1.85122788
 1252 0.121215731 -0.861048996 -0.795401096 0.194111735
 1253 2.43221998 -1.03436375 -0.548425317 3.37617135
 1254 3.01791310 -0.928498447 -0.747943997 1.99392271
 1255 1.42212379 -3.03838396 -0.365802228 3.37293577
 1256 1.51361585 -1.05569637 -2.06008029 1.60934865
 1257 1.66384482 -3.23400283 -2.13968801 2.06084800
 1258 1.17031157 -1.48170698 0.285316646 3.26711822
 1259 0.771141052 -0.263167679 2.10476780 1.79729545
 1260 1.30605185 -2.17032385 -0.891956925 1.44797730
 1261 2.11669254 -1.33292150 0.762130618 1.50266469
 1262 1.23350859 -2.72943902 -1.38791931 1.68394840
 1263 2.09062958 -0.425357848 1.41189265 1.57548726
 1264 0.402783751 -1.04505157 7.61685744E-02 -1.67609304E-02
 1265 1.49765897 -2.23163915 0.376771867 0.158707693
 1266 0.881896257 -1.46185362 -0.131982222 1.90267897
 1267 1.73525071 -1.63553476 -0.337032855 3.32573986
 1268 -0.222619012 -2.20399618 1.70759737 -1.44696498
 1269 0.489339650 -0.797573924 0.313923478 1.76394367
 1270 1.14801407 -0.424577624 1.76177907 3.54082298
 1271 1.23436999 -1.01537120 5.98236918E-04 3.30797672
 1272 0.382243514 -1.74494779 1.18274128 2.00710821
 1273 2.39884114 -3.95826554 -0.159005865 3.23108959
 1274 1.17121518 -0.690342426 0.655793548 1.65053630
 1275 1.48605967 -0.891562879 -0.810639262 3.47845364
 1276 0.812541425 -1.79830492 0.947334051 1.72426438
 1277 1.07045817 -2.60300088 -3.38836163E-02 3.52510619
 1278 1.13130927 -2.34319568 2.44344139 2.14890432
 1279 1.22383046 -1.13480997 1.45750487 1.31754875E-02
 1280 1.15099216 -1.57284772 5.83730116E-02 1.39261067
 1281 1.34034288 -2.14034081 1.61644065 2.15926194
 1282 1.10385537 -2.21052933 1.70929885 3.53829622
 1283 -0.278498769 -0.947665870 -0.307501584 1.34745288
 1284 0.734864473 -1.56273019 0.322439849 -1.57052660
 1285 2.04146242 -2.27677321 0.207653493 3.22287846
