 1 -0.434883744 -5.87179996E-02 -0.381110072 -0.903626800
 2 -0.244622394 -0.554275811 -0.355437249 -0.539429128
 3 -1.01608932 -0.681729376 -0.514850497 1.71750903
 4 0.809258580 0.894111514 1.53112598E-02 -0.557041109
 5 -0.423255205 -1.38913095 0.732638836 1.47760355
 6 0.246507213 1.72733855 0.794615865 -0.517932296
 7 0.578655422 0.119574487 0.660593867 -1.08301759
 8 8.18643719E-02 0.891018510 8.54002535E-02 -0.383802772
 9 1.33359861 0.324378699 -0.167528033 -0.691626728
 10 -0.586665750 2.02519298E-02 -0.775685370 -0.604143262
 11 -6.84024468E-02 0.432616472 -0.700473428 -0.261510551
 12 -0.496059120 0.924578071 0.697991252 -0.210428059
 13 -0.408557206 -2.21781731E-02 -6.61074370E-02 -0.435980439
 14 -0.250649184 -1.03446198 0.450425565 -0.310326725
 15 0.163843364 0.863005340 1.12681484 -0.840876579
 16 0.267318547 1.22433436 -0.764690757 -0.765403628
 17 -0.641208529 -0.980097771 1.02818799 -0.852775753
 18 0.296454668 0.798438728 0.551284254 2.81333947
 19 1.10992241 1.58499336 1.20538187 0.494150102
 20 3.31077948E-02 1.96042037 -6.77390695E-02 0.530333519
 21 -0.439909577 0.337804735 5.24286032E-02 -0.564382792
 22 -0.787974834 -0.701778293 0.249554619 0.201838464
 23 1.38710988 0.246664137 0.655990660 -0.561525643
 24 -1.11667681 1.83373094E-02 0.908507943 -0.923986971
 25 -0.736510515 -0.201205343 -0.745292008 -0.730796337
 26 -1.36318910 5.48820794E-02 1.00804973 1.65426481
 27 -0.964034557 0.407885194 0.752145588 -0.794858217
 28 0.457221389 -1.44753933 0.329006135 0.484518945
 29 0.303108841 0.120815046 -0.333273977 -0.881998956
 30 0.490856230 0.200547487 1.14113092 -0.288055509
 31 0.140186220 -0.661497355 -1.32147849 -0.778446198
 32 0.585278869 -1.06104326 6.05711713E-02 0.284826458
 33 0.257901222 -0.148409262 1.54814470 -0.607590556
 34 -0.678220630 -0.821522892 0.907901406 2.14664841
 35 -1.30738199 1.54231024 1.27687275 1.44180989
 36 -0.710919797 0.469160706 0.360434234 -1.01438022
 37 7.65388608E-02 0.793003082 0.713386595 -0.570170522
 38 -0.100373410 -0.803758621 -0.257656872 0.786699831
 39 3.41986790E-02 -0.480966449 0.788757265 0.249554187
 40 0.346794009 0.730811477 1.06535983 -0.623488247
 41 -1.00342298 0.273769945 1.00242817 0.288495690
 42 -0.373209774 0.448646843 -5.06598577E-02 0.202008992
 43 0.361992657 -0.118557617 1.14421165 -0.354794025
 44 -0.763725102 1.33576190 -0.225291014 0.830857396
 45 -1.10292053 0.871712685 0.543657422 -0.778034568
 46 0.144383267 -0.310636997 0.864615381 -0.921497524
 47 0.621158957 -0.857346654 1.94992232 -0.613996208
 48 -0.558826745 0.376184344 0.772396266 0.549841285
 49 -1.05629420 1.75018764 0.398136735 0.299040407
 50 -0.598066568 0.560206294 0.188981369 0.976197898
 51 -0.240956232 0.674683928 0.445409030 0.520407617
 52 -0.149067402 0.506243467 0.416592300 0.405808002
 53 0.376699746 0.972386658 0.161869109 -0.755105793
 54 -0.294665217 0.832440376 0.612832606 -0.654951096
 55 -0.491484791 -0.226453334 0.845770478 -0.742738485
 56 1.32114494 -0.119000323 -0.865650475 -0.230806708
 57 -0.723660588 0.460824877 0.158528343 1.54080212
 58 -3.24477181E-02 0.289072722 0.658457160 0.646301687
 59 -9.29890275E-02 1.29983115 0.266861558 0.710099220
 60 -0.357884139 1.09732342 0.349739403 0.416725397
 61 4.15014327E-02 -0.402801633 1.02549314 -0.581025362
 62 -0.956537187 0.839732289 0.965372860 -1.10824132
 63 0.327510059 -0.586551845 1.62896609 -0.566855788
 64 -0.174396381 -0.961867154 -4.26058471E-02 -0.451012105
 65 0.579836369 -0.178374246 0.573044181 -0.479205787
 66 -0.573706567 0.651585579 0.608915091 -0.910452604
 67 -1.45758474 0.526270986 -0.221038342 0.676680446
 68 3.68520357E-02 -0.109921254 0.649916649 -0.348689795
 69 -2.29467225 1.16690278 0.507094085 0.485960245
 70 -0.667972744 0.813350260 9.70650092E-02 0.193868086
 71 -0.533065975 -0.341538727 0.200868145 -0.137111709
 72 -0.574368596 0.206204444 1.08594668 0.360879511
 73 -1.04841685 -0.744704545 0.164303049 6.52493238E-02
 74 -0.965855122 0.489206702 0.140084043 -0.499022514
 75 -0.830068052 0.400293797 0.476455629 -0.470657945
 76 -0.204649299 1.52717137 0.390396029 -1.02092719
 77 -0.911293149 0.699655533 1.10746467 0.784475029
 78 -0.927210331 0.750962794 -0.296163917 -0.642421246
 79 0.866127133 -6.14655018E-02 0.840241492 1.77636003
 80 2.50277817E-02 0.159986347 0.523536921 -0.812631667
 81 0.162164837 6.87613990E-03 -0.176979497 3.25081050E-02
 82 -1.06997979 1.49118209 1.16230166 -0.634374022
 83 0.421207398 0.247372359 -6.79250956E-02 -0.510051191
 84 4.26328182E-03 0.731979549 0.352145612 -1.04307604
 85 -3.74455675E-02 0.413058758 -0.379941285 -0.698326230
 86 -0.997530043 -1.11563814 0.534771800 1.61600316
 87 -0.702742696 0.309541523 0.726442516 1.05417359
 88 -0.523609400 1.76882744 -7.06343651E-02 0.701046348
 89 0.260062397 -1.49990976 1.23286283 -0.952770352
 90 -9.79880840E-02 -7.46711567E-02 -3.96490395E-02 1.64566946
 91 -0.215482220 -0.892978489 0.836856306 1.11077154
 92 3.91860306E-03 6.81113154E-02 0.552180350 -0.125586480
 93 -1.35472846 -0.246899486 0.273225129 -0.766235232
 94 -0.359483421 -1.54777730 -0.304207325 2.03839779
 95 0.487689734 1.06119215E-02 -0.315795839 -0.742945611
 96 -0.960841000 0.137421310 1.97486305 -0.625660837
 97 0.335582703 1.38712549 -0.378909647 0.864555359
 98 -1.31614780 2.14152765 -0.319065154 -0.859870136
 99 0.173823550 1.12195849 0.351843596 -0.664955139
 100 -0.364254355 -1.10899007 0.682983398 -0.811151206
 101 -0.280246437 5.30279279E-02 1.59577203 -0.771643162
 102 -0.147517413 1.57891214 -0.146700561 -0.624387383
 103 -0.470741957 1.56404543 0.105521470 -1.14881349
 104 0.752303958 -0.334101826 0.547791004 0.366344929
 105 0.521574378 -0.179803088 -0.378050923 -0.516034245
 106 -0.409335285 0.149595708 -1.08076632E-02 -0.989249587
 107 0.256948382 0.554370344 0.182721063 -0.351621509
 108 -1.27961087 0.170315176 -0.242434785 0.790580630
 109 -0.426263630 2.07630801 -1.02258074 -0.561805665
 110 -0.378693789 4.75759543E-02 6.23466596E-02 -0.460426480
 111 -0.831159353 1.59391987 -5.30410372E-02 -0.453878134
 112 0.313657671 -3.74671631E-02 1.00783062 -0.926801562
 113 -0.250247896 1.73620141 -1.02194452 -0.527664304
 114 0.307088614 0.731168509 0.911863208 0.154862344
 115 -0.633150637 -0.663967013 -0.106905386 -1.33085537
 116 0.104986757 -0.306650728 0.315010965 -0.735046327
 117 0.506139219 -1.67440462 2.63089228 0.606494784
 118 4.54559997E-02 -0.144222632 0.364422858 0.422951430
 119 5.70277721E-02 0.371353656 -0.966750085 0.300926477
 120 1.90229785 0.142542124 0.152778849 -0.705263972
 121 -0.133775532 -1.29697156 0.188255697 1.58149064
 122 0.163158566 -0.909626722 0.211456507 -0.880766809
 123 0.575418830 0.611996174 -0.272935450 -0.525384009
 124 -1.46471357 0.529914916 -5.79207093E-02 -0.971535742
 125 0.437103778 -0.283712149 0.912139058 9.46210325E-02
 126 0.164553463 -0.788509548 -0.191658691 -0.667715907
 127 0.860855103 -0.693723083 -0.387840122 -0.886602402
 128 -0.775247455 0.468941152 0.550277531 0.247549951
 129 -0.557511866 -0.499159664 0.260764629 1.63296914
 130 -1.47869551 0.225249991 -0.747320771 0.190557092
 131 -0.630060792 -1.72899508 -0.119244367 -0.434379965
 132 0.685629606 -0.520555973 -0.341572106 -0.813929260
 133 1.17583334 -0.692717671 0.334383637 -0.644811690
 134 0.582923174 8.69958848E-02 1.67484534 -0.501264036
 135 1.01107609 -2.18712378 0.484187782 -0.820723653
 136 -1.31413054 -0.525158167 -4.10285592E-03 0.291543394
 137 0.282283813 0.564693272 -0.632349610 0.680336714
 138 -1.76082540 -0.253422678 0.180865675 -0.475893527
 139 0.630911231 -0.446353793 0.634635150 -0.798882246
 140 0.288466722 -0.132228330 0.732418299 -0.833511353
 141 0.221856683 0.157364607 -0.404395759 0.527747631
 142 0.426775157 0.541821897 0.341059864 0.417047560
 143 -0.123651043 0.376230836 0.790437520 -0.914826274
 144 0.232493967 -1.31786561 4.76951003E-02 -0.497559786
 145 0.160123453 0.224379420 0.760088623 0.962167621
 146 0.425082266 0.867169440 0.262358129 -0.507473290
 147 -1.45099080 0.932466149 0.825616479 -1.17361164
 148 -0.610161066 0.743654490 0.519952834 -0.971421182
 149 0.255910516 1.13861823 0.708797157 1.66822004
 150 -0.737969458 -5.01830578E-02 0.295501232 -0.414713532
 151 -0.998591959 2.04205918 0.215876728 -0.400289237
 152 -8.58207047E-02 -1.32256699 6.46726638E-02 1.56351149
 153 -0.732677817 -1.12574685 1.29188025 0.941661119
 154 -0.209601492 0.886070549 0.345468879 -0.679076195
 155 6.44306391E-02 8.81504193E-02 0.522952199 1.21320367
 156 -0.118741438 1.12790048 -2.82555968E-02 -0.680541158
 157 0.481467158 0.494827390 1.05834091 -0.230553895
 158 0.384038299 1.53788400 1.50473905 -0.967301607
 159 -0.412860513 -0.397618860 0.405129910 -0.920947433
 160 -1.01619685 1.14708543 0.603432059 -1.05044305
 161 0.793779731 -1.83537078 1.25003994 -0.989625692
 162 0.738403559 -0.726234734 -0.300405204 0.363493830
 163 1.12638330 1.62366152 2.47815996E-03 -0.868169010
 164 -1.27912009 0.205118388 0.158927262 0.349704444
 165 0.125808835 -0.860825539 2.11587811 -1.05290115
 166 0.111003339 5.56358397E-02 0.409051031 -0.625435114
 167 0.408537567 0.269904494 0.196455956 -0.362688482
 168 -0.644263685 0.297737986 1.01432776 -0.124459833
 169 -0.307543904 1.24519086 0.510255575 -0.568346381
 170 1.27697182 0.434822649 0.884197056 0.722318113
 171 0.618806124 0.600732148 0.548643768 -0.521422386
 172 1.05472267 -0.264530599 0.254959106 0.548160076
 173 -0.551722884 -0.649855614 -0.385871172 -1.12262154
 174 -0.374321520 0.322780758 -0.285805613 0.237921089
 175 -1.06128335 -1.72369349 -0.583308935 -0.401841879
 176 0.271376371 -6.32256866E-02 0.961812377 0.340235472
 177 -0.550643802 0.268328488 1.63829827 0.108207762
 178 0.396186352 -0.429151237 -0.246830285 -0.896526575
 179 0.189228266 0.239022478 1.31465685 -0.921504796
 180 -0.793858886 0.826233566 8.32558796E-02 0.457268059
 181 0.358013719 1.60229445 -3.33255827E-02 -0.932119370
 182 -2.01864266 0.518370390 1.04575086 0.349663973
 183 0.722677231 2.23457384 0.923127592 -0.517015100
 184 0.362329841 0.405306637 0.304431856 -0.669841230
 185 0.462345302 1.28327107 -0.106898196 -0.823336244
 186 -1.19864607 0.105889633 0.993482411 0.711670280
 187 8.92249346E-02 0.570696950 0.509466529 0.596036136
 188 0.588733673 0.156723619 1.04764950 -0.366120696
 189 -0.674326897 0.251302570 -0.443317741 -0.201550335
 190 -1.46112442 1.67930126E-03 0.424913883 -0.878757715
 191 -0.815312386 5.42104691E-02 0.824892521 -0.625770628
 192 -0.690147102 -0.787004054 0.310154676 0.721471310
 193 -1.19857061 0.596518755 -0.615160525 0.289777666
 194 0.163496852 -1.31656396 1.95687234 -0.469859719
 195 -4.40444350E-02 0.684090018 0.372484475 0.505246758
 196 0.542464972 -0.173119292 0.269966245 1.47059429
 197 0.879542470 0.621086597 0.847589910 0.198472887
 198 0.131925225 1.50331593 0.368995696 1.80753732
 199 -1.83381903 0.166205689 0.176108167 -0.419405639
 200 -9.43833217E-02 0.112653650 0.660811186 0.188522756
 201 1.00910592 -0.348969758 1.02952266 -0.832480669
 202 0.126214474 1.31030023 0.606891036 -0.698841929
 203 -1.63642097 0.999504685 0.483457804 0.776553154
 204 -1.09542775 0.644070745 -1.06712431E-03 -0.583545685
 205 -6.22198060E-02 0.410783529 0.761343718 0.243182063
 206 0.629688442 1.18273699 0.927982569 -0.939066648
 207 -1.05149519 -8.29197168E-02 -0.150158614 -0.880994380
 208 -0.397368193 0.873002470 0.685263753 -0.976038158
 209 -1.48681366 0.156883821 0.450904191 -0.849536717
 210 -1.42097604 1.27577758 0.474592805 0.470024973
 211 0.265458465 -0.421888202 0.532888889 -0.475804061
 212 -0.335612655 -1.47784913 -6.84350803E-02 0.342523307
 213 -0.937613904 -0.658636928 0.545610428 -0.832790554
 214 -0.676051795 1.50102663 -0.133739024 -1.07566893
 215 -0.886877775 0.776665032 1.09404385 0.527793050
 216 -0.843445003 -9.31030363E-02 0.917446613 0.896221280
 217 -2.30932164 0.169046417 -0.562181234 0.126667231
 218 0.175432622 0.139979362 0.485523641 8.90390873E-02
 219 0.466396093 0.520404220 0.810117781 -0.277180403
 220 -0.940732181 -0.146937281 0.769745111 -1.08224487
 221 -0.759923995 -0.581682444 -0.180220783 -0.851553380
 222 -0.757358789 -0.283029556 -0.807359338 -1.00997603
 223 1.32206237 0.192498982 -0.133084387 1.61880863
 224 -1.37678647 -0.359749794 -0.438121080 -0.425197780
 225 -5.80271520E-02 0.833371103 1.16423953 0.950051010
 226 0.905712724 0.541184008 0.313378543 0.516680479
 227 -0.848433077 -5.58538511E-02 -4.05135453E-02 0.342245847
 228 -1.11429441 0.261940777 -0.515449703 0.249138087
 229 0.406406969 -1.13456964 1.04440176 -0.888686240
 230 -0.255612582 0.617889166 0.825921297 -0.771561146
 231 -0.123380408 7.21153319E-02 -0.764288485 -0.295614094
 232 -0.417952806 -0.483443707 0.105698943 0.218939915
 233 -0.185446888 0.210071892 0.507605791 7.32499361E-03
 234 -9.10198390E-02 6.49544820E-02 0.175998643 -0.471490681
 235 -1.51546776 1.26088381 0.603192687 -0.898450732
 236 0.615591228 -0.468275011 -3.09689716E-03 0.686265886
 237 -2.34116763E-02 1.01936638 0.578343272 1.55551755
 238 -0.601639092 1.00329649 -0.485489935 -0.397796214
 239 0.414573848 -0.270854890 -1.90047361E-02 -0.240673512
 240 -1.54341066 -0.217206240 -0.721879780 -0.332032859
 241 -0.409360796 0.290992200 0.204453617 0.626640797
 242 0.431495070 0.598833799 2.33207215E-02 -0.470996708
 243 0.220375270 0.468765140 0.466752082 -0.928010106
 244 -1.13870168 0.453498960 0.699664950 -0.861707568
 245 -0.495503426 -0.595202386 1.21194053 -0.951805472
 246 -1.27466428 1.12304819 -7.47984052E-02 -0.615194201
 247 -1.04051149 0.772017300 -9.44379121E-02 1.82856429
 248 1.47693765 0.221009180 -1.17487419 0.540625036
 249 -0.197775319 0.886825681 0.252045661 0.585907042
 250 -1.41291928 1.14507067 1.97801554 -0.131069079
 251 0.887767851 0.176392034 0.285271555 -0.620797336
 252 0.968996525 8.56183916E-02 0.630150259 1.83604169
 253 -0.828838229 -0.193035990 -0.781342387 0.434081137
 254 -1.54511523 -0.514570296 7.28110671E-02 -0.656724870
 255 0.438730091 1.50140429 0.325336397 0.433009088
 256 0.494059056 1.41367054 0.799304843 -0.439893126
 257 1.67595446 -0.266159445 0.338507384 1.50465059
 258 1.61673474 -0.778342307 2.01110864 0.245304480
 259 -0.996185780 1.82058001 1.35320687 -0.779801130
 260 -0.982371688 0.916049600 0.348955035 -0.284731686
 261 -0.137887821 0.774176419 -0.412917137 -0.536161065
 262 0.658231080 0.341356993 0.666788340 0.869714141
 263 -0.481804371 1.08705902 0.543625772 0.621142566
 264 0.894521773 1.38259888 0.454538286 -0.813952446
 265 0.364260435 -0.476348162 0.843988836 0.589797854
 266 -3.57899368E-02 0.599296212 0.781313837 -0.644859016
 267 -0.122317910 0.136221170 -1.06106460 -0.389395714
 268 -0.878246546 0.420026004 -0.131582409 -0.788111866
 269 -0.995759010 -0.157119423 -0.146807224 0.456718683
 270 -0.459104121 -0.576506317 1.43315458 0.707271457
 271 -1.31989872 0.327345431 0.994136930 -0.896607041
 272 -0.703528523 -0.482035756 1.50217962 -0.365535855
 273 -1.54753017 0.923469007 0.859771252 -0.412127614
 274 0.442625374 0.236620724 0.133746892 -0.819249630
 275 -1.38920987 0.188897237 0.943450451 -0.698270082
 276 0.371616006 -0.149612457 -0.424879253 -0.774636328
 277 0.122836143 0.401582241 0.384176612 -0.470659524
 278 -1.15223932 0.427086890 0.162538022 -0.960343480
 279 -0.542517662 -0.392028868 0.987008095 1.07668841
 280 0.194850534 1.12215817 -3.95560823E-02 -0.624387503
 281 -0.541693389 -0.344542593 0.760393918 -0.428566635
 282 -0.877163291 -0.617605448 -0.809877813 -0.627008200
 283 -0.351114631 0.240694940 0.281173408 -0.534765542
 284 -1.39955759 -0.142955005 0.958523154 -0.486188114
 285 -7.50717334E-03 0.837560177 0.585933864 -0.652681589
 286 -1.63129616 -4.18990292E-02 0.985276461 1.52351689
 287 -0.304295182 -0.401674211 9.87801328E-02 -1.19411278
 288 -0.604557395 -0.839766324 0.441458285 -0.561114073
 289 0.344035447 -0.610997319 0.851046085 -0.395422339
 290 -2.24999070 1.40837669 3.01393531E-02 -0.885313869
 291 -0.244602114 1.07043362 -4.44831550E-02 0.102513939
 292 0.791358709 0.927061737 -0.257658124 -0.514209151
 293 -0.685453475 2.34904438E-02 -0.724201024 -0.711928010
 294 -0.204209760 1.42477465 0.686001658 -1.03216529
 295 -0.260756910 1.30541253 -1.08209074 0.291505605
 296 7.11951032E-03 0.544193685 0.340279788 -0.136962175
 297 0.845167160 1.56132114 0.685287714 -0.576107383
 298 0.606158078 9.86333936E-02 0.458948880 -0.918465018
 299 0.268456280 -0.381487250 0.308360428 -0.683051109
 300 -0.651473939 0.863474369 0.627903104 1.71526337
 301 -0.412908852 0.878025174 -7.74524659E-02 -0.909506679
 302 -0.351540446 1.49807429 0.386376530 1.64570260
 303 1.06813467 0.735961676 -0.835039735 -1.14599180
 304 -0.844849706 0.819157839 0.304949701 0.702449441
 305 -0.844352901 0.322204202 -1.70453154E-02 0.311389953
 306 -1.37937212 -0.265781939 0.635804713 -0.203199744
 307 -0.195864826 0.317731977 0.404922843 -0.607809603
 308 0.189595342 0.857075810 0.254124939 -0.517322898
 309 -1.42139006 -1.49510652E-02 0.228140920 -0.148435727
 310 -0.679346740 1.03199816 0.332700491 -0.480395913
 311 -0.159278929 -0.220284820 0.707808137 -0.765477180
 312 0.384160638 0.782424986 7.82882422E-02 -0.669553518
 313 0.315228254 0.249678925 1.61555171 -0.728116274
 314 -0.612960100 6.09583482E-02 -0.140358016 -0.472860157
 315 -0.883543134 0.245840222 0.755974889 -0.444733739
 316 -0.162317574 -0.330242395 0.141611800 -0.739211679
 317 -0.999473333 1.14114249 -0.300402105 -0.686504066
 318 0.190289810 -0.517982781 -6.62346184E-02 -0.363745868
 319 -4.28040624E-02 -0.307021827 -0.544973254 0.578069746
 320 -0.588258088 -0.297260523 -0.319403023 0.527201056
 321 -0.542537153 -0.772010148 -0.678548098 1.36884069
 322 -0.723694205 0.106829479 0.518225908 0.531198919
 323 -0.508802712 -0.972635984 -0.949315608 -0.319157034
 324 0.702619553 -6.11393005E-02 0.828539133 -0.358154178
 325 -0.104244649 2.08863831 -1.24869144 -0.583124340
 326 -1.08657146 1.52517116 0.483323991 -0.434407800
 327 -1.27305031 1.15005887 0.700646698 -0.572972596
 328 0.275611103 -0.154935718 3.47151011E-02 -1.15939164
 329 0.454759061 0.296690911 -0.576578319 -0.588087618
 330 0.151078388 0.903809965 0.483952641 -0.343263566
 331 -0.592856884 1.21759570 7.39468038E-02 -0.879559755
 332 -1.30762720 0.833898425 0.539440274 0.443650842
 333 1.10856342 -0.441425323 -0.771010101 -0.594816446
 334 -1.08241320 0.209214628 -0.482448488 1.00650477
 335 -1.04240024 -7.62853771E-02 -1.01959705E-02 0.625450194
 336 -1.51788938 0.835880876 0.572720408 0.395671755
 337 -0.298428446 0.788836896 0.176304489 -0.690112948
 338 -0.385534048 0.228734970 0.337644696 -0.704542816
 339 -0.527295589 -0.729315639 1.05363429 -0.690961123
 340 -0.656254232 -0.895902812 1.77653456 -0.289644957
 341 -0.411751777 1.45147860 0.573318124 -0.382124901
 342 0.554206014 -0.815464437 0.116390251 0.160438195
 343 -1.15628755 0.496427178 1.00648010 0.443110049
 344 0.632829845 0.886267424 -0.916902065 0.520785868
 345 -0.982582331 0.768897295 1.49070001 -0.443433225
 346 -0.956275225 -5.76449335E-02 -0.414730281 -0.694112003
 347 -0.733836293 -0.309909493 -0.200952441 0.383135289
 348 -0.878113866 1.07785988 -0.237964064 -0.649037659
 349 -0.300599754 0.380774647 0.637250900 -0.511943698
 350 -2.71400977E-02 -0.623332739 1.01589572 -0.206281871
 351 6.88951910E-02 -0.820966363 0.330931306 2.77878046E-02
 352 -4.31086123E-03 0.287698865 0.507554889 -0.745464861
 353 -8.61832500E-02 0.869249046 -0.604225695 -1.12571979
 354 -0.598349631 -0.603803575 0.623970807 -0.852861226
 355 -0.146869004 1.28924370 0.466103375 -1.01210427
 356 9.33118016E-02 -8.37177783E-02 0.462471426 -0.578151464
 357 -1.50490320 0.934910119 1.03496027 -0.279149085
 358 -0.540483713 -1.57263541 1.22705519 -0.916458964
 359 -1.19525409 7.49043673E-02 -0.880658507 -0.514302373
 360 -0.675086617 0.211366743 -0.292841583 0.549151719
 361 -0.142651349 -0.452788025 1.22660172 -0.379833639
 362 -0.247656569 0.290834248 0.851009250 -0.747139275
 363 9.16583836E-03 1.12591553 0.165130526 0.459037989
 364 0.306085467 -1.02157021 1.17856479 0.142623037
 365 -0.151852652 -1.19755185 -0.446906209 0.442860961
 366 0.563158154 1.57525802 -0.105711296 -0.804724336
 367 -1.62736094 -0.255152106 2.85990238E-02 0.432178974
 368 0.249093130 -2.06132865 -5.98551482E-02 -3.66534591E-02
 369 -1.41791260 0.252078384 0.702685952 -0.945342779
 370 -1.44391167 0.895581007 1.34707808 -1.06628144
 371 -0.606388509 0.439188063 0.457485944 0.134089872
 372 -0.792215466 0.147764489 1.01247978 0.399365634
 373 -0.780997634 0.389258593 -0.212898076 -0.748821855
 374 -0.320737541 -5.68935648E-02 0.167986274 -0.355068237
 375 -1.34512079 -0.499479115 0.393838972 0.419587851
 376 -0.358604610 0.633071363 1.06333172 0.890069604
 377 1.10886848 -5.64648807E-02 -0.159526929 -0.727065742
 378 -0.789868951 -0.522972167 0.484639227 -0.579136312
 379 -0.661827505 -0.229567856 0.731038213 -0.852724075
 380 -0.614876330 0.788114309 0.300233483 -0.802736223
 381 -0.491514325 -0.601205587 -0.207878396 -0.574882746
 382 -0.537459493 -0.265270203 1.18701100 -0.511101902
 383 -1.23881578 1.44891369 0.272291303 -1.00250721
 384 -0.601260900 0.149234459 1.97956860 1.64002597
 385 -0.569251597 1.20210087 0.436764657 -0.804997444
 386 -0.474069655 -0.144371539 -0.214609697 -0.723420620
 387 -0.644373178 -0.308443606 0.607276320 -0.301629037
 388 -0.849400759 0.726518989 -0.314483792 0.417853594
 389 -0.768651962 0.614757657 0.519125938 -0.606060863
 390 -1.02564132 -0.360645473 1.97530150 -0.619855225
 391 -0.268276036 -1.24154162 2.19051600 -0.559801519
 392 -0.247248739 -1.62149596 1.63514698 -0.399078727
 393 -9.68017131E-02 -0.654160023 -0.205948457 -0.783925772
 394 -0.180412009 -0.393322319 0.119570814 -0.691833615
 395 -0.418344200 1.02891278 -7.96684772E-02 -0.690759778
 396 -0.895505667 0.318359584 0.838389516 0.579308987
 397 -0.806494296 0.112636343 0.414124072 -0.676796854
 398 -0.688396275 0.231780320 0.528451920 -0.897609115
 399 -0.339382917 -0.779286623 1.09158683 -0.364167571
 400 -0.702724695 -0.363536596 -0.176160336 -0.634482980
 401 -0.599345446 0.960906446 0.667572737 -0.661139250
 402 -0.606948972 0.463091463 -5.31622171E-02 -0.521515250
 403 -0.197094202 0.669271588 -0.463472843 -0.615461528
 404 -0.757547379 0.545959353 0.403424501 -0.957666159
 405 -0.617838025 -0.364628017 0.323945940 -0.716518164
 406 -0.588124275 0.132278338 0.186547101 -0.636861861
 407 -0.961134791 1.41208148 -0.134530678 -0.938748598
 408 -0.770885825 -1.13005495 2.76143146 -0.905185580
 409 -0.792700887 1.11122704 0.832828701 -3.41292024E-02
 410 -0.287847310 0.949178398 0.974644721 1.26188731
 411 -0.519595683 0.868010163 0.530204535 0.423060954
 412 -1.03937769 0.960556388 1.99305904 -1.33074927
 413 -0.574179053 -0.162027776 1.20818043 -0.579961658
 414 0.638544142 -1.16957116 2.08770323 0.293279320
 415 -1.13711941 0.173707366 1.79186642 0.597579360
 416 7.21330941E-03 0.484026551 0.176735088 0.205293372
 417 -0.338185370 0.776840985 0.755807638 -0.817070365
 418 -1.99170017 0.520255268 0.237878889 -9.09614265E-02
 419 -1.23214245 0.525660157 0.405902863 0.877859235
 420 -0.969801784 1.06910563 0.354749203 -4.09970880E-02
 421 0.327464700 0.392880976 0.545628071 -1.05946684
 422 0.317443073 -0.781570971 -0.249022275 0.402211040
 423 -0.129145056 0.253542602 0.983675361 -0.843566239
 424 -0.130025223 0.465019941 0.164293870 -0.504107416
 425 0.864075601 0.560995340 0.826465905 -0.602879643
 426 -0.385418922 -8.04613903E-02 0.158441290 0.242427245
 427 -0.306973130 0.546196580 1.27192330 -0.695960164
 428 -0.958865702 -9.83155221E-02 0.267839551 -0.423638225
 429 0.148961231 6.09437898E-02 1.41210186 -0.803890228
 430 0.669989824 -0.442672879 0.484764755 -0.504122615
 431 -0.345867485 -0.337402046 0.206043363 0.658338070
 432 -0.497152925 -0.365000039 -0.487805009 -1.98730826E-02
 433 -1.08537769 0.834539771 -0.143806130 -0.847542644
 434 -1.73509407 -0.588446617 1.29725027 -0.785990417
 435 0.297899485 -1.12817597 1.25196040 -0.572262764
 436 -0.977765262 -1.43602228 1.56683111 -0.885141850
 437 -1.21755087 0.432958126 0.478075147 0.726277471
 438 -0.255481094 1.22685182 -0.507378876 -0.385520577
 439 -9.03864950E-02 -1.12600112 1.76738751 -0.418601453
 440 -0.523426950 -9.85661745E-02 2.08253455 -0.543474674
 441 -1.14421868 0.827416599 1.22208321 -0.702345073
 442 -1.19685829 1.43113172 0.719922185 -0.863111675
 443 0.835061908 0.700454354 -0.212475270 0.578133285
 444 1.12327158 -1.19412827 -0.472204179 0.300847262
 445 0.213657439 1.12186587 0.394856811 0.598638654
 446 -0.770133555 0.130187988 1.01038456 -0.657232046
 447 -1.02393103 0.318431973 1.63441801 -0.792582929
 448 0.494132251 0.522437751 0.784911275 -0.826742172
 449 1.32843161 -1.02196467 -0.136422142 0.272150278
 450 -0.889763594 -1.35373783 -0.407161027 -0.648358703
 451 0.204334900 0.396096140 0.415367395 -0.365822554
 452 -1.57419169 -0.125808984 0.374317348 -0.786035419
 453 -0.244660199 0.850508571 0.805886209 8.34043920E-02
 454 -0.790586174 0.899891019 -0.366907090 1.26372063
 455 -0.509224057 -0.661080897 0.403679907 0.267932355
 456 -0.937826335 -0.202122912 -0.673314333 0.520412564
 457 0.207955107 0.349314213 -0.454064667 -0.268616974
 458 -1.10167694 0.754257798 1.47902346 -0.879057348
 459 -0.529055417 -4.90382686E-02 -0.551101029 -0.838096440
 460 0.800337434 1.03531033E-03 0.623075306 -0.306997299
 461 -0.950821459 0.151964217 1.27815366 -0.716445982
 462 0.532441497 0.389456779 0.321325213 0.276264191
 463 3.84850204E-02 -0.366260201 0.857824206 -0.695460081
 464 0.327373147 0.929897606 -0.322675884 -0.646318316
 465 0.561132193 0.211822152 1.85404599 0.775457025
 466 -9.17392150E-02 0.394025505 -0.486357242 1.71116388
 467 -1.07990539 1.20716214 0.254682541 9.25927907E-02
 468 -0.986471832 0.713425219 1.00689948 -0.677246273
 469 0.140584946 0.909570038 -0.152561843 -0.667328954
 470 -7.31244609E-02 -0.282940865 -0.476918519 -0.880504489
 471 -0.521677971 -1.04731405 0.800628901 -1.15101910
 472 0.338903189 -0.486936212 -0.652141035 -0.617122591
 473 0.170767486 0.723625541 0.679992139 -0.731895089
 474 9.93838310E-02 0.159847736 -8.46979916E-02 0.826297462
 475 1.05318785 0.733257651 0.636162877 0.600870907
 476 -1.05781519 1.35559654 0.780452251 -0.704062819
 477 0.582697153 -0.426833719 -0.727296412 -0.866828144
 478 -5.99468499E-02 0.224112719 0.420881152 -0.832999408
 479 -0.524553180 -1.94815600 8.63785073E-02 1.90343535
 480 0.485860348 -0.499035150 0.793061614 0.386427879
 481 0.320073843 -0.561032116 0.333893478 0.775035262
 482 -0.559694111 0.303003818 -5.65800220E-02 1.10751414
 483 -0.367139637 -0.807904482 -0.604779065 -0.445602655
 484 -2.10983753 -0.202664554 1.46036708 0.312275797
 485 -0.258448929 -0.389911741 -0.324617684 -0.637725532
 486 0.446396768 0.868834376 -7.97758847E-02 -0.782156110
 487 -0.482035965 0.598088324 -0.801120460 -0.510508239
 488 -0.379130274 0.429234624 0.589052796 -0.676963151
 489 0.136615872 0.586428106 0.268760264 -0.544608176
 490 -8.01469982E-02 -0.891410828 0.746139944 -0.859628618
 491 -3.46229561E-02 0.822291732 -0.120658308 -0.509282231
 492 0.507277191 -0.605496287 -0.948643267 -0.447790593
 493 -0.760146737 1.70374441 -7.72396103E-02 0.495219111
 494 -0.160271749 0.124653168 1.10018587 -0.861840189
 495 -0.184791863 0.648485661 1.16657424 2.00268102
 496 0.337559402 1.00955665 0.309408724 -0.859025896
 497 -0.770180285 -0.926890671 0.953770936 1.89591718
 498 -0.449423730 0.228635311 1.22610235 -0.497923762
 499 -0.281243801 0.279278338 0.273851216 1.64622235
 500 -1.82321846 -0.612254977 0.942092061 -0.900563836
 501 -0.901349366 0.313575655 0.186272383 0.358949244
 502 -1.38618350 1.23912024 0.624862254 -0.783085883
 503 -7.34374821E-02 0.445044160 1.90737569 -1.00615990
 504 -0.509955645 0.785674691 -0.223161802 0.605295658
 505 -0.304237127 -0.525059283 1.28958285 -0.660762906
 506 -1.16119409 0.441778958 1.28933275 -0.502074003
 507 -0.878059566 0.374556661 0.806479812 -0.487858593
 508 -2.22267639E-02 0.745473325 0.769043207 0.388783306
 509 -0.185249820 0.775884151 1.53066069E-02 0.295104563
 510 -0.643635035 -2.13305652E-02 0.442133427 -0.580604434
 511 0.355696201 -9.86514390E-02 -1.14179552E-02 -0.254024625
 512 -7.35991597E-02 -0.165239155 -2.31701732E-02 -0.483690441
 513 0.566524029 0.836292744 -1.05941260 -0.203033984
 514 -0.365094930 0.387225509 -0.216954544 -0.866173387
 515 -1.20559740 -1.03611374 1.00749481 -0.635757565
 516 1.75530791 0.368389904 -8.23459551E-02 -0.525304675
 517 -0.928827345 -0.680769742 1.46649015 -0.654511690
 518 0.245075181 0.725560009 -5.77902049E-02 -0.966353059
 519 -1.22245932 0.895734191 1.46027708 -0.518851697
 520 -0.213553369 -0.656958163 0.657611787 -0.618737936
 521 -1.88859916 -0.181645483 0.650531054 1.78009200
 522 -0.507587850 9.57236141E-02 0.584045231 0.415904194
 523 0.397618294 -0.203413993 -1.09185129E-02 -0.781410813
 524 -0.949825943 -0.288340271 1.27052414 -0.763126016
 525 -1.27046156 -0.762763798 0.573602259 1.91722167
 526 -0.361400694 -1.29978096 0.728729546 1.41121674
 527 0.585748076 0.890486062 5.33899367E-02 -0.951572180
 528 -0.289039552 -0.113077506 0.196027637 0.149571717
 529 -0.646224022 0.982092619 0.325569034 -0.343814045
 530 -0.905534923 1.51201117 -9.72776860E-03 1.60108471
 531 -0.740036607 -1.53442240 1.33365464 1.59405446
 532 -0.996421099 -0.955644786 0.959174097 0.937397242
 533 -0.464379013 -0.963147044 -0.335821509 2.22474456
 534 -1.15645003 -0.510324836 1.63491619 -1.15025043
 535 -0.881792128 1.84267974 0.812089145 0.413009882
 536 -0.884771168 -0.166900560 0.181696162 -0.928326011
 537 -0.382530779 3.61474231E-03 1.65116191 0.865532279
 538 -7.64611065E-02 0.566442072 0.934327424 -0.567896903
 539 -0.532945275 0.943598211 1.06045270 -0.855307341
 540 -0.758282781 -0.941805124 0.548227012 0.790685892
 541 0.831804335 -0.803038120 1.31101036 -0.537796855
 542 -0.461965889 0.254231781 0.526386738 -0.192217022
 543 -1.61386979 -0.227239117 -0.388235092 0.431782216
 544 0.162385151 -0.717422783 1.37265432 0.456080914
 545 1.35068819E-02 0.688282430 -0.545513093 -0.949123025
 546 -1.81633651 0.432253331 1.92334461 0.738400161
 547 -0.522440970 -0.696573734 -0.229115754 -0.365205914
 548 -0.423235774 0.566617608 1.53336287 -1.24268866
 549 -0.479624182 0.294571668 -0.316856563 -0.694159269
 550 -0.508239448 -0.672685504 -1.03847325 -0.486990899
 551 0.753104091 -0.239156127 0.189526469 -0.660283148
 552 -0.261108786 -0.350602537 0.793823898 -0.834064245
 553 -0.655421972 -0.660799444 0.597220242 -0.713141441
 554 0.805791020 -0.138366237 1.96849382 -0.208254352
 555 0.190554410 0.988038540 0.369080067 -1.19003260
 556 -0.581300795 1.38572276 2.02609152E-02 0.392065018
 557 1.19764519 0.865113735 0.301648855 -0.416664183
 558 0.111457035 0.956934333 0.125357375 -0.793381751
 559 0.630676985 -0.500633955 4.94514406E-02 0.786592722
 560 0.266318858 0.159946188 -1.37787116 -0.553140283
 561 -0.150935799 -2.12749791 0.988272071 0.113188431
 562 -4.22317199E-02 -1.28557777 0.277603924 1.18454945
 563 -0.113239408 1.16558945 -0.806226432 -1.06421375
 564 -0.603303790 -0.860310972 2.87789106E-03 -1.17711139
 565 0.265293837 0.992573142 0.249184221 0.326068759
 566 -0.695158482 0.388418645 -0.154199213 -0.745608389
 567 0.193762660 -0.765940487 -1.12500834 0.113487884
 568 0.212954283 0.400683731 0.182946235 0.976605117
 569 0.563914239 9.89688933E-03 0.587904692 1.33669877
 570 -1.69882107 2.18703270 0.213429287 -0.950440168
 571 0.171989501 0.376739681 1.11548030 0.432600081
 572 0.368535608 0.179282516 0.328304768 -0.481814563
 573 -0.673224926 0.716569483 1.28471053 -0.511751294
 574 -1.48700106 1.45504022 -2.23211050E-02 0.265691489
 575 -0.369331181 0.266822845 0.702367306 -0.943578422
 576 0.968846023 -0.825046778 0.869949222 -0.687016785
 577 -2.00460887 0.948440433 0.154484302 -0.557538390
 578 0.308954716 0.241063461 0.217391193 0.118107289
 579 -1.26083398 5.72863705E-02 -0.395746648 -1.12768602
 580 0.181193456 0.114233308 0.324347734 0.471303284
 581 -0.242055997 2.69168541E-02 0.308688879 -0.926478863
 582 -0.536808491 -1.25807416 1.05064046 2.28983736
 583 0.222846508 0.151628926 1.88245213 1.88660967
 584 0.475969553 -0.224013656 0.232755378 -0.531389058
 585 -0.425861865 0.541707397 -0.559966266 0.403907120
 586 -0.442869842 0.437132299 1.04442787 1.90561104
 587 -3.15218717E-02 -0.375944197 1.05697334 -0.556968629
 588 -0.233259425 0.478300005 1.29972911 -0.578105330
 589 0.455332875 1.81131160 0.296732187 -0.359525889
 590 1.04330230 1.28983486 -0.867930710 -0.717712700
 591 -1.32616854 -1.27820289 -0.359228134 -0.903680146
 592 -1.05518758 0.341072410 1.61524117 0.282324463
 593 -0.603751659 -0.743499339 0.317619801 -0.991413236
 594 -0.677652478 -0.204147026 0.465538502 1.46329629
 595 -1.33322072 5.42193726E-02 0.545317590 -0.617092252
 596 -0.913882017 -1.08936703 1.19575441 -0.931391597
 597 -0.233297020 -1.01904941 -1.02983820 -0.309226692
 598 -0.954268157 0.783843398 -0.408133477 -0.474320382
 599 -1.15075290 -0.184403449 1.24670815 0.116076276
 600 -0.609622836 1.21311319 0.693692148 -0.981016040
 601 -1.61392295 0.872122169 1.14524686 -0.770113468
 602 -1.37526691 1.84431434 1.02296150 0.337653816
 603 0.110344917 0.977285564 1.81615365 0.793136477
 604 0.720602751 1.03036928 1.03490663 -0.869616091
 605 0.441185296 -0.967779934 2.02471495 -0.782923460
 606 0.381568015 0.591676414 0.874743223 -0.116717130
 607 0.288774282 -0.844115019 0.405939758 8.24570358E-02
 608 -1.06912243 0.330870450 1.12557542 -0.908221662
 609 -1.88340282 0.485830903 0.718423009 0.527254403
 610 -9.00444239E-02 -0.358015776 0.644138277 -0.548124790
 611 -0.449968606 0.848210156 -2.97344103E-02 -0.961785257
 612 -0.892867923 0.942378998 0.202110678 0.498244137
 613 0.892595291 0.222740471 0.864609003 0.615695655
 614 2.24238187E-02 -0.221013084 0.101771384 0.155097112
 615 -0.107575402 -3.54469605E-02 0.111857593 -0.714876294
 616 -0.161423162 1.46645010 -0.255139649 -1.02188885
 617 0.758576870 0.943390131 0.540403783 -1.00942063
 618 -0.700378180 -0.787118554 9.51115787E-03 -0.434665293
 619 -0.148962736 -0.167395487 0.310774624 0.360451698
 620 -0.178337783 -1.57588005 0.503907263 -0.870242417
 621 -1.33978879 -0.307322323 1.43509758 0.367895335
 622 -0.895137072 0.980100155 1.75557232 -0.610265613
 623 0.360013634 0.952207446 0.377318293 -0.546529949
 624 -0.149547637 -0.619410336 0.391864508 -0.889697075
 625 -0.940073550 -1.51648211 -0.426047981 0.842914343
 626 -0.419188261 0.161593333 -0.308827013 -0.932853043
 627 -0.374689728 0.510468602 -0.108351484 0.735878468
 628 0.680164754 0.902161062 0.319717318 -0.800942421
 629 0.840686858 0.662441194 0.303858310 -0.944345951
 630 0.731086433 -2.68556178E-04 -0.360711813 -0.968205810
 631 0.791509628 5.43654151E-02 1.14048481 0.696842551
 632 0.710841358 -0.435074568 0.779567122 1.75250900
 633 -0.207821935 -1.51913607 0.693993330 0.265279442
 634 0.230007187 0.488162816 -0.515922964 -1.01705229
 635 -0.191368207 5.39049357E-02 -0.786645412 8.39475691E-02
 636 0.618559897 1.28980958 1.52251683E-02 -0.740557730
 637 -1.40665948 0.682355344 -0.244730085 -0.671799123
 638 0.393999606 -0.190367013 0.338378519 0.765932679
 639 1.08091068 0.438142985 -0.130529061 0.751385033
 640 -0.589931726 0.166012228 0.140863657 0.880627334
 641 -7.41707906E-02 -0.428852081 0.206846774 -0.488327026
 642 0.461585611 1.43126273 -0.193811059 -0.458413392
 643 -2.89914012E-03 1.04444778 1.23388624 0.638320386
 644 1.45262039 -1.48280356E-02 -0.476299316 0.447183430
 645 0.718959808 1.15363932 0.374298066 -0.264042020
 646 -0.783508241 0.851957560 0.112345494 0.255358100
 647 -2.78517890 0.340450585 -0.852476835 0.701081276
 648 -0.975478888 0.307938546 1.06949687 -0.478118390
 649 -1.08606231 0.154129356 0.537455261 -0.773643315
 650 -0.185983196 0.898848295 1.55579722 0.594222426
 651 -0.172594786 -4.43230122E-02 0.472867668 -0.937577248
 652 -0.959909439 1.47771335 0.440354884 -1.12562275
 653 0.249085039 0.180772349 -0.588891745 7.58387148E-02
 654 -0.344610631 -0.293466449 0.157153785 -0.723379254
 655 -0.734452128 -0.125666320 1.32242465 -0.634294093
 656 -0.876891255 -1.16036737 0.548146605 -1.09816599
 657 -1.04924309 -1.39895713 0.235062078 -0.488046855
 658 0.215676442 -0.150512934 1.07305551 -1.08315814
 659 0.818251491 1.18191767 0.209073499 -0.432710946
 660 0.148916394 0.494351059 0.779460013 -0.696252227
 661 -0.362030923 0.403429478 -0.713463485 -0.776253104
 662 -0.312428862 1.19661534 0.799735904 -0.413778812
 663 -1.10675240 0.453520030 0.803643048 -0.707605243
 664 0.276508331 0.253094137 -0.762728810 -0.373349369
 665 0.352438837 -8.19311291E-02 0.413093805 -0.231771186
 666 -0.728920698 1.19165051 -0.363668859 -0.823149562
 667 -1.21376610 0.608784139 0.556072295 0.758390486
 668 -0.319205314 -0.212305307 1.21766281 -0.783064365
 669 2.97914520E-02 1.38500988 -0.134452432 0.482777238
 670 0.574598789 -0.793462694 0.543707490 -0.563823402
 671 -1.22178674 -0.629556775 7.74243250E-02 0.652196884
 672 0.314200580 1.06111133 -0.555021644 -1.07336390
 673 -1.17766011 0.320469826 -0.147037864 -0.552359700
 674 0.458401918 -0.187646806 -0.277383506 -0.894205332
 675 0.532520354 0.219936132 -0.812238812 -0.331227034
 676 -0.639469028 -0.704071581 0.493123651 0.512121916
 677 -0.273068756 0.465659767 9.18082893E-02 -0.737499654
 678 -0.491429478 -0.617106915 0.770577788 -0.491476774
 679 -0.457990706 0.233542725 0.885356069 -0.652245402
 680 -0.110446617 0.303392708 1.44573343 0.440984040
 681 0.849989176 2.02257037 -0.918798566 -1.05916536
 682 -3.60044390E-02 0.170968473 3.76205146E-03 -0.702793062
 683 -0.254493475 0.760328531 1.53900051 -0.615272462
 684 -0.290316552 0.964140654 0.994872212 -1.08444941
 685 -2.17175364 -0.149740681 -0.632011056 0.389316678
 686 -0.241909593 -0.586179197 1.25680113 -0.743489146
 687 0.335306883 0.576831341 -0.964055538 -0.899238110
 688 0.336104631 1.17079353 0.496882379 -0.793561816
 689 -0.592708766 0.711055696 1.51855409 -1.25604391
 690 1.57356113E-02 0.641916096 2.33587003 -0.245357424
 691 -0.713786840 1.34674156 0.626814067 0.226416260
 692 -0.661964476 -0.276019663 -0.428435564 0.395455092
 693 0.491175652 1.24433708 1.76264977 -0.838016272
 694 0.436810851 -0.276489377 1.73924065 -0.710061967
 695 -0.190083355 0.669509292 0.371063769 -0.638948858
 696 -1.14958739 0.634514093 0.829535604 -1.03944230
 697 -0.915003896 1.25662422 -6.69240952E-04 -0.578122437
 698 -0.320816368 2.97100991E-02 0.633949816 0.320063353
 699 -3.91534157E-02 -0.290743530 1.67129457 -0.159246817
 700 0.955884516 0.980853617 2.37271190E-03 -0.563828230
 701 -0.315578043 -0.726557374 -0.497158378 0.542177916
 702 -0.574091733 0.800971091 0.259029448 -4.40209210E-02
 703 0.114064559 -0.694024086 1.32538819 -0.590440810
 704 -1.23097217 -0.811746299 0.695945978 0.637214661
 705 -0.974648654 0.340954751 -0.923248827 -0.708095133
 706 -0.986790121 -0.899605751 -1.71722746 -0.541569114
 707 -0.569191992 0.570423543 0.759886324 -0.880488753
 708 -1.09002972 -9.04476345E-02 0.227328122 0.343158126
 709 -0.164525330 -0.161669716 0.164345175 -0.993260205
 710 -0.141986564 -1.25227678 1.30240619 -0.642022967
 711 0.753593385 0.122739129 -0.232072353 0.561577559
 712 -0.118371606 0.538760364 -0.125409693 2.08906555
 713 0.129678309 -0.255633146 -0.950726628 1.75711489
 714 -0.541684270 1.39077079 0.281046122 0.617748499
 715 1.44448113 0.840252638 6.99283630E-02 -0.223672390
 716 -1.48864675 1.02619481 1.36885548 -0.627203345
 717 -0.140404165 0.324487627 0.821843624 1.55127478
 718 0.105897427 0.388098776 2.14912271 2.92630196E-02
 719 0.215327546 0.130018532 0.320566177 -0.863571882
 720 -0.119079322 -0.366759330 -0.801852524 0.697673619
 721 -0.194155872 -1.22365635E-03 0.265004098 0.548607647
 722 -1.10367799 -0.521709204 -0.624281347 -0.516273916
 723 1.01759434E-02 0.575311542 -1.72175837 7.42000043E-02
 724 -0.548772216 -1.09619701 0.800304532 1.28283966
 725 -0.518128514 -5.52293062E-02 1.37331426 -0.387638003
 726 2.61367131E-02 -7.04897344E-02 1.38691008 -0.633607268
 727 9.92565304E-02 0.242797285 0.840046227 -0.542001486
 728 1.88388920 -0.193024084 -0.172688603 -0.806563020
 729 -0.869102597 0.563250005 0.644064188 -1.07489455
 730 -0.254241109 0.575135529 0.366227388 -0.110821933
 731 0.427421361 -1.32818842 2.24933219 -0.265628248
 732 -1.21372736 -0.704564869 0.672987998 0.743759990
 733 -0.714847863 2.67564431E-02 0.777569413 -0.625903726
 734 0.444735944 -0.215023994 -0.155824825 -0.780298650
 735 -0.814060807 0.280102968 -0.981629431 -0.841107965
 736 -0.532607973 -0.548531175 0.809231639 -1.22341561
 737 -2.02014685 1.75131905 -0.157917172 -1.17483854
 738 -0.583837807 1.26835585 -0.359819531 -0.402052969
 739 -1.32280040 -1.97702360 -2.84568667E-02 0.845148087
 740 2.23235190E-02 0.551242888 -0.108808160 -0.321357936
 741 -0.119085237 -0.192445278 0.902793288 0.307473898
 742 -4.02955152E-02 0.835654616 -2.38247402E-03 -0.453239620
 743 -0.344843149 -1.02738786 -0.246150643 0.622039795
 744 -0.357101887 -0.368317187 -1.11377096 -0.689890921
 745 -0.183149725 0.112823702 4.44743335E-02 -6.12015575E-02
 746 0.154622734 0.297209889 -0.394788802 -1.04884005
 747 0.954791367 1.47518957 -0.250837207 -0.351335436
 748 -0.614793181 -1.15046239 -5.06876558E-02 1.63102555
 749 0.451530486 0.266273856 0.912339091 -0.535265684
 750 -0.580995440 -1.64274585 -0.367078155 0.715127409
 751 -0.546472132 0.130929083 -0.117481157 -0.702775478
 752 -0.753867447 0.227420181 1.17587075E-02 0.387057722
 753 -0.177469045 -0.531186402 0.701770067 -0.492225945
 754 -0.833146095 -0.136816949 1.13700116 0.351087391
 755 -0.102897219 0.874300838 0.150557131 -0.685478568
 756 0.623204589 1.14154315 0.453821599 -0.945704699
 757 0.242521986 7.03115761E-03 1.77223957 -0.868796051
 758 0.355161697 0.762422442 -0.432685465 -0.516354740
 759 -0.236479938 -1.24845886 -0.236634642 0.422290027
 760 -0.693607688 0.779473662 -0.565680563 -0.523521245
 761 -1.23419940 0.204758063 -0.237885699 0.437942982
 762 -0.535399973 -8.36441517E-02 0.212993070 1.11591637
 763 -0.431452513 1.65825403 -0.650199652 -1.36580443
 764 1.04917240 6.09163046E-02 1.54119492 -0.357458353
 765 0.863728166 0.416320711 1.53798378 -0.133289784
 766 -0.270321280 0.428271890 -0.732879817 -1.15744591
 767 0.251498073 1.91950750 -0.140718818 -0.524611115
 768 0.361803859 -0.223980948 0.248716801 0.669133484
 769 -0.521994710 1.17604089 -9.58067644E-03 -0.755402684
 770 -0.787927389 -0.203641668 0.724281192 -0.401151061
 771 -1.34847474 0.121812262 1.79281676 0.963273406
 772 -1.35588408 1.62928438 1.07362378 -0.487094462
 773 -5.51741347E-02 0.353714287 0.649074435 0.492506057
 774 0.114444926 1.10943031 -1.22678053 0.706184924
 775 -8.64546224E-02 -2.18464351 0.491649210 0.539706111
 776 0.283786803 -1.75191963 0.238279015 0.202775717
 777 -0.258837074 0.642329276 -0.115824662 -0.561296046
 778 -1.65526628 -0.336506486 0.519212425 0.754380703
 779 -0.434178054 0.106830157 0.737011313 1.67478931
 780 -0.488424391 0.889371037 0.868804276 -3.27554941E-02
 781 -0.314465314 -0.311265975 0.325302541 1.26721931
 782 -5.81687354E-02 8.51635188E-02 1.33225846 -1.11332583
 783 0.332649797 -0.719232619 0.994762778 0.489035755
 784 -0.169539958 1.40587747 -0.541491807 -0.521913290
 785 0.110726416 1.18570578 -5.77585846E-02 -0.832339942
 786 0.445168793 5.10330498E-03 -0.234883845 -0.798709750
 787 -0.960845232 1.26536918 2.12236547 -0.548933923
 788 -0.473233432 0.343482673 0.253986239 1.47783017
 789 5.50554395E-02 -1.71737468 -1.34283900E-02 -0.558739543
 790 -0.619553745 -0.302303076 -0.755958498 -0.667808652
 791 0.689038634 0.506469846 -0.549064159 -0.614827931
 792 -0.965006053 0.756271482 1.26627111 -0.881748080
 793 1.49143159 -0.100138336 -0.262701631 1.92395246
 794 -1.78548527 -0.405417055 9.61681306E-02 -0.344933897
 795 -1.29228747 0.541099429 0.864062428 8.69595706E-02
 796 -0.960448861 1.59473217 0.772600412 0.521364212
 797 -0.698019087 1.03999829 1.57746446 -0.463050902
 798 -0.562055349 -0.216623843 0.354884952 -0.616059065
 799 0.403803051 -0.226165071 -1.26074505 0.326799333
 800 -0.571706295 -0.971886575 -0.410984218 -0.690990925
 801 -0.546146572 0.697867095 0.574613273 0.330780208
 802 -0.476306975 -0.165591404 0.257656157 -0.293652892
 803 -0.105867878 -1.10628521 0.464274287 -0.282197267
 804 1.10573518 1.40621507 1.27274787 -0.636704206
 805 -1.54582500 -0.614706159 1.05601704 -0.584827304
 806 0.433675230 6.11677766E-03 0.659278750 -0.570181310
 807 -0.128497303 0.360289603 -0.952090561 -0.731429100
 808 0.296256930 1.79940724 0.637904227 0.545227647
 809 0.279951036 1.15158892 1.14852583 -0.402102470
 810 -0.669931412 -0.473121643 0.589543760 0.931931019
 811 -0.193676710 -0.290599078 -0.265843809 -0.663268566
 812 -0.257246256 -0.152889609 -0.864540637 -0.698879302
 813 -0.747707367 -0.256859928 0.987767279 -0.616690576
 814 -0.703954875 -0.161543280 1.00693345 -0.926452041
 815 1.27060533 -0.196049705 -0.689628243 -0.414160550
 816 -0.380791008 0.176788360 0.820639312 0.286548287
 817 -0.381740332 1.25640607 1.00690329 2.03576422
 818 -0.284383297 0.208721116 1.43013144 -0.928729653
 819 -0.476806045 -0.622612774 1.30254173 0.326659888
 820 1.46232009 1.04072022 6.73434883E-02 -0.964176595
 821 -1.25216389 -0.337766051 -0.985991836 0.165565699
 822 4.13909554E-04 0.782063782 -0.848319948 -0.706669629
 823 -0.211628482 -0.354268253 0.234199464 -0.327845126
 824 -1.69117188 -1.30552053E-02 1.48848939 1.44690895
 825 0.407945454 0.910266280 0.573706448 -0.352222145
 826 -0.745064557 -0.870489776 1.41849971 -0.220047951
 827 -2.61243963 0.647589564 1.31129968 0.102563411
 828 -1.07252240 -0.153974637 0.166898072 -0.639755964
 829 -9.74101797E-02 0.242296264 0.919546068 -0.191410542
 830 6.54123724E-02 -0.562973142 1.56236410 0.224077165
 831 0.503547370 0.414594918 0.368246675 -0.531054854
 832 -1.53291225E-02 -0.248370051 -0.160232708 -1.00883579
 833 -0.310997099 0.433600098 0.115774870 -0.744429827
 834 -0.271323353 0.210698277 0.128732115 0.639453530
 835 -1.09504735 0.805360138 -5.17331883E-02 -0.716368675
 836 0.976283729 -1.06936443 0.240223259 -0.933105290
 837 -0.849134088 0.256674945 1.60869336 0.464852870
 838 -0.506157637 1.67328763 1.65281856 -0.930740833
 839 1.26993990 -0.581004798 0.313656092 -7.28950500E-02
 840 -3.64544988E-03 -0.907690883 1.54834914 -0.315045923
 841 -0.750301003 -0.800868869 0.803103089 0.527122140
 842 0.176715285 0.430584371 1.19719207E-02 -0.364071637
 843 0.389826506 1.26180470 -0.572572351 -1.28140569
 844 1.37586796 1.38628566 1.39767385 -1.07241321
 845 -0.206911206 -0.693976283 -0.806958258 -0.282138318
 846 -0.935576499 -0.345092982 -0.212326944 0.677401602
 847 -0.296988010 0.620566368 0.498078942 -0.535848379
 848 -8.78084674E-02 -0.374879330 7.92887211E-02 -0.545060158
 849 -1.86163604 0.787985802 -0.410651535 -0.769763172
 850 0.467354894 -0.674024522 0.285118699 -0.244324923
 851 0.397291243 0.785564482 0.399503529 -0.849192977
 852 0.276589006 -0.442424238 -0.251490206 5.33279181E-02
 853 0.315229833 -0.440028667 0.328147113 -0.597450674
 854 -0.345830917 0.168704003 -1.43017197 -0.542921245
 855 -6.48150444E-02 -0.371483475 1.11386323 2.09461498
 856 -0.182151854 0.842872858 0.504657984 0.189308584
 857 0.252791792 0.707460880 -0.304246187 0.855187237
 858 0.934630096 -0.591125727 -0.283853829 -0.812288404
 859 -0.215653494 0.283807576 0.231080741 -0.612160265
 860 -0.333942920 1.21533716 1.37812293 -0.578380466
 861 -0.758823991 0.494904667 -0.334109485 0.180507421
 862 -0.197278991 1.10945523 -0.691215634 -0.908009291
 863 -0.111169666 -1.15498412 -0.805392146 -0.819358110
 864 -0.677799642 0.463840783 0.403214812 -0.465038896
 865 -0.465996921 -1.90482378 1.42317712 -0.965016484
 866 -1.30780280 -0.328931063 -0.137086913 -0.724157035
 867 0.173173800 -8.29639584E-02 -0.360338688 0.720104218
 868 0.112436429 2.38222980 0.629914880 -0.687135100
 869 -0.416591227 -0.594009876 0.344958931 -0.192577899
 870 -0.992533982 0.651834726 -0.550058305 0.337466657
 871 1.07303071 -0.628168941 0.579728007 0.506799400
 872 -1.21463788 -0.980787277 -0.874991059 0.505866230
 873 0.211088315 -0.219244525 -0.606135905 -0.832139254
 874 -1.09124255 1.99270082 -0.546730697 -0.672211885
 875 0.856228232 4.00243811E-02 1.16925943 -0.573975682
 876 -1.38595986 -0.449192792 8.42305422E-02 -0.694085658
 877 -0.319330305 -8.23701024E-02 -0.737961769 -1.05642068
 878 0.441799641 -0.515319586 0.568644404 0.274432242
 879 0.369883001 -0.485776186 0.584309578 -0.835715890
 880 -0.886390090 -0.556016445 0.248832881 -0.557513475
 881 -1.98613286 -0.125643864 0.304748893 0.522706449
 882 1.89020407 0.144747078 -9.21038687E-02 -0.387427330
 883 1.13858056 1.42924476 -9.74985305E-03 -0.880638719
 884 -1.67557240 -0.789077044 0.455927730 -0.800080776
 885 -0.405653954 1.93623447 1.27604401 -0.952987790
 886 -1.48234606 0.852265179 1.45045114 0.597674429
 887 1.66649616 9.11604613E-03 0.571058869 -0.475107253
 888 -0.442046672 0.255089939 -0.248262107 -0.650731564
 889 -0.275045455 -0.171672851 -0.154466778 -0.486806661
 890 0.262077093 0.605151534 1.09228694 -0.440735370
 891 -0.439984262 -1.12757802 0.272311956 -0.438494563
 892 -1.79089165 -2.10213363E-02 1.44064295 0.281815588
 893 -0.720051408 0.226510465 1.03337669 -0.577567399
 894 -0.435221970 0.400772125 1.15472782 -0.923908114
 895 0.560195327 1.99224234 -0.406757921 -0.862280130
 896 0.438953817 -0.444800258 -1.85393429 -0.710717499
 897 -0.559308529 -6.89829141E-02 0.786408305 0.923863769
 898 -0.915427804 0.476398349 -0.322652757 0.583133042
 899 -1.16337359 0.159721285 -0.315751672 -1.12863493
 900 -1.35232472 0.527330160 -1.45950508 -0.481232345
 901 -1.02416968 0.579106212 0.684751868 -0.888298750
 902 -4.59119603E-02 -0.161758959 -0.123973459 -0.489674568
 903 -0.557490051 0.905802131 0.966652393 -0.307785213
 904 0.635794818 1.17798698 1.24250889 -0.399192274
 905 -1.34699476 -0.812727571 -0.278917223 -0.695553124
 906 -1.04018950 -1.88933313E-03 -0.495031953 0.785275638
 907 0.614864469 1.44913590 -0.794317126 -0.741595268
 908 -0.803483605 -0.170216113 -1.29428589 -0.723519683
 909 -0.114693351 0.505084515 0.233634010 -0.596072435
 910 -1.59783196 -0.320915818 0.790562510 -0.577048063
 911 0.289518386 4.65811603E-02 1.07657731 -0.695497334
 912 -0.179374680 1.28524148 1.75883961 -0.324518889
 913 -0.995830357 0.507443666 0.179813400 -0.569409609
 914 0.242104322 3.40542942E-03 0.348273337 -0.676265717
 915 0.194958583 -1.00168061 -1.22753632 -0.602774620
 916 -1.17277145 1.04261041 0.956549406 -0.717944324
 917 1.57381535 0.297621369 0.615327299 -0.380254686
 918 -0.111408234 -0.832808852 -0.709378600 1.71723151
 919 -0.361300558 0.156688705 1.02221906 -0.576735616
 920 0.462173671 -0.414812833 0.436128855 -0.379398227
 921 -0.936045408 0.922036529 0.135190159 -0.724300146
 922 0.103418939 1.40470397 0.904454172 -0.761122108
 923 -0.541023970 -0.518195271 0.347732902 1.57123208E-02
 924 0.712098479 1.43782878 -0.464208752 -0.341446906
 925 -0.594813347 -0.136278674 0.592492282 -1.05731344
 926 -0.855847239 0.798734069 0.528138697 0.491172850
 927 -0.773456573 0.455999047 -0.639948130 0.258772999
 928 0.401868820 -0.675067127 0.117326602 0.558862448
 929 -0.273422778 -7.99720138E-02 0.215157881 -0.550311863
 930 -0.391558617 -6.57455474E-02 -0.175431758 -0.632431805
 931 -1.80907965 1.70211267 0.590507925 -1.31182134
 932 -0.144858837 -0.467691183 1.31544614 -0.873824596
 933 -0.786609173 -0.541171849 0.666161656 -0.693222642
 934 -0.416165709 -0.259899974 1.23135650 -0.988829017
 935 -1.33424449 0.188399330 -6.70889765E-02 -0.763982296
 936 -0.525440097 -0.110926978 0.276053458 0.959688067
 937 -0.936540723 0.918389618 0.385331273 -0.489108533
 938 -3.01956683E-02 0.392511249 0.527062833 -0.743819773
 939 -0.230963200 2.41158652 0.340757668 -0.916410089
 940 -9.97267663E-03 0.485205054 0.859940052 1.93212366
 941 -0.242523491 -1.10647798 -0.129691079 0.172847062
 942 0.616077006 0.458482444 -0.514459789 0.309637845
 943 -0.636809945 -0.255749851 -0.474361002 -0.845458806
 944 0.122172862 -0.268229246 0.771431625 -0.803919554
 945 0.241225347 0.585996628 -0.439707756 -0.886158049
 946 -0.334638357 0.650689244 0.280713707 -0.468209088
 947 9.13693160E-02 1.43766117 0.761979401 -0.519368827
 948 -0.303558499 -1.07995152 -0.178450271 -1.52161908
 949 0.425896943 0.858639479 -0.614931405 -0.647979558
 950 0.689437449 -0.792162299 0.395413160 -1.08636785
 951 0.169485748 1.06355333 0.811342180 -0.737341225
 952 -1.09482849 0.703927517 0.538543642 0.495189011
 953 0.249342084 0.982325435 -1.24722505 6.71328008E-02
 954 1.53280926 1.05694914 0.510942936 -0.645404518
 955 2.26888156 0.288850129 1.36312413 -0.453842312
 956 0.691997707 -0.316822380 -1.90563276E-02 0.276958197
 957 -0.650711298 -0.786326826 -1.23229074 -1.09999967
 958 -0.462328136 0.428980857 0.390350282 -0.565711737
 959 -0.827468932 1.73005056 0.527998209 -0.605218053
 960 -0.964593172 1.12605524 0.917686939 -0.393128991
 961 -0.305065185 -0.649124026 0.313476473 1.42222989
 962 0.463390321 0.188174903 -0.592861235 -0.579336762
 963 -0.517929673 1.06968319 0.711363137 -0.635213375
 964 -0.388696671 1.36770833 0.926961482 -0.467931390
 965 -7.79747963E-02 -0.701514840 0.210392833 7.58453757E-02
 966 0.394429982 -0.586130500 -0.107155807 0.289531618
 967 -1.00976062 0.187895328 0.552931070 -1.01336789
 968 0.451819271 -1.58703864 -1.02878571 -1.00423849
 969 -0.809576750 1.03500521 6.13953397E-02 -0.368000716
 970 -9.09796581E-02 1.36550641 0.205352172 -0.787414014
 971 -0.873392522 -0.200176001 -6.49017841E-03 -0.659461856
 972 -0.656703830 -0.156653672 1.71561682 -0.541843116
 973 -0.421235055 0.794962347 0.212042317 0.435726404
 974 -1.45545185 1.42866802 0.474338472 -0.931438088
 975 -0.244165748 0.622516334 -0.150032058 -1.04362869
 976 -0.728810251 0.288192093 0.665670395 -0.712316096
 977 -0.127409443 1.47125995 -0.504071593 0.422107399
 978 -0.103679888 -0.452946186 0.567935348 -0.719761968
 979 -1.10261416 0.662790895 -0.115322739 -0.772493362
 980 0.469207972 0.244151130 0.796658456 -0.899343610
 981 -0.916007698 1.32049012 0.155324459 -0.532195687
 982 -1.22637844 1.34683657 1.03523397 0.236919448
 983 -1.01993942 -0.350186735 0.524310470 -0.552421212
 984 0.101732895 -0.960100055 -0.309144646 0.682496727
 985 -0.416350842 -0.968950987 0.915678918 -0.472890139
 986 -0.161325574 0.420907706 0.748755515 -0.351240635
 987 -1.42190623 -0.231929854 0.626418710 1.28955460
 988 0.428953350 0.596896172 0.654583275 -0.752954483
 989 0.548056304 0.845630050 0.158549264 -0.373994112
 990 -0.604114234 -0.540209711 0.721324861 0.386243463
 991 0.437945127 0.533211470 -1.51166606 -0.471778512
 992 0.140469968 -0.983128905 -0.334680974 0.498772442
 993 -0.830045104 -0.315055072 -0.103741653 -0.134102523
 994 -1.36805558 0.184435964 1.08578348 -0.456895232
 995 0.298284352 -0.539798021 -0.655890226 0.280290961
 996 -8.69144946E-02 -0.344721258 0.304670900 0.235309988
 997 -1.59810388 5.93113154E-02 0.536822677 0.661799192
 998 -0.252266914 1.48823822 0.639418185 -0.723997116
 999 -1.47016621 -2.44565940 -0.641656995 -0.547600389
 1000 -0.951222599 0.272480190 0.337672651 -0.894971490
 1001 -1.62393975 0.618602395 1.09763765 -8.45558941E-02
 1002 -0.954213560 -0.580891252 0.906629145 -0.874699652
 1003 -0.654929876 2.24868774 2.00489450 -0.518529773
 1004 -0.233272314 0.719928920 0.995736063 -0.592563927
 1005 -8.36429596E-02 -1.00484312 0.878385842 0.897958875
 1006 -0.294762492 0.893183947 0.131913334 -0.301505417
 1007 -0.954538286 0.423627883 -7.32513517E-02 -0.506199300
 1008 -6.92471564E-02 -1.34602523 0.109652773 0.650640607
 1009 -0.447957039 -0.182616636 -0.685457110 -0.655092835
 1010 -9.73349884E-02 0.278340816 0.569293022 0.600975573
 1011 0.410077244 0.732425034 2.13726020 -8.57637078E-02
 1012 -0.521628916 0.426710188 0.184162468 -0.916321754
 1013 -0.152518123 -0.582499743 0.682945728 -9.15177763E-02
 1014 -0.867438138 -0.386842042 0.492524087 -0.705833912
 1015 -0.508159339 0.368244946 -0.580028057 -0.796668112
 1016 -0.493589073 8.82868171E-02 0.563845873 -0.935999453
 1017 1.54059947 -8.46329257E-02 0.414274007 -0.859197021
 1018 0.821736693 0.548487127 0.106883444 0.491966128
 1019 -0.646509051 -0.716886997 1.41156733 -0.950774431
 1020 -1.25324869 1.65797687 0.616741419 -0.855134010
 1021 -0.767679930 0.259301096 -0.153889507 -1.02304137
 1022 -0.711438537 0.195333153 0.761537015 0.514941931
 1023 -1.05809462 0.744024515 1.07791591 -0.916201830
 1024 -2.46788955 0.649858356 0.900661826 -0.741470575
 1025 -0.341188639 -0.251027822 0.417603940 -0.960403323
 1026 -1.36350620 -0.301655263 0.789858639 -0.946835816
 1027 -1.67898941 1.22299659 0.623827100 -0.725831389
 1028 9.63779017E-02 1.26381552 -0.375830650 -0.336930484
 1029 0.253256381 1.16852081 -0.189901233 -1.16855597
 1030 -0.537430406 0.406961232 0.869717002 1.38512599
 1031 0.286763817 0.523220897 1.51031041 -0.528710783
 1032 -0.359681308 -0.243402943 0.717524111 0.473213136
 1033 0.114041984 0.464106381 1.01388842E-02 -0.603745222
 1034 -0.101208121 1.05219197 -1.20360327 1.62968946
 1035 -6.85304105E-02 0.699435413 -0.906558633 -9.04433727E-02
 1036 1.44307005 1.08747792 -1.24979830 0.808400750
 1037 0.737148166 -0.391705215 -0.999789357 1.85044086
 1038 0.614156008 0.243493542 -1.49328923 0.488050163
 1039 -0.573679686 1.54268587 -0.817164361 -0.606317759
 1040 0.619640768 0.276008695 -1.44742370 3.37958097
 1041 5.55090792E-02 1.13015056 -0.643075585 1.85298645
 1042 0.156862974 0.967335105 -0.958919942 -0.367410898
 1043 0.512589514 -0.555546641 -1.98445439 1.03753901
 1044 -9.65949744E-02 -0.715186000 -1.82581341 -0.510296583
 1045 -0.668388486 0.526329815 -1.28017771 4.29520464
 1046 0.545082450 1.20378625 -0.884477913 0.937366486
 1047 -0.498196423 0.627635419 -1.08058023 1.87471092
 1048 -0.373050481 0.199602634 -1.71342981 3.54717326
 1049 1.07620752 0.462088108 -1.26614499 1.01152539
 1050 0.118625887 -0.127380878 -1.30988336 -0.288201571
 1051 0.663929880 0.995530188 -1.25738657 3.83972824E-02
 1052 0.824717641 1.12708759 -1.34824347 0.554610491
 1053 1.39247310 -0.299768776 -0.982019126 -3.70666385E-03
 1054 0.441789955 0.381843597 -1.38857198 0.345081568
 1055 0.606182337 6.70062751E-03 -1.40644252 0.887374878
 1056 1.36064661 0.925429344 -0.980625689 1.11037958
 1057 0.566305161 -0.672990501 -1.88772774 1.74213457
 1058 -0.166853070 1.07825780 -0.808213115 1.58461773
 1059 1.57242382 -0.240650639 -1.82456064 1.95342124
 1060 -0.389761120 0.794447243 -0.553433359 1.99841118
 1061 3.09375376E-02 0.427767217 -0.702245891 1.67271268
 1062 0.720596373 -0.496006429 -0.952833056 0.648831069
 1063 0.609036446 1.04652739 -1.09026361 0.782251239
 1064 0.531331003 1.02862537 -2.49347067 0.976144195
 1065 0.671061575 0.705408931 -1.02732325 -0.430718184
 1066 -1.37883306 0.517264128 -0.943294048 3.34216762
 1067 0.900696993 0.220745817 -1.48240662 1.73518419
 1068 1.11304224 -2.38318853E-02 -0.791930377 0.666884661
 1069 0.685848057 1.39006042 -1.04325342 3.83518267
 1070 7.65997991E-02 0.478010774 -1.47807562 3.42509985
 1071 -0.294670373 -7.00423643E-02 -1.76473606 4.77349138
 1072 -0.288192272 0.723855972 -0.686270118 0.888493896
 1073 1.74206841 -4.41274941E-02 -1.77801955 0.687300324
 1074 -0.129370600 0.919379234 -0.265160859 0.836468518
 1075 1.63234425 -0.461517274 -0.465609998 3.30266643
 1076 0.524099529 -0.546120822 -2.19403052 0.665367603
 1077 -0.221458614 -0.664486647 -1.42809701 3.43364501
 1078 1.77066815 0.680412650 -0.988416016 5.13423347
 1079 0.326964557 1.50399947 -1.76367581 0.948303998
 1080 -1.09020758 1.20635593 -0.298136592 0.726729393
 1081 0.535627842 5.43542653E-02 -1.59715974 0.812079012
 1082 -0.323095053 0.441146255 -1.24818611 -0.356220096
 1083 6.84202537E-02 1.10381889 -1.02704012 -0.395005763
 1084 -0.993331492 -0.348964453 -1.01806939 4.46320915
 1085 0.878604591 -0.281189919 -1.19694567 -0.372971326
 1086 0.212464869 5.78191057E-02 -0.368058801 0.706225038
 1087 2.73146033E-02 0.590016723 -0.617969394 1.72138274
 1088 -1.26838312E-02 0.546014249 -0.550261080 0.864996970
 1089 0.888913035 0.144221306 -1.85147417 0.820227742
 1090 0.666089356 0.177348673 -1.10682869 -0.504432976
 1091 -0.816167474 0.412375391 -0.450966418 0.805348873
 1092 0.786515594 0.484110713 -1.36628425 -0.192108676
 1093 0.513122141 1.20589530 -1.13740087 0.778625667
 1094 -1.55192595E-02 0.717073262 -1.39764166 1.53661919
 1095 0.207444847 0.757452130 -1.47064626 3.38013625
 1096 1.13153124 0.655437052 -0.964338720 1.86020601
 1097 -0.442702293 0.123256825 -1.29437947 0.565962434
 1098 -0.307156533 1.07128131 -0.635448098 1.90684414
 1099 -0.486481011 -0.853481948 -1.48113811 0.760757208
 1100 0.927872062 0.915003359 -1.39799416 2.36774397
 1101 1.05330634 1.79429007 -0.654039860 3.81920052
 1102 0.695062757 -0.409578204 -0.577313185 2.15089154
 1103 -0.442422926 0.228101462 -0.621172965 -0.414560795
 1104 0.102333196 0.343023241 -1.21959114 -0.433542460
 1105 0.364250362 7.74476007E-02 -1.99961650 5.32857847
 1106 -0.799666882 -0.129986525 -1.86493850 2.30932713
 1107 0.243439376 0.756922424 -1.12153602 0.735941410
 1108 0.488535643 0.654371977 -0.949831605 3.77675080
 1109 -0.663377345 0.661725402 -2.13804555 1.95184863
 1110 1.43633699 1.08996356 -1.14068997 6.23729944
 1111 1.81896889 0.130862206 -1.67801750 1.78479755
 1112 0.293461442 0.640451372 -1.42736220 2.12456417
 1113 -2.63799243E-02 0.502284288 -0.387668252 0.773673356
 1114 -0.681312799 0.371169597 -0.987343311 0.746626854
 1115 -1.40776479 0.866506398 -0.923782408 0.497196078
 1116 -0.333712995 0.980467439 -1.62055397 0.697318435
 1117 1.19246817 0.111574411 -1.39689183 4.79387140
 1118 0.505131721 1.39953554 -0.983983815 0.573070705
 1119 1.25984430 0.902338326 -0.242641181 2.01688671
 1120 0.226499274 1.74671173 -0.796008885 0.519886494
 1121 1.49425030 0.745136499 -0.948505700 0.631676972
 1122 2.69889879 0.775264978 -2.26417518 0.704013467
 1123 0.331199884 0.843870878 -1.17342317 1.91564703
 1124 1.50496137 1.37695384 -1.63269544 3.71077418
 1125 0.940938592 0.609872758 -1.44166374 1.08345580
 1126 -1.12925363 0.932184696 -1.27909303 2.03448296
 1127 0.622038603 1.02512002 -0.429474622 4.60889769
 1128 -0.293377012 -0.555345714 -1.61642909 4.78188324
 1129 -0.227373526 0.180878848 -1.63008559 0.859101593
 1130 0.174348697 0.406576455 -0.992677271 0.937821925
 1131 0.396979064 1.10344493 -1.92746365 0.858866513
 1132 6.83871806E-02 -0.466575235 -1.78162229 0.814686537
 1133 -0.676739275 -0.347112119 -1.04870164 1.83582854
 1134 -0.212981105 0.410655767 -1.39920616 -0.421680450
 1135 -0.691726565 0.593093932 -0.869562209 2.60411429
 1136 0.440290868 -0.309791684 -0.978118062 1.03978777
 1137 -2.73034722E-02 1.88239408 -0.315504313 0.871507585
 1138 -0.342704356 1.03845370 -0.256907880 0.614815056
 1139 1.54236376 -3.07576013 -2.21728611 3.92577100
 1140 2.05992889 -2.96845937 -2.28969479 -0.267333776
 1141 1.47465193 -1.33247817 -1.98522353 -0.757770181
 1142 1.50903046 -2.11173582 -1.13886571 -0.148249924
 1143 2.37079692 -1.23602366 -2.53787518 1.56744635
 1144 2.14054418 -1.28521943 -0.703260660 -0.512697339
 1145 0.157053530 -2.05139303 -2.35808516 1.77555704
 1146 2.08300948 -1.78430963 -2.08838224 1.73522389
 1147 2.05872536 -0.684706867 -1.07368648 -0.628916621
 1148 0.463873267 -1.63462591 -2.21000600 -0.323025107
 1149 2.09277821 -0.848538399 -2.60593104 -0.609458625
 1150 2.38856840 -1.14374995 -1.19573593 0.110758454
 1151 1.46311581 -2.60317659 -1.50380445 1.87388194
 1152 1.09063017 -1.82709396 -1.33614242 -0.547105134
 1153 1.95228410 -2.48704290 -1.75586224 1.56561828
 1154 2.01099133 -1.43646049 -1.69136500 2.00698781
 1155 1.98226571 -1.92578423 -1.64040136 3.69332814
 1156 1.73577178 -2.16583228 -1.54800916 3.44834781
 1157 2.26443052 -3.53410578 -1.89042366 -0.212519154
 1158 0.658187270 -0.462621987 -1.96669817 -0.386875838
 1159 2.59085441 -1.80456519 -1.48020065 -0.704691291
 1160 1.73151398 -2.27519536 -1.82985282 -0.721416116
 1161 1.74031782 -2.33456039 -1.29483175 1.69689500
 1162 1.54564607 -2.71997094 -1.35296500 -0.869611740
 1163 1.75046754 -2.22048044 -2.18965340 -0.670614600
 1164 1.17822230 -2.69027805 -1.89656842 -0.301585883
 1165 0.492323190 -1.35291505 -1.84521520 -2.07118690E-02
 1166 3.12503958 -2.51510978 -1.17116284 -0.180119827
 1167 1.38105106 -1.14826608 -0.781215131 -0.372666985
 1168 1.19925940 -0.683390677 -1.79809463 -0.365366995
 1169 1.09430981 -1.07092452 -2.24768925 -9.07973945E-02
 1170 0.938022792 -2.37330103 -2.36913538 1.63860857
 1171 1.46557665 -1.75648320 -2.81846094 -0.223194569
 1172 0.604656816 -1.12263000 -2.39834380 1.37874901
 1173 1.11349845 -2.89387417 -1.27243745 -0.497664332
 1174 3.02829099 -2.25216126 -0.862929940 1.75894845
 1175 0.513644993 -1.56123352 -1.64902520 -0.745623350
 1176 1.75722539 -1.86255574 -2.10574079 -0.260709703
 1177 1.23938155 -1.01403451 -2.04100704 -0.552247345
 1178 2.60891271 -2.01282883 -1.44926214 -0.334605873
 1179 1.74578786 -1.06427002 -1.36499619 -0.578680098
 1180 1.60764575 -0.833085299 -1.47289872 -0.614535928
 1181 1.10783446 -0.922743797 -2.04828525 1.35775495
 1182 0.477616459 -1.42300951 -1.18323612 -0.234706745
 1183 1.16846001 -0.666144431 -1.96269882 -0.171523511
 1184 1.17778373 -1.36887097 -1.74215102 1.56993961
 1185 1.40590703 -1.70853710 -0.779655635 -0.266359985
 1186 8.57481360E-02 -2.25909877 -2.10689831 -0.605024338
 1187 2.38537717 -1.87565279 -1.26034510 1.82630920
 1188 0.752838314 -2.55621672 -0.385721266 1.68471146
 1189 0.551890969 -1.94779122 -1.98722720 -0.249959335
 1190 2.80578518 -0.417764604 -1.37144601 -0.589971066
 1191 2.17463779 -1.06916595 -1.51528287 -0.458381593
 1192 1.03481495 -1.43305218 -2.33926868 -0.158927500
 1193 1.55515265 -0.216097400 -1.04274786 -0.625635862
 1194 2.78417563 -2.25400805 -1.77239811 -0.333477199
 1195 1.59899509 -0.950869918 -1.99574280 -0.406114936
 1196 2.98198080 -1.70471454 -1.23614085 1.72114956
 1197 1.76627970 -1.57132995 -1.91855860 -0.405465841
 1198 3.01333809 -2.21133232 -1.41615653 -0.571774125
 1199 3.42272902 -1.80069494 -1.84205878 1.77353430
 1200 2.05591536 -1.21713758 -1.74246013 -0.287136197
 1201 1.98936093 -1.21315992 -2.47340536 1.67777824
 1202 0.908580303 -2.87238312 -1.66957521 -0.430684716
 1203 2.50985789 -1.09026444 -1.44048297 -0.347280562
 1204 2.38586235 -0.590237498 -1.42666304 -0.641397595
 1205 2.42617178 -2.53756618 -1.47582376 -0.386391163
 1206 2.06758738 -0.934352398 -2.34818816 -0.770290256
 1207 2.13766575 -1.86526012 -2.48420477 1.61768413
 1208 0.901688993 -0.774743736 -1.36379230 -0.404659301
 1209 2.57457399 -1.92901039 -1.19725454 -0.110510767
 1210 1.28777933 -1.48950410 -0.958133638 1.60524166
 1211 2.63746977 -1.67993724 -2.49620461 -0.509224355
 1212 1.78918183 -3.28371048 -1.85776675 1.82361639
 1213 2.65620923 -2.50712776 -0.829779804 1.68785727
 1214 1.39016366 -2.08976460 -2.04896545 1.62649846
 1215 2.11970663 -2.16119409 -1.89567351 1.88512921
 1216 1.71575332 -1.87658823 -1.63618803 1.19879854
 1217 1.25491059 -2.32336783 -1.66263556 1.82858098
 1218 2.03020024 -3.02192569 -2.06042552 -0.323119402
 1219 2.15186405 -1.86304510 -0.716604173 -0.350794852
 1220 1.94809020 -1.63752723 -1.28526783 1.46881294
 1221 1.89674950 -2.72069025 -2.22658753 -1.76158547E-02
 1222 4.62547112 -1.17473960 -1.13070750 -0.463992327
 1223 1.83497810 -0.586145997 -2.31759191 1.91266811
 1224 2.14388180 -1.19826472 -1.00617433 -0.268766284
 1225 2.56710744 -2.17827511 -1.35788631 -0.234914064
 1226 2.06762671 -2.69584346 -1.71495497 1.81097043
 1227 2.67403364 -2.97585511 -2.53418684 -2.00782120E-02
 1228 2.37235379 -1.02223969 -1.25833666 -0.588967144
 1229 3.16449213 -1.04954958 -2.64764428 1.34435534
 1230 1.79305613 -2.36538029 -2.08482718 1.64658618
 1231 2.91706824 -1.79269695 -2.09126949 1.50410855
 1232 1.19619989 -2.47855091 -1.78697753 -0.537761331
 1233 0.694493473 -1.75939131 -1.90706527 1.60864556
 1234 2.03490162 -0.861292720 -1.37344635 -0.335468531
 1235 0.953436255 -1.64910734 -2.79242206 -0.683461308
 1236 2.32805300 -3.14310431 -2.01241088 -0.753958285
 1237 1.48617721 -1.92619693 -2.02491093 -0.507587969
 1238 1.50384557 -2.59003496 -2.64125967 1.87464595
 1239 2.01904106 -1.33373868 -1.11758471 -0.483950794
 1240 1.16824472 -2.12697625 -1.75947773 -0.889288485
 1241 2.05539775 -1.73250854 -2.56925988 -0.341575176
 1242 1.35389388 -1.89920616 -2.53893137 -0.809403419
 1243 2.57188201 -2.04415917 -1.12827623 -0.165062368
 1244 1.23520434 -0.973622203 -1.64890063 1.44180787
 1245 2.51542830 -2.21331263 -1.64084899 -0.529543102
 1246 3.17226577 -1.79204512 -1.67215753 -0.444399029
 1247 1.27262831 -2.87022161 -1.16493225 -0.756442428
 1248 2.15361810 -2.81190348 -1.43570352 -0.354832500
 1249 3.17208338 -1.14358616 -0.658937871 -0.367017537
 1250 1.91911662 -2.21448684 -1.52997088 1.81645930
 1251 0.670965672 -0.955983818 -1.70014870 -0.177261725
 1252 2.63342595 -0.980226636 -1.19884372 -0.130917996
 1253 2.39645267 -1.89048350 -2.80182600 1.66108608E-02
 1254 2.47917104 -1.27465272 -1.41706347 -0.470871747
 1255 2.54862189 -0.903949380 -2.42516923 -0.634578824
 1256 0.510069251 -1.59060740 -1.71887839 -0.284439802
 1257 1.82820678 -1.83686149 -2.33693409 1.49609327
 1258 2.23029399 -0.578893304 -1.52582479 -0.473975956
 1259 1.91040170 -1.46559691 -1.30117881 1.63826656
 1260 2.02460861 -3.33161139 -2.25820756 3.89370990
 1261 2.01180601 -1.19575953 -1.72742105 1.42071426
 1262 1.45244932 -2.05958223 -1.82187688 -0.242355928
 1263 2.45377851 -2.20721912 -1.92441952 -0.510870695
 1264 1.98727763 -2.12588072 -1.51508427 1.97593570
 1265 3.47782969 -2.51653385 -2.45620370 1.45718157
 1266 1.42503154 -1.55751479 -2.96684623 1.18449867
 1267 2.38499665 -1.76321411 -1.14553690 -0.766669512
 1268 1.56040573 -2.93263030 -1.26935136 -0.652796209
 1269 1.57220590 -1.58044004 -1.30049026 -0.497513711
 1270 2.28797030 -1.25460637 -1.34692001 -0.517814219
 1271 1.21308982 -2.49698591 -1.64363551 1.60481250
 1272 1.80061734 -1.24298263 -2.07083678 1.40329599
 1273 3.28395724 -0.865275502 -2.12921143 -0.598058164
 1274 0.968681097 -2.32233930 -1.40752828 3.37403226
 1275 2.32677364 -1.69991529 -0.783524394 1.60908532
 1276 2.36222553 -1.08728909 -1.35106695 -0.358802110
 1277 2.58071804 -1.80397892 -1.59835029 1.70596552
 1278 7.14195073E-02 -1.19358051 -1.76764309 1.33390725
 1279 2.15664005 -1.66104317 -2.29553008 1.39607275
 1280 3.41972637 -1.41375959 -1.84500837 1.32026291
 1281 2.18940926 -3.05848312 -1.74689603 -0.357024252
 1282 3.06630731 -1.36298072 -2.72451234 1.43825972
 1283 2.27946448 -1.56123674 -1.27532899 1.72243714
 1284 1.46946049 -3.44706535 -2.36244297 -0.568798900
 1285 1.91175580 -2.00721693 -1.90405369 -0.337692320
