 1 -1.15764713 1.36361647 -0.152449936 0.793903112
 2 6.24168515E-02 1.03852558 -0.246071592 -0.370357811
 3 -0.558763444 -0.927113771 0.886179626 -0.207215011
 4 -0.962289631 -0.590747714 0.597361445 -0.274169892
 5 9.56284553E-02 0.414544553 -0.118513338 0.184543014
 6 0.775855660 0.938543797 0.665205240 0.957986712
 7 -0.537625134 0.803713679 0.226817489 -0.932511985
 8 -0.655086637 -0.131244317 1.17587817 -0.396360874
 9 0.263663650 -0.233207345 -0.729861856 0.835575998
 10 0.329230607 0.178142548 0.498030216 0.880452812
 11 0.780803382 -0.493295312 0.345476538 1.27489412
 12 -0.744732857 3.24055552E-02 0.442338347 -0.206296131
 13 0.810918689 -0.914495826 0.890348256 1.62127173
 14 -0.842185855 0.820005119 0.442088723 1.20597577
 15 0.369152248 -1.20902491 -5.96341640E-02 -0.237744361
 16 0.899789393 0.251747996 0.800227404 0.904417396
 17 0.635551989 0.782351971 0.836404622 7.84477070E-02
 18 0.455807865 -0.919143200 1.37966907 1.31430268
 19 -1.79125822 -0.649424851 0.465756357 0.796221614
 20 -1.24088311 0.402863830 0.566830754 0.816014886
 21 0.375465691 -1.35326672 0.564488649 0.977058411
 22 0.765130281 2.05204010 -0.532803774 -3.48534882E-02
 23 -0.701103806 -2.16547894 0.127103776 1.13858402
 24 0.316832960 0.325999349 -0.347928017 1.17152262
 25 -0.883854151 0.517772317 -0.453745723 1.37382340
 26 -0.690855920 1.77074921 0.487243712 -0.434721559
 27 0.535361290 0.606781602 0.382446915 1.44536328
 28 -0.334661484 0.331248939 -7.33062327E-02 1.00111151
 29 0.218851805 -1.35261440 -1.02909958 -0.658801556
 30 -0.218920544 0.289982557 -0.416533679 2.19692290E-02
 31 9.05737728E-02 -1.93225816E-02 -0.224306747 -3.70276719E-03
 32 -1.19676685 -0.826861024 1.35429168 1.03388262
 33 0.745608509 -3.53580117E-02 1.46923351 -0.411872745
 34 -0.764109850 0.778115392 -8.06648806E-02 1.11731565
 35 -0.765395701 -0.102517366 0.689987659 -0.340094984
 36 0.902649164 9.33587477E-02 0.435869008 -0.519641995
 37 1.38829470 -0.167203501 1.79624903 0.123780631
 38 0.635495186 0.424653053 -0.809204876 1.23731709
 39 -0.572692394 -0.672032595 -1.01776731 0.683696985
 40 0.360356510 1.62723804 0.919616938 -0.817176700
 41 -0.407458305 1.97849000 0.513383567 -0.172937959
 42 0.934799016 -0.507600367 -0.186936110 0.202945113
 43 8.96551087E-02 -5.85672557E-02 0.518554509 2.70676091E-02
 44 -1.25262833 0.841344416 1.26553047 -1.48161426E-02
 45 -0.775375128 0.885036349 0.342457235 0.137798011
 46 -2.50174720E-02 -0.298776984 -0.212056458 -0.532392859
 47 0.989424706 1.08904958 0.491602510 -0.722715855
 48 -0.620184541 -0.288273424 -0.329356194 -0.742790699
 49 -0.470560253 -0.167369649 0.957086623 -0.357902527
 50 -0.557539165 -0.966884613 0.960524738 0.587568402
 51 0.549696326 1.18946946 1.14708769 1.01172578
 52 -1.40052509 -0.173644066 1.34263003 -0.287668198
 53 -0.997949719 -0.542830527 0.412585676 -0.373541951
 54 0.209213033 1.12412953 -0.488111258 -1.59074962E-02
 55 -0.853027642 -0.345584989 -0.615803540 -0.503145516
 56 -0.636984825 0.625865936 0.260115564 -0.276774079
 57 -9.76314694E-02 2.75339508 1.00837815 2.63415933
 58 0.381160289 -0.133206695 0.684681296 -0.640376806
 59 -6.87059164E-02 -0.530025840 0.798471928 6.41565695E-02
 60 9.02874023E-02 0.114504099 0.614650846 0.849659503
 61 -0.208523542 0.549285948 -1.12243605 0.939308643
 62 0.826043248 1.93023145 0.301070303 0.157415688
 63 6.64268434E-03 0.750969172 -0.458226889 0.665402055
 64 4.97075059E-02 -0.800349593 0.327868760 -0.299336255
 65 -0.612677574 -0.353742063 1.17245352 8.46291333E-03
 66 0.537195742 0.554036379 1.66698885 0.796930313
 67 0.344730675 0.238141507 0.250302970 1.02059591
 68 0.853682876 0.421639621 0.347608685 0.177791417
 69 -1.32388449 2.03562403 1.35213542 -7.25263953E-02
 70 0.394976676 4.93971556E-02 0.328230739 1.54047275
 71 -0.585759759 2.04744053 1.10046899 -0.458705515
 72 -0.957126260 -0.996278763 0.170155928 -0.581465125
 73 0.325213134 -0.831600964 1.24847806 1.43355918
 74 0.671365261 7.68915117E-02 -7.59560764E-02 0.768966079
 75 0.124884844 -0.386388630 -4.61091101E-03 -0.168169841
 76 0.382428527 0.786056638 1.72125030 3.32995129
 77 -0.527857900 1.04205549 -0.220240295 -0.351073503
 78 -0.297219694 -1.27934957 -0.440668464 -0.775139451
 79 -0.788691759 1.89662278 -1.72400512E-02 -3.57049108E-02
 80 -0.416547447 -0.161003605 -0.578956366 1.16913760
 81 1.08638477 1.90013885 2.00862360 -0.497485071
 82 0.167570606 -0.924567819 -0.686667442 -0.221922174
 83 -0.681824088 -0.451104105 1.54097533 -5.77705055E-02
 84 -0.584235430 0.114548817 1.28691685 0.131643772
 85 -0.459724247 -0.136597350 -8.82879049E-02 1.54504418
 86 -0.328713566 0.411066830 9.55446213E-02 -0.233730853
 87 -0.543879390 -0.132279932 -4.58137244E-02 1.47886384
 88 -0.110966891 -0.841215789 0.564085901 -0.388705462
 89 -0.390460610 0.646252513 1.52945042 -0.150703490
 90 0.452974647 1.14594686 -0.144071683 1.16200924
 91 -0.324584156 0.855905592 -0.510496914 0.178577453
 92 -0.960911691 -0.715600491 -0.403263360 -0.111840039
 93 -3.76225114E-02 0.860211611 0.475636005 0.255546987
 94 5.76457009E-03 1.15008307 -1.10464311 0.878660142
 95 0.731189072 0.840967178 0.379023194 8.89326558E-02
 96 8.15573633E-02 0.226159289 -3.06305271E-02 2.69376114E-02
 97 0.317797482 0.559504747 -7.31531978E-02 -0.295765489
 98 -0.942531526 -0.105933040 0.105324484 -8.52447748E-02
 99 -1.29084384 -0.315481514 1.49313438 -0.421002895
 100 -0.656159878 -1.14373887 0.154821545 -0.221013710
 101 0.280079216 0.870426178 0.793388247 -0.187487572
 102 0.442710161 0.390152186 1.03349006 1.03580010
 103 -8.90895873E-02 -0.173595488 -0.264407814 5.34900278E-03
 104 -0.166709855 1.07821000 1.70517778 0.256688982
 105 -0.754065394 0.647587121 -0.427317947 1.58141530
 106 -8.41510147E-02 0.899742603 0.214981437 0.130011320
 107 -0.432961851 -0.301334798 0.289239347 0.622722149
 108 0.540025115 0.763388336 0.877817631 -0.329387605
 109 -0.443619251 -0.433691204 -4.78345007E-02 -0.214017063
 110 0.917844355 0.420727193 1.08516526 0.592805505
 111 -0.828115225 -3.68092358E-02 0.838264048 -0.282544047
 112 -0.692175090 0.314188838 7.78407753E-02 -0.126940906
 113 -1.52309714E-02 0.507255971 -0.501943707 0.155897260
 114 -0.318359047 -0.599888504 0.202287167 1.02679646
 115 -9.35303420E-03 2.28376770 1.48573720 1.44456923E-02
 116 -0.547283530 0.619813442 0.536102653 1.08926809
 117 0.651980042 -0.297706187 0.777485609 -0.471800447
 118 -0.991553187 7.94408619E-02 0.294373155 -0.544711232
 119 -0.602288067 1.05098963 0.777539253 -9.57060829E-02
 120 -0.562443495 -0.434742123 0.354748070 1.23134744
 121 0.283002883 1.17440093 0.318151206 5.81721589E-02
 122 0.445881248 1.25283659 1.11485791 -0.147814870
 123 0.793124378 2.84206295 0.241814852 -0.177367598
 124 -1.55830598 -0.197140634 4.71532196E-02 -0.524729431
 125 0.578928709 1.01396275 0.492231488 0.776208282
 126 7.24199414E-02 0.796589255 1.04386377 -9.39628333E-02
 127 7.05647022E-02 0.343749404 0.467222869 9.95295420E-02
 128 -0.937886298 -0.189451784 -0.189333946 -0.259692967
 129 1.45274187E-02 -0.240010306 -1.59756279 -0.639819086
 130 -1.12474668 1.46008849 0.533726394 -0.191700980
 131 0.375804722 1.19874871 -0.733496904 0.426452190
 132 -0.181180671 -1.33203650 0.534270883 2.59583369E-02
 133 1.18538618 2.12715268 1.63842130 -0.223558322
 134 -1.07840979 -2.41399854E-02 8.90463516E-02 -9.55689773E-02
 135 0.693408549 2.41166577E-02 4.51512635E-04 -0.238510787
 136 -0.971035480 1.02523339 -2.64712572E-02 0.788616240
 137 -0.278558433 1.38994563 1.41367185 -4.98582013E-02
 138 -0.300756663 2.25671816 0.163349018 -0.735061049
 139 0.426874876 -0.158625960 0.588116109 -0.371895403
 140 -1.48596120 -1.09539172E-02 0.264112532 -0.592144787
 141 -0.467581272 0.894110620 0.684826016 -0.349082947
 142 -0.177553594 1.96172571 -3.26406732E-02 -0.418956518
 143 0.103366427 1.66650367 1.45411611 -0.588599503
 144 -0.573236644 -0.750872672 0.555190504 -0.381810486
 145 -0.503176689 0.379370481 0.556424558 -0.224153906
 146 0.762358844 0.193725914 0.947943866 1.85830152
 147 -0.512880325 -1.30241358 1.11629510 -0.200344473
 148 -0.826261520 0.528719008 1.79708791 -0.529113173
 149 -0.468026549 -0.514093041 0.874777615 -0.399476439
 150 1.44950628 -0.507939756 0.602110744 0.625520110
 151 0.320519179 -4.32370454E-02 1.33258784 1.01480639
 152 -1.66825151 -0.807036161 1.02241910 1.31439984
 153 -0.260999590 0.118761688 0.885818243 -0.200048521
 154 0.928921819 -0.226276532 0.554040968 1.37647414
 155 0.746669173 -1.05085766 0.703941882 0.198346108
 156 0.872456312 -0.142786711 0.703396976 0.965817332
 157 -0.299608469 -1.09284997 1.12310731 0.989940703
 158 -0.250102460 -1.32932413 0.609329164 0.849778831
 159 0.525321543 1.18020010 0.372326225 4.63989004E-02
 160 -0.942048728 0.161945462 -1.07902384 -0.342071801
 161 -1.99445450 1.27506471 -0.237342715 -0.251051694
 162 -0.752791643 1.28905523 1.06599402 -0.337200403
 163 -0.454701781 -3.30254436E-03 0.763800144 -0.429713160
 164 -0.627367854 0.596575141 0.634435177 -0.421312749
 165 2.04343200E-02 1.21026969 0.546440899 -0.234078079
 166 0.788516939 0.674183369 -0.223363876 -6.91666976E-02
 167 -0.151248112 0.495550215 1.19956613 1.55261350
 168 -0.719655991 1.07255864 1.49375033 -0.320664793
 169 0.818197966 0.303323030 1.28461826 -0.370622933
 170 -0.930898070 -2.92164087E-02 -0.185336605 0.726757526
 171 -0.145446837 -0.193663374 0.252896994 1.12544096
 172 -1.34695351 0.367309690 0.558146656 0.663362086
 173 -1.02332175 1.30834091 0.437504053 -0.436685055
 174 -0.589184761 -0.252399921 0.256854415 1.28396928
 175 -1.34882689 1.15552902 0.328793883 -0.130001187
 176 7.36665204E-02 0.440077931 0.668935537 -0.412914485
 177 1.65413395E-02 1.06221795 0.767699599 -4.95599397E-02
 178 -0.735599697 0.698771000 3.71443033E-02 -0.163901076
 179 -0.859494865 -0.988730192 1.17223763 0.957217515
 180 -1.14747000 0.709214091 0.546017766 -0.363456607
 181 -1.02086401 -0.460056454 1.17840707 1.17608035
 182 1.09541535 0.650678635 0.909567058 -0.338845849
 183 -1.35433984 0.265120745 7.20853060E-02 0.905649126
 184 -0.494156182 -1.49266219 0.348394990 -0.651948988
 185 -1.01372413E-03 -0.116479531 1.06795228 0.770348251
 186 0.862731576 2.06457520 2.27142668 0.393393964
 187 3.16154361E-02 0.233711421 0.128702283 -0.421586752
 188 1.78835356 0.161887378 1.36833346 -0.197893366
 189 -0.432433307 -0.796677470 -0.145885020 1.01412475
 190 0.442765474 0.404397786 3.54376025E-02 -0.920906365
 191 -1.21643412 1.44531786 0.413251728 0.840854108
 192 1.82118464 2.12962556 1.79609096 7.10277483E-02
 193 1.08381057 2.92993712 1.48186791 1.26570523
 194 0.287862062 -0.650089502 -6.65321425E-02 -0.392471910
 195 -0.992609143 2.09317636 1.29219627 -0.130188122
 196 0.417972565 2.87797165 0.174065873 1.04632771
 197 0.434081793 0.701822877 1.51412201 -0.681046486
 198 1.05666268 0.681164742 1.09812248 -0.167870343
 199 0.287409633 0.613658726 1.31413126 -0.260033607
 200 -0.199719280 0.210470796 6.18020557E-02 -0.119975492
 201 -1.02227116 -0.440065593 0.728064239 0.116976537
 202 -1.06234503 3.95752937E-02 -0.808994472 0.919818640
 203 0.249525011 -0.297691286 0.287529737 1.31152940
 204 6.94944710E-02 0.835808992 0.653969646 -0.770182371
 205 -0.140864298 -0.849799812 -0.374771178 -0.955284119
 206 -0.476667643 -0.182356179 1.02510989 1.52281594
 207 1.36429501 -0.899410129 1.80576420 -0.477207452
 208 -0.207107052 -0.210087091 0.854889512 1.62628818
 209 -1.60581017 0.325745374 6.59364462E-03 -3.01524401E-02
 210 0.179058701 0.585724413 -0.235129356 -3.02973464E-02
 211 0.593187928 1.31753004 2.07959366 -9.54296440E-02
 212 -1.11661911 0.227433547 -1.66740632 -0.485503703
 213 -0.114094481 0.714363992 -1.05613160 1.13619471
 214 -0.119255736 0.529128194 0.490281165 1.57939470
 215 0.361644864 0.458992183 0.894178510 -0.225984082
 216 0.313026577 -0.480201066 1.30673814 0.179728776
 217 -0.709642291 0.124201953 -1.40612078 1.41717875
 218 -1.29062235 1.77586031 1.07376480 1.30320632
 219 -8.67023915E-02 0.905595541 0.187999457 0.703494549
 220 -1.52968812 -1.75314164 -0.654693902 -5.27894795E-02
 221 0.797208428 1.42782807 0.734933257 -0.229443997
 222 -0.749061882 -0.646449327 -0.443703860 -0.228356004
 223 0.383893967 1.00860584 0.810437322 1.24170184
 224 -0.669531763 -0.525266230 -0.353382498 -0.175407827
 225 -1.40336633 0.884475112 -0.130426288 0.812233865
 226 -0.817416608 -0.449927241 1.08457446 5.75424209E-02
 227 -0.489160776 0.474035680 -1.10757232 6.64959177E-02
 228 -1.63221431 -1.33129764 7.82192200E-02 -0.578692555
 229 0.335961491 -0.278071195 0.387616426 1.20426524
 230 0.193094984 2.33124638 0.280952454 -4.66939807E-03
 231 1.10195017 2.22524285 0.361651897 1.07300687
 232 0.127980828 -1.63774872 -0.498922348 -0.650032640
 233 0.827592134 0.785946131 0.738545656 2.38192534
 234 8.74755681E-02 0.143035576 0.182846755 -0.519138813
 235 -0.473448753 0.521662831 2.43127561 0.212663561
 236 0.423318803 0.355855227 1.45525980 -0.190976471
 237 1.05606794 1.37380755 1.64327765 -0.657514274
 238 0.490429103 -0.712135732 -0.290987909 -0.305955380
 239 1.17771554 9.04426575E-02 1.30236673 1.25378799
 240 -0.149848461 -0.392574161 6.61142170E-02 -8.52686018E-02
 241 -6.98658973E-02 1.32983923 1.01156950 -0.456410110
 242 1.44810665 1.01547194 1.85464644 -0.499556869
 243 -7.14501962E-02 1.11105001 0.530602872 -4.51670885E-02
 244 -7.51298666E-02 1.37020266 1.31327963 -6.52212203E-02
 245 -0.567491770 0.576970875 0.910616755 1.79343772
 246 0.335336506 0.262645423 -0.100757726 -0.230465889
 247 0.847478688 0.377478182 0.348358750 -8.91113281E-03
 248 -0.482361674 -0.227064043 0.777469099 1.51463556
 249 0.239765406 0.745427489 1.02263403 0.961432159
 250 0.527180076 0.825869322 -0.932008922 -9.97779518E-03
 251 -0.144692779 -1.27171981 1.14057589 0.137504041
 252 0.407500714 -0.342453361 1.01553702 -0.543883860
 253 0.282551408 -0.116047859 -0.216829002 -0.141697928
 254 0.158467710 -9.59870592E-02 0.733486593 -0.817561746
 255 0.445743829 -0.550100565 0.888195276 -0.276068240
 256 1.28879130 1.41570234 0.794619024 1.14059401
 257 -0.129496694 1.04761851 2.18770432 1.23682821
 258 -0.995498061 0.514715850 -0.165193290 -0.110804759
 259 -1.00018811 0.991104960 0.865296900 -0.349927157
 260 -1.28934717 0.359424829 0.193306625 -0.381929576
 261 -0.697373033 0.715183198 0.855277777 0.861894250
 262 0.356312752 0.217364281 0.150075674 1.55653250
 263 -0.306105435 1.48916578 -0.775087714 0.223402470
 264 -0.666438162 -7.86663145E-02 0.776703119 -0.487567186
 265 -0.180073231 1.62510145 0.101237535 -0.100523829
 266 -0.948457539 -0.221053541 0.797161102 1.68843007
 267 -0.542510152 2.26114058 1.58730471 -0.356300771
 268 -0.601325154 1.05007315 -0.383005708 -0.599014342
 269 -0.346891552 2.72429276 0.422328204 -0.281305462
 270 0.420124322 2.07180858 -0.189138472 0.933570802
 271 -0.750767767 0.976984084 -1.08524108 7.55444244E-02
 272 -5.28224446E-02 1.67732584 0.791964173 -0.152147993
 273 -0.113598756 -0.207502618 2.11572123 -0.308319449
 274 -0.574266434 0.637068152 0.335817546 -0.307685554
 275 -0.211935118 0.533056557 -0.712476492 -0.642713428
 276 -1.14620578 -0.513015568 -0.617778957 -0.551836967
 277 0.317830473 -0.283492416 -0.232625589 -9.70066115E-02
 278 0.435652405 1.72179163 0.878666759 1.27245331
 279 0.267996997 1.81332231 0.479713023 1.06296909
 280 -0.260326713 7.31662065E-02 -0.371664941 -0.120139554
 281 -0.249543250 0.270398110 0.105532810 -0.309284657
 282 -0.719081938 0.379430592 -0.150484875 -0.147366151
 283 -0.783762455 -0.216842413 0.701821804 1.01552129
 284 0.146266416 0.720952570 0.167826056 -0.357902169
 285 -1.14180970 -1.35971820 7.37647712E-02 -0.473551273
 286 -1.64682186 1.04823685 -0.384117603 1.48338306
 287 7.99399614E-02 1.41941452 1.07734406 -0.395869642
 288 -0.441556513 0.511219561 0.278751999 1.16659510
 289 0.898552477 0.839112520 -0.160165697 -8.32758546E-02
 290 3.26566286E-02 1.44863737 1.25545573 1.66216004
 291 -0.261115968 -0.156293526 1.30923522 -0.534790099
 292 -0.222052455 0.791051030 0.287557095 1.51913095
 293 1.27691701E-02 -1.88270700 0.715049684 -0.584753513
 294 0.210264087 0.984911680 0.297007084 4.06149998E-02
 295 -0.738570094 -1.78022337 0.429798007 1.24042857
 296 4.55898084E-02 0.478038788 0.268792003 -0.164723113
 297 -0.883163869 0.335495293 0.417658448 2.71669006
 298 -0.614748001 1.21211052 1.37086892 1.39982951
 299 -0.179830194 0.975201726 1.14995694 1.47799492
 300 -2.66947150E-02 -8.84599835E-02 1.96222216E-02 0.812648773
 301 -0.955983043 0.405362606 0.521298587 1.75270066E-02
 302 0.392684281 -1.26144576 1.36211109 -0.132431060
 303 -0.709767759 0.803876758 0.702914178 1.93456566
 304 -0.854516625 2.22740030 0.108406901 -0.619414806
 305 0.524575651 0.699747980 -1.70961171E-02 -0.174642026
 306 0.140985563 1.62239921 -0.627118289 -3.12160701E-03
 307 -1.24299586 4.54655886E-02 1.29394484 0.215554625
 308 -1.31371260 4.39966023E-02 5.21956161E-02 1.04010940
 309 2.17098331 0.700933695 -0.186170653 -0.190088034
 310 -4.48157191E-02 1.58724248 0.171646923 0.405795097
 311 -0.636175036 -1.70424357E-02 -0.335637391 -0.218423471
 312 -0.879989326 0.235763118 0.297794580 -4.84011695E-02
 313 0.202616930 0.233299211 1.76652575 -0.155085832
 314 -1.21493340 -0.495541543 0.593531489 1.44906199
 315 -0.166936994 0.172140658 0.270390600 -0.288457394
 316 0.519795775 0.989037216 -1.32713020E-02 -0.533502460
 317 -7.71135315E-02 1.30599892 -0.342437476 -0.153278142
 318 -0.569985151 1.91467071 0.333269000 -7.22965747E-02
 319 -0.696369767 0.272319078 -0.282850027 -0.577952445
 320 -0.321799815 1.03355199E-03 -0.481943756 0.698184609
 321 0.119583637 -0.698828459 -0.864052176 -0.470748723
 322 -0.296065927 0.430077851 -0.217984512 0.117864072
 323 0.272466242 0.941862762 0.113475174 -3.78133506E-02
 324 0.824596465 1.77191734 0.128454059 0.403182447
 325 -0.924082279 1.06296635 0.378213316 1.43807903E-02
 326 7.87504092E-02 1.33732009 0.283694983 0.808994651
 327 0.787798584 1.73754954 0.808857739 0.352958113
 328 -1.53481865 1.95777667 -0.466744661 -0.144540608
 329 -0.146753460 0.997620940 0.188560233 -8.45651776E-02
 330 -0.592150331 0.464660436 1.12734771 -0.453535050
 331 -0.202295393 1.30606055 0.287071705 0.120931216
 332 0.727811456 1.32346904 8.72690603E-02 -0.351575017
 333 0.652851284 -1.12867022 5.95822707E-02 -0.262989789
 334 -0.148969978 -0.324059188 -0.719769955 0.534672439
 335 0.442291886 -0.459077954 -0.633984447 -0.609524548
 336 -9.75161791E-04 1.60919905 -0.728376746 -0.829013228
 337 1.09635615 1.01562500 -1.02431834 5.96825033E-03
 338 -1.59133244 1.04323292 1.96112037 1.25383222
 339 -0.419300377 1.60028696 0.427672088 1.56280422
 340 0.889324784 1.02025747 0.387934327 5.24458811E-02
 341 -0.647504807 -0.364431858 1.15220535 0.201890469
 342 -0.397783250 1.80309868 0.828675508 1.08429766
 343 -0.631750166 0.824580610 -0.442754686 0.923357904
 344 0.424273461 -0.116356909 2.72422060E-02 -0.243541107
 345 1.00542986 -0.944743037 1.90250099 1.18779588
 346 0.335353553 0.706033230 -0.307222277 -0.197569862
 347 0.491737962 -7.91890919E-03 0.584959865 0.974083483
 348 7.36973435E-02 -0.317410290 -0.513973773 0.567383707
 349 0.277950406 0.280717760 8.75547528E-02 -0.530209184
 350 -0.941436946 9.10463780E-02 1.64974034 1.18122208
 351 -3.97872664E-02 1.79181254 -0.273834914 0.114506729
 352 -8.31110179E-02 -0.139962777 -0.731809616 -8.68266523E-02
 353 -0.126773223 -1.17364883 0.609719396 0.628777146
 354 -0.157417268 -1.66598642 8.70440900E-02 -6.57822937E-02
 355 -0.509013534 1.17472041 0.120934784 1.25568151
 356 0.439535499 -0.733717084 2.22597159E-02 0.891582608
 357 0.665841818 -0.902064741 0.334124297 1.03255606
 358 -3.37131508E-02 -1.41977930 -0.370053291 -1.02862978
 359 0.286101431 -0.154474571 0.553531408 -0.514853597
 360 0.717724085 0.748271883 0.478360087 1.32212448
 361 2.10751772 0.800640523 0.342156887 1.28509569
 362 -0.961362839 1.33564866 -1.21915460 -4.63159122E-02
 363 -0.740267336 -0.291372478 -0.808354616 -9.84486043E-02
 364 0.510333836 -1.44646716 -0.279999614 -0.216539651
 365 -1.38471699 -0.393154502 0.704706669 -5.57286963E-02
 366 -0.151516885 -0.149788469 1.32871056 -0.150291175
 367 0.706138730 0.136057079 0.474240959 -0.143348888
 368 -1.16572034 0.170186251 1.10953200 -0.535702050
 369 -0.205856144 1.03199935 1.34320617 -0.350973904
 370 -1.13112688 0.484998345 -0.174419060 0.696805179
 371 -1.78261077 0.224207163 6.92930445E-02 -0.694448471
 372 -0.654002905 0.713955879 -0.775273919 -0.775420785
 373 -0.302128702 1.20491409 -0.188897148 -0.304219157
 374 0.145652503 0.412792504 1.54439902 -0.277099818
 375 -0.370024294 -0.797405243 0.438280374 -0.205207884
 376 0.529667199 -0.837750316 1.45188582 -0.297480524
 377 -0.362207413 0.736665964 -1.26339960 0.709906936
 378 -4.16496582E-03 0.983632445 0.658655465 0.696725667
 379 0.135477036 -0.187330812 0.830574393 0.732865453
 380 -0.535720229 0.788373053 -0.576653659 -0.346358687
 381 -0.140656173 0.764549255 1.89303946 0.879085064
 382 -0.645790935 0.211224779 -1.03431845 -8.57036412E-02
 383 7.26069883E-02 2.58385921 1.93748820 1.20725918
 384 -0.712519705 -1.14371014 -0.283415496 2.42497969
 385 -1.15028608 -0.636672258 -5.56663498E-02 0.157004088
 386 -1.04850733 -0.610664725 0.827782035 0.869858503
 387 -0.681823850 0.358125925 -0.424099684 0.121766545
 388 9.91368890E-02 1.03307688 1.58602798 -0.329168737
 389 -2.16429520 -1.45856261 -8.76336321E-02 -0.122618496
 390 -0.804720759 0.779265821 -0.791396081 0.231377065
 391 -0.312632740 -0.192870647 -0.522564948 -8.77007768E-02
 392 0.922665894 0.576532841 0.217571571 0.119926266
 393 -6.00878559E-02 0.230365813 -0.507504046 1.89388990E-02
 394 0.262990415 0.663797855 0.198957503 1.23368192
 395 -0.429967940 0.825163364 0.616456151 1.68963647
 396 -0.941132128 -1.54202294 -0.526635349 -0.228319377
 397 -1.33652747 -0.427915186 -0.741578281 0.804941416
 398 -0.976101279 -0.504144013 0.381232172 -0.431492239
 399 -0.627223372 0.868884921 -1.15746558 -0.352935106
 400 -0.284193516 0.926593959 2.05541229 -6.27920926E-02
 401 0.657814085 -0.859380603 2.10819745 -5.73333539E-02
 402 -0.212327600 -0.521679044 -6.26301318E-02 -0.255446017
 403 -0.227631092 0.507911503 0.380780220 1.55030560
 404 -0.795708597 3.23310566 1.16244292 0.390269428
 405 -0.749806106 1.74706221 1.96711051 1.21130848
 406 -0.842313528 -0.125167161 -0.693660140 -0.490561038
 407 1.36679757 -0.489193052 0.254184157 -0.400326669
 408 0.127370149 -4.38552797E-02 -0.233127967 -0.222372741
 409 0.908700287 -1.04687345 0.391022831 -0.192106903
 410 0.298247665 -0.133110881 -7.81189203E-02 -0.468572348
 411 0.309230745 0.317680299 -0.657534480 -0.579917610
 412 -0.859881639 1.21038830 0.270209104 1.66429430E-02
 413 -1.41873145 1.30562043 -0.586714566 7.20941946E-02
 414 0.303319186 0.948823035 0.183777601 -0.374068350
 415 -1.06284630 -0.788943350 -0.502383769 -0.335738093
 416 0.123810768 0.539115846 0.183529049 -0.690029025
 417 -1.62312996 0.226414219 0.148328543 9.09503177E-02
 418 -1.44437802 0.685146809 1.61732733 -0.318717659
 419 -1.42253733 -0.224568814 1.32015908 0.852575660
 420 -1.04871762 -1.01294804 -3.86077166E-03 -4.31099758E-02
 421 -0.956776619 0.537228107 -0.305769980 -5.87631464E-02
 422 -0.590719461 -0.934848428 -0.383899808 1.97315025
 423 -2.30882354E-02 0.204365343 6.46535233E-02 -0.211828858
 424 0.176559940 -0.569289684 3.59522030E-02 -4.22804095E-02
 425 -0.170946807 5.02115488E-02 0.902487636 0.554836988
 426 -1.35883975 -0.880986452 -0.232028857 -5.48172668E-02
 427 -8.26340914E-02 0.808004379 1.04262125 1.44016171
 428 1.05563593 0.105924010 0.974562347 -0.149475485
 429 0.457667470 0.902718604 -0.527318001 -0.193900645
 430 -1.51337302 -1.71023643 0.336105764 -0.186454237
 431 0.573342502 0.991550088 1.48286176 1.14532471
 432 0.884218633 -0.948374629 -8.90893340E-02 -0.205967873
 433 -0.877930522 0.675322413 0.450448513 -0.231434822
 434 -0.630605578 -2.40079481E-02 0.763739347 -0.330259353
 435 -4.94730435E-02 0.562309325 0.612287402 -0.271990895
 436 -0.120305985 0.119261220 -7.23623782E-02 -0.482597679
 437 -0.447829932 0.854925632 0.855483353 -0.187355220
 438 0.276523411 -0.110413238 1.88242257 0.157823324
 439 1.23365605 -0.529373825 -0.421778738 -3.49432379E-02
 440 -0.508912325 1.15076137 -0.287953228 -0.157300889
 441 -0.611579120 -0.345765501 0.468803704 -0.342336863
 442 -0.193452880 1.11740577 0.697781444 -0.430927992
 443 0.691819310 -0.262279928 0.879405379 1.40552342
 444 -0.951122522 0.378646702 0.263940483 -0.539533556
 445 -1.76037514 1.33484912 1.06179571 -0.184899569
 446 -4.89841439E-02 -0.187063947 -1.06500769 1.23763096
 447 -0.154548377 0.302439749 -3.70548293E-02 -0.250984371
 448 -0.255278498 1.16085589 0.762455583 -0.117332645
 449 0.349537671 1.88443160 -1.01577449 1.27356136
 450 0.482107460 -0.452612162 0.605565429 4.49013710E-03
 451 -0.309390426 2.08522511 -0.573413610 -0.166085601
 452 -1.01964378 1.31954169 4.16789688E-02 -0.288068205
 453 -0.563864350 -1.32516730 0.654710114 1.16677332
 454 0.656700611 1.53830385 -0.346959174 2.30756700E-02
 455 0.440665722 1.28163803 0.688096762 1.69434929
 456 -0.974385381 -0.870893121 -0.316109598 -0.170952708
 457 -0.219986558 0.891120195 0.676815927 1.47707015E-03
 458 -0.875184655 1.54405332 -0.161412358 6.09577373E-02
 459 -0.746063590 -0.873637497 0.723363936 -4.15919684E-02
 460 0.517647862 0.531794369 -0.963699698 -6.87065125E-02
 461 0.860105157 0.328228146 1.13800883 1.84444904
 462 1.05478251 0.209217429 2.07277918 -0.248374194
 463 -0.881466806 -0.361909658 -2.06847675E-02 -3.65738571E-02
 464 0.774788141 -1.65017474 1.32356119 -8.37121159E-03
 465 -1.01587439 0.548483253 0.866186321 -0.267586142
 466 -0.809038877 -0.791615367 0.107089706 -0.556533575
 467 -0.781316102 -0.160185948 0.617556393 -0.517370760
 468 -0.362940073 0.651831985 1.41665506 1.31373927E-02
 469 0.134011313 -0.241515607 0.476535976 0.748466849
 470 -0.819334745 0.449907035 0.620117724 -0.108579025
 471 -0.894413590 0.518748999 0.614778996 -9.40169692E-02
 472 -1.14770448 0.802458465 -0.520414233 -0.167155251
 473 0.557462454 1.76256549 0.618465424 -0.556471109
 474 0.228910089 0.476473570 0.191373244 1.02962697
 475 -1.14592707 0.760435879 0.435249358 -0.734444559
 476 -0.178568646 2.39807868 -0.482537359 2.89794469
 477 0.102681935 -0.170093268 0.961884201 -0.900215387
 478 5.00918031E-02 -1.88116145 -0.701185584 0.202673852
 479 -0.187120140 0.208151907 1.26594710 0.105953597
 480 -1.06203520 1.19744980 -0.495396733 -0.649850368
 481 0.623733282 9.87182707E-02 -1.22113895 -0.345237464
 482 0.455714643 0.452530980 -0.527166069 3.18541360
 483 -0.551889300 8.48146230E-02 0.725600600 -0.402883857
 484 -1.03171551 1.51196957 0.670049071 1.05802178
 485 -6.98067807E-03 2.32752264E-02 -0.554305971 2.54616499
 486 -1.84503925 -0.143584028 0.253336608 -0.212046653
 487 -2.14141905E-02 1.82591796 9.64916945E-02 1.14338171
 488 0.142659128 3.77768278E-02 -3.92150059E-02 -0.363388121
 489 -0.783455968 1.73031020 -0.244007930 1.24488688
 490 -0.728690982 -0.925440609 0.544914842 -0.395514876
 491 -0.218011022 -0.693901002 0.770870328 1.27201533
 492 0.382357717 0.448588997 0.220484450 1.06149745
 493 1.40822423 0.439099550 0.510095179 -0.340387732
 494 0.926285446 1.60308719 0.796211481 0.278280258
 495 0.162310883 2.71416092 1.67269039 -0.190105140
 496 0.438671112 1.82536757 0.954969645 1.46789908
 497 -0.137888491 0.876887083 0.240939200 1.82263553E-02
 498 -0.611196458 0.481943965 -0.857666671 2.56095195
 499 -0.238188431 1.21458590 1.82254863 1.36486912
 500 -1.47360313 1.56734860 0.582948685 1.16480982
 501 -0.100807488 0.740397394 7.36338422E-02 2.96667004
 502 -0.448093981 1.71888494 0.634392321 1.45269930E-03
 503 -0.891451538 1.94232559 1.03296328 -0.170292825
 504 0.226300448 1.02673173E-02 -4.80786115E-02 2.89877391
 505 0.124565676 0.588973999 -0.722997010 -0.236692935
 506 -1.05240059 2.44388938 -0.198104918 2.15967870
 507 -1.35356772 3.13442993 1.36824465 -0.412364036
 508 1.08952045 0.972312808 -0.701586545 0.141715467
 509 -0.406856686 8.11924413E-02 -1.45282988E-02 -0.349913299
 510 -0.594405234 -0.718075395 1.16626835 -4.59413826E-02
 511 -0.553236127 1.95723975 7.88947567E-02 -9.05036330E-02
 512 0.211802065 -1.22996175 1.12124050 1.85162807
 513 -0.443994761 -0.837598026 1.08484328 1.17927039
 514 0.296548098 0.264376819 0.310100675 0.980807364
 515 -0.242355362 0.247765228 -0.650735974 -0.116654225
 516 -0.163163006 0.989087105 -0.249666274 -2.02449486E-02
 517 0.500733972 -8.89316499E-02 -0.730851829 1.58320725
 518 6.09604865E-02 0.371428967 -0.315235972 2.57835603
 519 -8.50653648E-02 1.26272547 0.439893425 -0.174943864
 520 0.374091446 -0.986203551 0.123177737 -0.141220748
 521 -0.268848002 -0.979565918 1.77722692 0.117321379
 522 -4.35969234E-03 1.27748930 -0.698087931 1.26476777
 523 -1.47285366 0.526097417 -0.941288352 -0.708820105
 524 -0.351296872 0.923442960 0.685974896 -0.173590735
 525 -0.754194260 1.58518195 6.15368560E-02 -0.256552935
 526 -0.918782234 0.852684975 1.07099676 0.139514863
 527 -0.264026642 0.746004164 0.558584630 0.991118193
 528 -9.62261111E-03 0.712886870 1.28854191 -0.572550595
 529 -1.01749766 0.768657327 -0.552040458 6.23958483E-02
 530 -0.823825717 0.793344736 1.16505122 2.32539701
 531 0.102889232 5.75101972E-02 0.868992805 -0.556601644
 532 -0.811013222 0.509289384 -0.311119735 -0.125958726
 533 -0.771501780 -0.448151767 1.18737006 1.65389895
 534 -1.44363463 1.30817108E-03 0.494281054 1.16928053
 535 0.796098232 0.375966728 -0.933113933 -0.618861020
 536 -0.681136787 -0.475756824 -0.409081072 1.10632384
 537 -1.11305249 -0.272548854 -0.356338263 2.03789920E-02
 538 -0.867249846 0.645229280 0.638300538 0.948118269
 539 2.40125209E-02 0.939472020 0.469933271 -0.446138322
 540 -1.01504993 -0.155887172 0.628274500 1.27134919
 541 -0.269645929 4.34501804E-02 -0.131547704 -0.234946981
 542 0.454659134 0.477203548 5.90012223E-02 -0.283173323
 543 0.633557498 -0.499509424 -0.993270218 0.989315510
 544 -0.272638470 0.531989515 0.598817825 -0.124457888
 545 -1.32780325 -1.36049962 -0.362340748 -0.135996923
 546 -0.923210442 1.30057418 -0.170579776 -0.462443531
 547 0.478934765 1.11127305 -1.23954356 0.974213183
 548 -1.43736303 0.759367228 0.219288722 -2.71044672E-02
 549 0.292316258 1.60867774 0.155651003 -0.320776850
 550 0.160026208 0.766505241 1.25784779 8.09557810E-02
 551 -1.15920556 -0.140024617 1.92820513 -0.570875406
 552 -1.44527014E-02 -1.94763410 -0.878402472 -0.276150942
 553 0.210721344 2.39642262E-02 -0.525702119 -0.559041560
 554 -1.57531321 -0.591298521 -0.164576262 1.55384588
 555 -0.113292426 -0.992670536 0.795339346 -0.470655650
 556 -1.64376426 0.892194033 1.25214350 1.20613027
 557 0.397756457 -0.746890903 1.85761154 -0.169140786
 558 -0.569351137 -0.602371573 0.300017744 -0.476768464
 559 -1.39459479 9.36514065E-02 0.363915086 -0.221227169
 560 -0.439066052 -0.524155438 0.398260742 -0.672743559
 561 1.53213680 -0.640342414 0.141043305 0.780390501
 562 -1.27775562 2.76173544 1.83359158 0.146261901
 563 -0.216333240 -0.604140699 -7.71238729E-02 -0.440784365
 564 0.567799926 -1.06903768 -9.55463201E-02 -9.06471685E-02
 565 -2.27235556 -1.33302414 8.45739990E-02 1.32540464
 566 -1.13145947 -0.497176021 -0.291554123 0.108955197
 567 -1.00769758 -1.51097214 -5.27036376E-02 -0.529428005
 568 1.08214390 -0.399516553 0.601849794 0.551937580
 569 -1.01432884 0.445603818 1.21247768 -0.656783819
 570 -1.68555677 -0.130770326 3.33245210E-02 -7.33912587E-02
 571 9.12471116E-02 0.535172880 0.221192420 0.960522056
 572 1.59556639 1.46466637 -0.565460801 -0.305770159
 573 -0.618428171 1.60336447 1.19973350 1.24234653
 574 -0.228888839 2.19566512 0.815658689 1.41431141
 575 -1.93308294 0.533839643 2.11527348E-02 -0.320757896
 576 -2.04638314 -0.776955366 -7.06347972E-02 -0.814626098
 577 -5.40326573E-02 1.19004440 1.22146392 -0.364228636
 578 0.200955063 0.205819651 -0.189934522 1.08086157
 579 -3.91137712E-02 0.253167182 0.320676267 -0.433166325
 580 -0.505529404 -0.339473307 1.21039593 -0.559207380
 581 -4.83592786E-03 -1.63978827 -0.821914613 -9.61687192E-02
 582 0.523088574 -1.62499771E-02 -0.560539782 -0.801561117
 583 0.569010139 0.439333260 0.945950091 1.20181334
 584 0.890995026 -1.44682080E-02 0.911536217 -0.157040089
 585 -1.66251707 0.949871898 0.878864825 -0.211162686
 586 -0.605909407 -0.168154687 -1.00033915 -0.420697272
 587 -0.686051428 -0.598919690 0.843129158 1.39785182
 588 -1.63432598 2.51473784E-02 0.407618850 0.897463500
 589 -1.60892200 -0.119834781 0.788143635 -0.300422013
 590 0.538686216 -0.377712280 0.935056329 -0.486402690
 591 0.565729260 -0.286986470 0.298612297 -0.109451666
 592 -0.215329051 2.09607005 0.308425695 7.68319592E-02
 593 1.16894531 -0.170205802 1.96102500 -0.415842772
 594 0.332780540 0.293024272 -0.156851470 -0.161370397
 595 -0.785501897 -1.90844250 -0.462470025 0.947382569
 596 -0.319733292 -0.720593333 0.574119687 1.26790369
 597 -0.825330853 -1.12294924 0.530580342 0.426939368
 598 -0.838486791 0.177918479 0.135376826 0.604706407
 599 -8.05321932E-02 0.901771307 1.27230561 -1.87876895E-02
 600 -9.42936987E-02 0.841970742 -0.538808227 -1.38375163E-03
 601 -1.68693042 0.200701773 0.708395779 0.634339452
 602 -0.978381991 0.748956859 1.01298881 1.48006916
 603 -1.35586977 -1.60558820E-02 0.472986281 1.37852371
 604 -9.62211117E-02 0.790943027 -0.269897670 8.57427716E-04
 605 -1.45569098 -1.88213372 3.92862931E-02 -0.481716096
 606 -0.621961296 0.459508121 -0.645737290 -0.109697819
 607 -0.248308957 -1.65765360E-02 -0.859996319 0.958581805
 608 -1.19381392 -0.517366171 1.93772173 -0.137095422
 609 0.149606466 0.413882166 -0.850811064 -0.520908773
 610 -0.821227014 1.69953489 1.09607291 1.00192344
 611 -1.86683238 0.311085105 0.521863520 0.817422688
 612 -1.88540149 1.52427948 1.28338253 6.94244131E-02
 613 -1.80134642 2.20391452E-02 0.220476821 -0.659320533
 614 -0.886991203 0.945301592 0.183996260 -0.189333886
 615 -0.867378414 1.29940391 -0.663221121 -0.543666482
 616 -1.37319255 -1.44509470 0.792729259 -0.114328273
 617 -0.427605927 -1.19471657 -0.450570285 -0.363842785
 618 -0.108605407 -0.698405981 0.474681407 -0.876126170
 619 -0.690241277 -1.83123493 0.517796576 -0.615124524
 620 -1.15913939 -1.09492660 1.05403709 -0.781546652
 621 0.305631816 0.677345395 0.412434697 -0.540553749
 622 -0.264735579 5.43355942E-02 -0.224880099 0.907810450
 623 -0.405527830 -1.68590403 0.728904247 0.132709533
 624 -0.716834784 1.62213814 0.557335019 -4.69313860E-02
 625 -1.36614931 1.22193480 -0.247915804 6.06969520E-02
 626 -0.879916668 -0.281324238 0.875086665 0.143702567
 627 0.317187548 1.20318979E-02 0.593426824 0.174671531
 628 -0.551119149 -0.529671252 0.654648483 -0.352691144
 629 -0.416856676 0.439743310 -0.471342564 -2.97990292E-02
 630 0.351585239 0.379660070 -0.307411134 -3.35616991E-02
 631 0.230460048 -0.133575633 1.47993302 6.53182194E-02
 632 -1.28447831 0.974252462 0.110333264 -0.124272898
 633 0.647544742 -0.229918197 -0.177327067 -0.545106351
 634 -7.34663606E-02 0.182363570 -0.316483647 0.456260562
 635 0.250619650 -0.763941526 -0.709481716 1.10365725
 636 0.597071588 -1.07311881 0.718487859 -0.155768991
 637 -7.69299418E-02 -0.780842066 0.960074663 1.22503018
 638 -0.716556251 -1.08731580 0.619593978 -0.503760040
 639 0.218985304 0.276675403 -0.515013099 -0.295855671
 640 -1.07574904 -1.53988492 0.380952299 -0.440179110
 641 0.367391616 -0.282010168 0.513624728 0.112264164
 642 0.405781060 -0.533630431 0.928717613 -8.12269822E-02
 643 -1.32287967 -1.66354883 -1.57277477 -0.555700600
 644 0.760423720 0.533188820 -0.480256855 -0.206145614
 645 6.55397400E-02 0.730915904 0.898292363 -0.134505808
 646 -1.16153026 0.120694131 0.715147495 7.50113055E-02
 647 -0.197220340 -0.929871261 -0.315447390 -0.265352488
 648 -0.632871330 -0.320988715 0.511487067 3.01262879
 649 -0.126097634 -0.170742929 0.538498163 -0.316116959
 650 -0.989013195 7.98864961E-02 6.02144003E-03 -0.418230891
 651 -0.388832659 -0.317534208 1.44823790 -0.460732609
 652 -0.323042363 -0.348979861 0.835961342 2.38115239
 653 -0.377154797 0.173339203 -9.75743085E-02 -9.66866463E-02
 654 -0.528567851 -0.185037628 -0.108808219 -0.473187506
 655 -1.45850730 -0.146860078 8.52500275E-02 -0.808951497
 656 0.642667115 -0.233285651 0.689852118 -0.265871376
 657 0.679734707 -1.69489849 8.97344127E-02 1.68723202
 658 0.166299373 0.394726366 0.319074392 1.60953844
 659 -1.05667603 -1.11952853 0.607153416 -0.264513284
 660 -1.46273589 -0.936222732 1.18600774 1.08496916
 661 -1.18077397 -0.706458211 -0.568955362 -0.567977250
 662 -1.07615781 -0.379080147 0.722083449 -0.214762211
 663 -0.915067732 -1.07830894 -0.416239500 8.13043118E-03
 664 -0.394574821 -0.275125980 -0.489556789 1.27622485
 665 5.80966063E-02 -1.60546994 -7.28173852E-02 -0.653057337
 666 -0.831048846 1.07156086 -6.82687610E-02 -9.54801217E-02
 667 0.242249742 0.983642936 -0.315618485 -3.60190198E-02
 668 -1.09046793 -0.856604934 0.809386730 -0.254995555
 669 -0.696446657 0.553736210 1.37818897 1.92776263
 670 -0.763799191 0.871810436 0.489571989 0.118015550
 671 -1.20516467 -0.592121720 0.878436625 -0.507341921
 672 -0.631402075 -0.146165252 -0.474623680 0.735208571
 673 0.483128369 -0.696966648 0.303055227 9.37690213E-02
 674 -0.568247497 -1.13215733 0.463534921 1.09152961
 675 -0.316516817 0.614524722 1.91191757 -0.170076817
 676 -1.51176846 -1.72995973 -1.37279737 1.01802850
 677 -0.509321153 0.190623477 -0.421636641 6.95060417E-02
 678 -0.751851678 -0.467947751 -0.596873522 1.45252955
 679 -0.568332732 0.183078617 1.12969577 -0.106559552
 680 -9.00991261E-03 -0.655565560 0.824657857 0.731614411
 681 2.43045092E-02 -0.681044281 0.511155963 -9.07664895E-02
 682 -1.19120836 -0.303381443 0.942406714 -0.125554010
 683 -0.605942845 -5.03704250E-02 5.06898761E-02 0.767243862
 684 -0.752216756 -0.709772646 1.36311960 0.107498623
 685 -0.534406424 -1.37434363 0.909905195 -0.395895392
 686 -0.229956359 -0.634851158 -0.370095789 -0.363051921
 687 -0.572553992 -1.61181855 0.352706373 9.04367864E-03
 688 -0.152077124 6.38549700E-02 0.642055154 -0.332122236
 689 -0.204159096 -0.551179826 1.36850905 -0.132066742
 690 7.85788447E-02 0.219645947 1.34808409 -0.364234269
 691 -1.24499750 -0.845467806 -5.66835515E-02 -0.432263792
 692 -1.42156780E-02 1.09230840 1.08951664 0.657784164
 693 -1.59900868 -0.128556103 0.847171843 1.38229990
 694 -1.68003631 -0.378900260 -0.104001299 0.784346700
 695 -0.294371903 -0.187660843 -0.625059605 1.66349733
 696 -0.586675048 -0.898416519 3.23103070E-02 -0.313455075
 697 0.522822976 0.698013902 1.40379810 0.958717823
 698 -0.901477218 0.900585949 0.839158893 -0.405661166
 699 1.47074342 0.896216035 1.01122153 1.05577791
 700 0.131466374 -0.957770586 0.130682886 -0.315637350
 701 -0.452630728 -0.299309015 -0.724623919 -0.568962097
 702 0.935053527 2.08450890 -0.870768547 2.28782773
 703 -0.885639668 0.641702592 0.405857652 1.00218618
 704 -0.694489777 -0.356906950 -1.14478052 -0.475771308
 705 -4.29227948E-02 -1.08663964 1.31864679 -0.458890706
 706 7.67949522E-02 -1.15098798 0.808574200 -5.18579036E-03
 707 0.842922330 -0.448923171 0.248870179 -0.321463466
 708 -1.18538558 0.788671613 2.86704153E-02 -0.707818091
 709 -0.260631204 -1.89622319 2.05208421 0.949333847
 710 0.680348396 -2.30292034 2.14298463 -0.457341850
 711 -0.195632458 -1.41957295 1.82794523 2.23154649E-02
 712 -0.213136807 7.89839029E-03 0.518460691 -0.454730809
 713 0.188176155 0.631656289 4.07294445E-02 -0.828480542
 714 8.69621783E-02 0.941162348 0.544942617 0.969326138
 715 -0.484893978 -1.03852415 1.23532426 -0.474911630
 716 -3.93143594E-02 -0.357521176 -0.875549614 -0.379703343
 717 -0.253869414 0.850902915 -0.208553270 1.29668486
 718 -1.26207161 -0.402785152 -0.751834214 2.18867636
 719 1.42053080 0.207575977 -0.132465184 -0.201760605
 720 -1.55094302 0.557271659 -0.992742300 -0.537287116
 721 -0.897869349 3.85365635E-02 0.462389380 -0.186769277
 722 1.31533885 -0.763770759 -2.60881782E-02 1.80462301
 723 -6.74483925E-02 0.178744882 0.536084473 1.56947541
 724 0.778561234 -0.804600298 -2.06181002 1.22967780
 725 -0.230477691 -1.64612484 0.554471493 -0.382284850
 726 0.723576069 -0.657061756 1.08772349 -0.669353008
 727 -0.334279299 1.20484400 0.545585513 -0.136249572
 728 -0.263903350 -0.575852454 -1.10524762 1.03496623
 729 5.54341078E-02 0.709456384 -0.674269915 8.62687305E-02
 730 -0.435893595 -1.01849985 -0.414443254 3.01404810
 731 -1.37696588 0.150768355 -0.863192260 2.50476336
 732 -0.825635791 0.402079552 -1.20756412E-02 1.13926697
 733 -1.71029615 -1.50956678 -4.40849662E-02 3.29296827
 734 0.772358894 1.16176617 0.463561594 0.596695185
 735 -1.26431012 0.738461852 -0.148503870 2.39135718
 736 -0.124578893 0.955796838 -0.717521608 1.49916172
 737 -0.662652612 0.377233624 0.250659108 0.872996151
 738 -0.398953795 -1.07383776 1.17752945 1.28853858
 739 -1.22813702 -1.41069126 0.593870342 -0.125688836
 740 0.450407445 0.354046881 1.76604295 -0.632824600
 741 -0.535151184 -1.43996453 -0.536513925 1.54100895
 742 -0.439250112 -0.198586673 -0.323470712 0.957380831
 743 0.343034029 1.55722439 0.790652156 -0.529692531
 744 0.192744017 -1.11576211 0.653253615 9.82303172E-03
 745 0.633936524 0.179804802 1.26428270 -8.02986026E-02
 746 -0.431862921 -0.616029978 0.314139694 0.841237068
 747 0.529925168 6.68140948E-02 1.48905003 -0.299535990
 748 -1.52143586 -1.89769417E-02 0.555708706 0.911374867
 749 -0.226827323 -0.306031555 -9.49565768E-02 -4.99633849E-02
 750 -1.15356708 0.258998960 0.551540017 -0.589607358
 751 -0.275045097 -0.204781592 1.74796128 -0.173995942
 752 -0.463750243 -0.790324032 -0.626995206 -0.487511843
 753 -0.699593842 -1.32839644 0.487128228 -0.230690420
 754 -0.407155573 -1.00758421 0.112377450 -0.112733945
 755 -0.212971181 -0.892440617 0.543373883 0.834587216
 756 0.379166543 -0.543114543 0.562235713 -0.544899464
 757 -0.409972996 1.05941677 1.22245061 1.22000372
 758 -0.424914628 -0.341599405 1.25254881 -0.590123773
 759 -0.502817988 0.862147033 0.804808557 -0.186481297
 760 -1.16339374 -0.530688286 1.28053713 0.756147802
 761 -1.64704645 0.619370162 0.170715898 1.61425316
 762 -0.270248771 0.222974390 1.23875666 0.989348173
 763 0.684801340 1.22739089 1.67987728 0.321940571
 764 -1.28120041 -0.467901796 0.582396865 -0.589431047
 765 -1.13783360 -0.394216537 0.453045398 -0.448983073
 766 -0.575622439 4.87483442E-02 1.32406540E-02 -0.288557172
 767 -0.764947474 1.56541383 0.411264330 -0.297623813
 768 -0.444694459 1.76920652 0.457698464 0.872747600
 769 -0.120878458 -1.04523146 0.232717291 1.60549998
 770 -0.982596695 -6.46612793E-02 0.221548617 -0.139885068
 771 -0.989093721 0.589023411 8.83032233E-02 -7.26640970E-03
 772 -1.35395885 0.656908154 1.74397826E-02 -0.295967400
 773 -0.991221905 -0.844323337 0.303669721 -9.55387652E-02
 774 -0.831527710 -1.28524601 3.46362591E-02 1.03685606
 775 -0.417575598 -0.450581193 -0.427578747 -0.124360994
 776 -0.271539301 -0.599942923 -0.139713109 -0.192309946
 777 -6.45059496E-02 -0.741856217 -0.255191773 1.62441909
 778 0.550973356 -0.224315956 -4.76922616E-02 0.823467135
 779 -0.565356076 5.72058856E-02 0.971971333 1.12327659
 780 -0.738443255 0.350786835 -0.634180725 -0.368348271
 781 0.518633485 4.57643718E-02 -0.253410876 1.03456128
 782 -1.68340886 -1.05382514 -0.638676107 -0.108526699
 783 -1.57784355 -2.23726892 0.563413262 -0.668977618
 784 0.544596255 -1.16561043 0.515045583 1.36430156
 785 -0.550676405 -1.07438004 0.268556833 0.885007799
 786 -0.279923141 0.389102697 1.50916839 -0.208162129
 787 -1.50913310 0.284656167 1.33064032 -0.616585612
 788 -0.679248273 1.18733358 0.258193731 -0.341280788
 789 0.720878005 -0.292523831 0.552573562 2.04773998
 790 4.10922058E-02 -0.540030062 0.416992128 -0.474329293
 791 -2.69285515E-02 -0.993591309 0.119557559 0.620854855
 792 -0.406583816 0.138421148 0.760138631 -0.569661498
 793 0.691595316 0.682039261 -0.105710477 -0.769434571
 794 -0.850535214 0.671861053 0.510220051 -1.69383436E-02
 795 -0.230659634 0.552787542 -1.09908807 -0.281854570
 796 -0.158030927 0.211989313 1.32360458 -0.667603016
 797 -0.879023314 -1.31548882 0.178815037 -0.348818272
 798 -1.28502059 1.32675314 0.162678242 -0.313757926
 799 -9.58874226E-02 0.946720243 -0.531829715 6.21629879E-02
 800 -1.00642860 -0.979782283 -0.367040187 -0.416353583
 801 -0.903036535 -0.361740530 -8.81821513E-02 -6.87895417E-02
 802 -0.340120792 -0.975880623 1.08038235 7.95549154E-03
 803 0.554846287 0.218391269 0.606495917 -0.366919696
 804 -9.56795812E-02 -1.47421408 0.803556561 0.567077279
 805 0.446207136 1.01694536 0.616755545 1.32565057
 806 -0.797812104 0.686184764 1.78447199 -3.36079821E-02
 807 -0.145990461 -1.30831313 -1.77467680 1.36082280
 808 -0.318725586 1.40034664 0.239698842 0.276190609
 809 -0.968166232 0.269337893 0.819815934 -0.318057328
 810 -1.91251636 0.291652739 -0.292338759 -0.284744143
 811 -0.279722959 -7.91221857E-02 1.46986461 -0.709465981
 812 -1.06822574 -0.152091905 -0.131589860 -0.193503052
 813 -1.39480352 0.954734683 0.306500375 -0.498824477
 814 5.23263365E-02 0.251898319 1.00372624 -0.113045059
 815 0.118280701 0.999223053 1.21198499 -8.38206410E-02
 816 -9.80704725E-02 -0.497120559 0.308510333 1.42106223
 817 0.454341024 -1.49499774E-02 0.883067429 -0.427794337
 818 -0.591782093 0.503745914 1.11839128 0.153425008
 819 0.337908983 -1.59497869 1.27323031 7.94726834E-02
 820 -1.26725435E-02 -0.478870690 0.331286281 0.821133018
 821 -0.758809745 1.54341292 0.954079509 4.00074571E-03
 822 -0.940420389 -0.497206330 2.21663165 1.63513273E-02
 823 0.868197739 0.348866105 0.533842087 1.31443894
 824 -1.23966503 1.45051205 8.61379951E-02 -0.186793670
 825 -0.281187534 0.612412810 0.438623160 -0.207856849
 826 -0.923455000 -0.726375341 0.326297998 0.949032605
 827 -1.16287041 1.53784323 1.87048292 -0.172060609
 828 -0.381035775 -0.342137247 0.508123577 0.658493936
 829 1.04351795 0.159009278 0.316591233 -0.284110397
 830 -1.05635035 -0.607781529 -0.679693878 -0.486938268
 831 -5.89220375E-02 4.60408106E-02 0.857120633 1.52395272
 832 1.60450697 -0.593610466 -0.555292964 1.02137089
 833 -0.377555728 0.462141335 -0.156256974 -0.247405574
 834 -0.100781307 0.801917493 -0.241096690 -0.799811542
 835 -1.81358361 -0.563086212 -4.03618962E-02 0.968090892
 836 0.571980774 -0.366882622 -0.856158495 -0.307224602
 837 -0.678720653 -0.144225046 0.493020236 -0.449287742
 838 -5.72373122E-02 1.11657715 1.09397590 4.21869382E-02
 839 -1.37854087 -0.876584053 -0.872273743 0.979116738
 840 -2.68606097E-02 -0.256282091 0.226780564 -0.255605549
 841 -0.468044579 -1.37069070 -0.773500681 -0.498809814
 842 -1.61387968 -1.30013454 0.186398759 0.117532142
 843 0.564240038 0.271178752 -0.724721909 1.29969883
 844 0.187412173 0.832451463 -1.20757473 -0.186323613
 845 -0.820573032 -0.558665991 -0.274342120 -0.326263964
 846 -0.431592792 0.672825396 0.794588089 0.172147185
 847 0.674187660 -0.811720848 -6.89296052E-02 1.51410329
 848 1.09957981 -0.933889091 1.00318599 0.824591696
 849 -0.426721007 -0.195187300 2.25758481 -0.823813736
 850 -0.385448277 0.393257409 0.220519736 2.12764001
 851 4.57742140E-02 -1.55656075 -0.204983056 -2.94845402E-02
 852 -0.320544928 -1.04617333 0.229282096 -0.104373522
 853 -0.669820726 7.72281140E-02 0.600772023 -0.742014229
 854 -0.782190323 -0.726121068 0.782169640 -0.480469733
 855 -0.838095665 4.61429656E-02 0.769661307 -4.62626778E-02
 856 -0.635864377 0.101239771 0.681729853 -0.354884982
 857 -0.816811144 0.408387423 -1.00752525E-02 -0.272176564
 858 -0.150056869 -0.891309619 0.572684884 -0.334010154
 859 -0.575803578 -1.55551291 9.73106101E-02 1.09204924
 860 4.40228432E-02 -0.260884583 0.344742566 0.920142949
 861 -0.247273162 0.656910062 0.311130881 -0.388999939
 862 -0.819461107 1.16537797 0.487559289 -0.652426124
 863 -8.68663043E-02 -1.37542868 -0.739969254 1.24671030
 864 -5.43847233E-02 -1.94556773 -0.898537040 2.72905350
 865 -1.21925212E-02 -1.09161317 0.312815011 2.06633043
 866 0.487329155 -0.253825903 0.396106720 -0.724850953
 867 0.191981718 0.639597297 1.23671758 1.17091846
 868 0.323374838 7.15385675E-02 1.10344934 1.14122975
 869 -1.80688202E-02 -0.111891508 -0.573912501 1.02756035
 870 1.79565996E-02 1.54666317 -2.63586342E-02 2.63431025
 871 5.79798222E-03 0.401659667 0.437738150 -0.303654730
 872 -0.757100165 -0.221744746 0.209207177 1.66476238
 873 -1.33088851 -2.43813848 1.58329606E-02 -0.813033879
 874 -0.414582431 0.437748015 0.388067544 3.00536299
 875 -0.429444402 -1.41006827 0.430965811 -0.396376818
 876 -0.258670390 0.204083800 0.134380594 1.58647025
 877 -1.61068630 0.422155291 0.369789690 0.146406591
 878 -0.293733418 3.67819071E-02 0.472602367 1.18169618
 879 0.220414564 7.54509270E-02 -1.12667727 1.24010360
 880 0.208694354 1.05306172 0.291801542 -0.212444484
 881 -0.535267591 -0.224037051 1.04970849 -0.188371330
 882 -0.164059430 0.128635302 -0.153527528 -0.580207944
 883 -0.375315934 -0.749724150 -0.408901930 1.43940210
 884 0.448457599 -0.516420484 -2.99153998E-02 1.24459529
 885 0.228191763 1.34768569 -9.74904001E-03 -0.486999691
 886 -0.110865384 1.14704990 0.957307279 -0.411317527
 887 -0.106607512 -0.970755219 -0.556587636 -0.437154233
 888 0.496356040 -0.109213084 0.705657363 -0.123147160
 889 -1.24713588 1.15051699 0.272600383 -0.422993213
 890 -3.54704261E-02 -0.940922856 -0.517770708 -0.334078491
 891 1.30042922 -1.74962080 0.828274488 3.17317057
 892 -0.681213379 -0.279373080 0.637911737 -0.284948438
 893 -1.11346471 0.945754826 0.247454405 -0.879332542
 894 -0.966718316 3.11993933 0.217575446 0.685147524
 895 -0.771318674 -1.16910338E-02 1.36632776 1.21399009
 896 -0.401878595 -0.506579816 0.620896459 1.01165056
 897 1.46954656E-02 -0.617402911 -0.426914841 -0.447870612
 898 -0.758032680 -0.989561200 -0.432617575 1.23633754
 899 -0.240614757 -0.475439042 -1.46470249 0.725829959
 900 1.91403973 0.143202782 1.04166281 1.39072680
 901 -6.34989589E-02 -1.41177917 1.04136515 -0.371681899
 902 0.529041231 -0.523725450 -0.118182436 1.37886417
 903 -0.209860116 -0.333477020 -0.610013902 -0.678277791
 904 -1.31890905 -0.373003840 1.11187530 -0.635962129
 905 0.774542689 -0.609363914 0.193872392 -0.622555196
 906 -0.103668705 0.625205696 -0.340382725 -0.326940089
 907 -0.918867350 -1.15913248 0.318012536 -0.229755431
 908 -0.257448316 -0.303412199 -1.28968763 0.708696663
 909 0.719375730 -0.125938743 -0.233037323 -0.130289152
 910 1.10436332 -0.412719876 0.402064383 2.72348332
 911 0.680066705 -1.08838129 -1.25716043 1.39850473
 912 -0.417482376 -0.609438062 -9.21397433E-02 0.239306122
 913 -0.404163241 4.04148102E-02 0.834830225 4.18719128E-02
 914 1.19677389 1.07175314 -0.433803141 1.38217568
 915 -1.18899500 -1.14237475 0.659955740 -0.554336548
 916 -0.439808846 0.119633287 0.696035504 0.190513015
 917 0.265545338 -1.01424432 -0.432490945 -3.52857411E-02
 918 -1.14780498 0.318165153 -0.471678913 -0.272160679
 919 -1.33986557 -0.186128050 0.583198071 -0.474048823
 920 -0.449476898 0.379066408 0.360696733 -0.127669021
 921 0.330986917 -1.11136901 0.585349858 -0.597122312
 922 -0.173121944 0.285861850 -4.84984964E-02 -0.290280670
 923 -0.105301574 1.19679403 -0.509883642 -0.107747845
 924 0.752146959 -0.120592877 -0.170893535 -0.641053319
 925 2.26309896 -1.44501328 0.584071398 0.852957964
 926 -0.599549770 -1.11331522 0.687303782 -0.122401513
 927 0.224797174 -0.416170657 0.298047870 -0.269519806
 928 -0.709706366 0.482887417 1.59745932 -0.252799600
 929 -1.35336554 0.305090576 -2.01125666E-02 2.75651291E-02
 930 1.48264456 -1.71758986 1.41836584 1.18912125
 931 -0.587527215 -4.45885658E-02 0.772854447 -0.156603858
 932 -1.20145369 -0.248623624 0.913247049 -0.212333471
 933 0.127547294 0.244057685 0.576879501 0.151386976
 934 -0.394721597 -2.11638093 -0.374362946 -0.156388253
 935 -0.358510762 0.556458235 0.360095888 -0.447202802
 936 9.48899314E-02 0.333371013 1.37488031 -0.192874253
 937 8.89796466E-02 1.46149862 0.110349946 9.72553417E-02
 938 -2.04478860 4.37591970E-02 2.31088114 3.00839171E-02
 939 -0.245180279 0.815550327 1.32972825 1.09953061E-02
 940 0.559244752 -0.782013595 -0.712709546 2.53351164
 941 0.209411606 0.135722339 1.15417922 0.260571003
 942 0.177843153 0.945304513 0.272463799 -0.163667545
 943 0.177574307 -0.871424377 9.55302119E-02 -5.61576858E-02
 944 0.603686392 -6.41007647E-02 -0.139061645 -0.147643283
 945 1.88628268 0.407917738 0.489846706 1.13111341
 946 0.749000728 -0.792269707 1.23364782 1.05605972
 947 -0.347413242 -0.991189063 -0.264910251 -0.113593280
 948 -5.75981885E-02 -0.141474500 -0.743433297 1.73514116
 949 -0.625986218 -2.01702332 -5.14311194E-02 2.22418785
 950 1.10997450 0.136910960 0.212923214 1.27249682
 951 0.271860421 -9.13522989E-02 4.44928482E-02 1.39422679
 952 -0.888022721 -0.180190891 5.50158620E-02 -0.183529362
 953 -9.37011391E-02 0.214777872 0.204914451 1.13725615
 954 0.571134925 -0.287004322 0.414116204 -8.59115124E-02
 955 0.187506631 -3.93809602E-02 -0.183209419 -0.400554687
 956 0.472941786 5.84404916E-02 0.219421685 2.60968876
 957 0.806386530 -1.18004823 -0.123116940 1.31783867
 958 -0.839934826 1.32792830 0.637126386 -0.358018458
 959 -0.226829976 -0.334822267 -3.01535893E-03 -0.524912953
 960 -0.547737420 0.124208689 1.13784719 0.121218838
 961 0.356044054 -0.631601572 0.441698253 0.122001447
 962 -4.95342761E-02 0.778067589 -0.286535442 -0.198146775
 963 -0.444017291 1.41137552 1.19474888 0.134663343
 964 -0.655096471 -0.358317345 -0.503518105 -0.543513000
 965 0.302019238 -0.267693907 0.156185865 -0.280056059
 966 -0.789313376 -1.02539170 -0.108991764 1.01306999
 967 0.592642963 -1.71108699 -8.33994895E-02 1.51421881
 968 -0.223402932 -1.14557016 1.16364586 -0.232268065
 969 -0.282341361 -0.911854625 -0.265728384 0.991025507
 970 -0.828973174 0.737844586 0.156403288 0.536441505
 971 -1.27841520 -0.287223965 1.31502700 -0.368784487
 972 -0.445927620 9.61776525E-02 0.680730045 -0.320522040
 973 4.13413569E-02 0.159105390 0.410467297 -0.223393843
 974 -0.939564586 -1.16738796 -0.504101217 -7.99437910E-02
 975 -0.330133349 0.439086318 1.57982397 1.53606379
 976 -1.59244668 -2.21703768 -0.653013706 -0.878497243
 977 0.473785818 -9.07978266E-02 1.46449769 1.55234456
 978 -0.150278866 0.700359523 -0.366687328 -0.136633247
 979 -1.03476465 0.417767644 1.48781395 -0.188802242
 980 -0.186608300 -0.926223874 0.737275243 -0.349719554
 981 -2.17063278E-02 0.812764287 0.498615503 1.07982266
 982 -0.435374558 -0.172166154 1.54187453 4.24151495E-02
 983 -0.431352735 0.113780372 0.457379639 -0.321369439
 984 -1.38363647 -0.314614892 -0.100268133 0.941547751
 985 -0.597119212 -0.686903059 -0.602913141 1.22106409
 986 -0.596769452 -0.573520839 0.204065293 -0.458404034
 987 0.714159966 0.655697048 -6.09400496E-03 0.241865009
 988 -0.565385759 -2.75105977 0.976137459 -0.545927882
 989 -0.663838983 -0.209421083 1.27869773 -0.593675017
 990 -0.366809666 -0.546489179 -5.78265563E-02 2.29546261
 991 -1.73973572 1.04216456 0.750698388 1.82919574
 992 -0.800136864 0.247513384 1.75764644 -0.305730999
 993 -0.449221015 0.926287949 -0.930735648 1.26274657
 994 -0.528703928 7.99325332E-02 1.29911458 -0.568801641
 995 5.28746694E-02 -1.40410316 0.100712255 1.19587219
 996 -0.844035447 -0.706462801 -0.230277628 2.12424278
 997 -4.44429219E-02 -0.829930305 -5.26172668E-02 6.64526299E-02
 998 -1.31834066 -0.373094350 -0.910080552 0.628430009
 999 -0.787053704 -0.902115226 -1.37783182 -0.291895360
 1000 -0.162836015 -2.31655264 1.02700400 0.959723473
 1001 -0.879893422 -2.56820440 -1.99332386E-02 0.737563133
 1002 -0.883817792 0.352543175 -1.11532009 -0.395249873
 1003 -0.801841795 -0.400530845 0.409217209 -0.370040983
 1004 -0.254871875 0.785068631 0.588946104 0.136607379
 1005 -0.467005819 9.35667902E-02 -0.864870846 -0.482609689
 1006 -1.41904163 0.807912529 0.581195474 1.02734137
 1007 -4.63397354E-02 0.863679886 -0.273530811 -0.236958623
 1008 5.93681633E-03 -1.83871818 0.647695780 -0.138056159
 1009 0.122643664 -0.883543611 -0.121530980 1.18914735
 1010 -1.10547626 0.510096431 -4.53487001E-02 -0.167056546
 1011 -0.516065180 1.14549613 -1.57376695 -0.476875037
 1012 0.623290777 1.88079667 -0.342935532 -0.346130937
 1013 -0.123919696 -0.782594919 0.119722456 1.29645121
 1014 -0.671444118 0.286289662 0.296762675 0.549068213
 1015 -1.23242056 -1.62422383 1.10212767 -0.178709984
 1016 -0.570436299 0.201867059 -8.68839025E-03 -9.27411616E-02
 1017 -0.687284648 0.738030672 9.52447653E-02 -0.769901276
 1018 -0.111479461 -0.332494736 -0.673365533 -0.164978012
 1019 -0.583103657 -0.539239347 -0.829877019 -8.63067135E-02
 1020 -1.10631037 -1.79779077 0.662674069 1.19806480
 1021 0.126435101 -2.31756115 -0.104511105 -0.148336768
 1022 -0.540197194 -0.322666675 -0.197553068 -0.466312766
 1023 -0.974131465 -1.27421284 -0.138040066 1.68759203
 1024 -0.415572226 0.268126130 0.333339870 1.95133424
 1025 -1.18583417 0.158581138 -0.676839888 -0.423185021
 1026 -0.678231895 0.452505559 0.220430180 -0.255124301
 1027 -1.01885629 -1.76634109 -7.78116733E-02 2.98502278
 1028 0.492582947 0.624076605 -0.203195870 -0.738139391
 1029 -0.995018065 -1.55467200 8.48969817E-02 1.28086197
 1030 -0.179548100 -0.679075837 0.124250606 -0.491484433
 1031 -0.969757259 0.585427344 -0.282061815 -0.329809666
 1032 -0.778315067 0.333756864 -0.694778681 -0.104679763
 1033 -0.922380149 0.281457603 0.833496749 -0.374467194
 1034 0.867547691 -0.765579164 -0.545445919 -2.44373846
 1035 0.799988031 -7.14000389E-02 -1.22159147 -2.79331017
 1036 -9.91520137E-02 -0.841548860 -2.85823822 2.46702147
 1037 -0.945524812 -0.937284231 -2.13846731 -0.436679423
 1038 0.303635240 -0.951296747 -3.12042618 -1.46464348
 1039 0.415622473 -1.66102600 -0.677876770 -2.95170784
 1040 0.491833985 -0.519508243 -1.64465404 -1.12884498
 1041 -0.636810720 -0.246325135 -1.52044344 0.249101475
 1042 6.73939958E-02 -0.593044281 -2.28674722 -2.97636199
 1043 0.670195699 -1.06956041 -3.27277732 -1.36435890
 1044 -0.575941622 0.652153730 -2.75485301 -2.23288846
 1045 -3.92647386E-02 0.687380612 -2.04671621 -0.224532545
 1046 0.466317832 -1.32151842 -2.38011146 0.771145284
 1047 0.808975577 -0.437463790 -1.84313178 2.52729440
 1048 -0.813649476 -2.41640353 -0.768996239 -2.67879343
 1049 8.63554478E-02 -0.407692820 -2.36486149 -0.243614942
 1050 -0.367249668 -0.936618805 -2.64488554 -2.81687307
 1051 0.150698662 -1.69116724 -1.68326688 -1.05272114
 1052 0.603790998 -1.35952544 -1.69175637 1.27684760
 1053 -0.171152115 -2.13882589 -2.48708439 -0.850103438
 1054 1.21680784 -0.778048754 -1.56160355 -0.304332793
 1055 0.564813375 -2.25221157 -1.66894472 -2.66445279
 1056 0.984156132 -2.15342832 -2.25538254 -0.939500213
 1057 0.154855937 -2.19879961 -1.24365628 -1.27628863
 1058 -5.77882528E-02 -0.936838269 -1.59496534 3.85851115E-02
 1059 0.460751116 1.04155838E-02 -3.28593278 0.721736372
 1060 3.52374613E-02 -1.02252531 -2.40652108 -3.05847096
 1061 1.48679465E-02 -0.758991420 -1.56662226 -0.577981591
 1062 1.13507223 -2.10533047 -1.33123100 -2.76019740
 1063 -0.538278162 -1.40302849 -2.71209335 -1.22238350
 1064 0.859139323 -1.41573119 -1.84018230 -1.09144664
 1065 0.912509918 -7.44718313E-03 -2.48542523 0.359607756
 1066 -0.505297661 -1.17135406 -2.26139879 -2.52649474
 1067 -0.109013140 0.426378012 -2.39445353 -1.25074315
 1068 -0.554550648 -3.30792522 -1.17481339 -3.23972559
 1069 0.695232868 -1.12701356 -2.67788744 -2.12516308
 1070 -0.327475965 -0.293011606 -2.08656907 -2.41485739
 1071 0.237358883 -1.46318591 -3.28427243 -0.768202901
 1072 0.374769002 -0.358301014 -1.02126253 -1.21498132
 1073 0.576491058 0.116315573 -1.19487774 -0.904982805
 1074 0.528292656 0.278733611 -2.49095416 1.96197486
 1075 -0.584326088 -1.36469221 -1.67872012 -3.13533688
 1076 -0.228385612 -1.56958044 -1.99458122 -2.21294260
 1077 -0.778426111 -1.20720291 -1.44298708 -2.27651262
 1078 0.488099933 -0.531793118 -1.44047618 -3.05837202
 1079 -6.96613416E-02 0.145820573 -1.31633282 -3.14803171
 1080 -0.576245904 -0.737737238 -0.863435090 -0.683873296
 1081 0.367807806 -0.450181663 -0.821363986 -1.01246166
 1082 -1.23727965 -1.47850382 -2.12353349 -0.721266329
 1083 -0.133663893 -2.83591628 -2.11275458 0.866448641
 1084 -0.392685831 -0.780765951 -2.94991231 -1.41425502
 1085 -1.25582671 -1.48659849 -2.32103419 -2.69034958
 1086 0.685642958 -2.21470928 -1.99512279 -0.246384442
 1087 -0.828036904 -1.85196424 -2.29458261 -0.571693301
 1088 -1.01859283 -2.10884356 -1.63103640 -1.10742617
 1089 -1.47800028 -0.913637102 -1.94592786 -2.96450114
 1090 9.81579274E-02 -1.42991483 -1.56622291 -2.85210514
 1091 -0.732891798 -2.16676998 -1.96845973 -0.870827079
 1092 -0.290630788 -2.00509501 -2.53843737 -3.10172915
 1093 0.272761077 -5.86173087E-02 -0.543447793 -2.20580363
 1094 0.524063587 -2.22349644 -1.51908171 -2.45136166
 1095 0.180487692 -3.18073416 -1.09191155 -2.50098085
 1096 7.84514695E-02 -1.21850622 -1.16514838 -2.96651077
 1097 -0.200372383 -0.706468225 -2.18445563 -0.435040116
 1098 -1.49179244 -2.10024261 -1.22394395 -1.43151319
 1099 -1.04358220 -0.690004528 -1.82709873 -2.95834732
 1100 0.109235711 -1.97276998 -1.94424832 -2.76534843
 1101 -0.211057782 -2.32651544 -2.17945790 -1.04281902
 1102 0.444490790 -2.33714914 -1.98855698 -3.02320480
 1103 0.149784699 -2.09106851 -1.93509591 -0.744347692
 1104 -0.624160647 -0.444676191 -2.01267409 -2.12618828
 1105 -0.697547078 -1.57493055 -1.48656654 -1.29867089
 1106 0.227800250 -0.903376400 0.178267449 -0.662399471
 1107 0.417350501 -1.97887182 -1.45131063 -2.85404873
 1108 -1.45079052 -0.998802185 -1.71222639 -3.04685450
 1109 -0.826116800 -0.155894011 -2.41392136 -1.54631424
 1110 0.971809387 -1.48620427 -0.615089297 -2.26232219
 1111 -1.31427932 -3.29443312 -1.99629271 -3.02211952
 1112 0.212172210 -2.71212888 -1.34882092 -0.542807460
 1113 1.04501510 -1.72836590 -1.47285080 -1.92651927
 1114 -0.460259259 -0.869511187 -1.41455567 -0.169457316
 1115 0.277912855 -1.61129224 -1.35760915 0.250434577
 1116 -0.187609896 -0.286676347 -1.02881527 1.23580194
 1117 8.06169286E-02 -1.61490548 -2.00013614 -0.927521527
 1118 0.323471576 -0.403705060 -0.845813870 -2.26574826
 1119 0.796476007 -1.82083189 -1.50426245 -2.44842911
 1120 0.618129909 -0.825778186 -0.826729834 0.685109675
 1121 0.726706684 -0.189808965 -0.322186470 -2.39998579
 1122 0.907337070 -1.46472275 -0.173798412 -2.63427353
 1123 5.92372641E-02 -1.14936614 -1.36596131 -3.08905649
 1124 0.547185004 -2.27769828 -2.46513748 0.554480910
 1125 -9.24633890E-02 -1.84881985 -1.82601345 1.35509753
 1126 -0.106830016 -1.31180668 -0.898372471 -0.404656291
 1127 -0.365873247 -1.95596409 -2.79121542 0.334487855
 1128 -1.11963999 -1.09155512 -2.59290338 -2.75990629
 1129 -0.185164928 -0.389456928 -2.02561212 -3.14116502
 1130 -0.279642224 -2.24729395 -0.993453443 -1.29459786
 1131 -0.543112397 -0.238802165 -1.52598214 -0.715938926
 1132 -0.116624020 -1.34715581 -1.26937568 -1.20614421
 1133 -0.317757517 -1.39567471 -2.27955151 1.48454487
 1134 -1.01708603 -1.02166831 -0.682436228 -2.59358883
 1135 -0.259765744 -0.889128089 -1.96143186 -1.43106210
 1136 1.44721448 -1.51815665 -1.39797485 -1.15534067
 1137 -2.90620998E-02 -0.723212481 -0.457961798 -2.87374473
 1138 0.138748556 -2.73220110 -1.75981772 -0.952205241
 1139 2.37367558 -0.710345149 -1.53119373 0.221866518
 1140 2.06746912 -1.00937772 -1.07901549 -0.461869657
 1141 1.58430731 -0.459747910 -0.454455346 -1.29799294
 1142 2.11270380 -1.26080000 -1.60186613 -0.842429996
 1143 1.77179384 -0.264563709 -0.711458325 -1.21618688
 1144 1.70863175 -1.19400418 4.96795103E-02 9.39328596E-02
 1145 1.05729556 -0.696708679 -1.41481996 -1.49122524
 1146 2.20100760 0.417012632 -0.549937487 -0.892175794
 1147 1.01591563 -0.294018328 -1.13394105 -1.22672725
 1148 2.71838832 -0.698015571 -0.212926656 -1.26537037
 1149 0.452305526 1.22856176 -0.288183063 -1.54077625
 1150 1.89336920 -0.763917565 -1.17100465 -1.14368510
 1151 1.15012300 -0.260846823 -1.27107644 -1.20313060
 1152 1.46677554 5.95508255E-02 1.20671773 -1.30145514
 1153 0.947903514 0.330813080 -0.759990036 -1.06720757
 1154 1.74224257 -0.753497362 -2.25383210 -1.32126665
 1155 1.40904653 0.278272599 -0.808226347 -1.42510653
 1156 2.51360130 -6.24274686E-02 -0.103393003 -0.948682547
 1157 2.78743649 -0.260531306 -0.948687553 -1.27968431
 1158 1.31585455 0.170825750 -0.945168674 -1.05869651
 1159 2.26698947 1.31411409 -1.76642394 3.76835167E-02
 1160 1.75420570 -0.337797046 -0.973403811 0.310309917
 1161 2.57202983 0.851289928 -0.693566084 -1.29900157
 1162 0.949797213 -3.81835699E-02 -1.52166390 -1.25546920
 1163 3.16101575 -0.528554440 -2.22890306 0.376413584
 1164 0.719742954 -0.118598722 -0.989601731 -0.750216842
 1165 1.50205946 -0.544905603 0.315988898 -1.43351126
 1166 2.47364831 0.547756135 -1.50628126 -1.43125296
 1167 1.39319706 -0.480727613 -1.64338386 -1.29621160
 1168 2.56348801 9.96994451E-02 -0.998134255 -0.106775247
 1169 2.67808366 -0.149730787 -1.26632130 -1.03031158
 1170 2.13537312 -1.39045954 -2.39731145 -1.40324926
 1171 1.62501037 0.404268503 -1.12228668 -1.54797459
 1172 1.64685273 0.680974185 -0.291501731 0.347882122
 1173 1.13596964 -0.439737797 -1.91457891 -1.04030108
 1174 1.87686539 0.614771903 -1.36568332 0.451885104
 1175 2.90884328 -0.390119016 -1.16004324 0.161751419
 1176 1.41350901 -1.24122059 -1.67740810 0.162360817
 1177 1.74348712 3.08273625 -1.31476319 0.170172393
 1178 2.69318342 0.872957885 -0.578699172 -1.49178970
 1179 2.67096615 -0.888991296 -1.41129017 -1.22006285
 1180 1.45901561 -0.377262592 -1.44524693 -1.30053914
 1181 1.99586701 -5.68011254E-02 -0.205317944 -1.46732974
 1182 1.64356613 -0.938905299 -0.630491257 -1.47660780
 1183 1.58096385 1.21152794 -0.564176142 -1.41968596
 1184 2.60690618 -0.795873404 -0.821231663 -1.33561826
 1185 2.33797097 -1.36566532 -1.09003711 -1.46524799
 1186 1.03937566 -0.647280157 -1.05778944 -0.971626222
 1187 1.39836550 -0.501954556 -0.987395287 -1.53555644
 1188 1.76432300 0.230710357 -1.18371320 -1.22131133
 1189 1.33103573 1.63130093 -0.445247203 0.309249312
 1190 2.60504150 2.05796504 -0.951530039 -1.30851161
 1191 1.31827235 1.10618305 -1.54833531 -1.39452863
 1192 2.60831332 0.331091017 -0.328141034 -0.931390822
 1193 1.82335627 -3.45434994E-02 -8.43641460E-02 0.168467164
 1194 1.93592870 0.496251911 -1.93847084 0.178794652
 1195 0.709211767 -0.134019807 -1.78961539 -1.44894886
 1196 1.25794899 -0.106729306 -1.12915373 -1.13998747
 1197 0.817870975 1.22881913 5.64738289E-02 0.138665855
 1198 2.18706489 1.41712344 0.143344253 0.278613240
 1199 1.51702583 -9.37648714E-02 -1.15280640 -1.27876997
 1200 3.23674154 0.235836685 -0.280849934 -1.05420518
 1201 2.13557100 -0.877236307 -1.40644789 -1.36019468
 1202 1.94033217 -1.08523834 -0.483846009 -1.31097972
 1203 1.14252520 -1.25801110 -0.984829903 -1.07530475
 1204 1.86273444 -0.810495973 -1.33613217 -1.50768209
 1205 1.35181344 0.311754614 -1.53794289 -1.21659780
 1206 1.27891886 1.01448369 -1.80644488 -1.22360635
 1207 2.55377007 1.24244189 -0.490720183 -1.30843616
 1208 2.57326388 6.96000457E-03 -1.33979964 -1.13125849
 1209 2.07489061 1.01956415 0.231806993 -1.20416832
 1210 1.59275019 -0.279507428 -0.804714561 -1.28345692
 1211 1.91986501 0.279899657 -0.738554299 -1.59157538
 1212 1.62497973 0.164247990 -1.36935127 -1.20816338
 1213 2.21867204 -0.589614809 -1.06045389 -1.26440048
 1214 2.25059891 -1.86677969 -0.130478367 -1.47925878
 1215 2.42535686 9.19168591E-02 -2.28952503 -0.999738276
 1216 1.13675475 -0.421542645 -1.05064297 -0.914208353
 1217 2.16145372 -0.397141397 -0.998209298 -0.891675532
 1218 2.72436094 0.727353573 -2.09788013 -0.632849395
 1219 2.01659322 -1.35908425 -0.681950927 -1.07491148
 1220 2.38484168 -1.24833822 -0.506486177 -1.47803092
 1221 3.51549840 0.873378694 -0.891906917 -1.21066523
 1222 1.40268993 -0.756837845 -1.51980317 -1.15353179
 1223 2.91344023 -0.204421863 -2.80131251E-02 -1.28835285
 1224 1.83239508 0.525110126 -1.83167601 -1.27957690
 1225 2.01178813 0.531060219 -1.57661450 -8.36255997E-02
 1226 2.36124444 -0.681118846 -0.421084076 -1.39866316
 1227 2.97174287 -2.20847487 -1.02518117 -1.04398715
 1228 2.69851470 1.41128445 -0.553558707 -1.30645490
 1229 3.62475133 -0.901086628 -1.41887379 8.48767459E-02
 1230 2.32342625 1.35816503 -0.408701628 -1.62283039
 1231 1.99660647 0.860731602 -1.73010683 -1.04895253E-02
 1232 3.22091126 -1.52776039 -1.50792110 -0.953030765
 1233 2.64882755 -0.169054091 -1.36495686 0.211333603
 1234 2.62443280 0.597399354 -1.40725553 -1.47015810
 1235 3.60542941 -4.90170419E-02 -1.31102169 7.77131617E-02
 1236 2.07780218 -0.591213644 -0.593128979 -0.319092661
 1237 1.48612130 0.965796232 -2.33095694 -1.10324049
 1238 2.90720177 -0.106485099 -1.72966886 -0.916938365
 1239 2.10935235 0.514522195 -1.57610524 -1.10424459
 1240 2.86534739 -0.396194041 -1.40936744 1.39045846
 1241 2.73032165 -1.50564432 -1.79131496 -0.803255141
 1242 3.11812401 -0.398309171 -0.133775473 -1.40382624
 1243 2.12571526 -0.914446890 -0.986666620 -0.996605694
 1244 1.44814610 -0.135216713 -1.84305191 0.290151715
 1245 0.460424662 -0.280251145 -2.08742833 -1.02961051
 1246 1.75467169 -0.167429805 -1.75221252 -1.53441107
 1247 3.88782763 0.206903934 -1.08971632 -0.168344840
 1248 3.20873785 -0.198411196 -2.44160295 -1.16830242
 1249 1.52575672 -1.06184697 -0.646639049 -1.29813862
 1250 0.919374764 -1.26196742 -0.697042227 -1.45690775
 1251 1.89563227 -0.317006111 -0.741020381 0.360387385
 1252 1.52918005 0.672497153 -1.35585868 -1.13474512
 1253 1.54766500 0.963262320 -0.682607889 0.190883815
 1254 0.514384031 1.34886742 -1.01143920 -0.960754633
 1255 2.16165757 0.434407353 -1.43747580 0.381295800
 1256 1.84922779 -1.08053136 9.11594648E-03 -1.09538841
 1257 2.17523313 -0.638319433 -0.351132423 -1.49419022
 1258 1.86066794 -0.908578813 -1.95634699 -0.578531027
 1259 2.50219750 -4.25633267E-02 -2.06208324 -1.11336112
 1260 2.29446578 -0.610377073 -1.68142080 -1.30524468
 1261 3.23040366 -0.377377987 -1.42306769 -1.55435026
 1262 0.729295850 -0.894719481 -0.972033739 -0.716636837
 1263 2.81199002 -1.18746948 -5.67011833E-02 -0.292990923
 1264 2.98494339 0.931511164 4.27862108E-02 -1.28516448
 1265 2.78722405 -2.63824463E-02 -1.44533992 -0.957973659
 1266 3.45999622 0.256985784 -2.30875158 -8.70915353E-02
 1267 1.59602749 2.55004883 -2.05069733 -1.43370998
 1268 0.518984616 -0.815668344 -1.18127108 -1.05422604
 1269 1.59712398 0.466275334 -0.512962341 -1.26663113
 1270 2.10168958 0.610730052 -1.49864745 -1.10797870
 1271 1.91499364 0.866691411 -1.52445531 0.210084349
 1272 1.40787876 0.535266697 -1.40618300 -0.425355136
 1273 1.08289349 -0.434034526 -1.36257946 -9.37338769E-02
 1274 2.66780543 -0.539312482 -2.50252295 -9.46989655E-02
 1275 1.22233784 -1.19933355 -0.595101058 -0.518332124
 1276 2.60591197 0.955880523 -1.73196852 -1.00094914
 1277 1.56534457 0.103780881 -0.843823731 -0.875058770
 1278 1.72930026 1.07797027 -1.08984220 -0.832837462
 1279 1.77209997 0.747946382 -1.31892264 -1.34501278
 1280 1.76667619 0.390511721 -1.78998303 -1.41549218
 1281 2.66292310 0.770538211 -1.87606061 0.447882354
 1282 1.39748633 0.544701159 -0.626430929 -1.46057534
 1283 1.74817908 9.20038521E-02 -2.34682608 -0.329088539
 1284 -0.595667183 -0.105211958 -0.214399934 -1.23950148
 1285 1.82871485 0.156168267 -0.400441706 -1.70316863
