 1 -0.581749439 -0.356852829 0.481807441 0.340963781
 2 1.65479839 0.236190602 -0.645058930 -8.76739025E-02
 3 -0.746027410 1.00032067 -0.211499289 1.39623749
 4 1.08314919 -0.360049188 -0.387228668 0.788031280
 5 1.40856612 0.861436605 0.556449533 -0.307148635
 6 0.205471039 0.940182328 -0.569007695 -4.68488038E-02
 7 -0.451975763 -0.242148340 -6.63937479E-02 0.107834831
 8 0.914358854 -1.45777977 -0.468398273 0.513287663
 9 0.288743317 3.75700593E-02 6.09003752E-03 0.556568682
 10 -0.257297516 -0.842859387 0.724937975 1.26581740
 11 1.37748277 0.151806563 -0.614148736 1.00916886
 12 1.16276670 -1.76274931 -0.166181743 -0.422798574
 13 -0.466330469 -1.74373221 0.193257973 0.755253613
 14 0.113685638 -0.718843520 0.479512155 0.558266878
 15 -1.12779796 0.210872948 1.29230869 0.774212658
 16 -0.436188668 1.59717333 -0.346585572 -0.699475408
 17 3.24596000 1.09554684 0.767125785 1.47341341E-02
 18 -0.786921084 1.73410130 -0.713291049 0.192299172
 19 0.117000118 -2.88138866 -0.913492739 1.67654157
 20 0.343637407 0.437453747 -7.35983998E-02 0.436776876
 21 0.685722947 -0.974372387 -0.176531419 0.395806849
 22 0.715187073 -0.401052505 1.42902565 -0.300438344
 23 1.43269789 -2.03914165 -0.333495975 1.03396428
 24 -0.591680884 -1.78192139 -0.323880583 0.564203680
 25 -0.619710922 2.97596082E-02 -0.568672001 -7.14284331E-02
 26 -0.566576958 -6.93990886E-02 0.769639373 0.534814119
 27 1.61964726 1.34056878 1.16878235 0.230469689
 28 0.853978693 -0.884152412 1.10492218 0.281630218
 29 0.334768176 1.05643320 0.222520709 0.471123934
 30 -1.01508915 -1.61523104 -0.781838179 0.146253437
 31 2.81821936E-02 1.66530800 0.734059453 -9.01537240E-02
 32 -0.481754363 -1.11977947 -0.147353604 -0.907588601
 33 1.49671006 -0.401132703 0.266815186 -0.677023470
 34 0.458293259 -0.779593825 0.437566906 -0.147429496
 35 -0.196104899 -1.07792127 1.47307265 0.675510049
 36 -0.164617360 -0.632707715 0.671219766 0.699934244
 37 1.11156154 -1.45627964 -3.21559608E-03 0.973328114
 38 -0.673186660 2.02998090 0.347630560 1.13006413
 39 -0.979019284 -0.394151628 1.44884491 0.559696734
 40 -1.31876302 -1.71089065 -0.311885327 2.15756917
 41 0.755838215 1.10864055 1.38228536 0.196431667
 42 -0.957368553 -0.473477006 2.21262264 0.402444243
 43 -1.22332478 -1.78204930 1.27010798 0.610185504
 44 0.561051011 -2.57087874 0.938624203 -0.283075869
 45 -0.751676619 -5.32703996E-02 0.365238875 0.232932448
 46 5.30566424E-02 -0.831980169 1.53337479 2.66918540E-03
 47 0.875033021 -0.952337205 1.57876420 0.190781936
 48 -1.01844537 -0.230217785 0.532944024 0.619475484
 49 -0.361076176 0.846898675 0.257611275 0.379022539
 50 1.03822839 0.373181939 0.802829385 1.21193326
 51 -0.768033981 2.03053427 0.737209380 -0.107140854
 52 0.157378972 0.254698813 0.254770011 1.67957306
 53 -5.46409115E-02 -0.441706121 -3.16942334E-02 -0.192714512
 54 1.09518743 1.31212187 0.378566444 0.601435542
 55 0.134070858 -0.631498218 6.57956153E-02 -0.543411314
 56 1.06738508E-03 -1.02491403 0.138821915 1.26081264
 57 -2.37507963 1.77284968 0.124488503 -0.151206955
 58 0.797597229 0.539838016 0.710495114 -0.624672830
 59 -2.80646849 -0.137272552 0.307956100 1.36960757
 60 1.31403649 -0.337541163 -0.706412315 -6.97670728E-02
 61 -1.09434259 0.795664310 6.50834292E-02 -0.349261820
 62 -0.386620224 0.148207724 0.505502760 1.32110631
 63 0.394752771 -0.591463208 1.62065542 0.428267479
 64 -0.108515337 0.314476728 -0.323139668 0.935744226
 65 -0.874184191 -0.792585611 0.169998318 0.538743973
 66 0.776970387 -0.338342637 1.42517006 -0.192764983
 67 1.40981102 0.791961312 -0.224278063 -0.534621537
 68 -0.656082988 -6.57625198E-02 0.276324451 0.562275708
 69 -0.319581747 -1.07126498 1.22627541E-02 0.199552536
 70 -1.45767987 0.306672156 1.60809290 0.979787588
 71 -1.17910063 0.656690061 0.350688249 -0.128108859
 72 -0.599828839 1.04775524 1.29508126 -0.699045718
 73 -0.132242516 1.27336538 8.55067223E-02 0.546596825
 74 -4.93346155E-02 0.193934649 0.489216119 -0.231687322
 75 0.260485649 -1.16424143 0.277562559 -0.656327426
 76 1.85937440 1.33268189 0.370507181 -0.563274682
 77 0.323784471 -0.409870178 0.245105833 0.571169555
 78 -0.518568039 -0.563049674 0.531966925 -0.549370170
 79 5.72162047E-02 -0.731064141 2.87050828E-02 -0.794736624
 80 1.36278236 -1.09082079 -0.596933246 -0.358208895
 81 -1.51900589 -1.71692276 0.255490065 0.778924048
 82 0.215349659 0.195673689 3.72360647E-03 6.66965619E-02
 83 -0.810366094 -0.819072604 0.589605629 -0.329204470
 84 -0.839183450 0.558656156 1.07136095 0.333753645
 85 -0.992767215 0.409892499 0.919126630 0.338029057
 86 -1.18928254 -0.898108244 0.276125789 0.343285084
 87 1.39786935 0.318174452 0.673075199 -0.129613608
 88 -5.09449989E-02 0.263944149 0.105538629 0.905482113
 89 0.781355858 7.86425173E-02 1.71822989 0.722709656
 90 0.720358014 0.263485581 0.459541202 -2.71351337E-02
 91 -0.606865585 0.343338400 1.36674654 0.589742362
 92 -0.674827516 0.469247311 -5.03963903E-02 0.952142179
 93 1.27307248 1.11734843 1.31404567 0.802740395
 94 0.290087283 0.856593668 1.39650726 0.505906701
 95 -0.108298302 -2.63858271 0.116908461 0.756565452
 96 0.605020940 1.47980058 2.01962018 0.436901927
 97 -0.222083777 -0.331050694 0.220263228 -0.682439148
 98 -0.107333124 0.499475211 0.693406522 0.479001135
 99 1.12859893 0.551968098 -2.93456316E-02 0.414789557
 100 0.303507924 2.35558391 4.79939729E-02 -0.623761475
 101 0.864609480 -0.443180174 0.775047660 -0.545171738
 102 -0.231066823 -1.22670293 -3.53059471E-02 -0.185100675
 103 8.59891623E-02 -0.292408228 -0.129247308 -0.327859491
 104 0.903238237 0.120029733 0.207392737 2.70701349E-02
 105 -0.570506811 -1.03678977 0.306877494 0.393590987
 106 -0.902853787 1.30330729 0.683652401 7.92452693E-03
 107 1.69600594 -1.31508577 -0.236658797 1.53015685
 108 1.10522938 0.280632973 1.17940176 6.17313087E-02
 109 -1.67605472 -1.31934941 0.644389749 -0.430815965
 110 -1.74995136 0.504333973 0.847120821 -0.632372916
 111 0.797643661 0.633979380 0.343105674 0.452156663
 112 -0.340614140 1.10426593 -7.44653344E-02 -0.141374797
 113 -0.749978900 -0.984107792 1.43019831 -0.265838921
 114 1.09130228 -2.85190606 1.40485168E-03 1.07207251
 115 -2.63999748 -0.703667343 0.311530292 -0.234811455
 116 -0.731121182 0.307304531 1.40156841 0.732707262
 117 0.479093432 -2.15226293 0.908723176 0.911519945
 118 0.409908146 0.707238734 0.505489230 0.362187326
 119 0.827300131 -1.45161104 0.507053971 0.311265409
 120 0.638313353 -1.80479574 -9.14536342E-02 7.50131905E-02
 121 1.23856254E-02 -1.01568294 0.444468260 1.01350749
 122 0.656208575 -0.676989496 0.967957973 0.886350811
 123 -0.448372930 0.265134454 7.73200765E-02 0.314022779
 124 0.382515490 0.991453350 1.21083808 -0.432038009
 125 -0.921400368 -1.01951170 0.547091424 -0.474312156
 126 0.575833380 -1.06249475 0.825835943 -0.358037978
 127 -0.576485515 0.273316592 1.34358430 -0.481923014
 128 0.711970448 -0.674035609 -0.593663096 0.530723512
 129 0.460841477 0.485110104 0.269024760 -0.775828242
 130 -0.287555456 -0.571933448 0.287655324 1.06970847
 131 -1.05979073 -1.18523979 0.354922473 -0.680651367
 132 0.199401751 1.58876920 0.115705989 0.970048010
 133 -1.68295693 -0.726033211 1.50459278 0.239373133
 134 0.129492000 -0.121364601 0.374805331 0.722123981
 135 0.187731758 -0.691971123 0.797715425 6.37287349E-02
 136 1.06817305 0.848634064 1.16774046 -0.389120281
 137 2.77566791 -2.03125215 0.760819197 -0.493481278
 138 -0.495706618 2.27898026 -0.712214410 -0.267666519
 139 -0.780065477 -1.24155772 1.06319439 1.15599895
 140 5.16315699E-02 -0.789246619 1.09260237 1.21503937
 141 0.323742330 0.526168227 0.816888511 5.88805974E-02
 142 9.66733098E-02 0.321188331 1.20799875 0.248714447
 143 -0.716761231 -1.30646539 1.31130874 0.219752386
 144 0.354832262 -0.336899459 0.751965165 0.971507907
 145 -2.26130486E-02 0.779259741 0.646430016 0.525843978
 146 2.33782458 0.722983003 0.159441561 0.335337162
 147 -0.650745630 -0.108274788 -0.414951503 0.888795435
 148 -0.669476449 -0.101944312 -0.353187352 -0.548867285
 149 0.834452212 -0.208965346 1.36374974 0.622675180
 150 -2.10787249 0.513679147 0.782268524 1.54089248
 151 1.82069170 -0.563846588 0.614796996 1.10529530
 152 0.751582563 -0.119223937 0.563550711 1.13280797
 153 -0.897192538 -0.155843079 1.40371978 1.21521258
 154 -1.28341329 -0.273439318 -7.07977861E-02 -0.227897808
 155 1.09466791 0.838295996 0.699065387 5.28725833E-02
 156 0.779098213 0.981967390 -0.199919596 0.875273228
 157 0.553187609 -0.403951168 0.154821962 0.596571922
 158 0.413594902 -1.83294463 -0.303785801 0.594140053
 159 -0.140732959 1.93960294E-02 2.15697718 0.395026445
 160 1.56603467 -0.199320257 0.231649071 1.25971246
 161 0.151720941 -1.76886928 0.377486914 -0.746741414
 162 -1.48079598 -0.352333188 1.09177768 -0.341602266
 163 -0.188465804 1.27895236 0.741140842 0.354303896
 164 -0.743170381 -0.969175100 0.874439001 5.61379045E-02
 165 0.554911733 -0.295662791 0.671756983 -0.290039659
 166 -0.587060511 -0.214261547 0.393661499 0.832369328
 167 -0.892680109 -1.35171688 0.502736449 0.252157450
 168 0.807455957 0.546727896 1.27707832E-02 1.41328788
 169 0.314444184 -1.58581996 -5.46081066E-02 1.10599303
 170 -1.78461397 -1.60599554 1.04425359 0.156318620
 171 -2.83987045 -3.48246598 0.558884144 1.37096000
 172 -0.567608058 -0.957075238 1.71094024 1.34176683
 173 0.230097786 0.580066323 0.459923744 1.06303620
 174 -0.239082038 -0.805841565 0.125142246 -0.307971418
 175 0.152550817 0.266017377 0.870705843 5.36790937E-02
 176 0.642604530 -1.19357562 7.92444497E-02 0.552223027
 177 1.13713062 -0.426559120 0.272076011 0.631755292
 178 -0.850377560 2.10614204E-02 0.239883319 8.12598914E-02
 179 0.143496603 1.49507308 1.00945652 1.14324009
 180 7.73809552E-02 0.242982671 0.789868474 0.577898145
 181 1.79408383 -1.49171281 -0.859910131 1.18038964
 182 0.155818701 1.25291204 1.23353791 0.922835410
 183 0.388774514 -0.227814406 -0.734465659 -0.322815537
 184 1.25340596E-02 0.379771352 0.629798055 0.588446975
 185 2.06469083 -0.834104896 -0.450958788 0.818045974
 186 0.299520075 0.380001843 0.564110219 1.50311601
 187 -1.20812654 0.327826917 5.50112687E-02 0.312411338
 188 0.448860168 -0.841619432 1.25927091 1.01349854
 189 0.274006009 -1.83372402 -0.377555668 0.192750096
 190 0.433629692 0.972914636 0.806456685 1.18617284
 191 0.512998998 0.484998286 1.82222053E-02 -0.154738918
 192 -0.970556498 0.933481395 0.623570919 0.479548633
 193 -0.844181001 5.45754507E-02 1.20931232 0.923109412
 194 0.499882996 0.822065234 -6.09209910E-02 -0.444622934
 195 -0.846522868 -6.15137033E-02 -7.58329630E-02 2.44044214E-02
 196 -1.09131551 -1.17663193 -0.448029429 -0.227271587
 197 -0.734411299 -0.355001092 0.528073132 1.66762388
 198 -0.229971439 -0.719600737 -1.08029097E-02 0.716453791
 199 -0.611479342 1.12986457 1.42824829 0.584680736
 200 -3.72808091E-02 0.601845145 0.291629255 -0.251638472
 201 -0.424264669 1.13468850 -0.289182574 0.739348471
 202 1.84149814 -1.88605046 0.193200380 -0.507440925
 203 -1.02635145 -0.286373854 0.660759687 0.929890513
 204 6.87591955E-02 0.456485331 0.495527685 0.330368102
 205 0.307178289 -0.107730061 0.361903816 -0.540843248
 206 0.820400119 -0.110673875 0.827202857 0.476028562
 207 -0.142131567 1.69878840 0.270477235 1.00269723
 208 1.40607893 0.946444452 1.20928776 0.757513762
 209 1.94952798 -0.795262992 0.691782773 0.959019840
 210 -0.221656188 -0.249889135 1.03498411 1.27760756
 211 1.20296526 -1.90483010 6.68324381E-02 7.05538094E-02
 212 1.22096229 2.24241042 1.25458646 0.100078255
 213 -0.348717332 0.213899016 0.879634798 0.936744869
 214 0.208658814 -1.41492891 0.238163441 -0.301309884
 215 5.03009260E-02 -0.884142399 0.599308908 1.53566253
 216 -2.69019604E-03 1.13168943 0.672249019 -0.399515271
 217 0.691494286 2.24995947 0.269228667 0.974809766
 218 0.675245047 1.60932373E-02 -0.519699037 -0.279906094
 219 -0.914443731 -1.48915029 1.62811768 -3.66969332E-02
 220 0.927461684 0.447158575 1.18527305 0.468417466
 221 9.72257704E-02 -0.848900676 0.549463689 0.501738369
 222 -0.150868401 0.773795962 1.51720405 0.720879912
 223 -1.76504636 -1.62535655 0.157789126 -0.348216712
 224 -2.03152108 -0.144531608 0.585883141 -1.92181021E-02
 225 0.133016631 -1.58747482 0.408187866 -0.572078109
 226 0.177196026 6.26559556E-02 0.686015904 -0.728055894
 227 0.224301025 0.911860824 0.721376538 0.290732622
 228 -0.236552596 0.751093268 0.890901029 0.351913363
 229 1.20873857 0.137126252 1.39991093 -0.401141822
 230 -0.832957923 -1.35388064 -0.343222678 -0.368080735
 231 -0.736747801 -0.916862905 -0.267622173 0.978032887
 232 0.393691778 -0.145226598 0.200087652 0.159292936
 233 -1.29562473 1.08857715 2.57084346 0.440137625
 234 -0.780823588 -0.321766436 0.518847406 -0.551162183
 235 0.421446472 -1.86088991 0.340940356 0.768441498
 236 -1.27536023 -0.677892029 0.798581302 0.751004457
 237 -1.74518383 -0.748903692 0.446651697 0.572693229
 238 1.55428457 -0.526680171 0.155847132 0.295466274
 239 -0.101524107 1.50680947 0.268440902 0.506853938
 240 -9.41771865E-02 2.66039395 0.661586404 -2.07671523E-02
 241 -0.541200042 0.124432415 0.339914262 0.583080828
 242 0.172179580 -0.543969095 -0.168527290 0.118381321
 243 -0.699675977 -0.403499722 0.651217937 0.514755368
 244 0.671990514 2.02563107E-02 0.596942127 -7.35436976E-02
 245 -0.532639742 0.178129077 1.33831918 -0.134968504
 246 3.15878081 -0.393359423 0.296851695 0.207301497
 247 1.98059833 -0.257305712 0.395126134 0.164034247
 248 6.06460124E-02 0.120585024 -0.457423687 -0.825613141
 249 -1.09040868 -0.966621876 0.225005180 -0.665732145
 250 0.371426851 0.445721775 1.05102062 -0.478067011
 251 2.33249617 0.357709795 0.419248819 0.371212333
 252 -1.04912829 -0.187643066 0.184192032 0.443780780
 253 -0.966927707 0.847551763 0.314237416 0.442047715
 254 1.24799907E-02 3.38357043 -0.218190134 0.612832606
 255 -0.588234723 0.433533192 -0.241577253 0.111794114
 256 -0.797946632 -0.899919331 -5.47393188E-02 0.866760254
 257 -0.248552844 -0.749164045 0.281510532 -4.22843844E-02
 258 -1.88522363 0.856617093 0.563221216 0.246439368
 259 0.289620519 -1.33807993 0.661089063 0.839742899
 260 0.355610520 0.748265386 -0.997764230 -0.173191816
 261 2.17697144 1.06519997 -0.324397832 -0.386869252
 262 1.28604436 -0.391140014 -0.680800855 1.15895700
 263 0.832797468 -0.796440244 0.886691093 1.16170537
 264 -0.736237645 -0.943892181 0.846028626 -0.487002492
 265 0.768963516 0.168793380 -0.727457166 -0.442638516
 266 -0.695673466 -0.267498434 -0.583132446 1.41619658
 267 -1.14897430 0.349990487 0.714220881 -0.231570005
 268 0.136114031 -0.669840574 0.237610891 0.510659933
 269 -0.255614728 0.367131233 1.19581020 -0.667287230
 270 -0.976787329 0.570624471 0.872800291 -0.353656799
 271 -0.967385292 -1.36861396 1.53708136 0.532194078
 272 1.94473112 -0.805914164 1.12876034 0.943514347
 273 0.198848948 -0.159928530 -1.12484694E-02 9.59099084E-02
 274 0.391833305 0.693499446 0.573319077 -0.693228245
 275 0.933288455 -0.860563397 1.32729757 -0.211304605
 276 -0.665609419 -0.488848090 -0.402620435 -0.796340466
 277 0.486627758 -0.334433436 0.495778501 0.393127799
 278 0.350448728 -1.50869679 -0.209755123 0.805060923
 279 0.931315422 -0.801200867 1.75129414 -6.47786260E-03
 280 -0.811512172 -0.753747761 -0.226995856 0.704399943
 281 0.660150230 3.03886719E-02 0.847500145 -8.28132182E-02
 282 1.19139338 -1.00822151 0.356785685 1.39357448E-02
 283 0.942354798 0.109708898 0.990213037 7.85380229E-02
 284 0.734955311 5.18325791E-02 1.51227880 -0.369691551
 285 1.07398582 -1.22606492 0.346570909 -0.786752045
 286 1.05273306 9.56666656E-03 6.88041449E-02 0.301447839
 287 -0.832482457 -0.315881371 0.939737082 -0.382876933
 288 -1.33070123 -0.108761042 0.259395689 8.19227844E-02
 289 -0.291528940 -3.11544824 1.91676033 0.192512974
 290 0.701940238 -0.619336367 -8.42241794E-02 0.642688155
 291 -1.22313440 0.994924903 0.607638121 -0.629336774
 292 -1.27290368 -0.322274446 0.870109141 0.172712535
 293 1.09025550 1.12235940 1.27220857 0.682650506
 294 1.78328371 7.90441483E-02 0.446823239 0.566654444
 295 -0.860483050 1.23909950 -0.197993964 -3.44689935E-02
 296 -0.564737201 -1.57591641 1.28696287 0.231277317
 297 0.681764126 0.375124097 7.60875642E-02 0.415905446
 298 0.841992080 0.846523106 1.04060245 0.627402067
 299 -0.968928337 0.951264024 0.965492964 0.513076901
 300 -0.288750857 -0.212553233 0.735907793 -0.132337078
 301 -0.997013390 0.295544863 0.451601267 -3.17699909E-02
 302 -0.223666698 -1.06463802 -0.488336027 -9.56788808E-02
 303 2.47077060 -1.10817099 0.757285953 0.473569334
 304 -0.959245145 1.57940292 -0.261607051 0.516793430
 305 0.397094309 1.49695408 1.84516609 -0.171594888
 306 -1.33615744 0.463266015 1.27874088 0.227208510
 307 -1.02595747 -1.54849362 -0.734221756 5.85490316E-02
 308 0.625179410 1.43386436 -0.522195935 1.07756627
 309 -0.392335355 1.11237299 1.31962013 0.391070724
 310 -1.62830698 -1.41019106 0.614636004 0.691959918
 311 1.02440393 -0.575100601 0.644410789 0.505122662
 312 0.169968307 0.400313288 0.845934331 -0.175329238
 313 1.42380524 -1.51780188 0.165351182 0.790656507
 314 0.559430182 2.10744905 -0.880294204 -0.642635226
 315 0.898808479 0.305402547 0.867944777 0.572045803
 316 0.196865380 -0.623299718 1.39868391 -0.290142566
 317 -0.733805180 -1.23597777 1.14203691 -0.293898851
 318 -0.304346204 -0.201182544 0.855915546 -0.320800602
 319 8.32031816E-02 0.606770933 0.310478181 0.347067416
 320 -0.407637894 4.15630937E-02 0.790471256 -0.255418539
 321 1.83179200 0.944181859 -0.142666683 0.173517704
 322 0.175033838 1.82037592 0.543031216 -9.24200118E-02
 323 -0.436290264 -0.257239431 0.640412688 0.588175178
 324 0.148833454 -1.15183187 -7.80316293E-02 -0.623735547
 325 2.10484099 -1.66914701 0.389560908 8.50833058E-02
 326 -0.417069942 -1.14787185 0.992606223 0.930306971
 327 0.223114878 -0.757173538 1.07196736 -0.105424210
 328 -1.07335687 -1.05370653 0.315837026 -0.365862042
 329 -0.880861402 -0.560843885 1.00797760 0.788298786
 330 1.18850672 -2.21008921 1.30122232 -3.82977575E-02
 331 -1.46065784 0.412879109 -0.302915454 0.229983568
 332 -0.589220941 -0.820929646 0.541809082 0.825199485
 333 3.95326912E-02 1.63875937 -0.187106177 0.645219684
 334 1.09375620 -0.315603673 0.708593786 8.28713924E-02
 335 0.421617925 1.30880249 -0.471366107 0.648928463
 336 0.570733130 -0.810531378 0.773163021 0.131346688
 337 -0.568422616 0.748163283 0.532842875 9.00507271E-02
 338 2.47623324 0.609786749 0.979857385 1.46333277
 339 0.956100345 6.92856833E-02 1.20603859 0.695905745
 340 1.84080100 0.332597911 1.33956194 0.374314308
 341 0.415796667 -2.02341151 -0.515948892 8.53709951E-02
 342 0.368604332 0.876493871 0.626506686 0.163535073
 343 -3.51773649E-02 1.11381066 0.164349869 0.998528302
 344 -2.56624198 0.266015053 0.197272003 0.248032302
 345 0.776241302 0.102455541 -0.137897864 -0.836493254
 346 1.82494509 0.293574065 1.17250144 0.458590508
 347 0.793681562 1.71746349 1.99160838 0.494369686
 348 0.252079308 -0.372511983 0.418215126 0.174860403
 349 0.122877002 1.32414210 0.645016909 0.110225298
 350 1.19966769 -0.146149009 0.314917952 0.452187121
 351 -0.399345219 8.01496431E-02 0.164949954 3.43827158E-02
 352 -0.638455391 -0.237097800 0.343909383 0.307028949
 353 -0.596861422 0.132851228 0.405813426 -0.490848899
 354 1.50332582 -0.136301845 0.317278892 -0.707305610
 355 1.05397749 -0.168506444 3.13465446E-02 0.556196094
 356 0.918741763 0.700336874 -0.498833716 1.58255231
 357 -8.15487504E-02 1.26988673 1.35312736 1.08868790
 358 0.918973267 -0.846069634 0.977377057 -0.209620252
 359 2.71855330 -0.541286826 1.42425299 0.546958148
 360 -1.47419977 0.515232503 0.762496471 8.83680284E-02
 361 -0.672502816 0.436438501 0.868105650 -0.307198048
 362 -0.481007993 -0.246165663 1.05824339 -0.394176185
 363 -0.605169713 0.520192206 0.179208413 1.29838085
 364 -0.346204162 -1.04666305 0.935628772 -0.320408821
 365 -0.455294162 -0.101954758 0.527670622 7.19404221E-03
 366 -0.164704353 -1.83676744 -0.239045769 1.01237798
 367 2.29125643 -0.849588335 0.600411773 0.391496420
 368 1.32113719 -1.74458957 0.838299692 -0.293115497
 369 0.234149814 0.135974899 1.27326524 0.324914128
 370 -0.697609425 1.18802881 0.254521430 1.07118142
 371 0.243023396 -0.398347706 1.04456043 -0.826889753
 372 -0.820237696 -0.550789595 0.861920655 0.929557681
 373 0.899710059 -0.755140960 0.509203970 -0.494431674
 374 -1.14949417 -0.367240965 0.893855214 -0.699211121
 375 1.48384917 -0.109855369 1.50207973 0.894749999
 376 1.00409150 -1.07764983 -0.350248724 -0.293377578
 377 -0.993958592 0.505107641 -8.20480511E-02 -0.100975871
 378 2.30603218 -0.346489370 0.671994150 0.654803276
 379 0.347488582 -1.75953805E-02 1.18413639 0.680183053
 380 0.141693026 -0.139789954 -0.105621822 0.159594119
 381 -1.49166667 -0.118744805 1.51041448 1.60421324
 382 0.703988373 -0.802382350 0.241763398 4.73807305E-02
 383 -0.589702964 -1.39012384 1.08837831 0.521702766
 384 -0.124300227 -0.359885097 0.253341347 -0.463672042
 385 -1.29848027 -0.852138579 -0.469601244 0.280638456
 386 -1.18642569 -1.09873927 0.957506895 0.997061431
 387 0.180648759 0.502325177 0.667015672 -0.923813462
 388 1.02169573 8.44819546E-02 -7.20026046E-02 -0.161621839
 389 2.60824859E-02 0.869389296 0.790244401 -0.857552111
 390 1.47807348 -1.65939379 8.40762630E-02 -0.762151539
 391 1.26204824 0.483800590 1.55141771 8.38040859E-02
 392 2.95505929 -0.523097157 1.36825502 -0.255288303
 393 -1.49123394 0.903059065 -0.417275459 -0.598052144
 394 -0.646874964 1.41922307 0.808232903 -0.223735034
 395 0.574404240 -3.67324241E-03 0.833311975 0.192799881
 396 -7.99692199E-02 0.475824893 0.585333407 0.140789449
 397 0.456811100 0.457728803 0.275826305 -0.525095522
 398 0.435028791 0.665973127 0.824438453 8.88734683E-02
 399 0.128702983 -0.687425733 0.612601697 -0.106001318
 400 -6.27622306E-02 -1.17403507 0.508130848 0.624180734
 401 0.392632276 -0.859821618 8.32407698E-02 -9.42307115E-02
 402 7.06222355E-02 -0.186126292 0.181079045 0.168145791
 403 0.394543886 -0.853678167 0.274105161 0.837238610
 404 -1.65084529 -0.280615896 0.156590432 -0.166785941
 405 -0.103104264 -1.27949035 1.22779846 0.131339461
 406 0.393890589 0.818533838 0.216950089 0.676921606
 407 -0.306393564 -1.21198213 0.282872558 0.586911559
 408 1.72469485 0.418091416 0.792881429 -0.964288056
 409 -1.02675557 -0.362667054 1.85852572E-02 -0.114585891
 410 1.61596966 -6.98518530E-02 -0.503778577 -0.663554847
 411 1.17835794E-02 -1.75922513 -0.238532931 -0.291097701
 412 0.582149148 -1.83496726 0.409586370 -0.966780305
 413 0.789874434 -0.117701083 0.237462163 -0.273772806
 414 -0.939975262 -1.51994503 -6.79103136E-02 1.87136555
 415 -1.14382780 0.106321663 -7.23099113E-02 -1.39165372E-02
 416 -8.26106220E-02 0.821773529 1.07360494 0.736259460
 417 -0.960646451 1.22874641 -0.225877330 -0.739844382
 418 -0.281025290 -0.688427389 0.841965795 1.01542068
 419 -0.791829944 0.168000832 1.16959894 -0.236813545
 420 0.303520322 -1.15920055 0.422031403 -0.629797995
 421 -0.506190658 -1.03322804 0.908037364 0.388244450
 422 -0.549249470 -0.569135845 0.451915294 1.52143693
 423 0.647708416 -1.10251486 0.511402011 0.234320104
 424 7.76032917E-03 -1.80434632 -0.257267058 1.70183539
 425 -0.452107638 -0.238697112 -6.86824024E-02 1.37689412
 426 0.464504719 -1.20103502 -0.388007164 -0.205903664
 427 0.754572868 -0.403053582 0.184784830 8.95330980E-02
 428 0.424312055 -0.182342708 0.660984337 1.09788930
 429 -0.379923314 0.912518859 0.462583512 -0.206573635
 430 -1.28320754 0.225924402 0.398661315 1.04718029
 431 -1.38260543 -0.514864326 1.17989421 0.743108571
 432 0.780709743 -0.409636647 0.120662153 4.22603935E-02
 433 -0.351272941 -0.308001906 0.244973376 0.426672041
 434 1.13770187 -0.602086902 1.58388329 0.621501505
 435 1.14793634 -0.650757551 1.19274831 0.467468083
 436 1.54278064 -0.213050574 1.53591657 -0.407086015
 437 0.417327017 -5.16277850E-02 -0.114440903 1.32157624
 438 0.336416304 0.325665981 -0.775350451 0.418472975
 439 0.262084126 -1.92809403E-02 0.596162558 -0.780225515
 440 0.967838585 -0.676694095 1.04870439 -0.860139787
 441 0.304861486 -2.23681927 0.734673023 -6.22652769E-02
 442 1.63719749 -1.02927494 0.817664325 1.46975815
 443 -0.318922848 0.508863330 0.841303468 0.477071464
 444 0.296097130 0.438369244 0.851044774 4.16196883E-03
 445 1.26660275 -0.868532896 -0.222445235 0.944540501
 446 0.651000500 -1.14908504 0.333886564 0.413507283
 447 1.55354595 -0.763835907 0.840587139 -1.10588849
 448 -1.76000547 -1.75312567 7.56955147E-03 0.266988993
 449 -4.84447591E-02 -0.537613511 0.537499607 -0.319985747
 450 0.432875872 -0.158030227 0.416086316 0.268039167
 451 0.536848843 0.379545152 0.641673863 0.623758316
 452 0.610788405 6.60693496E-02 0.969500482 -0.684804440
 453 -0.941616833 -6.11986741E-02 2.75250394E-02 0.318428397
 454 0.461962640 -1.12462807 0.409287602 0.272651672
 455 -0.451729059 1.33100677 1.16826868 -0.328409463
 456 0.563836515 0.388739020 0.164475977 0.526534319
 457 -5.69833964E-02 -0.205833554 5.46935201E-03 -0.689511776
 458 0.256217837 1.98608243 0.342492640 -0.634635806
 459 -0.158106282 -0.814125121 0.166931793 -0.418833226
 460 -7.81646073E-02 -1.29015720 0.671451867 -0.577757776
 461 -1.30777168 0.550856948 1.85440099 5.80353662E-02
 462 1.39543265E-02 0.941115975 0.502645195 0.361696959
 463 -1.74836016 1.15165222 0.143852562 -0.619319439
 464 3.46737802E-02 0.222569019 1.16578209 1.07480991
 465 -0.924626231 -0.274347335 0.690326273 0.132947773
 466 -1.52160954 -0.143054008 0.595263362 0.285775661
 467 -0.632029176 0.442603648 -0.540897965 0.370842159
 468 0.983178914 1.17317855 0.919619262 8.09768364E-02
 469 -0.339775026 0.435996801 0.461906791 -3.26209888E-02
 470 1.48079336 -0.391244382 -0.161573902 -0.399614364
 471 -0.257825851 -1.01529729 1.65762377 -0.696351647
 472 -2.27093101E-02 0.150517777 0.369523793 0.516312599
 473 -0.844264865 -0.327779382 0.494387150 -0.199197352
 474 -0.858591795 -2.09567994E-02 0.549129128 1.83009243
 475 -2.25511789 -0.140406489 0.414208412 0.744178414
 476 0.831165910 0.275979578 0.696772933 1.92278779
 477 1.51552343 -1.30874062 0.496864051 -3.85964215E-02
 478 0.531483769 -0.404246777 -4.96627614E-02 1.23063779
 479 -0.457786500 2.37059641 0.314519674 1.00414360
 480 -0.307211399 0.820280433 5.52526042E-02 0.277415931
 481 -1.08388352 1.83722115 0.724663496 -0.333983332
 482 1.54482448 -0.754960418 0.162006199 0.747170925
 483 -1.02296257 0.512859344 0.806471407 0.595741034
 484 2.15690899 -1.09706950 1.42370081 -0.621661842
 485 1.63401020 0.809695184 0.198562115 0.250722647
 486 -1.39943755 -1.06458664 -3.07198912E-02 1.70219803
 487 -0.257687032 -0.883323193 0.937825561 -0.101419672
 488 1.35868502 -1.17991960 0.891058326 0.169739127
 489 0.641594350 -0.335351825 0.454310417 -0.409003973
 490 1.44573760 0.576824129 1.26367700 0.247813940
 491 1.22676432 1.08561051 0.226044625 -0.429897904
 492 1.28381681 2.02224255E-02 -0.292690247 1.87849140
 493 1.11986351 -0.770092487 1.10395968 8.95285457E-02
 494 0.310647339 0.950882673 1.81108201 0.409745008
 495 0.114926137 0.138635784 1.28019452 -6.30463809E-02
 496 2.06833768 -9.30470526E-02 4.78562191E-02 0.654530287
 497 1.84689474 0.834805310 1.06775403 0.650336862
 498 0.170564830 -1.06706583 0.282274604 8.80619362E-02
 499 -1.22472692 0.512575388 1.32325912 0.868168712
 500 2.02625465 -0.961409926 1.76426661 0.185460031
 501 2.57737827 0.221543550 1.08212101 0.254518956
 502 1.07607520 0.691812038 0.662022948 0.284874856
 503 0.780084908 -0.519196212 0.881124794 0.683445573
 504 1.41511035 1.71380198 -0.645264506 0.681272030
 505 0.521007538 1.06809688 0.528338373 -0.457666636
 506 0.400382876 -0.611698389 0.483871162 -0.918091774
 507 1.53088713 -2.31642723E-02 0.961646914 -0.313021660
 508 -0.351386338 -0.143955603 0.799285650 0.691752911
 509 1.37674522 4.77170348E-02 -0.309492052 0.255823284
 510 0.224232376 0.556703985 1.74147677 0.166076392
 511 -1.80024195 -0.576050997 -0.331394851 0.881636202
 512 -1.42212594 -0.496419936 0.934670091 0.172717080
 513 1.45292068 -0.781081557 -0.543324590 -0.738660455
 514 -1.41771793 -1.81485489E-02 5.36485463E-02 0.487100631
 515 0.985076010 -0.477500439 1.01335192 -8.02975893E-02
 516 0.660811961 0.246182084 -0.431836009 1.11584973
 517 -0.434321404 8.70726705E-02 1.82048607 -3.92724574E-03
 518 -0.137886167 1.83486438 1.22531140 -0.437342227
 519 0.233607471 0.853826344 0.444768995 0.275616527
 520 1.00552726 9.52565446E-02 0.265849173 0.878120065
 521 0.453994811 0.445833594 0.198996380 0.549242377
 522 -7.73891360E-02 0.206750736 0.439790070 0.477209330
 523 -1.42619359 0.286339045 1.14263749 -9.56994891E-02
 524 2.08154345 -0.344845682 1.22287011 -6.49291575E-02
 525 0.131763712 0.787708759 0.535299003 0.123961791
 526 7.78807700E-03 -0.326545358 0.835567117 -0.195956334
 527 1.77193141 -3.64959836E-02 0.633485973 0.379929811
 528 1.75086761 1.00262380 1.09538877 0.496113807
 529 -1.55333114 -1.67458785 0.105112478 0.241755947
 530 -0.635578454 -1.38968778 -0.762512565 -0.673506498
 531 -2.05357373E-02 -1.81975758 1.93520689 0.184741229
 532 2.39100158E-02 0.868324995 0.791288018 1.01263976
 533 0.126830965 0.331581116 0.704130113 1.67557448E-02
 534 -0.268460214 -1.20442104 0.851749778 0.132263541
 535 -1.26061451 -1.28007793 0.963239193 -0.223901838
 536 0.179168701 0.189360067 0.808061838 0.122070745
 537 -1.47064197 -2.38493644E-02 0.985720992 -3.92037928E-02
 538 0.796535492 -1.08896279 -6.64389879E-03 0.288929075
 539 0.697602391 1.79368448 1.21831560 0.705967546
 540 1.60969734 1.59644365 0.438851595 1.51102257
 541 1.45953488 -0.522546291 -0.109371193 -0.609240711
 542 -0.535403848 3.29456031E-02 0.651699841 -9.53332931E-02
 543 -1.51356220 -0.294952184 0.640409946 1.49558985
 544 1.77597868 -0.836167872 0.985919714 -0.282234907
 545 -0.431654721 0.662393451 -0.221800476 0.911709487
 546 0.246533185 0.182919621 0.872055054 -0.190634787
 547 1.27797794 -1.26742470 0.567484856 2.02729368
 548 2.28298998 -0.418976158 0.485674739 -0.819040835
 549 0.473101676 0.701091588 1.27514637 -0.281341493
 550 0.442449927 -0.161338300 0.769782245 -5.91043681E-02
 551 -4.19671834E-02 -0.662555993 0.490866214 0.796787381
 552 -1.55378950 -0.304828882 0.235692576 -0.385521382
 553 0.273914576 -1.08720279 1.62901175 -0.194682151
 554 0.699106097 -0.900631845 0.952097893 -4.84424084E-02
 555 -9.68216136E-02 -1.27427769 -8.77670124E-02 0.139724717
 556 0.945301533 -1.10385013 0.570596218 0.588155925
 557 -0.881040156 -1.08180189 0.881122410 -0.392539024
 558 0.191406786 -1.42651367 -0.397674441 0.656310320
 559 1.00226653 -0.140392452 0.148246497 1.18293560
 560 1.17637730 1.52560878 0.195483968 0.677042723
 561 0.360799611 -0.265878409 -1.22013211 0.161782488
 562 -1.13702655 -0.672936022 0.906389117 -0.695829630
 563 -0.393734038 -0.912221253 1.46347141 0.738248467
 564 2.33667588 -0.566408336 -0.418409050 0.477242529
 565 -0.110461056 -0.404171109 0.108798228 -0.161694616
 566 -0.939804852 1.98940051 -6.52517602E-02 0.537532091
 567 -1.63928270 1.72073770 -0.564123571 0.375346124
 568 -1.06994116 1.23863661 1.05357802 -0.604993701
 569 0.864924014 0.843050778 0.925837278 -0.113564864
 570 0.723042250 -0.470337808 -1.01918137 -0.314771742
 571 -1.59928370 -1.38212872 0.640387714 -3.01207826E-02
 572 -0.876632333 -1.13271153 0.615579844 1.10862207
 573 -1.10298431 0.142271966 0.961024821 6.39298037E-02
 574 2.18815422 -0.123273991 0.712104082 0.485000461
 575 -0.958681107 -0.617234051 0.574061096 0.603190303
 576 0.571594596 -0.486909866 0.396346271 -0.666170716
 577 0.652898967 0.154813752 -0.208910033 0.226278991
 578 -1.09736156 -1.14780354 8.72998089E-02 0.689662933
 579 0.421344668 1.29170644 0.501940191 -0.216386348
 580 -1.12953436 -1.49485672 6.19986057E-02 -0.122935578
 581 -0.135121346 0.199833542 -0.655797303 1.55198491
 582 0.822440505 -5.11826426E-02 0.895460963 0.582752287
 583 2.08966827 -0.199739814 -0.515408635 0.618002415
 584 1.43858993 0.776686966 0.532879233 0.655586720
 585 -0.339808702 -1.65455198 0.231480077 0.772339344
 586 0.321798056 -1.41641748 0.483748406 -0.418599844
 587 -0.676534057 5.48540801E-02 0.245450377 -0.335400581
 588 0.167872280 -0.496830106 4.50060517E-02 0.541791499
 589 8.92364234E-02 -1.02369332 -0.587024033 0.969503403
 590 -0.126835942 -0.582356036 0.327127874 0.152573407
 591 0.182084605 -0.773275495 -0.333968699 -9.21416432E-02
 592 9.69064236E-02 -1.12657356 0.239028290 0.445853055
 593 -0.322061539 -0.667336822 0.956837535 -2.30243057E-02
 594 1.09544826 0.223944470 -7.76421577E-02 1.14585304
 595 0.120414540 0.182763055 1.59214664 7.60618970E-02
 596 -0.579621911 6.05285317E-02 0.806688011 2.92645246E-02
 597 1.02285540 -0.241451919 -1.27441549 1.09087467
 598 -0.434277415 0.405746102 2.98226103E-02 1.33033681
 599 1.55327320 1.26709759 0.437119186 0.427177340
 600 -0.263432801 -0.240206167 1.29975025E-02 -0.232212588
 601 0.480843931 -0.972233355 0.212145731 0.936511219
 602 1.64798427 -0.191703364 0.565307379 0.786620855
 603 0.377867103 -2.47521251E-02 0.987117827 1.52704513
 604 0.444470167 -0.101592481 0.565877378 0.199690223
 605 -0.267186284 0.287366390 -8.07786584E-02 1.73430592E-02
 606 0.963309586 -0.142258808 1.26722562 -0.897941113
 607 -7.27363825E-02 -0.791853547 0.688924611 1.12392724
 608 1.96653163 -1.32347238 0.647687018 0.590126574
 609 1.03873086 -2.56233883 2.21618544E-02 1.83879042
 610 -0.382415950 0.487832367 0.656840682 9.26951170E-02
 611 0.594391644 -0.480022997 -0.621840775 -0.537490964
 612 -1.01370096 -1.33859622 0.838089228 0.192272052
 613 1.84730208 0.445365012 -0.326220989 1.41486907
 614 0.443971694 1.40399456 0.259999871 1.10563099
 615 -1.18182766 -1.33242154 1.39717877 0.545186520
 616 0.761771321 -0.732518971 0.670098722 0.145654768
 617 1.20271385 0.260523140 -0.177687883 0.628623307
 618 -8.99070501E-03 1.28505468 -0.588268876 1.40911531
 619 -1.18586731 3.76376025E-02 0.634147584 0.568227708
 620 -0.802852988 -0.103314005 1.32989466 0.285602212
 621 0.986569285 -1.04666281 0.700938284 -0.401033044
 622 1.02403724 -6.63055778E-02 -0.582712412 0.497601628
 623 -0.901698530 0.243109345 0.537754774 1.65248024
 624 -0.258491218 1.55735850 0.363836735 -0.644659281
 625 1.00815022 -2.05941296 0.326159418 -3.95647138E-02
 626 -8.30711573E-02 -1.11746895 0.621045709 -9.16438848E-02
 627 -4.86694276E-02 0.599018514 0.764757395 -0.326675743
 628 -0.269450933 0.560108900 3.09641808E-02 1.00017154
 629 -0.885146797 0.314611495 0.488273740 -7.23111033E-02
 630 -0.823324800 -0.675751746 0.168758094 8.44249278E-02
 631 -0.512136757 1.07692742 0.752732635 -0.414393425
 632 0.810166240 0.364239752 0.864536524 1.68727255
 633 -1.01212192 1.75332475 0.874083400 1.19305122
 634 -0.374365211 0.885202825 3.36702913E-03 -0.204187751
 635 -0.119643152 -9.48266685E-02 -0.670653105 0.455369145
 636 0.460039735 0.503138006 -3.02982330E-03 0.598817229
 637 -0.489563525 1.61082649 0.487262636 -0.416103750
 638 0.592546701 1.18372643 -1.39149594 0.643488407
 639 -1.91885161 -0.725987732 0.341042310 1.04923439
 640 -0.583100438 0.545112491 1.40237510 0.357807428
 641 -0.653861225 -1.33998299 3.28177586E-02 0.350567520
 642 -1.98226333 -4.97829169E-02 -0.873424530 -0.858720660
 643 -0.785198510 0.190544412 1.18854809 1.20936871
 644 -0.740979612 0.107608080 0.738928318 0.972021937
 645 0.460463285 0.230462372 -0.860691547 0.375883102
 646 1.27432907 -1.14388657 0.941432297 1.08177400
 647 -0.550782323 1.40617275 0.338686347 -0.563800812
 648 0.799362302 0.236107543 -1.12994421 0.835381746
 649 -1.46376169 0.545986593 0.305774450 -9.36334878E-02
 650 -0.502277434 -0.580579758 1.00656760 0.301322043
 651 0.878259420 0.801813304 0.779455781 -0.661541522
 652 -0.742794514 1.55064809 0.824990749 0.873440444
 653 -0.124642089 0.720763862 0.488972962 0.662782073
 654 0.736865878 1.57740152 0.632889867 0.121352136
 655 0.726454556 2.16835928 -0.516822875 -6.16548657E-02
 656 0.618604720 -0.785485089 0.544319093 0.288159460
 657 -2.05921459 0.582675874 1.05764961 7.16620907E-02
 658 -0.806826115 0.692098141 1.21410370 -0.471391201
 659 -0.708885193 -0.907678008 6.25874400E-02 -8.16119164E-02
 660 2.08253670 1.41988146 0.433382094 0.405723214
 661 0.526234627 0.250827491 1.50863838 0.641126990
 662 1.44617248 2.20512342 -1.56183743 0.218578532
 663 0.122479767 -1.92810249 -0.276048928 1.47012246
 664 -0.349167585 -1.13550663 1.21477342 1.90547395
 665 1.33939338 -0.496798933 0.234030247 0.455692559
 666 -0.504591942 -0.129716605 -0.115276307 -0.699384332
 667 0.637719274 1.20179749 0.733427107 0.660634995
 668 0.388488859 -1.05448890 -7.88138062E-03 0.262840897
 669 2.07558441 -0.719956160 1.10913888E-02 4.63125855E-02
 670 -0.598671794 -2.24046779 0.595761120 0.634071648
 671 0.536792099 -1.06189287 -0.175471783 0.590918183
 672 0.928088248 1.56294000 -1.01084757 -0.866222918
 673 -0.520819306 -0.645281017 0.604653120 0.693909705
 674 0.431983143 1.73201752 0.247206584 0.187858522
 675 -0.537725329 0.237233400 -0.839415193 0.540753007
 676 0.323460996 -0.734563351 -0.829570174 1.06755733
 677 0.712627947 0.160719573 -0.106897064 0.575954676
 678 0.843599439 -1.06987882 0.103833601 0.565367758
 679 -0.488705575 0.859973669 1.06629503 0.538404346
 680 0.772821426 0.756175995 0.805513442 -0.516554594
 681 -1.89132333 -0.603499949 -5.90777397E-03 -0.457697868
 682 0.937234700 -1.31556201 -0.685602486 1.88697040
 683 0.910278440 9.30528343E-03 0.588386059 -0.605095208
 684 -0.814446092 -1.00802994 0.850246906 0.488818169
 685 0.159154624 0.738931298 0.326469660 1.61140692
 686 -0.944598794 -1.55649269 0.521267653 -1.09862149
 687 -1.40673280 -0.633825719 1.06603301 0.840275824
 688 -1.65651178 0.725291908 1.21103406 0.704750657
 689 -1.01351571 0.798809528 2.01855755 -6.48674220E-02
 690 -1.12453103 0.588389575 -0.387002826 -2.32345313E-02
 691 0.421588719 0.596703410 -0.339548618 0.566393137
 692 -1.96091735 -0.220725238 1.26135302 0.306848884
 693 1.08736062 -1.06203258E-02 0.446132064 0.553357065
 694 1.07355857 -2.61452770 -0.833960235 -0.275367767
 695 2.26427205E-02 -1.43018317 0.819055498 0.274458408
 696 -1.11384082 1.60932398 0.948095143 0.445990801
 697 -0.213845879 0.150248349 0.682385325 0.152619585
 698 0.985814452 0.225994989 -0.482047975 4.01288271E-04
 699 0.411082357 -0.470988244 0.421578944 1.14433849
 700 2.20478725 0.138356149 1.11918640 4.19535190E-02
 701 0.235362381 0.464036882 -0.310514688 0.663624287
 702 -1.85587454 1.29179418 0.642249525 0.465198219
 703 1.04184783 -0.236720338 0.218317658 0.109232143
 704 -0.459691167 0.785784662 1.29790604 0.646961749
 705 0.215839103 1.27841032 -0.174650759 0.661401033
 706 0.692227900 1.48318148 1.06177437 0.402922451
 707 1.46928191 -0.442928255 0.682840765 0.616929233
 708 -1.66688633 1.89961076 1.34910941 0.568325758
 709 0.510272980 -0.949217916 0.630168140 0.392786056
 710 -1.20409191 -0.253764361 0.960446060 0.266596407
 711 -0.230740219 0.354597598 -0.655405641 1.39303172
 712 -1.46129942 -0.498127013 1.10040784 0.140109271
 713 -1.71173406 -0.291109324 1.60077941 -0.374890029
 714 -1.30465627E-03 2.17798710 0.865067124 1.74133301
 715 0.158911049 -2.23569050E-02 -4.87676263E-03 1.15579629
 716 0.767398357 -0.944706321 0.559743285 1.53844225
 717 -1.90965497 0.138462514 0.300705642 0.462868929
 718 -7.58477151E-02 -2.03233957E-03 0.253756911 1.83988881
 719 -2.34043050 0.343025804 0.304514110 -0.246127337
 720 -1.56941295 1.48189020 -0.211241499 1.23216772
 721 3.59425917E-02 0.123194858 0.941572309 1.05857921
 722 1.01131654 -5.43003976E-02 0.380780905 0.506131589
 723 -0.422028512 -0.774288833 0.157576740 1.34135020
 724 1.25408316 -1.04541409 -6.16130233E-03 -6.10403866E-02
 725 -0.345721841 -1.64726055 0.676389575 5.30924648E-02
 726 0.403688967 -0.166186273 8.98798630E-02 1.51854932
 727 1.02167094 -1.82163978 -0.485388458 0.399125099
 728 0.881696641 -0.787102103 -0.240482271 -0.781311750
 729 -0.643410563 -0.573511541 1.32908356 0.676711500
 730 1.63233018 -0.323776066 0.580981910 0.686100602
 731 0.390477687 -0.654083610 0.277364492 -0.426549375
 732 1.22304749 -0.125630006 -0.176668778 0.125624463
 733 0.126381785 0.224891186 0.233717173 -6.73723221E-02
 734 0.218077943 0.189531788 -0.243234068 -0.183844581
 735 -5.87873161E-02 -1.40259159 2.99690459E-02 1.32152331
 736 -0.431888193 1.14741635 -0.366554767 0.458922207
 737 1.01366079 1.03630137 0.581268132 0.967931151
 738 -1.53231728 -0.680062890 0.230514139 9.42430720E-02
 739 0.232056826 -8.93971920E-02 0.805004597 0.542719722
 740 1.42662430 0.151916400 -1.00265455 -0.589694440
 741 -0.595949829 -0.214597791 0.101540923 0.256624818
 742 0.511945128 1.90235600E-02 1.57752109 0.529843450
 743 1.41622233 0.178633317 -0.102167390 0.890801251
 744 2.10576820 -1.43862498 -0.599057794 0.885788083
 745 1.58712530 8.98357928E-02 9.87873599E-02 -3.26000899E-02
 746 0.278691024 1.71999931E-02 0.508512735 -0.489014208
 747 -0.934723079 -0.777986765 -0.589059711 1.12425745
 748 1.81768012 0.974600136 0.875776589 0.705958247
 749 0.115070269 -0.342735261 0.621693611 0.826232314
 750 8.39114860E-02 -0.514775157 -0.539835572 1.37093532
 751 0.794973969 0.323127091 0.419064552 0.283782721
 752 1.98753023 -0.450831681 0.355523109 -0.848572373
 753 1.26855421 -0.650347471 0.716802776 -2.64870822E-02
 754 0.745810747 0.131393850 9.37049091E-02 -0.664832532
 755 -1.22195590 -0.148870528 -0.353899091 1.07774413
 756 0.115356490 1.95407796 -0.584035158 -0.336100638
 757 0.196083039 -1.51699471 0.310054660 0.504427731
 758 0.414099038 0.897069991 -9.04716700E-02 1.37746274
 759 0.354920447 0.302722692 -0.270875543 1.27482975
 760 1.31820560 0.590919971 -1.25888836 -0.843250215
 761 -0.477988392 0.381888181 1.24378955 0.774831235
 762 1.84338391E-02 6.63077831E-02 -0.488840520 0.712615013
 763 1.10601139 -1.16332781 -0.336690277 0.539606690
 764 -0.213242948 -1.31487620 -0.184689254 0.398068428
 765 -0.543111205 -0.849823892 -9.32607725E-02 0.734070182
 766 0.216618687 -0.121016920 0.146042705 2.03535706E-02
 767 0.822383165 -1.46363950 0.152230084 -0.137427121
 768 -0.568037212 0.333391845 0.562516928 0.947026730
 769 0.538463414 -1.50971770 -0.124037579 0.518922091
 770 -0.746847451 1.82579565 0.265320390 -0.585521460
 771 0.125407964 0.206074476 0.546690583 8.37101191E-02
 772 1.44292974 -0.156638235 0.631027937 -0.375893831
 773 0.102180183 -0.937556386 -0.133222431 7.37556815E-03
 774 0.757284343 -1.29736197 1.02255642 1.59389567
 775 -0.328182340 0.875700653 0.499575019 -0.480061352
 776 -0.425342172 0.681815386 0.612952113 -0.577882290
 777 1.07444060 -0.772104263 -0.137944937 -0.622694552
 778 -0.424314231 0.226285815 -0.522498727 -7.02837706E-02
 779 -0.767107904 -0.230312288 -0.988629103 1.17647696
 780 0.483255476 0.329627514 0.931977391 0.927603602
 781 -0.563060403 -0.407718599 0.109674588 0.461003780
 782 -0.716503143 -0.918085814 1.13846290 0.171193495
 783 0.886402011 0.240464762 -0.428216636 -5.26031256E-02
 784 0.721023560 0.122365728 -0.426456749 0.723868728
 785 1.88598406 -0.358289272 -0.766422331 0.537779689
 786 -1.17072022 0.508805156 -0.693143427 1.28035176
 787 -2.60451809E-03 0.494714588 -0.336472839 -0.824571788
 788 -2.05020189 -0.147286206 0.967038929 -0.400358200
 789 -1.86224723 0.392634571 1.30412197 1.21202481
 790 -3.14176679E-02 -1.04513419 0.689567268 0.751171350
 791 1.17854142 -1.52043724 -0.108601198 0.536284029
 792 -0.767940402 1.01157510 -0.805176616 7.90654421E-02
 793 -0.738186598 1.26343405 0.385064721 1.37074995
 794 0.301877111 0.906220913 0.363280952 -4.90948558E-02
 795 0.915259302 0.851574540 0.935600460 0.237782836
 796 0.239204735 0.998382688 5.00195846E-02 1.41256106
 797 0.877354801 -1.09884715 0.362283230 1.85172415
 798 -1.51929200 -1.00415516 0.198381126 0.705522716
 799 -1.05642188 -0.465542197 0.477779657 7.66478404E-02
 800 -1.46135688E-03 2.19847226 0.587224603 -0.196490079
 801 -2.19110370 0.784518957 0.880092263 0.504922450
 802 5.19627407E-02 5.71625046E-02 -0.279035449 0.599694014
 803 0.221369028 -1.65054607 1.01757026 9.31926817E-02
 804 -0.601806998 0.128789291 -0.896963358 -0.706488252
 805 0.673288524 2.15079141 -0.195065230 1.53827488
 806 -0.190763026 -0.343816459 0.280498624 0.159379125
 807 -0.857265770 -0.240791902 -0.154514253 -0.381507099
 808 -1.64335513 0.600204527 -0.289845973 0.393466711
 809 0.960721135 -1.08694780 0.978760719 -0.278151125
 810 -0.747273088 -0.693259835 4.58449423E-02 0.568490922
 811 1.98096955 -0.894375265 0.665265679 0.115876488
 812 0.709889293 -1.07252038 3.21768411E-02 0.651921630
 813 0.269659072 0.648856223 0.453189969 0.827511609
 814 0.603557169 -0.177097529 1.71037042 -0.148311839
 815 2.32349932E-02 0.830093443 0.879632294 0.155427307
 816 0.126983777 9.21037644E-02 0.251674801 -5.65131754E-02
 817 0.467391998 -0.313792467 0.761658549 0.375699222
 818 0.934765220 0.145803258 0.739587367 -0.407469988
 819 1.43941295 -0.609168828 0.614770293 0.460702181
 820 -0.284855217 1.64253306 0.243820518 0.750555694
 821 0.913402796 -1.20083284 0.125676408 1.77307534
 822 0.589528441 0.608449578 -0.138581842 2.31669396E-02
 823 0.259986758 0.737166643 2.01380551E-02 -0.134972483
 824 0.816255569 -0.145844132 1.12218261 -0.724235415
 825 0.308796853 -0.316666365 -0.400516540 9.31670219E-02
 826 3.68908644E-02 0.719016135 0.939359605 0.293163776
 827 -0.392654538 -0.155787513 1.46857512 -0.716304004
 828 0.210017487 0.669710040 -0.324279815 0.446011722
 829 0.761728287 0.685478747 -0.622600675 1.97772777
 830 -2.29092389E-02 1.00128710 -0.203987613 -8.33439082E-02
 831 -0.400578141 -0.188248441 0.464296907 1.11185586
 832 1.66602290 0.116375789 0.755242407 0.282350719
 833 -0.997155368 0.722461522 -4.14629318E-02 -0.227107957
 834 -0.675192297 1.12536609 1.50411129 -0.210239783
 835 -0.463934213 1.17199838 -0.122200310 0.810811460
 836 -1.53895426 0.287145972 1.28242457 1.55487514
 837 1.04108644 0.269633144 0.251892358 0.254005820
 838 -1.19904113 -0.304265887 0.295156032 0.519618630
 839 -1.52634299 1.04297650 0.819007039 -0.252048194
 840 0.251437306 -0.359327734 0.970388591 1.15698528
 841 0.415000558 0.788282871 5.53515032E-02 -0.463171840
 842 -0.346604109 -0.963599205 -0.443023086 2.01538539
 843 -1.20584261 0.758482099 0.110474624 0.628062010
 844 -0.580657721 -0.400914788 0.755605459 1.35767341
 845 0.948959053 -0.362296522 -0.122718513 1.07319784
 846 1.36315548 0.873449504 -0.154429272 1.11416817
 847 0.930069983 1.61745000 4.03458327E-02 -0.230173752
 848 1.84613609 0.382925332 -0.872937441 -0.166323632
 849 4.01368290E-02 1.06714404 5.10312095E-02 -0.717565060
 850 0.248702973 0.255033910 0.111094333 -0.233157203
 851 -0.739591122 -0.759225011 1.16718233 0.871690691
 852 0.462277174 9.80368480E-02 3.52090560E-02 0.870007098
 853 0.371329725 0.273382068 0.213631570 -0.390738338
 854 0.915640593 -1.19570374 0.520134747 2.21018052
 855 -1.01206529 -2.85401642E-02 -0.156151012 0.384898603
 856 1.60581112 -0.477638334 0.389510691 1.15769613
 857 2.07481241 -1.65867925 0.807311535 -0.560273647
 858 -0.856803298 0.251811475 0.568808317 1.70030987
 859 0.122496866 3.14224720 1.32262707 -0.533658922
 860 -0.764692545 -0.215284407 0.874006748 -0.333906740
 861 -0.915359080 0.482493252 1.88444853E-02 -0.247260705
 862 0.765357852 -1.07536805 -0.265677601 1.80538416
 863 -0.109031178 1.47077250 0.752407610 -0.653124213
 864 -0.156831652 0.537515879 -0.632358730 0.195386350
 865 -0.198517859 2.25407600 0.228610083 -0.759452641
 866 0.717143238 7.16257095E-03 0.976836085 -0.627964795
 867 -0.779452682 -0.826420903 0.414469510 0.203703746
 868 -0.804797828 1.64898574 0.515796006 -0.624781132
 869 0.647355080 -0.382947177 0.331135541 0.209626272
 870 1.29582739 -6.12245947E-02 0.104797572 0.611615777
 871 0.436336607 4.16770577E-04 -0.274572134 0.106733128
 872 0.342237711 -0.605942667 -0.234258473 0.893483162
 873 1.19680691 -1.68590236 -0.469850421 -0.524963260
 874 0.230085403 0.715378463 -1.20477366 -0.950273395
 875 0.556570947 -0.258494914 -1.08706880 0.738123238
 876 -0.697197139 1.00154233 7.87642896E-02 -0.235214934
 877 -0.633655369 0.613791585 -3.27599496E-02 0.408611596
 878 1.71772933 -0.924711108 -0.241099671 0.520629644
 879 -0.115619153 -1.55453122 -0.163486168 1.44630480
 880 -1.46975195 0.425977528 -1.03628635E-03 0.266850173
 881 0.708662450 -2.38399744 1.53987873 -0.430835545
 882 -0.526371837 -0.353274345 0.776208937 0.163964987
 883 1.36689711 -0.278889000 -0.420544565 -0.700981021
 884 -0.587326646 0.201603577 1.48828161 0.950944066
 885 1.57513976 0.428183049 -0.100416034 -0.728886247
 886 2.05288792 -0.341236353 1.14722717 0.275759071
 887 0.417026937 0.526454449 4.73141335E-02 -3.06780711E-02
 888 0.115324311 -1.34126878 0.673879385 0.988575280
 889 0.412802637 -0.951765001 -0.174323931 0.323423684
 890 0.348301381 -0.533430636 1.01124561 -0.640936553
 891 0.400226772 -0.152142048 -0.201021954 1.00371611
 892 1.56493354 -1.03901947 0.111778609 0.827850521
 893 -0.755368829 -1.96888721 0.298554271 0.406332791
 894 -0.587966561 -0.847419977 0.749989867 -0.838870168
 895 0.162535548 -0.485793650 -8.48725289E-02 -0.227122724
 896 2.22410464 1.18203962 0.576285064 -0.462715149
 897 -1.23166144 -0.492856771 0.577136099 0.941630661
 898 0.945140064 1.62046933 -2.00945950 -0.388518929
 899 -1.64981008 -0.184997633 -0.171187669 -7.50987679E-02
 900 0.489255875 -1.05682933 -0.522449732 0.646973610
 901 -0.627567112 -1.31689203 0.188901231 0.372896910
 902 -1.51815987 1.41314447 0.559201717 -0.871612430
 903 1.77296102E-02 -0.552454114 1.06853461 -0.144418418
 904 0.148945928 0.352109522 -0.821006715 0.901369452
 905 -0.997001410 1.47994423 0.286620229 0.224085957
 906 -0.130733073 -2.34829569 0.398981273 0.184574008
 907 1.07620192 -1.14419901 -9.40422714E-03 1.41641927
 908 0.905165613 -0.357023984 -0.472267091 0.493980557
 909 -0.574185848 -1.42286336 0.550702512 -0.191144601
 910 1.49148703 -0.883139610 -0.858119428 1.10528111
 911 0.270853192 -1.16634512 -0.363358468 -0.304346710
 912 0.767766356 0.225352377 0.313677698 -0.426553428
 913 -0.597391307 -1.23442721 0.761686027 -0.156818181
 914 4.57468778E-02 2.05861235 0.551950872 -0.245713100
 915 -0.889254034 -0.121707976 1.23276699 0.725129783
 916 -0.193360597 -1.47613716 -0.774507582 0.264743328
 917 -0.487159252 0.623109460 -0.360760093 -0.277265370
 918 -1.67917907 0.782964647 1.22925007 0.115371563
 919 0.646266401 2.23740387 0.496914983 -0.354285896
 920 0.371948391 -0.568568587 -0.806641877 0.768575311
 921 9.03721154E-02 -0.636014223 -0.391492307 0.666756988
 922 -0.719143510 -0.498120844 0.168932647 0.965502024
 923 0.522122264 0.289525360 0.982388496 -0.209308818
 924 -0.817728639 -0.435973138 0.348307639 1.18116689
 925 1.19905674 -0.952080011 -0.917657435 -3.43853980E-02
 926 -0.415033907 -0.329355896 0.873051465 0.529617965
 927 0.643289208 0.482401609 0.381133288 0.452553034
 928 -1.71387517 -9.71463472E-02 1.04331958 -0.976672411
 929 0.795903981 0.736400664 -8.27804357E-02 -0.413713336
 930 1.33525193 -1.22855306 -0.178008035 -0.230588317
 931 1.23763216 -1.14845502 0.794813991 0.115054131
 932 0.750622511 -0.738040805 0.364423037 0.393710524
 933 -0.133917972 -1.78944886 0.161171585 0.342399776
 934 1.95150948 -0.407363653 -0.486398339 0.968627572
 935 0.862721324 0.286330223 -0.232790098 0.837644994
 936 -2.52703381 -1.34050131 0.568265140 0.685816050
 937 -0.322410703 -2.19911039E-02 0.830541253 -0.268843412
 938 0.442222953 -1.70850921 0.586694360 -0.567200541
 939 0.829270840 -0.243528068 0.342184097 -0.173573807
 940 0.146898255 1.30752587 -1.64771616 0.382201016
 941 -0.976928234 1.45221066 1.13534534 1.54966295
 942 -0.382596076 0.294195890 -0.201516390 0.338523805
 943 0.309338152 -5.68435676E-02 0.125172079 0.366387129
 944 -7.12330788E-02 1.46700943 1.08328307 -0.804522157
 945 1.00947285 0.287663698 -0.467850149 -0.148045436
 946 -0.520631135 0.805534184 1.58838779E-02 -0.523102939
 947 -0.171816021 1.51964974 0.623601615 1.03317678
 948 -0.123295061 0.798193932 0.173336387 -0.322632104
 949 1.73262513 0.198433012 -1.40749133 0.159191385
 950 0.936485887 -2.68394756 -0.362506330 0.848582625
 951 1.72117543 0.554289401 0.778793931 -0.766255081
 952 -1.25029826 0.531660020 -1.90262906E-02 4.74308580E-02
 953 2.31218791 -0.764135003 -0.900202334 -0.177907839
 954 0.131790563 -4.15777564E-02 1.43710935 0.546987474
 955 -0.156950071 -0.119158313 0.210201785 -0.520011663
 956 -0.456232011 -0.373505443 0.181461751 1.33627820
 957 1.18085432 -0.419418246 -0.149109721 -0.688327968
 958 1.29421425 0.269358277 -0.760400236 0.530283093
 959 0.443144202 0.220952034 0.978708327 -0.231437534
 960 0.804303050 -1.18266118 0.230886102 0.940095782
 961 -0.504234254 0.106887177 6.11024946E-02 1.01375377
 962 0.869953871 0.786110103 0.111965388 -0.404383302
 963 -0.497172445 0.512745142 0.588829458 -0.201109499
 964 0.226297185 -1.11919641E-02 5.11627793E-02 1.00747609
 965 1.19621885 -1.33083498 9.02852863E-02 0.435385734
 966 -0.596888602 1.35685420 -0.401399612 -0.642176211
 967 0.986664176 -4.00869250E-02 -1.06912160 0.885107756
 968 0.703933656 -0.471507400 0.867752314 7.85540566E-02
 969 -0.212733164 0.372145653 -0.639424443 0.599613905
 970 2.03550935 0.974029005 -1.10395908 0.199980274
 971 -0.320140719 -0.676807761 4.61629853E-02 0.697244108
 972 0.590169668 1.41903758E-03 1.00987554E-02 0.257099450
 973 0.432614446 -1.62259281 0.310797811 -0.347539991
 974 0.768058121 0.458169162 -0.154353872 -0.266486883
 975 -1.59897435 0.275186956 0.255133897 -0.582810044
 976 0.302558362 0.818141580 -2.76441127E-02 0.570075810
 977 -1.85364485E-03 0.455783039 -0.860490143 -0.604154587
 978 0.809927106 -8.50485563E-02 0.505836666 0.591641665
 979 -1.04862690 0.822746992 -4.50301617E-02 -0.316545546
 980 -0.641953290 -2.63475943 -0.575679183 -0.176749259
 981 0.921229124 -0.186468244 -9.40574184E-02 -5.71863204E-02
 982 -0.877216816 -2.73639226 -4.09790426E-02 0.302884698
 983 -0.327355295 -0.281016648 0.296353698 1.08084381
 984 -1.27643943 -1.07173085 0.546677947 -3.96922231E-02
 985 1.30813384 -0.756074846 0.748768687 0.842868507
 986 -0.593735099 -8.78420472E-03 0.325242221 -0.675424457
 987 -0.204082340 0.599276006 0.403964996 -0.646011055
 988 0.616789520 -0.597038865 -0.658888280 -6.16967678E-02
 989 0.182702154 -3.22323591E-02 -1.27886677 0.345500588
 990 0.568092585 0.200460941 -0.444031656 0.777898014
 991 -0.524248183 1.16902494 -0.385187298 8.77002478E-02
 992 1.57686245 -0.280116081 -0.655329525 1.24804962
 993 0.328297824 0.541656613 1.92485642 4.83237654E-02
 994 -1.62611532 0.959042788 0.689005733 -0.313180566
 995 1.50461447 -0.801117241 -0.796217978 1.34144175
 996 0.765581250 0.672362208 8.38739574E-02 -6.86944872E-02
 997 -0.225489408 0.655895233 0.170179397 -3.81669700E-02
 998 0.883350611 -0.521003902 1.63426958E-02 1.10494876
 999 1.27430010 0.288402975 1.95416403 1.45934868
 1000 -0.364023536 0.277890444 0.106602550 1.43919361
 1001 0.622426927 1.20087242 0.202996686 0.584778726
 1002 -0.855696201 0.448185831 0.309125125 -0.279828370
 1003 -0.722037077 0.298851550 0.785986006 0.408526480
 1004 6.55649751E-02 3.50064039E-03 0.660470903 0.468985260
 1005 -1.87006009 -0.702468514 0.371515840 0.297565311
 1006 -0.494860709 -0.399556339 -0.544172227 -0.441115320
 1007 1.53966928 0.697431564 1.36183834 -0.341895372
 1008 1.89784026 -1.21374214 -0.685296535 -0.385343760
 1009 0.521926463 1.24053526 -0.246755898 -0.681371629
 1010 0.302077442 -0.182696879 0.643732071 0.586772442
 1011 0.139831379 -0.577009678 -0.240716070 -0.736225903
 1012 -0.776241601 1.27411294 1.07232738 7.20699579E-02
 1013 -0.689981818 0.873885214 0.154871598 0.996683776
 1014 -0.570051730 1.08590341 -3.11169475E-02 -0.666743040
 1015 0.244878292 0.901895642 0.658185899 1.19340396
 1016 0.130581558 -0.934971273 0.693944395 0.445380032
 1017 -0.772982359 0.741977334 0.474696666 -0.785284460
 1018 -0.523876190 0.948059142 1.15931892 -0.255211890
 1019 -0.135302261 -1.67047167 0.191811860 1.22289705
 1020 5.89446276E-02 0.469988585 -1.09307134 1.31263983
 1021 2.03672814 -0.586375833 0.301656544 1.22456586
 1022 -1.51649463 -8.59358236E-02 0.637924016 -5.83491474E-02
 1023 6.25386685E-02 -0.981320441 0.363391846 1.04422617
 1024 8.09666514E-02 -6.46780729E-02 2.13588595 -0.229120210
 1025 0.819984138 -7.75599480E-03 -0.816565096 0.169072241
 1026 1.23054028 -0.561891139 0.738512993 -0.604197025
 1027 0.624010563 -0.968150258 0.981615305 1.17995834
 1028 -0.947794437 0.334696174 0.398595512 -0.531471491
 1029 -0.897769034 -1.02357066 -0.992459476 0.998111546
 1030 -0.596772313 0.994362116 0.947241187 8.24907720E-02
 1031 -1.24915314 0.583671331 0.549930990 5.68204224E-02
 1032 -9.85216349E-02 1.51669645 0.397809148 1.03645527
 1033 0.184909075 1.16469860 -0.444262803 -0.557861805
 1034 -1.04260170 2.37690210E-02 -2.29668546 1.36091232
 1035 1.25533760 0.832683802 -2.21805167 1.54718781
 1036 -1.99437928 -1.32151473 -1.11006188 -1.13494229
 1037 -7.56689012E-02 -0.697165132 -1.05937052 -0.630529344
 1038 -1.69090235 0.465805888 -1.81688225 0.292799175
 1039 0.459613472 1.02466404 -1.68680644 0.386474431
 1040 -1.81404066 1.47928190 -1.90674198 0.222104758
 1041 0.580598593 1.22232389 -1.63948464 -1.05424953
 1042 -0.541432500 -0.406925619 -1.34835029 -0.123587646
 1043 0.123622358 -0.220698014 -1.64875305 -0.525316417
 1044 -0.671463788 -1.69983828 -1.34887195 -0.869627357
 1045 1.78942657 -0.376010567 -2.46802974 0.130078673
 1046 -0.629123926 -0.582832217 -1.59394979 -1.23864859E-02
 1047 -1.68364346 1.27564216 -2.58395028 5.46297766E-02
 1048 -0.117658958 -0.436541677 -1.55238628 -0.790440202
 1049 0.282861829 0.709993601 -1.86404526 0.137620956
 1050 0.186180532 -9.23798680E-02 -2.16216373 0.600780964
 1051 1.06905937 0.789325237 -1.99051750 0.155735910
 1052 5.31440675E-02 -1.03039742 -1.46587503 -1.07196796
 1053 -0.158785507 0.649908900 -1.24272442 0.153065324
 1054 0.761921406 0.894088984 -2.12967825 4.64420170E-02
 1055 -2.78239727 -0.117708698 -1.30325103 1.92799175
 1056 0.261062175 0.788148344 -2.12654161 -0.264512688
 1057 -1.53698814 -0.218037397 -1.12869787 -0.646995366
 1058 4.37098108E-02 -0.192890182 -1.50061166 -0.733774960
 1059 -0.807832420 2.34099531 -1.49195731 0.126090974
 1060 -1.71812379 2.51298833 -1.64868617 0.241512731
 1061 -0.149813294 2.58451775E-02 -2.29968548 -0.238345087
 1062 0.427378953 -0.321143955 -2.05131745 -0.784789026
 1063 -1.19669616 -0.528896570 -1.73017120 -0.724086523
 1064 -0.362985849 -0.377989441 -2.20155287 -1.10970378
 1065 -1.46850324 -0.405217648 -1.67354763 0.320400715
 1066 0.205612913 0.255463630 -1.66470790 0.686686516
 1067 -0.965323687 1.11568606 -1.27502441 -0.159374624
 1068 -1.85771525 -0.198471084 -2.25792074 -0.590532243
 1069 -0.394674927 1.15181911 -1.58187437 0.542753339
 1070 0.443082631 -1.31897449 -2.70166564 -0.700026155
 1071 -1.15896487 1.28849697 -1.22471035 1.44377792
 1072 -1.96222639 -0.321134001 -1.98875833 -1.19798076
 1073 -0.629042506 1.19027674 -1.76957381 1.18069160
 1074 -0.704495549 0.429994464 -1.94560003 -0.701292098
 1075 0.138802409 -1.18222678 -1.43789160 -0.832172155
 1076 -0.465597808 -1.65146911 -1.51116991 -0.695715606
 1077 -1.01065660 -1.53382266 -1.82813799 0.333729476
 1078 -1.14175117 1.35639501 -1.59314585 0.164008439
 1079 -1.77603054 -0.227651983 -2.02928257 -0.696317196
 1080 0.220084891 0.384109616 -2.19401073 -0.139397830
 1081 0.394368559 -0.697186351 -1.81241798 -1.21386576
 1082 -0.997310877 -0.664106488 -1.82272148 -0.886075139
 1083 0.480183631 0.157129601 -2.26038051 0.171540022
 1084 0.722112477 0.214014053 -1.19351864 0.189354762
 1085 -0.203126997 -1.08453894 -1.98311639 -0.603210866
 1086 0.648628473 -1.28084254 -1.17576897 -0.223427966
 1087 0.753974319 1.70103419 -2.02688360 2.52820812E-02
 1088 -1.19612837 -0.113248073 -2.18425345 -0.689851463
 1089 -0.269044548 -0.484416902 -0.886311233 -0.782977819
 1090 0.947210073 -0.410986960 -1.79747748 -0.921604395
 1091 -0.411849618 -1.23995399 -1.83358014 -0.668798447
 1092 0.519634247 -0.126207933 -1.57785988 -0.729481637
 1093 0.157194719 -0.656148553 -1.84186888 -0.565295517
 1094 -0.107152879 1.52083719 -2.29114509 -0.517723203
 1095 -1.43800342 0.356040955 -1.32299554 -0.856876731
 1096 -0.557084203 -0.178272903 -2.71825171 0.346085310
 1097 -0.728934765 -0.469817877 -1.49292386 -0.978681386
 1098 0.297500908 -1.41840446 -2.08904076 0.200155497
 1099 -1.57592225 -2.90302113E-02 -1.55703962 -0.841580808
 1100 -0.383165151 0.241237581 -1.58479536 -0.803746760
 1101 0.492204249 -0.312539071 -1.56879163 0.231461138
 1102 -1.11089373 -1.05805945 -1.67518914 -0.513748765
 1103 2.75426960 -1.01442790 -2.55080247 -0.361946106
 1104 -2.73039818 -0.795777857 -1.22960424 -0.913431585
 1105 -2.58608675 1.47933209 -1.73774123 -7.85766765E-02
 1106 -2.50324965 7.64792264E-02 -1.42750406 -1.12556219
 1107 -0.856658936 -0.621921480 -1.91938031 -0.513291121
 1108 -2.75889850 1.92524171 -0.756845415 0.216281414
 1109 -1.09638274 -0.911080956 -2.26166368 0.174602419
 1110 -2.09107089 0.409610659 -1.62001014 -0.797846437
 1111 -0.845275700 -1.72287917 -0.564119577 -0.585216761
 1112 -1.94272816 1.09463620 -1.61160088 0.320408106
 1113 -1.08705091 -0.844834030 -1.55845392 -0.724693835
 1114 -0.915041268 -1.74245417 -1.86077952 -0.579957366
 1115 0.346047699 -0.231640503 -1.74350083 0.283440381
 1116 5.72931729E-02 -0.259836197 -2.20169640 0.529269814
 1117 -1.30161548 -0.293716282 -1.39529514 0.335244417
 1118 0.337962478 -0.493600011 -2.45747161 0.641780555
 1119 0.371151954 0.983788073 -1.76317286 -1.19538939
 1120 1.10939336 0.169164732 -2.29489732 -0.557870388
 1121 -1.19682360 0.593776345 -2.03359270 -0.885399759
 1122 -0.938692391 -0.957261801 -2.75121570 -0.749351203
 1123 -0.495591521 -0.447208166 -2.17634702 -0.127729475
 1124 0.960037708 0.570590675 -2.42535686 4.99629006E-02
 1125 -2.67876840 1.01883578 -2.04252601 4.30034101E-03
 1126 -0.660981834 -1.10081542 -0.790440679 -0.600013554
 1127 -2.28462100 -0.742798328 -1.35405779 -1.10123885
 1128 0.758386612 -1.19759667 -1.32918501 5.23716956E-03
 1129 -1.63026023 -1.81029713 -1.90196347 -0.209163547
 1130 2.52957344E-02 0.519064903 -2.37907529 0.335943401
 1131 -0.624966323 0.501865089 -1.38904536 -0.153257340
 1132 -1.02493477 -1.31326103 -1.96880174 0.282354772
 1133 -2.36366868 -3.96230519E-02 -2.64268875 -0.662874341
 1134 -2.13363576 -0.752549052 -2.14106321 1.57241511
 1135 -5.45221865E-02 0.439707398 -1.43046963 -1.20848036
 1136 -1.58549047 0.257546425 -2.12273431 -1.02458155
 1137 0.108852029 8.97367299E-03 -1.64358056 1.33432829
 1138 -0.650057077 -0.106019117 -2.17115021 0.209964752
 1139 -2.00322533 2.08844876 -0.973701537 -3.09075093
 1140 1.29564118 2.58107901 -0.986254930 0.565151691
 1141 0.752259076 1.17850614 -1.20275497 -3.01486230
 1142 -0.682823658 0.756538212 -2.26732159 -3.00187731
 1143 0.499984950 0.480863631 -1.97568512 -2.64326882
 1144 0.477106810 0.228529692 -1.47555268 0.726967692
 1145 0.325625747 2.21395302 -1.67814267 -1.66669786
 1146 -0.537179232 -8.38439018E-02 -1.32610118 -3.36201000
 1147 7.48629645E-02 -0.549207747 -1.57044554 -3.46632767
 1148 1.17092502 -7.43720531E-02 -2.03287911 -1.62669361
 1149 -0.460749626 0.611367106 -2.53100729 -2.99791670
 1150 0.515961647 1.02895916 -1.34964442 0.427046180
 1151 -0.327941656 0.908077002 -1.44815207 -1.14923930
 1152 -1.68990457 -1.14774990 -1.18100715 -1.50355601
 1153 -2.49637961E-02 1.33343458 -0.960517168 -1.57983220
 1154 0.328906119 -0.494898856 -1.06543064 -2.94076180
 1155 0.914784431 -0.845282197 -1.17059720 -2.96963429
 1156 -1.47789741 -0.316211909 -0.519122541 -2.53437805
 1157 0.143628031 1.01801872 -2.05502224 -1.43913186
 1158 0.178815275 -0.825825274 -1.14107931 -2.96884990
 1159 1.28779101 -7.08040595E-03 -1.45056486 -2.99463153
 1160 0.824199200 -0.570925236 -1.10918152 -1.22666764
 1161 -1.91245162 -4.89283800E-02 -1.47278774 -2.95051122
 1162 -0.578008711 1.15457773 -1.28280902 -1.31339955
 1163 -0.197793990 0.282270163 -1.72009349 0.439561725
 1164 1.58493638 0.672189534 -1.45411515 -3.28723621
 1165 1.88600373 -1.01668847 -1.52526474 -3.00219512
 1166 -1.38633394 -0.671677709 -1.47640491 0.423827976
 1167 9.17376950E-02 1.87095618 -1.39100468 -1.29550695
 1168 -0.394270122 -0.146707207 -1.68022466 -1.43594182
 1169 -0.938772142 0.211809874 -0.751700103 -3.58425570
 1170 -4.80324477E-02 1.47980833 -0.943544626 -2.52831936
 1171 0.313668609 1.83866346 -2.56396890 -2.93049288
 1172 0.321352899 -1.13913345 -1.11506367 -3.08537698
 1173 -0.487190336 1.71502697 -1.25603211 -2.51010776
 1174 -0.323511630 1.48582625 -1.23189509 -1.57080960
 1175 1.58698237 3.15211797 -2.28156185 -3.08146715
 1176 -0.749971151 0.574426889 -0.476253033 -2.84791279
 1177 0.563149214 -8.87332410E-02 -1.53344321 -1.11241901
 1178 -0.979716182 0.895935476 -1.51394153 -1.14042008
 1179 -1.92523003 -2.02559757 -0.731087446 -1.49330521
 1180 -1.04240322 1.06036913 -2.22674632 -2.80990434
 1181 0.501903653 -4.64645028E-03 -2.14982247 -1.49939156
 1182 -1.62319112 0.300681442 -1.70517993 -1.74436557
 1183 -0.911208153 1.53124094 -0.955576479 -2.99868870
 1184 -0.354413569 8.17522258E-02 -1.97821426 -1.25572574
 1185 -1.46722162 1.73302960 -2.52742028 -1.42280436
 1186 -0.708907247 0.540593088 -2.05493903 -1.85773408
 1187 -0.639359057 -0.145719588 -1.10862517 -1.14531267
 1188 -1.76202691 1.14301181 -0.605285764 -2.62790298
 1189 0.374735951 -0.432380259 -1.50011659 -1.31493342
 1190 -0.923080266 -1.44049728 -2.02875209 -3.18473220
 1191 -0.263871551 -0.754541397 -1.53881037 -3.04447293
 1192 1.79540801 1.58983016 -1.50331140 -3.01660490
 1193 -0.819660187 -0.167764112 -1.05640054 0.185772151
 1194 -0.531247318 1.79849243 -0.875051081 -3.31683588
 1195 0.105142385 -0.432728469 -1.44869494 0.114557147
 1196 -3.00262067E-02 -0.619751751 -0.929638386 -3.30799866
 1197 0.148272991 -0.260735273 -1.53038442 -3.18684697
 1198 -1.43152046 1.03366256 -1.74436677 0.617293894
 1199 -1.08281970 0.344820708 -1.88061106 -2.67668581
 1200 1.36121941 -1.24986959 -1.73226643 -1.23920572
 1201 -0.359624118 2.85541701 -1.41900277 -1.15709758
 1202 -0.986212611 4.26906729 -2.33447313 0.384911597
 1203 0.241801620 0.848921359 -1.19186807 -1.26169217
 1204 -0.329418927 -2.83859611 -1.75906408 -1.63993192
 1205 0.383103073 2.58098578 -2.28879690 0.498090744
 1206 0.791020691 1.08093119 -1.72087193 -2.81847048
 1207 0.482697368 2.60661817 -2.75402570 -3.22636962
 1208 -2.56822202E-02 -0.454167068 -1.80448222 -3.08214450
 1209 -0.952656865 0.875222623 -1.31449664 -0.863460064
 1210 -1.51280725 -0.238685921 -0.893449366 -3.23148942
 1211 0.672698379 1.47960818 -1.47329700 -3.27039576
 1212 0.751057029 -0.674613357 -0.963224769 -1.82435429
 1213 -0.615543127 0.576583505 -0.506940365 0.248966664
 1214 -2.19064045 2.70975304 -1.85241759 -3.22277427
 1215 -0.891838551 0.538497806 -0.892105341 0.365183979
 1216 -0.874696136 0.715794683 -1.67937183 -3.14143229
 1217 -0.920516312 0.770021558 -1.95593214 -2.88093138
 1218 -0.270612389 0.983613312 -1.90105367 -2.66825747
 1219 0.679781973 -0.873809457 -1.16416311 -0.912509501
 1220 -2.57858324 -1.01907861 -1.46295571 -1.34966671
 1221 -0.713647962 0.672858119 -2.42048526 -2.51826739
 1222 -0.603469074 0.131281272 -1.31206357 0.499289870
 1223 -0.629156113 1.99301660 -1.75251567 -3.17169261
 1224 0.394296795 -1.17246222 -1.60570049 -2.55017972
 1225 -0.930221915 -0.448525965 -1.04746556 -1.41614318
 1226 -1.15265501 -1.20764387 -1.81697071 0.317104667
 1227 -0.943771183 2.21388316 -2.00543928 -1.37431073
 1228 0.834945619 -1.31169891 -2.59538412 -2.92260218
 1229 0.704142094 -0.629824758 -1.47913539 -2.45882177
 1230 -0.702858984 1.11126494 -1.05545902 -1.42874753
 1231 -0.290314734 1.97245955 -0.409532964 -1.35330021
 1232 -0.459936470 0.374940217 -2.53333735 -3.17087317
 1233 -2.88600624E-02 2.08568335 -0.428655475 -1.72687232
 1234 0.181318134 -0.888483346 -2.58934808 -3.19691277
 1235 0.361058652 0.729701877 -0.781751990 -1.29308486
 1236 -1.11166072 0.423663884 -1.22528636 0.156385362
 1237 -0.166343868 5.05843908E-02 -1.27019751 -3.09175134
 1238 0.508579373 1.65417528 -1.82860827 -3.52548099
 1239 -0.973042488 -0.274785399 -2.81934333 -3.21315193
 1240 -0.253668457 0.909040451 -0.754388034 0.316714436
 1241 -1.02474201 1.00439787 -1.37397420 -3.22717261
 1242 -0.632623672 0.898607492 -2.09511805 -2.93768048
 1243 -0.349832475 -0.227199078 -0.327368736 -0.874730766
 1244 -0.374549627 -0.797151566 -0.208659545 -1.35185134
 1245 -1.40738201 -0.610354662 -1.26760852 -1.09155393
 1246 -0.788251996 1.23292899 -0.633178174 -1.31038964
 1247 0.508521676 1.07771504 -1.37971401 -1.66322708
 1248 -0.737587035 0.416014731 -1.64719212 0.453145742
 1249 0.600288272 1.22612929 -1.25257277 -3.06218123
 1250 -1.25615883 1.67205524 -0.249053076 -2.65506840
 1251 -0.958110452 2.69714713 -0.776815057 -2.78264546
 1252 -1.21894288 0.405744255 -0.606671572 -3.14901114
 1253 -2.95280027 1.60079598 -1.45907450 -1.22181058
 1254 -2.45278907 -4.10415828E-02 -1.97462296 -2.66557074
 1255 0.515972137 2.62871790 -1.46826148 -1.05641317
 1256 -2.27688932 4.81041718 -2.11206698 -3.02287364
 1257 0.462574214 2.70325255 -1.40701210 -1.43841827
 1258 -1.91932452 0.264549494 -1.21732259 -1.63827276
 1259 -0.530768275 0.371408522 -1.25532687 -3.14231396
 1260 -0.218986347 2.78025126 0.148515716 -1.60512280
 1261 -0.937214017 -0.153592795 -1.30249786 -1.30507886
 1262 1.15915644 0.821592152 -0.795939624 -3.31075788
 1263 -0.943007410 0.878250122 -0.280857325 -1.44846034
 1264 -0.423559904 -0.182154953 -2.69834781 -3.30746269
 1265 -1.04071379 -0.297611266 -0.790735960 -1.37138665
 1266 0.103316247 0.997144818 -1.24228501 -3.19444823
 1267 -0.530220389 -1.54202402 -2.11327577 -2.78822827
 1268 0.497505426 2.10275126 -1.28881311 0.212100238
 1269 -1.18172979 1.30956876 -2.12349796 -2.53915191
 1270 -1.66222990 -0.746967196 -0.634128928 -1.15673113
 1271 -1.04780054 0.710033357 -0.534780920 0.624452770
 1272 -0.784725070 1.37820113 -1.55775261 -1.10715246
 1273 -0.293790013 0.699609697 -1.80288506 -1.39640701
 1274 -1.55480444 2.64391565 -1.09636474 -1.30733502
 1275 1.94706023E-02 0.985134602 -1.60257769 -0.998583853
 1276 4.09317389E-02 1.25239825 -2.30805612 -1.22087824
 1277 -1.58974075 1.88738358 -2.23418045 -3.29068947
 1278 0.453130186 1.11989021 -1.47968757 -2.99218607
 1279 -1.88502824 1.53064966 -0.693862319 -3.28860307
 1280 -1.75135136 0.293606371 -1.50584221 -2.99767828
 1281 -0.117121056 1.86470377 -1.88422930 -3.22529793
 1282 -2.33390117 0.680790305 -0.757455409 0.486557901
 1283 -0.188292146 0.660526574 -1.36775720 -1.26498008
 1284 -0.272466719 0.575016081 -1.47364342 -1.12512481
 1285 -0.183702022 1.35089052 -1.90584636 0.425841808
