 1 0.747766376 1.16144609 -0.106559023 0.334174037
 2 0.540915728 0.664987683 0.211056620 0.575140476
 3 0.282650173 1.14622271 1.11791396 0.387224585
 4 0.848239481 0.386591733 -0.235984832 0.384678096
 5 0.229300812 1.29260564 0.464742303 0.635383189
 6 0.291288346 0.996772528 -0.417099893 0.559979439
 7 0.788116157 0.826901793 0.517294824 0.272403896
 8 0.373942554 1.55065572 4.50224802E-02 0.421646327
 9 0.291226894 0.364043444 0.242106169 0.493648797
 10 -1.27343941 -0.651934326 -0.261001647 0.534568727
 11 -0.727824867 -1.23381233 -0.704089224 0.479045987
 12 -0.319896579 -0.304050833 -0.199255630 0.516321898
 13 -0.464087367 -0.783045590 -0.466909319 0.602450371
 14 0.573309481 0.597168624 9.09594893E-02 0.455129355
 15 -0.320089877 1.96927059 1.10160887 0.579758704
 16 0.342506289 1.25712037 -0.136778608 0.398631990
 17 -0.463019490 0.702257037 1.16519189 0.314402223
 18 -1.18066144 0.856650293 -0.199593022 5.21523803E-02
 19 0.111227870 0.848604381 0.150257885 0.169643477
 20 -0.342744350 0.143713430 0.387862533 0.290494442
 21 0.304294199 -0.878769100 0.164944619 0.502207220
 22 -0.806717873 -8.53944123E-02 0.727693796 0.535541713
 23 0.464161903 0.645959854 -0.402010828 0.495663941
 24 -1.21078253 0.863751233 0.654280841 0.606332958
 25 -0.228763178 0.385800153 -2.25951485E-02 0.469057441
 26 -0.398282290 0.712341785 -0.149090275 6.39508441E-02
 27 0.848965287 0.110721074 8.01603124E-02 0.672486126
 28 1.48061192 -0.510731339 0.727410197 0.533187628
 29 1.16641152 0.706014156 0.323122591 0.396810532
 30 1.23574340 -0.276560605 7.45228231E-02 0.643147767
 31 1.23619938 1.10840976 0.624857724 0.634028316
 32 -0.413271308 1.32117903 1.05107474 0.517940938
 33 -0.967859924 1.39309669 -1.03923678E-02 0.369196415
 34 0.377200365 1.47349823 0.812668443 0.517687738
 35 1.00947618 1.76957154 0.285633087 0.562973499
 36 -1.31875682 -0.345904529 -0.444203377 0.574925601
 37 -0.708256006 0.582440376 -3.39985490E-02 0.385291785
 38 -2.30135173E-02 0.296119362 0.597278237 0.555689991
 39 -6.70306385E-02 -0.612747192 0.677971005 0.221880108
 40 0.410523921 1.18620610 0.955977798 0.187231869
 41 -0.214107558 -0.184293225 0.693414748 0.732580841
 42 0.219228059 -1.10937071 0.192141086 0.537338734
 43 -1.37714231 0.795028210 0.446656257 0.408210903
 44 0.497305363 0.480151176 -0.645743489 0.276817203
 45 0.744364917 -4.00138237E-02 -2.87261363E-02 0.336638629
 46 -0.894811273 -1.44096339 -0.179423407 0.472016215
 47 -0.420785666 0.925528169 0.436281562 0.346930146
 48 0.530978978 0.481063664 8.82165954E-02 0.573891759
 49 1.06568539 -0.157053560 -0.252430767 0.427278161
 50 1.11160815 1.05901825 -0.143234357 0.530933261
 51 0.119518638 1.25737524 -0.659110546 0.636973560
 52 -0.431418717 0.572639287 1.06957841 0.326732159
 53 -1.08447778 -0.170690387 0.193662032 0.623064101
 54 1.13676620 0.679711521 0.664632380 0.424723953
 55 -0.409794807 0.968309700 0.915758908 0.649319172
 56 1.82344460 1.06680107 -0.346735597 0.427091926
 57 0.689589858 0.126379564 0.909714937 0.418141663
 58 0.477033734 1.28799057 0.489401489 0.454713196
 59 0.230777219 -0.291902661 -1.59156695E-02 0.561345696
 60 0.286599278 1.20854723 -0.176623017 0.539751589
 61 -0.372671008 0.196169630 0.866724014 0.287480772
 62 0.409829110 0.715708852 1.21452641 0.578126192
 63 -0.369987100 0.826343000 0.758050859 0.493396431
 64 0.129934132 1.03766906 7.68045932E-02 0.438422054
 65 -0.171408027 0.742092013 0.307342499 0.405310512
 66 0.806466460 -0.102832809 0.708083749 0.411440581
 67 -0.195751786 1.04167616 0.404440850 0.525266886
 68 -0.512423754 1.08874071 7.95857459E-02 0.433755547
 69 0.442998558 -8.18716288E-02 -7.97356516E-02 0.615721405
 70 -1.11040771 -1.01291013 7.66670331E-03 0.604832411
 71 0.686712503 1.04538774 0.280315518 0.423449963
 72 -0.623248458 0.277913511 0.440996259 0.406247795
 73 0.176047891 0.280973315 0.970420420 0.543759346
 74 0.438458085 0.408195525 0.714719176 0.282146275
 75 -0.290389836 -0.710275412 -0.319649875 0.288656205
 76 -0.210946694 0.754594266 0.535642862 0.488729626
 77 -1.45270538 0.641868711 -0.101811163 0.360167027
 78 0.747069895 0.147740960 0.496032208 0.419942945
 79 1.01266682 0.744129360 -0.620350778 0.538664043
 80 -7.42632896E-02 -9.60801542E-02 8.00830945E-02 0.392454982
 81 0.184935316 0.146737427 0.574042797 0.476107806
 82 0.775630832 0.369837433 6.43891245E-02 0.621476769
 83 -0.346838981 0.383599520 0.142286554 0.603647113
 84 -9.79141295E-02 0.134723336 0.319665700 0.429512322
 85 -8.16299468E-02 1.14374316 7.76118487E-02 0.515604973
 86 -0.694474697 0.473242909 0.624005735 0.409087509
 87 -0.433617324 0.218094125 0.663772225 0.615539491
 88 -0.686686635 0.682252288 0.260273039 0.169914424
 89 -1.85169280E-04 6.26481771E-02 0.665504158 0.273481548
 90 0.260966897 0.980907559 -0.590901375 0.293059081
 91 0.592757106 0.906916738 0.546685755 0.214115143
 92 0.309598118 1.96947575 0.144219995 0.219896153
 93 0.935568452 1.30056369 9.65294391E-02 0.248242289
 94 1.09779000 1.21942210 0.713346601 0.634097695
 95 -0.806126833 -0.378197819 -0.205776438 0.468671471
 96 -0.340400547 0.883238733 0.360048413 0.383872360
 97 2.63324678E-02 0.206678405 0.842459857 0.410899848
 98 0.798954487 0.781992555 1.11654830 0.589271963
 99 0.904117942 0.775074422 1.00574291 0.449523300
 100 0.446436077 -0.396292865 1.15274930 0.540674865
 101 0.967963457 0.211051106 0.664802313 0.657528520
 102 0.157055646 -0.971606314 0.423475623 0.387823701
 103 -1.06483746 0.210338384 0.314808249 0.463461190
 104 1.17521906 0.973880589 -0.552545488 0.500513077
 105 0.872918010 0.752614379 0.705045819 0.484793395
 106 -2.01804340E-02 0.683644950 0.468911648 0.471136272
 107 0.911134660 1.84761035 0.457508892 0.129235327
 108 0.702500582 1.33049500 0.155869693 0.433720112
 109 0.872209907 1.87415853E-02 -1.92125961E-02 0.437862515
 110 0.463550508 -5.58488965E-02 0.486941516 0.565676510
 111 0.566411078 0.640201032 0.721687734 0.574902713
 112 1.15283442 0.381047398 0.663196683 0.441315264
 113 -7.23416805E-02 0.471443951 7.76176602E-02 0.657247066
 114 1.20243877E-02 0.988694847 -0.678456724 6.60973638E-02
 115 -0.747941971 0.558647692 1.21913254 0.218840003
 116 -0.398137033 0.821323156 0.945583403 0.583920956
 117 -4.94292453E-02 0.569177449 0.724471867 -7.36354291E-03
 118 -1.06935728 -0.657482028 0.101417631 0.510468423
 119 -1.05234110 0.147176296 0.440674722 -0.191716403
 120 -6.73962384E-02 -0.211759999 -0.108835988 0.101293616
 121 0.941787302 -5.47759384E-02 -0.169374987 0.250878721
 122 1.03840125 -0.485889643 0.273446321 0.226185501
 123 0.929423213 0.519961357 0.244766816 0.342493683
 124 0.403995991 0.186338723 1.03585577 0.482692152
 125 -0.393473297 0.276222557 9.39244404E-02 0.365347505
 126 1.31176972 -3.80385295E-02 2.21591685E-02 0.557010293
 127 -0.208455369 1.08197808 0.978680670 0.593015790
 128 -0.270749092 1.33358824 0.789701283 0.547716796
 129 -7.59363174E-04 -0.679040730 0.528357089 0.509923220
 130 0.574241936 0.512136340 0.418392360 0.289532423
 131 -0.618717968 -0.380403876 0.298794806 0.658864915
 132 -0.516381264 0.160931617 0.867945075 0.674239874
 133 -0.857354403 0.801193953 0.351944864 0.473281235
 134 0.509394526 0.476365983 0.172528222 0.161448404
 135 8.38389322E-02 1.44951856 0.351340353 0.751172662
 136 6.05810657E-02 4.62421849E-02 0.325946480 0.472266406
 137 -0.299573064 -0.161154330 -0.559081554 0.299609363
 138 4.80840653E-02 0.782036722 0.452296227 0.183370501
 139 1.53551543 0.398394495 -9.71983522E-02 0.708095551
 140 0.420439005 -0.436124384 0.257702827 8.99468213E-02
 141 0.639346063 -0.615284145 0.690312982 0.425856233
 142 0.727801442 -0.678815961 0.765914381 0.534586608
 143 8.02104548E-03 -2.62731314E-02 -0.463745803 0.410440862
 144 0.305342406 1.24860394 0.893891692 0.340036362
 145 0.241272569 0.707855701 0.197966188 2.72382349E-02
 146 1.81561148 0.643048346 -0.389885932 0.514538229
 147 -0.435303450 1.36670864 1.10518157 0.378744006
 148 -1.05764496 1.29096359E-02 0.756627500 0.533604085
 149 -0.765336633 0.721368849 -0.376483142 0.571693301
 150 7.60767013E-02 0.910966277 -0.170824200 6.78118691E-02
 151 0.587269664 0.755588770 -0.622855008 0.481793076
 152 0.941337585 0.854156375 -0.101390839 0.774021566
 153 1.63805807 1.19605637 0.229762912 0.384396046
 154 -0.752936780 0.500288010 0.299597979 0.565042317
 155 0.601084292 0.874151230 -0.342583895 0.530632198
 156 0.848989606 -0.102237903 0.100598715 0.348212540
 157 1.70146167 0.614976704 0.231187284 0.370722711
 158 0.339363366 0.110555485 -0.436361611 0.337773144
 159 0.707204998 0.756166518 0.169275224 0.469070047
 160 0.453166842 1.35671961 1.21623254 0.315812081
 161 -0.945345461 0.377185762 0.689224839 0.494591415
 162 1.08367503 0.471379250 0.111913055 0.383609027
 163 0.400412560 0.587798119 0.478899837 0.425917268
 164 -0.343893766 0.754043639 0.698147357 0.276712090
 165 0.353211999 -0.230055869 2.98467185E-02 0.463940769
 166 0.760649204 0.649052620 0.882451355 0.264759183
 167 -0.213730246 1.57017899 0.858159423 0.360299289
 168 1.19562733 0.484146327 -9.79446992E-02 0.501251817
 169 6.11881539E-02 0.826436341 -3.12614776E-02 0.334448725
 170 -0.928006411 0.886691272 0.551701069 0.544215202
 171 -6.00564480E-02 0.685642719 0.122294873 0.402793974
 172 0.219187915 1.06039476 -5.90561032E-02 0.576215982
 173 0.378555715 0.695577621 0.815446615 0.180993706
 174 0.562557697 -0.245930418 0.648352265 0.317258924
 175 0.212732419 1.66512191 0.879828393 0.488671631
 176 1.14001489 0.425260544 -0.269512028 0.309071869
 177 0.482180178 1.33148730 0.901709437 -5.24869859E-02
 178 -4.08652239E-04 0.815961719 0.578234673 0.435290456
 179 0.570199788 0.138833791 -4.17814702E-02 -1.64873376E-02
 180 0.588062525 2.25551009 0.634334505 0.614818156
 181 0.666406095 -0.749429882 0.624302268 0.617950857
 182 -0.294085771 -3.91362607E-03 -8.37858021E-03 0.374304026
 183 1.49690163 0.794329166 0.474862516 0.548361778
 184 1.32171953 1.08454835 0.837722480 0.369812906
 185 1.19832051 0.521766722 -0.667411566 0.383188128
 186 1.19352245 -0.147232354 -0.649887502 8.29897821E-03
 187 1.22525465 0.416528165 5.53138182E-02 0.346939802
 188 0.653934658 1.35256600 0.275084585 0.469998509
 189 -0.348693132 0.302716017 -7.32340738E-02 0.600399077
 190 -1.48491263 1.23244429 1.15942228 0.424715519
 191 0.319627166 0.623045027 0.132259652 0.597977281
 192 0.234570310 0.409179151 0.183398902 0.178440660
 193 8.34803134E-02 0.823910534 0.466750294 4.34867777E-02
 194 -0.549429417 -0.293942869 0.691311896 0.411750317
 195 0.606121600 0.961018026 6.56729266E-02 0.555391967
 196 0.390413672 -0.574443698 0.785068572 0.522776186
 197 -0.125295579 0.240716994 -0.191885352 5.47782853E-02
 198 0.101829901 4.15114611E-02 -5.65403029E-02 0.542855799
 199 0.259989470 0.607625544 0.473313928 0.313655198
 200 -1.14116108 -1.16376805 0.891912520 0.557033658
 201 0.123198941 0.591437995 0.722896695 -1.28355175E-02
 202 0.813406050 0.354031265 0.669280648 0.518759310
 203 -0.414085627 8.86913761E-03 0.492453337 0.630478144
 204 -0.419608086 0.212205335 -8.52067173E-02 0.521126211
 205 -1.06324100 -0.990674555 0.913961232 0.330530316
 206 0.186925024 0.611329496 -6.08803332E-02 0.172640920
 207 -0.695385695 0.118099220 0.168999255 0.127944052
 208 0.854339659 0.709224522 1.00338399 0.635490298
 209 0.824960828 0.530866385 0.766321242 0.513296187
 210 -0.196472034 -0.670523703 0.656500161 0.468758643
 211 1.24272394 0.106784210 -0.370947361 0.250675440
 212 0.419001073 1.81900942 0.768569231 0.526490033
 213 -0.292679429 0.108165428 0.618168652 0.588389695
 214 0.762477756 -0.400111467 -0.488852113 0.619002759
 215 1.05640757 0.736952722 -8.61099213E-02 9.43246558E-02
 216 1.65137005 0.571069121 -3.99709195E-02 0.450566173
 217 0.293977559 1.37445319 0.366471410 0.496820897
 218 0.356729329 0.372121751 0.231664777 0.543184996
 219 1.33360076 0.236468524 -0.268806845 9.41106528E-02
 220 -7.36954436E-02 0.655213594 0.930903673 0.471024215
 221 1.25422335 0.257495999 0.191432863 0.300080568
 222 0.562163651 2.38718963 1.27536869 0.583019018
 223 1.12926996 -0.283658624 -0.808182597 0.559258759
 224 -0.487080067 0.362070352 0.179619730 0.477147043
 225 0.169568852 0.544248462 0.583151579 0.538406014
 226 1.28698623 -0.542383015 0.243784845 0.603643835
 227 -0.600404024 0.368678629 0.616173327 0.393439233
 228 0.689836979 0.264286935 0.586956620 0.457680017
 229 -0.196604207 1.24969423 0.766754329 0.393132001
 230 0.684115052 -0.600592256 -0.311352491 0.533769250
 231 2.00394797 0.501486480 -0.356433123 0.142146781
 232 -0.163882986 1.44772089 0.108465478 0.485556513
 233 0.645877182 0.865055799 -0.231162965 0.367490292
 234 -0.158480212 0.613137484 -0.208427459 0.285202801
 235 1.64782774 3.86857837E-02 -0.274983764 -6.90889508E-02
 236 0.692344010 -0.862448871 0.195031255 0.137341291
 237 -1.47780645 0.789687753 0.361523688 0.451783359
 238 1.72835588E-02 0.344859630 0.370486677 0.472640127
 239 0.604410410 -0.346265435 0.558930576 0.417036831
 240 0.354620367 1.21801174 0.319467485 0.482291102
 241 -4.56484109E-02 0.767400920 1.40869844 0.551129699
 242 0.748723567 0.179316074 -0.294224590 0.717766404
 243 1.24788415 -0.842544079 0.386143684 -0.122464612
 244 0.341676950 0.382683814 -0.372296363 0.542269588
 245 0.123805612 0.378155708 -0.278190464 0.219024882
 246 0.830226898 1.03095090 -0.323646426 0.466363072
 247 0.407216579 -0.308908254 -0.797646642 0.424477577
 248 -0.808599234 0.598655701 -5.55333346E-02 6.01311214E-02
 249 -0.354080737 0.907064140 0.448416084 0.416445762
 250 0.309616596 0.737567008 0.548223913 0.651628792
 251 0.123607397 0.237396479 0.234779567 0.474735379
 252 0.604487896 0.618707955 -0.682192981 0.129672170
 253 0.281835079 0.832982183 0.167215347 0.483121604
 254 -0.106809475 0.913204432 0.426444232 0.521857619
 255 -0.368429631 0.125514388 -0.328393430 0.510537922
 256 0.198355854 0.149729505 0.220152482 0.257541299
 257 0.610906303 0.626340806 -0.219873637 0.486221135
 258 -0.319360822 1.00375473 -0.446909428 0.326548159
 259 0.130306736 3.63328159E-02 -9.68718827E-02 0.655212283
 260 1.10041320 0.168548882 -0.201948717 0.451649696
 261 0.686127067 -0.381951928 0.231150120 0.517801166
 262 1.59269226 -1.11882639 0.259918034 0.346106350
 263 -8.33631009E-02 0.479654163 -7.08884746E-02 -8.38941559E-02
 264 0.304352075 -0.210791945 -0.122203648 0.589540482
 265 1.09375203 1.83493280 0.661786675 0.533052027
 266 -1.12535095 0.930666566 0.220897943 0.454042792
 267 0.447830975 0.207625851 1.00118160 0.604558051
 268 -0.954699755 0.238953322 -0.484457850 0.404011875
 269 5.17650247E-02 9.61006582E-02 0.326310575 0.396211714
 270 1.22652948E-02 -0.327552110 0.115736052 0.234647363
 271 1.29102004 -0.303485870 1.10200870 0.495797873
 272 0.330288947 9.22837853E-03 0.435420841 0.244186834
 273 0.842394590 0.731710374 -0.231487364 0.520316899
 274 0.110271581 0.303873360 0.413577795 0.586877704
 275 0.269948363 0.167036518 0.597496390 0.618467748
 276 0.827170134 -0.584561706 0.187985957 0.212363064
 277 0.523313642 1.49735284 0.580703914 0.518986821
 278 -0.271010756 0.549680889 -6.01011254E-02 0.582279086
 279 -0.344572365 7.63620585E-02 -0.116604619 0.403772116
 280 0.856676698 1.13285267 0.559789121 0.459530771
 281 0.728395641 -3.81198227E-02 0.488385260 0.647717535
 282 -1.81235075E-02 1.00033641 0.718975008 0.482128441
 283 0.872515559 1.36929834 0.528782785 0.566535115
 284 0.370025724 -0.803255796 0.405593604 0.570887446
 285 0.639433742 0.785324275 0.219304234 0.558468521
 286 0.618662179 0.464116305 0.733094752 0.477737546
 287 -0.162954926 0.691515803 -0.162898943 0.481683880
 288 0.177989781 0.597762108 1.16831183 0.586732149
 289 0.377596825 -0.233312920 -1.68732256E-02 0.557305872
 290 0.465375364 -3.39240283E-02 -0.272985131 0.544396937
 291 -0.956555128 0.467178881 0.153916001 0.636640251
 292 0.673702776 0.260014057 -6.42654374E-02 0.341122806
 293 0.672620475 1.68869901 0.421434224 0.430292219
 294 -0.595590770 -0.548668683 0.557144284 0.649646103
 295 -0.448137820 0.548011839 0.969498456 0.584531248
 296 0.302177966 0.161351889 0.516528845 0.447877884
 297 0.497642636 0.210507795 0.562473059 0.696785986
 298 0.664589763 0.161164910 -0.127410740 0.303781927
 299 -0.165731251 0.327929974 0.192916736 0.308236659
 300 0.640144229 0.516026258 0.675443292 0.458763689
 301 1.91152096E-04 0.194305986 3.30846421E-02 0.675837696
 302 0.211224154 5.80055825E-02 -0.206135511 0.467625648
 303 -0.507936954 0.519841015 -4.53146286E-02 0.212341398
 304 -0.734905005 0.722511292 0.578406036 0.613003612
 305 0.163057610 6.95498139E-02 5.92817813E-02 0.574102998
 306 -0.282323718 -0.135589764 0.802117407 0.441613287
 307 0.364275604 0.254615605 0.261911035 0.312618256
 308 0.406942636 0.295194954 -0.195071459 0.519209802
 309 -0.475038946 -4.36188057E-02 0.236812145 0.372609675
 310 0.136276051 0.906456172 -3.97616178E-02 0.449838102
 311 0.424257606 0.603903115 0.768057823 0.582665086
 312 -0.681071699 0.629338741 0.561084926 0.475306869
 313 0.347755015 1.05064487 1.09837019 0.410981715
 314 0.514290273 0.368982166 -0.589374483 0.560265899
 315 0.395491004 0.682201862 0.636756718 0.608156681
 316 0.396469414 0.873696864 0.974258423 0.492489398
 317 1.24321532 7.83145726E-02 0.172324061 0.459318161
 318 -0.486291349 0.190699458 -0.478830844 0.579740822
 319 0.839971185 0.238959908 0.180780008 0.635839045
 320 -9.59596261E-02 1.41139829 0.946367979 0.459605753
 321 0.217471197 0.905970514 6.28761798E-02 0.169966206
 322 -0.265223056 -0.585968494 0.188880652 0.598904133
 323 -0.430166125 0.989078283 0.247953117 0.568935752
 324 7.42203370E-02 -0.625633776 -0.406747699 0.567802608
 325 0.490508735 0.769291162 -0.674776971 0.360454053
 326 -5.20507544E-02 1.68347752 1.39315426E-03 0.564582407
 327 0.775268912 0.161498874 1.02481043 0.511130452
 328 0.845867157 0.429088295 0.586062670 0.486064613
 329 8.23410749E-02 0.695006371 0.430079401 0.370271385
 330 -0.507389426 -0.397647738 -2.70175375E-02 0.469657332
 331 0.722249985 -0.323144168 0.217405468 0.491205066
 332 0.496489733 0.158488318 -0.107580163 0.521350563
 333 1.00774550 1.50742304 0.432743818 0.450847834
 334 0.119917154 1.05781305 1.11149192 0.561939240
 335 0.172154590 0.994024634 9.63107869E-02 0.599132657
 336 0.487797588 0.342064917 -0.139754236 0.477670908
 337 -0.656608880 0.247236326 0.853956401 0.407660365
 338 0.597536981 1.23289442 1.14103603 0.509321690
 339 0.526981890 0.441511095 0.517744958 0.405344486
 340 0.394929171 0.590823531 0.629972517 0.476510853
 341 0.558846235 0.221930236 -0.543742418 0.233037740
 342 -0.839222610 0.191653341 0.224488661 0.432447731
 343 1.07099760 1.34410989 0.747928321 0.386057645
 344 0.811318994 0.148960233 0.193680212 0.623910129
 345 0.561568379 0.673634529 0.379200935 0.433696449
 346 0.409101188 1.40838587 0.230636686 0.564491034
 347 -6.74870014E-02 0.455859512 0.828712463 0.283633977
 348 1.27474165 0.506601751 0.462690920 0.523859680
 349 0.992814898 0.782156706 0.428338021 0.390619606
 350 -0.205597639 0.822893620 -0.381663173 -0.100180827
 351 0.423428297 8.60677958E-02 0.601981997 0.183942363
 352 1.57790935 1.04141545 0.498691767 0.563717425
 353 0.700114369 0.373640358 0.342375100 0.609899104
 354 1.20791602 -0.285091877 0.448630750 0.550988317
 355 0.684713066 0.450784147 0.920615673 0.454176784
 356 -0.983909070 -0.385070503 -0.148242682 0.506724715
 357 0.570791006 0.997049928 0.680589855 0.489658237
 358 1.03941691 0.895906091 0.986627638 0.388682961
 359 0.775503278 -0.153769329 0.227700785 0.542532206
 360 0.768202543 1.34160995 -0.484211653 0.485630482
 361 0.765830219 6.89056441E-02 4.38984185E-02 0.425571769
 362 -0.130612060 0.731422126 0.492703021 0.508956909
 363 0.491738707 0.795547485 1.13540316 0.337389708
 364 -0.360504240 -7.52489120E-02 0.543199658 0.452275455
 365 0.504479527 1.04937923 -0.296802342 0.383730203
 366 0.647027552 1.15771317 -0.101908542 0.121166661
 367 0.711913049 0.379441738 -3.05662900E-02 0.378407151
 368 9.10027921E-02 -0.494133055 -4.44915146E-02 0.636947870
 369 8.95906165E-02 0.598398924 -0.181557342 0.551633120
 370 1.73912740 1.05629981 0.194696650 9.62378010E-02
 371 -5.55932373E-02 -0.162646443 -0.219013631 0.363879114
 372 0.432786226 1.69738710 0.353434443 0.523817241
 373 1.21469951 1.67292333 0.572684944 0.561906099
 374 0.747384131 -0.545243621 5.77006340E-02 0.416780412
 375 0.241795972 -0.407785654 5.14299572E-02 0.226420894
 376 0.141487509 0.514146447 -0.357912481 0.395411432
 377 1.24028230 -0.141552836 0.376779705 0.411478579
 378 0.904815435 0.442197621 0.402139366 0.548145294
 379 5.58229238E-02 0.878911257 0.540247977 0.506939232
 380 0.974491358 0.863917589 4.29464020E-02 0.533159196
 381 0.345874131 0.188772649 0.123597823 0.482824057
 382 0.933111548 -0.262003779 0.475748837 0.514103889
 383 0.360378951 0.191177189 -0.155946746 0.462709904
 384 0.784770012 -2.64383852E-03 0.904195011 0.454055011
 385 0.229347661 0.516472101 0.604135036 0.625505090
 386 1.18399501 0.247875944 0.380692959 0.449593484
 387 0.775442541 -9.12162662E-02 -0.157255501 0.398558229
 388 1.28742814 -0.117260940 -0.399568081 0.604500711
 389 1.37840140 0.838208854 0.403568983 0.246123433
 390 0.284855008 0.221856415 0.223337948 0.672813892
 391 0.621670961 0.590532780 0.350499362 0.367349446
 392 0.547505796 0.809070110 4.18826938E-04 0.629064381
 393 0.524665594 -0.227447227 -0.400010824 0.333938718
 394 0.513114095 -0.271385163 1.05482960 0.610290945
 395 0.143789977 -0.150829673 -4.26936448E-02 0.478360653
 396 0.352812827 0.639028668 0.311715782 0.573172271
 397 0.279818058 0.276928276 -0.113295257 0.485719502
 398 -0.175364152 0.672984600 -8.34128410E-02 0.557088912
 399 0.304199159 -3.63950431E-03 -0.179411873 0.389585853
 400 0.735355139 1.24766600 -0.730508268 0.310312271
 401 0.311646014 -0.967987478 -0.212287143 0.582723916
 402 -0.212850690 0.540124357 0.633203864 0.437728822
 403 3.26448679E-02 0.360669881 0.103017375 0.418637127
 404 -3.15589309E-02 1.04554093 0.184919506 0.593461871
 405 1.49060917 -0.142022759 0.121115938 0.363657117
 406 -0.879768133 0.708486497 0.366370291 0.478066504
 407 0.742483079 -9.93963555E-02 0.429945230 0.474509478
 408 0.587719560 1.04543436 0.558586538 0.427276343
 409 -0.623238623 3.42764407E-02 -0.293531090 0.582694411
 410 4.39972579E-02 0.267593861 -0.380207032 0.422269583
 411 1.41199660 -0.646154284 0.197112277 0.542979002
 412 -2.80935802E-02 0.486527711 0.720505953 0.140933707
 413 1.58610451 1.03969061 0.221278474 0.433685750
 414 0.113500133 0.368317008 -0.214322507 0.359887362
 415 7.86852464E-02 0.740026176 0.430988133 0.529244959
 416 0.122759029 -0.307628244 -0.289020300 0.398705095
 417 0.705647409 0.239889666 0.492385358 0.368076742
 418 1.10336304 1.14708650 0.509539306 0.655047536
 419 -3.90514396E-02 0.674977601 0.232525110 0.385833740
 420 0.849900484 0.340872526 0.462826878 0.579841197
 421 -0.175891310 -0.443542540 0.377287954 0.404393077
 422 0.893044055 0.510105252 0.310077876 0.439520270
 423 0.176673457 0.159283638 -0.182996869 0.611860335
 424 -1.38761461 4.95822877E-02 -9.89104807E-02 0.506098270
 425 9.53857973E-02 1.14350605 -1.03860629 0.365119815
 426 0.490013212 0.518364906 0.423211992 0.369607657
 427 0.274112821 0.766619980 4.87841666E-04 0.519756734
 428 0.432236284 0.141584337 4.10797000E-02 0.203726932
 429 0.633797288 0.134309903 0.247112572 0.359718621
 430 1.02673531 0.622364819 0.243032783 0.109899022
 431 -0.387261987 -0.296639174 2.94792801E-02 0.319695652
 432 0.968127787 0.894604802 0.826023698 0.486843020
 433 -0.910057008 -0.194894716 0.403720528 0.441410005
 434 0.843374074 1.07722974 0.160531402 0.426246673
 435 0.476445198 0.498810023 1.53875872E-02 0.163579911
 436 0.832038879 0.890169740 0.482781768 0.449547976
 437 0.405333340 -0.291216314 0.589578509 0.311670363
 438 -0.370596826 0.341370195 -0.417292953 0.529458404
 439 0.692399681 0.737188816 0.429158449 0.586824596
 440 -0.355192661 0.698418498 0.651301622 0.466361165
 441 0.341351688 -0.587264895 0.898935854 0.408185810
 442 1.60529220 0.386291116 0.792047501 0.577080071
 443 4.51310724E-02 0.133780032 0.459466696 -1.65593475E-02
 444 1.06866288 0.287892133 0.107025869 0.666817427
 445 1.18806612 0.392232060 0.891457796 0.314398825
 446 1.10045564 0.457026571 0.343923390 0.250155687
 447 1.05751252 0.203126281 0.795281887 0.335871577
 448 -0.264224201 0.503405869 -0.257023603 0.534127891
 449 0.629840016 -0.107358217 1.13224411 0.451213509
 450 0.165438578 4.08415161E-02 -0.169076189 0.517014802
 451 -0.129472062 0.565291345 0.645789266 0.583012581
 452 1.87614071 0.106023856 -4.01037708E-02 0.674583077
 453 0.817087889 0.476128489 0.708521903 0.443816453
 454 8.41220021E-02 -0.267770499 0.512516081 0.572488487
 455 0.608113945 1.12790215 0.925366998 0.295812726
 456 0.303330690 -6.22553341E-02 -0.154710382 0.552718937
 457 0.122656301 1.13082677E-02 -0.168792903 0.545279562
 458 -0.649614334 0.694014251 0.907459021 0.308291227
 459 0.431339204 0.541360855 3.65291461E-02 0.470829964
 460 0.709080815 0.507782996 0.283327103 0.363964289
 461 0.128432915 0.597538412 0.415360928 0.454196364
 462 -0.745333314 1.57934213 0.282675505 0.794522345
 463 1.08939004 0.356865197 0.226137996 0.470116198
 464 0.162191644 1.00935805 -0.154436573 0.561651051
 465 0.282619685 0.139514446 8.21448117E-02 0.408055604
 466 0.231677040 0.316389948 0.590778232 0.630755842
 467 0.791413426 0.945586920 0.548142612 0.561637700
 468 1.39254212 1.39018714 0.491322756 -7.25724548E-03
 469 -3.06255966E-02 -0.264733315 -8.38981792E-02 0.533904314
 470 0.633716345 -0.361347377 -5.39582781E-02 0.519085109
 471 1.21621537 -0.466915250 -0.189084142 0.451086372
 472 -0.239818096 0.604231536 2.23472044E-02 0.475487083
 473 0.448587984 -0.433113873 0.167660639 0.417277217
 474 1.41680765 -0.317657709 0.270277292 0.313186944
 475 0.734925032 0.946669340 -3.23028862E-03 0.411340296
 476 1.25701368 0.728397608 0.860832691 0.691919386
 477 0.391172826 7.09862560E-02 0.107094131 0.693614841
 478 -0.126006037 3.09473723E-02 0.306854486 0.608895063
 479 -0.360245168 0.884402156 0.674204290 0.380953133
 480 0.354113638 9.01215449E-02 0.475326508 0.452696919
 481 -0.889400542 -9.88300890E-02 0.452839881 0.593600094
 482 0.242032140 0.510907173 0.389429629 0.630667269
 483 0.518076003 -0.438632369 -7.65081719E-02 0.259816647
 484 0.572802424 0.598614097 0.892466247 0.733551025
 485 -6.25717863E-02 -5.66104054E-02 0.435436308 0.696185768
 486 2.23665881 -0.158372983 -8.63856599E-02 -3.51431966E-03
 487 0.723413646 -0.232528821 0.283403337 0.477476805
 488 0.811304748 -0.510512531 0.751931190 0.666911125
 489 0.411160320 -3.64689976E-02 0.775962353 0.426442683
 490 -0.816715360 0.623717904 0.481533229 0.799473286
 491 -0.654275715 0.684746444 2.61907987E-02 0.472713947
 492 1.28562200 0.760697186 -8.32807422E-02 0.441356063
 493 -0.162932530 0.567782879 -1.25419721E-02 0.454730690
 494 0.700751781 -0.100915998 0.578876793 2.13873535E-02
 495 1.55458212 0.274472982 4.33861949E-02 0.318381071
 496 0.168285444 0.153024107 0.905279458 0.542251825
 497 0.826536655 1.08067834 0.715510011 0.599538326
 498 1.00328588 2.40384210E-02 0.601386666 0.403736979
 499 0.477500141 -0.125161812 0.602571011 0.554200113
 500 9.25070122E-02 0.549755096 0.500311255 0.191177562
 501 0.895801723 1.01094425 0.257744461 0.464193344
 502 -0.331561625 0.466604829 -7.98637718E-02 0.431869686
 503 1.52879429 -0.354265064 -1.85007527E-02 0.490070909
 504 0.766350210 0.939242721 0.419744790 0.508839071
 505 -0.542987406 0.558394134 0.531596839 0.688055158
 506 0.863769889 0.158447161 0.764267802 0.486728728
 507 0.877738655 0.924632549 0.814401150 0.515303195
 508 0.346588880 -0.261022180 0.253814965 0.433514953
 509 -1.09519219 1.05251265 0.347956419 0.560517311
 510 -7.62821883E-02 0.340412468 0.404853255 0.580206394
 511 0.577748656 1.16068292 0.343997717 0.418442070
 512 0.338076681 0.604744315 0.425464094 0.574687243
 513 -0.379023969 -0.828926206 -0.447326213 0.468839824
 514 7.91731924E-02 0.198569834 0.245751366 0.523067951
 515 -4.26410064E-02 0.979427338 0.960284948 0.619520366
 516 0.328127623 7.05149770E-02 0.506147563 0.445830107
 517 -1.05514169 1.16130817 0.773877859 0.361636817
 518 -1.12712848 0.893826962 -0.564260364 0.446885437
 519 0.229754061 0.820614934 0.202891499 0.521093071
 520 0.451302290 -4.74094562E-02 0.494244576 0.541362107
 521 0.274873734 1.36698031 1.19016254 0.429340363
 522 -0.783905745 0.182904199 -3.15547101E-02 0.414510816
 523 1.52163915E-02 0.865332365 0.708194315 0.531478226
 524 1.06209970 -0.294976413 0.225834787 0.465830386
 525 -0.548466563 1.16915870 1.05626786 0.571231842
 526 0.966498792 0.723722816 -0.319092125 0.198527873
 527 -0.366620362 0.126856476 4.31924313E-02 0.265634149
 528 -0.487016231 0.690500200 0.696505427 0.523493350
 529 2.82783657E-02 0.901910961 9.44400728E-02 0.593799353
 530 -0.357334644 -7.40791708E-02 6.16116896E-02 0.505849361
 531 -0.510875344 1.26933384 0.542299926 0.581927657
 532 1.07328570 0.604336977 1.42559223E-02 0.188227966
 533 -0.208212942 0.501594365 0.645253241 0.521239221
 534 0.337945908 0.427291900 0.524916112 0.585706949
 535 8.48936439E-02 0.628323019 0.744654059 0.648695707
 536 0.494493216 1.18161321 0.189119324 0.349165529
 537 0.321031213 1.17793214 -9.15117711E-02 0.350259244
 538 0.915878356 -0.222585648 0.459796369 0.453167617
 539 1.80023587 0.681190372 0.400964022 0.184522718
 540 0.537740409 -1.18094540 -4.15071920E-02 0.469641596
 541 0.248965546 -9.74122435E-02 0.100797378 0.442746609
 542 0.447398603 0.204991326 0.629288137 0.358921796
 543 -0.739525139 1.70462239 1.09242892 0.608726799
 544 0.914396405 0.742784142 -0.170159832 0.492870092
 545 2.78266817E-02 0.260149598 0.184809670 0.615495205
 546 0.798070073 -0.451138258 4.15859222E-02 0.495122790
 547 -0.380341768 0.256249011 0.340588957 0.607810259
 548 0.424237460 0.360337794 0.319005430 0.184704542
 549 1.90419781 0.137563735 0.390386671 0.599046946
 550 -0.122921139 1.08999431 0.252154171 0.635401249
 551 0.441499084 -6.95467517E-02 0.180963099 -3.36110592E-02
 552 0.424795985 -3.32876444E-02 0.202675730 0.292675525
 553 0.591523767 -0.659803689 0.140342474 0.453598708
 554 0.915212810 0.269196510 0.173633218 0.691929221
 555 -1.37000442 -0.386815518 0.224463880 0.593446434
 556 0.711879432 0.238746628 9.27783996E-02 0.402944833
 557 0.358877808 0.712490678 0.200307563 0.563779771
 558 0.498207867 0.823452711 0.940588951 0.380629241
 559 -0.177091926 -0.530028760 1.04476464 0.641947567
 560 0.421114326 0.484079063 0.491289943 0.513580322
 561 -0.522177100 -0.921772003 0.395332634 0.572942257
 562 8.86970535E-02 0.899293184 0.422248632 0.442699701
 563 0.278713971 0.242420733 0.158110976 0.332837075
 564 -5.08930534E-02 -0.680130899 0.227748305 0.612624347
 565 -0.866259098 0.392799854 0.776235819 0.469279110
 566 1.70863450 0.189983994 0.322610259 -0.117589504
 567 -0.190597534 1.44131815 0.865458071 0.176973164
 568 0.210477322 0.141771615 0.363188982 0.153739423
 569 1.04341245 -2.53451690E-02 0.479396015 0.157374173
 570 -0.546916604 0.790728033 -0.529126942 0.461402297
 571 0.810705781 0.242455021 0.326528490 0.495667309
 572 0.146963030 0.654680133 -0.309558123 0.590659022
 573 1.44729316 0.349008977 0.790430248 4.37697023E-03
 574 7.78504908E-02 0.372739583 -4.19115797E-02 0.146589085
 575 1.23122954 0.381736189 0.439407617 0.618616879
 576 0.160930902 -7.70615637E-02 0.772405565 0.359737366
 577 1.21637857 0.319057345 0.149335340 0.524955869
 578 1.24125028 0.141462564 1.19377565 0.527706265
 579 0.230934709 1.20503008 0.908757567 0.389413774
 580 0.311190724 0.967381358 1.09062231 0.662710488
 581 -0.931941032 -0.350486875 0.248567089 0.605870187
 582 -0.147896588 0.414813429 1.22098517 0.660189927
 583 -0.664656401 0.110553324 0.485781044 0.396971524
 584 -0.966086328 -0.266692102 0.643659532 0.461752802
 585 0.741593063 0.416559666 0.549104691 0.498896331
 586 0.892604589 1.13046968 0.441358328 0.356937468
 587 0.567851961 -1.17546821 0.356638402 0.444071293
 588 0.985460103 0.641692698 0.232703686 0.824268103
 589 -0.434470266 0.883894861 -6.36906177E-03 0.537585258
 590 -0.313554436 -0.150452971 0.380995095 4.20811996E-02
 591 0.827399909 -0.816755176 -0.298286140 0.469432205
 592 0.511047482 0.489073902 -0.133755922 0.354464799
 593 -1.21128213 1.00808239 0.359116346 0.317059845
 594 -0.328119189 0.148719504 8.87819529E-02 0.187008977
 595 1.06525683 -0.112817883 0.187292814 0.397878557
 596 1.40501392 -0.577570438 0.707082808 0.338265866
 597 0.123943649 -0.739119470 -0.416422367 0.468921959
 598 9.56641957E-02 1.06065536 0.111248851 0.383907616
 599 0.218241036 1.00155401 0.802137971 0.363510907
 600 -0.156777546 -1.75254792E-02 0.666492462 0.539663792
 601 1.07168269 -0.388596058 1.16528547 0.446487129
 602 0.971774876 0.736561835 -0.293009132 0.459118396
 603 1.07452178 -0.428788126 9.12123471E-02 2.39892378E-02
 604 -0.161377162 -6.99555278E-02 0.283089221 0.689432502
 605 -1.31695664 0.187811077 0.213101104 0.609776080
 606 0.453995973 -1.09677911 5.31682447E-02 0.608030319
 607 -0.122874692 0.225868925 -0.391976804 0.483125120
 608 0.621117055 0.594635129 0.166435614 0.419098079
 609 0.693008423 0.153557211 -0.215693980 0.548541307
 610 0.366262227 1.01242173 1.37574565 8.51012170E-02
 611 -0.891902864 0.403704971 0.515624702 0.372337639
 612 1.36654878 -0.596939087 -8.13963562E-02 0.639824688
 613 0.304812044 0.368411660 0.191959217 -2.46386230E-03
 614 0.309558451 0.376453817 0.648268998 0.522086799
 615 0.307955086 0.907924592 0.486533016 0.404415011
 616 -2.87256837E-02 0.249724686 9.12666991E-02 0.633064389
 617 -0.214706644 -0.177773595 0.631349087 0.714103460
 618 0.775405526 -0.260453850 -0.318325490 0.530474901
 619 -0.226542130 -0.811897516 0.604153454 0.412900150
 620 0.176913440 1.43274260 0.357289433 0.609956503
 621 -0.236094713 0.355667621 0.895441115 0.515534759
 622 0.644259930 0.523726583 0.513834894 0.155151412
 623 -0.716220975 -0.716301918 2.92053372E-02 0.471717179
 624 0.455249637 1.51981115 0.254396766 0.295867532
 625 0.124327637 0.725427806 0.272696942 0.430642724
 626 -1.09591365 0.837828159 0.558471978 0.523333073
 627 1.00391126 0.150345564 0.591869295 0.380882293
 628 0.180175528 0.611878872 0.364562809 0.143299833
 629 0.331057608 -0.344114900 -0.226914510 0.571840703
 630 1.45699179 0.748782098 -0.211479798 0.662289619
 631 0.167060047 -0.311654747 0.257931948 0.503442943
 632 0.316446632 -0.626979053 0.299201310 -6.34993762E-02
 633 -0.247280762 2.13407016 0.763341963 0.378892362
 634 7.43988156E-03 0.896835208 0.735551715 0.377389640
 635 0.365577459 -0.304251760 0.535105765 0.471186399
 636 0.879544258 -0.121990308 0.195090219 0.501471281
 637 1.43506265 0.967586398 0.775034428 0.188008338
 638 -0.696213722 -0.196151495 0.379837066 0.282201707
 639 -9.20534506E-02 0.834620118 -0.161387682 0.483862698
 640 1.49601912 1.06802523 0.777181447 0.457920283
 641 4.51020896E-02 0.742161989 -4.47060391E-02 0.746750474
 642 -1.63109577 -0.346530735 -0.450914115 0.639488816
 643 -1.76386796E-02 0.372787774 0.515024781 0.363690525
 644 0.518499792 0.415028960 0.461511999 0.517746449
 645 -0.103157043 1.41434574 -0.160572410 0.587652266
 646 -7.28699565E-03 -0.599559605 0.220591366 0.519574404
 647 0.624707460 0.135263860 0.884933472 0.567087889
 648 7.70264864E-03 -0.187596500 0.283753514 0.648981273
 649 1.17661452 0.449852943 0.613371134 5.60531467E-02
 650 1.52144504 1.12988651E-02 0.260986269 0.621681809
 651 0.912228167 0.545672357 0.894814491 0.506144941
 652 0.866636932 0.993692577 -0.515546560 0.521486521
 653 0.851561308 0.425832987 -0.209419608 0.140851438
 654 0.362899601 0.796625912 4.54200059E-02 0.633025348
 655 1.29150462 0.525445163 0.435832679 0.501499414
 656 0.728520453 1.28429174 0.475961447 0.578627765
 657 1.47739029 0.718356490 0.820746720 0.340996563
 658 0.936444640 -1.84147246E-02 -2.59729773E-02 0.445631683
 659 -0.358453602 -0.447184265 -0.360985845 0.588971913
 660 -1.28319931 0.811506867 -0.215103537 0.696095467
 661 0.423956901 0.653596163 0.350532591 0.116774917
 662 -0.210384145 0.678484499 0.275343716 0.457597226
 663 7.55635053E-02 -0.610633314 -0.252062768 2.13101655E-02
 664 0.867258966 0.989712477 0.364051223 0.499060124
 665 0.118785113 -0.327865899 -0.151190862 0.327291220
 666 1.46790409 -0.240372702 -0.470623404 0.630173683
 667 -0.341212839 1.26809204 0.758827806 0.423996121
 668 0.710583270 -0.703607917 -5.48449159E-03 0.490420550
 669 6.97859796E-03 0.242679566 0.177768826 0.412733346
 670 -0.906163454 0.528472602 0.329301357 0.456246436
 671 0.502017617 1.21511137 0.620824277 0.410733044
 672 0.527778864 0.280236244 -0.231212080 0.433887571
 673 1.20655942 0.305027515 -1.54011212E-02 0.177976757
 674 1.47199559 0.831089556 4.49463651E-02 0.172874287
 675 0.149397463 0.808584511 -0.139374137 0.501898289
 676 -0.608872235 -3.11191031E-03 3.18906531E-02 0.475857884
 677 0.717513323 -4.68064360E-02 0.410758346 0.109340087
 678 -1.00769877 0.505051613 0.190353036 0.527164280
 679 1.02278960 0.296603292 -0.339464724 0.522320390
 680 1.11907387 4.36936058E-02 1.33430088 0.544663668
 681 -0.848097086 -0.282974750 3.06025520E-02 0.510731936
 682 3.70294414E-02 6.99198395E-02 0.501981139 -0.223810345
 683 1.60046673 0.439806163 0.705405712 0.651870191
 684 0.946240962 0.206985191 0.100993410 0.363684714
 685 -0.423357099 1.51026678 1.20542276 0.639365494
 686 0.231252998 0.291715980 0.940716743 0.346250474
 687 -1.00931776 -2.78394222E-02 -0.293248117 0.285658717
 688 0.210136652 0.888142049 0.325881898 0.616032481
 689 0.207984850 0.130754501 1.02065480 0.466379464
 690 -8.66422206E-02 0.109178171 -0.234372616 0.421347618
 691 -0.705725670 0.947350740 0.744381368 0.396719515
 692 0.527785540 -0.249321729 -0.195375502 0.559497535
 693 0.539368868 -1.07625574E-02 0.782130420 0.463185370
 694 -1.22597861 -0.581382930 2.55123470E-02 0.457433611
 695 1.36145246 9.90722924E-02 0.764324546 0.555449784
 696 0.307765424 -0.521312058 0.443491668 0.377265871
 697 1.48275340 4.85501140E-02 0.306452870 0.524670541
 698 -0.319276154 0.198970944 0.801344752 0.272178054
 699 0.372244507 0.936111033 0.318870872 7.36958832E-02
 700 0.509346366 0.523872375 -3.67865078E-02 0.520569146
 701 0.115409806 0.392392844 0.554861426 0.453066498
 702 0.600529313 1.35230076 0.110356778 0.564534247
 703 -0.189326108 -0.511661649 0.744416416 0.297766924
 704 -0.749158680 0.732887864 1.01608372 0.359835804
 705 0.525217056 0.415851235 0.663332939 0.606933951
 706 0.454711586 1.09376824 2.75782663E-02 0.439751297
 707 1.70691740E-02 0.325574517 0.192765325 0.669426382
 708 1.14795077 1.17023957 0.423380047 0.345672816
 709 -0.146692663 0.365346372 0.529415965 0.414971590
 710 1.16644955 0.887911737 1.09585226 0.533255160
 711 -0.251029730 0.411177963 -0.236908510 0.511292219
 712 0.751372993 0.180776730 0.605699182 0.410034001
 713 -0.657342136 0.398589313 0.150823265 0.506318629
 714 0.611518860 0.344659269 0.141870260 0.507697999
 715 0.706544876 0.116335049 0.361701459 0.485161573
 716 0.457455009 -0.170551211 0.612957537 0.410981357
 717 -0.191287577 0.432218045 0.812495351 0.486982077
 718 1.06961024 0.452293396 5.60095534E-02 0.394076467
 719 -1.39257741 -9.11744758E-02 -0.319316357 0.661878169
 720 -0.371430218 0.563649356 0.512776911 0.423141658
 721 1.06210518 0.587185204 0.631738544 0.579880118
 722 7.44866133E-02 -0.202008039 1.37350336E-02 0.642036736
 723 -0.436896890 5.79239428E-02 0.117468774 0.506969452
 724 -0.704954624 -1.66564398E-02 0.121784061 0.531132698
 725 1.05188990 -0.519845605 0.415839761 0.621017516
 726 -0.198075533 0.454512119 0.445027053 0.557046354
 727 7.63946325E-02 -0.870227039 0.755872309 0.467287421
 728 -0.701132894 -0.358749568 0.965665996 0.513320267
 729 0.760256588 1.42552316 0.154402360 0.639263153
 730 -5.16606569E-02 0.313467741 0.539910197 0.440506279
 731 0.654955745 1.33201480 0.855543792 0.447302639
 732 0.108622029 0.119493105 1.27090001 0.300923407
 733 0.311072826 -1.63454914 0.511355162 0.550280750
 734 0.795385540 0.725395441 -0.291671693 0.267223418
 735 0.621385157 0.952807248 -0.190662101 0.517469287
 736 0.611986756 4.98761386E-02 -0.262667805 -4.85668182E-02
 737 1.17396307 0.386179328 0.133867830 0.492852539
 738 0.316002250 -0.126556903 -0.681948483 0.489908427
 739 -0.796098411 0.956339955 -0.188177601 0.763864517
 740 0.508422613 -0.217682615 0.824617386 0.580690920
 741 1.43401587 -0.343907624 0.655071676 0.581229150
 742 0.736815453 -0.321969420 0.273767412 0.410829723
 743 -1.22536314 0.909298480 0.612038553 0.609604895
 744 -0.418300450 2.83189230E-02 -0.135049969 0.125437021
 745 1.22801888 0.910831749 0.661277235 0.364774942
 746 0.393217623 0.876584351 0.956969202 0.606298089
 747 0.328876019 0.282811970 -0.413554311 0.242612079
 748 0.804699779 0.669462860 -6.06923886E-02 0.128061324
 749 0.293805420 0.297443241 3.44118588E-02 0.363706976
 750 4.39405441E-04 1.33020592 0.584817588 0.452673972
 751 1.14038777 -0.337471813 0.461404502 -6.83284104E-02
 752 0.163476586 0.826597214 0.762553334 0.381078780
 753 -1.05748546 0.383885920 -0.200812042 0.516658366
 754 0.409492791 0.107377648 0.899877250 0.365951598
 755 1.59235227 8.66306871E-02 0.768065631 0.551168561
 756 0.415140867 -0.603224516 -0.180982381 0.377065003
 757 -0.401809186 0.124814346 0.638570070 0.544751883
 758 -0.831216276 0.546069384 -0.914167762 0.621487856
 759 -2.40989681E-02 -0.212847233 0.392881930 0.548161268
 760 0.282801062 0.497921169 0.920591652 0.339693487
 761 1.64245212 0.457241803 0.201902375 0.397298098
 762 -0.253259778 1.73554611 0.123229563 0.445744038
 763 0.468215644 0.262802869 0.201838136 0.435763419
 764 0.925923109 0.369807661 -0.123730704 0.619081140
 765 0.532424212 0.394028664 8.12251717E-02 0.652966142
 766 1.44347548 0.747509480 0.368583739 0.476847619
 767 0.913782775 -0.316641212 0.334743708 0.454026937
 768 0.244818971 1.04893661 1.78505033E-02 0.445156902
 769 0.582079828 -0.737345099 0.298215955 0.641125679
 770 0.375696838 -0.661108434 0.303815246 0.558406830
 771 0.554239213 7.57504106E-02 0.583716750 0.149195746
 772 -0.171598673 1.61582947 0.693992019 0.250795901
 773 0.393593788 0.188708514 -0.251768231 0.645174026
 774 0.364282906 -1.09624636 -0.123676188 0.625089943
 775 0.484884292 -0.439449698 0.934029758 0.510639727
 776 0.405733436 -0.335860699 0.956870735 0.381820619
 777 1.32421196 5.05391508E-02 8.51513892E-02 0.655939817
 778 6.34766817E-02 0.182704762 1.05154824 0.353188694
 779 0.716532111 0.574284136 0.360621333 0.542399764
 780 0.329383790 4.60218228E-02 0.706744790 0.369325250
 781 0.704832613 0.596611261 -6.84555620E-03 0.257409722
 782 0.545352459 -0.638697147 1.11916625 0.368710667
 783 6.74325377E-02 -0.860048652 0.929213226 0.283030391
 784 -9.01996940E-02 -0.645687938 -3.63201350E-02 0.293792516
 785 0.709100842 5.47918677E-03 0.308377087 0.600389361
 786 -0.238437295 0.382235467 0.171889961 0.703745961
 787 0.675865710 0.112390235 0.268955380 0.432113588
 788 0.715808094 -0.546624124 -0.218618989 0.465327621
 789 -0.291587234 0.260892421 1.25488567 0.179088682
 790 0.919687629 -0.113244139 0.398787856 0.460544586
 791 1.07842851 -0.779001832 0.111092307 0.252219379
 792 0.690678477 0.445509464 0.364797771 0.339751393
 793 0.142438918 1.03996634 -0.453781843 0.277304769
 794 1.08928871 0.819297671 -3.34183797E-02 0.552150071
 795 -0.493928850 0.298396140 0.760954618 0.428612113
 796 -0.733882070 0.741314471 5.10603637E-02 8.73579308E-02
 797 1.10386348 -0.427420795 0.133740664 0.400236607
 798 1.33145034 1.22410333 -0.123714522 0.216312021
 799 0.674046636 0.318890095 0.298087299 0.418840468
 800 0.697644174 0.546997488 0.843293071 0.426300973
 801 0.783108354 -0.325014204 0.282854944 0.429777056
 802 -0.538294792 -0.754319549 -5.25748879E-02 0.514962256
 803 2.22667575 9.58350003E-02 0.931223631 0.256450772
 804 -1.18537748 -0.602799714 -0.229476541 0.463801801
 805 -0.628928363 -0.170634523 6.23711497E-02 0.149231017
 806 0.896993816 0.887850046 -0.302140623 -4.05543298E-02
 807 0.182159513 0.233822957 0.100643925 0.506352842
 808 -2.71180347E-02 -6.01145327E-02 -0.104408011 0.503292561
 809 1.01363492 0.117936090 0.221731260 0.537652254
 810 0.220680684 -0.675391197 8.78068060E-02 0.423920453
 811 1.08844650 0.864573061 0.525012970 0.182463259
 812 0.117147349 0.481605530 0.209661335 0.526560128
 813 1.41117954 0.121432185 -0.134895101 0.154939234
 814 0.547031105 -0.148219720 8.05333704E-02 0.107011460
 815 1.27553236 1.81279314 0.399291575 0.385442674
 816 1.38310444 -0.115547985 0.970359325 0.354388893
 817 2.06659436 0.265310466 7.45097995E-02 0.384124577
 818 0.522844493 -0.228228927 0.787259459 0.360172302
 819 2.19551516 0.233010516 0.841576874 0.523607790
 820 6.75674677E-02 -0.168499127 -6.59337714E-02 0.545808315
 821 0.640941739 1.03035808 2.93353312E-02 0.474688888
 822 -2.18445212E-02 -0.438159913 -0.368795007 0.508450925
 823 0.744142413 0.463256329 0.655942082 0.357907057
 824 0.820059896 0.374368221 0.903530002 0.412195951
 825 -0.801880062 0.312334836 6.46249503E-02 0.609400868
 826 1.04693222 1.46081877 0.252857149 0.652747989
 827 0.711822152 0.863268495 0.424515009 0.580359995
 828 0.391768098 -0.436899692 0.332717985 0.364094257
 829 -0.247211263 -0.277360022 0.303221852 0.704856336
 830 -1.14314258E-02 0.574570358 1.02032399 0.558343351
 831 5.80768064E-02 7.74279237E-02 -0.304460108 0.215925232
 832 1.42991281 1.31906390 1.02123821 0.424642324
 833 0.759394646 -0.161506057 0.359242141 0.517805278
 834 1.12265861 -0.324407518 -4.83617112E-02 0.565454125
 835 6.23394400E-02 0.723065019 0.868986428 0.545202732
 836 -0.559704781 0.812002003 0.898482800 0.595020890
 837 0.850235760 -1.02193773 0.762889326 0.157393768
 838 1.15344477 -0.143855050 0.174386650 0.226676568
 839 0.808086932 0.746151745 1.04913378 0.608328700
 840 1.04560459 9.33349952E-02 9.06304419E-02 0.205574915
 841 -0.191568017 5.54286167E-02 1.49334073 0.641558409
 842 0.929538071 0.449072242 0.609898627 3.83695364E-02
 843 -0.810361803 -0.739389896 0.502404928 0.435691953
 844 0.694857776 -0.333049685 -0.142077103 0.377915144
 845 0.478459358 0.240224719 -0.154718667 0.378735840
 846 1.41462386 0.875309825 0.221881881 0.270228803
 847 -0.144447312 0.131039396 0.752777636 0.624029875
 848 1.03929162 -0.474412441 -0.817968547 0.338586360
 849 1.16625905 0.196026579 0.882204175 0.293383121
 850 0.189602837 0.972480297 0.489753604 0.495403200
 851 -0.436611176 -0.221050799 7.13378638E-02 8.33834857E-02
 852 0.813748956 0.338730931 0.433719128 0.340397477
 853 -0.234838188 1.18141830 0.586803854 0.501325846
 854 0.231019050 0.430352092 0.402583808 0.186558932
 855 -0.198883176 0.185085982 0.166311935 0.456498235
 856 -8.76321495E-02 -2.88402885E-02 -2.28361040E-02 0.751013041
 857 -7.72528574E-02 1.06653798 1.29507661 0.261860192
 858 0.346175343 5.11862338E-03 0.121595696 0.746471643
 859 1.43563950 0.478695065 1.05253482 0.481894106
 860 -0.414590269 0.281362653 -0.416065931 0.509995699
 861 -0.348110944 -0.648062825 0.932737708 0.299287945
 862 -0.500331640 5.84334135E-04 0.344722241 0.520230889
 863 1.71884942 -7.35870004E-02 1.39928198 0.629387915
 864 0.426584899 1.35598707 0.705381811 0.411243469
 865 0.721613824 0.805493295 1.24125075 0.463435411
 866 0.724648952 -1.20436084 0.902642310 0.442566961
 867 1.38287306 -1.60585451 -0.162572041 0.256199479
 868 -0.394109160 -0.543605506 -0.669706583 0.669961333
 869 1.66432452 1.40654504 1.16595399 0.328890622
 870 1.46544957 0.769389808 0.762756407 0.671181798
 871 0.550693095 -0.173316494 0.289635718 0.423304826
 872 1.62360930 1.11209166 0.899527967 0.135862738
 873 -0.186809227 0.196103528 5.42245060E-03 0.627454638
 874 1.19490433 0.302645326 0.421598166 0.445295185
 875 0.190792814 0.170572087 0.190968901 0.444696665
 876 1.68295574 0.553836286 2.40291320E-02 0.717810154
 877 0.334304035 0.111619331 0.265856445 0.450744361
 878 0.198577464 0.398822755 0.483146846 0.379261374
 879 0.858182907 -0.346859217 -0.119374357 0.600618184
 880 1.36312282 0.362151265 -0.107686639 0.589798570
 881 0.285360664 0.555433273 7.01105893E-02 0.532660902
 882 -0.778892815 -0.406205624 -0.265165716 0.359081298
 883 -1.63530111 -0.850052118 -3.06099802E-02 0.522662997
 884 1.07557154 0.509726703 0.983330727 0.400193781
 885 0.951802433 0.333097398 0.173878372 0.571104169
 886 0.397991657 -0.851705730 0.971673846 0.504946589
 887 0.129270166 -0.669581592 0.721404076 0.560686827
 888 -0.654646695 0.402751654 7.67585635E-03 0.293516666
 889 0.660479367 0.116477616 2.07702965E-02 0.560501933
 890 0.608961284 0.390078664 0.496627629 0.643599153
 891 1.08974874 2.09668183 0.392613024 0.582595229
 892 6.31764755E-02 -0.268269241 0.708410561 0.519014239
 893 0.928894758 0.404803634 -8.67219418E-02 0.536815882
 894 1.28510404 -0.386365056 0.356510073 0.547181189
 895 0.759767652 -1.14789832 0.362978399 0.326612800
 896 0.603010416 0.917644024 0.575042367 3.15018967E-02
 897 0.298712522 0.949185610 0.610917926 0.466389328
 898 0.279513001 -0.368631005 4.18972373E-02 0.544790685
 899 0.632010102 1.61072099 0.961115658 0.527073860
 900 1.08030510 0.933916986 0.336299151 0.660332918
 901 0.530220509 1.21541929 0.247215167 0.398781836
 902 0.332645625 4.27230932E-02 0.945929587 0.249865338
 903 0.562632859 0.402437389 0.874281943 0.629318416
 904 -0.248771966 0.225064218 0.101971447 0.622979522
 905 2.06821084 5.93836978E-02 0.832049131 0.516637087
 906 0.434566885 -0.122458726 0.274414480 0.375351161
 907 0.511811614 -0.838143110 -9.33474377E-02 0.506205201
 908 1.34095764 1.48507571 0.592541277 0.307619661
 909 0.688904881 2.79501975E-02 0.583387434 0.512242734
 910 -7.30127096E-02 0.817763567 0.179452300 0.296784580
 911 0.326636255 0.930155873 1.21983194 0.396489382
 912 0.882100463 -0.223217979 -6.85679168E-03 0.436561584
 913 -0.472692609 0.849020123 -0.678338051 0.453013271
 914 -0.103552222 0.282540619 0.566277027 0.539734602
 915 0.603476763 1.26794422 -1.26035511E-02 0.364578485
 916 1.82188106 -0.395171672 -0.147169620 0.596699893
 917 3.91512215E-02 0.171335399 0.597130597 0.423395216
 918 0.101469748 0.143436193 0.776797056 0.656876564
 919 0.411074728 0.716747761 0.165120393 0.220424518
 920 0.181316003 0.811871767 0.596986294 0.382145494
 921 0.445094109 1.73630655 9.28452238E-03 0.615430534
 922 1.22506559 -6.37104809E-02 0.596439540 0.550497949
 923 -0.828899384 0.544187129 3.18886265E-02 0.456593663
 924 0.195961028 0.406876385 -8.25867802E-02 0.300937414
 925 6.23364095E-03 1.04267478 0.378858387 0.282986999
 926 0.562507391 -3.89544219E-02 0.606415391 0.418196291
 927 0.462527007 0.190197259 0.747053862 0.578745902
 928 0.174882591 0.193303362 0.266516358 0.422047824
 929 0.761881113 1.47245824 0.503783345 0.654721618
 930 6.46355152E-02 0.808307052 0.822870851 0.367162347
 931 1.84684408 -9.20355469E-02 0.958027601 0.352806389
 932 -0.348343164 0.895539761 0.702845991 0.411742836
 933 0.595002651 3.95382643E-02 0.349797755 0.339543343
 934 0.289291322 0.702066183 0.215963632 0.419727921
 935 -3.43685485E-02 0.692857206 0.539890587 0.449439853
 936 0.678848147 0.867953360 0.116389021 0.431343496
 937 2.36931157 0.403988123 0.411751002 0.433397442
 938 -0.237264454 -0.586414337 0.449656516 0.416969150
 939 9.38056707E-02 -1.11235607 -0.517830133 0.608874559
 940 0.870622218 0.207167178 0.486824244 0.511069298
 941 0.778058589 1.95098603 6.17947131E-02 0.201940507
 942 1.26631093 0.555797040 0.262976259 0.341149658
 943 -0.972406268 1.17627394 2.36538351E-02 0.555456460
 944 0.661580384 0.142433643 1.22460771 0.531529129
 945 1.16778171 0.737746298 0.422364146 0.432825655
 946 -0.572261691 -0.692786396 3.51303816E-03 0.613207102
 947 -0.167783171 0.334682882 0.255331695 0.596372426
 948 0.560865641 0.387297034 0.699537754 0.477162123
 949 -0.280291289 -0.255116522 -7.27692842E-02 0.595560491
 950 -0.529869556 0.401612669 0.810417771 0.475666821
 951 -0.102014683 1.09604704 0.343617797 0.484186471
 952 -3.69947478E-02 0.772290587 0.457077742 0.488599092
 953 0.747722387 0.792029619 0.486628413 0.495430976
 954 -1.37234128 0.187417418 0.276821911 0.517160594
 955 1.42192984 0.426742315 0.211658806 0.329611391
 956 1.81382239 -0.298105180 0.725690067 0.634484768
 957 0.779160976 0.784089148 9.14235711E-02 0.403793633
 958 9.06042084E-02 1.44176984 -0.173860744 0.533888757
 959 0.838504434 0.195722699 2.71655768E-02 0.464943290
 960 1.44389153 5.86077720E-02 0.592704833 0.565350294
 961 0.245691746 0.332813472 0.253820390 0.184852138
 962 1.80210233 -0.273268759 0.293908358 0.349225998
 963 0.299684912 0.210943848 -0.155473128 0.538036704
 964 1.31472504 0.658878267 0.886409640 0.479891002
 965 1.29661715 1.70443046 0.764860749 0.509342611
 966 0.646717370 2.74089575E-02 0.468848765 0.612472951
 967 1.25616121 0.646589637 0.792936862 0.449456245
 968 1.53578627 -0.372993946 0.885109603 -2.10981891E-02
 969 0.180978209 7.02236742E-02 0.970685124 0.664755940
 970 0.244777381 4.37380821E-02 4.69159968E-02 0.520947099
 971 2.06985664 0.649487913 -7.73654878E-02 0.150113672
 972 0.318619609 0.384899467 0.211634219 0.682870805
 973 -0.344993651 0.217370704 -0.724857807 0.404112160
 974 1.27445865 -0.532664716 0.152886480 -7.43851811E-02
 975 1.46406305 5.29953986E-02 0.838857353 0.331700206
 976 -0.188062072 0.601020098 1.00540578 0.516356707
 977 -0.905777633 0.304747283 -0.134477705 0.451527536
 978 0.137797549 -0.383850276 0.159784228 0.377159834
 979 1.02217901 0.504307628 0.481125444 0.334099472
 980 -0.309256375 -1.02740002 -0.199439779 0.221953243
 981 0.382047862 -0.798464894 -0.227497995 0.256930381
 982 1.11089265 -0.616577327 0.525269985 0.486496866
 983 -0.311049461 3.87588292E-02 0.432115555 0.457140595
 984 1.17336059 0.401232660 1.14554560 0.662011266
 985 -0.317381203 0.597916186 0.723060608 0.748583198
 986 1.05143988 -0.325692087 1.05525732 0.599959970
 987 0.511440456 -0.116122648 0.618404984 0.391773760
 988 -0.214404851 -6.52891994E-02 0.194923118 0.455097824
 989 -0.439542651 0.779748678 -8.83934200E-02 0.461551845
 990 0.165797934 0.622923315 0.146059498 0.514657438
 991 0.869779587 0.337862909 -0.367886633 -1.65380538E-03
 992 0.168743029 -0.145672247 0.448929727 0.391070247
 993 0.984521151 0.956845880 0.235358566 0.439656675
 994 0.914402843 1.01301384 0.234179437 0.159479931
 995 0.462249398 -0.294095963 0.662415504 0.306467175
 996 0.845553815 0.919355214 1.07619119 0.625650465
 997 -0.172654495 0.803808808 0.583043098 0.534800529
 998 0.772219539 1.16128445 -1.33869667E-02 0.338865578
 999 0.482312351 0.986615658 0.346038163 0.423163086
 1000 2.31799334E-02 0.659844518 -8.68261755E-02 0.447191715
 1001 -3.23931798E-02 -1.48475757E-02 0.835498214 0.643025994
 1002 -5.50571084E-03 0.366208643 0.699687898 0.347041965
 1003 0.734200895 1.20551586 -0.158562720 9.18660760E-02
 1004 0.332944602 -0.139722541 -0.670430064 0.594845533
 1005 1.97854984 0.576982439 1.35023439 0.430391490
 1006 0.725690007 0.204914063 0.263464272 0.543954492
 1007 0.630091608 1.05601776 0.272849679 0.273959696
 1008 0.305558801 0.377599835 0.236184895 -0.147500008
 1009 1.03022873 0.623826027 -0.537169576 0.547411323
 1010 0.139769137 -0.979342282 0.119840421 0.481251627
 1011 1.68914211 0.391610503 0.195029542 0.539591014
 1012 0.144103125 0.242307410 0.488396466 0.130406588
 1013 1.18413877 0.293236285 0.597952008 0.321578860
 1014 0.556296051 0.207940727 0.428934574 0.560637116
 1015 1.07431674 0.287260652 0.137171701 0.216037586
 1016 -0.257351965 0.278586328 0.197587162 0.448444128
 1017 0.444503218 0.269095361 0.287811637 0.349550009
 1018 1.06662190 1.47660828 0.934358537 0.454132915
 1019 0.471838683 -0.483500272 1.44780004 8.08580965E-02
 1020 -0.400568664 0.244495139 -0.368763834 0.408882856
 1021 -7.79763758E-02 -0.194957107 1.26884282E-02 0.442468584
 1022 1.09972394 1.37655270 0.555334151 0.617010117
 1023 0.965937793 -1.52394843 0.543403387 0.534673035
 1024 0.907878339 -0.688197255 0.703351617 0.528252482
 1025 0.885984182 0.335083127 0.468094170 0.701661229
 1026 0.571913898 1.19872582 0.121315464 0.390080631
 1027 1.65502262 -0.572964787 0.351698518 0.404227853
 1028 1.14111161 1.16358852 0.244045094 0.381683528
 1029 -1.53208482 -0.403336674 -0.141701519 0.573586762
 1030 0.635737062 1.13062882 0.724823534 0.550314963
 1031 1.28887844 1.30778003 0.574146032 0.453467399
 1032 1.32558250 0.316996872 0.667139351 0.289959908
 1033 -0.601416945 0.235537708 -0.389200300 0.624296904
 1034 0.444271386 -2.61113262 1.20994592 -1.52583671
 1035 -2.39175749 -2.76960444 -0.118096046 -1.53819549
 1036 0.313915968 -1.87780142 0.186251268 -1.52191126
 1037 -2.47136879 -2.59165454 0.202758089 -1.04224443
 1038 -9.49658453E-02 -2.70569086 0.899964631 -1.63521540
 1039 -1.87267423 -2.73819470 0.498947114 -1.44622087
 1040 -0.362240016 -1.91847098 0.967205524 -1.71567583
 1041 -0.817597926 -1.95097792 2.20525209E-02 -0.796586215
 1042 -2.17762995 -2.25008392 0.698195457 -1.43895900
 1043 -0.726402104 -2.23354936 0.406107724 -1.62455392
 1044 -1.86392224 -2.25152016 0.665962815 -1.45958090
 1045 -0.885146141 -1.70882010 1.42425025 -1.46829307
 1046 -0.348738253 -3.21631122 0.725721240 -1.56163621
 1047 -1.24669194 -2.85271263 0.572288394 -1.46157491
 1048 -2.61035609 -2.68267584 0.506320179 -1.64209855
 1049 -0.413679510 -0.966960609 0.494942218 -1.50453675
 1050 -2.16014576 -2.84405184 -0.162955627 -1.43259096
 1051 -1.47609198 -3.05011368 0.719407558 -1.46657598
 1052 -1.14453852 -2.16169596 0.649840713 -1.52297568
 1053 -0.386681437 -1.86322081 0.631564975 -1.56792772
 1054 -0.383641303 -1.45010769 0.653031707 -1.60795569
 1055 -0.522679806 -2.72628379 0.475708127 -1.61340094
 1056 -0.384373039 -1.30599999 1.23054779 -1.38683558
 1057 -0.346060514 -1.43494833 0.392458588 -1.59628105
 1058 -2.37942767 -3.18205285 0.108792044 -1.50485492
 1059 -0.775329173 -1.78982258 5.38414493E-02 -1.44220102
 1060 -1.14383793 -2.39930868 7.32274950E-02 -1.21870542
 1061 -1.57980776 -1.95442235 0.164871201 -1.73650491
 1062 -0.767048597 -2.44556546 0.376001120 -1.89162755
 1063 -0.166145444 -2.61459064 0.696377575 -1.21411657
 1064 -2.11663628 -2.29298782 0.902649343 -1.46695483
 1065 -1.81622779 -4.25248528 0.176910803 -1.91126931
 1066 -0.257841080 -2.29410243 0.428957164 -1.32760692
 1067 -0.579580903 -1.92297697 0.337454557 -0.881837249
 1068 -0.785788655 -1.69155073 -0.176880836 -1.73247719
 1069 -0.864619911 -2.45147824 -0.309920073 -1.72378778
 1070 -3.07601452 -1.27882385 0.732709587 -1.70957100
 1071 -0.291246712 -2.78841209 0.627393186 -1.37356412
 1072 -1.18088377 -2.85502195 0.789106131 -1.53016889
 1073 -1.44897950 -3.69808173 -0.369998634 -1.68855345
 1074 -1.80023992 -2.81740975 0.273573548 -1.86102271
 1075 -0.687782407 -1.58283699 0.318792403 -1.57293868
 1076 -2.14653945 -2.41586852 0.461384416 -1.52297616
 1077 -1.49834991 -3.40944672 0.133475065 -1.43251014
 1078 -0.684158266 -1.93955040 0.533293188 -1.84408152
 1079 -1.56915581 -2.40675712 1.10633552 -1.38874435
 1080 -1.64173305 -2.62730193 0.121715255 -1.61167896
 1081 -2.17193937 -1.54750288 0.749122739 -1.64225137
 1082 -3.37129450 -1.70502019 0.478520215 -1.47646797
 1083 -0.636052370 -2.50580549 0.506802499 -1.50254786
 1084 0.260561436 -2.40305972 0.950485408 -1.55735457
 1085 -1.36337519 -2.37018681 0.425408036 -1.80581045
 1086 -1.55182755 -2.09593940 0.909990013 -1.70921397
 1087 -1.05362725 -2.31886888 -4.37215455E-02 -1.44276392
 1088 -2.32927036 -2.43802691 0.727858126 -1.57888031
 1089 -2.19274521 -3.04891348 0.652265429 -1.44494438
 1090 -1.84519649 -2.19363666 0.392256528 -1.91205764
 1091 -0.680968344 -2.48739791 -0.368259639 -1.60553503
 1092 -1.17275071 -1.84594464 0.368585587 -2.00588822
 1093 -1.18161809 -0.878037214 1.26992929 -1.65615535
 1094 -0.163304776 -1.55877888 0.647342682 -1.63057089
 1095 -1.74699426 -2.74877048 0.491861701 -1.54830980
 1096 -0.681576610 -1.59908664 0.385971248 -1.76416659
 1097 -0.567164421 -2.61705446 0.790479183 -1.55013382
 1098 -2.03448486 -1.99151766 -0.184196040 -1.58497870
 1099 -1.85897732 -1.84507382 0.494811296 -1.43336844
 1100 -1.39531183 -1.95064569 0.119999073 -1.69322169
 1101 -0.625940084 -2.04910278 4.69353646E-02 -0.612496972
 1102 -0.621218681 -3.00485349 0.807334363 -1.54974651
 1103 -1.20674479 -2.66558719 -3.21720243E-02 -2.00731587
 1104 -2.15211034 -1.62268996 0.758117497 -1.65259731
 1105 -0.846537828 -2.39565158 0.500618875 -1.81378174
 1106 -1.25266409 -1.70675063 0.275343299 -1.42918146
 1107 -1.44978940 -1.62258065 0.404697537 -1.77939737
 1108 -1.26857460 -2.33464074 0.114167333 -1.31832421
 1109 -3.07404995E-02 -1.62234294 0.239402115 -0.730082214
 1110 -0.984366179 -2.23321986 1.16716886 -1.61772645
 1111 3.05380188E-02 -2.23860478 -7.85945356E-02 -1.97142327
 1112 -1.05463099 -2.77324033 0.289106011 -1.75290418
 1113 -1.36494982 -1.77509212 0.914575815 -1.45172441
 1114 -1.82314837 -2.00581050 0.125740707 -1.89458919
 1115 -1.18191099 -3.08232903 0.549978137 -1.42443109
 1116 -1.13532233 -1.44868731 0.529858351 -1.51804495
 1117 -1.87806338E-02 -2.15305042 -0.165241495 -1.35166371
 1118 -1.86992908 -2.84860873 -1.94479134E-02 -1.67367494
 1119 -0.489929616 -2.11835313 0.478470922 -1.33969426
 1120 -1.57428741 -2.87026501 0.871822238 -1.54936087
 1121 -1.96177876 -2.57519317 1.20062447 -1.61682999
 1122 -1.07493663 -2.33295560 0.219655946 -2.58423042
 1123 -1.92654514 -1.35815048 0.659166813 -1.53960466
 1124 -1.04240978 -2.62438846 0.769366682 -1.57343340
 1125 -1.45250475 -1.94178283 0.554877996 -1.46280193
 1126 -1.05594110 -0.790184736 0.689199030 -1.44604135
 1127 -1.34657097 -1.21249354 0.841301739 -1.78826702
 1128 -1.78919220 -2.46889043 0.980540216 -1.48020446
 1129 -0.242469490 -2.12663507 6.54894635E-02 -1.87651122
 1130 -1.22491384 -3.77284622 0.154376328 -1.52270830
 1131 -0.349022180 -1.58707488 1.10968447 -1.38217163
 1132 -1.57781422 -1.58185446 1.49152851 -1.64952302
 1133 -0.723602355 -2.58241177 0.952029884 -1.84410024
 1134 -0.828516066 -2.68760800 -1.10707022E-02 -1.62175250
 1135 -0.673132658 -2.21132660 0.468115628 -1.51854920
 1136 -1.41527081 -1.19983244 1.04803038 -1.78937364
 1137 -1.04872477 -2.64427304 -0.410618007 -1.60956919
 1138 -1.27087998 -3.38963127 0.265257359 -1.46853900
 1139 -1.35817742 0.208543330 -2.94778419 -2.18020725
 1140 -2.14791083 -1.35769510 -2.79314685 -2.43599153
 1141 -2.53374171 -0.278345436 -2.43047881 -0.953296125
 1142 -1.97575438 -1.81992447 -2.44798493 -2.37776399
 1143 -1.86833978 -1.71879435 -2.34460616 -1.09092391
 1144 -2.13440466 -1.16792011 -2.46343923 -0.181387588
 1145 -2.02636719 6.14255667E-04 -2.34007668 -2.47280478
 1146 -2.47436643 -0.197645888 -3.01578021 -1.77333152
 1147 -1.17757559 -0.760741711 -2.28294277 -3.61231256
 1148 -1.27884877 -0.628492355 -3.03918600 -3.75463486
 1149 -1.72127950 -0.146421015 -2.25152564 -1.87200308
 1150 -1.84902000 -1.51617837 -3.12579036 -3.00971222
 1151 -3.36937809 -1.29040563 -2.43192959 -0.973005474
 1152 -0.316394955 -0.872794688 -2.50291443 -2.49659896
 1153 -2.22477746 -1.33106446 -3.27867389 -1.75348461
 1154 -2.04020500 0.326911539 -3.04271650 -1.56652331
 1155 -2.28795218 -0.255933642 -2.68638062 -0.251360387
 1156 -1.71926832 0.321097493 -2.40715075 -3.70371222
 1157 -1.93088925 -0.568071842 -2.50790381 -1.74895561
 1158 -0.708910763 0.211699143 -2.27410293 -0.960290968
 1159 -1.32056284 -0.381496578 -2.63109684 0.122031674
 1160 -1.33966351 -0.183912709 -2.32468748 -3.73710084
 1161 -2.76194954 -1.28530312 -1.79471385 -0.137968212
 1162 -2.07001948 -0.212196305 -2.80983400 -0.853996933
 1163 -1.44199932 -0.119886905 -2.20953703 -3.70302463
 1164 -0.251747608 -0.724535823 -2.60028195 -3.48962021
 1165 -0.916830480 -0.994277894 -2.66005683 -3.95206523
 1166 -2.33584046 -1.12052429 -3.29842162 -1.72210741
 1167 -0.388926327 -0.933388710 -2.59404850 -1.75844812
 1168 -1.62663412 -0.206362277 -2.78451681 -1.77200019
 1169 -0.291057467 -0.571520269 -2.52812028 -2.59013438
 1170 -1.88635182 1.17428279 -1.57965660 -1.56513214
 1171 -1.32915664 -0.215447813 -1.37440133 -1.54409742
 1172 -0.714203477 -1.19329119 -1.91476822 0.372249395
 1173 -0.843535602 5.00326604E-02 -1.96030176 -3.42897868
 1174 -0.412419051 0.288979471 -2.08830070 -2.34064078
 1175 -1.82009780 -1.13156915 -2.98421621 -1.71790779
 1176 -2.39757562 -1.61557758 -2.83826065 -3.22981167
 1177 -0.558767855 -0.941250801 -2.72900152 -3.25296450
 1178 -1.36016238 -0.980830550 -2.69940519 -1.59330618
 1179 -0.753047705 -1.38034272 -3.22438765 -1.55744481
 1180 -1.57430041 -1.28134346 -2.97887444 -0.217708498
 1181 -1.37704444 -0.932531655 -2.59571505 -3.98700070
 1182 -0.506584287 -1.27366400 -2.80726147 -0.992069483
 1183 -1.23112023 -1.41393971 -2.28385997 -1.09140444
 1184 -1.50209081 -1.63038635 -3.04145002 0.329628617
 1185 -0.742918909 -2.42945576 -2.64630032 -1.21096849
 1186 -1.76411152 -0.914831698 -3.32608223 -0.311144143
 1187 -1.10237455 -1.00264502 -2.31404257 -3.78378010
 1188 -1.56318355 -0.860915184 -2.61384940 -1.07056606
 1189 -0.106515259 -0.698761582 -3.13440394 -3.12663674
 1190 -1.58753467 -0.516009867 -2.33860087 0.428587496
 1191 -1.92178524 -1.94071698 -2.56961298 0.341280878
 1192 -1.22772408 -0.179074362 -2.52769279 -3.76253557
 1193 -1.51078916 -0.751157224 -2.21412706 -3.85899234
 1194 -1.66289413 -0.854830742 -2.87172890 -0.498358995
 1195 -0.828642964 -1.18037951 -1.95856118 -1.57535207
 1196 -1.33099973 -0.937332034 -2.52335477 -3.14877510
 1197 -0.149311692 -0.203924477 -2.30061626 -2.94422841
 1198 -1.11935592 -0.769796908 -1.88512087 -0.252920985
 1199 -2.66175461 -0.665102839 -2.56533194 -1.69933760
 1200 -1.79012644 0.475169182 -2.99864554 -2.23635578
 1201 -2.35697389 -1.03137350 -2.56296706 -3.65041351
 1202 -1.45153260 -1.69959879 -2.36744809 -2.31850719
 1203 -1.35817051 -1.46311021 -3.14469314 -0.846588731
 1204 -1.04987347 0.543378830 -2.49500084 -3.22384024
 1205 -1.83768547 -1.73844171 -2.83173752 -1.12576699
 1206 -1.92160809 -1.19193316 -1.90848017 -2.41351604
 1207 -1.24447012 -0.335232794 -1.78211701 -2.26811075
 1208 -1.64096856 -0.698146701 -1.90734935 -0.323925883
 1209 -1.87253022 -1.45982659 -2.06524229 -1.02080989
 1210 -2.90939403 -0.810932279 -2.65391397 -1.78385067
 1211 -2.25120783 -1.56272304 -2.18153071 -3.83251786
 1212 0.341767967 -0.795557678 -2.06490731 -1.78316557
 1213 8.38562250E-02 -0.174765542 -2.67828751 -0.955374599
 1214 -2.53736067 -1.45839429 -2.56714821 -3.28453517
 1215 -2.91288614 -0.774762690 -2.48393917 -2.31183147
 1216 -2.39896417 -1.33148146 -2.98007655 -0.921150923
 1217 -1.07232821 -2.31447339 -2.05696583 -1.09789443
 1218 -3.02039528 -2.06579947 -1.80323315 -0.299110711
 1219 -2.93111038 -1.79220676 -3.10372019 -2.94925237
 1220 -1.95014441 -1.00064158 -2.52147245 -3.13221526
 1221 -1.97059417 -1.91272449 -2.36169767 0.273451328
 1222 -1.22570825 -0.737844467 -3.01527190 -3.79072046
 1223 -2.70777225 -1.00462675 -2.13209510 -2.40782857
 1224 -2.35449243 -1.40286326 -2.35724950 -3.58123112
 1225 -1.97698653 -2.32069016 -2.74050546 -0.270237446
 1226 -2.21818495 -1.28577304 -2.51134038 -0.931682646
 1227 -1.83362937 -1.05302846 -2.64305544 -1.68883681
 1228 -0.733067870 -1.27685988 -1.68670118 -2.43178582
 1229 -1.66451800 -4.84693125E-02 -1.96909416 -2.47887635
 1230 -1.75841784 -6.08720668E-02 -1.70922136 -3.60064054
 1231 -3.35453582 -0.968284130 -3.02750540 -1.57787645
 1232 -0.247070923 -0.933861256 -2.43716383 -1.61161697
 1233 -1.65321064 -1.40639317 -2.83169699 -1.65860426
 1234 9.13244039E-02 1.47617683E-02 -2.43046546 -1.76302814
 1235 -2.71445131 -1.68170178 -2.66087270 0.433379591
 1236 -2.78444672 -1.97497773 -3.22306156 -1.50509083
 1237 -1.25245595 -2.13711524 -2.97248530 0.224174723
 1238 -0.238335341 -2.24601078 -2.17161489 0.240194976
 1239 -0.527624190 -0.566114366 -2.00994253 -3.62394643
 1240 -1.59726310 -1.23871207 -2.28512096 -1.68288422
 1241 -1.08439088 -1.59284902 -2.01741409 -3.67158914
 1242 -2.16149092 -1.06110942 -2.51253152 -1.68424070
 1243 -1.57351983 -1.09076321 -2.62283707 -3.00340748
 1244 -1.03565085 -1.54132414 -1.86560845 -3.68295336
 1245 -0.648046076 -1.31269670 -2.72884560 -0.425060332
 1246 -1.83926761 -1.72915137 -3.43367982 0.348513901
 1247 -2.33996940 -1.10068655 -2.63711977 -1.54061234
 1248 -1.39186144 -1.28986931 -2.76323199 -3.15018964
 1249 -1.78017640 -2.02086902 -1.83700848 -3.97226000
 1250 -2.39548874 -1.31578434 -2.01868343 -4.09076023
 1251 -2.66535521 -1.60902977 -1.70906806 -3.61752176
 1252 -0.782748938 -1.44144821 -2.05103421 0.306251436
 1253 -2.43954539 -1.07577205 -1.33863628 -3.69938588
 1254 -1.52777743 -1.30083883 -2.27091670 -1.80933154
 1255 -2.31563067 -0.601622462 -2.10700297 -3.80630541
 1256 -3.41726089 -1.45973182 -2.74549174 -0.869256258
 1257 -2.10962725 -1.22887444 -2.02161598 -3.80370426
 1258 -0.558763504 -0.436418563 -3.16269183 -2.47900581
 1259 -1.19660187 -0.365431905 -2.00466013 -1.60886705
 1260 -1.25509512 0.916049480 -2.75997639 -2.38812160
 1261 -1.61804938 -1.28864324 -3.46666431 -3.69643950
 1262 -2.21513891 -1.23845232 -3.39824271 -3.29913425
 1263 -3.39258814 -1.14653873 -3.04788685 -2.99291873
 1264 -1.79829240 -0.820521951 -1.93610537 -1.67750120
 1265 -2.07558656 -0.464823186 -2.56276059 -3.72197771
 1266 -0.862100482 -1.29406834 -2.32782149 0.263752371
 1267 -1.21731973 -1.26444590 -2.06099463 -1.71590066
 1268 -1.20537972 -1.51068807 -2.85978556 -2.93917346
 1269 -1.53715014 -0.802545309 -2.24446392 -1.88610756
 1270 -1.87080872 0.208173692 -1.98920190 -3.06355286
 1271 -2.76460838 -0.505286872 -2.86322880 -1.06166005
 1272 -1.16516078 -0.177748471 -2.62720203 -0.310222864
 1273 -1.12694037 0.102113046 -3.29837322 -1.69854212
 1274 -3.03138924 -2.17680097 -3.07479310 -1.02379656
 1275 -3.54095531 -0.784834266 -2.05664253 -1.55656719
 1276 -1.45724213 -0.166161343 -3.08440280 -1.63744664
 1277 -1.32098103 -0.824493945 -2.55809832 -1.55503845
 1278 -2.28663421 -0.155666918 -3.07507253 -2.29715109
 1279 -0.243019372 -0.799209118 -2.47764897 -1.88400662
 1280 -0.263816833 -0.453906387 -2.38508558 0.214439750
 1281 -2.17593002 -0.250792980 -1.88252282 -1.72443259
 1282 -6.72896057E-02 -0.103613064 -2.26754069 -1.73721850
 1283 -1.97938228 -2.16790748 -3.25072503 -1.70604217
 1284 -1.59041417 -0.270140976 -2.63152695 -3.76626372
 1285 -2.76264930 -0.687736750 -2.15950990 -3.16921902
