 1 -0.615507245 -0.667022467 -1.25264025 0.451628178
 2 0.686802089 1.11323881 -0.908980250 0.848378897
 3 -0.587402940 0.581806540 -0.630152524 0.688702524
 4 0.603422105 -0.133253664 -1.01381314 0.413118541
 5 0.248995483 -4.73004021E-02 -1.88129413 -0.411269277
 6 0.918048739 -0.739868045 -0.331474900 5.28802127E-02
 7 2.20615602 4.79721576E-02 -1.75500965 0.323711216
 8 0.360912710 0.610613585 1.13118505 -0.555449784
 9 1.45047879 -0.222936660 -0.511642694 0.519295096
 10 1.72027087 -0.157851428 -1.31434751 0.308529794
 11 -0.411271185 0.142852962 -1.37678683 0.504014492
 12 -4.79057282E-02 0.132859930 -0.184800267 0.220080286
 13 -1.07872176 0.413165361 -0.644137740 -0.497895896
 14 1.11251926 1.23907673 -3.39037441E-02 0.371036708
 15 -0.549567759 -1.28699589 -2.01550794 0.827108920
 16 -0.763012886 -0.588013291 5.08072823E-02 -0.566379249
 17 1.27692354 -0.321099252 -1.64416695 0.364335418
 18 -0.354047120 0.176390067 -0.701879382 -0.476677150
 19 1.12318671 0.315197051 0.289048553 -2.18318403E-03
 20 0.263597816 0.128650308 -0.846570373 0.287137479
 21 -1.85856497 0.797396004 0.531515241 -0.316699028
 22 0.701273382 -1.35709298 -0.342607975 0.201337695
 23 2.09682536 -0.783486366 0.299694270 0.364078462
 24 0.251802623 0.131954432 -0.377261788 0.144071847
 25 9.34055150E-02 0.432306290 -1.11247075 0.567292213
 26 -1.32404065 -0.850361705 1.59859383 -0.396346718
 27 -0.751017332 -0.596625865 -0.726947427 -1.26514697
 28 0.903245926 0.819079578 -0.373708725 -0.482327819
 29 0.389832944 0.805445194 -9.61140990E-02 -0.349127024
 30 1.06566477 0.293658555 -0.214948341 -0.392214805
 31 0.879582524 -0.542739749 -0.758084893 -0.370872557
 32 5.33973128E-02 -5.41975163E-02 -2.04026771 -0.666341841
 33 0.644330680 0.386382908 -0.125316530 -0.405806035
 34 -6.67803660E-02 2.81087607E-02 -1.33228219 1.07954693
 35 -1.33526945 0.609632492 0.256954044 -9.28873569E-02
 36 -0.454229236 -0.635931253 -0.206702024 0.149752319
 37 -1.90792096 -0.136752740 1.15966582 -0.709083438
 38 -1.21821916 0.666837215 -4.57415022E-02 1.04730690
 39 0.193449050 -0.441166043 -0.530957580 -0.126745015
 40 0.433283329 0.483871698 -1.14184928 0.212966070
 41 0.771356404 -0.211432904 1.15965223 -0.568694353
 42 0.185790077 0.414494038 0.354305476 -0.397364199
 43 -1.91069579 0.421168715 -0.200939834 3.55453864E-02
 44 -1.71569681 -1.31469190 -1.17641783 1.02204430
 45 -1.35679817 0.446880013 -1.98351622 6.29626215E-03
 46 -0.102968767 -1.14689350 9.09313411E-02 0.217887387
 47 3.15043926E-02 0.212531745 -1.08595192 0.163226470
 48 -2.48317027 -0.551449060 -0.741146922 -0.669728518
 49 -2.53458190 1.24702603E-02 -1.07961226 0.300237566
 50 0.879248619 2.10822597E-02 1.03444481 0.342339158
 51 -1.34058225 -1.55852163 -0.425560325 -9.77082178E-02
 52 -0.843169212 0.572042823 -0.571379423 0.857099712
 53 -0.967180490 1.42741823 0.887065470 0.360338330
 54 -1.95826530 8.88527110E-02 -0.650449514 -0.500337005
 55 1.91179240 1.10575235 -1.14224935 0.906151175
 56 0.480393440 -0.318504691 0.265215635 -0.263853371
 57 -8.27520192E-02 1.07148731 -1.11474109 0.126795948
 58 -5.93986064E-02 -0.253145307 -0.987379611 -0.671317577
 59 -1.28970206 0.234717801 -0.300128996 -0.292672515
 60 1.40498948 -0.445320696 1.00872231 -0.583029747
 61 -0.215295270 0.420395821 0.686239541 -0.493514627
 62 -0.723268569 3.36737595E-02 -0.111265898 0.237719446
 63 -1.66869664 -0.515644193 -0.839929938 -0.268322647
 64 2.63500905 -0.337957025 -0.352567255 0.166650400
 65 0.253756970 2.09170580E-02 2.16457099E-02 -0.458800733
 66 0.199758753 -0.552826047 -0.169659197 0.250827581
 67 0.214657471 -0.564685941 0.120230503 0.283952802
 68 -1.03724241 0.675305247 1.18686104 0.282386214
 69 0.201861069 -0.520216703 0.255139530 0.481743515
 70 -3.44500504E-02 0.700923204 0.196206719 -1.27000701
 71 -0.102152288 0.687564075 -1.52956450 0.237489179
 72 0.116649121 -0.164005145 -1.83194971 0.422499150
 73 -1.38679707 -0.380434513 -1.91443133 0.244018480
 74 -1.79709315 -0.563911557 -0.669817388 -0.779065967
 75 1.11765683 -0.320240021 1.31197977 0.279998779
 76 1.10485160 0.457187176 -1.04174566 0.126745075
 77 -0.123209268 -1.61742210 0.547299743 0.225203767
 78 -0.480813563 1.14294839 -0.928809226 1.19839346
 79 2.71889544 -0.684114695 -1.22223568 -1.13864899
 80 1.24811435 0.774010420 -1.29421759 0.139715344
 81 0.544358909 1.02917373 -1.13274693 0.351747543
 82 -1.90358472 0.362351716 0.640107632 -0.296993047
 83 0.892190516 0.115622044 -0.314184159 0.150900066
 84 0.446332067 -0.145076364 -0.744916677 0.172506899
 85 -2.18229008 0.154950187 0.365737200 -0.539233685
 86 -0.286257207 0.523521423 0.217056572 -0.446269542
 87 1.16346490 -0.637156248 -0.424244940 0.552864373
 88 -0.795387983 -1.30993271 -0.942463577 5.62927313E-02
 89 1.66417766 -0.641487360 -0.997562826 -0.296457350
 90 -0.861644328 0.591352701 -1.46068478 0.757327139
 91 -1.20759159E-02 0.354158580 -0.566725552 0.140239626
 92 2.02450752 -1.12269902 0.411458969 0.801471174
 93 -0.288828790 -3.05811316E-02 -1.94147682 0.473674536
 94 -2.28855371 0.664579570 -2.25030541 -0.511844516
 95 0.742665410 4.13577072E-02 -1.25030470 0.259194911
 96 0.863940835 -0.582252443 -0.639596820 0.251664400
 97 -1.65399623 0.114007369 -0.216943249 -0.532669723
 98 -0.421460479 1.11825967 -0.352953762 0.902022123
 99 -1.60448372 -1.44834423 -0.315869093 -0.219787121
 100 0.577259064 0.550434709 -0.739949346 -0.966427445
 101 -0.415149122 0.140353844 -1.42897367 0.210590720
 102 -0.640703499 1.31212795 -0.712636709 0.745152116
 103 1.88589823 -0.314035714 -0.969977796 -0.282906473
 104 0.882525146 -0.272181749 -1.79023516 0.244637325
 105 -0.921595097 1.05378497 0.923757792 0.119343013
 106 7.41221532E-02 0.711052716 -1.46533823 -0.451846898
 107 2.41171837 -1.18133676 0.468696237 0.769046426
 108 -0.763735950 2.50434056E-02 -0.493016005 0.295105577
 109 -2.42314529 -7.01466873E-02 -0.839693964 0.193923369
 110 0.147577599 -0.623486578 -2.89126635E-02 0.414160579
 111 -1.05873799 0.686849356 8.76853615E-02 0.285127044
 112 -0.982852697 -5.35093248E-02 -0.658997476 -0.282010823
 113 -0.924730897 -0.286445260 -6.89124316E-02 0.224672154
 114 2.61088300 -0.889138937 0.513484478 0.138669744
 115 0.504849076 -0.101470634 -0.974854052 -1.71517562E-02
 116 1.76601255 -1.13570106 -1.68546534 0.284633756
 117 -0.944426894 -0.145597547 -0.594134331 0.170930997
 118 1.62432480 0.743479371 0.684395969 -0.604975700
 119 -1.07180095 0.393131137 0.277762294 -8.06479901E-02
 120 0.481395304 -1.45260692E-02 0.500700593 1.00349569
 121 0.946298003 0.160785377 0.317291856 0.364663094
 122 1.04461789 -0.771302342 1.03836298 -0.606795788
 123 1.33771920 0.549092591 -0.609021366 0.225299776
 124 -0.973552704 0.552999854 -0.776503086 1.03042519
 125 -0.542729020 -0.282862276 -2.19104195 0.761693358
 126 0.757501900 -0.334139764 0.717003167 -0.269938409
 127 0.249234825 -0.601491988 -1.13663960 -0.440613806
 128 -0.244131237 0.949702919 0.548958659 1.35554957
 129 -0.975302815 0.554896474 0.436962873 0.947848082
 130 -0.797518849 0.359003335 -1.23608625 -0.493531317
 131 -0.327747285 0.240372241 0.347060323 0.311567783
 132 2.68595362 0.226434827 -8.12112242E-02 -1.05783916
 133 0.738910913 -0.879165053 6.65131062E-02 -1.28284633
 134 1.81534660 0.163251489 -2.03869677 0.363696545
 135 1.63708723 0.111548163 -0.754480600 -0.968508363
 136 -5.68163097E-02 -0.392371476 -1.33583701 0.517155290
 137 1.54949820 -0.714226186 0.189311326 0.325636804
 138 -0.728092611 -0.540083885 -1.38751960 0.211673021
 139 0.799836755 -0.223860934 -0.761673689 -0.461178660
 140 0.229892477 -0.309029758 -0.653443635 0.267624080
 141 1.46171331 -0.458918422 -1.18993533 -2.42936015E-02
 142 1.45959747 0.322967947 -1.26446998 0.241165414
 143 -1.22714531 -0.953450799 -1.66546702 0.364928782
 144 0.460145831 2.09187418E-02 -1.68787813 1.18531299
 145 1.18971455 0.481077909 1.19496846 -0.598643363
 146 0.847751737 -0.261977077 0.395078897 -1.04179931
 147 -0.884071469 -0.115107521 0.382873774 0.401935399
 148 2.66042948E-02 0.868204355 -0.539102674 -0.308880478
 149 1.41372705 -0.250844538 -0.226930410 0.641373754
 150 -0.731890917 0.765591085 -6.26289845E-02 0.207776159
 151 -0.951363027 0.400598049 1.04539776 0.265528470
 152 0.871417880 -8.77826661E-02 0.375754833 -1.18127060
 153 0.452452660 1.18559027 -0.204470485 0.810424387
 154 -0.939593196 0.401559472 0.145589873 0.508801162
 155 -0.677179754 -0.121313378 0.350064158 0.129757971
 156 1.52418768 0.531371415 -6.33045658E-02 0.353237987
 157 -1.02862954 0.289083958 0.650483668 -0.384025753
 158 0.319659293 0.816763461 1.10323679 0.142644674
 159 -0.791421175 0.524978995 -1.39583373 -0.172852218
 160 0.273653537 -0.469653726 -0.438323051 -0.378071994
 161 1.35310555 -0.261241436 -2.72022200 0.158951104
 162 -0.513372421 0.923491716 -0.921181202 0.139684662
 163 -0.914129078 -0.440506577 -0.793088913 -9.43075418E-02
 164 3.85801196E-02 0.552071691 -0.556390584 -9.52868834E-02
 165 0.861386120 -0.322710723 -4.09529209E-02 0.106133312
 166 -2.03764486 -0.363458574 0.943954945 -0.535382688
 167 -0.945823610 0.518827856 -0.445719540 -1.21031725
 168 -2.31975889 0.259377331 0.136734217 0.341687441
 169 0.442036867 0.669367015 0.391844392 -0.599084973
 170 -0.705352187 -0.678571224 -0.624350011 -0.513662457
 171 -2.52344441 -0.706310213 -0.225105911 0.122418106
 172 1.79459620 -0.135801390 -0.454006791 -1.00037718
 173 1.03385568 -0.369816005 -1.76627207 -1.29613566
 174 -0.581862926 -0.835244417 -0.366036028 0.279688001
 175 -1.34966421 -0.319616616 -1.16539431 0.634890258
 176 -2.91697335 -0.414486170 1.69795680 0.405433625
 177 0.858449817 4.01011296E-02 -1.16822720 0.186501473
 178 3.26157808E-02 -0.231752992 -0.809238672 0.536386251
 179 -1.32508612 -0.331961989 -0.410083562 2.20694393E-02
 180 -1.98801947 -0.406661063 -0.616539359 0.232522726
 181 -0.144545481 0.970310330 -1.35741985 1.09299076
 182 -0.296172321 -0.211575866 -0.623441219 0.199139535
 183 -0.195454150 0.954402983 -1.30237043 0.759410560
 184 -2.62721157 -0.503555179 -6.81522042E-02 0.220363796
 185 2.23682022 1.00165701 -0.745570481 0.261311769
 186 5.07083759E-02 -1.29645979 1.33556747 -0.231325403
 187 -0.607748389 -1.04995918 -1.36152434 -0.503946900
 188 -0.333348662 -0.502705693 -0.264340580 0.167637691
 189 3.20577621E-03 2.76681632E-02 -0.972232521 -3.02987099E-02
 190 0.492601454 0.233346894 -1.52590501 0.682386160
 191 0.515064061 3.88599932E-03 -0.669547558 -0.234339848
 192 -0.615658283 -0.703974664 0.970120907 0.163006634
 193 -1.02377981E-02 -0.151626736 1.88581705 -0.848212719
 194 0.836248398 -0.223807812 -0.498001158 -0.168327570
 195 -1.03343916 0.696281016 0.134902000 0.256126523
 196 -0.405894071 -0.156676948 0.895556867 -0.109792367
 197 -0.821737468 6.20724559E-02 0.359440535 -0.489919841
 198 -0.718582749 7.03583956E-02 1.26353145 -0.604715228
 199 -0.402556658 -3.87387350E-02 8.78240168E-02 0.102482148
 200 0.176431060 -6.22163713E-03 0.875803113 0.430004984
 201 -8.56941938E-02 -0.413207829 -0.875070930 -0.409506559
 202 0.341647446 0.355971009 -1.35441387 0.166927889
 203 0.272058874 -0.213686451 -0.975562096 0.291551530
 204 -0.513358295 0.552695513 7.82424584E-02 0.252545923
 205 -1.86796331 -3.17763537E-03 1.90190673E-02 0.398157120
 206 -0.767559052 6.80674985E-02 -1.63807642 9.95792076E-02
 207 -2.36702037 0.591913998 -0.223084182 0.139386460
 208 0.267365634 0.201899931 -1.74423850 0.470838517
 209 1.90954053 -0.206164241 0.632764995 -0.253052473
 210 1.85412776 -0.390762091 1.10688043 -0.574767649
 211 1.32695413 0.493859529 -0.314568490 -0.236243933
 212 0.871271074 0.455976576 -2.26570654 -0.630465090
 213 1.06841803 -0.308186591 -1.83082128 -0.980471730
 214 -0.636601686 1.16552019 -0.841640770 0.708514631
 215 -0.107565671 9.81984809E-02 -0.176856264 0.758488476
 216 -0.751693845 4.24400121E-02 -0.586808860 -0.790994525
 217 0.523869872 2.25922614E-02 -1.83798420 0.515697718
 218 -0.196525782 0.145515129 -1.56077397 0.446692765
 219 -0.257450044 6.12678826E-02 0.114087969 0.162315607
 220 3.37489653 -0.364820480 -1.57239711 -0.561348379
 221 1.93709338 0.404582381 0.850784421 0.517748356
 222 -0.244807184 0.426835418 -1.67391312 -0.544185042
 223 -0.233145401 0.370412350 -1.27398074 0.194702864
 224 -0.949461818 -0.817680180 -1.64572251 9.04744491E-02
 225 0.401748091 0.371662498 -1.76801431 0.190529659
 226 -4.60825711E-02 1.39351130 -0.833284855 -0.556254506
 227 2.06331253 1.12447715 -2.41827440 -0.190906048
 228 -2.57579833E-02 0.728671491 -1.60577178 0.924102068
 229 -0.221264735 0.723668635 -2.06577730 -0.259769022
 230 0.666617870 -0.986174822 -0.816270828 -0.455688179
 231 -0.680289626 1.50530785E-02 0.467996806 0.221214816
 232 0.794924498 -1.43581510 -3.92062664E-02 0.105159655
 233 -0.392232805 0.288022637 -2.39755034 -0.445671827
 234 -0.188642785 -0.691506982 -1.79525959 0.261880010
 235 -0.971191645 -0.476056784 1.10791004 0.156715184
 236 0.513081551 1.37105620 -0.887342751 -0.179293916
 237 1.74011838 0.506218195 2.55903006 -0.420440078
 238 -0.422909826 -1.01510596 -0.485109061 7.24754110E-02
 239 -1.48098195 -7.76342899E-02 -0.824741304 0.199237540
 240 -0.527797639 1.17645311 -0.550835967 0.408170313
 241 -0.157333136 -0.579509974 0.750226974 -0.583663344
 242 1.81861234 -0.610714555 0.262529194 3.83851379E-02
 243 5.00137955E-02 0.480713785 -0.851691246 0.308386952
 244 -1.26832056 -0.322029144 -1.05343580 0.215140671
 245 -0.952894866 -4.82924655E-02 -0.829624116 -1.61809015
 246 -1.23525989 4.33699787E-02 -0.198681235 0.320668846
 247 -0.431404471 -0.516679227 -6.90510049E-02 0.445648193
 248 -2.60825348 0.813590705 0.111787446 -0.278300881
 249 -1.78971112 7.52335489E-02 -0.816596627 -0.137500077
 250 -0.203999490 0.367053360 -0.362894952 0.493985057
 251 0.249804869 -0.255471647 1.81972671 -0.552888334
 252 -0.593586206 -1.46102321 -0.655488133 6.02500886E-02
 253 -0.472430974 -0.196366847 -4.57236804E-02 0.158209920
 254 0.294292629 0.582406819 9.83348191E-02 0.118649684
 255 0.116837442 -0.469596267 -1.56038773 -0.350802064
 256 1.75416350 0.615232944 -1.04210949 0.287065446
 257 -9.04080719E-02 1.95059180E-03 -0.736133099 0.253461421
 258 -9.91487205E-02 -1.02071464 -1.66002965 -0.307675183
 259 -0.346421540 -0.305402339 9.86448377E-02 0.328227580
 260 -0.599128008 -0.479782641 0.293799341 -0.509573102
 261 1.15456009 0.301395923 -1.64750969 -0.509863377
 262 1.22896111 1.31803489 9.54599157E-02 0.223953262
 263 0.407215774 -0.658976912 0.191145599 1.04690802
 264 -1.55686426 -0.373312175 -1.25518799 0.310237497
 265 1.03731632 -0.577422738 -0.687259614 0.243781149
 266 4.29040194E-02 0.899144590 -0.378229320 0.308548093
 267 0.432476044 -0.399581850 -0.418265700 0.168135092
 268 1.69250476 -0.587920070 -0.854991913 0.795096278
 269 -1.16106832 0.497879893 -1.15841746 1.03999472
 270 0.415392220 0.241306633 -1.06389523 1.02397752
 271 -0.928301454 0.721490026 -1.02735496 -0.677157640
 272 -0.102825873 0.745103836 0.355375350 -0.315039396
 273 -0.884796679 1.76520348E-02 0.317215800 0.276158363
 274 -1.23642504 -1.06919670 -6.87791854E-02 -1.16994739
 275 0.721354604 -6.05921671E-02 0.260431767 -1.09129524
 276 0.612707436 -0.322287858 -0.973879397 -1.73220206E-02
 277 -0.257926226 1.30575335 -0.232694149 0.180340171
 278 0.749209821 0.621228576 -0.968762934 0.329250753
 279 0.328667879 -0.188220844 -1.00887823 0.469968021
 280 0.606246293 1.03096306 3.45866010E-02 0.825106919
 281 0.412739038 -0.129007339 -0.699199080 6.71312362E-02
 282 0.928277552 -1.16170794E-02 0.119676739 0.125592425
 283 2.08378434E-02 0.215436041 -0.763540864 -0.392399430
 284 0.131620392 -0.845565915 0.766505659 0.237943292
 285 0.322166324 -0.274080902 1.04160774 0.834581971
 286 -0.504597247 6.59252033E-02 -0.849949479 -1.04201019
 287 -0.992061079 -0.780947924 -0.280887663 0.790959775
 288 -0.529143870 0.220622212 -0.236333191 8.82053152E-02
 289 -0.908959866 -1.78464949 0.954852581 -0.387311429
 290 -1.77766740 -0.925971150 0.121371955 0.321836293
 291 -1.70266187 -0.409682631 0.783361912 -0.193480283
 292 -1.40178752 0.717111588 -0.406852365 -0.467654139
 293 0.196743190 -1.01423752 -0.424053788 0.214984119
 294 0.863835931 0.583245933 -0.505764425 0.467267781
 295 -1.00000918 1.24923050 -0.602613091 0.893599927
 296 -0.371593297 0.359298438 4.78088558E-02 -0.508681655
 297 0.446666181 0.105840355 0.446133286 0.388306856
 298 0.584143460 0.132784545 -0.284061223 -0.530306280
 299 0.667346954 0.846335649 -1.09349680 0.384673536
 300 0.495563388 -0.125960290 -0.253655493 -0.702782691
 301 -1.45285189 -1.28638434 -1.01992381 -0.653632820
 302 -0.496932834 -6.95747584E-02 0.199171185 0.214637637
 303 -0.407808959 -2.81712376E-02 -8.14545602E-02 2.89359689E-02
 304 2.15419555 0.607920647 -0.671394467 0.883074760
 305 -0.711681485 -1.02482891 1.03220069 0.287512451
 306 -1.08183217 -2.48334222E-02 0.381561309 0.933479130
 307 -0.171990931 1.98214602 0.704377055 -0.580438852
 308 -1.76782799 -0.184480563 -0.191905200 -1.30297244
 309 -0.787391543 -0.775818884 -0.811096251 0.354005396
 310 -1.83821929 -0.601556122 0.159639344 7.07066506E-02
 311 -1.75497425 0.475142062 -5.21530882E-02 7.06129298E-02
 312 -0.291533530 0.188620657 -0.955107093 -1.12751973
 313 -0.610877395 -0.195264250 0.484312892 -0.317091197
 314 -1.32551312 0.191346139 -0.903267503 -0.478062034
 315 -2.47993469 0.391205996 -0.141975313 -5.62191010E-03
 316 -0.277671874 0.162673533 -0.457488358 0.284014076
 317 0.121689923 5.26304916E-02 -1.41935372 -0.333006620
 318 -0.868880332 -0.550733566 -0.435055256 -0.267983675
 319 0.182021767 -0.305488586 -8.56933966E-02 0.451564193
 320 -0.835438848 -1.05896652 0.403899163 0.138683259
 321 -0.825311422 5.04912734E-02 -0.878135920 -0.264330924
 322 0.256733239 -0.968491793 0.572091818 0.142164722
 323 -6.71569705E-02 0.791253150 -0.820967853 0.643823624
 324 0.662129462 -0.630761862 -0.182275236 -0.454701811
 325 -2.31573391 -1.88164294 0.617617786 0.168244705
 326 -0.277189195 1.09396577E-02 -0.440341115 0.346680075
 327 -0.644860148 6.66629821E-02 0.311071217 -0.891481996
 328 1.26452613 0.127695382 -0.366689801 2.70849150E-02
 329 -0.236094102 0.326352239 -6.28078282E-02 0.323494613
 330 -0.385962188 -0.352601528 1.38599074 0.324744523
 331 8.90240073E-03 -0.142927349 -1.96844733 -0.650165796
 332 0.163330466 -1.03597140 1.28088534 -2.59132013E-02
 333 -0.954779685 -0.455304116 -0.644629776 -0.511752188
 334 1.28063500 0.331754148 -1.82155323 1.55859065
 335 -0.797723889 0.525116444 -1.47693443 8.39829892E-02
 336 -1.26290369 -0.564064384 6.02522492E-03 0.614304245
 337 -0.790820122 0.144394100 -0.331107229 -0.670914710
 338 -1.49359083 -1.24759579 -0.278607070 0.458160996
 339 -0.842660069 -0.607072473 8.04800317E-02 0.218299344
 340 0.794349015 0.147296697 -1.87309849 0.521553814
 341 0.629555583 -0.468644261 1.03198755 0.232420892
 342 -0.486469507 0.392657429 -1.16424358 -0.315539986
 343 2.01912570 0.538650930 -1.49115670 0.103714347
 344 -1.98677230 -0.821432710 -1.12648618 0.119012803
 345 8.74528885E-02 -5.34404032E-02 -0.680259585 0.298285216
 346 -0.455814093 -7.86738098E-02 -0.506697655 0.381848902
 347 -0.663864791 0.693554282 -0.626837313 -0.576172531
 348 -0.636869431 0.236678824 -0.989947557 0.813115597
 349 -1.57638347 -0.404103220 4.16764617E-03 -1.07834488E-02
 350 -0.321805716 -1.67576814 -0.815690398 0.227844819
 351 0.336728096 -0.470924914 -0.437861234 -0.889388680
 352 0.573993921 0.116430998 -0.908921719 -0.572613120
 353 -1.28807688 -5.93620837E-02 0.106700331 0.745437026
 354 -0.679907799 4.42749634E-02 -1.50588107 -7.43525326E-02
 355 0.961223423 0.328980595 0.217662424 0.281941831
 356 -7.03836977E-02 0.981900215 -0.762633026 0.360701203
 357 -0.127797604 0.386180758 -0.374300212 0.290955275
 358 1.26252389 -0.699053049 -0.265152544 -0.746243477
 359 -5.20841330E-02 -0.291865021 -1.86930358 0.868090153
 360 -1.33352840 -0.588803172 -1.00416994 0.971860826
 361 0.346159041 0.357216358 -1.81824720 0.383098483
 362 0.480940133 -0.548299372 -1.20054555 -0.598346949
 363 -0.535518825 0.913194954 -0.480306685 0.745709658
 364 -0.518314362 0.429805458 -0.377739131 0.294219196
 365 -0.625862300 -0.338236839 -0.931866646 0.211421192
 366 1.27132487 -0.612265229 -0.883599520 -1.51281878E-02
 367 -0.129906416 -0.657710910 0.274681181 0.361432344
 368 -1.12945724 -0.271772683 -0.775975823 -5.76596037E-02
 369 8.79901350E-02 -0.577297270 -2.42180109 1.49386418
 370 -0.664466500 0.233909577 -0.148802251 0.122294374
 371 -0.886992574 -0.248112798 0.859991610 0.253365487
 372 -0.261037618 -0.932154298 -0.780765116 0.479471087
 373 -0.334147096 -0.368884176 -1.42599046 0.177215293
 374 -1.64440167 -0.935103238 -0.358074188 0.416853994
 375 -1.05067623 1.09183443 1.15173221 0.315638721
 376 0.749250412 -0.944702983 0.409366190 0.274156630
 377 0.994749367 0.309031963 -0.465726376 -1.33101583
 378 0.805565596 -0.618739247 0.632572114 9.90492851E-02
 379 0.855570555 -0.213474363 -0.385195345 -0.561897278
 380 0.884682834 -0.244386762 -1.64369988 1.59654841E-02
 381 0.852206826 -1.13104177 0.300676286 -0.612122834
 382 -0.100373581 0.445822537 -4.59845364E-02 1.20415539E-02
 383 -1.78278399 0.193426311 -0.573649883 -0.676768064
 384 0.390694737 1.07474792 -1.05289960 -0.577898681
 385 1.45608139 8.89938325E-02 -1.03926396 -1.33455801
 386 1.12971151 -0.124024063 -0.151062369 0.298321366
 387 1.37399614 0.694397748 -0.188241661 -0.977108896
 388 -1.05281067 -0.239953965 -0.421438664 -0.685742378
 389 0.742060125 0.504890501 -6.92226142E-02 0.738572240
 390 -0.240278184 0.140403971 0.278844148 8.82259607E-02
 391 0.706709325 -0.569260240 -1.17667520 0.503438056
 392 1.53286731 0.232395142 -1.99689603 0.432418466
 393 -1.32433021 1.59840667 0.121840402 0.314150274
 394 -1.10376906 0.117434032 -0.652467847 -0.550729871
 395 -0.899803877 -0.646665692 -1.59638441 -0.343821943
 396 -0.868757725 0.538736403 -0.168047056 -0.523658156
 397 0.495069504 -0.551946104 -1.30885303 -0.374437779
 398 0.130241960 -0.196083412 0.267456234 -0.632915854
 399 0.906333566 0.682429194 -0.604019940 -0.324726880
 400 0.205424041 -0.663783014 0.931178689 1.05967009
 401 0.181229174 -0.646437585 1.82266462 -7.89900944E-02
 402 0.768272877 -8.64103585E-02 -1.20825732 -0.680281281
 403 8.60988200E-02 1.74397111 -1.46467459 0.882226169
 404 0.447386771 -0.749614775 -1.15765321 4.23537940E-02
 405 1.10148990 -3.90992761E-02 -0.731062770 -0.401761800
 406 -1.06380117 -0.471706867 -0.181636989 0.167721644
 407 0.743974030 -1.17980981 -0.312434375 0.111787520
 408 0.308496326 6.97561130E-02 -1.91068769 0.447115600
 409 0.711051226 0.786236167 0.483209968 0.299573660
 410 0.399233580 0.500858665 -1.00030339 -0.515887916
 411 0.205489993 0.587970972 -0.999786019 0.407978356
 412 0.834647655 -3.12219113E-02 -2.09474087 1.92762315E-02
 413 0.778610051 -0.500319839 0.406429350 -0.364615023
 414 -0.280603766 -0.194385022 0.336856872 -0.458146930
 415 0.670844316 1.24771965 0.606134474 -0.542695582
 416 -0.231486112 -8.51980448E-02 -0.821247578 -0.692014992
 417 -0.461216986 1.56167746E-02 -0.250133455 -0.716462612
 418 -0.549930990 0.388073713 0.228688970 0.340180278
 419 -1.25375557 -0.144625127 0.105056122 0.568490624
 420 -0.334661216 -0.323679864 0.594697237 -0.469895214
 421 -0.290647179 -8.00493956E-02 -1.41337335 -0.695092499
 422 0.479448974 -3.11943665E-02 0.426319271 -0.339866102
 423 0.314244717 0.421819866 -0.253214628 9.77085531E-03
 424 -1.30128467 -0.472923547 -0.407759458 -0.432900459
 425 -1.03484321 -0.553267360 0.521279216 0.129031494
 426 1.64353752 0.291420996 0.492642373 7.01699927E-02
 427 0.511510015 -0.928977847 0.343335509 0.483712882
 428 1.59863079 -0.448111653 1.18526530 -6.94165379E-03
 429 1.12894380 -7.93001652E-02 -1.49466670 -0.612222791
 430 -1.02672637 0.328403383 1.09696460 0.107209727
 431 1.87392795 -0.208440542 -0.107528202 -0.714805782
 432 0.601976752 -0.589037180 0.563591123 0.196970969
 433 0.373688817 -0.284912765 -0.223989308 0.767347634
 434 0.731631875 -0.130931437 -1.99799049 0.248303220
 435 2.14449000 7.05334395E-02 -2.26374960 0.238707423
 436 2.18140101 -0.466714084 -2.92856598 -6.97893947E-02
 437 -1.23544669 1.20395219 -0.417064399 -0.567515552
 438 5.41765690E-02 -0.751198292 -1.37048066E-02 -0.714245796
 439 0.740908384 0.197485447 -1.12259555 -6.43940270E-03
 440 1.00421834 -0.325586438 -0.153745770 3.04264724E-02
 441 0.153453320 -0.357059896 2.32494211 0.128581911
 442 0.111065999 -4.32516634E-02 0.957057416 0.339255720
 443 3.24083567E-02 0.636400223 0.938807726 -0.540136099
 444 0.866573691 0.399954975 -1.53141034 -0.441656530
 445 -1.07522178 -0.923133254 0.924015403 -0.320830792
 446 -1.53153157 1.59655809 -0.769908071 0.473767340
 447 0.553951740 -0.358243376 0.941524684 0.394104898
 448 2.19699168 0.135287642 1.75264943 -0.551955283
 449 -0.258693993 0.724132180 -0.184275270 0.189795405
 450 -0.895677149 -1.35634696 -3.71342562E-02 -0.680610120
 451 0.752738357 0.893300772 -0.945801735 0.196767241
 452 0.830074728 -0.491709352 -1.78662133 0.234886974
 453 -1.71312904 -0.448763818 -0.175428554 0.269929111
 454 -7.53412247E-02 -0.778479338 -0.401436776 0.170915842
 455 -1.18933249 0.672357559 -1.85442662 9.42073911E-02
 456 1.23796630 0.741132259 -0.319643795 0.341734409
 457 0.156323999 1.84803438 1.21638620 -0.617926598
 458 -0.144834787 -9.56396088E-02 9.32278633E-02 -0.484948516
 459 2.43650675E-02 -0.200667605 1.54405797 0.317883909
 460 2.04358506 -0.394876331 -1.32159114 0.340788931
 461 -1.12053525 -4.41648737E-02 -0.411325544 -0.495424658
 462 -0.284203529 0.176510781 -0.243306071 -0.562663794
 463 -0.538033128 1.51238227 -0.705659926 -0.609897733
 464 0.408774376 3.36937904E-02 -0.115010485 -2.81046405E-02
 465 -4.66270000E-02 -0.987138212 -1.12979555 0.246216774
 466 -1.22371507 0.143270954 -0.429928303 0.157393128
 467 1.92325413E-02 7.00606704E-02 -2.56380495E-02 -0.201861650
 468 -0.378671646 0.760221899 -0.755657732 -0.697011590
 469 0.479380965 -0.727331519 -0.649181783 0.913209200
 470 -0.186003223 -0.318811893 3.95616442E-02 0.113690890
 471 0.399813920 -0.544564247 -0.728259802 -0.343758047
 472 0.481624991 -0.267571568 -1.25115895 -0.477358401
 473 0.120203227 -1.28159988 -0.870353520 0.168028891
 474 0.312031627 -0.542248726 -0.261798859 0.253484726
 475 0.349922359 -0.622628093 -0.113648042 0.255736351
 476 -7.04441071E-02 -0.816204786 0.298135757 -0.367411047
 477 1.16898179 -0.415924221 5.02694473E-02 -6.96772262E-02
 478 0.849653780 6.48994371E-03 -0.945303917 -0.185574681
 479 -0.702548862 -9.04598832E-02 -0.628363192 -1.18838549
 480 1.36941671E-04 -0.108652435 0.268536061 -0.671401024
 481 -0.854822874 -0.606151044 -0.905925572 -0.476378798
 482 1.25866902 0.313080192 0.454531610 0.145846978
 483 0.265592217 0.753098428 1.17536187 -0.107905909
 484 0.618582845 -0.798758507 1.51495945 0.244779512
 485 0.252139330 -0.132288083 -0.915740550 -0.147142932
 486 -0.343128949 0.402223438 0.527170420 0.117950156
 487 1.00632644 -0.541901886 0.313710243 -2.88936496E-03
 488 -1.10249341 0.523199499 0.840612173 -0.585292339
 489 -0.242246330 -0.708023667 0.661964953 -0.595989823
 490 1.24492490 9.17892754E-02 -1.19458187 -0.724263787
 491 0.579819202 0.549625039 0.255570173 -0.578589678
 492 0.577339053 0.821586847 -0.571741104 -0.507718921
 493 1.99424446 0.145002320 0.243723959 0.320517272
 494 0.619983673 -5.61203696E-02 -0.202834412 -0.398393720
 495 0.853548050 -0.837907612 -2.37013149 0.248251393
 496 -0.562820315 -0.394991875 -4.64782417E-02 8.94048512E-02
 497 -5.46531826E-02 -0.843695045 0.939632535 -2.47104764E-02
 498 1.13316000 -0.644268870 5.49315140E-02 3.80240679E-02
 499 0.425711215 0.565859318 0.129036516 -9.85063687E-02
 500 0.397905320 -0.613898993 1.58904195E-02 -0.810218513
 501 0.310610831 -0.400282294 -0.574716568 0.527593255
 502 -0.778341293 -1.08172226 -0.619062603 0.350908518
 503 -0.551918864 0.833389699 -0.342067957 -0.617584407
 504 0.601977229 -0.453914911 0.449293256 0.366285205
 505 -2.42436938E-02 0.731985152 -2.49464130 -1.32863390
 506 2.36015201 0.234030366 -0.508643508 0.271345228
 507 0.552981198 -1.84750962 -0.173307821 0.281340271
 508 0.203130305 0.596531153 -1.44815004 -0.560943067
 509 0.996509433 -0.829699755 0.290189683 -0.804549515
 510 0.715537906 -0.187156543 0.376876980 -1.32006955
 511 0.121186480 1.02914286 0.498647362 -0.621749163
 512 0.219995916 -0.719052076 0.277620971 0.312561482
 513 -0.381475776 0.211596161 7.82200098E-02 0.115825169
 514 -0.497910678 -0.564499319 -1.61212575 6.44025430E-02
 515 0.509375513 1.03951740 0.456175208 0.372783720
 516 -1.30608463 1.00601923 1.04680717 -0.384107918
 517 -0.112730600 0.385648966 -0.711817980 0.622932613
 518 -0.423511297 -1.29602492 -0.794439197 1.40573382E-02
 519 -1.59032929 -0.209768057 -0.247388721 0.343688846
 520 0.927105665 0.261542797 8.52898210E-02 0.970059216
 521 -0.915661454 0.742924809 -5.98993041E-02 0.204886496
 522 -0.969218135 -0.920563698 -0.175956160 8.67465585E-02
 523 0.864719450 0.243320495 -0.784754574 0.946597397
 524 1.18028820 0.609612942 7.80530572E-02 -0.206989840
 525 0.580172420 0.409561872 -0.921423316 0.320157737
 526 0.800761700 0.705188811 -2.62629890 0.368061990
 527 -2.19477558 0.455430716 -0.297919273 -1.46461535
 528 -0.344185889 -0.415196717 -0.788164139 0.208860844
 529 -1.34267521 0.718677700 1.18004894 -0.714996338
 530 -0.819424391 -0.747314334 -2.28348994 0.983674169
 531 0.325166374 -0.101907566 0.305789560 0.292754114
 532 -1.16814971 0.562443852 -0.386800379 0.187327281
 533 -0.197064474 -0.415242970 1.21244895 -0.956567168
 534 2.87133312 -0.606101394 -0.484645486 -0.322659194
 535 -0.131511867 0.811507881 -0.313458025 0.405351132
 536 2.12426972 -0.532747924 -0.324392289 0.536115229
 537 0.179208279 0.699721336 -1.11209512 0.228054523
 538 -2.73712373 0.878439605 0.494938612 0.721410036
 539 -0.423946947 0.267017633 1.54681873 -0.542678654
 540 -1.37152529 -0.377789229 1.52162826 0.186213195
 541 0.830783188 -4.62138355E-02 0.100329578 0.107919186
 542 -1.13698828 0.260602295 0.306110740 -0.463914633
 543 -0.542306304 1.09067726 1.01313210 -0.709865868
 544 0.206256241 -0.631660283 -0.374642432 -0.521977901
 545 2.58346581 1.50668383 1.08815157 -0.245110005
 546 1.41841650 -0.466827542 -0.570810258 0.232024461
 547 1.85751915 -0.455832988 0.419000208 0.783726156
 548 -0.882192135 9.25388187E-04 0.487822443 0.258941710
 549 -1.38674140 -0.481893778 1.22294927 -0.547221065
 550 5.32920659E-03 -0.434994876 -1.14790928 0.843672633
 551 6.89068139E-02 0.739438653 1.09909463 -0.700938165
 552 1.84309566 0.191913813 0.499522209 -0.644671440
 553 -0.178828314 0.503873885 0.315306604 0.494340122
 554 1.41626048 0.464419812 0.716789424 -0.293989956
 555 2.54984951 0.887461126 -1.71981072 -0.333227426
 556 0.151619986 0.949726701 -0.194787517 0.113509148
 557 -9.87357795E-02 0.233305827 -0.539027929 0.287470818
 558 1.35188520 -0.446233034 0.202988744 0.421733737
 559 0.789847732 -0.822018266 -0.685686231 -0.448291004
 560 0.227106750 -0.501761317 -0.521168888 -0.629992723
 561 1.65578961 0.338526666 -1.40308392 0.838530064
 562 1.01284981 0.286125898 5.64575307E-02 -0.207682759
 563 1.16425908 1.36833763 -1.41955531 0.313053548
 564 0.537365139 -0.853290379 -0.614410818 0.202174976
 565 -0.474685818 1.12853551 -0.899495006 0.216526866
 566 -0.584936976 -0.597009599 -1.92200089 -1.04213142
 567 -0.705024719 -0.186059237 -0.391092509 0.673096061
 568 1.06767321 4.40457985E-02 0.325329363 0.690428913
 569 1.92366278 -0.848871946 -1.21673381 -1.02360165
 570 -0.621466756 -0.109852627 0.693340182 0.291898817
 571 0.386145353 -0.772202849 -0.374835700 0.255842417
 572 -3.17319036E-02 6.94831088E-02 1.53024578 -6.89727589E-02
 573 -0.224662602 -0.565022886 -2.96176267 0.146532506
 574 -0.644850016 -0.336695373 0.709808588 9.56264287E-02
 575 1.12501550 -6.99507892E-02 -0.152374744 0.141924113
 576 0.997013211 1.34221709 -1.00658119 -0.202242941
 577 -1.39052248 -0.221139312 9.92463380E-02 -0.510408759
 578 0.118977845 0.247501463 -2.00635076 0.991418004
 579 0.759177268 -0.708076000 -0.503359556 0.262487352
 580 -1.07862246 -0.655451596 0.849452078 5.33910505E-02
 581 0.912194550 0.421012700 -5.24713695E-02 9.64342803E-02
 582 0.341095865 -0.267824233 -0.298559487 -1.43051147E-05
 583 0.630285859 0.190455452 0.359654695 9.52642113E-02
 584 1.32053399 1.40773988 -0.952295482 0.392165452
 585 1.42156529 -0.368041635 -0.931135356 -0.373066068
 586 1.05892336 0.431461930 1.03992057 0.177146554
 587 -1.17417753 -0.260414898 -8.98606479E-02 0.844828248
 588 2.07054687 0.318468302 -1.23535001 0.390068293
 589 1.37178850 -0.204842657 -0.779919863 0.477495372
 590 0.489650220 0.965752184 -0.558849454 0.126701862
 591 -1.19251096 0.537136316 -1.70112491 0.301666379
 592 -0.558455884 0.124175228 -1.04310513 0.673093081
 593 -0.175886482 -0.154266775 -0.436038882 0.630331516
 594 -0.180386931 -8.54170620E-02 -1.10510588 0.270581543
 595 -0.366786540 0.227716804 0.689280689 -0.271601617
 596 1.54596925 -0.788377523 -1.48990440 0.146372169
 597 0.524314940 0.514020264 -0.660847843 -0.365687788
 598 -1.08386064 1.11105120 -0.783796489 4.74819541E-03
 599 1.20755804 1.82728207 0.564272106 0.295577168
 600 -6.25445992E-02 -1.01021886 -0.766314805 -0.393731058
 601 -1.17902684 -1.39702605E-02 4.23095673E-02 -0.393248737
 602 -1.14193141 -0.460420817 -0.865282834 0.178256392
 603 -0.780448675 -5.76781407E-02 -1.07350469 0.272559643
 604 1.37552845 0.563579321 -1.19665134 -0.452316672
 605 0.149765462 -0.237446025 0.917361438 -0.564319789
 606 0.508307159 -1.51658452 -0.288846612 0.338663429
 607 0.232905924 -0.838152349 1.75444317 0.189338952
 608 0.630362570 0.279903919 1.30084896 0.246085823
 609 -1.34883881 0.278810352 7.10577071E-02 8.18073004E-02
 610 -0.917611480 -0.239541024 -0.466762364 -0.465910614
 611 0.122692302 -0.118305132 0.349325895 -0.351356536
 612 -0.227688104 -0.905187964 0.668483496 0.103704274
 613 0.713484347 -0.681332171 1.23698390 -0.692763805
 614 0.794891059 1.14307702 -0.970476985 0.302090645
 615 0.328791320 -0.539753675 -0.150095493 0.246240109
 616 -1.24003041 0.178300664 0.320560515 0.305749089
 617 0.832772255 0.717597961 -6.39773607E-02 -0.239904404
 618 -2.08480763 -0.137958899 1.47364700 -0.444615602
 619 0.352107823 0.776169658 0.687249541 0.599919796
 620 -1.29629481 -0.623133481 -0.213564232 0.211640939
 621 1.58511484 -0.506043553 0.906486630 0.320241153
 622 0.222108364 0.493030041 -0.231420100 -3.05468068E-02
 623 1.75725257 3.80874425E-02 -0.616814077 0.232658088
 624 1.00586808 0.942073882 -1.27572596 0.413969338
 625 0.117014028 -0.705695450 0.652146697 0.384344876
 626 0.343082130 0.413908154 -0.142352104 9.60409492E-02
 627 -1.43852675 0.395703971 -0.596110642 -0.292090476
 628 0.453548223 0.521627843 1.46218431 0.573841095
 629 0.965046346 -0.625633001 0.333064377 -0.591288924
 630 -0.123351075 -2.96668634E-02 0.281048506 0.489950567
 631 1.84447837 0.655654728 -0.932594359 0.189857543
 632 1.18668246 0.445782721 0.416492671 -0.519063830
 633 -0.891228437 0.453891009 -0.431664079 -0.204762742
 634 0.601673245 0.166738644 0.148608476 0.744386315
 635 -1.36253387E-02 1.08913016 -0.915984869 -0.498472393
 636 0.148818210 -0.554360211 -0.843804240 0.355930001
 637 -4.55180854E-02 -0.817723393 1.50226295 0.200287580
 638 -0.462917268 -0.331909508 0.394423455 -0.114623904
 639 0.662617862 -1.42555583 0.561579227 0.349184185
 640 -0.829703569 9.71978232E-02 7.63478503E-02 0.320461333
 641 2.22562051 0.801776648 -0.349191397 6.79028183E-02
 642 0.411232471 0.475168437 -0.462276459 -0.814983606
 643 0.674325466 -6.19289577E-02 -1.13144302 0.888798356
 644 -0.152694181 0.165199101 -0.857543051 -9.87680480E-02
 645 0.274614722 1.15966499E-02 1.34842503 -0.217784792
 646 0.107250988 0.328577012 0.570543170 0.291102737
 647 -1.27130663 -0.443962216 0.991124034 0.233931005
 648 -1.90355265 -5.54789789E-02 -8.71028602E-02 -0.435984284
 649 0.174951702 0.111743942 -1.02975428 -1.14410532
 650 0.433622748 -0.812019765 0.684016049 0.419520497
 651 -0.854275644 -1.29808187 0.620634139 -0.489787579
 652 -3.28502107 1.19572949 -0.618836701 0.338194996
 653 -0.184433803 0.297816843 -1.39879441 -0.547230244
 654 -0.122236326 -0.493267000 0.181130826 0.190458521
 655 0.572381854 -0.605191708 0.139764950 5.76905832E-02
 656 -0.434295207 0.836838424 1.78219306 -0.323862076
 657 -0.259822428 0.442767531 -0.509360909 -0.342875063
 658 1.03631866 1.04656100 -0.116613477 -0.415317416
 659 1.02735817 1.16096288E-02 0.737629056 0.395727158
 660 -0.588455617 1.27986789 1.79787719 0.391181827
 661 -0.998558760 -0.304615468 0.237832546 -0.142082870
 662 0.262687445 0.296882510 -0.800331950 -1.12036014
 663 0.978109837 8.39903355E-02 -1.71895772E-02 -0.942379832
 664 1.15637136 -0.466235101 -0.444615453 -0.386863291
 665 0.627341390 -8.38356614E-02 -1.54074430 -0.352334946
 666 -0.389706552 1.55179179 -0.646889865 0.687112451
 667 0.705371320 -0.202813998 0.790456891 0.241493180
 668 0.810324490 -0.640611112 -0.364455462 -1.31092012
 669 -0.375405818 0.402690351 0.451768219 0.849356413
 670 0.908731580 0.101445988 -0.523120642 0.288362861
 671 -0.710030913 -1.02555132 0.422201365 0.939401448
 672 0.358579606 -2.68074311E-02 -1.04627967 -1.07123554
 673 -0.616300166 0.634322941 0.568844855 0.279108167
 674 -1.75905812 0.674862921 -0.436547458 0.256196558
 675 4.36390489E-02 -0.143895924 -0.278325677 -1.40462351
 676 0.194771022 0.338197351 -0.303817511 3.04360688E-03
 677 -0.134544209 -0.267376423 -0.999673188 0.922353685
 678 1.78538287 -0.198727325 -0.432652831 -0.608803749
 679 0.881521583 1.19802213 -1.71294618 0.228897363
 680 -0.290364683 -0.702867985 7.35017955E-02 0.320278496
 681 -2.34860468 -5.19576296E-02 0.772807360 0.181815922
 682 0.323771387 0.541692436 -0.745337367 0.836746395
 683 0.793437004 0.532539308 0.468593568 -0.276016355
 684 -0.722317934 -0.104334511 0.928612292 -0.220362991
 685 -0.860382199 -0.111443564 0.379768550 0.834262490
 686 0.777908683 3.39684933E-02 -1.17394972 -0.279560298
 687 -0.985605836 -5.59085831E-02 0.514412880 -1.16523707
 688 -0.427230597 2.76505202E-02 -1.01942754 0.366925180
 689 0.319581211 -0.337201893 -2.14093998E-02 -0.417153180
 690 0.644978881 -1.17401242 -0.194889650 -0.548471749
 691 -0.446420014 -0.344006926 -0.163348675 4.93983105E-02
 692 -1.11291099 1.89397335E-02 -0.597290456 0.148705825
 693 -0.686997771 -0.813837290 0.157461837 9.97165963E-02
 694 0.580393136 0.189224720 -1.92620254 -0.774420321
 695 1.28609896 1.06487286 -0.927986443 0.294474185
 696 1.50962627 0.725989938 -0.171559960 -0.371429533
 697 -1.69488013 1.21955776 1.85296011 -0.524231136
 698 -0.119495064 0.510369956 0.828342021 -0.167538688
 699 3.25792171E-02 -0.486180961 -0.179751933 0.269637197
 700 0.607747257 0.342595369 0.287835777 0.268313348
 701 0.806672215 -0.642720401 -1.23521483 6.44773841E-02
 702 -1.09666681 1.13160685E-02 -0.682340741 -0.171528012
 703 1.12480378 -0.773118794 -0.138792977 -0.566687644
 704 -0.357582033 -0.274302959 -0.392229170 0.605828941
 705 -3.21796536E-03 -0.248707116 -0.248960853 0.422004610
 706 -1.11109221 0.187674895 -2.15765524 -0.574132502
 707 0.512246728 -0.314725757 1.08136165 0.326579869
 708 -1.22648466 -0.567668200 -0.245472938 0.472548604
 709 -8.28394890E-02 -0.435133606 4.59574163E-02 0.130157560
 710 -0.463779300 6.72252327E-02 -2.40800977 -0.192539006
 711 -0.743584037 -0.249898389 0.733242929 -0.604445577
 712 -0.372438490 -0.211165443 -0.543769598 -0.291704863
 713 1.12290585 -0.165645450 -0.804612756 0.325284898
 714 -1.51268005 -1.25811136 -0.713062882 -0.541240633
 715 0.428109586 0.464250475 0.997055352 0.442494988
 716 0.172645509 0.628204346 0.280082583 0.130278885
 717 -0.334664494 2.10208702 -0.221752390 0.329144448
 718 0.524057448 -0.668904006 -0.167140141 -1.27418447
 719 2.11687779 0.449063331 -1.18898106 0.444665551
 720 1.97457600 -0.394348502 -1.20551908 -0.551053226
 721 1.26046062 0.730436623 -1.29334569 0.708854139
 722 2.59373975 0.905106902 -0.410171121 -1.31710994
 723 -1.07627904 0.809891820 0.427156568 -0.679451525
 724 0.336043537 0.421958357 -0.830908358 0.310839415
 725 2.16253114 -0.299103707 0.853922009 -0.391749263
 726 0.189635038 0.126299068 -0.213167936 0.206475243
 727 -0.374431878 0.661409974 -1.38995767 -1.25705600
 728 0.108512297 0.983768821 -0.591965675 0.189297885
 729 0.492085695 -1.37702668 0.617151499 0.194685206
 730 0.447308958 -0.646320224 -1.51224136 -1.77036822E-02
 731 -0.271045804 -4.69611734E-02 -1.22815919 -0.458713919
 732 -0.178999156 -0.445314616 -2.21406317 0.239434600
 733 0.998116076 0.168655872 0.356336981 -0.589433551
 734 -2.55108380 0.328703314 0.949020922 0.315463126
 735 -1.00680816 0.681896865 -1.15047705 0.871861458
 736 -0.147209629 -1.21872699 -1.24859107 8.88348594E-02
 737 -2.00091553 0.448769897 -0.692915499 0.130679011
 738 -1.56519532 -0.378673583 -0.365172982 0.515497446
 739 -1.08776188 -1.78456008E-02 -1.52600276 0.445968926
 740 -4.07143831E-02 -8.86983722E-02 0.460811079 -0.522194147
 741 4.48425412E-02 -0.338356972 0.135361940 0.348133266
 742 -0.244367108 0.281835675 0.668694198 -0.838102639
 743 0.387946874 -9.84773040E-04 -3.63068953E-02 -0.419815034
 744 0.981911421 0.848366559 -0.949883819 0.207100928
 745 0.582517385 0.478705019 -1.37399900 0.293552428
 746 -1.21407914 0.377407134 1.27446616 0.245946661
 747 -0.193114266 0.108024716 1.23135900 -0.657848537
 748 -0.698500156 9.68521610E-02 0.121667080 8.91214013E-02
 749 1.98990262 -0.890009165 -0.675509572 -7.20222294E-03
 750 0.669289052 -0.683766842 0.752015591 0.806811690
 751 -4.97192666E-02 0.379792631 -1.47335660 0.320281565
 752 -0.551104248 -1.00395513 -9.06799287E-02 0.308212817
 753 -1.59762055E-02 -7.34938681E-02 0.185691088 0.375390679
 754 -0.160891324 0.580593526 0.202409029 0.306775928
 755 -0.887975454 0.789964497 0.643363953 0.416627377
 756 0.368143260 -1.38518584 -1.02654386 -0.564151168
 757 -0.427882075 0.265328199 -1.00698400 -0.534341037
 758 -0.203372151 -0.410867512 1.44901490 -1.47401023
 759 -0.466758698 0.766581595 0.295785010 0.423015863
 760 -0.687615156 1.49933624 -0.185481951 0.809539914
 761 -0.514716923 -0.470747292 1.72553754 0.377140194
 762 -0.165378362 -0.531188250 -0.348184109 0.704750240
 763 5.22447526E-02 8.27188492E-02 0.428924203 0.968932271
 764 0.896079659 0.507875860 1.21591032 -0.504874468
 765 0.797616482 0.492036134 1.00629091 -0.485362649
 766 -1.09436142 -2.78698280E-02 1.10836744 0.152608812
 767 6.52067363E-02 0.598643363 0.764428496 1.70355201
 768 1.41472352 -1.14438200 -3.05790603E-02 -0.505213857
 769 0.170013398 0.492751092 -0.257355452 1.02540636
 770 -0.301586032 -0.278120130 0.644026756 0.577767551
 771 1.17685592 0.444025159 -0.425076663 -0.124688685
 772 1.14747214 -0.714471936 0.841942906 0.379288375
 773 0.594846725 -1.37192452 -1.02171290 0.493077934
 774 -0.939050972 0.418791890 0.148078606 0.370358109
 775 0.399420649 0.876413167 -0.910508692 0.224302351
 776 0.120829225 0.830309868 -0.841510355 0.120858639
 777 -3.05478144 -0.662824452 0.224857301 0.659740150
 778 -1.01277125 -0.377918392 0.783562541 -0.294421822
 779 -0.232266232 -0.613595486 0.494073987 -0.291029334
 780 0.533997178 -0.205105796 1.25783980 0.214363649
 781 -0.207568526 -2.65653022E-02 -1.61245018E-02 0.297048360
 782 1.36135316 -0.960746825 0.583930850 -0.767792106
 783 1.29345763 -1.21500206 0.789186716 0.357056737
 784 -1.35141349 1.72899806 1.14113808 -0.593092442
 785 0.265244037 1.27409434 -0.273792803 0.414470553
 786 -1.32119048 0.129921287 -0.555422127 -0.471907914
 787 2.38099909 1.55727342E-02 -9.77876782E-03 -0.359827042
 788 -0.507146358 -0.223603442 -0.697792649 -0.305554628
 789 1.05969512 0.792623401 0.964592576 0.462159634
 790 -1.39980221 -1.43635646E-02 -0.326916814 0.518544018
 791 0.155198008 0.815377295 -0.106983006 7.31457323E-02
 792 1.84541476 -1.27717590 0.561260343 0.343917459
 793 -0.110795081 -1.29630053 -0.483771265 0.108057052
 794 -1.25323045 0.623472154 -0.529660583 0.755488217
 795 -0.521103501 0.134179920 0.274097681 0.577105820
 796 -0.553697467 -0.200981036 -0.224464118 0.127325103
 797 1.28018653 -0.536948442 -5.91496602E-02 -1.13380980
 798 0.731023312 -0.515179098 -1.86095321 0.867575347
 799 0.649436712 -0.166798532 -0.299578309 0.132601634
 800 0.277879864 -9.36949179E-02 0.609771013 0.307930142
 801 0.881218672 0.144582704 -0.473887444 5.12024611E-02
 802 -0.915265262 -0.216423005 0.441429079 -0.772388399
 803 -0.251523077 -0.632456183 1.43288076 -0.605612874
 804 1.25020123 -0.673762560 -0.292908996 -0.482130915
 805 -0.159939855 1.09421670 -1.55339158 0.126464874
 806 7.02819303E-02 0.797863126 0.989387989 0.442631602
 807 1.31805825 0.720660627 -0.852407694 -0.951590717
 808 -1.19570768 -0.502656102 0.437874347 0.131979093
 809 7.05993176E-03 -0.615634024 0.171912134 0.264820635
 810 1.56139183 -0.102610990 -0.257926613 0.173140973
 811 -1.19377661 0.233716547 0.169251025 -0.549921632
 812 -0.482055724 -2.78848708E-02 -1.43464136 0.169371545
 813 0.672235847 1.32076800 -0.389185488 -0.407291651
 814 0.117043249 1.23530197 1.65257704 7.16063082E-02
 815 -9.16336328E-02 0.981012821 -0.844292283 0.325357139
 816 -1.17712522 -1.18585634 0.359484136 0.164462417
 817 -0.386467427 -8.22407603E-02 1.91177320 0.376675725
 818 2.44605637 -0.156891882 1.01071918 0.203433782
 819 -1.26260352 -1.56816328 -1.42421639 -0.131510615
 820 -1.47440255 -0.829946518 9.09105390E-02 -0.263221025
 821 -0.321399033 0.277443230 -1.32494044 0.271113306
 822 -1.69439173 6.19997606E-02 -0.368709564 -0.573001564
 823 -1.23149192 0.951755762 -1.22751510 7.04773441E-02
 824 1.22423053 0.508447111 -0.204959422 0.954258263
 825 0.910397768 0.788442671 0.177337453 -0.803969741
 826 0.935701132 -0.422347546 -0.992446363 0.338440597
 827 1.21306193 -0.408358425 -0.809815288 -0.672476411
 828 0.696397781 0.959779501 -0.486499935 8.73276815E-02
 829 -0.144576192 1.52354026 -0.430005014 -0.477343708
 830 0.897835195 -9.19912755E-02 0.654142022 0.583792806
 831 0.309805095 0.342927992 0.429202378 -0.156492636
 832 -0.202787161 -1.13373172 0.250408530 0.128608853
 833 1.87826037 1.52807474 1.35852432 -0.779968143
 834 -0.516314089 -0.200626701 0.148488224 0.272245198
 835 0.187466890 -0.346944004 0.250465453 0.520416737
 836 0.187079981 0.395048827 -9.60923135E-02 -0.125774682
 837 -0.113764152 1.28371966 0.831616402 0.192243874
 838 -5.30045331E-02 0.602201998 -0.282274753 0.230422661
 839 0.297427922 0.344986707 0.362498015 -0.662591338
 840 -0.356513262 -1.36126089 -0.161666185 -0.475968003
 841 0.204423681 -0.531625211 0.727526844 -0.750557303
 842 0.841057956 -0.187679991 -0.979894519 0.728356898
 843 -1.37452614 0.604047298 2.72435285E-02 -0.524768353
 844 0.235393226 0.215966195 0.942452669 -0.251729548
 845 2.66154194 0.132969245 -0.436831057 -0.616557598
 846 0.484722257 0.298682779 -1.78575575 0.865139365
 847 2.54591918 -3.79831642E-02 -6.57082722E-02 0.510763049
 848 9.09092128E-02 0.467592418 -1.05718338 -6.56310543E-02
 849 -1.38997316 -0.195486724 1.76368773 0.179668397
 850 0.435591429 0.151248768 -0.149268270 0.317719132
 851 -1.14911258 -0.901790977 -0.148488000 0.320934981
 852 0.932746053 0.406730175 -0.896387815 -0.870271921
 853 -1.06110549 2.60899588E-02 0.512338519 0.469403028
 854 -5.12095392E-02 1.14409161 -0.934866786 0.861279845
 855 0.557899475 -0.485864878 0.235718042 0.379092455
 856 -0.888596594 0.105566546 1.21367633 0.256763160
 857 -0.340441942 1.20999384 -0.232405916 0.767502427
 858 0.724406958 1.04217684 0.945534647 6.99259043E-02
 859 0.174225196 0.346195817 -1.01998079 0.261421740
 860 1.02663732 -0.586208761 1.34477377 -0.464837253
 861 0.619434416 0.381195903 0.721614540 0.204692349
 862 0.957836330 6.25307187E-02 -0.330414176 -0.492194414
 863 -1.62943053 0.768190742 0.323741943 -0.510356247
 864 0.869090676 9.08177570E-02 -1.19914818 -0.674450934
 865 -1.04600573 0.333953232 -0.367197394 -0.339318246
 866 0.345867097 -0.586606264 0.437964916 -0.479614675
 867 0.160869107 1.12258339 -1.45228720 -0.269629419
 868 -1.79277325 -1.21240306 -1.16314042 7.24115223E-02
 869 -1.45199764 3.94682437E-02 -0.432953984 0.888734698
 870 2.33309650 -0.302470326 -0.676072419 0.240264192
 871 -0.170275509 -5.04059866E-02 -1.57190505E-02 -0.479352087
 872 0.255938113 1.22499990 -0.878917158 0.855840683
 873 -1.07579255 -0.119388834 0.828121662 -6.22407869E-02
 874 -2.05383158 0.937404633 0.231085449 0.287821025
 875 1.28912771 -0.145566806 -1.01140857 0.122638941
 876 1.82495606 0.826689243 -0.428449064 -0.404961169
 877 -1.00808752 1.04888511 -1.41410506 1.25735331
 878 -0.283486336 1.28789937 0.380062282 0.519380212
 879 1.24996793 -0.871538997 -5.50497621E-02 -0.500413537
 880 0.984899163 0.585567594 -0.516460657 -0.682665408
 881 1.33540761 0.407432646 0.805640161 7.48468041E-02
 882 -0.884589195 3.46970037E-02 0.159129828 -0.460556626
 883 -1.95657051 0.493271917 0.900989890 -0.265704423
 884 -0.774234951 1.20281768 0.844583809 -1.44698429
 885 -0.243538767 -0.637724102 -1.08614016 9.13021713E-02
 886 -3.44082117E-02 -0.662724912 0.561588883 0.130983859
 887 -0.342829108 0.379828036 0.617751718 3.40285897E-02
 888 0.481317133 0.835860908 1.99536383E-02 0.489664316
 889 0.570060730 -0.771648169 0.498251855 -4.40371037E-02
 890 1.12826395 -0.386917204 -0.437701732 0.558830857
 891 0.105692461 8.39178935E-02 -1.50544202 0.659321606
 892 -0.249681041 -0.964939296 0.881832600 0.364784181
 893 0.780139208 -0.327186793 0.175620466 -0.626008332
 894 -2.85595655E-02 -0.531782508 -0.761058450 0.226573974
 895 -1.93246675 0.358055741 -5.73213063E-02 -0.419510484
 896 8.60134214E-02 0.345396817 -0.600947499 0.119988978
 897 1.52241039 -0.792239845 0.165894926 0.106646433
 898 -1.70669389 9.92150009E-02 9.98044163E-02 0.125149310
 899 -0.489813507 -3.43341269E-02 2.44665891E-02 0.253429085
 900 -2.27939177 0.561887980 0.465257615 0.322374433
 901 -0.741442263 0.405065626 0.141290277 0.590993524
 902 1.19823682 0.305721611 -0.644221902 -0.627093911
 903 2.07467008 -0.144524366 -0.906335890 0.128018960
 904 0.175626427 0.650972366 0.114196658 -0.246279061
 905 -1.46227288 -0.324409455 -0.501930654 -0.299328387
 906 -1.43889546 -0.110062152 0.772859812 -6.60299361E-02
 907 -0.163562387 0.476909608 -0.118282959 1.27650118
 908 -4.63443249E-02 0.111000597 -0.890340626 2.42701862E-02
 909 1.44631147 0.357599318 -1.25117457 -0.468920976
 910 1.52593219 0.226855293 -0.577090383 0.137567073
 911 -1.06661487 1.09529161 -1.06503928 -0.130865663
 912 -1.64294493 -0.840677500 0.910934448 0.320749730
 913 -1.00404167 -0.614671886 -0.273555189 8.66858289E-02
 914 1.48295510 -0.341855884 -1.11962605 -0.486538798
 915 0.448877186 -0.967035055 0.429256916 -0.397454858
 916 -1.06665373 -0.332113177 1.70490909 0.260051161
 917 -0.683952034 -1.08113575 0.145447105 -0.638178051
 918 -1.47177505 -0.714149594 -1.27564144 1.44089472
 919 0.498603016 1.13530529 -0.549288750 -0.109503269
 920 2.41539836 0.805124819 -0.810921252 0.109520495
 921 -0.116976619 -0.473710656 0.386495173 9.98955593E-02
 922 -0.379156828 2.74127685E-02 -0.122736067 -0.626221120
 923 -0.681206107 -0.765151501 -1.06081986 0.422471464
 924 -0.490538567 0.560370028 1.12349832 0.264559686
 925 0.127562433 0.235905081 0.359149575 0.294692487
 926 -0.401686668 0.267797232 1.69855237 0.149297863
 927 2.33337140 0.171498209 0.119159028 -0.625127673
 928 -0.308039367 1.76234066 -0.878643870 -0.290077090
 929 1.97690201 7.29771256E-02 0.376089633 0.541147470
 930 -0.499234378 1.77215230 -8.74138251E-02 -3.87120470E-02
 931 1.37437880E-02 0.831609011 -0.312178165 1.18439472
 932 0.705969691 -0.667103887 -0.227477953 0.301110476
 933 -4.85746264E-02 -9.12462696E-02 0.195119098 -1.76221654E-02
 934 2.10992122 5.03560379E-02 -0.383948565 0.430382490
 935 -1.24361837 -1.42482305 0.795253098 -0.624171138
 936 0.354618609 -0.242960289 -6.25834465E-02 0.689974725
 937 -0.344769537 -0.445508242 -1.48277390 0.247223645
 938 -1.46162534 -1.20739031 -0.589666843 -0.541575372
 939 -2.84643024E-02 0.208989173 0.252197653 0.238067269
 940 -0.374009818 0.272091925 -0.829002738 -0.596028924
 941 -0.648189783 0.741991639 -1.32488775 0.862279832
 942 -0.456124485 -0.460250050 -0.116395414 0.495627403
 943 0.102215409 0.252148807 -2.02065682 -0.510455072
 944 1.33964074 9.89467800E-02 -2.53999257 0.224983037
 945 -1.06160235 0.268170655 -0.673471987 0.184344977
 946 -0.614875317 0.280011058 0.742581904 -1.21072352
 947 0.592266858 0.839582741 -0.501265287 0.176916108
 948 1.81285191 0.112131737 -0.181024626 0.788997471
 949 -0.545516729 0.814377189 -0.217362091 0.987432897
 950 0.411770850 0.850234032 -1.01493454 0.356502473
 951 -0.687034607 0.779504061 5.67658544E-02 -0.272617668
 952 -1.76367486 -2.32890248E-04 0.839496791 0.525567889
 953 -1.13134062 -0.103555754 -0.115887366 -0.598129869
 954 -3.68902534E-02 0.657107592 -0.747300506 0.258367628
 955 0.599513173 -0.482828707 -1.77732944 -0.437598735
 956 0.264259845 -0.818210065 -0.112095401 0.401526451
 957 -0.149551541 1.33766532 -0.114980750 0.254085243
 958 -0.581135452 0.447360337 0.784574449 -0.608980119
 959 -1.22231889 -1.27918208 -0.254602790 -4.07929122E-02
 960 -1.83740568 -0.342834145 0.689128160 0.355697781
 961 0.821245551 -0.924563646 1.30902338 0.168397397
 962 -0.343798578 -9.99774039E-03 -0.809529841 0.160318553
 963 -2.43093824 0.680260360 -0.881989539 0.286637545
 964 1.41342318 0.218632430 0.182741314 8.25692564E-02
 965 -0.540481687 -0.867161930 4.28320244E-02 0.130652413
 966 -1.00085557 0.959772527 -0.242822826 0.461044908
 967 0.182330161 5.06193601E-02 -0.162131727 1.24248341E-02
 968 -3.89847708 0.747305751 -1.14312732 -0.580699444
 969 1.48559690 -0.344382375 0.733738124 -0.384736270
 970 -0.930621207 -0.747031093 -0.361486435 -1.31977475
 971 0.247897163 0.601287484 -0.255952358 9.06903818E-02
 972 0.700098038 -1.06155026 0.137115270 -0.363460481
 973 -0.628874481 -0.175583467 -0.238491610 0.311235309
 974 0.558396041 -0.807040930 -1.41802168 2.61372793E-02
 975 -0.425936252 -0.983531713 -0.927518487 -1.14347112
 976 1.58572459 0.240199164 0.692342877 -0.449161738
 977 -1.55959523 0.453847617 0.304645747 0.346867770
 978 0.625361562 -0.663220823 -0.706878126 0.346992582
 979 -0.568671703 1.17253339 -0.986134648 0.429317117
 980 -0.888133764 -0.377020866 -0.903133929 -0.577265561
 981 -1.86047268 2.43294930 -0.436781406 0.475229412
 982 1.19189930 0.302207351 1.43722308 0.160810187
 983 0.757407248 0.250400722 -0.478972256 -0.151195347
 984 -0.121376164 -8.92309248E-02 -0.761542320 0.374772608
 985 1.34281063 -1.36854970 -1.54309893 9.92028341E-02
 986 0.885074198 0.153825670 -0.333862484 0.400798351
 987 -0.454080939 0.850197256 -0.653298855 0.964795232
 988 -3.36746871E-02 -0.186820045 0.316318721 -0.514909983
 989 -0.104580879 -0.175328493 0.269291461 -0.563237727
 990 -7.42061660E-02 6.95692897E-02 -0.898803949 0.220678106
 991 2.80012228E-02 0.846901238 0.304592669 -0.951055944
 992 0.422045559 1.34807599 1.25638330 -0.263832211
 993 0.240694165 -8.36593211E-02 1.64441019E-02 -1.23296070
 994 -1.10328805 0.220857009 -0.543454647 -1.09522200
 995 -0.633325458 -0.617296219 -0.793647230 0.380808145
 996 0.187756345 1.15592134 0.118641570 -0.269883692
 997 0.797789872 2.17488408 -0.292162061 6.49448037E-02
 998 7.17257261E-02 0.736335278 0.473047554 0.261189818
 999 0.307828784 -1.10603273 0.287424386 0.716902673
 1000 0.168531805 3.77565883E-02 0.495082527 5.70113696E-02
 1001 -0.562778711 0.595806301 1.06476426 0.385479361
 1002 0.627507389 0.393988460 -0.766582251 9.11990330E-02
 1003 0.721611381 1.57902718 0.469287455 -0.675158024
 1004 -1.35196626 -0.322964787 1.17541480 -0.462164223
 1005 -0.168444663 0.937527955 -0.689144075 -0.987376750
 1006 -0.889513493 0.518412888 0.350503564 0.285120249
 1007 -0.285379708 -1.92738318 0.776554585 -0.326442331
 1008 -8.40466022E-02 0.489050478 -1.20767355 0.160836220
 1009 1.39781332 0.331887305 -2.00986671 -0.704915941
 1010 5.56044579E-02 -0.600498378 1.17879033 0.292576015
 1011 0.469677389 0.258556843 -0.295034200 -0.541549802
 1012 1.08101702 -0.888149381 -1.41221452 0.119034514
 1013 1.58042920 -0.698458374 -0.267724633 -6.38760626E-02
 1014 -0.470086038 0.247187972 -1.20818353 -0.351967990
 1015 -0.140773043 1.16630590 -1.29410481 0.402432919
 1016 1.97318864 0.755299687 -0.813809574 -0.876835227
 1017 0.322581887 -0.882374167 -1.33761430 -0.118626773
 1018 1.03327394 0.129028410 -0.670042574 -1.07778108
 1019 1.32124949 -0.516810656 1.56496167 -1.13323975
 1020 -2.15966797 -5.60900643E-02 0.158631980 -0.426846981
 1021 0.491679013 -1.53175855 0.473731816 -0.394185871
 1022 0.536334157 -0.359518349 0.478731036 0.205373272
 1023 -0.567005694 -1.30548365E-02 0.660034716 -0.323852241
 1024 -0.726579964 -0.471266061 0.117055669 -0.279939890
 1025 0.852438807 -0.258053035 1.05239081 0.626953304
 1026 -0.895889699 -0.203578576 0.195480675 3.03222835E-02
 1027 -1.44476211 -0.241955698 -0.412627101 0.270371437
 1028 0.436447144 -3.78438160E-02 -0.686149180 0.175255537
 1029 0.374062479 -4.16259319E-02 0.478651941 0.276937008
 1030 0.146129519 -0.598228812 0.134523690 -4.31656837E-04
 1031 -0.689782619 -0.184098363 -0.862464309 0.208309308
 1032 1.02710807 -0.356333852 -0.192160800 0.186559856
 1033 -0.434044659 -0.112184189 5.55320308E-02 0.112632908
 1034 -1.28644216 -2.88131285 1.19297659 -2.33420587
 1035 -1.91218778E-02 -2.44789052 1.67197824 -3.27944207
 1036 -1.17804384 -2.01406455 0.182864681 -4.02963066
 1037 0.567280889 -2.36816216 1.13238311 -0.385808796
 1038 0.110160321 -2.41237617 0.959228754 -1.09529817
 1039 0.775303602 -2.17869473 0.365682036 -3.81048679
 1040 0.245876968 -2.48135519 1.52722359 -1.53429294
 1041 -0.383426607 -2.28718996 1.25988972 -3.89563966
 1042 0.148457170 -1.50306463 1.76047087 -3.28020716
 1043 1.20713234 -2.27381897 -6.74075782E-02 -0.414433748
 1044 2.28692913 -1.66512966 1.76721048 -0.267329097
 1045 1.02175856 -2.66936541 0.846123517 -0.346781880
 1046 -1.17161930 -2.47555542 0.204330504 -1.73854125
 1047 0.278671324 -1.68426704 1.58091366 -4.17497158E-02
 1048 0.451461166 -1.92218292 0.201811135 -2.36700726
 1049 -0.844789624 -2.48064733 1.02250385 -3.14687490
 1050 0.428977340 -1.96791553 1.19081914 -3.23027825
 1051 -1.79527509 -2.55212545 1.08178961 -2.12540412
 1052 -0.787488639 -2.04854655 0.733630359 -0.315116107
 1053 -0.250063628 -3.31664729 0.730109990 -0.855816424
 1054 0.299283594 -1.09338367 1.47964919 -1.89247108
 1055 -1.34447896 -2.06214023 1.25487804 -3.00940108
 1056 -0.281929672 -2.21250081 1.55424261 -0.252322793
 1057 3.19919214E-02 -3.48820210 -2.66917944E-02 -0.128856257
 1058 0.791343808 -1.78563440 0.651834965 -1.90390646
 1059 -0.141527399 -3.27621436 -0.175523490 -1.84628260
 1060 0.270847291 -2.53051186 0.228430912 -3.17547393
 1061 -0.914799869 -2.60637617 1.65899181 -3.21308136
 1062 1.39788198 -1.82764971 0.666402161 -4.25846949E-02
 1063 0.264679700 -1.13751388 2.13401365 -1.50212705
 1064 -0.368260056 -2.56220198 0.499584496 -1.88309503
 1065 0.768358231 -1.38012004 0.823718131 -2.36257195
 1066 1.14845562 -1.57171679 1.86748111 -1.68295383
 1067 -0.540245533 -2.56066990 1.54119062 -3.78914523
 1068 -0.134607628 -0.687429845 1.33219230 -3.68527412
 1069 0.328843623 -1.09460759 1.50909674 -0.522115350
 1070 1.64181995 -0.998656273 0.779543817 -1.91671133
 1071 -7.39245117E-02 -2.68584466 1.00565767 -0.385141969
 1072 0.537731647 -2.40690541 1.38905370 -1.47094190
 1073 -0.475235939 -3.06516933 0.557404280 -3.23938131
 1074 0.390426397 -2.48908901 1.53198290 -2.48917747
 1075 -4.69885394E-02 -1.36083424 1.35661983 -2.10532236
 1076 1.22744226 -2.60223961 2.29299283 -2.35631442
 1077 1.44668567 -1.63932812 0.852988243 -0.536091506
 1078 0.935551703 -2.14714813 0.533395350 -3.02544713
 1079 0.654954374 -2.18662667 1.14605641 -3.27593088
 1080 -0.675286353 -2.24625111 1.52605760 -2.52319503
 1081 -0.483228266 -2.33915997 -0.195002750 -1.61333907
 1082 0.787459016 -1.85184920 0.146581307 -1.87125504
 1083 -1.03857994 -2.30717802 -0.296348423 -1.76546299
 1084 -0.241024524 -1.62748253 2.08683872 -0.964821458
 1085 0.154960245 -1.84305775 1.26756418 -1.54300296
 1086 -1.24822080 -1.36724746 0.118065178 -1.06833971
 1087 -1.34926856 -3.40325928 1.71639574 -2.88630533
 1088 -1.32146025 -1.36475194 2.48065829 -3.85695505
 1089 0.478430420 -0.624919772 1.90003419 -3.17799139
 1090 -5.44232726E-02 -2.24731612 0.232055515 -2.23669124
 1091 7.07008541E-02 -2.00883985 0.457175285 -1.78003788
 1092 -0.325972736 -1.83418024 1.17353725 -1.72934556
 1093 0.454038143 -2.49292517 0.798929930 -2.20901084
 1094 -1.52243185 -0.884694517 0.675099850 -2.88474178
 1095 -2.31207037 -2.32628298 1.12237728 -3.09928513
 1096 -0.542061150 -0.416093260 -0.144026652 -3.69868755
 1097 -0.624075949 -2.00984645 0.927647591 -0.440533727
 1098 -0.111867025 -2.45483088 0.525422096 -3.80512905
 1099 1.58017993 -2.27226114 0.726936698 -4.93758321E-02
 1100 -0.341726243 -1.53516185 0.204029232 -2.49354339
 1101 -0.343645185 -2.95511913 -0.124562971 -2.43725920
 1102 1.14562178 -0.638826191 1.62324607 -1.26356018
 1103 -0.307525605 -2.10161304 0.295080960 -1.39143550
 1104 -0.761479497 -2.48781252 1.17657542 -1.71254408
 1105 0.548063874 -3.22072029 1.36500430 -1.68954849
 1106 1.86239147 -2.97100496 1.03903055 -1.04879773
 1107 -0.633960783 -1.13331687 -5.14228791E-02 -4.79935551
 1108 -1.88638568 -1.76268387 1.58411908 -3.43818521
 1109 -1.49444282 -2.65405703 2.28660131 -3.29876590
 1110 0.573572516 -2.24671650 0.864508927 -1.80788386
 1111 -1.48688769 -1.64828372 1.33723497 -4.27532148
 1112 0.185588971 -2.51509285 0.460026026 -3.92472816
 1113 -1.73102331 -0.816095233 0.851332426 -2.40992975
 1114 -0.531872213 -2.23315454 0.412231475 -1.86110830
 1115 0.818601191 -2.59850383 1.61848509 -0.849198103
 1116 1.67578864 -3.36351991 0.425881565 -1.47299206
 1117 -1.16623318 -1.87407589 0.402380586 -1.85979998
 1118 0.668187678 -1.37667084 0.974901497 -3.27748013
 1119 -0.711038768 -0.879248500 1.89041150 -2.16128755
 1120 0.748019338 -2.70086884 -0.310974181 -1.80142701
 1121 0.991834641 -0.280462086 2.04655123 -2.44997120
 1122 -1.48450303 -1.42135680 1.23085082 -3.56953287
 1123 -0.802257121 -2.04672265 0.307785928 -3.45702291
 1124 -1.20267642 -2.06441832 0.609849930 -1.95315218
 1125 -1.88092732 -1.64483452 2.54993987 -1.74370646
 1126 -0.650223851 -3.13976192 0.831528068 -2.43677425
 1127 -1.16553271 -2.12826371 2.26106548 -3.03401995
 1128 -0.538827419 -2.63080359 1.92115271 -1.72385359
 1129 0.430089444 -2.27940774 1.82395971 -1.97299957
 1130 0.364247143 -1.70342791 1.69280672 -2.58808208
 1131 0.422003359 -2.68387437 2.25793386 -3.11141491
 1132 1.57374740 -2.63049150 2.16120791 -1.10370541
 1133 -0.980261087 -1.80800521 1.78064716 -3.16225767
 1134 9.33548957E-02 -2.71114969 2.90484118 -3.78238320
 1135 0.736313045 -2.57130098 0.916934729 -1.71688342
 1136 -2.98768133E-02 -2.07294750 0.454530358 -1.35826886
 1137 -0.199698269 -2.87948799 1.29805613 -4.28175735
 1138 -1.20337701 -1.70104825 0.743202984 -4.07434368
 1139 -0.568182051 1.26747978 1.54500377 1.05376661
 1140 1.24491084 0.617066741 -0.471456438 1.22281420
 1141 1.06028986 1.31611013 2.52850354E-02 0.444631398
 1142 -1.30336070 0.441885024 2.35763335 0.612914503
 1143 -0.642333925 1.83490860 2.02744246 1.04291058
 1144 -0.159540325 4.83178683E-02 1.09547853 2.75367570
 1145 0.446116686 1.23365295 -1.11591816E-03 1.25637984
 1146 -0.901220977 1.66188288 1.11169362 0.582719088
 1147 0.664321542 1.44666636 1.72623610 1.23015094
 1148 -2.19443893 1.41577244 0.645435750 0.316215754
 1149 -2.80102342E-02 0.906457782 1.05417907 0.792830706
 1150 -1.91238597E-02 1.30691779 0.996797562 1.77092338
 1151 -2.33651090 0.842187822 1.72918224 1.59965432
 1152 2.02671242 0.745213330 1.09052300 2.92193747
 1153 0.946610808 1.73983443 0.168630987 0.965883493
 1154 -0.640591741 1.71390605 1.96635103 1.69208574
 1155 -2.17969871 1.87340748 1.82109714 1.86874104
 1156 -0.138886452 1.60945284 1.80502844 0.586129069
 1157 6.16438240E-02 1.20943403 0.666301548 1.15608096
 1158 -0.746920824 1.43361211 1.28823996 1.77860868
 1159 -0.592372179 1.17233670 1.22055948 1.58512163
 1160 -0.577635288 2.21971297 0.335830986 0.673003793
 1161 -0.421605349 0.880937517 1.63398170 1.75945759
 1162 1.26166892 2.66304708 0.101263300 2.03079414
 1163 1.61826098 2.11383724 0.400864184 1.11024988
 1164 3.43857408E-02 1.46833992 1.34881318 1.12410438
 1165 -1.59765410 1.91959858 3.16731781E-02 0.485460103
 1166 -2.00787520 0.695217252 3.14732122 2.81730461
 1167 0.418135345 1.70510197 0.601737559 1.38554621
 1168 -0.393246621 1.70851481 1.03478503 1.87582946
 1169 0.501107752 1.27116013 -0.470587730 0.909370065
 1170 -0.302219898 0.651551068 1.56739938 0.936235964
 1171 1.05491853 2.13704705 1.28564072 1.83325672
 1172 2.19555044 2.03884125 2.34794617E-03 1.98238635
 1173 -1.36209285 1.83116460 2.23312950 1.00116920
 1174 0.549980283 2.37882042 0.539443791 1.81650901
 1175 -1.25889516 1.57561696 -0.235175952 1.02094936
 1176 -1.22511768 1.39024282 1.72511148 1.70613956
 1177 -0.529577494 1.75457525 1.95982790 1.08664620
 1178 -1.34284616 2.37883830 0.182121813 1.31808996
 1179 0.238394201 0.202154398 2.43812299 -0.269968599
 1180 -0.599975169 0.423303485 0.419446796 1.76118028
 1181 0.388952434 2.26738739 1.46961606 1.03117883
 1182 -1.12843108 1.05608141 1.37495971 1.69764757
 1183 1.29856873 1.30648196 1.55269790 2.05127621
 1184 1.17399108 1.52726531 -0.357223094 1.20551348
 1185 -8.51387307E-02 0.994474471 1.70864773 1.68767679
 1186 -0.147839755 0.550381899 0.558466494 0.986282706
 1187 -0.194333792 1.75035822 -0.114090025 0.990263700
 1188 0.315742016 1.67410684 0.120106816 2.36710453
 1189 -0.997890472 1.16674316 0.916271687 0.673745394
 1190 -0.738022983 0.636008620 0.193659902 1.79122877
 1191 -1.05151200 0.451062143 1.91305327 2.67193937
 1192 -0.506334066 2.59844565 0.966436863 0.328665048
 1193 -1.10165250 1.48711181 2.59657955 1.56789839
 1194 0.245762765 0.598894238 1.67298985 2.04729223
 1195 0.470961362 1.32529330 0.920335770 2.38236856
 1196 1.10163665 1.01658702 1.22218347 0.835967124
 1197 0.429943740 1.89489257 0.869678259 1.01895618
 1198 -0.720312834 1.92105019 1.63331604 1.04709351
 1199 -1.13090658 1.39726651 0.209452465 2.20354223
 1200 1.05807436 1.74979770 1.56520939 0.546284556
 1201 0.979283810 1.63340926 2.06079769 0.777707040
 1202 1.30716074 1.12376189 1.28054094 0.354986787
 1203 -8.72226283E-02 1.71371400 1.39907694 -0.427301496
 1204 0.399504513 1.71076190 0.134501725 1.84162629
 1205 0.290919453 1.82115877 0.197000921 0.657889843
 1206 -0.517457962 0.772465169 1.63438296 2.44359827
 1207 1.01415420 3.14171091E-02 -0.647471905 1.34260964
 1208 0.765661895 0.380621195 0.569631577 2.13003516
 1209 -0.280757278 0.541847527 0.769894779 0.515686989
 1210 0.434833646 1.24935055 1.64495039 1.04356551
 1211 -0.136801153 1.76286757 0.554436564 1.14609098
 1212 0.281029880 2.62940860 1.05108070 2.03398132
 1213 2.82576531E-02 1.65788519 1.16294014 2.04530072
 1214 -0.447055787 2.37031746 0.725709260 0.158213943
 1215 0.690678835 0.477436900 1.72448337 1.25799477
 1216 -1.41008067 1.63304079 0.964199901 0.523350656
 1217 -1.43917358 0.717297316 1.91797876 1.29367840
 1218 0.758393526 0.630958974 1.28203964 1.49852085
 1219 -0.287859142 1.14392889 1.66423154 2.04692125
 1220 0.210677534 2.27023482 1.87866604 2.80233383
 1221 0.226418987 1.44345486 0.383201241 1.04021275
 1222 -1.06551540 1.45902669 1.19072509 2.02313924
 1223 1.73219180 2.16175938 0.584065795 0.532507658
 1224 -9.35371220E-02 0.857376516 2.80348063 1.44604909
 1225 0.756161928 1.26212096 0.829249322 2.83846331
 1226 -0.255411565 1.95035315 2.47413683 2.01276445
 1227 1.64778972 2.81894565 1.99137878 1.88436103
 1228 0.277051061 1.20408666 0.327815145 2.17401528
 1229 0.107581705 0.809041619 0.710321367 1.03196275
 1230 5.10461181E-02 -0.241785869 0.154538259 1.93328166
 1231 -0.331378341 1.53838754 2.12142658 2.00448537
 1232 -0.678652525 1.87581277 -9.99087840E-02 1.35860431
 1233 -0.373880774 2.67909813 0.609860837 1.36129022
 1234 -3.50798219E-02 1.68432641 1.09098411 2.04114699
 1235 -1.23673415 1.00120115 1.21009696 1.17790627
 1236 -1.03439295 0.850027204 2.07140279 0.958871424
 1237 -1.28769064 1.61704361 1.34954524 1.98395443
 1238 -0.185552448 0.677934825 -0.919662356 2.45391345
 1239 0.377713025 0.512876332 2.53584003 1.89823771
 1240 -0.738268852 1.26763916 1.35669267 2.83259630
 1241 -8.33286643E-02 -0.268679023 1.14929831 1.42270529
 1242 -0.457229257 0.426511914 1.87890172 1.35794127
 1243 -0.619561434 1.46228087 2.25727081 2.09108448
 1244 0.138420641 1.43923938 -0.514874637 2.08860207
 1245 -0.412072539 1.27681375 1.94139493 1.11974347
 1246 -0.489899874 1.75735748 1.00376546 1.87385762
 1247 -0.124413885 1.32532620 -6.99403211E-02 1.68150401
 1248 -0.895375371 1.13018167 3.64918160 1.25039923
 1249 0.368799567 1.09257352 0.250958264 1.96804953
 1250 -0.831616163 0.968676984 0.775194705 1.76773894
 1251 -1.70851624 1.12036276 1.17794454 0.373930067
 1252 -0.509771407 1.17455387 0.294064611 2.85157394
 1253 0.405118823 0.493475020 0.708374381 1.93276775
 1254 -2.29385304 1.24581683 0.989886880 0.435542017
 1255 0.211673498 1.07675910 1.85257041 0.888772547
 1256 0.769549727 1.59166670 0.896544695 1.19493139
 1257 -9.70869958E-02 1.15895665 1.86417544 0.720427155
 1258 -0.204305470 0.492274076 1.70702767 2.52406764
 1259 1.74924183 0.204539895 1.64707828 1.70668149
 1260 -0.513312936 3.04599524 1.60773313 1.91151559
 1261 -1.82751918 2.06431675 1.66160715 1.63261485
 1262 0.410528839 1.89771986 0.552806377 1.17306602
 1263 -0.434392244 1.54238534 -0.118074194 1.33431315
 1264 1.98160219 0.993130147 -1.38595903 1.19252062
 1265 -0.363069355 2.45656443 2.19797492 2.10429049
 1266 -0.682461858 1.92272758 -2.08654031E-02 1.90638220
 1267 -1.91000545 1.86349881 2.09851408 1.13456631
 1268 8.13774616E-02 1.17024410 -5.57947457E-02 0.779704332
 1269 -7.12750703E-02 1.49207127 0.667472064 0.789893746
 1270 -0.647759736 1.06186604 1.42503428 1.74452531
 1271 -1.38801098 1.33113527 1.04461610 1.65457094
 1272 0.938502908 1.96775293 -0.157919407 1.78397739
 1273 0.113981023 1.77734077 2.16834545 1.77376962
 1274 -1.22342241 0.781375647 0.340747297 2.53044820
 1275 -5.08524217E-02 1.68064785 0.883685052 2.30857825
 1276 -0.699002624 1.22058463 2.56437922 1.62153840
 1277 -1.35305858 0.884238780 2.89346170 0.733750701
 1278 0.705260754 2.34647036 1.51733661 1.67433286
 1279 -0.325054318 1.44195628 1.01615453 2.02797484
 1280 1.40452325 1.96530759 0.527443945 2.33212709
 1281 0.611411631 0.471636832 0.747294545 1.73908091
 1282 0.905485630 2.02936459 1.68683302 2.35532832
 1283 -0.674323440 0.954715014 0.435011715 2.48422766
 1284 0.251605839 0.867466450 1.58098865 0.491992116
 1285 0.515455067 0.837081075 1.48200440 1.08494496
