 1 1.89935505 -0.399734825 0.177975744 0.315312266
 2 -1.20944154 0.171179116 1.87023687 0.532287419
 3 0.681976795 -1.00073361 0.479161054 1.00997245
 4 -0.289675355 0.744034827 -3.00541520E-04 0.382045686
 5 -1.14266551 -0.968318343 2.27979803 0.213272840
 6 -0.662258148 -0.588812411 -0.512258768 -5.06674573E-02
 7 1.58907151 -0.748915076 1.81254148E-02 0.195625037
 8 -0.356090873 -0.237521768 0.385194659 0.102388233
 9 -1.28377616 -0.276740581 1.07772529 7.57325217E-02
 10 -1.54903376 -0.799853265 -0.698008537 5.03600910E-02
 11 -1.43647552 -0.403160721 0.295536637 -4.23286334E-02
 12 -0.904478371 -0.318043590 1.56003189 7.56787509E-02
 13 -1.42913115 -0.255135447 0.313905478 -7.01196343E-02
 14 0.312899828 -0.501209974 -0.186696112 -0.264857352
 15 -0.377845347 0.525803208 0.272797227 0.467099667
 16 0.520036340 -0.259822279 -7.47144818E-02 -2.35094130E-02
 17 0.313034832 0.882916927 2.23373818 0.266102940
 18 -0.836191535 0.256513506 -0.899781644 0.118444473
 19 -2.14134336 -0.996752322 -0.605226159 -5.45738786E-02
 20 -1.04149055 -1.57877886 -0.310157716 -3.96855548E-02
 21 -2.94379973 -0.387032777 1.31313992 5.56204095E-03
 22 -1.40881765 -5.44334650E-02 1.21981430 -9.15627182E-02
 23 0.168575853 1.43814990E-02 -1.33835363 0.177759439
 24 0.353020668 -1.01623774 0.329120457 0.756734014
 25 0.405930847 -1.31575322 -0.685012221 0.125456840
 26 -0.275934696 0.732709050 0.751247406 0.101591706
 27 -9.99356806E-03 -0.157416850 0.987806261 0.161810055
 28 -0.964146316 0.220213979 -5.31904399E-03 -0.309874564
 29 0.293195546 -1.48739910 3.24413180E-02 -0.296189368
 30 0.108729616 -5.94757497E-02 0.947751522 0.189233214
 31 -0.731858432 -0.578902721 -0.182244554 -1.57474987E-02
 32 -0.943310976 0.408701628 -1.34428740 0.115086369
 33 0.241440788 -1.11326575E-03 1.33233619 0.200844720
 34 -0.549800694 0.875208020 1.65663993 5.20749465E-02
 35 -1.05507064 0.738431692 0.857077658 -0.222912610
 36 -0.236936897 -0.389388353 0.638152122 -2.17065327E-02
 37 0.166682541 -0.444617450 1.66914725 0.155264407
 38 -0.585639954 -2.11797428 0.183307350 0.567257643
 39 1.06115389 -0.282696396 0.255632669 -8.24415907E-02
 40 0.206806690 -7.78164864E-02 0.672969103 0.602380097
 41 -0.363258511 -0.567983031 0.161576599 0.119810425
 42 -0.514743447 0.910308540 5.08339405E-02 0.162033200
 43 -0.322540015 -1.20219922 1.54178214 0.353415877
 44 0.298413187 0.866581678 1.86512411 0.151569828
 45 -1.03651845 -1.02078390 -9.26484019E-02 -4.29718047E-02
 46 0.334621727 -1.03782153 1.02144504 5.55104390E-02
 47 -0.445588738 -0.988689482 1.11132133 0.233993575
 48 -0.658829272 0.420580715 -0.941346049 -1.96869224E-02
 49 -0.496978164 -0.535658121 -0.859057784 6.93618357E-02
 50 -0.845664144 1.02900052 0.182759255 -1.40919238E-02
 51 -1.10394204 -1.40442431 -1.15001667 -0.105923504
 52 -0.770523965 -0.445204437 0.537233651 0.756028891
 53 -0.326440752 0.289696455 0.589270592 -0.127211481
 54 -1.09179652 1.13934278 -0.549920022 -0.203645527
 55 1.54281020 0.449076802 0.815535605 0.721913457
 56 -0.154128507 -5.51721156E-02 0.818073332 -4.48875912E-02
 57 -6.94124699E-02 -0.345958292 0.569522202 -0.266435802
 58 -0.988975525 -0.243678913 -0.484659016 0.927337766
 59 0.430938333 0.532544374 -1.09542859 0.568676054
 60 -0.725611925 -0.259752482 -0.245792076 -7.51560852E-02
 61 -0.295072466 -1.42121756 0.714521229 5.21874018E-02
 62 -0.317479372 0.254741073 -6.27406985E-02 0.734136581
 63 -0.910265744 -0.240207136 -0.109166339 -5.77600375E-02
 64 1.31827307 -1.25641191 0.677880108 -6.69805333E-03
 65 -1.58047795 0.208504006 1.37152207 0.146924838
 66 -0.808056474 0.337467790 0.993358016 -0.172211856
 67 -1.45698237 -0.448832810 0.707233548 -4.59867679E-02
 68 -0.193541944 -0.588482857 2.21726108 5.79746664E-02
 69 0.554046452 -1.42963481 -0.915625989 1.50057636E-02
 70 -1.07011664 0.604983568 -1.07845712 -0.230793983
 71 -1.74730349 -1.68734682 1.82312644 -8.34354386E-02
 72 -0.875044584 -1.90314460 -0.929632306 -7.69171268E-02
 73 0.881003678 -0.716259778 0.916490436 0.168486327
 74 -1.07652307 -0.643470526 -0.412501961 3.10590975E-02
 75 -0.838319063 -0.968268752 -0.962680340 2.72359774E-02
 76 -1.95029616 -0.199150994 2.81381798 6.98534101E-02
 77 0.186655745 0.508496046 0.537761748 0.135140613
 78 0.938567996 -0.930876076 0.970715165 0.604978561
 79 -0.789579093 0.705146670 0.250097603 -0.112254895
 80 -1.46600962 -0.878599763 0.224662155 9.43448320E-02
 81 -0.537645519 -0.293979526 0.917801797 0.588499188
 82 -0.861441255 -1.99712968 -0.114861056 0.178429425
 83 1.38463795 0.371842027 0.261385441 2.52332464E-02
 84 0.178632736 -0.535637617 0.329271376 0.713141620
 85 -1.66537917 7.20066130E-02 0.630787134 -6.76076338E-02
 86 -1.72377610 0.462890208 1.66823530 2.89704949E-02
 87 0.229683623 -6.48494661E-02 1.57750213 0.209762245
 88 0.196114063 1.85103416E-02 0.392947078 0.187173337
 89 -0.405077696 7.76933692E-03 0.155334800 1.69029683E-02
 90 -1.99442911 -1.62855458 -0.600290716 -0.363142610
 91 -5.08608855E-02 -0.646762550 2.43629694 -3.94678563E-02
 92 0.812570572 -0.385510355 -0.348211706 4.74634096E-02
 93 -0.514787614 -1.71467185 0.648939848 2.37037800E-02
 94 -0.864278853 -0.404191196 1.00823653 0.133769214
 95 -0.612910926 -0.352088928 0.109028988 5.49276173E-03
 96 -0.347510695 -0.538754940 0.876861453 -1.24329124E-02
 97 -1.31983173 0.422279447 7.99666345E-02 -4.38962616E-02
 98 0.306027889 -0.103450075 7.36769140E-02 0.615477860
 99 4.42721397E-02 0.488997042 1.24917376 0.146013021
 100 -0.144444674 -0.389454335 0.653108001 -0.102232389
 101 -1.59082007 -2.93636942 0.128092125 0.577654898
 102 0.315919280 -1.02439690 0.191405401 0.721410871
 103 0.891424239 0.910431266 0.970057666 0.148339257
 104 -0.175053984 -0.322996914 0.399532706 -5.27600199E-03
 105 -1.21704936E-02 0.678432524 -0.607163370 0.230995715
 106 2.04456878 1.93910336 1.98816013 0.498788804
 107 -0.497844100 -1.59988248 -0.387809217 4.65045609E-02
 108 -1.68755054 -0.726004601 -0.414968520 -7.48050213E-02
 109 0.176192492 1.13215637 -0.774577975 0.134431273
 110 0.267115235 6.26441836E-02 0.814631402 -7.69637004E-02
 111 -1.02394116 0.843611836 1.15596771 0.130453944
 112 -1.06853902 0.557680309 0.915612280 -0.127580971
 113 -0.253452957 -0.141754776 -0.247472018 3.55593190E-02
 114 -0.193146378 -1.25368369 -1.79718542 -2.83167753E-02
 115 -0.264488608 -0.241505370 0.194261521 0.684820950
 116 1.20594454 -0.288840473 0.911654890 4.63360325E-02
 117 -0.445467174 -0.804080129 1.57562053 0.293308496
 118 -0.457162768 0.197379932 0.209136680 0.134635404
 119 0.178812027 0.859374702 -0.470091552 0.384383440
 120 0.120339163 0.350368142 0.890652657 0.206845537
 121 5.37037253E-02 0.450536370 0.594238102 -0.141415060
 122 -0.464191645 -0.956874013 -1.36623383 -8.06712881E-02
 123 0.939158440 -0.100081563 0.709123850 -0.196492493
 124 0.625639677 0.208613604 -0.151573822 0.597645164
 125 0.843631327 0.766963303 0.559037387 0.621488810
 126 -0.175904125 8.76047015E-02 -0.599246204 0.270441741
 127 -0.282043278 0.899829268 2.08059597 7.51435608E-02
 128 7.40092769E-02 4.17627543E-02 0.439738333 0.289951921
 129 0.887272298 5.89708537E-02 -0.887288451 0.641825199
 130 0.879541576 0.294559121 0.806965590 -0.207482219
 131 -0.495146722 -0.213137195 -1.06484282 0.579534829
 132 -0.193034440 0.435637146 0.515916467 0.192804724
 133 0.548592985 0.482625306 1.96112716 -0.104358569
 134 0.535463154 1.87592655E-02 1.63714576 -0.169769228
 135 -0.928814292 -0.569259167 0.924691916 6.69623017E-02
 136 3.97315733E-02 1.83123803 -0.430749774 0.344555557
 137 -1.40500867 0.138812780 0.605520546 0.111021616
 138 1.59824991 -0.195118278 0.229721025 0.416451752
 139 -0.682321250 -0.346385419 -0.874243200 0.273182660
 140 0.832636774 -0.713587999 2.82545537E-02 8.87392238E-02
 141 4.17775363E-02 0.878239512 0.562132835 -0.231732637
 142 -0.360128641 1.02380991 1.14767456 5.09929694E-02
 143 0.417316437 -0.426644355 3.12889361 4.63399068E-02
 144 2.40215349 -0.983441949 0.152259886 0.474003315
 145 -0.537361264 -0.292299569 -6.50006235E-02 8.91725719E-03
 146 -1.38904250 -0.822380066 1.05972135 -5.50739206E-02
 147 -0.551416159 -2.05129457 0.769067883 -0.150239035
 148 0.395239264 -0.945113420 1.57242370 0.144696027
 149 -0.769675732 1.67065406 -3.57580185E-03 0.146134764
 150 -4.82643619E-02 8.16128552E-02 1.39662302 9.15971994E-02
 151 -0.749836624 0.388352007 0.434670419 9.11303908E-02
 152 -0.726859748 -0.676870942 0.518185318 1.89552978E-02
 153 1.38353372 -0.290038705 1.52412426 0.624182284
 154 -0.156176060 -2.07903361 0.710806429 0.804805219
 155 -1.32497466 -0.236275703 1.41040504 7.46849105E-02
 156 -0.970419645 -0.931608558 0.747352183 -0.102314442
 157 -1.87872684 -0.932255983 -0.403370529 1.72666088E-02
 158 -0.687890291 -9.48638469E-02 0.310358196 -0.139387220
 159 1.35275349E-02 0.689958453 0.955161035 -0.251000494
 160 0.680350840 -9.60232392E-02 0.664187551 -3.82385999E-02
 161 0.729951978 0.834672928 2.93302250 0.268639445
 162 -0.912349582 -0.843258381 0.391171277 0.115083382
 163 -0.534994602 1.39103413 -0.302035749 -9.66457054E-02
 164 1.65210664 1.15759361 -1.22210789 0.601976991
 165 -1.65321887 -0.834591508 -1.74160278 -0.108321726
 166 0.867888868 1.63795292 1.02565110 -8.81028324E-02
 167 -1.15740585 0.673464060 -6.76333830E-02 -5.49208596E-02
 168 0.317217797 -0.148023278 1.56049454 -0.184270084
 169 -0.439478219 -0.591321588 1.24630237 -0.111478686
 170 1.22718310 0.659850776 0.847841263 6.04631118E-02
 171 -1.90102422 -0.384953201 0.174564928 0.165128350
 172 -1.53988957 -0.306868404 4.68804017E-02 5.58698177E-03
 173 1.08036423 -1.04492033 -0.299645483 -7.66283870E-02
 174 -0.392333537 0.201282695 1.03272712 4.95366603E-02
 175 1.37857461 -0.135074943 0.420805335 0.565809488
 176 -0.777226448 -0.836816788 -2.34000087E-02 0.712296605
 177 -1.57865012 -0.832057536 1.18598497 0.119274996
 178 -0.378629029 -0.126023382 2.27625500E-02 0.389023483
 179 3.59245278E-02 -0.319817483 1.32243299 0.183396459
 180 1.01845229 1.08528793 -3.43946368E-02 0.119913414
 181 -0.146544486 -0.375198931 0.432371646 0.720461071
 182 -0.995934844 0.725359023 -0.878887892 -5.42117655E-03
 183 -0.609216690 -1.35344946 0.269915521 0.838461578
 184 0.407121956 0.670122206 0.199525088 -5.45357056E-02
 185 -0.594830990 -0.628300607 -0.867722392 0.217889011
 186 -1.30471408 -0.661483049 0.247852862 0.122186109
 187 -0.515559912 0.977228105 -0.850989103 -5.78665584E-02
 188 -0.331640303 -1.12896705 1.94964278 -0.121776402
 189 -1.31601965 0.316444457 1.02945119E-02 8.66082981E-02
 190 0.589533925 -0.529207230 0.639197588 0.411191404
 191 0.112066656 4.09190357E-02 0.573544323 0.155161858
 192 -6.83833957E-02 1.30676222 0.608487725 -4.12778668E-02
 193 -1.02788675 -0.103487581 -0.354335487 0.128158674
 194 0.463633060 0.182769716 0.897590041 -4.48415726E-02
 195 0.143242553 -0.174556613 1.64181793 -0.110445581
 196 0.280731380 -0.942175627 1.00432801 0.341178119
 197 0.822781086 2.01877642 -0.468073308 8.61559510E-02
 198 0.507151902 0.673282146 9.70833004E-03 4.71006595E-02
 199 -1.21018779 0.609876990 -0.495720148 0.588627875
 200 -0.557389975 -1.27721369 1.34390879 0.199013636
 201 -1.65332437 -8.37360248E-02 0.836586356 0.598655701
 202 0.768994033 -0.130767852 1.37216222 -0.105711900
 203 -1.62382162 0.746802092 0.536710978 -0.175769478
 204 1.22732568 0.591599941 0.448333234 0.501315296
 205 -0.728098154 -6.21724427E-02 0.602594018 -0.115701564
 206 0.392939270 1.87190509 -1.05752206 7.92219564E-02
 207 -0.541012764 0.186995983 0.762192667 0.144410595
 208 -7.25857913E-02 0.344505489 0.139670596 -0.231303900
 209 8.82427394E-03 -0.904333591 -0.726610839 -8.82060230E-02
 210 0.505325615 0.600175858 -1.20216095 -0.147993237
 211 -9.69599560E-02 -0.788705170 1.18115211 -6.75610006E-02
 212 2.06776381 -0.625220060 1.56140506 0.658555746
 213 1.68284774 -0.446010470 -3.28000486E-02 6.38416409E-02
 214 -1.41636646 0.480514526 0.993565619 5.26033062E-03
 215 -0.846435487 -0.654178679 -0.221207038 -0.133127004
 216 0.410499901 -0.644148111 0.175765902 4.76392955E-02
 217 1.14052331 1.62484050E-02 0.429886103 0.423511565
 218 -0.453631103 0.698271394 0.128936350 -9.32527259E-02
 219 0.975445330 -0.162382528 0.202137902 0.499530017
 220 0.174233600 -0.592977881 -1.41954732 -7.26690888E-02
 221 -1.38412607 -1.34094298 -0.538446903 3.71405780E-02
 222 1.04175067 -0.622710705 -1.02317643 1.20958865
 223 -2.31730580 1.21550667 -0.749951661 -4.53744233E-02
 224 -0.109184973 -0.673903048 0.336574674 0.114307635
 225 -1.73523831 0.720602989 -0.738020897 0.159817606
 226 -1.84824049 0.656673908 0.223120287 -7.93815106E-02
 227 0.187710658 -0.197704151 3.50020826E-02 8.92842263E-02
 228 0.372227192 1.31555414 0.125269115 0.648478866
 229 0.685274601 1.41235876 1.15296924 0.575852454
 230 -1.09813654 -0.465764970 -0.653059483 3.91591042E-02
 231 -0.351021528 -0.613970041 -1.12048423 0.547928810
 232 -0.548075557 -0.742618918 -1.24888229 -0.134502143
 233 -0.533242702 -2.36701751 -0.700853527 0.135918945
 234 -0.804665446 0.973596454 0.905070662 5.36103807E-02
 235 0.502890944 -1.88605189 -0.668908358 -6.97566271E-02
 236 -1.65716565 0.809349597 0.716777682 4.23672944E-02
 237 -8.12435746E-02 0.991632998 -0.714762688 2.54300199E-02
 238 0.233747482 -0.629118383 1.40770054 4.92217243E-02
 239 -0.567477822 -0.805916488 -0.248395026 0.656140625
 240 -1.62780378E-02 -1.47219276 1.60195470 0.117627300
 241 5.34746945E-02 0.470671594 -0.711160958 3.53225991E-02
 242 0.293245882 -0.462821841 0.785389662 5.25847822E-02
 243 4.88538444E-02 -0.106677510 1.56600320 -0.110603012
 244 0.741800249 0.214047998 -0.575031996 -7.09677413E-02
 245 0.327893108 -1.44124424 0.277299583 9.37233120E-03
 246 -1.25853002 -0.710963428 -1.41719484 0.125038892
 247 -0.930706501 -1.41645193 -1.59775615 -0.132616580
 248 -0.427987009 -4.44981158E-02 1.57260895 -0.361256629
 249 -0.618365169 -1.20867503 5.86264580E-02 2.66481172E-02
 250 3.35995741E-02 0.658362865 1.59622848 -0.352908909
 251 -0.120119035 -0.631350517 0.867286563 5.19916043E-02
 252 -0.259288400 -1.72817469 -0.522222877 -3.29833403E-02
 253 -0.696321666 -0.902931452 1.12018549 0.444291472
 254 0.989945531 0.414782763 1.12821865 0.673625648
 255 -0.171102419 1.02449226 -1.34791529 1.89224184E-02
 256 0.277752876 -1.63800430 -0.274857730 0.544008791
 257 -0.190436259 0.286084950 -1.83287954 0.112777144
 258 -1.74315393 0.138807550 -2.73044252 0.175959662
 259 0.216300935 3.00908983E-02 -0.338728189 -9.69981402E-02
 260 0.189263254 -0.778350770 -0.299472272 0.135707289
 261 -0.269427121 1.71893823 0.798260093 -0.152850479
 262 -0.440067828 1.20061028 -0.394559950 3.52257341E-02
 263 0.275826275 0.255106688 0.607776999 -0.184478775
 264 -0.117197528 1.44392776 -0.587306499 0.468199492
 265 -1.55538011 1.26960039 1.96509278 -2.84125321E-02
 266 -0.577824652 -0.533169448 -0.897297680 9.19159055E-02
 267 0.633259833 0.712667942 0.893442512 0.521390855
 268 1.61295605 0.601201713 0.302503705 0.522679687
 269 0.136184841 -5.15888818E-03 -0.664830983 -0.174382746
 270 0.399287671 0.543051243 0.712332606 0.395994812
 271 1.87213767 -4.70943786E-02 0.904764354 0.478832573
 272 0.765386879 0.317081988 -0.385078877 -9.62657034E-02
 273 -0.411410898 -0.505748212 -0.537043393 0.131382108
 274 1.45804119 0.169321850 0.485950172 -8.57070833E-03
 275 -0.918274760 0.182808951 0.356838405 -0.102946788
 276 1.44988155 0.822185040 0.239357278 0.483368903
 277 -0.886016965 3.07905376E-02 0.249246106 -9.54944491E-02
 278 0.221416652 -0.836119354 -1.18438590 0.189527184
 279 -1.90746058E-02 -0.224965855 0.246150956 -6.18774965E-02
 280 1.06288588 0.680456758 -0.323538750 0.603079736
 281 0.976361811 0.761030138 0.742350519 0.633867443
 282 -1.06725633 -1.37018871 2.08127928 6.25875220E-02
 283 -0.128092915 0.154571995 0.198129609 5.31409755E-02
 284 -0.548420072 -1.44474781 0.530231357 1.25779752E-02
 285 1.59986186 0.892724216 -0.451968193 0.422961593
 286 0.723128557 -0.453685641 -1.75083899 1.33249909E-04
 287 0.462630033 -0.430645466 0.397457421 0.708812237
 288 -0.860623121 -0.442363769 1.42553842 -1.17914993E-02
 289 1.48387384 -1.61768603 0.144423306 3.56960297E-02
 290 1.30441916 -1.24962521 -0.270647109 4.78588045E-03
 291 0.564373851 -1.18440938 1.27159894 0.124521412
 292 -0.704331279 -0.562270045 -1.02925360 0.100995772
 293 1.35512590 -1.15939510 0.111112528 0.559867382
 294 -3.27277780E-02 0.476974905 1.45973945 0.111302242
 295 0.664202392 -0.125866741 1.57528424 -4.73980382E-02
 296 0.138029426 0.160427913 1.36704898 0.217756018
 297 -0.986649930 0.198963851 0.329082072 -7.16704652E-02
 298 -0.485072732 -0.501931787 0.669519722 0.110858254
 299 0.420351833 0.143810853 1.50396013 -2.29631923E-02
 300 -1.39615524 0.160038486 -0.292659760 1.71893537E-02
 301 -0.242812812 -3.57086547E-02 0.858786404 -1.77970976E-02
 302 0.750904918 -0.868571043 0.236210018 -4.20664400E-02
 303 1.04441464 -0.147532776 0.798973620 -6.48997873E-02
 304 -0.196344256 -1.40712905 0.654685318 -3.23220082E-02
 305 0.100705363 -1.23033309 1.05327475 0.634789646
 306 2.00776505 -0.689316332 -0.931603134 0.629014194
 307 -0.797552168 -1.73351383 -0.380116463 -6.97221085E-02
 308 5.96044213E-02 0.132373169 1.29217374 0.276567400
 309 -0.685143948 -5.06204218E-02 0.464118183 -0.109033927
 310 -0.147489697 -0.959469736 1.20332658 9.74594653E-02
 311 0.675148726 -0.387459368 0.768056691 0.569621265
 312 1.59904552 0.984219313 -6.95900470E-02 0.223749980
 313 1.46068707E-02 -0.370222807 1.65472460 -0.165190250
 314 -0.511223674 -5.74274883E-02 6.59526885E-02 -7.99980462E-02
 315 0.771740437 -0.164772481 0.923720002 0.589194357
 316 1.62192965 0.156578809 1.21591277E-02 0.687110484
 317 6.36441857E-02 -0.541465580 0.124373078 0.112555183
 318 1.17706990 0.391856074 8.47007260E-02 0.103278324
 319 0.252296805 0.575289309 0.171611011 0.770480514
 320 2.23102713 0.278870225 1.46832120 0.625543594
 321 -0.423616767 0.277260661 1.10429004E-02 -0.145048797
 322 0.648216248 -1.43151176 1.50116920 -5.57064265E-02
 323 1.19160283 -0.938842654 -1.27247179 0.333710670
 324 1.13495815 0.297041208 1.62427890 -9.95304585E-02
 325 0.485981107 0.520028114 1.10932159 5.61738461E-02
 326 -0.792005301 -2.04154104E-02 0.412513435 0.537248373
 327 -0.588088274 1.85842824 1.65554881 -9.01597515E-02
 328 0.458109289 -0.134434924 1.22783494 5.96866235E-02
 329 1.65453184 0.693910599 -2.06183270E-02 0.700932205
 330 0.289656788 -0.930525899 -0.240090370 -0.134532109
 331 -0.324252874 5.10195643E-02 -2.92917788E-02 -3.87711525E-02
 332 -0.790133417 -0.188991427 0.211778820 -5.06111868E-02
 333 0.444999039 -0.264916807 -0.144995868 0.587588608
 334 0.447708309 0.589605331 0.303233057 0.814390182
 335 4.82785590E-02 -1.13373172 -0.330650002 0.492346793
 336 0.696948528 -1.31375277 0.529042721 0.900491416
 337 -0.673361897 -0.914457083 5.68375289E-02 7.02749342E-02
 338 -1.16289949 -0.190956607 1.61460340E-02 2.06765123E-02
 339 -0.190407008 0.179958969 0.563995600 -2.43590977E-02
 340 0.432424247 6.34837449E-02 -0.728400707 -3.06991488E-02
 341 -0.487304538 -0.482982814 -1.61674953 -8.43831748E-02
 342 -1.24958360 -0.457789481 0.663400948 -0.184259385
 343 0.304797709 -0.880428255 -0.271803141 0.485809177
 344 0.366945028 0.395322502 -0.765976429 0.552153051
 345 -9.18267816E-02 0.560828269 0.308562100 7.73944929E-02
 346 0.319942176 -0.573915660 0.402911812 0.596616089
 347 -0.837536395 -0.831924200 -0.177534327 0.550646484
 348 1.27384901 8.84714499E-02 -0.940769255 1.10142875
 349 -2.86443710 -1.42317879 -0.221796557 3.04316282E-02
 350 -0.812787533 -0.449984342 2.52529764 7.54880309E-02
 351 -1.87100613 -0.104218781 0.512163520 6.56188875E-02
 352 -2.77927518E-02 -1.59901977E-02 -0.246709988 0.640153587
 353 0.249783248 -1.51410091 -1.25341141 1.16402102
 354 -2.12387967 0.623287678 0.209082484 -1.97635517E-02
 355 -0.872312903 -0.196733475 -1.08108544 2.45080143E-03
 356 -2.76811957 -1.13075924 0.647365093 -0.101681128
 357 -2.33966422 -0.768588960 1.30548394 -0.111740254
 358 0.203257695 -0.749558687 6.87657148E-02 1.53648481E-02
 359 0.453569263 -1.20099819 -0.169289768 1.28159726
 360 -1.07579660 -0.892251670 -2.90880823 5.41324019E-02
 361 -0.682131886 0.370592594 -1.89016759 0.572337449
 362 -0.105068177 0.399243981 1.23756325 4.68997210E-02
 363 -0.732541323 0.427927136 -0.108172737 0.386481941
 364 -0.404374689 0.173438415 1.16722989 -0.247380182
 365 -2.54607868 1.12575316 -0.874201655 7.42058307E-02
 366 -0.836299062 -0.361645937 -1.10989726 3.20072919E-02
 367 -1.38564956 -0.328565270 0.175959215 -5.16352691E-02
 368 0.860448003 -1.17278063 1.52692878 3.07126343E-02
 369 0.343431115 -1.14204991 1.87273836 0.716653407
 370 -0.520659506 -0.569187641 -5.03383726E-02 3.76576707E-02
 371 0.506442964 -1.11855733 -1.86820291E-02 6.01705536E-03
 372 0.421780378 0.381581008 -0.863011599 7.63200745E-02
 373 0.506576657 -0.529360652 -0.251420140 1.30993032
 374 0.398962200 0.195526078 4.59213331E-02 0.520287275
 375 0.414217770 -1.05272591 -0.327069551 0.144483984
 376 0.306766868 5.59221767E-02 1.02926230 -0.191263229
 377 0.594828725 -0.234526217 0.683864653 0.641667843
 378 -1.15089321 -0.817783177 -0.279771328 0.580185652
 379 -0.638082683 8.36784244E-02 1.30088651 0.270094872
 380 1.25691915 -1.70207548 -0.196388900 -8.12292099E-03
 381 -0.460589170 -0.832357407 -0.642723203 4.61645089E-02
 382 -0.742334664 -1.70355868 0.531297624 0.132467926
 383 -1.93572426 -1.05461705 0.416220635 -1.98637489E-02
 384 -2.01051068 -0.283286661 1.39911151 0.212508619
 385 -0.391119033 0.252714962 -0.361570954 -0.143265724
 386 0.571222305 -0.657463610 0.841349065 0.633460283
 387 -0.891421437 -1.40156364 9.22455713E-02 -7.93364048E-02
 388 -2.13364339 -0.876015663 -0.361874640 -9.33881253E-02
 389 -0.136074364 -1.40645051 -2.11449414E-02 -0.272257000
 390 -1.23589802 0.525003493 1.46415329 9.13506746E-02
 391 -1.34019661 -1.12583172 8.32798705E-02 -0.138756752
 392 -0.956017852 -1.99035764 1.30566359 0.148450166
 393 -0.634532452 -0.865763724 1.38402700 -2.72803754E-03
 394 0.251452059 1.16009212 0.792821705 0.649190843
 395 -5.43560088E-03 -0.645143986 0.546993554 -0.118201345
 396 -0.284999251 -1.93447471 -0.239179045 -7.78203532E-02
 397 -0.391480565 -1.18756461 -0.246456414 2.76150852E-02
 398 7.80429617E-02 -1.49625456 -0.897160292 -6.82942569E-03
 399 -0.671346664 -1.38616455 0.423259616 -0.143675581
 400 0.422539115 -0.723057032 -0.369520366 0.424273372
 401 0.469594330 -0.866744757 0.729142666 -6.04299568E-02
 402 0.218948856 0.921951830 0.616580427 -4.38921899E-02
 403 0.600954890 -1.11679375 -0.824135780 0.544083774
 404 0.126443699 -0.506848693 1.50594580 4.98846397E-02
 405 -0.795461059 0.277171850 -0.282900006 8.58176872E-02
 406 -0.498784930 -0.208308339 -0.633142114 -3.58738750E-02
 407 1.44674504 -0.945495188 1.64315514E-02 -5.34292646E-02
 408 -1.34424412 -1.58615327 0.752614915 3.02958041E-02
 409 1.75874436 -1.85213554 -1.23715138 -0.191324964
 410 2.56222710E-02 -8.63338113E-02 0.113225184 0.178383142
 411 -0.382762402 -1.70507312 0.803413451 -0.125434697
 412 0.491214573 -0.915318966 1.37043357 0.244621426
 413 -0.695481420 -0.846486270 0.333692312 -9.05975401E-02
 414 0.536449373 -0.898939312 1.19111753 2.17597503E-02
 415 -2.14347386 -0.970561624 4.19470519E-02 8.62368420E-02
 416 0.286713451 0.119368732 0.690190673 -0.135383964
 417 -0.738525629 -0.598823428 0.448672086 -0.293642759
 418 1.72097826 -0.452776253 -0.159401834 -3.18468884E-02
 419 -1.51190007 3.31159383E-02 -0.553718567 -5.10631204E-02
 420 0.397298157 0.465421706 -0.205934346 -5.01081571E-02
 421 1.51932693 0.847938538 -0.212015048 -2.66425163E-02
 422 -0.919318318 0.164941087 -0.413366318 0.493365049
 423 1.04120076 0.599285364 -0.784262896 3.47489007E-02
 424 -1.51295590 0.477489829 -0.959407151 0.141032234
 425 -0.156277418 -1.14943409 -0.509627521 -0.114950664
 426 -1.54691148 -0.197288528 -1.09337664 -3.43899280E-02
 427 -0.597381473 -0.611598015 0.328730255 0.682318509
 428 0.253265470 -0.898634791 0.600212276 0.116638295
 429 0.790452480 0.599639952 0.824364364 -0.105016626
 430 -0.455524981 -1.69240868 1.47339189 0.103119895
 431 0.971401274 -0.850718856 0.544360399 5.83903491E-02
 432 -0.277819455 0.800050199 0.713881731 -6.48488402E-02
 433 0.816368878 1.00547922 -0.422615230 -9.85471308E-02
 434 -0.559799194 -2.26566887 0.439308971 -5.11264838E-02
 435 -0.271344751 -1.02789712 0.859340370 7.98256993E-02
 436 -0.834970057 -1.00902712 0.632156134 0.155402452
 437 0.371264994 0.594001889 0.422243446 -1.19815916E-02
 438 0.158133447 1.29581869 0.873026133 0.155518383
 439 -0.416285694 -0.788942635 1.03280854 0.250641584
 440 -0.973591208 -0.608606160 -0.173007041 3.29697169E-02
 441 -0.696506262 -0.117569037 0.382271945 -0.173425317
 442 -1.05720329 -7.18761683E-02 -0.271071672 8.00656900E-02
 443 1.35569143 0.616152406 0.339666545 5.56409173E-02
 444 -0.102039270 0.441350520 1.26266277 -2.63909418E-02
 445 -1.90800801E-02 0.531035185 -0.565334439 -0.177249014
 446 -0.593015492 -1.62790859 1.79830551 -2.99610067E-02
 447 -1.31753695 -1.65505862 -1.33036947 -2.33327039E-02
 448 0.627639949 0.179796100 1.09492242 0.142951295
 449 0.354731917 0.219274461 1.11603391 0.109875396
 450 -0.412735641 -0.259510577 0.539950967 -8.50561708E-02
 451 -0.116204813 0.290902704 0.313846409 9.19316709E-03
 452 0.343744308 -1.02339196 -0.581231594 4.99238223E-02
 453 -0.196100652 -1.83361900 -0.667381287 -3.90577782E-03
 454 -0.457462549 -0.260447502 1.66316831 -4.53521200E-02
 455 1.32919800 0.287048399 1.43247199 0.460187942
 456 0.640335441 -1.27727222 -1.01984286 -8.68896991E-02
 457 -1.51966953 -1.21005821 -7.81105310E-02 7.11489022E-02
 458 -2.35261297 -0.382650793 1.59474254 0.546753705
 459 -0.330438584 -1.10315204 -0.940506339 -9.91428047E-02
 460 -0.446546435 -0.610357881 -0.123454802 -2.21918039E-02
 461 -0.333448887 -0.393927932 -0.306071907 7.72408769E-02
 462 0.285261780 -1.91699117E-02 0.877420425 0.272854596
 463 0.729499161 -1.27990174 1.78646243 -4.10108417E-02
 464 -0.381689370 0.492328465 -0.565730393 -5.16733676E-02
 465 0.611897826 -0.455054790 0.316412330 0.305618763
 466 2.00887251 0.264375925 0.165888041 -0.159579933
 467 1.14527035 -1.16837966 0.504769623 0.124826692
 468 0.552729726 -1.03012598 1.28000021 -0.111026764
 469 -0.397689164 -0.125088707 0.817071199 -0.163331211
 470 -0.320379794 -9.44882631E-03 1.40589273 2.45154798E-02
 471 1.43011177 -0.709084868 0.436090410 -8.48776847E-02
 472 0.675060928 -0.414358795 -0.202608258 0.480752587
 473 -0.289365232 -1.71645296 2.02299142 -8.63514915E-02
 474 0.287616611 -0.178732440 -0.372373164 -1.93201527E-02
 475 -1.32127094 -0.849301219 0.867525101 -0.102355167
 476 -0.489772439 0.220847145 1.03465927 -0.168050811
 477 -0.782725394 -0.331766903 0.360239983 3.41050699E-02
 478 -0.350146174 0.848489225 -0.280842841 -5.12446351E-02
 479 -1.58302164 -0.341721386 -0.530086279 -3.72894071E-02
 480 -0.558307707 0.341032982 0.213632569 4.45054360E-02
 481 6.65223449E-02 -0.411767215 -0.937660217 2.39162892E-03
 482 -1.74522626 -0.964860797 0.728047788 6.33644536E-02
 483 0.748392522 -0.849571049 0.652291119 -4.85298745E-02
 484 -8.22077245E-02 -1.40544510 2.03062773 3.06869615E-02
 485 -2.54129457 -1.22457767 1.21206498 1.05649582E-03
 486 0.344758064 -0.847036004 -0.490932643 -8.80109146E-02
 487 -4.41174954E-03 -0.911525965 1.12588835 3.12123001E-02
 488 -9.86431539E-02 0.951886654 0.586914659 0.704216719
 489 -0.398965985 -0.297189087 2.09077716 -6.69244230E-02
 490 0.492651910 0.151382759 1.52428591 6.96197152E-02
 491 0.876152396 -0.519718766 0.927666545 0.150169879
 492 -6.04085624E-02 -0.119585276 0.778992474 -1.18616708E-02
 493 0.248672873 -6.24379218E-02 -0.133616850 6.61291555E-02
 494 -1.09213531 -0.166765317 -0.314477146 -1.80365853E-02
 495 -1.01653981 -0.911598027 -7.65354633E-02 0.111571372
 496 -0.809517384 -0.361495316 1.35704386 -5.72854280E-03
 497 4.86288741E-02 -0.709289610 1.15778482 -1.77588910E-02
 498 -0.711678445 -1.72386622 1.21187878 0.132059216
 499 -2.80106217E-02 1.03627837 0.436808914 4.11311984E-02
 500 -0.377560318 4.74170446E-02 1.38304138 -0.139925495
 501 -0.374711901 -0.582900345 0.796576977 -1.15833655E-02
 502 0.193928078 -1.40262628 -1.86550605 -0.137521297
 503 -0.274568617 -0.710584104 -0.237093806 6.41440973E-02
 504 -0.615779042 -1.47732353 1.27769446 7.81760961E-02
 505 -0.361047685 -0.416589707 -6.29946738E-02 0.802452445
 506 -0.869964123 -1.78880978 1.60155010 -0.169591844
 507 -0.922411501 -0.835406005 1.35472417 0.169875041
 508 -0.286058098 -0.686636925 0.369773209 0.694451928
 509 0.423454702 -0.384202540 -0.992817581 -0.210919335
 510 -0.868048429 -0.959181726 0.203378111 -1.55131705E-02
 511 1.70401180 0.469002783 1.08477449 0.771372914
 512 -1.43794823 0.110239446 1.45671213 -5.38770221E-02
 513 0.902508259 -0.496630043 0.277636826 9.47023630E-02
 514 0.733410835 0.548926413 0.593857765 0.531186223
 515 -1.60164583 -0.515480518 -3.10550183E-02 3.45676504E-02
 516 -0.276287973 -1.30396450 -0.738848984 0.621351123
 517 -0.277422816 -0.101050846 0.517902851 0.258528918
 518 0.799063861 -0.586628079 -0.238350451 0.111118220
 519 -5.83285093E-03 -0.733947992 1.63007927 5.30080423E-02
 520 -1.49750682E-02 -0.154940754 0.818923235 0.600131631
 521 -1.47495830 0.283967495 3.85364667E-02 -0.113481700
 522 -1.00851464 0.342842877 1.37711108 3.77660915E-02
 523 1.15333188 -2.03558803E-03 0.555762887 0.588797569
 524 -0.335005403 -1.71910429 -3.97111326E-02 7.22905397E-02
 525 -1.27408147 0.117091820 0.862100780 -0.268780470
 526 -0.624484181 -1.81746864 0.903182328 -0.275832623
 527 -0.346469134 0.673739851 -2.86895037E-02 0.111826926
 528 -0.220333531 0.554096878 1.48981214 0.181742638
 529 0.295637250 -0.791521013 0.964894235 1.09808450E-03
 530 -0.212794870 -1.05912733 0.157527760 0.288123965
 531 9.47260559E-02 -0.559427619 0.104709804 -0.143875763
 532 0.158193499 -0.918504059 0.101453274 0.165180549
 533 -0.190826967 -1.61259043 1.35877371 9.31857228E-02
 534 -0.709831417 -0.190916419 0.589254260 0.100189254
 535 -1.37713552E-02 0.457624942 -0.602005482 4.76143472E-02
 536 -0.432425857 -1.03833961 -0.928839684 -0.146467328
 537 0.237906590 0.694383025 2.10447073 8.85410607E-02
 538 -0.640909374 0.109025277 -1.13659203 0.180552661
 539 -1.00514543 -0.507445216 -0.629672825 -5.00736907E-02
 540 -1.66073859 -0.229222476 1.20241475 -3.35213840E-02
 541 -1.19280958 -0.992762625 1.11479819 3.26926261E-02
 542 0.159128994 0.472150296 -0.152835488 -0.173828110
 543 -1.80367982 -0.786204040 -0.322186530 9.64180157E-02
 544 -0.407802969 -0.595433354 0.330346793 0.193336487
 545 1.31541109 0.136100411 -0.587848604 1.89734325E-02
 546 0.915426373 -0.722842097 0.692126453 -7.84708261E-02
 547 -0.949739873 -0.301351339 -0.157558382 0.168649375
 548 -1.03125679 -0.257088959 1.23801053 -0.134478077
 549 -0.875756025 -0.520744622 0.805602789 -3.05380914E-02
 550 0.187215656 -0.301660568 1.33415031 0.474747151
 551 -0.601981044 1.17500281 5.05144745E-02 -1.68937203E-02
 552 -1.37508845 0.623843014 -1.00076962 0.139701337
 553 -0.388896704 -1.61438537 -1.61271739 -8.92560929E-02
 554 -1.41572845 -0.252968580 -0.138309479 6.71198294E-02
 555 0.131576806 -0.330586344 -2.17901096E-02 0.209831282
 556 -0.145319313 -0.257016718 -2.74616033E-02 -0.269573301
 557 -1.17219162 1.42000854 0.863049030 -5.70402816E-02
 558 -0.401346058 -0.538365901 0.872172773 1.98687837E-02
 559 -0.750397742 0.222245306 0.486640304 0.510971189
 560 -0.295713991 0.648582995 -0.123907007 0.635127127
 561 0.774469376 -0.659174442 0.175588906 8.57878327E-02
 562 1.80850041 -0.340940118 1.87133443 6.13344423E-02
 563 -0.553463578 3.12057137E-02 9.12853256E-02 9.90836546E-02
 564 -1.29258883 -1.40731323 0.294398785 0.273662418
 565 1.04636884 5.34310341E-02 0.841186225 0.127044529
 566 -0.645304203 -0.856006145 -0.236954138 -4.03432772E-02
 567 1.48296201 -0.898702860 1.49633014 -4.69598882E-02
 568 -0.135278076 0.227678388 0.708145261 -0.108507827
 569 -1.03744388 0.963294983 0.426627338 8.92386362E-02
 570 0.567168951 -1.09419286 -7.62616545E-02 0.149159729
 571 1.29358649 -1.50675786 0.504669785 0.218186498
 572 -1.52582133 -0.615168869 1.06202602 0.216819420
 573 -1.20176125 -1.13136542 0.150854662 -0.113415994
 574 -0.652907252 -0.386504829 0.859311342 2.52207890E-02
 575 1.37165534 -0.491081148 0.566113710 0.552480876
 576 -0.561134338 1.02191889 1.62096548 0.270170152
 577 0.235236228 -1.01735723 1.46288550 0.342205107
 578 -0.277430475 -0.541159153 -0.374294519 0.127404615
 579 4.32187282E-02 -0.165035158 0.226724893 -0.133389175
 580 -0.820800662 0.968245625 -0.192313999 -0.112464495
 581 0.934501529 -0.618581951 -0.558537245 -3.35843265E-02
 582 -0.994731009 -1.31128669 1.04239714 7.42635131E-02
 583 -0.311773926 2.22803211 -0.830336809 5.03608584E-02
 584 -0.536954403 -0.863068819 -9.71210003E-02 0.231672168
 585 0.665278018 8.65025967E-02 2.08361670E-02 0.151228964
 586 -0.470464349 0.928371549 0.418379962 -0.129475012
 587 7.33468682E-02 -0.861361027 0.893183291 -4.30743322E-02
 588 -1.37754560 -1.24732959 3.20862830E-02 0.260227919
 589 -1.28073466 -0.629775643 0.855188370 -3.90763208E-02
 590 -0.729512930 2.08710170 0.158922583 0.275657594
 591 -0.514689445 -0.350736171 0.402444482 -6.50825426E-02
 592 -0.477039069 -0.818236589 0.732892632 7.17381388E-02
 593 0.353202522 -0.388516515 1.13211405 0.586435735
 594 -9.69145894E-02 -0.576730788 0.493283927 1.21589075E-03
 595 -0.864911616 -5.49335368E-02 0.585231900 -0.121487707
 596 1.61311388 -0.663882136 0.586751163 0.329581648
 597 -1.03213072 -5.37464060E-02 1.04234397 0.613425910
 598 -1.31727326 0.252918214 -0.762751818 0.129272655
 599 -1.68243611 0.566738367 -1.50809026 4.02247049E-02
 600 0.469226301 -0.106306925 1.02660239 0.513444901
 601 -0.675274193 -1.49448872 -0.548403025 -5.95127419E-02
 602 -0.351543397 -0.211273715 -0.407929957 -2.54155695E-03
 603 -0.813761175 -1.53364718 0.183511347 1.52200125E-02
 604 0.541150510 -0.775527120 -2.87964288E-02 0.293705881
 605 0.675107837 -2.58793794E-02 0.413813472 8.02114308E-02
 606 -0.484705061 -1.05223978 -0.346376121 0.153556198
 607 -0.937113762 -0.265693128 0.672525883 -0.189487994
 608 -1.46551192 0.574571550 -0.503261328 0.115299843
 609 -2.29969144 0.162750185 -1.17837048 -0.171350449
 610 -0.718746841 1.06150150 1.27463281 -5.60210347E-02
 611 -0.571926832 -0.824969947 2.17417073 6.83218837E-02
 612 -8.62564147E-02 -1.80996096 -1.69410241 0.281650543
 613 -0.554818869 0.173677087 -0.292310357 0.109751433
 614 1.02718997 8.89384225E-02 1.43471467 0.403440446
 615 0.508312464 -0.792660236 0.502749860 0.545320451
 616 -0.868911982 0.246110275 1.14467537 0.152299762
 617 -1.24425030 1.30945098 -0.834580898 2.06531808E-02
 618 -0.613832176 -0.593889356 0.811426520 -5.99873662E-02
 619 0.556107819 0.271254748 -6.01146817E-02 -0.116265431
 620 -0.313009560 -0.131139040 -0.651083291 -0.153232813
 621 -1.21629298 -0.907987952 0.286477864 1.69147402E-02
 622 -1.03487301 -1.10771883 1.35391033 7.90246874E-02
 623 -0.141445220 0.765338719 -0.675454140 4.20277044E-02
 624 -0.236005723 -1.10069501 1.26489294 0.514264762
 625 -0.982707739 -2.75129639E-02 1.39696634 -0.111426897
 626 -0.661309958 0.461383909 1.00575459 0.204482868
 627 -1.56641638 -0.369711936 -0.662925065 0.112406202
 628 -0.172235444 0.703226328 -1.04645443 -0.194782019
 629 -0.642485738 0.417593986 0.924239397 -4.06297371E-02
 630 -9.71306413E-02 -0.619589567 1.13888001 7.89477825E-02
 631 -0.189693481 -0.347994357 -0.171714425 -0.184784085
 632 0.827022970 0.250814557 0.633427978 5.80969453E-02
 633 1.17320991 -8.27972516E-02 0.340675086 0.727807999
 634 1.29987156 -1.30769634 -0.218593299 0.478499681
 635 -0.222768128 -0.792703867 0.937590480 -4.48219627E-02
 636 -0.780109346 -0.472360134 0.845916510 8.20724294E-02
 637 0.169122890 -1.01545191 5.90225384E-02 2.24449635E-02
 638 8.64301920E-02 1.10808015 -0.216984466 -0.100007795
 639 1.00769389 -0.940754116 0.486723989 0.100237258
 640 8.08348954E-02 -0.632696867 0.776021242 0.128819838
 641 -1.29705191 0.692873955 1.41240299 -0.176884323
 642 4.11289707E-02 0.538225889 0.901793659 5.38812540E-02
 643 -0.579848647 -0.751931131 -0.535015941 0.487449348
 644 -2.15959430 0.445798635 -1.12377858 -4.82076630E-02
 645 -1.20920682 0.105947345 1.65661776 0.748777568
 646 -1.56556308 1.63439584 0.592217147 0.148269087
 647 -0.697861195 0.461956084 0.965003252 -3.51693407E-02
 648 -0.504272878 1.77003890E-02 0.980406880 7.12842494E-02
 649 0.936468303 -0.964922011 0.467820644 1.31181586
 650 0.316576362 1.62889981 0.348957956 -3.43555994E-02
 651 4.47511673E-03 0.721432269 0.456088901 0.658920109
 652 -0.148338899 -1.51829040 -0.310996175 -0.212375939
 653 0.541402936 -0.297302544 0.639780462 -4.36090864E-02
 654 0.333162993 -1.77702570 0.101481423 7.63265938E-02
 655 4.70588803E-02 -1.85594368 0.131469995 -4.21880819E-02
 656 -1.63359177 -0.275541455 0.268296450 0.675359309
 657 0.645279348 1.56663167 -0.828226745 -9.62824374E-02
 658 -0.267927259 -0.729805171 0.328476995 0.173617423
 659 -5.88953719E-02 0.227278203 -0.547271132 2.45091990E-02
 660 -0.511443615 0.545516789 0.268519759 -2.55448073E-02
 661 0.475753099 -0.900557160 0.773132563 0.524525881
 662 -0.130841821 0.118036650 1.49781322 8.46704990E-02
 663 -0.464399576 0.162184060 -4.18235362E-02 2.24610325E-02
 664 1.03368497 -0.686765611 0.631228983 1.47368759E-04
 665 -1.53606081 -0.798305392 1.14416718 9.31207240E-02
 666 0.657005012 -0.890153885 0.784247935 0.704335332
 667 0.570011914 -1.14718044 1.10261679 0.182366624
 668 4.55938503E-02 9.96192992E-02 1.20934951 -0.116122000
 669 -0.609571517 -0.335591197 -0.389470845 0.440504909
 670 0.109647885 -1.06042302 -0.342165262 0.180807352
 671 -1.86830282 -1.41503537 -2.80871689E-02 0.748399377
 672 0.505791426 9.97024775E-03 1.02781260 0.556740880
 673 -0.415498883 -0.450453222 -0.998316765 8.67178515E-02
 674 0.256546527 -0.631477356 0.364660025 0.470622540
 675 0.543945253 0.615964532 -0.859321296 -0.117423922
 676 -1.86804664 -8.39616358E-02 -0.403405309 1.59838572E-02
 677 0.174986571 -1.25581801 0.218262851 0.636996567
 678 -0.368149310 0.353483140 1.51021564 7.11711943E-02
 679 0.275973260 -0.192118302 0.788864374 8.73885527E-02
 680 -1.66177177 0.433493555 2.08889723 -6.92789480E-02
 681 -0.656298995 -0.248817414 7.71301091E-02 -1.48902461E-03
 682 0.205807880 -0.665140867 0.452380449 0.269923180
 683 -0.166009068 -0.433090985 0.839570045 -0.270465672
 684 1.03182602 0.946881175 0.547102094 -1.87378954E-02
 685 1.42430985 -0.646534264 0.110815465 0.621879578
 686 -1.20149505 1.10783863 0.303394824 8.18536803E-02
 687 -0.327052712 -0.338254929 0.439491421 -3.03752013E-02
 688 0.691332638 9.20058936E-02 -1.91339684 -9.66271386E-02
 689 -0.424477577 -3.75035182E-02 -0.934656739 0.167596862
 690 0.222840548 -1.63507557 1.59085429 -0.104820110
 691 -1.18424559 -0.326366007 1.20335495 0.830351353
 692 -1.04059005 -0.719979167 0.317676187 0.159075469
 693 -0.100451149 -9.57952738E-02 1.11470640 -0.137912109
 694 0.174582854 -0.381365299 0.869417071 7.55773485E-02
 695 -0.651461542 1.29633451 1.11444294 0.455072284
 696 -0.340974867 -0.935846925 0.370783865 0.115027636
 697 -0.567346454 -0.233958319 -1.99735928 -0.265723795
 698 -0.537722766 0.935825706 1.01188445 0.128928423
 699 -0.574321330 -0.965859532 3.60303409E-02 -5.85473478E-02
 700 0.150671318 -1.38259971 1.03056812 -2.13603396E-02
 701 0.225853100 -1.06208897 0.492584020 0.155109152
 702 -1.17339063 -1.29286814 0.884315193 0.298929393
 703 -1.13657427 -1.57922530 1.69361854 -5.46466894E-02
 704 0.563618064 4.09492590E-02 -0.356749445 1.09565282
 705 0.929389298 -1.49938715 1.39023995 9.35860574E-02
 706 -0.247750431 0.347717434 0.605844855 -2.65110657E-02
 707 -0.745825231 -0.133515462 -0.407810032 0.218661129
 708 5.00494093E-02 -0.893316388 -2.90756915E-02 0.508771300
 709 0.316916227 -1.21601140 -0.694698155 -1.52480453E-02
 710 0.714648485 -0.782309473 -0.518601239 0.177538618
 711 0.565023780 0.895097673 -0.272251427 -4.69862446E-02
 712 -0.444505036 -0.948199272 -0.720418334 0.174900800
 713 0.884129524 -0.596031368 0.631919205 -0.166746467
 714 0.857062340 0.977256715 -1.85514092E-02 -9.90499258E-02
 715 -1.41122329 -0.434852839 1.28014100 0.102201186
 716 -6.95738643E-02 0.469432831 0.984807611 5.90196475E-02
 717 -0.677303433 0.221092254 -0.589685977 8.19138736E-02
 718 -0.992734611 -5.64921871E-02 0.498449981 7.73703754E-02
 719 0.639939189 0.743569374 1.37085152 0.138525665
 720 1.17471778 -1.96945691 0.630222201 -6.70448989E-02
 721 0.142367780 -1.76360703 0.232199937 1.09901011
 722 -0.983759224 -0.223410293 0.338790834 8.99371579E-02
 723 -1.54206789 1.06110537 0.315658987 1.87057164E-02
 724 -0.991881251 -1.22082591 -0.845729649 -2.90068761E-02
 725 -0.252200156 -1.00228059 0.887296915 -2.49105226E-02
 726 -0.215392977 0.349498123 0.345989972 0.326430678
 727 0.702478826 1.06022060 1.64239526 8.11605304E-02
 728 -0.437503040 -1.17648804 1.25344539 -2.30197087E-02
 729 -0.205061376 0.392675281 -0.388919085 8.84824321E-02
 730 -1.18128550 0.906352699 0.732797921 -0.131412745
 731 -1.08925402 0.891252637 0.829717577 -4.74971682E-02
 732 0.790993690 -1.45755780 0.246185035 8.54561403E-02
 733 0.492559791 -0.502788067 1.83185399 -0.140739083
 734 0.369695544 -1.18358183 0.954976022 -8.95276964E-02
 735 -1.96515083 -0.594738483 -8.18485022E-02 0.953055024
 736 0.469228536 -1.38554740 0.947621346 -0.169714302
 737 -0.231591702 4.50224429E-02 0.270588070 9.20885429E-02
 738 -5.22443652E-03 0.256428480 -1.73701358 -0.199345380
 739 0.974249840 4.21917215E-02 0.490762681 2.72133723E-02
 740 -0.874613464 -2.33003521 1.24726379 0.396220028
 741 0.394543976 -0.918824613 -0.456163555 8.95566866E-03
 742 -0.451218724 4.89086956E-02 0.424455047 1.70990378E-02
 743 0.763230085 -0.444359660 1.73636198 0.340172231
 744 -0.505711675 0.263577700 2.12849677E-02 1.41911767E-02
 745 -1.46444821 -0.266144305 -0.282976836 0.173402011
 746 0.823736131 -1.03577554 -0.420896441 0.621965230
 747 0.485242873 -4.31416780E-02 0.308869451 6.36081994E-02
 748 -1.07575369 -1.83891094 2.36140639E-02 0.285163760
 749 -0.213761717 -1.13105321 1.23546994 -0.124679536
 750 0.367313087 -1.12402880 -0.224106908 0.473700345
 751 -2.28978992E-02 -0.552148521 -1.57205844 0.476636350
 752 -2.19743466 -1.32714057 0.357642144 -0.209679931
 753 1.14383006 -0.921086609 1.08944440 -0.124030858
 754 -0.129703671 -1.36313629 -0.100244254 5.30028269E-02
 755 -0.244825512 0.479204714 -1.04301488 -0.279222101
 756 -0.198186025 0.787949622 0.781401992 -0.181343079
 757 0.131515503 0.324745476 0.154721767 0.142409235
 758 0.261727333 1.07537329 -4.24307138E-02 -5.68406582E-02
 759 1.57134628 0.462685913 -0.526798010 0.642230630
 760 -0.996471524 1.14199817E-02 1.13498569 6.55746460E-03
 761 1.13081300 -1.24749470 1.01634848 -6.59339279E-02
 762 -1.65054607 0.250217766 0.915205479 0.899910331
 763 8.37774724E-02 -7.16397017E-02 -0.649565935 0.561812460
 764 0.313573658 -0.512388349 -0.232865274 3.01031023E-02
 765 0.500273287 -0.169271246 -0.177462086 0.147498652
 766 1.10338175 -1.03997695 0.762824655 -7.42023587E-02
 767 0.765275240 -0.725341380 0.595561743 0.468878716
 768 -0.448543698 -2.03898335 1.87160873 -0.179920048
 769 0.428884566 -0.250457168 -0.325116247 0.478966027
 770 -0.505269706 -1.93248987 -0.228670448 -2.26734467E-02
 771 0.207902491 0.287930727 1.28911710 7.85848945E-02
 772 -1.58424175 -0.538239121 0.263481587 2.06033513E-02
 773 0.578898191 -0.910527766 0.696582496 0.334759295
 774 0.537294567 0.661478043 1.07992005 6.82673380E-02
 775 6.98083043E-02 0.235874608 -9.30788815E-02 2.30063349E-02
 776 -4.62490618E-02 0.269364595 0.118429825 -2.51957215E-02
 777 -0.779483378 -0.874522686 1.95643103 -0.194325030
 778 -0.710886240 -0.908157289 0.857314765 -0.130698413
 779 -0.697918773 -1.27085292 0.481654704 -0.123750225
 780 5.55577651E-02 -0.270763218 0.763133824 0.151963145
 781 -7.06612542E-02 -1.30174625 -0.588939846 6.07105196E-02
 782 0.143643007 -1.66014218 3.83596271E-02 0.119782045
 783 -1.95638037 -0.557600141 0.672800779 0.164809152
 784 -0.761642575 -0.986037970 -0.653127372 0.199056327
 785 -0.956950426 -0.392251611 6.13198280E-02 7.35180229E-02
 786 -1.02923548 0.443308443 0.139748916 0.220396399
 787 0.344021618 -0.126418173 1.35010111 0.130580544
 788 -0.241183594 -0.473141193 0.881045997 0.363011360
 789 0.529338419 -1.24158812 0.204197213 -0.175328016
 790 -0.134207860 0.562852144 1.35514235 0.553942144
 791 -2.26823688 -1.78732371 -0.717538297 2.24028416E-02
 792 -1.36638868 -3.12972426 1.55665767 2.97669116E-02
 793 -0.882848442 -0.408540428 -0.216838017 -2.95437407E-02
 794 -5.27789742E-02 6.59142360E-02 -0.573471725 0.534995019
 795 -0.460995913 0.606590986 -0.320195496 0.556510866
 796 -0.190229982 -0.390810996 0.205624819 0.574263155
 797 -1.05432606 0.235853538 0.646175802 -1.15933269E-02
 798 -1.28058767 -0.896362782 3.78358662E-02 0.619661629
 799 -0.628732860 0.350317895 1.29607773 -0.147829846
 800 -0.426401407 -1.01355398 1.18660069 5.98350391E-02
 801 0.830837667 0.410687059 -0.530850291 -1.65950879E-02
 802 -0.250546157 0.964954138 1.16855502 -8.61250311E-02
 803 -0.160961539 -2.01709318 0.137125611 0.581121802
 804 -0.359771490 0.801462233 0.490701526 1.63224712E-02
 805 -1.70345426 -1.24101281 1.55423594 8.02626610E-02
 806 -0.325088948 -1.40762305 -0.244313836 -2.86642052E-02
 807 0.365226746 0.589105487 1.12233388 -0.155553907
 808 9.72093567E-02 -0.719129682 -0.328509390 -7.79464394E-02
 809 -1.08066273 0.452382177 2.03911853 0.163355440
 810 1.13252997 -3.72850001E-02 0.418457806 9.02501941E-02
 811 -1.64057231 -1.27897954 0.154789865 0.397628099
 812 -0.987431109 1.41841292 -0.181067362 0.208714902
 813 0.120271474 -0.450351685 1.10647058 -3.79800685E-02
 814 -0.372669846 -8.32754374E-03 0.220615447 8.45229253E-02
 815 2.63638347E-02 0.577311516 0.873828888 -7.41252080E-02
 816 -0.484454930 -0.964421451 0.372370064 3.09266243E-02
 817 0.492856711 0.891668200 0.886565566 -2.15544328E-02
 818 -1.67558551 -1.43385720 0.676809967 -2.77813338E-02
 819 -1.68352878 1.24263310 0.675333023 4.06204611E-02
 820 -0.382426441 -0.629917979 0.542089701 0.559405804
 821 0.428993136 -0.618193030 -0.682307601 1.14585304
 822 -0.246467710 1.41279352 0.847706974 0.112246819
 823 0.219815612 0.502534449 1.37133956 0.568977952
 824 -1.36243963 -1.36007822 3.92116979E-02 6.16145954E-02
 825 -1.04672599 -0.303324223 2.12702250 0.342777759
 826 -1.59708059 -1.37103772 0.350303710 0.208253890
 827 0.674514174 -0.269177258 -0.134872139 -0.167186499
 828 -1.94243503 0.833779573 0.232258022 0.169077277
 829 -1.47786009 -0.865500689 -0.112213559 0.563830793
 830 -1.53456354 -0.809569240 1.06673706 0.241443723
 831 8.72075409E-02 -0.216830730 0.616164207 8.61097947E-02
 832 -0.529630482 0.248910606 0.133859769 0.417370021
 833 2.02540040 -2.85740197E-03 0.600810170 -1.26248524E-02
 834 -0.797125936 -0.616402149 0.740327418 -3.15956306E-03
 835 -0.343406886 -1.28752971 9.46337283E-02 0.119457774
 836 0.850792050 0.665357232 -1.46043944 0.596867681
 837 -1.20457351 0.232981473 0.908031523 7.35853761E-02
 838 -0.452078611 -0.731176972 2.42236686 -0.115184136
 839 1.01109552 -0.377062380 -0.532708287 0.559025407
 840 -2.03123212 -2.03822875 -0.701435685 -0.145662025
 841 -0.865474999 0.461499035 0.924211323 -4.84953746E-02
 842 -0.772203445 -0.585600674 -0.970321953 0.627331555
 843 0.320446789 -0.238140553 -0.522784889 -2.01958269E-02
 844 0.643623471 -1.61135292 -0.968232095 -1.46905109E-02
 845 0.199678749 0.549291730 4.48030829E-02 0.144045025
 846 0.445579141 0.601308346 0.658457100 0.395481110
 847 0.584128201 -1.54564404 1.03784955 0.113778658
 848 0.253944755 -0.540744185 3.24095190E-02 5.73333800E-02
 849 -0.262977868 -1.63621914 0.911466181 -7.07111210E-02
 850 -1.49483120 0.720248938 0.706983924 -2.88743041E-02
 851 -0.235169470 -0.274892062 -0.384555340 4.64886092E-02
 852 -1.44338059 0.293978542 1.25471473 0.309864908
 853 0.223963141 0.779006243 0.990827620 0.500357628
 854 0.294364572 0.103498012 -0.323193669 0.916316628
 855 0.115148053 -8.16270486E-02 0.880176961 -0.177875683
 856 -0.700912774 -0.615681648 -0.322732568 -0.155785739
 857 0.548059762 -0.524597406 0.246033788 -5.08091971E-02
 858 0.432793856 0.346910268 -0.675555050 0.618147910
 859 0.504010081 5.55863678E-02 -0.366047025 0.489335001
 860 0.583157718 1.21578014 -1.04994297 7.15565532E-02
 861 0.763166130 -0.396358132 3.73708196E-02 0.531234086
 862 -0.431926936 -0.380695790 0.644699574 -0.180069551
 863 0.346608728 -0.118180767 -0.696237445 0.348813862
 864 1.67663991E-02 -1.78612423 -1.23386526 0.456650585
 865 -0.915815651 0.221768647 1.25092912 9.64142084E-02
 866 -0.180790782 1.43663728 0.312234372 0.446149290
 867 -1.36645579 0.109250747 -0.803065777 -3.10830772E-02
 868 -0.508728445 -0.960948706 -0.295489460 -2.09961161E-02
 869 -0.282361746 -1.27347994 -0.886150360 3.16859223E-02
 870 -0.781471312 -0.282776326 0.484889269 4.26374450E-02
 871 0.540308774 1.96780121 -1.30571580 1.80884525E-02
 872 0.716908038 -1.26137733 -0.815696359 0.425492585
 873 -0.675318122 -0.542397678 -0.391684592 0.694806576
 874 -0.441109449 -0.155415833 0.621047735 1.98352337E-03
 875 -0.352267921 7.88209513E-02 -0.987363100 -3.83627415E-02
 876 -5.94547242E-02 -1.03005338 9.40362271E-03 -9.75703448E-02
 877 0.488863051 -0.940576792 8.57411176E-02 0.793448925
 878 -0.995046735 -1.87880838 0.379325718 -1.05930418E-02
 879 -0.649360776 -1.48491776 -1.57391942 -2.40169447E-02
 880 1.13898206 0.563773513 0.769750357 1.18055977E-02
 881 0.203242645 -0.657498598 0.490140796 0.103489414
 882 -0.763631225 0.602257013 -1.99806452 0.190506727
 883 0.887783349 0.360251546 1.21757627 -0.139314786
 884 7.53772557E-02 7.93793574E-02 0.436818779 0.103697844
 885 -1.29319048 -1.38619173 -0.568616450 6.20973706E-02
 886 -0.443321794 -0.745191157 0.321422666 -0.166136116
 887 -0.327606946 9.20264721E-02 -2.22361982E-02 -9.57537144E-02
 888 -1.98459756 -0.615737021 -0.732965171 0.156309217
 889 -7.53928274E-02 -1.60637295 -0.425740808 1.15163589
 890 0.519791901 0.765272379 -2.81888321E-02 -3.25167067E-02
 891 0.326338589 -1.17457819 -1.76581621 1.21234965
 892 -1.01715267 -2.61973715 -0.213211730 5.55185750E-02
 893 -1.01543140 9.38666910E-02 -0.447772086 0.576507747
 894 -0.606086612 -0.562824786 -0.237140462 -4.35612760E-02
 895 0.153625920 0.618235886 0.531951606 0.684238017
 896 -0.999326169 4.86900955E-02 0.162676752 0.518416286
 897 0.567143917 0.592602730 -0.851398230 -3.53639349E-02
 898 -0.688629866 -0.911050975 0.230881348 5.57994768E-02
 899 0.331016213 -0.877454221 -0.325403541 1.21284389
 900 -1.21268570 9.87843573E-02 7.87307322E-02 0.441589892
 901 -0.137515455 0.595772505 -0.829515815 0.128280938
 902 1.24338436 0.746086240 0.457632124 -0.202690750
 903 -0.457337499 4.78106737E-02 -0.727894425 -1.61945056E-02
 904 -0.987501383 0.224740416 0.924794793 5.82868159E-02
 905 0.315120131 1.03173637 0.313996166 1.49851963E-02
 906 0.702702701 0.264480680 -0.276287287 0.585613251
 907 -0.412992537 -0.626149178 -0.662454605 0.488626957
 908 0.629981160 -1.29855394 -1.32757759 1.04265094
 909 -0.393114179 1.95770848 0.243945733 -0.146189004
 910 -1.17946863 -0.626074374 -0.936306238 -0.118676819
 911 0.228499457 0.425154626 -0.331049472 1.18147075
 912 0.673960268 0.903901339 0.532306015 -0.149963439
 913 -0.973416746 -0.366515785 1.97225735E-02 -0.111732297
 914 -1.57165396 -0.599328697 -0.737640738 3.07381363E-03
 915 0.620631099 -1.12637866 0.590331018 -8.55244696E-02
 916 1.82539970E-02 0.173251003 1.02840948 -0.100623854
 917 1.02369142 -0.256429821 0.125675112 0.120065548
 918 0.686250389 -0.171694964 -0.643225908 1.00419486
 919 0.968209028 -1.49686849 -1.03654838 6.19635433E-02
 920 -0.191613287 0.187228978 -0.466080159 0.164964020
 921 -0.216653883 -0.129680574 -2.07720017 0.218008131
 922 1.76498497 -0.775873542 0.136794239 6.24664947E-02
 923 -1.08003211 0.512586772 0.332342207 9.26266387E-02
 924 0.326570421 -0.153689474 -0.738753259 0.524638414
 925 0.331368923 -1.08203530 -0.264707476 0.517340243
 926 -1.26765096 0.831574380 0.493762344 3.00863534E-02
 927 -0.337569267 0.958161056 -0.210824043 6.38514385E-02
 928 0.222941533 -0.998975813 -0.337891936 0.406979442
 929 -0.833192110 -1.16405416 1.05851007 -0.152991325
 930 0.422402710 -0.416538596 -0.484180391 0.466660887
 931 -1.29601312 -0.379708886 0.951492369 0.371928513
 932 -0.420434862 -0.463290304 0.686963260 -1.26636922E-02
 933 -0.965808511 -0.408204556 -0.524376512 0.115625188
 934 -0.554801822 6.12920560E-02 -1.11638319 0.149486080
 935 0.120998040 -0.203461409 -0.394157410 0.621557713
 936 -0.668352187 -1.25529265 1.10268784 0.483688056
 937 -2.19547081 0.513806403 -0.287447512 -6.63311640E-03
 938 -0.501621008 -0.486092746 2.77250051 -4.88486402E-02
 939 0.413340420 -0.307024211 -1.36290896 3.70957293E-02
 940 2.38512158E-02 -0.630106509 0.453416735 -8.98473263E-02
 941 0.753189683 -1.85312784 -0.635539412 0.799479723
 942 0.354406983 0.945896745 -1.44565499 0.645199478
 943 -0.180921525 -4.34430987E-02 -0.296601057 9.74619538E-02
 944 0.497494906 -0.792188525 -1.55220628E-02 0.448285937
 945 -0.268244982 -1.45402884 -0.737073720 0.607827604
 946 0.707750142 1.25944912 6.55174255E-04 0.148308918
 947 0.627470016 1.95543015 -1.21053588 4.66253571E-02
 948 0.150190622 0.518256068 0.178943470 0.445282996
 949 0.264276356 -0.217607558 -0.938228488 0.497680604
 950 -0.213377908 -0.682638884 -1.47574115 0.552108407
 951 0.463983715 0.376527697 0.480157375 -0.137628913
 952 -0.103353828 -0.699900508 -1.06056440 0.760527015
 953 -0.422187805 -0.916455388 -0.625380754 0.661578298
 954 1.17108464 0.147016644 0.316863447 0.867164671
 955 -1.16292477 1.35661829 0.668464780 -7.85383135E-02
 956 -0.602942586 -0.906086802 -1.49999845 -7.14096799E-02
 957 -1.10785210 -1.34062052 -0.769413710 0.495476663
 958 -9.21348929E-02 0.401145399 0.356964678 -8.10646564E-02
 959 -0.777866364 -1.27553463 0.590387821 5.57002649E-02
 960 -0.793121040 -0.593523741 1.13108587 -6.17986545E-02
 961 8.41525197E-02 -0.883322418 -0.686983466 -1.45713240E-03
 962 -1.02627072E-02 -0.587991953 0.201152116 -0.170375109
 963 -0.271600366 0.533723831 -0.392358541 -1.43977255E-03
 964 -0.535102010 0.369442582 -9.33521390E-02 0.137725860
 965 1.17203271 -0.662062824 -0.783591926 0.555476844
 966 0.595385492 -0.940164864 0.626857936 0.426837862
 967 0.197058856 -1.47507977 -1.23268640 0.373408020
 968 1.41753578 -0.176560044 0.100174472 0.445380390
 969 -1.34553421 -0.571842968 -1.19740081 -7.58774206E-03
 970 -1.91812265 -0.855762064 -2.07295269E-02 0.154899389
 971 -1.19523966 -1.59771907 -2.03103828 0.333133101
 972 -0.419909447 -2.62852454 0.498276234 0.236146972
 973 0.599213481 0.325874478 -0.473195255 9.80537087E-02
 974 -0.648030818 -0.220141381 1.82341290 -0.165007353
 975 -0.426168472 2.10431647 -0.540101767 -0.108757846
 976 0.117458150 2.89037265E-03 -0.838042855 -0.118259296
 977 -0.240722954 -0.721888483 0.770288527 4.56545688E-02
 978 -1.53972054 -1.83837771 2.82502733E-02 1.70424581E-03
 979 -0.349277943 -0.797485173 0.499497265 0.509865403
 980 0.488071084 -0.737646163 0.429961383 0.182373390
 981 -0.858637154 -0.934995294 0.246906072 1.61505565E-02
 982 -0.726372480 -0.526449442 0.434868038 -6.52045459E-02
 983 0.734942198 -0.184206948 0.118060149 9.49359313E-02
 984 -0.438115656 5.78729808E-02 0.340913177 -3.35015655E-02
 985 -1.14537668 -0.784467041 0.275477916 0.402976274
 986 -0.708114207 -0.291884840 -0.219847590 -0.145406559
 987 2.33289027 1.04709530 -0.196882665 0.550071299
 988 -1.18059039 0.792719483 1.33171535 0.147167593
 989 -1.61430752 -0.701377869 0.828690469 0.238084078
 990 -1.07601023 -0.313328534 2.28335786 0.124704510
 991 -1.01637292 -2.00414062 -0.481608391 0.140023381
 992 -0.962174475 0.270462215 0.626091361 1.49556920E-02
 993 1.31747961 1.21225059 0.687445700 -0.151820421
 994 1.34339559 -0.126212761 0.157340527 0.582717955
 995 -1.16100264 -0.684925675 -0.622265100 0.649460852
 996 -1.05607116 -1.16622710 -0.754055977 -0.139040798
 997 -1.77038121 -0.969734669 -0.131047040 -3.80074233E-02
 998 -0.949261308 -0.518709302 -1.55128074 -4.28266264E-02
 999 -0.611889720 -1.63216281 -0.697135925 0.583780527
 1000 4.69677448E-02 0.175232977 -0.632620394 0.492855340
 1001 -0.172535911 -7.84566179E-02 -0.348193944 -5.53426594E-02
 1002 0.100909173 -1.14161789 -8.13852176E-02 0.678991914
 1003 -0.300757825 -0.594239235 -0.488327622 0.187120050
 1004 0.422565937 1.35537148 0.219950631 3.82590666E-02
 1005 0.830900669 1.74596310 -1.25821483 0.768096924
 1006 0.797525406 -0.687669754 1.57009935 -8.70150924E-02
 1007 3.40310112E-02 0.567828596 0.652145922 4.83559184E-02
 1008 -0.137014866 1.43758500 -8.32956955E-02 -8.17787945E-02
 1009 -2.05067611 0.235207498 0.562894881 0.350505114
 1010 0.730233312 -0.436337590 0.912873626 8.41673464E-02
 1011 -0.676933885 0.995000124 0.530713737 -1.32123232E-02
 1012 -0.617793679 -0.246149182 -0.376307935 6.49268404E-02
 1013 0.127789512 -7.12309107E-02 0.169336468 -5.95080294E-02
 1014 -0.629269719 0.319333434 4.02461961E-02 1.89752579E-02
 1015 0.557884634 -1.17445207 -0.216607228 0.333644092
 1016 0.369955331 -1.92623401 0.150539085 5.53631410E-02
 1017 -0.734491825 0.558047831 1.21542132 9.50356796E-02
 1018 -0.526080012 1.48939407 1.54988837 -8.10197741E-03
 1019 0.568578303 -1.26702905 1.38602424 -0.154446527
 1020 -0.308250815 0.155499488 2.30419338E-02 -6.54212609E-02
 1021 -1.03804791 -1.54466629 -0.558707118 0.197593793
 1022 -7.54695833E-02 -0.402061701 0.221543372 -9.32022035E-02
 1023 -0.550377846 -0.866485655 -0.278370470 -6.68847561E-03
 1024 0.828906715 -1.06757438 0.532776892 5.50016090E-02
 1025 0.410358906 -1.73454618 -1.11395061 1.85649097E-02
 1026 -1.32550299E-02 -1.03382802 1.44866908 8.12242925E-02
 1027 -0.485661298 -0.770673215 0.367736846 -4.15352508E-02
 1028 6.55199885E-02 1.23472714 0.214654535 4.28490043E-02
 1029 -1.26154447 -0.427804232 0.639582574 0.104226775
 1030 0.400537252 -0.420906961 0.124646142 -0.108822972
 1031 -7.13181645E-02 0.529358208 -0.405352175 -7.73465857E-02
 1032 -0.491520166 -0.934777617 0.932388902 -1.85042098E-02
 1033 -0.227249444 -0.899939537 1.57962274E-02 0.106697887
 1034 -0.797945738 0.380237639 -1.24711132 -0.592284262
 1035 0.592698395 2.12956691 -1.93384969 -2.78829789
 1036 -0.686623931 1.11826098 -0.334068120 -3.48883724
 1037 7.34604299E-02 0.805771589 -0.460645378 -1.93460083
 1038 -1.23807943 1.03196704 -1.26045299 -3.40554023
 1039 -0.157505989 1.94117069 -0.210331455 -2.39011526
 1040 0.461452693 0.149135128 -1.98159182 -1.14595604
 1041 -1.19409931 0.968976378 -0.879960001 -2.52252412
 1042 0.643915594 2.57990098 -0.602507651 -1.23697102
 1043 -0.428833842 1.17838597 0.647776961 -3.49296379
 1044 -0.601821184 1.14568520 -1.92529511 -3.45274854
 1045 9.67132151E-02 0.861693680 -1.35246396 -1.79600251
 1046 -6.06666878E-02 0.989364386 -1.06201828 -3.42485452
 1047 0.247293741 0.868670702 -0.560356677 -2.78987408
 1048 -0.134279162 2.00827384 -2.78698039 -4.38526869
 1049 0.326759160 0.519812703 -0.266851485 -3.40320253
 1050 -0.320930362 2.33196211 -1.17544317 -1.96441042
 1051 -0.214189187 0.978315473 0.147410586 -3.49627542
 1052 0.568593979 0.390009046 -2.29321337 -3.34290290
 1053 0.185312301 1.38562930 -1.37265038 -2.16965699
 1054 0.779504657 0.976157308 -0.229061633 -3.52677202
 1055 -0.575811982 0.567626417 -2.03515434 -4.47944450
 1056 -0.118292734 -0.271402359 -0.127702236 -1.75381351
 1057 -0.216544107 1.23466420 -1.18760395 -0.121479616
 1058 4.21307161E-02 3.31140161E-02 -1.36232948 -4.30305719
 1059 -0.595778584 0.685930312 0.931991518 -3.48121691
 1060 0.107375078 1.12217104 -1.33612764 -2.38602161
 1061 -0.633062243 0.931195617 -1.50749731 -4.37945127
 1062 -2.12558545E-02 2.26242468E-04 -0.697216749 -1.79368126
 1063 0.870172739 -7.82636404E-02 -2.07939577 -1.78316319
 1064 0.115578234 3.20734978E-02 -1.07228732 0.818807006
 1065 -1.45966887 1.70307422 -0.836356521 -3.32586527
 1066 -0.856606424 1.91662776 -0.559630871 -3.46044540
 1067 -0.100643679 1.24180877 -0.319231838 0.443065643
 1068 0.772711337 1.51582026 -2.52566290 -2.89611793
 1069 -2.34793973 1.06527495 0.843346477 -3.31535363
 1070 -0.698163748 2.57375216 -2.30783486 -4.55367136
 1071 -1.61181951 0.838235736 -0.959798217 -3.34586310
 1072 0.541359544 1.08347964 -1.89820325 -1.78143072
 1073 -0.459017932 0.155933440 -1.16234291 -4.51016092
 1074 -0.742437363 0.908206701 -0.613990545 -1.77230597
 1075 -0.909574747 0.943491697 -1.63143492 -2.83681297
 1076 -0.125651404 1.71678758 -1.09145761 -1.81105268
 1077 0.593219042 1.45205212 -1.93320823 -4.46166325
 1078 1.03021312 0.910936058 -1.67358184 -2.26195502
 1079 0.250474006 1.63655663 -2.71033883 -3.48662543
 1080 -1.55476928 0.112218916 -1.84994531 -3.22297835
 1081 1.09851670 0.485631198 -1.41956794 -1.85667551
 1082 -1.75362563 0.813374817 -0.634035408 -4.26303911
 1083 0.247555703 2.06694555 -0.903257430 -3.28207326
 1084 -0.228413895 2.53022861 -1.99326909 -4.46180868
 1085 0.481612682 0.805654407 -0.969477355 -2.29485703
 1086 -1.17926216 0.144486040 -2.43250322 -1.73598230
 1087 -1.54482949 1.62864423 -1.40837276 -1.65059292
 1088 -0.711823165 0.888891459 -1.69882309 -3.23182225
 1089 -0.679414213 0.414481491 -0.707234859 0.475031853
 1090 0.433330178 -3.59076783E-02 -2.43794250 -3.44909000
 1091 -0.168836504 2.41481900 -1.34982657 -4.52651453
 1092 0.678879619 1.41653824 -1.70717323 -3.56763458
 1093 0.897237599 1.07727110 -0.902377188 -3.36819291
 1094 -6.06957078E-03 0.565876365 -1.35096765 -3.36647296
 1095 -0.175497919 1.12906003 -1.47850180 -4.53819132
 1096 -0.222778395 1.38766980 -1.59255576 -4.63959932
 1097 -1.84835577 0.622949302 -1.39189303 -4.49721766
 1098 0.230446383 0.984512031 -1.36461735 -1.94367409
 1099 0.425607681 -0.203714654 -1.67915702 -1.85378885
 1100 -9.21479911E-02 1.29765022 -1.81362200 -0.739029288
 1101 0.218469352 0.845869303 -1.46919072 -4.48949766
 1102 -1.00436187 0.785828948 -2.92612886 -3.42419624
 1103 -5.28386384E-02 0.982544661 -1.04723346 -3.40159369
 1104 -0.692250907 0.178454876 -1.22198892 -4.46396780
 1105 9.30745304E-02 1.00670111 -0.930120766 -3.43403554
 1106 -0.755706549 1.41876936 -0.874179184 -3.39020085
 1107 -0.975530863 0.827816188 -2.10487890 -4.37758398
 1108 -0.857855558 1.18488801 -1.57506764 -1.90043330
 1109 -1.61876142 1.67152500 0.528394520 -2.22132516
 1110 0.342131227 1.27094638 -1.06776941 -1.96286035
 1111 -1.44020486 0.299850166 -0.312942803 -2.40144157
 1112 -0.592780828 0.241923422 -1.46439862 -4.52907085
 1113 -1.12902248 -0.386102855 -1.90943980 -4.56913853
 1114 -2.18339777 0.487681061 -0.705186248 -4.55443192
 1115 -0.652264595 1.17340708 -0.655385017 -4.45374250
 1116 0.295291454 0.405998588 -1.06345057 -2.30612636
 1117 0.581034184 1.01710689 -0.979587674 -2.83364248
 1118 -0.161730543 0.472260922 -0.918683827 -4.55709219
 1119 -2.17832422 0.891213000 -1.87610984 -2.90023994
 1120 -5.02361506E-02 0.748478234 -1.35073376 -3.39227962
 1121 -0.469109714 0.941748619 -1.09406996 -1.99056327
 1122 0.660561144 0.339466870 -1.57032526 -3.32759047
 1123 -0.379869193 1.51034570 -1.91155493 -2.87519789
 1124 -0.844826460 1.71608698 -1.32761419 -2.77114367
 1125 -0.173307791 1.72168732 -1.08901823 -4.42061806
 1126 -0.709553242 0.833751976 -1.50627422 -0.899633646
 1127 0.236465037 0.463915169 -1.15639353 -0.679000378
 1128 0.784866154 1.79333818 -1.13703454 -2.29912925
 1129 0.190460891 0.955774724 -1.16999757 -4.30566740
 1130 0.238179103 0.174790859 -0.613561749 -4.60739136
 1131 0.655981958 0.130964458 -2.07052588 -2.45366144
 1132 0.678536654 0.986246526 -0.297487348 -2.48285222
 1133 0.675858378 1.21957016 -0.960243702 -3.41268754
 1134 0.343628138 0.314635932 -1.07092416 -3.26378012
 1135 0.425052822 2.59503269 -0.698355496 -0.602075994
 1136 1.42110729 0.899848819 -1.44269085 -0.746657789
 1137 -0.755705774 1.12462306 -2.00021458 -1.23722196
 1138 -1.05807734 1.39801466 -2.23874855 -3.36859775
 1139 1.98229086 7.26007521E-02 -0.436561018 0.966485560
 1140 2.63525653 1.69731450 -0.541625440 1.07257378
 1141 2.20822144 1.90981245 -0.479300231 0.952444017
 1142 2.29318309 2.85454464 -0.749859750 1.31890643
 1143 2.16963029 -5.84992766E-02 -0.789075851 1.00412583
 1144 2.12716317 1.93798733 -1.29000890 0.983637452
 1145 2.40031743 -9.84709859E-02 -1.48971295 1.04000711
 1146 1.40891194 0.127385840 -2.82846951 1.25465512
 1147 1.39006293 0.339707762 0.495599419 0.975199997
 1148 0.588309824 -5.11691272E-02 -2.44127369 1.17068243
 1149 0.407100916 1.49036765 -2.46111369 0.936408639
 1150 1.33395314 9.83702466E-02 -1.08892107 0.808861673
 1151 2.01836348 1.46850240 -1.12665284 1.21498013
 1152 2.90415192 2.28165317 -0.660446942 0.904370070
 1153 2.42773485 -0.436014056 -2.69346142 0.816405118
 1154 1.38522649 2.61271977 0.207987607 1.18994737
 1155 2.00226831 2.40662861 -0.133347541 1.00913000
 1156 1.88665843 1.30850542 -1.49032831 1.31717873
 1157 1.80750465 1.17884016 -0.853328645 1.20458341
 1158 1.38675427 1.11383367 -2.43326473 0.960463405
 1159 0.898038208 0.187911332 -1.76065266 1.10107136
 1160 1.56051373 0.417102873 -2.36614275 1.02374732
 1161 2.18701410 2.83644462 -0.577657282 1.36166489
 1162 0.970849335 1.13544488 -1.65518737 1.26186717
 1163 2.44189024 0.370631427 -1.14077294 1.04171753
 1164 3.02212834 1.37812650 -1.63047397 0.929951668
 1165 0.846950352 1.73359144 -1.14779198 1.21842992
 1166 1.16160440 1.31705117 -1.60548306 0.998303652
 1167 2.11980057 0.377761066 -1.38842273 0.898874879
 1168 1.24138117 -0.626477242 -1.52616179 0.916852057
 1169 2.40028834 0.672825992 -1.77915812 1.18981290
 1170 1.44868004 1.06107783 -1.31521726 1.49974334
 1171 -0.704808950 1.61596870 -0.620479405 1.10154557
 1172 2.68947482 1.34204793 -1.30395579 1.10046387
 1173 1.95865881 0.467087597 -1.30648410 1.17077470
 1174 2.37383890 1.26410627 0.242061466 0.847371340
 1175 0.621332586 0.452523708 -3.42650843 0.877492547
 1176 2.70234203 1.22637963 -1.59787428 1.25706732
 1177 1.33481407 2.46207309 8.97383243E-02 0.865531325
 1178 2.58482742 0.796499789 -1.84002233 1.00496578
 1179 1.72981739 2.02164435 -0.168187574 1.29525709
 1180 1.58356524 1.99094808 0.481667012 1.15123761
 1181 1.63146782 0.855813444 -0.780545175 1.08900702
 1182 1.26162446 2.12026811 -1.51019359 0.926603973
 1183 1.69024074 0.589932740 -1.73333383 1.03289557
 1184 1.82438374 1.82541084 1.08015358 1.01424789
 1185 2.07174873 1.31082702 -1.58863795 1.05692911
 1186 2.03332925 1.80008340 -0.499908596 1.27561319
 1187 0.639765561 1.58612669 -0.164044008 1.13593161
 1188 2.04767847 2.63762355 -2.32773542 1.02728891
 1189 2.09038544 1.61113465 -1.98188305 1.02159059
 1190 1.54723668 0.968733191 -1.33833933 0.832726657
 1191 0.916122735 1.80866170 0.635932386 0.777005851
 1192 1.30347633 0.805144548 -0.428633034 0.849634886
 1193 1.26609647 0.703502119 0.513564587 0.929460287
 1194 0.794518828 0.841873527 0.224475890 0.956550181
 1195 1.63915324 1.46536040 0.351660371 0.941841066
 1196 3.16144586 0.314975500 -0.264149934 0.722308040
 1197 2.34972548 0.324548066 -1.70013547 1.14147747
 1198 1.65837693 0.998251677 0.206718057 1.02705240
 1199 1.34209120 1.73608100 -0.575025678 1.07040930
 1200 1.15403318 1.77568507 -0.348383754 0.877738357
 1201 0.989604354 1.33926415 -1.14614594 0.873276174
 1202 0.905097365 -0.172387853 -0.997915745 1.01548672
 1203 1.53359485 1.52807188 -1.85396707 1.11659980
 1204 1.91717160 0.273117870 -2.31266093 1.15506244
 1205 1.79171956 7.86840543E-02 -1.69494510 1.03265464
 1206 1.01934803 2.14929652 -0.246861503 0.733875751
 1207 0.722689927 1.93635833 -0.866055787 0.987540185
 1208 1.25346804 2.25211453 -0.538745403 0.966862440
 1209 1.54430354 2.12635946 -0.659335136 1.03090870
 1210 2.02829671 2.87687492 -0.255244076 1.27434766
 1211 0.855013669 2.14948201 -0.824428558 1.15356445
 1212 1.88257980 1.34019375 -1.99280524 0.998386621
 1213 0.105162233 0.636328638 -2.10961580 0.844967961
 1214 1.00017262 1.29982793 -2.81177521 1.02392709
 1215 1.63300669 1.50234735 -0.667816758 1.13458598
 1216 2.02804685 0.819016218 -2.68709087 1.15394211
 1217 1.63398635 3.11092114 -0.934901893 1.22685266
 1218 0.411181390 1.70580506 -1.05497122 1.25705552
 1219 0.557564735 1.30951059 -1.15177035 1.17229080
 1220 1.06214333 1.00373495 -0.786068201 1.08223140
 1221 0.478725761 2.75819683 -0.933994114 1.02270508
 1222 2.11147118 0.120650679 -1.54703307 1.06002367
 1223 2.39290309 0.819118142 -1.35276270 0.990441740
 1224 1.99476600 2.54527807 -0.120921582 0.865811765
 1225 0.555532217 1.30859983 -0.263107628 1.27935743
 1226 0.724840403 1.28161585 -1.09217536 1.08719754
 1227 1.09960914 2.10453224 -0.796230495 1.13057768
 1228 0.657960117 2.37173367 -0.852654934 1.22353482
 1229 0.623307526 0.610703826 -1.23918903 1.06027508
 1230 0.737705946 0.706379116 -0.535147667 0.887653351
 1231 2.68386102 -0.515522063 -2.51922131 0.955201149
 1232 1.09506834 1.73240376 -1.37442517 1.07199121
 1233 2.20511818 1.33350551 0.149997443 1.24223173
 1234 1.86441219 1.25432622 -1.05342150 0.793677211
 1235 1.62054360 0.641994774 -1.06433845 1.26782131
 1236 1.95933640 -2.78412811E-02 -1.50291443 1.18929768
 1237 1.97802413 2.63785338 0.211961150 1.18191195
 1238 0.659853697 1.27010536 -1.57776558 1.08173442
 1239 1.82905090 1.77138984 0.307321608 0.872794867
 1240 0.687192082 0.986982882 0.890417337 1.04259491
 1241 0.127995700 2.64208245 -1.69279659 0.863874078
 1242 1.53212738 1.85899460 -0.571946800 1.07437515
 1243 1.15178835 0.281949729 -1.96754932 1.13822138
 1244 1.18204510 1.73304081 -0.257269681 1.04690659
 1245 0.881741881 3.32740045 0.331416428 1.00529790
 1246 1.54941118 0.437538296 -0.998135030 1.15175211
 1247 0.844900846 0.759901941 -1.55905306 1.14342558
 1248 2.35268617 1.57126558 -1.34465802 0.961394727
 1249 2.12362599 1.97776258 2.46153586E-02 1.05012679
 1250 1.90860021 2.13364506 -0.975012362 1.19033909
 1251 2.75911832 1.48332167 -2.10673213 1.09926796
 1252 1.10395527 2.85872316 -1.97083354E-02 0.930597067
 1253 1.87078798 0.441047996 -7.02497661E-02 0.938299060
 1254 2.26130223 1.69826591 -1.31883979 1.02412009
 1255 1.81583035 1.06114542 -0.284675717 0.936607003
 1256 1.98359191 -0.171977475 -1.58065248 0.946890116
 1257 1.34141982 1.93867838 -0.909086943 0.965678155
 1258 3.40015078 1.37464523 -1.44511628 0.946112633
 1259 3.13469386 0.643656254 -1.16470838 0.673712492
 1260 3.94640136 -0.223118842 -0.189079970 1.17380416
 1261 2.62333035 1.96652627 -1.79017591 1.08695269
 1262 2.85570002 0.193099797 -0.651221514 0.975373626
 1263 1.90180945 0.595432281 -1.73305678 1.12512982
 1264 1.54943216 0.500135362 -1.67579770 1.26171470
 1265 1.83215177 2.31538200 -0.691880822 1.05352187
 1266 0.716324329 1.92170358 -0.218731850 1.14094603
 1267 2.15324759 2.78678584 -1.03034508 0.960472643
 1268 1.90639186 0.663166225 -2.43304253 1.12670302
 1269 2.85692310 -0.219224051 -0.905366182 1.29820478
 1270 0.906935573 1.12386835 -3.42160630 1.10012066
 1271 1.75049627 0.898162842 -1.62995267 1.16765702
 1272 2.78701782E-02 1.75585949 0.120153688 0.893488646
 1273 0.377822667 0.752073407 -0.724694669 0.948050678
 1274 1.16768551 1.74133456 -0.985656559 1.08698571
 1275 1.73841047 1.45316732 -0.103788309 1.25008762
 1276 1.77661145 1.39260268 -0.662856400 1.03108752
 1277 1.33068752 2.20690536 0.704095840 1.09415364
 1278 1.30529904 1.67729330 -1.42507505 1.17071366
 1279 1.25409269 0.875743508 -1.94268429 0.846547067
 1280 1.67532504 2.42047167 -1.10729551 1.04172051
 1281 1.33128548 2.56328821 -0.202736840 0.982799709
 1282 1.48903000 2.41749740 1.64051950E-02 0.712932229
 1283 1.36266172 1.34160924 -1.87278700 1.19981909
 1284 2.04752064 1.56403291 -1.65535653 1.27736318
 1285 1.54402924 -3.21269035E-05 -1.10560215 1.07617664
