 1 -0.192641035 1.03464711 -7.90499747E-02 -1.60076320
 2 0.258903563 0.230682582 0.473618060 1.52980328
 3 -0.607921839 1.53371346 0.364235908 1.24782860
 4 1.01058233 -0.634692192 0.570416391 0.233239636
 5 0.779040635 0.357105792 0.262301058 -0.326573670
 6 -0.113864638 -8.57372433E-02 0.808821380 -0.762782872
 7 2.02773046 1.02989113 -0.377830893 -1.13449621
 8 -0.536932528 0.573673904 0.335393220 -0.638491035
 9 1.33982754 1.07081997 0.449670047 -0.266012162
 10 -4.68361676E-02 0.842693746 0.930861771 1.40990365
 11 -0.855239451 -0.300210476 0.291843146 -0.165870130
 12 -0.477020442 0.571675360 -0.388869643 -0.823209763
 13 0.368987769 0.641919076 0.872592330 0.843899846
 14 -0.264160246 0.425401270 -9.84071568E-02 -3.82709950E-02
 15 -0.405086219 -0.193179399 0.549230576 1.07681334
 16 -0.189910501 -0.664968193 0.684014976 1.73222840
 17 -0.249992833 0.989696860 0.108361810 -0.111946069
 18 -1.53277278 0.158685416 0.929464102 0.832859457
 19 -0.337430358 1.64842975 0.932350695 -0.275666296
 20 0.588558435 0.409731328 0.715462983 -0.371579647
 21 -1.46326208 0.340487242 0.729025960 -0.296724588
 22 9.13060233E-02 0.508519232 0.325882494 -0.265492082
 23 0.208149910 1.12202573 0.425461531 1.23897243
 24 -0.761745930 1.90310192 0.820108056 -0.492892802
 25 6.55602813E-02 5.37931919E-03 0.490090370 -0.546295404
 26 0.418736756 0.483027756 0.985421836 -0.269341260
 27 8.73847082E-02 0.561410725 -0.162110090 -0.804658830
 28 -1.01516891 0.305013448 0.772031009 -0.179712966
 29 -0.543839931 0.587184966 -0.277414620 1.29843795
 30 -0.348652393 2.80099176E-02 0.261330605 -0.354902834
 31 0.453200936 0.783194661 0.534499764 -0.128057003
 32 0.390645921 -1.21635890 0.179436117 -0.457226068
 33 1.16817331 1.36099803 -0.113275588 -1.13197118E-02
 34 0.813351154 0.323654830 0.428262413 -9.63001847E-02
 35 -1.62299967 0.258056015 1.54563594 -0.158141434
 36 -1.06796932 0.503330469 0.749934316 -0.324579656
 37 -1.36388230 1.04924202 0.305039257 0.183980301
 38 1.16978027E-02 0.278954387 0.474276066 1.00534642
 39 0.139963791 0.305368751 0.304541618 1.20810890
 40 9.78111178E-02 2.68204417E-02 0.516111851 -0.342888951
 41 -1.22705340 0.349418044 0.442385197 -7.54058361E-02
 42 5.61524332E-02 0.201896727 1.09021139 2.29362011
 43 -3.95376272E-02 0.445923328 -0.225154638 -0.185344562
 44 0.598613441 0.186255366 0.843936443 -0.737271845
 45 -1.15695167 0.652731359 0.691253424 4.58314568E-02
 46 -0.547689795 0.924867988 0.458535850 0.819441259
 47 1.49708378 1.14708829 0.107969768 -0.608490705
 48 0.349057823 -0.167253911 0.753909230 -0.530360222
 49 0.316028386 1.57830453 1.10459638 1.53203106
 50 0.654928684 -4.80460636E-02 0.825715899 -0.434941053
 51 -1.15595746 0.365117460 0.149619296 -0.125386029
 52 1.29239273 -1.03406549 0.983810663 3.39030921E-02
 53 -0.812334716 -0.117727101 0.344002426 -6.31956011E-02
 54 -2.75507569E-03 1.00281012 0.478555351 -0.125993863
 55 -0.829503536 -0.314009070 -0.159789056 0.874327362
 56 1.95820022 0.465341717 0.553994894 -0.286904722
 57 0.130893394 -0.451699317 0.836929500 0.607720256
 58 0.419081062 1.39955282 0.407342851 1.33453226
 59 -0.545743287 0.630576372 0.483209431 1.94340348
 60 1.86066973 -1.12579286 0.759708881 -0.431081653
 61 0.159119949 8.41121674E-02 5.52163050E-02 0.101329461
 62 -0.218892202 0.526011229 0.565858662 -0.254075944
 63 0.257902592 -0.640143096 0.320909351 -0.219185382
 64 -0.485948920 -0.132533804 0.551642954 -0.769184530
 65 0.137903318 0.802091241 0.448382080 -0.824518204
 66 1.24945700 -0.105872959 0.961413741 -7.60948658E-02
 67 0.296047658 -0.176316395 0.393479109 0.231066748
 68 0.257287174 0.700393081 -0.417220414 4.07587141E-02
 69 -1.26532757 0.634127915 0.510568082 -0.519497454
 70 -0.265695423 -1.06300759 0.603357375 1.28574753
 71 -1.22440743 0.594542682 0.563640237 -0.126932621
 72 -1.16485167 -1.07937539 0.382851541 2.82791281
 73 -0.975543737 -0.626728237 1.00799441 0.816949129
 74 -0.266876638 -1.03912055 1.11239350 -8.57034326E-03
 75 0.330564916 0.265606374 0.513412058 3.17571783
 76 1.36880493 0.516257524 0.595923960 -5.89006096E-02
 77 0.630062640 2.66407207E-02 1.26002991 9.57742333E-03
 78 -1.03093529 -1.77385509E-02 0.582981229 1.05522251
 79 0.730556607 0.397758067 0.281518161 1.31283128
 80 -7.68722072E-02 1.13701415 0.587175190 1.21064997
 81 -0.457658827 0.485062480 0.601824045 -0.263066590
 82 -0.276642770 -2.79563665E-03 0.545565188 -0.400025308
 83 0.187443584 -0.227203459 7.79968947E-02 1.41045785
 84 -0.245978177 -0.593364179 0.507992864 0.949027181
 85 -0.614210069 -0.543301940 0.525716186 -0.241024390
 86 -0.337180316 1.20113027 0.336749494 -0.413570940
 87 -0.382032365 -8.12044814E-02 0.504732668 -0.385928988
 88 -0.491946340 0.374221176 0.789898932 0.956054628
 89 -0.130739599 0.793801308 0.454953671 -0.193835124
 90 0.797956109 0.159895390 1.09557855 -0.189385623
 91 0.365609199 -0.763195634 0.425932884 -7.52996951E-02
 92 0.417110026 -0.276395261 0.910650492 6.33676201E-02
 93 3.63245122E-02 -1.33827055 1.00819409 -0.427517176
 94 -0.323305339 7.87893012E-02 1.01371562 -0.252854705
 95 0.696382105 0.693618357 -0.481534958 -0.157638192
 96 -6.96624592E-02 -0.421727300 0.161806405 -0.537631869
 97 0.166909248 -1.52156174 0.631998956 0.483173430
 98 -0.234423280 -0.158245638 0.190740645 1.12142575
 99 0.514662027 -0.945522666 0.981569052 -0.309713542
 100 0.273640186 0.204411209 1.00235307 -0.368903756
 101 -0.939343095 1.10230935 0.269799471 -0.291391820
 102 -0.135588050 1.87988818 5.26565835E-02 -0.227663606
 103 -9.13516581E-02 0.538122535 0.644944489 0.449683696
 104 -0.907930672 -0.117483221 0.360059440 -0.994311750
 105 0.117680192 -0.434923530 0.452244580 -1.19221401
 106 -1.10383785 0.116575830 0.449354529 0.863388956
 107 0.185352683 0.319989175 0.703984678 -0.400619686
 108 0.395460725 0.594312489 1.10157216 0.329274386
 109 -3.99604440E-02 -0.862230003 -2.65579745E-02 1.31045783
 110 1.47467017 -0.350922525 1.10526407 -0.433848023
 111 0.749749660 8.95932093E-02 1.28654826 -0.687995195
 112 0.502155066 -0.236639962 0.873088479 -0.306854248
 113 0.220104069 -1.17898691 -0.117274940 1.02745819
 114 -1.14849126 1.20913136 0.458900064 1.44318688
 115 -0.803544760 0.941275775 0.119154640 0.954073012
 116 -0.193233937 -0.773958445 -0.508387446 1.35351467
 117 0.799302757 1.16825140 0.297556549 -0.187891126
 118 0.139919430 -0.669497192 0.825335026 -0.676438689
 119 0.483231157 -1.16233039 2.55931113E-02 -0.617182851
 120 -1.24907184 -0.959314644 0.283370852 -0.129364014
 121 1.44073617 -0.341174752 0.476478785 -0.242310733
 122 -0.222718179 0.436105788 0.611085951 -4.06807214E-02
 123 0.221421659 -0.304990292 0.289598793 -0.261822850
 124 -0.980484128 -0.873218834 0.523221672 0.330730021
 125 0.384184301 1.56912339 1.08377552 1.11057281
 126 -0.326234728 1.59295574E-02 0.118344888 -1.75862759E-02
 127 -0.348582029 -0.921429515 -0.104679108 1.39916813
 128 0.217857420 0.113113254 0.174592018 -0.504118979
 129 -1.46572304 -0.949299395 0.893318415 2.07168555
 130 1.11445785E-04 -0.643671989 0.353463531 1.09607089
 131 0.229688257 -0.757176042 -0.145052880 -0.853803933
 132 -0.167147160 -0.284501165 0.305558652 -0.538417280
 133 0.112228632 0.996306658 0.518593729 -0.782281935
 134 -0.876871765 -0.105381161 0.467923164 -0.549140096
 135 0.130101413 1.58255970 0.450148225 -0.668334484
 136 -4.35740799E-02 0.648697555 -5.40236309E-02 -0.230249390
 137 -1.38831258 -0.779069245 0.804374516 1.26457751
 138 -0.896684885 -5.24836965E-02 0.693467140 0.543241024
 139 1.03163767 0.923262715 0.654754519 -0.754308403
 140 -0.475007117 -0.789352298 0.733224869 -0.242260724
 141 1.22261655 0.187099665 0.826279104 1.08388531
 142 0.294188619 0.365747422 0.892315984 1.16368163
 143 -0.644972026 0.647225559 0.661974192 1.73721313E-02
 144 -0.373607635 0.119373627 3.54834832E-02 2.49516988
 145 -1.22778940 -0.374962211 0.773202181 -0.216297746
 146 -0.342246920 -0.643264949 1.35167801 -1.45656073
 147 -0.650505006 0.787220359 0.906164587 0.853833437
 148 9.00770575E-02 1.05657530 0.123431429 1.28556180
 149 0.261431277 -0.312539935 0.959840953 0.741493225
 150 -0.701753378 0.441644430 0.299335122 -0.551214099
 151 1.94448423 0.517515123 0.362223089 0.917420268
 152 0.179622635 -0.407834798 0.758181751 -9.35921744E-02
 153 -0.597683430 0.289357573 0.239043117 1.11489105
 154 -0.334405124 3.34688276E-02 0.515330791 -0.208871782
 155 -0.341360837 0.522847414 0.466443539 -0.586518884
 156 -9.11578909E-02 -0.689103007 0.607918739 0.120087579
 157 -1.54628730 -0.190455511 0.578918695 -0.491533577
 158 -0.129798025 1.10448313 0.948761642 1.52874207
 159 -0.260840654 -3.69005613E-02 0.409384280 -0.623561740
 160 -0.269817233 -0.738020480 -0.177137434 -0.720467389
 161 -0.629888177 1.06115079 -6.50493726E-02 -0.837820470
 162 0.359982491 5.45747876E-02 0.100668445 -0.634799182
 163 0.854823709 -0.757488847 1.13341796 -0.197833806
 164 -1.16995203 0.220975429 0.691281915 1.02134824
 165 -0.926258326 -0.570493102 0.953827858 -0.340819627
 166 -0.198313519 -0.509602070 0.116520353 -0.282177031
 167 0.768456757 -1.35999739 0.280069858 0.575293899
 168 0.200766236 0.732408524 0.704036236 -0.114522129
 169 -1.64398706 1.33130479 0.200369298 -4.60914820E-02
 170 -1.99077034 -0.673146307 4.14893031E-03 -0.581376255
 171 -0.586352110 0.907730103 -1.08675694 -0.412928343
 172 -0.341787606 -0.490279436 0.485754907 -0.254524410
 173 -0.583831847 -6.57235458E-02 0.151197240 0.864514232
 174 -1.07502294 -0.635318637 0.189731672 0.899507046
 175 0.562092960 -1.06808150 0.426637530 1.10450840
 176 -1.06264091 0.259162128 0.718251228 -0.288751483
 177 -0.729950786 0.512050331 0.559648097 -0.261913627
 178 1.07551599 0.874272406 -4.39439714E-02 0.792403638
 179 0.688773155 -0.143088430 0.290885746 -0.255156457
 180 4.52820584E-02 -0.107345179 0.394885123 -0.896117568
 181 -1.10785043 0.252162427 0.287433386 -0.714756668
 182 -0.832131743 -0.122021802 1.03301179 1.15444887
 183 -1.65475857 0.545142889 0.723434687 -0.467965543
 184 -0.747407377 -3.34766060E-02 0.780213833 1.33607936
 185 0.906475484 -0.281087101 0.967857301 -0.332905680
 186 -0.353660047 4.82268780E-02 0.547325611 -0.670238495
 187 0.798355043 0.778849840 0.904737890 -0.104001470
 188 0.173496842 0.428666085 0.950591505 -0.329488456
 189 0.657230794 -0.169820756 -0.157750547 1.11074895E-02
 190 -0.382145166 0.757086098 0.621189833 1.56968975
 191 1.62897217 0.894224226 6.87728897E-02 1.26675057
 192 3.37416828E-02 0.131250530 0.357832909 0.900916457
 193 -0.361420035 -0.800509214 0.462313205 -0.517930448
 194 1.52437377 0.237976462 -3.75673361E-02 0.151987627
 195 1.17804229 -0.573266506 0.226284921 -0.968192101
 196 -0.548062682 0.780361295 0.140039980 -0.433656454
 197 1.38034701 -0.273645043 -0.115862548 0.472566098
 198 -0.164025471 -1.34425235 0.467060268 0.625632286
 199 -1.48067045 0.355460107 0.348145247 1.06277359
 200 -0.730341554 4.73003685E-02 0.342988014 1.04639888
 201 -0.483896077 -0.701547086 0.768366873 -0.360030115
 202 0.477853000 0.465046465 0.466522455 -0.958444715
 203 0.389832735 0.541992366 0.703773916 -0.480403364
 204 -0.903331161 -0.413438827 0.996181250 2.34303427
 205 -6.55166358E-02 0.522088289 0.287511647 0.891919613
 206 -0.304319084 -1.03052497 0.172168046 -0.152264208
 207 1.07278180 6.74104989E-02 0.610802054 3.23347598E-02
 208 -0.789652348 -0.136785686 1.02941766E-02 1.14111996
 209 -0.828422129 -0.530598402 -0.170696676 -1.04911053
 210 1.55561340 -0.531553686 0.140078664 -0.394594014
 211 1.14477491 0.216767535 0.141565681 -0.356695950
 212 -0.554587185 2.60357969E-02 -0.225674331 1.19826853
 213 -9.85733420E-02 3.00042331E-02 0.569712818 -0.960956693
 214 -6.75273538E-02 7.52626434E-02 0.485743076 1.21755207
 215 -0.298568845 0.995926082 1.06672442 -7.60181248E-03
 216 -0.207931638 -0.503329217 0.555702984 -0.335023403
 217 -0.107897222 -0.139194280 0.649093091 0.241758466
 218 0.608936727 0.102099322 -0.464735091 -0.588999748
 219 -0.670565963 0.724541128 0.171154171 -1.06309223
 220 -0.208421007 -0.185330689 0.927320421 -1.17511368
 221 0.148964956 1.54883897 0.116573356 -5.54162115E-02
 222 -1.45928442 -0.824333549 0.784473896 2.25983620
 223 0.579409242 0.115705311 0.627033472 -0.249482021
 224 0.908621013 6.91576600E-02 0.270810843 0.642189503
 225 -0.196675003 0.251206070 0.875220835 -0.537129343
 226 -3.19437087E-02 0.594682395 0.262132555 -0.103708059
 227 -1.10486960 -0.219235525 0.992756069 -0.529219031
 228 0.346341014 -0.534678340 0.234968007 1.43865383
 229 -1.18593347 -1.30624092 0.866355360 0.936813712
 230 -0.766062438 0.149714589 0.553265631 6.07270002E-03
 231 1.43033481 0.782674909 9.34211537E-02 -0.713307500
 232 -1.40525568 -0.661117911 0.631202281 0.390163362
 233 0.318504512 -1.16350615 0.966924310 1.43989813
 234 1.42138028 -0.458273441 -2.42596343E-02 -0.610310316
 235 -1.91986787 1.26017177 0.630873024 -0.480944037
 236 0.900442302 0.482991755 0.745003641 2.22253352E-02
 237 -0.135536313 -0.711415231 0.808476686 2.07823849
 238 1.79976892 -0.804960132 0.728185892 -0.864468038
 239 0.237560019 -0.205425441 0.477856159 -0.253407091
 240 1.11994147 0.435722589 0.708913207 -0.980904877
 241 -1.05804491 0.483750880 0.710353374 0.489795774
 242 -0.475556016 2.63788775E-02 0.324487686 1.24360156
 243 0.238101095 -0.417982340 0.365722269 -0.109882921
 244 -1.11894035 -0.145687789 0.479330599 7.50191659E-02
 245 0.293337703 -0.504057527 -5.54604158E-02 -0.171262771
 246 -0.636581779 -0.946668625 0.579266906 -1.00862885
 247 -2.42925310 -1.19622087 0.545077801 -0.246533036
 248 -0.315102547 -0.904458940 -3.77332941E-02 -0.434096158
 249 0.142264873 0.811246455 0.154677331 1.31053233
 250 -0.245544016 0.179410174 0.205264911 -0.403387368
 251 0.328014970 0.846674323 1.00097370 0.103999212
 252 0.530110002 0.155192465 0.318538398 -0.265875310
 253 -0.543626964 0.102175221 0.454655290 -0.676726758
 254 -7.74693862E-02 0.106571361 0.275279671 2.21444201
 255 0.162860066 -0.273980051 0.138961315 0.767837167
 256 -0.242889941 1.16676605 5.59079498E-02 -0.143061996
 257 0.187585726 -0.741223156 1.40865111 -0.690249443
 258 -0.373461425 -0.692368567 0.961378813 -1.69723481E-02
 259 -1.22984397 1.05995107 -9.25533548E-02 -2.88821012E-02
 260 1.04406559 0.936847329 0.427924126 2.04592347
 261 -0.253836095 -0.537594020 1.09460735 0.738007784
 262 0.931702137 -0.381635815 -0.345875710 -0.726357639
 263 -0.179150656 -0.351518214 0.520034134 2.32730484
 264 1.08399773 -0.755279779 0.270784885 -0.137658089
 265 0.923924088 0.671382368 0.538218915 4.32550460E-02
 266 -6.90366253E-02 1.45480096 0.252080441 1.30425930
 267 3.48410308E-02 -0.416983604 0.413855731 1.21126461
 268 0.461185247 0.195117906 -3.88850830E-03 -1.34384185E-02
 269 -0.245178491 -0.615503669 0.272379845 -0.216532156
 270 1.10624921 0.853092194 0.431745082 0.862371027
 271 -2.10144472 1.78590643 0.819198906 1.15647149
 272 -0.726882279 0.884078145 0.264992803 -0.228852823
 273 -1.45180798 0.365390480 0.398198396 -0.109282672
 274 0.186845899 -0.659374416 5.95255047E-02 -0.815115035
 275 -0.530395865 -0.816821575 0.340226591 -1.13929510E-02
 276 -0.281304687 0.321608663 0.332431436 2.31071711
 277 0.796956480 8.19613189E-02 0.693600476 -0.160931900
 278 0.194209546 -1.19317591 0.132943496 2.94055790E-02
 279 0.660994470 0.468561888 0.859775126 -0.121133238
 280 -0.256105840 -0.288572937 0.206384331 1.64142156
 281 -1.51535010 -0.265689135 0.379786938 1.19681883
 282 -0.327239275 -5.22023626E-02 -0.164918214 -0.172693685
 283 -0.158047676 -0.270157784 0.743961990 -0.407108277
 284 0.248716816 0.405062914 0.546477914 1.30871654
 285 -1.02727270 -1.53726113 0.318049490 0.881850660
 286 -8.15121531E-02 -0.639338017 1.36611927 -0.939332545
 287 0.246689335 0.659972668 0.632856607 0.332878649
 288 1.03580296 0.156414434 0.496810555 -0.300777793
 289 -0.165439859 0.247380078 0.122054830 -0.222412348
 290 -0.535660446 0.295548499 0.600512922 -1.16145480
 291 0.652511537 0.238985866 1.19352722 1.09054303
 292 -0.151891500 -1.87945402 -1.59137100E-02 -0.255239993
 293 -0.941580117 -1.13715577 0.991607010 2.38202834
 294 -0.244077012 -0.389489859 0.311602324 -0.580312669
 295 0.292449534 0.799877167 0.528108239 2.14006972
 296 -2.61020017 -0.611120105 0.194134876 -0.393329173
 297 8.91322419E-02 1.29341936 1.16793382 -0.273415118
 298 -0.157003284 -0.214813009 0.345154703 1.29568601
 299 -0.184736520 -0.481913120 0.391359240 1.55360579
 300 -0.826461315 0.173787355 0.686158001 3.96638513E-02
 301 -0.579732478 -0.102699146 0.187627405 -0.709815383
 302 -0.990439773 1.11677754 0.499672562 1.12412965
 303 -0.890344799 -0.323972940 0.285704851 0.996602237
 304 0.518797874 0.590990484 0.246123105 2.15700436
 305 0.818569243 -0.380222648 0.628192425 0.974926233
 306 -1.11399603 0.202354327 -2.93357354E-02 1.31869161
 307 -1.71986148E-02 0.584574938 1.32325912 -0.102050543
 308 -0.964740157 -0.844017744 -7.10826218E-02 -0.237658679
 309 -0.247157320 0.797061205 0.341628700 -7.80039877E-02
 310 -1.98403001E-03 -0.204248667 -1.19879675 -2.25127488E-02
 311 -1.19640267 0.873406112 1.04116750 1.02498662
 312 -1.56370914 -0.717310250 -0.219580889 1.02539837
 313 -0.147962019 0.991301835 0.395591259 -0.168242022
 314 -0.268797517 -8.52826089E-02 0.297062337 -3.64142656E-02
 315 -1.07426584 1.23562515 1.03095365 0.727132201
 316 -0.771131814 0.245369509 0.749396741 1.00295222
 317 -1.57041132 0.228997141 -0.469111919 0.179430619
 318 -0.585826814 -0.985015869 -0.292128891 -0.478109479
 319 -1.61127746 -0.758546233 0.653716087 0.792436719
 320 -2.19533587 -0.885553241 0.240424141 0.771678567
 321 0.469992399 0.462048411 0.353268355 -0.475442678
 322 0.333599299 0.681568623 0.528074145 1.20246589
 323 -0.440741897 -0.131043807 9.49820504E-02 2.94270301
 324 0.346322626 -0.387064338 0.125239551 -0.812356472
 325 0.902352214 0.626741052 0.615174890 0.967035949
 326 -1.74864686 -0.465020150 -0.590793192 -4.45650965E-02
 327 5.80812097E-02 -0.667749405 1.40825026E-02 -0.110510543
 328 -0.639445186 7.89319649E-02 3.31455357E-02 4.10090834E-02
 329 -1.51182485 -0.876301169 -0.306584209 1.35874069
 330 -0.182495743 -1.34141326 0.161889166 -0.812702119
 331 -1.14718735 0.137055486 0.124250934 -0.308542222
 332 0.573170483 -0.243269444 0.236897528 -0.188367933
 333 -0.985544503 0.137493566 0.334279001 0.968493938
 334 -0.725750089 -0.198712081 0.793901324 1.25245702
 335 -0.748755097 0.444145262 0.376119912 0.695879459
 336 -1.13691974 0.758437514 0.501673758 1.02670932
 337 -0.921812832 -0.188766882 -0.168625385 -0.458617657
 338 4.36462276E-02 1.33714342 1.19465327 -0.143182054
 339 -1.02965820 -0.410894841 9.16609690E-02 -0.213246733
 340 0.304603100 0.647696197 0.304708004 -0.609882772
 341 -0.980944514 1.15503752 0.764039397 1.45127320
 342 1.04845715 1.38714266 0.574906707 -0.605539858
 343 -1.12581396 -1.03454542 1.02444386 0.657163262
 344 -1.81797278 -7.63802677E-02 1.23482656 1.03913307
 345 0.357521027 0.820288062 0.114482567 1.50679207
 346 -0.705397666 0.760720730 0.977289021 1.04309595
 347 0.333544999 -1.07433224 0.470587134 2.53406644
 348 -1.15092361 0.691810727 1.27389282E-02 1.47481453
 349 -1.05473518 0.118654028 0.764701605 -8.34330916E-03
 350 -1.84408116 -0.956983864 0.825966418 -0.597171545
 351 6.60374612E-02 1.94322884 0.774536073 0.741120160
 352 -1.70488477 -0.144035399 0.365416110 0.392085135
 353 -0.934453845 2.63084583E-02 5.86802363E-02 0.923845053
 354 -1.25717056 -0.681717336 0.766188860 1.35224628
 355 -0.183040410 -0.871312201 7.15138167E-02 1.37036467
 356 0.562766671 -0.148809254 3.51352096E-02 -0.271341145
 357 -0.868327439 -1.22971237 1.26733768 -0.359668911
 358 -6.50080442E-02 0.492826104 0.127599627 1.09153235
 359 -1.97616839 1.08319747 1.41234052 0.266082764
 360 0.609198689 0.636084020 0.772720754 -0.635051310
 361 0.214060992 -7.06167519E-02 0.698144495 0.966966271
 362 -0.489924252 1.25424862 -5.58901131E-02 -6.78965002E-02
 363 -6.58062100E-02 -0.576646686 0.361848563 1.10205388
 364 0.249372467 0.974797845 1.17287077E-02 0.555195332
 365 -1.24434245 0.297544301 0.841443419 -0.293805659
 366 -0.947208643 1.51944768 5.01534492E-02 1.32801890
 367 -0.209587634 1.83492267 0.262722313 -0.241504431
 368 0.375660807 -0.578527808 0.541478753 -0.409704745
 369 -0.283722311 0.658666015 1.28208399 0.702926874
 370 -0.768356740 -0.174509019 0.630544901 -0.211308539
 371 -1.22811830 0.902431965 0.641256511 0.238187551
 372 0.965390205 0.887861252 0.501502931 -0.847276270
 373 -1.55974722 0.404620975 0.548824251 0.848587275
 374 -0.281747371 -0.384102404 1.21450317 -0.584301651
 375 1.37339997 0.998578191 0.508224487 0.810105562
 376 -0.487191528 1.25866711 0.907610953 1.22048140
 377 -1.59615588 6.31020665E-02 0.231173351 2.49686909
 378 -0.857219398 0.769917846 0.192040816 1.27656388
 379 -1.06677127 0.173888206 -5.58247864E-02 -0.149220675
 380 0.162126586 2.09923720 0.310372442 0.703123868
 381 0.653884709 -1.09782183 0.429874480 -0.820026696
 382 1.49401277E-02 1.90622032 0.631162882 1.08307290
 383 -0.229665712 0.112470247 0.993041277 0.964665890
 384 0.203661650 0.310201317 0.515418410 -5.05898744E-02
 385 -0.364366174 0.415192336 0.460519373 -0.151832864
 386 -1.81560063 0.438755065 0.163830936 2.50356746
 387 -0.353859663 0.747487128 0.268287569 0.896888196
 388 0.651513696 -1.37150598 -0.119287878 -0.128067911
 389 -1.90658784 0.746296167 0.481744409 1.26000798
 390 -0.177122816 1.23964298 -0.335366398 -0.554082870
 391 -0.103708267 2.23484206 0.563971817 -0.383369118
 392 0.179469556 1.52089763 4.27015871E-02 1.31616235
 393 -0.690238357 0.933822334 0.645887315 2.45579433
 394 -1.46703273E-02 -1.29378664 0.615511596 1.45983040
 395 -1.14884722 -0.491962790 -0.414421320 0.589381099
 396 -0.845081687 0.457559884 0.801177859 -0.630536020
 397 -0.779100776 0.598309875 0.222570971 -0.264652580
 398 -0.793130040 8.50080997E-02 0.734095693 -6.20250702E-02
 399 -0.664428174 1.07615185 0.130617157 1.36160994
 400 -0.396073759 -0.410636008 0.560097396 -7.83840865E-02
 401 -1.17980611 0.520166278 1.12348318 0.437552810
 402 0.442028195 -0.424200445 0.380405605 -0.562316895
 403 -0.559983253 0.548645735 0.778381467 -0.387241542
 404 0.981859207 1.07465303 0.822168291 -0.992553413
 405 -0.792754829 1.83998406 0.381220937 0.596927524
 406 -0.980543852 -0.457770407 0.288373411 -0.399943113
 407 0.813775659 0.488759786 0.416712403 0.546901345
 408 5.83416224E-02 1.73403680 9.32441205E-02 -0.439391792
 409 0.316967100 0.955053985 0.798365176 1.35319030
 410 -0.504537344 0.124527179 0.495875031 1.52331781
 411 -1.33342528 0.781969786 0.332240731 1.35805690
 412 -0.410008043 0.929291487 0.257250518 -5.62887937E-02
 413 -1.53548026 -0.100659370 0.546036541 -0.354643703
 414 -9.26307440E-02 0.414542228 0.550247192 -0.330253124
 415 3.17525640E-02 1.54586232 0.521910310 2.52787620E-02
 416 -0.108501673 0.567438066 0.337949872 1.08424008
 417 -1.28691542 -0.513069630 0.133875981 -0.530019581
 418 -0.107021153 1.10480559 0.661511242 -0.956385672
 419 -0.296339184 -0.366809547 1.05649483 -0.208886787
 420 -1.11232781 -0.885358691 0.629654169 -0.366693437
 421 7.60168955E-02 0.320915580 0.226071626 1.17142880
 422 -0.874879360 -0.586747885 0.551845014 1.35770297
 423 2.26322508 0.538931131 0.938955247 1.10844374
 424 0.219992280 0.590193152 1.17112899 -0.220620200
 425 -0.340273082 -0.169110641 0.876866698 -0.343722165
 426 -0.801913857 -8.92000198E-02 0.296183795 0.499024332
 427 -1.32638192 0.608805418 0.842925370 2.29290724E-02
 428 -0.258617043 0.238783106 0.203837320 -5.16715348E-02
 429 0.906777978 3.40566486E-02 0.435049266 -0.337888300
 430 -0.983524740 -0.129544199 -0.157279730 1.04611778
 431 1.01436436 1.02339983 0.392495662 1.29854369
 432 -0.619375646 -0.490522027 0.168457568 -0.526870370
 433 0.968684733 -1.10579872 0.253817856 7.06249624E-02
 434 -1.03579295 0.876939774 0.334195852 1.21649981
 435 2.65390426E-02 0.971387565 0.102561019 1.04707885
 436 -0.516247213 1.43698812 -9.24473330E-02 -0.573788345
 437 -0.457792699 1.20678079 0.699701965 -0.269255221
 438 -2.90827528E-02 0.263935387 0.372136414 1.37928545
 439 -0.222341925 2.28695440 0.151044637 -0.338079870
 440 -0.647971869 0.968164563 0.659226239 -0.188174695
 441 -0.678346276 -4.34795357E-02 0.589261770 -0.300762564
 442 -0.314656079 0.183882713 0.163251251 0.975915730
 443 -0.257406533 -0.526053786 0.965813220 1.55122232
 444 -0.584454536 0.260220349 0.448580682 -0.615580797
 445 0.153257206 -0.993429244 0.969427109 -0.228389025
 446 -0.691275656 -0.166533157 2.50110924E-02 1.38826621
 447 -1.65467501 1.15256333 0.317394257 -0.102826841
 448 -7.57092237E-02 -0.803529203 0.232207000 -0.420254767
 449 -0.201949447 -0.281653017 0.607895255 9.65401381E-02
 450 1.14214361 1.45395303 -0.551911235 -0.538091898
 451 0.357440233 -1.20881855 0.450340211 -0.355111480
 452 -0.502614260 -9.44592655E-02 0.118819281 -0.365606457
 453 -0.314551741 -0.687348068 0.378745675 0.986200511
 454 -1.23259835E-02 0.588562012 0.196851790 1.25555694
 455 -0.394508570 -0.495359331 0.703339696 1.26862776
 456 1.30617607 0.211380899 0.823461652 0.710580111
 457 1.78879857 0.243367985 0.513960183 0.569154084
 458 -0.819723427 1.70920503 0.555673897 -0.766168475
 459 -1.04427254 -1.05920100 8.86536017E-02 0.818444192
 460 0.307686985 0.578454256 0.175935000 1.12784910
 461 -6.18287176E-02 8.94338936E-02 0.899809122 -0.391349196
 462 -0.446650803 -0.918070793 0.498046309 1.27803874
 463 -0.695899487 0.578311563 -1.76685750E-02 1.08698678
 464 1.23982072 0.934002817 0.696969986 1.34137559
 465 0.531661212 -0.460947692 0.454371870 -0.174599439
 466 -1.34765625 2.00382322E-02 0.773359060 0.213979274
 467 -1.14831901 1.11194313 0.454066217 0.586107850
 468 0.620748043 0.281045675 1.03848422 -0.227933437
 469 -1.83015317E-02 -0.310883462 0.668611825 -0.578797936
 470 -0.439425051 -0.159953386 0.529528439 -0.651193321
 471 0.168037832 -0.177603230 3.12012695E-02 1.05149746
 472 -0.875334978 0.122527227 0.378342658 1.00895691
 473 -0.694577157 1.69957566 0.397745073 -7.32364804E-02
 474 -0.755530953 -0.756303728 0.819926322 -0.598048508
 475 0.882095098 0.908342183 0.314938724 -9.47666466E-02
 476 0.734984577 1.42676067 0.669424534 -0.142648190
 477 -0.183410078 -0.187869847 0.755989313 5.17819524E-02
 478 -3.61377448E-02 0.267181665 0.222971052 0.119749352
 479 -2.17858624 0.423477054 0.984798253 -0.391773075
 480 1.01591790 1.06755865 0.646218717 -2.98534930E-02
 481 -1.23007119 -0.586818695 5.73158115E-02 2.64459062
 482 -9.93811935E-02 0.268836558 0.692847967 0.137942061
 483 -0.985920489 0.312532961 0.883263350 1.43234551
 484 -0.920149088 1.33569694 0.668403327 -0.248235524
 485 3.66288871E-02 0.799264908 0.552407742 -0.311230332
 486 -1.62149394 -4.76909652E-02 0.371584415 1.04948604
 487 1.01295590 0.886929810 0.355718434 1.17602146
 488 -0.289810419 0.900925457 0.845981479 1.16868448
 489 1.01136076 0.759571493 -9.70611274E-02 0.882730126
 490 -0.102011293 -0.758403778 0.132702157 -0.153263092
 491 0.678331733 -0.184077114 -7.64209330E-02 1.27418339
 492 0.180656880 0.210560471 0.303148478 -0.210013941
 493 0.799035311 0.637009203 0.825361013 2.27880645
 494 0.627270043 1.26540565 0.614989460 -0.137437999
 495 -0.417799771 -6.53820559E-02 0.570051968 -0.380878687
 496 0.904506445 1.26806605 0.632283986 3.01409960E-02
 497 0.881276131 0.409476250 0.164147079 -0.106395386
 498 -0.538802147 0.599026799 0.730870247 -0.288720906
 499 5.78505360E-02 6.99351281E-02 0.800575733 0.815112293
 500 -1.27220213 0.579725981 0.657816648 -0.629269242
 501 -1.07530200 3.40462327E-02 -8.57733712E-02 -0.556773722
 502 -6.83615878E-02 0.435531646 0.602100372 -0.656059325
 503 -0.423717976 -9.98529866E-02 0.754456282 -0.536817014
 504 0.107248291 0.608918846 0.580184519 -7.51699358E-02
 505 1.01794565 1.77771747 0.586769462 1.49502432
 506 -0.118652634 1.07327378 0.608083546 -0.208580658
 507 0.343326002 0.620826185 0.736805260 -0.395703495
 508 0.113262512 1.15297294 0.295615643 2.14337969
 509 1.62454247 -0.749893069 0.686605036 -0.119526409
 510 -0.400561363 1.38200617 -0.338173658 1.33263755
 511 -1.32808900 0.475502253 0.287051648 0.941006660
 512 0.656172395 1.00581670 0.387922615 -0.545430362
 513 0.749929190 -3.94379050E-02 0.141184047 1.01767254
 514 0.167107567 1.54212904 0.129208922 0.739776671
 515 0.977518320 0.292849541 0.475066155 -0.224145442
 516 0.162164330 0.644135833 0.412080765 -0.156620324
 517 0.645501614 0.179123193 -0.167017028 -0.469108522
 518 -0.406315178 -1.04891443 0.429597020 5.13765663E-02
 519 0.772790372 2.15359139 1.11051607 2.31801122E-02
 520 -0.777577758 -9.19802785E-02 0.552493751 1.03658140
 521 3.68075445E-03 -0.884237528 1.14129364 -0.647946358
 522 -0.249973744 -0.369018853 1.11362553 -0.536351204
 523 0.344733834 0.296435177 -0.350927711 0.495035619
 524 -0.925522387 0.578640759 -0.274560601 1.63978684
 525 0.485751688 -0.784905076 0.615558982 -0.733011544
 526 -0.584587276 0.248613462 0.521247029 -0.344868541
 527 0.302175522 0.117732190 0.806217253 -0.281444520
 528 1.08040047 0.594056427 0.649594247 0.132076904
 529 0.256084889 0.264081657 1.88745391E-02 -0.342950284
 530 0.208111599 4.55309004E-02 0.970993876 0.313113540
 531 0.176127538 -0.544913888 0.466510445 -0.153028175
 532 0.385087967 -1.11352515 0.413014889 1.08047354
 533 2.67665982E-02 1.29300272 0.258332402 -0.367824554
 534 -0.725455284 1.22519851 -0.194910944 -0.210129008
 535 -5.39625660E-02 -0.659302890 0.765394926 0.523505807
 536 1.45498455 1.19205225 0.716258883 -5.33102453E-02
 537 0.545519292 -1.28409415E-02 0.105951250 -0.154678509
 538 -8.64075944E-02 -0.396225393 0.566758335 -0.398395240
 539 -0.828912854 -0.291480064 1.32503843 -0.650741935
 540 -0.544302464 1.21241939 -6.49124831E-02 -0.577079713
 541 0.939182401 0.772727489 0.128333092 -0.358859181
 542 0.361072242 -0.129850596 1.00053525 -0.657743335
 543 1.20474827 0.288214266 -0.461907327 -0.634029806
 544 -0.681498706 1.20745361 0.526455820 -0.759750247
 545 -0.914069951 1.36417970E-02 6.51583448E-02 0.800482452
 546 -9.11939740E-02 3.82704511E-02 0.158558339 -5.63463718E-02
 547 0.183146477 1.38111210 -0.921309054 -0.525277972
 548 -1.10836601 1.74568141 0.722656727 -0.185569853
 549 -0.856079102 0.319887400 0.735415518 0.193195865
 550 1.91043091 -1.04409051 0.667470455 -0.378203928
 551 1.57153499 0.130623534 6.31167889E-02 -1.77363604E-02
 552 -1.30869782 -0.305170178 0.626905501 1.06277072
 553 0.160746887 -6.36328459E-02 1.02350402 0.626416683
 554 -0.877614379 6.20779172E-02 -0.124331869 -1.59732848E-02
 555 0.347497970 -1.61076033 0.710095406 -0.420558333
 556 -1.80298305 -0.383092612 0.500010252 -0.221672699
 557 -0.962383389 0.111323290 0.570453823 0.110912219
 558 -0.458278507 1.83364773 -0.155067533 1.04418790
 559 0.364679992 0.900278866 0.997467279 -0.526720583
 560 0.767068803 1.09063995 0.945812702 1.47333753
 561 -0.601174235 0.452906609 0.586155772 1.34349179
 562 0.692685783 1.11726999 0.463606715 -0.374499142
 563 -0.864227414 -1.64245057 0.424201995 0.952761948
 564 -0.638549089 0.450547487 -0.137456775 -0.539369285
 565 -5.21738753E-02 0.118491024 0.764691889 2.57215190
 566 0.915744901 1.09403694 0.244746849 -0.184644520
 567 0.181006968 -0.656372607 -8.45207348E-02 2.07331133
 568 0.697885156 0.715215802 -0.288307697 -0.672407269
 569 0.533032656 -0.401811361 1.05337846 -0.601033986
 570 -0.905568600 1.75406802 -0.229081407 -0.202213109
 571 -1.66813886 0.418262273 0.361115873 -0.116356857
 572 -0.890295565 -0.887787223 -0.698369265 -0.659352005
 573 -1.46082675 0.537023425 1.26489210 -0.380467594
 574 -0.412921190 0.176631510 0.188777491 -0.251366735
 575 -0.909502566 0.805657685 0.593423486 1.29036021
 576 0.567920208 0.532808721 0.202183604 0.308723569
 577 0.308512986 1.70513201 0.459673941 0.163246050
 578 4.25875187E-03 0.551960349 0.651687503 -0.551077783
 579 0.192865863 0.938602448 0.431944937 0.910120189
 580 0.524725080 0.367637575 9.21609551E-02 -8.45546946E-02
 581 1.03839898 0.607741654 -0.178172365 1.28677964
 582 0.254708350 1.55806124 0.216488257 -0.497104734
 583 -0.723156035 -0.693493187 1.34846997 -0.158080041
 584 0.529562116 0.159178868 0.451808155 -0.466136456
 585 0.304449737 0.791861892 0.118649974 -7.51238763E-02
 586 0.461029947 -0.841052413 -0.510356426 -0.580242932
 587 -0.996659696 0.764210939 0.608718157 -0.490681291
 588 -0.502153218 0.707174420 0.259589314 -0.346684158
 589 -6.59009814E-02 1.52257562 -0.596114933 -0.442883313
 590 -0.513040245 -1.09352136 0.503222942 -0.519658267
 591 2.12391949 1.40794837 0.469975740 -0.105567805
 592 -1.59219277 1.63971448 0.479849339 0.844410360
 593 0.190050334 1.02791083 7.67080709E-02 2.24063545E-02
 594 -0.192105308 0.523744583 0.858340025 -0.439851344
 595 -1.04046750 0.233015046 -7.79148936E-02 1.04725826
 596 -1.37230372 0.884225368 -0.221027568 -0.258536160
 597 8.13779235E-03 0.487622827 -0.178005323 -0.214547604
 598 0.115885556 -4.69396114E-02 -0.153487116 0.261127889
 599 1.23074043 0.964404523 0.437991083 -0.397130132
 600 -0.267365366 1.17342389 0.602668762 -0.509007573
 601 -1.55892980 1.57527840 0.392806888 -0.196019843
 602 -1.02685466E-02 0.504720926 0.664204478 -1.04033995
 603 -0.789696634 0.808215737 0.537827671 -0.313719183
 604 0.610118568 0.483322024 -0.434862316 -0.222119287
 605 0.602531254 0.656596780 -0.142502844 -0.423630744
 606 0.126284719 -0.577390909 0.356244862 -0.469334245
 607 -0.501541018 0.912577689 -0.454810143 1.15575266
 608 -0.954475284 -0.247855037 4.50618155E-02 -0.352881014
 609 -0.927096844 0.734248936 -8.86620730E-02 -0.586347878
 610 1.22202814 -0.365082979 0.802560151 -0.573443890
 611 0.901147485 1.93776977 -3.56025156E-03 -0.105532259
 612 8.04891288E-02 1.48633385 0.163560063 1.18000591
 613 0.914848149 0.686455607 -0.161106154 1.34438777
 614 0.157838166 0.662792146 0.519838929 -1.04421401
 615 -0.764349222 0.992405057 0.841918588 -0.549755275
 616 -0.391626894 -8.08306113E-02 -0.197580233 1.33517611
 617 -2.25037336E-04 -0.116548479 0.222156510 -8.85310471E-02
 618 0.843164325 0.582483649 0.249245673 -0.111222349
 619 -1.46469259 -1.12219799 0.518414319 2.44086075
 620 -0.367234677 -0.510217071 0.775504589 1.12096584
 621 -0.901253700 0.959278107 0.478294015 -0.582278430
 622 -0.731521428 1.81016624 0.864454865 -0.579563081
 623 0.662602603 0.899777293 0.128902793 1.18664742
 624 -1.47322774 -0.518297315 0.443502128 0.681931973
 625 0.716136634 1.28700936 4.43828106E-03 4.37964052E-02
 626 -1.31010365 0.264474064 -0.295328826 1.21513283
 627 -0.590077281 1.48060393 0.440931082 -5.17971516E-02
 628 0.581686258 0.474905193 0.234404728 -0.348967612
 629 -1.38488710 -0.696704626 1.25224137 -0.281020105
 630 -8.35012943E-02 4.80353832E-03 0.472058743 -0.214368433
 631 0.143777326 0.552978814 0.605258465 1.42867947
 632 -1.36878335 -0.223243222 0.402739644 -0.399649203
 633 0.979903460 0.678359270 0.394744754 1.14501560
 634 6.07530028E-02 0.720683694 0.292395473 1.06497133
 635 0.740799189 0.402699530 -0.369624197 -0.319744647
 636 0.397797167 0.832412601 1.17743111 -0.334740758
 637 -1.11742306 -0.119090192 0.565957963 0.937069774
 638 1.59087908 1.09333801 0.179024324 1.33556139
 639 0.123070598 7.22467899E-02 0.565587699 -0.385327578
 640 -1.02062321 3.36964056E-03 0.343085408 0.629187226
 641 0.728794932 0.126623824 0.779167354 -0.453120619
 642 -0.396290332 -4.66925912E-02 1.29997802 1.12279665
 643 -9.14140642E-02 1.54211628 3.76477987E-02 2.19272733
 644 0.290307283 0.225414336 0.317916065 -0.238923177
 645 0.268406302 0.781181216 0.819193006 -0.337735534
 646 -0.880038977 1.02684879 0.894113183 -0.630237222
 647 -4.61247414E-02 0.458648443 1.23563981 -0.766394138
 648 -0.562880158 0.448391229 0.348127514 -6.35977089E-03
 649 -1.36972785 -0.397263348 0.109391592 -0.214105844
 650 -1.57151926 0.515208483 0.387863994 -0.475761622
 651 -1.10718572 0.571853161 0.336068064 1.15955997
 652 0.412361741 0.240653500 0.899158478 0.541854024
 653 -0.125243649 -0.190685913 0.115135416 -0.351738930
 654 0.392109752 0.960355282 0.269156009 -0.205706969
 655 -1.92310894 0.211566031 0.611903250 1.57358861
 656 1.05998635 0.817290783 -6.25237823E-04 -0.595904708
 657 -0.260384381 0.927186370 0.662743211 -0.264455706
 658 0.190516382 -0.188307524 0.601421118 1.19162130
 659 0.225769222 1.37092471 0.432451844 1.15229225
 660 0.903672874 1.58168173 0.593464255 -0.525702953
 661 -1.18205273 0.816205144 0.408939421 0.170750082
 662 0.736044288 0.728511810 0.285318941 -0.241392970
 663 -0.540817857 1.97418857 0.271148711 -0.277434587
 664 -2.11037087 -0.960951388 0.415111214 -0.992071033
 665 0.946556211 0.807594597 7.56337941E-02 -0.173255906
 666 0.211620778 1.06190908 0.476150990 1.32095039
 667 0.772363901 1.11202526 -0.227056682 -1.03743684
 668 -1.09667420 0.325651884 -0.169434726 -0.301913738
 669 0.235587671 1.37140119 0.645116091 1.21923566
 670 0.399648130 1.19572425 -8.43069404E-02 -0.260614485
 671 -2.14239168 0.432782531 0.627617121 1.21216774
 672 -0.679631054 1.83206069 0.250427097 2.76858759
 673 0.434119344 0.801735163 -0.370675445 1.47850454
 674 0.823573589 0.405872315 0.103418484 1.01041865
 675 -2.46973336E-02 0.116997562 -5.02269305E-02 -0.216216981
 676 -0.163976192 1.00228119 -5.03338054E-02 -0.176321119
 677 -0.394710153 1.14874136 0.911136746 0.990929186
 678 0.995990157 1.90421283 -8.42562243E-02 -7.69151002E-02
 679 0.230207175 -8.98551419E-02 -0.141936406 -0.464826167
 680 0.422846556 0.903045416 0.473949224 0.910429120
 681 0.213362172 -0.339190245 0.137202844 -0.167909354
 682 -0.236411899 1.08224106 0.484042406 0.568146825
 683 -0.681096852 0.408387154 0.299201906 -0.426850796
 684 -0.208939001 -0.416543365 0.862273514 0.743231952
 685 -0.963947892 -1.36588776 0.684978485 0.980428636
 686 1.08730459 0.799097836 0.709931791 8.33893567E-02
 687 2.53877118E-02 0.723980665 1.11496723 0.520800352
 688 -0.415509790 -0.279326051 0.595534086 -0.109188683
 689 -0.281829834 0.590602040 0.608548522 1.45875061
 690 1.33344710 1.25625992 0.152084634 -0.537620008
 691 -0.418686509 1.50783336 0.219194800 0.715114951
 692 0.436124742 1.73912883 0.693921685 0.149966314
 693 -0.919646919 0.321689606 1.22778368 -0.478674531
 694 -0.924028635 0.727537215 0.614727497 1.21195316
 695 -1.73351920 -0.127057046 0.722596824 -0.590652525
 696 -1.39630151 0.694123983 0.322175950 0.774826646
 697 0.122200869 0.282273382 0.660459876 1.12422872
 698 -0.405148625 0.114955425 0.129310474 0.675017357
 699 -7.64299408E-02 0.250862181 7.31657147E-02 -0.285946310
 700 -1.19572058E-02 1.03192759 -7.64526948E-02 1.13292289
 701 0.206433281 1.13474870 -6.01520538E-02 -0.387396038
 702 0.278133184 1.09396720 7.96956420E-02 -0.325978905
 703 0.150728330 1.39325356 9.56236944E-02 -0.512211084
 704 -0.952720165 1.00116551 0.416350067 3.17878556
 705 1.24780309 0.789417803 0.282469332 0.317507029
 706 0.564838827 -0.128892779 0.193573758 -0.495012552
 707 -1.14169383 -0.133055970 0.293455601 1.47190988
 708 -1.68164921 -0.194036737 0.357044280 1.31112528
 709 -0.477734506 -0.700771928 0.690123796 1.38188899
 710 -0.432130754 0.323699355 1.03377092 -0.473531306
 711 1.40400171 -0.987216115 0.249884665 1.26852465
 712 0.294063300 0.980665207 0.544698894 -0.499627113
 713 1.10274899 -0.581288636 0.457798928 -0.544467211
 714 0.567761123 -0.732908189 0.828242183 -0.189833641
 715 0.976218462 0.344413519 0.403908700 -0.873301625
 716 -0.332409531 1.36918247 0.255246550 -0.425043106
 717 -0.445215583 0.454116970 0.634597659 -0.474084377
 718 -0.620297611 1.14870083 0.826961815 0.129007712
 719 -3.82318646E-02 0.291764259 0.620545864 -0.552748203
 720 9.96154845E-02 0.379861712 -9.21652839E-02 -0.640100062
 721 -1.53834486 -0.464861810 1.27258384 0.974300563
 722 0.290823817 1.24142039 0.242016912 1.04013216
 723 -6.44845068E-02 0.129886329 0.405938625 0.755582511
 724 0.358235657 1.30442142 -0.150631890 1.03640664
 725 -0.781713843 1.45348072 0.840576828 -0.290260047
 726 1.13952577 1.17144835 0.335896641 -0.591730833
 727 -1.62085438 1.27180779 1.12041247 1.29370022
 728 -0.134210020 0.421567261 -0.107358642 -0.234660864
 729 0.401676714 0.428199440 -0.467428774 -0.717274666
 730 0.992672861 0.109646522 0.287477940 -9.35104340E-02
 731 0.136528194 0.880281210 -0.150213495 -1.55240893E-02
 732 0.515759110 0.334454238 -0.289381742 1.16094434
 733 -1.05560458 1.34397137 0.552661717 -0.130245715
 734 -0.233818173 -2.36589462E-02 0.138549104 -0.690581620
 735 0.200457752 -0.723009646 -0.437806755 -0.453770071
 736 0.196258783 0.315764010 0.745033801 0.254271507
 737 -0.130203530 0.597099185 0.418475479 -0.861730516
 738 1.18729389 1.28254259 0.458972812 1.38454723
 739 0.519095123 -0.664824963 0.751401544 -0.872232020
 740 -0.671614647 0.622095108 0.700670362 -0.153319255
 741 -0.280038506 -0.337901533 0.547033191 -4.78627980E-02
 742 -0.909002602 -0.840059459 0.294481575 -0.477628887
 743 0.844402909 1.77686739 0.247522458 2.69619060
 744 -1.54780698 0.852311492 0.204040706 7.29427189E-02
 745 -0.136003077 0.507365465 0.676711261 -0.582510054
 746 -1.06775069 -0.128233969 0.152847022 1.24450564
 747 0.766245842 1.08148110 0.103598803 0.959327579
 748 -1.32178009 -1.69844687 -0.692949653 -0.128613800
 749 -1.00230515 -0.917302907 1.05044270 -0.460125983
 750 0.622438073 0.965291858 0.158231765 0.777038157
 751 -0.898025513 0.964274108 0.386531234 -0.440952003
 752 -0.775047302 1.13993120 -4.69750911E-03 3.51248980E-02
 753 -0.124287196 1.25577283 -1.59926265E-02 -0.654209197
 754 -0.143243834 1.13589954 -0.399422586 -0.347466618
 755 0.345408976 1.49710023 -0.155210614 -0.525724471
 756 -0.545291483 0.971293449 0.593136132 -3.04709375E-02
 757 1.00580037 1.91381872E-02 -3.80073488E-03 -0.134128794
 758 1.79923308 0.290974319 0.342268348 1.13721466
 759 1.98199010 0.731550336 -0.334062576 1.49881220
 760 0.599809349 0.968202889 0.492226183 8.58976990E-02
 761 -0.620956540 -0.233099252 0.770348191 -1.35489094
 762 -0.458523899 -0.683749676 0.146604583 -0.401445925
 763 -0.470835298 0.190988451 0.266088963 1.23902857
 764 0.456439108 0.357836157 0.315005422 -0.153564319
 765 0.342966974 0.314932644 0.317622453 6.30076677E-02
 766 -1.19177914 -0.259771913 1.13319874 0.870063365
 767 -0.299472392 0.840424538 0.179338530 1.35127878
 768 0.649109244 0.370487452 0.344345212 -0.346165240
 769 5.54615222E-02 1.93948400 0.425313890 1.05678391
 770 -1.58815026 0.315929472 0.956301212 0.922458470
 771 -1.79985285 0.829347253 0.176179573 -3.14656496E-02
 772 -0.499250382 0.299665272 0.656942070 -0.538842559
 773 -3.09727341E-02 0.204082996 -5.89024015E-02 -0.108565681
 774 0.721390486 1.37694836 0.610897064 -0.388400137
 775 -1.21983087 -0.693679988 0.606201053 1.17800999
 776 -1.45122302 -0.534300625 0.567412376 1.51979458
 777 -0.117983818 1.21789610 0.291046649 8.36754292E-02
 778 -0.255364776 0.493925691 3.45661789E-02 1.21077251
 779 0.752041757 1.18549109 0.325082392 -0.713441551
 780 -0.228147849 -0.216310829 0.796792924 -0.146995366
 781 -1.13365138 -0.672670782 1.32625550E-02 -0.225455284
 782 -1.35373127 1.05380774 0.377418339 0.784945250
 783 -0.856449425 0.188702166 1.00178981 1.35612798
 784 1.58350825 0.639195800 0.160599560 3.05980539
 785 0.630096912 0.884805381 -0.132240802 1.27201200
 786 1.35090637 0.919113994 0.152975515 -0.182128921
 787 -0.856476009 0.868254066 0.123904802 -4.11991328E-02
 788 0.863352895 -0.297906905 -4.12559137E-04 -8.64141434E-02
 789 -1.60103738 4.92022634E-02 0.545971096 -0.251858532
 790 0.405460864 1.42168105 -8.56508762E-02 0.846266508
 791 -0.945475876 -9.28782374E-02 0.157820538 3.80290002E-02
 792 -0.281606495 1.15072262 0.625732005 -0.190530539
 793 1.26664484 -0.866321862 0.317182720 -5.05401939E-02
 794 0.430246711 1.80567980 0.246238887 0.914744496
 795 -0.431969404 4.69438434E-02 0.510204375 -0.562247455
 796 -0.442003131 0.785712481 0.761961639 -0.541633070
 797 -3.61176878E-02 2.03693843 0.560329139 -0.380145878
 798 -0.791471839 0.286334872 7.17858374E-02 1.50606346
 799 -0.836832881 3.28895003E-02 0.360613465 -0.388156772
 800 -0.798120618 -0.893211603 1.10830319 1.10262203
 801 -0.536923468 0.229140282 0.106292233 -0.308072925
 802 0.510152102 0.325657785 0.951552153 2.58085632
 803 -1.23827422 0.425708205 0.648625195 -0.479951978
 804 0.975004494 1.55612659 1.08520842 1.21754289
 805 -0.500267804 0.217725754 0.133118540 -0.138420448
 806 0.464336276 -0.582117379 7.65015408E-02 -0.201114967
 807 -0.135862768 0.402139366 0.409328997 -0.491166830
 808 -2.63667107E-02 -0.450321645 0.187254965 9.60275978E-02
 809 -0.384952903 0.520868540 -0.200195670 -0.290505677
 810 -0.738940179 0.858676553 0.292619526 -7.25702494E-02
 811 -1.00750554 0.246688753 -0.447202355 -1.00958300
 812 1.29787481 1.13362622 0.246116608 -0.214835823
 813 -7.50686973E-02 0.137272477 0.346177369 -4.94909286E-02
 814 -0.291391730 -0.165388793 -0.676450372 -0.320298314
 815 -0.245136932 0.761992037 0.232475311 1.37454712
 816 -0.938413739 0.263037920 0.591172397 0.873155057
 817 -0.565542579 -0.560687959 0.711947620 -0.567156494
 818 -0.752462685 0.267086625 1.03283179 -0.697338462
 819 0.774647295 -0.383493215 0.962677956 -0.551125646
 820 0.388377756 -1.04114342 0.310010791 0.906329751
 821 1.30900204 1.50168836 -0.305862039 1.45585322
 822 0.536594391 1.52699757 0.775950491 -0.162964508
 823 0.256384730 1.15817618 0.522104323 1.26845121
 824 -1.42071569 0.189515337 0.503903568 -0.442549706
 825 -3.26066837E-02 1.49966395 0.402808547 -0.172805607
 826 0.144565582 -0.571093261 0.158036545 -0.412338912
 827 -1.05594647 1.02411163 -0.314083129 -0.407927036
 828 -0.772081852 0.551405907 0.185090214 1.35056400
 829 -0.161953822 0.958714306 0.184613541 -8.19596648E-03
 830 -1.52375555 0.302166522 1.17023420 0.908300340
 831 -0.316510856 0.736006677 -0.283870876 -0.593448102
 832 -0.203041866 -0.191431418 -8.55794251E-02 1.09972417
 833 -1.66410828 0.303748906 0.404585898 1.07594895
 834 0.710988522 0.603946805 0.355560154 -5.61910272E-02
 835 -0.449468881 0.668029606 4.26304489E-02 0.904556274
 836 -1.35495555 -0.241774842 -0.188164145 2.97297835
 837 -1.13521481 -2.13311762E-02 0.342615366 -0.222956493
 838 -0.379947513 0.493591785 8.48905742E-02 -0.434069633
 839 -0.434180319 0.225476146 0.849541128 1.18451488
 840 -0.752491176 0.481274694 -0.127252966 -0.133007735
 841 -0.215350583 1.29176021 0.345177412 0.314417243
 842 0.208259270 0.865478754 0.165176541 0.914002717
 843 -0.471702576 -0.928962767 -0.541056693 -0.233459443
 844 -0.491990834 0.378653884 0.489456832 7.95956105E-02
 845 -0.567566752 0.449935198 0.673867285 0.101002142
 846 0.673808277 1.29135036 5.57405353E-02 1.52252865
 847 -0.908072829 1.24412990 1.07548726 1.34491491
 848 -1.72980416 -1.73875880 0.937782705 -4.50328290E-02
 849 -1.37694740 0.241229430 0.551543474 1.21570313
 850 0.716535330 0.579034984 0.504054010 -0.273252845
 851 -1.23289895 0.253471196 0.354483545 -0.617729843
 852 1.40242851 0.500293791 -0.218409553 0.114088967
 853 -0.802354813 -1.16431630 0.496466398 0.758708596
 854 0.586390734 0.958298981 0.223364979 0.986946940
 855 -1.45491874 -0.339382708 1.04019642 1.38154066
 856 -0.927055836 0.805576980 7.46967793E-02 -0.588077784
 857 -0.244709656 0.687406242 -0.192075789 0.575433731
 858 0.431187272 0.651424527 0.233246759 0.912251711
 859 -0.959091485 0.607314587 1.52758503 2.73110199
 860 -0.629132688 -1.71978033 0.510810077 -0.120670594
 861 -0.749269009 1.42017949 0.481600791 1.24442983
 862 0.630577207 1.43497753 0.441288203 -0.369823337
 863 -1.65730023 0.218108639 0.459397197 2.63846970
 864 -1.61540914 0.995357931 0.141970292 -0.769210458
 865 -6.27150834E-02 0.201683775 0.580705404 1.28374243
 866 0.114439696 0.156310692 -0.237885103 1.34371281
 867 -3.13541144E-02 1.79176450 0.926684320 -0.622813463
 868 -1.04086769 5.72362617E-02 -0.605756223 -0.265142739
 869 -0.465543538 1.11110950 0.113816053 1.48406422
 870 0.149678439 0.620710552 0.333723813 6.70304745E-02
 871 0.482144862 -8.05980563E-02 0.494586736 1.42101121
 872 0.356901944 1.26469958 0.183100164 1.08553517
 873 -0.810175300 -0.239465222 0.587959826 1.25054526
 874 -0.463012427 0.943931937 0.190704346 0.103789106
 875 0.477253765 1.52709913 9.34377313E-04 -0.442530096
 876 -0.211473182 0.790946901 0.607055247 1.39254963
 877 -0.950963020 1.64549947 0.650778949 1.15310252
 878 0.691424251 -4.31993157E-02 0.405217946 -0.167519584
 879 0.920477331 0.432514727 0.875213027 1.18268025
 880 0.509425759 0.787338674 0.562942386 -0.793781579
 881 -0.610354483 -1.08081973 -0.228360474 -6.05804473E-02
 882 0.706344843 -0.990051448 0.116836466 1.06750166
 883 -0.780895710 -0.855435610 4.19005640E-02 1.36301374
 884 -0.617611408 -9.17094797E-02 0.337234199 0.669513583
 885 -1.66727006 0.347348571 -0.158793241 -0.475464225
 886 -0.745346785 0.164343849 -0.116711579 -0.676534414
 887 0.168060049 0.423097908 0.545854568 -8.82844776E-02
 888 1.80047941 0.121949419 0.466109484 -0.215273231
 889 -0.238708526 0.606730163 0.916564882 1.32359028
 890 -0.400063097 0.990601540 0.291043073 -0.302599579
 891 -0.825454891 0.461360693 0.363408446 -0.483270347
 892 -0.735480666 2.60390735 0.455398947 -0.310073674
 893 1.65600181E-02 0.708541393 4.02350239E-02 -0.539596200
 894 -0.324660569 1.75395513 1.00295615 -0.471786678
 895 0.588106632 0.598911047 0.457433254 1.24074686
 896 0.598390460 -0.517250180 1.00067675 1.43241704
 897 -1.12137401 -0.526639819 0.479327202 -0.960894823
 898 0.317790627 0.836704016 2.14584284E-02 -0.282341003
 899 -1.76141012 1.12270677 0.377803534 0.879184365
 900 -1.94833696 -0.804459989 -0.238227293 -0.823323727
 901 -2.00539327 0.172447622 0.409049094 0.867095470
 902 -1.07377422 0.447629839 0.226693779 1.23217905
 903 -1.64944255 -0.504361331 0.411358029 1.24128413
 904 0.616517425 1.32596421 -0.150885522 -0.461044312
 905 7.01862872E-02 -0.264053017 0.648300469 0.739710987
 906 0.308729231 0.695951700 0.416922301 0.836061180
 907 1.22818542 1.49127758 0.593298793 1.22022057
 908 -0.609026194 0.950290084 7.42980689E-02 -3.50738913E-02
 909 -0.723972023 0.284053922 0.522210240 -0.278560251
 910 -1.52391326 -0.798905253 0.141512051 -0.468877494
 911 -1.97837186 -0.338745952 0.671271145 -0.570632339
 912 -1.35134971 -1.84593834E-02 0.535668731 -1.32465124
 913 -0.179665416 0.630488038 0.542317033 -0.691863596
 914 8.85815918E-03 0.591538370 1.08667850 1.21876264
 915 -1.28813136 -0.758466840 0.131296068 -1.38125646
 916 -1.05263793 0.990675688 0.141482234 -0.674569011
 917 -0.528340101 -0.528704762 0.180741668 -0.596951962
 918 -1.34229302 0.685245812 0.419923216 1.18120492
 919 -0.296591848 -0.161304817 -0.135804251 -4.69837040E-02
 920 -2.14223638E-02 0.419123292 0.426062882 -0.596048176
 921 -0.444771469 0.640696883 -0.283573121 -0.468803942
 922 -0.569157839 -0.384399801 7.72549286E-02 1.05241966
 923 -0.516903758 -0.153812960 0.313910842 -0.348490417
 924 -0.175883830 -0.396400809 0.381264627 -0.218582377
 925 -1.95468152 0.409284055 0.498379856 -3.43645811E-02
 926 -0.208555609 0.197213367 0.430732101 -0.608848214
 927 -1.35742223 0.562764406 0.518689990 1.50623155
 928 -0.778869748 0.617846072 0.586601675 1.25547862
 929 0.415990561 -0.100866720 0.404748887 -5.12993038E-02
 930 -1.15162373 0.195669949 0.235960037 -0.328568339
 931 -1.61159635 0.893897831 1.20508111 -0.508242428
 932 -0.554294348 0.759878516 0.166335985 -0.960203528
 933 0.204590946 1.74342132 -0.543703258 1.06825697
 934 -0.718063951 -0.415584922 0.628094435 0.184211686
 935 -0.355263412 0.243021518 0.330537677 1.45010448
 936 0.416172355 0.683152974 1.11114943 -0.545301676
 937 -0.276958406 0.340198398 0.731729507 -0.632963419
 938 -1.43667388 0.701877415 2.01877877E-02 9.98660773E-02
 939 0.306548119 -1.47072601 -0.362194717 0.114209190
 940 -0.327181369 0.376023680 1.01624727 -5.65180182E-03
 941 1.07606065 0.644068539 0.332402408 1.01384962
 942 1.13681328 0.751198173 0.404963255 1.34446943
 943 -0.789263964 0.714887738 -4.43851501E-02 -7.29506016E-02
 944 -0.833253920 -0.505180299 0.703316867 1.77480888
 945 9.70616192E-02 -0.285548180 0.505198777 -0.350437343
 946 0.261649489 0.109376542 1.11405122 1.15425992
 947 -1.14465165 -0.429598182 0.300602913 0.845554292
 948 -0.431318223 -0.195304096 0.392079115 1.24903417
 949 -0.691723645 0.367613316 -7.88981616E-02 1.14553428
 950 -0.131745026 1.47862804 0.400793612 -0.210180253
 951 -2.40913415 0.852809072 -5.47309481E-02 -0.225369334
 952 -2.47278619 -0.849355161 0.148964256 1.32002497
 953 -0.389506638 1.20137691 0.241144627 0.902737021
 954 0.146668851 -0.944959223 0.116880126 -0.690842211
 955 -0.463411510 -0.148597330 1.23338103 3.80913764E-02
 956 0.310114771 0.832799554 3.53748538E-03 -0.667850375
 957 -2.08860326 0.184947878 0.607114613 -0.103335381
 958 0.936563253 0.882004738 -0.567068994 -0.144450814
 959 -0.656912327 1.92642188 -0.431642801 -0.836210728
 960 -1.26311541 1.02713251 0.391947269 -1.05377221
 961 -0.680953622 5.58146723E-02 0.307421714 -9.34495330E-02
 962 0.919648886 0.530263007 -0.544762194 0.804684460
 963 0.157385603 1.16464722 -4.58881259E-05 -0.695596218
 964 -1.95594513 -0.438066721 0.651092291 1.04276586
 965 -0.206640035 -0.331357181 0.536234319 5.15718609E-02
 966 0.708817601 0.862475753 -0.151375994 1.06949061E-02
 967 -1.43097281 0.545480967 0.320246637 -0.546247542
 968 2.70857811E-02 1.41645896 0.579979181 1.31636119
 969 -1.06730855 0.359858364 0.364056349 0.740861416
 970 -1.02242351 0.457444400 0.451105297 -0.371625483
 971 -1.23300874 -0.148185134 -9.09711644E-02 2.69261217
 972 0.588199198 1.07127941 0.306266248 -0.411898226
 973 -0.854809403 -0.413427144 -8.85080993E-02 -0.233372286
 974 0.210688516 0.572738409 0.278993577 -0.485718071
 975 -0.389817685 -0.739857018 0.199942559 -0.806740403
 976 -1.14271492E-02 0.627394736 0.523235619 1.49109483
 977 -0.138231814 0.370854080 0.864331782 1.00203121
 978 -0.750353813 0.351721406 0.356095582 -0.767424166
 979 -0.817947447 0.407333136 1.25893116 0.996248007
 980 -0.506866813 0.111352116 0.927898347 1.46927476
 981 -6.06323779E-02 0.598302543 0.718559265 1.28284609
 982 -0.745274961 1.27311385 1.00763786 0.946601331
 983 -0.742046714 1.03299725 0.465934157 0.842372298
 984 1.37660429E-02 0.850488067 0.387332857 9.35374945E-02
 985 0.281493962 1.29877281 -0.361432135 -0.156886518
 986 -2.30578589 -0.404816329 0.331953883 0.716589272
 987 -4.76804078E-02 0.241742581 0.273974448 1.23452044
 988 -0.217348367 1.61674035 1.07131970 2.29899597
 989 1.48898625 1.25848460 0.423591942 -0.275454611
 990 0.169720784 -0.340399861 0.459827602 -0.279867530
 991 0.235927850 -0.173859090 -0.216847926 1.06249619
 992 0.759864509 1.23203266 0.192586869 -0.353325993
 993 -0.987111747 -0.435261726 0.102340505 -1.09073985
 994 -1.38223493 -0.263821065 0.562816858 1.54041660
 995 0.313989818 0.993228436 0.609780133 1.07427418
 996 -0.222104669 0.528221667 -0.303629488 7.53117353E-02
 997 -0.685905457 1.32389462 1.41084993 -0.452401042
 998 -1.77645564 0.218544126 0.277292222 1.41875243
 999 0.349326104 -1.10878050E-02 0.211181998 0.511012614
 1000 -1.88050792E-02 0.170061514 0.317335278 1.72963917
 1001 -1.05615401 -1.13022149 1.14468241 1.07265496
 1002 -1.20689642 1.42911243 0.244924963 1.30842471
 1003 -9.19709280E-02 -0.368541837 0.690488160 1.19528604
 1004 0.215577230 0.847774565 0.953700900 0.653927982
 1005 -0.745863914 -0.967986166 0.247143269 1.04740226
 1006 -0.113018766 0.231507063 -0.314341009 -0.816606283
 1007 -1.71602190 0.150498971 0.407496452 -0.601442456
 1008 -0.694275379 -0.763820171 0.258874416 -0.531130373
 1009 8.00745413E-02 0.442457855 5.90256974E-02 -0.283893019
 1010 -1.11487663 0.288549364 0.169955432 -4.41663414E-02
 1011 -0.842554331 0.571537375 0.766722858 -0.707541585
 1012 -0.796233058 1.06621003 0.521037579 -0.922013342
 1013 -0.158951163 1.20741520E-02 0.260001928 -0.781294107
 1014 2.29885602 1.54458654 1.00830829 -0.364706457
 1015 -0.190295666 1.06351376 0.814321518 2.18469381
 1016 -0.432174623 1.04520953 0.390955746 0.826526999
 1017 -0.509144068 -0.575271010 1.33082652 -0.156423286
 1018 -0.973401904 -0.388995111 0.352600694 -0.463743985
 1019 -1.50404024 0.245626777 0.111261159 0.953147650
 1020 0.625872254 1.31136644 6.92269951E-02 -0.335143387
 1021 0.262101293 1.79909539 0.246437550 1.11578882
 1022 -1.13828778 1.03428912 0.537241757 0.805028021
 1023 -0.798142791 0.983518898 0.708523095 -0.297514677
 1024 -0.943103433 1.39657021 0.673870862 -0.509492815
 1025 -0.605906129 0.135706156 0.131155893 1.18026435
 1026 -2.36484957 0.657041728 0.122543223 -0.691197276
 1027 -1.02352226 -0.608955503 9.83264446E-02 -0.283365607
 1028 -2.07963288E-02 2.35105902E-02 0.751687765 -0.893841386
 1029 -4.04082984E-02 0.101688713 -0.174581647 1.05637908E-02
 1030 -0.845628142 1.76247835 0.442658722 0.554625154
 1031 -0.411153734 0.193927795 1.16875267 0.182609007
 1032 -0.841967583 0.882061660 0.364520729 1.23522830
 1033 -0.216678172 7.17741847E-02 0.446658134 -0.410464287
 1034 -0.987303197 -0.823371112 -2.79969692 -0.984023869
 1035 -0.400718480 -0.224484771 -3.18208623 1.71403813
 1036 -1.02408910 -0.485422879 -2.56537890 -0.621203482
 1037 1.98625243 0.311537683 -2.57596993 -0.641984582
 1038 -0.859950542 -0.722262859 -3.29909301 0.716428041
 1039 1.34409392 -1.06825423 -3.07924700 -0.952998877
 1040 -0.620137453 -0.831540763 -3.85731220 -2.04828501
 1041 1.39060664 -1.10773945 -2.52731872 -1.25429428
 1042 0.470263541 -1.46709287 -2.75434947 1.39863920
 1043 6.12419397E-02 -6.70996308E-02 -3.10420823 0.987673640
 1044 0.455205619 0.122204371 -3.32254672 1.03551650
 1045 0.752096176 -0.670571387 -2.19797707 -0.799195766
 1046 -1.24479830 -0.416415244 -2.92999816 -2.57215500
 1047 -0.338389039 -0.436694860 -2.76692414 -0.669214606
 1048 -1.65706015 0.295127124 -3.02424645 -0.953106463
 1049 0.862239301 -0.398796707 -3.54058528 0.842173934
 1050 0.273896247 -0.963736415 -3.76055431 0.989913702
 1051 0.121470496 -0.288749337 -3.15716982 1.39208078
 1052 0.208454013 -0.745171547 -2.41302848 -2.31377721
 1053 2.09444904 -0.894201815 -2.75474119 1.17166162
 1054 0.135937482 4.76436689E-02 -3.36998725 0.572274685
 1055 -2.13447666 -0.490444720 -3.24918151 -0.814674735
 1056 -0.657582104 -0.105105162 -3.18305612 -2.91523528
 1057 1.29683757 -1.19841135 -2.29173541 -0.882020950
 1058 -0.892936826 7.07052946E-02 -2.56697297 1.38900518
 1059 0.173824757 -0.249704167 -2.81734204 1.32450497
 1060 -0.571814597 -0.757868767 -2.29866266 1.35345268
 1061 -2.07150126 -0.971636653 -2.83381581 0.580933094
 1062 0.348070592 -1.04378808 -3.14675450 -2.41214514
 1063 -1.14534700 -0.692319930 -2.91276860 -0.998773873
 1064 -9.46314260E-02 -0.464845240 -3.03028941 -0.403010160
 1065 -1.47410190 1.78246945E-02 -3.32043099 -2.77487159
 1066 1.45579588 -0.485467076 -3.14644289 0.695141733
 1067 0.517814577 -1.51516855 -2.90279746 0.841117442
 1068 -0.427825570 -0.874471664 -3.37583208 -2.91132808
 1069 -7.37430975E-02 -7.23198056E-04 -3.41531992 -0.968964100
 1070 -0.622756720 -0.727501988 -3.11704373 -0.654935956
 1071 -0.573073983 0.225605071 -2.12454367 -0.870476604
 1072 -0.454062134 -1.34992599 -3.26685500 -0.453327537
 1073 -0.387059599 0.174265757 -3.36797071 0.907235265
 1074 1.30488980 -5.47550879E-02 -3.43084383 -1.30331755
 1075 -0.285824537 -1.04317927 -2.94954896 0.837413549
 1076 0.965020418 -0.560065627 -3.44009161 0.917034388
 1077 -0.323937953 3.18620540E-02 -2.49862480 -0.986619890
 1078 -0.434675455 -2.75392389 -3.33322310 -2.47977996
 1079 -1.35308933 -1.96241796 -3.24951220 -0.713777781
 1080 1.17104912 -0.275323391 -2.05212760 0.701747119
 1081 -0.167028353 -0.609694004 -2.61510777 -2.70030069
 1082 1.17097533 -0.317007601 -2.21566772 -0.383565366
 1083 -0.377251983 -0.597426236 -3.54350090 -0.586573124
 1084 1.27065980 -0.417170107 -2.95155072 0.483063191
 1085 -0.329099447 -0.705374062 -2.28805351 -2.23351121
 1086 -0.938506722 -0.778997600 -2.41844177 -2.67468333
 1087 0.943117976 -1.07148504 -2.84025216 -0.589250565
 1088 0.411767215 0.107376859 -3.45676947 -2.75551772
 1089 1.20685613 -0.101569563 -2.22108936 1.46259940
 1090 -1.05325150 -0.923397243 -2.45796347 -2.31817842
 1091 -0.591335297 2.93088555E-02 -2.65059018 -0.549989223
 1092 -0.241830483 -1.32778347 -2.52133918 -0.490899771
 1093 0.501147389 -0.141324595 -2.81631398 -2.87335873
 1094 -0.898588002 -2.23181438 -2.80696940 -0.710350275
 1095 3.29491273E-02 -2.37683207E-02 -2.12365627 -2.47820282
 1096 -1.11523688 -0.854158819 -2.92522120 -2.40612960
 1097 1.02418160 -0.551846743 -2.62435794 1.28280139
 1098 0.105219953 -1.01217592 -2.77470398 -2.82884622
 1099 -0.606640160 -0.586318493 -2.55246902 -1.67960048
 1100 -0.152967468 -1.38847971 -1.92474842 -2.13570499
 1101 0.314115375 -1.08379316 -2.72025204 -0.512083828
 1102 0.321043670 -0.701285601 -2.56933379 -0.463937253
 1103 -0.129995793 0.273224860 -2.45836973 0.818034828
 1104 0.114790082 -0.468154788 -2.13681650 -2.04111671
 1105 0.939837933 -1.50542641 -1.23740411 -0.347008616
 1106 1.47315383 -1.05877483 -1.96322644 0.758284330
 1107 -1.98569560 -1.41870451 -2.68777132 -3.04803824
 1108 6.62005618E-02 -0.539671779 -2.02810311 -2.49684405
 1109 0.881009221 -0.581881583 -2.17974114 -0.572577119
 1110 -0.182741910 8.65546912E-02 -1.52066803 -0.979383171
 1111 -0.892316580 -1.30490589 -2.05693340 -1.32951486
 1112 -1.23076069 -0.512851179 -2.10167813 1.61252844
 1113 -0.263674229 -0.750397801 -2.68765163 -2.27579403
 1114 1.00624931 -0.654686630 -2.38832450 -7.29953349E-02
 1115 1.42501187 -0.230678827 -2.48828864 0.580547333
 1116 1.36063123 -1.45353055 -2.41915250 -0.460640222
 1117 -0.745679021 -1.06708002 -2.25756168 -2.31955004
 1118 -1.33038998 -0.555852115 -3.10537505 -2.42955709
 1119 0.260257781 -0.420973301 -2.48965836 -2.53618455
 1120 0.212612376 -1.06062031 -2.17278719 1.11285615
 1121 1.64301503 0.125977576 -2.33373880 1.00965858
 1122 -0.582502365 -5.95793426E-02 -1.89567065 -2.30551553
 1123 -0.718036413 -0.731477320 -3.21889901 -2.23447990
 1124 -0.543653011 -0.403443754 -3.44149995 -0.280766457
 1125 -0.334787965 -0.178725928 -3.34098291 1.40768957
 1126 0.348348677 -1.38434172 -2.25658154 -2.20008492
 1127 -0.674241960 -0.963127017 -1.80564761 -1.87710071
 1128 -3.46121453E-02 -1.25165844 -2.83619118 -0.419797808
 1129 -1.40800214 0.894250154 -2.59467530 0.696268439
 1130 -1.55502248 -0.577790201 -3.63496113 -0.714152873
 1131 -0.660319924 -0.945326507 -2.45391965 0.905173779
 1132 1.38853729 -0.964818656 -2.58340859 1.26286316
 1133 -0.728801489 3.53057198E-02 -2.98587275 1.31445587
 1134 8.07498693E-02 -0.307264447 -2.77872825 0.842605948
 1135 0.874181807 -1.55972302 -2.13122964 0.994878292
 1136 -0.413931936 -0.608213305 -2.23954678 -2.46496964
 1137 -7.07422495E-02 -3.21718529E-02 -2.00592947 -2.58130026
 1138 -1.34078991 -0.389043033 -2.97099781 -2.52300262
 1139 1.46380627 -2.01317811 -0.351492107 -0.819664955
 1140 1.22506571 -1.38407218 -0.294824809 -0.891597271
 1141 1.79202116 -2.82871413 -1.00470436 -0.992370427
 1142 0.938458562 -1.87301612 -0.472006500 -1.23586082
 1143 1.99099278 -1.66308177 -0.564609230 -1.18810439
 1144 -0.443778843 -0.739115953 -1.12053061 -0.581432104
 1145 1.42397451 -1.96231163 -0.534384131 -1.14147902
 1146 1.36829114 -1.49316049 -1.31698596 -0.927455246
 1147 1.19645441 -1.47908938 -1.68444291E-02 -1.09988129
 1148 2.29987311 -1.64775181 -0.374494284 -1.68886781
 1149 -0.363756567 -3.06641889 -1.50497139 -1.71746159
 1150 1.85421336 -0.660505891 -1.22330391 -1.30321372
 1151 1.50156498 -2.72396564 -1.50625098 -1.25368965
 1152 1.18099141 -1.80052722 -1.59248900 -0.874294043
 1153 3.92797852 -3.24038959 -0.945158482 -1.84522676
 1154 1.06938159 -2.21583319 -1.38669133 -0.905746698
 1155 0.549057901 -1.14990067 -1.12678695 -1.22791052
 1156 2.11486721 -1.48542643 -0.802700758 -1.19889319
 1157 0.961127341 -2.49393368 -1.80683064 -1.58984971
 1158 0.609345734 -1.72094476 -1.36630034 -1.79336333
 1159 1.37577677 -0.812808037 -0.645407736 -1.39281023
 1160 8.48084390E-02 -1.85180032 -1.09966218 -1.73407531
 1161 1.92777085 -2.35842705 8.84294659E-02 -1.29521155
 1162 3.52658510 -1.93113070E-02 -0.214708582 -1.51324081
 1163 0.988954604 -1.01961541 -1.56385243 -1.02577436
 1164 1.00404418 -2.75176907 -0.896707177 -0.613707066
 1165 0.696409345 -2.00962043 -0.327160567 -1.34772336
 1166 0.889394522 -0.980767369 -1.35694063 -1.69183993
 1167 1.82001674 -1.43976474 -0.933664203 -1.03017187
 1168 1.54171836 -0.735082984 -0.944000661 -1.13514233
 1169 1.75911641 -3.15991545 -0.573156059 -0.910599530
 1170 3.15131330 -1.99085319 -1.08471942 -1.11637509
 1171 1.94450617 -1.89446867 0.408633053 -1.71423709
 1172 1.46997809 -1.86684179 -0.350204796 -0.987166405
 1173 1.84685349 -1.10454130 -0.486001551 -1.14559865
 1174 1.67381477 -1.80296028 -0.789231837 -0.903280497
 1175 2.59533191 -1.37658882 -0.635407507 -1.72093546
 1176 1.08002985 -1.98272860 -8.64878297E-03 -1.36323583
 1177 1.81916738 -2.87148380 -1.33453393 -1.09610462
 1178 1.55922723 -1.54092443 -0.663585424 -1.45312226
 1179 0.559094250 -2.09484410 -0.754815936 -1.03302407
 1180 1.95733094 -2.01054978 -1.01569247 -1.44409096
 1181 2.19415474 -3.52102947 -1.32050967 -1.07703781
 1182 3.44005728 -1.72393441 -0.721211970 -0.943701565
 1183 2.10748291 -2.85171199 -1.29309511 -1.52880740
 1184 -0.389699817 -2.27656388 -0.446782619 -1.15667522
 1185 2.99102235 -2.08398438 -0.194058374 -1.50169015
 1186 1.52800071 -2.85500598 -1.56086063 -1.81378484
 1187 2.55089855 -0.852491021 -1.67855299 -1.23666561
 1188 1.31161451 -1.71788931 -5.53940050E-02 -1.32216954
 1189 1.62349701 -3.34932137 -1.32758641 -1.39583921
 1190 2.46467900 -1.75679719 -1.60065985 -1.29937625
 1191 1.58457947 -2.02172041 -1.50706935 -1.38355339
 1192 1.08457255 -1.25255144 -0.832704127 -1.26969504
 1193 2.59130144 -1.59180152 -0.982915938 -1.26119244
 1194 0.770824611 -2.16305876 -1.43276393 -0.856063366
 1195 1.84060681 -0.990374327 -0.882227778 -0.511363745
 1196 0.524423003 -1.30620658 -1.23788202 -0.307660222
 1197 0.878150582 -2.34021187 -0.665295959 -1.17852831
 1198 2.11070895 -1.05208206 -1.58634222 -1.50715613
 1199 1.11287522 -2.08342242 -1.48603201 -1.01455247
 1200 1.22128439 -2.16269302 -1.58028901 -1.86165702
 1201 1.89450598 -1.24880433 4.28491011E-02 -1.20129764
 1202 3.17940474 -0.367198586 -1.04070151 -1.47400510
 1203 0.899133027 -1.96123099 -1.45562124 -1.46861982
 1204 1.31607723 -0.240806863 -1.02023423 -1.25760520
 1205 1.27781832 -1.24447525 -0.878475904 -1.46047521
 1206 3.07056880 -1.47220147 3.95070761E-03 -1.11278760
 1207 2.07273841 -2.31046009 0.123617359 -1.56062961
 1208 0.606094182 -3.19628453 -1.18778241 -1.84547675
 1209 1.93237555 -1.02885950 -1.92127740 -1.82441080
 1210 2.43210912 -2.25457025 -0.659045756 -0.692836106
 1211 0.347468257 -1.93573451 -1.49954462 -1.63939822
 1212 0.709129095 -0.875933170 -0.952034175 -1.40794539
 1213 1.39383459 -0.666593194 -0.967727363 -1.29797351
 1214 2.24183512 -1.15251446 -0.468436867 -1.12002611
 1215 2.58681941 -1.74498129 -0.829617143 -1.16665542
 1216 1.03812540 -1.64705563 -0.603419423 -1.39754546
 1217 1.63954723 -1.12679017 -1.38542521 -1.28786039
 1218 1.81593442 -2.58251953 -0.814125896 -1.62865841
 1219 0.457062066 -1.77993560 -1.32538581 -1.37207627
 1220 0.104002774 -1.12947452 -1.19179308 -1.72990799
 1221 -0.412038803 -3.88995266 -1.50076234 -1.78397882
 1222 0.410489976 -0.435761154 -1.47062683 -1.07980144
 1223 2.70091605 -2.11295366 -0.889676452 -1.17706871
 1224 1.44140244 -1.95665574 -1.35727203 -1.43134522
 1225 0.576898515 -1.68155265 -1.76515377 -1.26838541
 1226 0.284513712 -1.97804332 -1.63308167 -1.81720042
 1227 2.12761021 -1.37879777 -0.176444054 -1.48797679
 1228 2.35397840 -1.35799730 -0.418234646 -1.05809987
 1229 2.84451294 -1.32725644 -0.180340603 -1.85831559
 1230 2.76111269 -2.11451554 -1.08854437 -1.18895400
 1231 0.990107894 0.113420792 -0.567907214 -1.04455221
 1232 1.34165859 -2.47639132 -1.13855898 -0.993682623
 1233 0.892719507 -1.11184514 0.806532621 -1.15464890
 1234 0.349618047 -1.41064930 -0.788105965 -1.02198756
 1235 1.65408158 -0.509724259 0.341762543 -1.16868126
 1236 0.285114318 -0.560405076 0.122469410 -1.36271036
 1237 1.24437010 -2.70770884 -0.302421212 -1.35263133
 1238 2.47532821 -3.14535952 -0.885310233 -1.52477813
 1239 1.04094577 -3.80568361 -1.48287785 -0.839306712
 1240 -0.218514740 -0.820847929 2.51785368E-02 -1.48709130
 1241 1.58309507 -1.59197474 -0.679599285 -1.10611260
 1242 1.51007509 -1.20383716 -0.564376235 -1.27991188
 1243 2.32978868 -1.70454895 -1.11422694 -1.93815947
 1244 0.892993748 -2.29963517 -0.990060508 -1.29081905
 1245 1.14972746 -0.600133002 -1.06767726 -0.906040967
 1246 8.61125588E-02 -1.38913572 -0.813952029 -0.924031496
 1247 1.88161719 -0.495469213 -1.17591214 -1.21758580
 1248 1.87922513 -1.26192677 -1.47330296 -1.30841744
 1249 1.25635839 -1.51392376 -2.14094090 -1.17665839
 1250 1.92290092 -2.24579239 -1.94625771 -1.26617253
 1251 0.351051033 -3.46336269 -1.27756774 -1.51760364
 1252 2.20322657 -1.87742698 -1.37141931 -1.14681065
 1253 2.50029755 -1.95309341 -1.06867075 -1.28921199
 1254 1.28445613 -2.79900122 -1.42605722 -1.61934435
 1255 2.49044013 -1.46103883 -0.759307861 -1.50220132
 1256 1.79016137 -1.02467299 -5.64485677E-02 -1.08599496
 1257 1.02698541 -2.11706495 -0.494120330 -1.50040209
 1258 0.892155886 -1.12690198 -0.697904825 -0.990612566
 1259 1.41190672 -1.03783059 0.196761489 -0.842745900
 1260 0.649420559 -0.739645720 4.55254912E-02 -1.05578077
 1261 0.970215440 -0.953881264 -0.870285988 -1.12620294
 1262 0.280512929 -2.57473874 -0.321250081 -0.854258180
 1263 0.916551948 -0.150002539 -1.67855036 -1.59984004
 1264 3.39231133 -1.79446411 -0.527542591 -1.44747591
 1265 1.15616488 -2.34498644 -0.985304594 -1.28764403
 1266 1.01788902 -2.00891352 -0.155771166 -1.07704937
 1267 2.00552273 -2.72361064 -1.56055689 -1.70583582
 1268 0.966121912 0.142705798 0.206974834 -1.17614436
 1269 1.64095521 -1.43589151 -0.926601410 -0.815960467
 1270 2.08760190 -0.555678129 -0.694376469 -1.21217799
 1271 1.76001048 -0.922923446 2.15893015E-02 -1.07827306
 1272 3.33832431 -2.28541875 -0.330088347 -1.09100378
 1273 2.44677234 -2.29252839 -0.425543934 -1.16014016
 1274 2.81317210 -8.96317065E-02 0.177923501 -1.32954276
 1275 2.13398147 -1.65712523 -1.16514540 -1.21773899
 1276 1.33263481 -2.31536937 -0.443451762 -1.33280325
 1277 2.65441537 -1.59377813 -0.536013484 -1.08547974
 1278 3.32380390 -2.30455899 -0.858952940 -1.33175778
 1279 1.00737011 -0.535854578 -0.785508394 -0.865407944
 1280 1.86480546 -2.93665314 -1.04702783 -0.988277316
 1281 3.59006667 -2.46331286 -0.863096893 -1.04557741
 1282 2.14366984 -1.34102511 -0.391897500 -1.41133976
 1283 1.92182732 -1.04044116 -1.06050515 -1.14734185
 1284 0.179568738 -0.830735981 -0.240110204 -1.25564122
 1285 2.68287110 -1.59194231 -1.53472316 -1.29541969
