 1 0.275036991 0.530786693 -7.14835227E-02 -0.719637752
 2 -1.14563596 0.316559672 0.632118523 -0.780461192
 3 -4.36829403E-02 -1.35487592 -1.24236536 -0.652785659
 4 -1.06537533 0.149071977 -1.27745122E-02 -0.577236652
 5 -0.272925496 2.03344083 -0.111231908 -0.635013998
 6 0.496042013 -0.229395062 -1.36457562 -0.292527467
 7 0.554270446 0.359516591 -0.430023223 -1.04253125
 8 0.904984057 -0.172418073 -0.793115973 0.214551091
 9 0.353609443 -0.456380486 0.708133936 -0.548853159
 10 -0.538173378 -0.502910197 -1.77611899 -1.04914284
 11 -1.44398212 -0.230578378 -1.17228496 -0.979530394
 12 -0.133255318 -0.169767782 -1.25018525 -0.808347762
 13 -0.963924110 -0.258868992 -0.456804305 -0.382048100
 14 0.933256388 -1.29693806 0.673060656 -0.557879686
 15 0.122936234 0.975604534 0.739752889 2.01775730E-02
 16 1.16326356 0.463483274 0.862095952 -0.372557461
 17 0.549658060 0.804584444 -1.50440836 -0.600963831
 18 -0.372198045 -0.163445085 -0.920031071 -0.240943104
 19 1.27105892 -1.57139158 -0.801347375 -0.637458205
 20 0.381887376 -1.96151674 3.10395733E-02 -0.768590271
 21 -1.73370981 -0.672111213 -1.03990638 -0.965091705
 22 0.176670194 -1.13894808 0.807862461 -0.207718953
 23 0.153786018 0.365637094 0.206377566 0.430906355
 24 -0.784791470 -0.877843618 0.476702213 -0.965761304
 25 0.106312975 0.412193269 0.386855364 0.451691270
 26 0.404363722 -1.17803812 0.263729483 -1.06631553
 27 -0.524479568 1.60646820 -1.62113547 4.10022065E-02
 28 0.498052865 -0.131589428 -0.523949325 -0.488215715
 29 -1.46039319 0.277290970 -1.45452213 -1.07939494
 30 -0.146159410 -0.991150141 -9.46491063E-02 -1.06544447
 31 0.480660856 0.277563214 -5.52635789E-02 0.139303356
 32 -1.72380161 -7.84456134E-02 -1.05363524 -0.842844546
 33 0.969655931 1.14622509 -0.259045720 -1.72815472E-03
 34 0.771598101 -0.464238942 1.57817125 -0.447589934
 35 1.66266620 0.684269428 1.91731369 -1.33325684
 36 -1.17826498 0.559787631 -0.298948795 -1.13494825
 37 -1.19037712 0.183958501 0.382453799 -1.08430433
 38 -0.177880377 0.538249314 -0.711928606 -0.587445140
 39 -0.278232276 0.279769540 -1.66344428 0.335499942
 40 0.309840620 -0.418995708 0.297605038 -0.820488274
 41 0.367840946 0.875976443 -3.97362709E-02 -0.336747736
 42 -1.37085843 0.809532046 -0.301338851 -0.918315768
 43 0.753804982 -4.84988093E-04 -0.503829420 -0.337595612
 44 -1.15824807 1.17647672 -0.150619343 -0.403988421
 45 1.25602531 1.05249465 -0.984238684 -1.11566949
 46 -1.66099286 1.34580374 -0.977648079 -1.11256135
 47 0.666817784 0.951739311 -0.196964979 -0.930218101
 48 0.944393218 0.562626302 -0.344735980 7.25037754E-02
 49 -0.203216821 0.406195849 -0.845659614 -0.597685933
 50 0.931800544 -1.10721111 -0.834176898 -0.478279084
 51 1.03188634 0.671373963 -0.966269970 9.50784981E-02
 52 0.491654098 -0.175127506 -8.69906768E-02 -0.953657448
 53 0.128311753 -4.96989191E-02 0.681971788 -1.00739455
 54 0.470110476 -0.466988564 0.251354039 -0.921437562
 55 -0.972125888 0.109049678 -0.337349057 0.136950925
 56 0.182445556 0.123031065 6.21643811E-02 -0.195400178
 57 -1.13164043 6.06044307E-02 0.330309272 -1.25546598
 58 -0.192331105 0.130476236 1.53233862 -0.548758090
 59 -0.524638951 0.657016873 0.891178429 -0.809254408
 60 0.862584591 0.484794140 -1.35798705 0.603423715
 61 0.737047434 -9.23951194E-02 0.418334603 -0.723170102
 62 1.14241934 0.440807879 5.86634874E-02 -0.333050877
 63 -0.240980983 -0.985805333 -1.21109354 0.277055204
 64 1.60651588 1.09655559 0.868723989 1.31464326
 65 0.250676155 0.403109610 4.50755954E-02 -0.224311680
 66 -1.21049750 -0.688830674 2.14886618 -0.658552527
 67 -0.217064232 0.192566603 -0.261288911 -0.235651970
 68 -1.69721532 1.13368344 0.372839600 -0.828386784
 69 0.350768238 1.76991487 -1.50444567 -0.604742765
 70 -1.17976224 1.04644442 -1.11777186E-02 -0.437372446
 71 3.48511338E-02 0.687256396 -0.693047523 -1.25092030
 72 -1.54868889 0.795431256 -0.676027954 -0.264716327
 73 -0.321241170 -0.824436128 -0.619732440 0.141774237
 74 0.262059867 0.276874363 -0.831474364 -9.33127925E-02
 75 -0.100252286 1.22636914 -0.900043607 -0.234205067
 76 -1.19754672 -0.379328251 -0.528918445 -0.898580015
 77 -0.572654486 -0.703594327 0.148056567 -1.03130889
 78 -2.14559507 0.989846945 1.57183027 -0.426916301
 79 1.64403617E-02 0.237544194 -0.137744576 -0.518727601
 80 -1.19992685 0.357030392 -0.628144503 -0.742104769
 81 -0.197435647 -3.79208922E-02 -3.11445892E-02 -1.23865771
 82 1.91564143 -0.276279628 -1.65470099 0.291831732
 83 -0.374034941 0.184196562 0.906702638 -0.474407852
 84 -0.803359985 -0.180460811 -0.773376584 -1.43444324
 85 -0.803753734 1.44654977 -1.18571854 -0.175187260
 86 5.99309243E-02 -1.37499607 -0.778722286 -0.481136948
 87 -1.44789016 6.57635406E-02 -8.22694898E-02 -1.39346230
 88 -1.26538670 1.09294915 -0.606498361 -0.327293992
 89 0.433744311 0.908344984 -0.465516388 -0.129094914
 90 0.357352614 -1.00485480 0.999727368 -0.519591331
 91 0.293272495 0.448397458 0.506715417 0.222579032
 92 0.989047587 0.724612117 2.47966313 0.458533525
 93 1.15632546 -0.110001981 -0.998084724 0.474941462
 94 -0.177498281 -1.03535211 0.640678465 -0.775947630
 95 1.22186172 0.755367756 2.05579066 1.28472495
 96 2.16577339 1.01515675 -0.795173585 0.845656276
 97 -1.46418643 0.290686965 -0.199003607 -0.414236426
 98 -0.950988531 0.108791359 -0.361296415 5.60876504E-02
 99 -1.04569757 0.709368825 -0.484386891 -0.993516445
 100 -0.722957671 -0.907911181 -0.735898733 -0.355800837
 101 1.06383669 0.443625033 0.216312990 -0.782981277
 102 -1.40795696 0.986328542 -2.26160431 -1.32435524
 103 0.429182172 2.14303398 1.11796248 -9.26666707E-02
 104 1.16567826 0.363148928 0.331679136 0.117804058
 105 0.345842540 0.716852963 1.30130970 -0.352685004
 106 0.655561149 1.77743387 0.837335765 0.662696242
 107 1.21856737 -1.08525074 1.40763950 -5.88011295E-02
 108 -0.824250698 -0.815838814 1.98683071 -0.976961136
 109 -0.990739763 -0.563612163 0.463390887 -0.731245697
 110 0.343422234 -0.281067550 1.38879454 -1.45491266
 111 0.495687991 0.638211787 -1.56484079 0.145033717
 112 -0.638615012 -0.669520378 0.179266006 -0.554748118
 113 0.410362482 -1.03292608 1.43122196 2.44108737E-02
 114 0.860102415 -1.22690058 1.70044494 0.756080568
 115 0.927213907 1.11061275 -0.970648110 -0.769787788
 116 1.21055567 1.27603042 0.368095577 1.20961642
 117 0.469021320 1.21289337 -0.174399555 -0.340965807
 118 1.68884937E-02 1.81906366 1.69256020 -0.369073629
 119 -0.792296231 0.256973356 -0.485136628 -1.27455795
 120 -0.633055925 -0.151800707 1.87029803 1.27440095E-02
 121 -0.577431142 -0.333647192 2.58290458 -0.257747650
 122 -0.615921378 0.206312895 0.931504786 -1.80181712E-02
 123 -0.127791926 9.18897614E-02 2.02071404 0.323044062
 124 -0.846042275 0.855531812 -0.523502648 -0.367140830
 125 -0.964700937 0.920749545 1.21350157 0.733542562
 126 0.105311386 -9.12027657E-02 0.377838463 -0.299116582
 127 0.463970363 1.13324690 -0.903322220 0.526423216
 128 -2.01438642 6.22465722E-02 0.557258129 0.346341193
 129 -1.35469687 1.61924529 -0.265293658 -0.979105771
 130 -0.343436122 2.41037980E-02 4.61834259E-02 -0.895632863
 131 0.448870331 -0.156858802 -0.655166924 -0.386634409
 132 1.62014079 2.01173115 1.12995553 -0.322692364
 133 1.72825503 0.327549368 0.873806238 -0.890037715
 134 5.89326620E-02 0.154786035 -0.245728582 -8.56468230E-02
 135 1.40430486 0.435239315 0.466134399 -0.778756559
 136 -0.437116742 0.230593234 -8.23040903E-02 -0.653112113
 137 -1.48514307 1.40490508 -0.412640631 0.269995987
 138 -1.20445931 1.63951671 -1.23905683 -0.439684540
 139 -1.50826061 0.740589261 1.58475935 -0.484558314
 140 1.12952220 0.601534069 -0.200599149 0.967925370
 141 -0.217729419 0.550579906 2.21333528 -0.267636389
 142 -0.846672535 1.76358664 1.66358614 -4.66025174E-02
 143 -1.58431768 0.382167041 0.475088477 -1.27850258
 144 -0.614677787 1.95476246 -1.02827394 0.154523656
 145 2.10039592 0.109471112 -0.807395697 0.449585676
 146 1.54487789 0.708611965 0.856316209 1.16876006
 147 -4.29787934E-02 1.37838781 -0.924327433 0.181482419
 148 -0.320865959 -0.400084287 -1.61801672 -1.42322969
 149 2.81080556 1.61705744 1.62663674 -0.193005383
 150 -0.278325737 1.15249038 -1.45573461 -1.32726359
 151 0.455489844 -0.519378304 0.661150455 -1.05216026
 152 0.717825949 -0.681322515 0.551386058 -0.508832395
 153 0.207393140 0.857429743 -0.356123596 -0.856125057
 154 3.62071022E-02 -0.711669564 0.903654873 0.623493075
 155 -1.22015691 0.934400976 -0.217619687 0.347207040
 156 0.769106328 0.314615071 -0.741469920 1.07493031
 157 1.68201864 -1.25445199 -0.173404068 1.07484472
 158 0.924781621 -1.43996429 -0.578182518 -0.679962039
 159 -0.219961911 0.556841016 0.617705822 -0.405202091
 160 -0.965869248 0.972211123 -0.447696477 0.600863278
 161 -0.612858474 1.53603518 -0.661896229 -0.650897026
 162 0.368448228 -4.74863052E-02 -0.306708574 -0.493925422
 163 -1.69293416 -0.660301268 -0.149300426 -0.226927131
 164 -0.186328188 0.426673561 0.168389559 0.694587111
 165 1.16557193 0.931563616 0.142669767 -0.746588349
 166 -0.659223139 -0.392438442 1.34772277 0.607046783
 167 -0.966156244 5.07573187E-02 0.203739613 -1.53397250
 168 -1.68237555 -0.552153230 1.55956113 -0.313111573
 169 -0.661261320 0.203607231 0.783473611 -1.40633309
 170 0.211505532 0.415955544 0.810032547 0.188513041
 171 0.160142243 -0.140192524 1.28700101 1.06930399
 172 -0.280404449 0.722152710 2.97553205 0.376122713
 173 -0.910654485 0.771469355 -0.146107659 -4.18786108E-02
 174 -1.33792686 3.13435867E-02 -0.289511651 -9.52484310E-02
 175 -1.11918545 -0.166363627 -0.793990374 -0.422984123
 176 -0.488327235 -0.430327147 1.33496153 0.754646778
 177 0.111086562 0.757330060 -0.481185138 -0.320202470
 178 -0.505914867 0.665639758 -0.634652376 -1.18768740
 179 1.09659111 0.154955894 -1.23114872 -0.307520092
 180 -0.159830064 -0.883572817 -0.288751572 0.807225287
 181 -0.643695533 0.229706585 -0.329980671 -0.828892767
 182 0.875039756 2.36271024 -0.109995410 -1.18376565
 183 -0.371327817 -0.603862643 -1.52553630 -0.890915513
 184 -5.72506189E-02 -1.35569155 0.529758036 0.679125071
 185 0.500901759 -0.894660473 1.13120925 1.43176520
 186 1.63844502 1.79621363 0.121793509 -1.30747175
 187 0.773123145 -0.205590054 1.33720064 -1.41159272
 188 0.134152502 2.43269324 0.201807365 -0.675837219
 189 -1.22464561 0.379449934 -1.17674530 -0.121279858
 190 0.791282058 0.556368232 0.841740131 4.77306843E-02
 191 -0.325505435 0.130442768 0.541741431 -0.731651068
 192 1.44339693 1.71883988 8.71804655E-02 -1.05983174
 193 2.17072868 0.536580920 0.824033499 -0.984653771
 194 3.67745161E-02 1.65372038 -0.891352534 -0.574470341
 195 -0.557859302 1.51701069 0.286789060 0.103298225
 196 1.39770555 2.70925164E-02 1.55665123 0.448204875
 197 1.01189315 1.93236685 0.855162084 -0.735764563
 198 9.06107724E-02 1.24915648 0.719471455 -0.890682876
 199 -0.594681978 0.259020090 0.150602490 -1.36260533
 200 0.142438561 0.819393516 -0.765526652 -0.226142749
 201 0.216680110 -0.848836720 -0.937327027 0.323348403
 202 1.32373106 1.08488858 0.137693241 -1.05133462
 203 -0.142327487 -0.169861779 -0.321770549 -1.51254106
 204 -0.257969826 1.23571420 -0.475210220 0.218457684
 205 -0.416005552 0.741935551 -0.390996844 9.89478901E-02
 206 1.25825417 9.76941064E-02 -0.916645586 -0.248545930
 207 1.39011765 -4.81558740E-02 -0.496847957 -0.656791627
 208 -0.477331698 1.63801610E-02 -1.93829823 -0.160809755
 209 -1.38729954 0.904771209 -0.159735829 0.862467408
 210 0.705887437 0.961695313 -1.67598414 -0.488810480
 211 -0.405664086 1.17911041 0.181518868 -3.49780619E-02
 212 -0.639563024 0.467522085 0.804935992 0.522420347
 213 -0.855310738 0.770296454 -0.871549189 0.596099913
 214 7.95545876E-02 0.989513814 0.779564440 -0.788286746
 215 0.569873035 -0.485882670 2.03718543 -0.932754338
 216 0.834740043 2.28711486 -2.60679793 -0.379614979
 217 -0.735865355 1.17820954 4.99611720E-02 1.30089796
 218 1.54718196 5.41057587E-02 1.45404017 0.786953390
 219 -0.199601769 6.82013035E-02 1.17121053 -1.34314370
 220 -1.23560119 1.83041012 -0.981250226 0.578614116
 221 -0.641244888 0.452567071 1.10268354 -0.838588059
 222 -0.256996572 0.507921934 0.860271990 -9.65705514E-03
 223 -1.12442672 1.24049401 1.33405292 -0.329498202
 224 -0.286772430 0.267747074 0.264025986 -4.88149375E-02
 225 0.106624976 -0.493674487 -1.54878628 -0.721162617
 226 1.51582575 1.26291120 -0.541514397 -0.856597483
 227 0.153699294 1.65968919 0.341286123 -0.606142044
 228 -7.02562109E-02 -0.206916273 0.415742636 2.87059844E-02
 229 -9.05607175E-03 0.641905665 0.299283296 -0.175361678
 230 -1.03906476 0.727487326 -0.363593012 -5.30752018E-02
 231 -2.99721193 0.787422299 0.813109577 -0.225408733
 232 -0.785532892 0.897502065 -0.348239481 0.804531753
 233 9.87034589E-02 -0.614951491 -0.778214693 -0.345399588
 234 -0.399597019 0.137893185 1.37906504 -0.525076270
 235 -8.62348080E-02 1.46501267 -0.663911760 -0.931929708
 236 1.03349578 0.942158699 -0.985041559 -0.662953377
 237 1.40242422 0.875664234 5.94391823E-02 -1.29335368
 238 -0.349903286 1.29625607 0.648319721 0.669773698
 239 -1.07203519 -1.26962268 1.99514675 -0.660706580
 240 -0.534952343 -0.333305597 -0.698400319 -0.747384131
 241 0.798023343 1.72921157 0.654009879 -1.19568944
 242 -0.715503097 -0.529970467 1.85042930 1.15753174
 243 0.215748399 1.95219886 0.666572630 -0.100650176
 244 2.01869845 1.43604434 -1.70096672 -0.184389979
 245 -1.95880651 0.646645367 -1.74519169 -0.541782618
 246 -1.20534515 0.452950478 -0.893909931 -1.12688565
 247 -0.380395174 1.25853169 -0.397288382 0.224443704
 248 -0.844291091 0.692217827 -1.20080638 -1.11190939
 249 0.766609311 0.373654932 1.09041071 7.88828880E-02
 250 -0.412881941 6.83903694E-04 -0.847229242 -0.406553477
 251 0.737462461 0.449187636 -0.135815889 0.247209877
 252 -0.787535429 -2.65215561E-02 -0.232573301 6.83758482E-02
 253 0.795578241 -8.32388699E-02 -4.16753292E-02 -0.823048234
 254 -5.27930260E-03 0.890035629 -0.534669936 -0.462853581
 255 -6.61966205E-02 -4.49425876E-02 0.307910770 -0.598055482
 256 -1.07118428 -0.392002881 2.35314679 -0.759243250
 257 -4.15290594E-02 0.464354575 0.204885513 0.534267068
 258 -0.879990101 -0.767509282 -1.90053678 -0.571494222
 259 1.14575028 0.816078722 -0.968713164 -0.637735248
 260 0.167717785 0.174008906 -0.397691488 -0.570479870
 261 -6.52710646E-02 0.673226595 -6.34367615E-02 4.11226116E-02
 262 0.384172976 0.531605840 0.721970320 -0.163094550
 263 -0.176474735 1.28401518 0.247650221 1.42979473E-02
 264 -0.942198336 -0.795756936 0.791887343 -1.55732453
 265 7.16363937E-02 -0.112424731 0.975583792 -0.510135710
 266 -5.18828481E-02 0.246932238 -1.31091332 -1.15179253
 267 0.911241055 0.768038094 0.963838398 -1.41280985
 268 -1.04119074 0.438007057 1.04635310 -0.290581673
 269 -0.317785025 -0.483081430 0.914151311 -1.06631458
 270 -0.327547997 -7.51026422E-02 0.799013495 0.724093795
 271 1.02994215 1.01372886 -0.580158949 -1.01726103
 272 1.36815739 -2.63230279E-02 -0.264184624 -0.763094783
 273 1.11290455 -0.378328860 -0.629672348 -0.282467782
 274 -0.275638998 1.78281796 0.902415216 -0.336048186
 275 -1.34752655 0.250427663 0.876058698 -0.210459813
 276 -0.750231147 0.683633327 -1.13080204 -0.479308248
 277 0.359492451 0.263904452 1.75578415 0.624815047
 278 0.169139981 0.757616818 -0.947065651 0.621313393
 279 -1.09089363 -0.307093382 2.06281114 0.429290265
 280 -1.43790531 0.311959624 1.04806912 -0.184589267
 281 1.01678562 1.84846127 0.694901764 0.323598653
 282 0.385589957 0.628919423 1.38320613 -1.37890804
 283 0.481401175 8.36044699E-02 -1.37671626 -0.546429098
 284 -0.150211275 0.542267323 0.431538284 0.537737429
 285 -4.41427380E-02 0.315418601 2.79895854 -7.31458515E-02
 286 1.23381662 1.07328427 0.199732766 -4.98322546E-02
 287 7.24431202E-02 1.00419378 1.44996011 0.658486307
 288 -0.889044821 -0.160201088 0.976738572 -1.00125527
 289 -1.16833007 8.14571977E-02 1.86776936 0.548616171
 290 0.168474987 0.861920178 -0.182507664 0.259409487
 291 -0.421715587 0.448494017 0.724707007 0.223360658
 292 0.953433752 0.461842716 -0.925479650 -0.947273672
 293 0.806187093 0.639125407 2.88977671 0.260985762
 294 0.342848301 -0.119320780 0.288983852 0.327361107
 295 -2.05440879 0.943997622 0.488923997 -1.18523180
 296 0.393155813 0.358531177 0.977239907 -1.28931689
 297 0.372807980 -0.579852462 -0.811743677 0.404311419
 298 0.908251166 2.36761618 -0.139716968 -0.527654648
 299 1.34226096 1.39703870 -8.44490528E-03 -0.419391632
 300 -1.21242034 -0.355894804 1.39758372 -0.504057527
 301 -0.353530824 0.843799055 0.350952268 -0.988540471
 302 1.44809842 1.78987908 8.84735957E-02 -0.935243428
 303 -0.420188487 4.28313017E-03 0.823058784 -0.388583273
 304 -0.559735775 0.890983999 0.365094543 -1.38682330
 305 -0.309995532 1.67931747 0.856231213 -0.268351257
 306 1.93317533E-02 0.285075068 0.567407250 -0.194691658
 307 1.96567154 0.101703845 -0.493328363 -0.434894055
 308 0.171260238 -1.72060877E-02 0.119867764 8.93633813E-03
 309 -0.764244974 -0.104855880 1.10053194 -0.757683992
 310 7.79024810E-02 0.381748378 0.187461555 -0.637534857
 311 -0.845149398 1.04951417 0.274067342 -2.52978802E-02
 312 0.303624332 0.608078182 0.821164727 -0.268130451
 313 -0.107463919 0.101412773 -0.535481989 -0.333212674
 314 -0.695822418 1.72772145 -1.54731548 -0.641814709
 315 0.192760497 0.520572722 1.12702572 5.33658117E-02
 316 -0.676561058 -1.17554188 2.26605225 -0.948127985
 317 0.703133881 1.06533372 -1.47185707 -1.39057291
 318 0.189075500 0.550233245 1.29053330 -0.355440348
 319 -0.450315535 0.543997765 0.300931334 0.205545440
 320 -1.37597311 -0.138415858 1.08835149 -0.594006360
 321 0.380443364 1.13126493 2.00044680 -0.365747571
 322 -0.196858644 0.783024490 1.14167035 -3.26720625E-02
 323 -1.28850877 0.278421730 0.852608323 -0.435880899
 324 0.902693272 0.742901623 2.20587277 0.715439379
 325 0.921896577 0.687126756 -0.239755154 -0.156412870
 326 0.583812892 -0.533310652 1.24504471 -1.03471410
 327 -0.108378291 -0.707469225 0.521624267 -0.434457988
 328 0.452363461 -5.08121327E-02 1.30519688 -1.16501665
 329 -0.766342640 -0.140540898 0.540599227 9.26716626E-02
 330 -1.40433347 0.422188789 -0.406300366 1.09859228
 331 1.05557597 1.54400575 -0.878901601 -0.852695346
 332 -1.06050062 -0.726080894 -0.528977215 -0.652581692
 333 6.02821112E-02 0.153683007 0.950559795 -0.566938519
 334 0.207871631 8.52681249E-02 1.38877177 0.551347196
 335 -5.26435301E-03 -0.307311237 1.84303522 0.817140639
 336 -1.34369564 0.577022731 0.565888226 1.26934958
 337 0.429925561 0.314314127 3.34357321E-02 -0.157422572
 338 0.536291957 -8.73112157E-02 9.58857611E-02 -0.654124081
 339 0.786445498 0.262557328 -0.777123094 -0.406885266
 340 -0.236824155 0.624324322 -1.32742429 -0.398262382
 341 0.226676047 0.221802145 0.660825491 0.305305958
 342 0.787520707 1.38284266 0.378368914 -0.379166514
 343 0.176956922 -0.204102471 0.172082588 0.649531364
 344 -1.07195663 1.23194993 8.71726274E-02 -0.158211604
 345 1.96910763 -1.45347762 0.851175129 -0.140665680
 346 -0.143111646 1.58163071 0.397640228 2.55267918E-02
 347 -0.919173121 1.05668986 -0.790801048 -0.407711208
 348 -1.49099517 -0.604162514 2.22762704 -0.967124045
 349 2.05458665 0.459257424 -0.303201973 0.201020882
 350 -0.531879127 1.17201388 0.947403550 0.931786776
 351 -0.866808295 0.935884535 1.17823613 -0.684522748
 352 -0.136688173 0.487430125 0.844432116 -7.23973215E-02
 353 -1.07519746 2.99217049E-02 1.70214581 -0.832632005
 354 -0.416512132 1.44525874 0.892656922 6.10568225E-02
 355 0.335281610 -0.609323084 0.182626635 0.163822740
 356 1.27372253 -0.850707114 0.432422042 -0.312153727
 357 2.07796407 0.379574895 8.96826684E-02 -0.352756470
 358 1.03812599 0.638032913 -1.91338885 0.661069214
 359 -0.652444124 2.71089721 1.90497410 0.882463932
 360 -0.651663184 -7.78502747E-02 -0.399057150 -0.468160450
 361 -4.80724573E-02 1.06648457 0.788887322 2.26508975E-02
 362 1.06781638 0.831565380 1.17475176 -0.270962894
 363 -0.568479300 0.733446598 -0.167005837 0.760658026
 364 -0.125307187 0.118323833 -0.658448219 -0.847148597
 365 -1.91946495 1.72258556 0.715329945 3.21723744E-02
 366 -0.575355768 -0.496197522 0.985922039 -0.615929604
 367 0.669791102 1.69204128 -4.50690687E-02 0.373136818
 368 0.246511340 0.925509989 0.852026701 0.165467575
 369 -1.07984650 0.848373950 -5.23659885E-02 -0.915212095
 370 0.831304550 -0.963338673 6.05887100E-02 7.78486058E-02
 371 -0.570170641 1.35375500 0.511389792 0.446410865
 372 -0.453776985 0.254424006 0.135895252 -0.323807061
 373 -0.156864822 1.06023526 2.93166709 -0.658758521
 374 -0.557138026 1.17555475 -0.208090335 -0.634842694
 375 -0.739114940 0.784723341 -0.315211207 -0.332740515
 376 1.33269215 1.61466050 1.40784574 0.743639410
 377 -1.28867519 1.42711043 -0.546066463 -0.367486537
 378 -0.123515353 0.785669684 5.13656326E-02 -0.505912602
 379 1.83160961 -1.26117384 0.229385868 0.109249003
 380 -0.907337546 0.729985952 -0.403397202 -0.851607561
 381 -1.12403882 0.642512381 1.07489753 -0.742032528
 382 -0.286358118 0.844519138 -0.358212501 -0.204752833
 383 -6.61062300E-02 -0.234124273 -0.295022905 -1.33956063
 384 7.64459670E-02 0.283184707 1.35827816 -0.497364789
 385 3.49343829E-02 1.29328561 -1.91065550 -0.693827927
 386 -0.461012483 -0.139448702 -0.710250139 -0.453619033
 387 4.96571660E-02 1.30126762 -1.32417488 -4.32052463E-03
 388 1.30174088 0.215498820 -1.41487634 -0.835325181
 389 -0.322121203 1.68996263 -0.405075014 -0.679219306
 390 -0.218769401 1.02183974 -0.840269983 -0.744670808
 391 0.505640268 1.16866374 0.255189359 -0.169174880
 392 0.559694648 1.13160968 -0.451392055 0.233978719
 393 -2.08816218 2.02971339 -2.52346277 -0.902478397
 394 -2.25273848 0.273472518 0.144208327 -8.66865665E-02
 395 -0.308641136 -0.290818334 -1.37499475 0.837624073
 396 1.98978364 0.775310159 -1.30233049 0.376465589
 397 -1.06768787 1.39149320 -0.731275260 -0.488418996
 398 2.63001299 0.728573799 -2.49624372 0.237347096
 399 -1.58169043 -0.101692125 -2.41889930 -1.11982882
 400 -0.138725251 1.18521714 0.233827561 0.341821730
 401 8.74944329E-02 0.522065163 0.596314788 -0.716421843
 402 -0.425151646 0.834467173 -1.34858525 -0.509466231
 403 -1.28796697 -0.412567586 0.284427017 -0.569488227
 404 -0.376126826 1.09006941 0.216574624 -1.22358489
 405 0.464353412 1.41901660 -0.300017208 -0.660469055
 406 0.955528438 -2.38431543E-02 -0.944476545 0.121340021
 407 -0.377938867 0.343615174 0.348648995 0.103611507
 408 0.106015757 1.67934608 -1.38765788 -3.18905711E-03
 409 0.676181734 -0.113713816 0.396169245 -0.383935571
 410 -0.867293954 1.11803889 0.742214799 -0.311107427
 411 -0.113505393 0.788262725 0.682248712 -0.663351893
 412 -0.465243697 1.09165263 -1.18581760 -1.05668509
 413 0.688677073 1.69900477 0.168921396 0.507236898
 414 -1.01091182 -0.299744725 1.33566022 -0.656536341
 415 2.33070660 -0.681337118 0.470062613 -0.690874100
 416 -0.297569394 -0.316327929 -6.23844415E-02 -0.792245686
 417 -1.24085534 0.647718191 -2.14669609 0.393537462
 418 -1.56262636 0.444283813 -4.18759584E-02 -1.54868078
 419 8.25288519E-03 -1.63276708 -0.406430423 -1.22930205
 420 -1.07102478 0.273612559 0.699133277 -5.17931879E-02
 421 -0.584474802 0.969587326 -1.60668814 -0.963596880
 422 -1.32615006 0.571951807 -6.89146519E-02 -0.564636946
 423 -0.128591895 -0.326145649 0.285512686 -0.175350308
 424 0.643200636 0.990408540 0.906490505 -0.426755875
 425 0.116971523 -0.969180048 0.652456224 0.388365626
 426 -0.830594897 0.788948119 -2.39654732 0.292063266
 427 1.04109776 1.71608996 0.677116930 -0.458837926
 428 -0.464817733 -0.459997207 1.19841743 -0.987035275
 429 1.29889607 0.214889243 0.462064147 -0.443575144
 430 0.457280934 0.286450565 -2.06535196 -0.742446959
 431 0.475133121 0.335526586 -9.47732776E-02 -0.632566929
 432 -0.535713792 1.27107871 -0.586890042 0.440996736
 433 0.548895836 0.102788597 6.83809817E-02 -0.165181339
 434 0.141003817 1.76598275 -0.338990003 -0.396954864
 435 -7.78129399E-02 1.26750994 -0.745843410 -0.482793897
 436 0.292812318 2.06585073 -0.993287981 -0.435306489
 437 0.252381325 1.07286119 -0.546782374 -0.848143280
 438 0.152145192 0.396507323 -0.814138174 0.161775976
 439 0.154567316 1.50820696 -1.00338793 -1.05798149
 440 -0.255250126 0.909384787 0.629707336 -1.07277405
 441 1.37334383 0.532129765 -2.24645400 -0.205873042
 442 0.682826221 0.672401786 -1.03685248 0.536193252
 443 -1.29558194 0.458266377 -0.316905558 0.766250253
 444 1.36320806 -0.136240125 0.418393672 -0.933773637
 445 -0.712047160 0.105482191 -1.09282899 -0.424762100
 446 -1.09904122 -0.414202154 0.574367046 -0.244632080
 447 0.373379827 0.835741103 -0.128925458 -0.664757073
 448 8.63194391E-02 -0.444918394 -0.169207275 -1.01757145
 449 -0.201047778 1.17019272 -0.374035597 -0.130721241
 450 0.315376699 1.78658813E-02 -0.172388405 0.103794940
 451 1.98986053 -0.677591741 2.16014719 6.19968772E-02
 452 -1.24011189E-02 1.48432600 -2.14118242 -0.807935894
 453 -1.49637198 -0.572395504 0.592009962 -0.805486977
 454 -0.100342274 0.279314935 0.449035048 0.439865530
 455 -1.13243616 -1.27800417 0.852786303 -0.624272883
 456 -1.25125182 3.36050577E-02 0.202147812 2.29701474E-02
 457 0.685201287 4.18408588E-02 0.202090368 -0.100659698
 458 -0.805184126 0.802162051 -0.722446442 -0.679917812
 459 -0.128837064 -0.124768935 1.12083364 -5.57191223E-02
 460 -0.787043452 1.70844722 -0.626849771 -0.791058660
 461 -0.942498565 -1.82010829E-02 -0.507929564 -1.25299799
 462 -0.549621820 0.962304831 0.580286503 0.160160199
 463 -2.37846804 1.16238964 -4.01190090 -0.698494315
 464 -0.938068688 -0.396754205 0.638335049 -0.722155333
 465 -0.588049829 0.578367472 0.538876653 0.407865196
 466 -0.437986344 0.589423597 0.600866318 -0.613460064
 467 0.384725392 -3.28131840E-02 1.02580142 -0.425042719
 468 0.416702837 0.313973665 -1.05414689 -0.576113641
 469 1.19626784 0.108726412 0.817365408 0.634301007
 470 0.640908539 1.12153602 0.317995101 -0.358307779
 471 -0.242462531 0.893961370 -1.70353150 -3.46711427E-02
 472 0.303628951 1.88571715 -1.67628825 8.64685550E-02
 473 0.331681073 1.11365652 1.22846031 -0.357324660
 474 1.44484651 -1.03480965E-02 0.740974486 0.215476140
 475 -0.802961230 -8.72757286E-02 1.13254631 -1.07600665
 476 1.30467999 0.336407542 0.691015601 -0.287958056
 477 1.88630474 0.785449684 1.79397833 -0.224130809
 478 -0.655079424 0.788876891 -1.74003947 -0.529205859
 479 0.259831369 -0.524639904 -0.747041404 0.185746104
 480 1.27609360 9.43756104E-03 0.799280643 -1.00921988
 481 -0.663895607 1.67453623 0.352408528 1.70093924E-02
 482 -0.659808159 0.445723653 0.619924188 -1.59476626
 483 -1.26181436 0.819598019 -2.17624259 -0.854879856
 484 0.304781944 0.844211340 0.747462928 -0.797922015
 485 0.291407466 -1.13697350E-03 0.941483736 -0.639771223
 486 -0.883781672 0.696282566 -1.53149426 -6.23252392E-02
 487 -1.18485916 0.929140329 -0.246733248 -1.30837941
 488 -0.936447322 0.948642194 -1.54758406 -0.815122664
 489 -1.65753126 0.840907753 -0.595939755 -0.913664162
 490 -0.138348952 0.657335401 -1.05762911 0.496475965
 491 0.485963851 0.764044523 -0.146782488 -1.10912991
 492 2.99704969E-02 -0.417342544 0.467052013 -0.475817472
 493 0.339751422 1.53380024 0.253707707 -8.02129507E-02
 494 0.969110370 1.13113987 -1.05629873 -0.333725899
 495 0.263128281 1.40823352 -0.118588507 -0.519530058
 496 0.368171006 1.42136884 0.249283522 -0.698999345
 497 0.510308385 0.463852823 0.719189882 0.259441733
 498 -0.399155617 -1.55144408E-02 1.71537030 -0.390785962
 499 -0.468114406 1.01433671 -0.528197408 -0.759668648
 500 -0.957219362 0.612522006 -0.298945755 -0.545663118
 501 -3.49893868E-02 0.237764627 1.15024436 0.643592477
 502 2.05713391 0.956497550 -1.97270894 -8.43447074E-02
 503 0.794899106 1.41581130 -2.60505915 -8.84318650E-02
 504 -0.398327172 0.178316668 1.18643808 -0.832581460
 505 -1.03367877 0.289445221 -0.199624896 -1.13864803
 506 0.837232530 -0.771895409 0.132399023 -1.14689755
 507 0.951464117 0.419585586 -0.142950237 -1.44695199
 508 -1.03506434 1.40160060 -2.95397732E-02 -1.15723431
 509 1.57152605 4.08635437E-02 -1.04143143 0.395836055
 510 -0.725774169 0.941848397 0.120095722 -5.79839051E-02
 511 0.531818390 3.83732170E-02 -9.04901326E-03 -1.19719672
 512 -5.91259301E-02 1.11800551 0.179715484 -0.220502391
 513 -4.61741537E-02 0.724095464 -0.623001277 -0.891249657
 514 -0.485815167 1.48476756 2.15981603 0.369149566
 515 0.596210480 -0.127610922 1.13493109 -0.850681901
 516 0.806504548 -0.688780129 1.33139551 0.409597248
 517 0.997700989 -1.75007296 -8.09056461E-02 0.156335264
 518 -0.898904800 1.08165193 0.586072445 0.216037408
 519 -0.459424704 0.433368921 0.839186847 -0.967783213
 520 0.816636443 -0.376046091 1.52920115 0.493592829
 521 -0.147762924 -1.43138647 -0.905442297 -0.743373811
 522 -0.712136030 -0.258379161 3.73149365E-02 -0.376702636
 523 1.22632098 9.31356326E-02 1.50694668 -0.462238401
 524 0.484384716 0.932663143 -0.252939582 -0.698561907
 525 1.02941358 -2.27825737 -0.320336938 -0.361196607
 526 0.299083591 0.708743453 -0.435981542 -0.551879525
 527 1.11121058 -0.228939265 -0.899790168 0.411964417
 528 1.97879994 -0.349464208 8.24367329E-02 -0.617634177
 529 1.86641908 -0.326489806 1.88127744 -0.459159583
 530 -1.12323523 4.64369357E-03 0.438361883 -0.394732654
 531 0.814155459 0.222233355 4.44681942E-02 -9.30387601E-02
 532 -0.932946503 -3.79054248E-03 -0.298834294 0.625688255
 533 -0.859132409 0.139923662 -1.57027698 -0.905699670
 534 1.54840457 0.857119441 -5.48497587E-02 -0.890087843
 535 0.417181015 0.214447856 -0.354235590 -0.623951912
 536 0.143002450 0.410466582 0.205731407 -0.927681208
 537 -0.152333349 -0.299574852 -3.73982191E-02 -0.185811818
 538 -1.67883360 -0.551551700 -1.44198287 -0.426163286
 539 2.06318545 0.753276765 -0.733598828 0.456351876
 540 0.607425630 1.49787140 2.62383580 0.826939046
 541 5.47907129E-02 0.429103553 -0.278998762 0.292585909
 542 -1.08899212 0.426094532 0.280108482 -1.33273327
 543 -0.409053206 1.11597323 5.60673922E-02 -0.880407572
 544 1.27121139 1.13141084 0.340062469 1.12170613
 545 0.431075573 -0.565601349 0.170507982 0.533339500
 546 1.70596945 2.37065673 -2.69961286 -0.505992532
 547 0.333068967 0.945202529 1.62152433 0.775544345
 548 1.38792491 1.12409341 -2.03359985 -0.616532445
 549 1.25354159 0.743996382 1.04556119 -0.427700043
 550 1.50586712 1.44062555 0.814599454 -0.466324687
 551 0.817878902 6.89693093E-02 -0.722065866 -0.709770143
 552 -1.02654433 0.530826390 -1.58278918 0.234659851
 553 1.00542843 0.924520731 4.53951806E-02 -0.507046580
 554 -0.439797342 -0.369165808 -1.58977437 -0.222293735
 555 -0.384203970 -0.984488130 -0.441748112 -0.126861453
 556 2.33884931 0.378907651 -0.692787647 -4.28669751E-02
 557 0.741969943 -0.938345551 4.13425192E-02 -0.545660853
 558 1.00578964 0.920529604 0.260334671 -1.47779620
 559 0.266165674 -0.149940237 -1.11311328 -0.829115808
 560 0.539001882 2.10646892 -0.793552995 -0.988481998
 561 1.01751089E-02 -0.117704935 -2.73817927E-02 -1.70585752
 562 0.400578439 1.02832747 -1.30107677 -1.17641485
 563 -0.526700079 -9.82451141E-02 -0.733222604 -0.129939437
 564 0.786756158 -7.15101212E-02 0.353204668 -0.704454601
 565 1.31713045 0.668491662 -2.84252763E-02 0.144519970
 566 -0.192594171 -0.650302768 -0.238277972 9.90940332E-02
 567 -0.398114324 0.703699768 0.162487864 -0.558880627
 568 -0.531859219 -0.471920639 0.414310068 -0.868195415
 569 0.854755044 0.531864285 -0.788339913 -0.358278543
 570 0.467865527 -0.143293515 -0.465187013 -0.410558015
 571 -1.20550239 2.09547132E-02 -0.987478316 -7.03765452E-02
 572 1.68877494 1.14979935 1.37386513 1.77684891
 573 -2.05666113 -0.105326131 -1.36292636 -1.48621798
 574 -1.40079212 -0.104023494 1.33561015 0.174228966
 575 1.11286199 -0.657675862 0.898962259 0.972341239
 576 -0.186120927 6.26809299E-02 -0.245988041 -0.899473310
 577 0.940307498 1.47936845 -0.755509436 -1.19713485
 578 -0.625092268 -6.94395676E-02 0.976372302 -6.43975735E-02
 579 0.449014008 -0.161663026 1.49261522 -0.814516068
 580 -1.65430474 -0.626085401 9.30918008E-02 -0.400134861
 581 0.622605205 0.119193189 0.532644272 -0.134185061
 582 0.856506407 0.190539867 1.11583638 -0.116681755
 583 1.57883894 -0.189925164 3.50400098E-02 0.282815933
 584 -0.187011406 -4.70544212E-03 -0.585514128 -3.86620909E-02
 585 -5.00880480E-02 -1.50377452 0.144554257 0.179623201
 586 -0.238326848 -2.96041965E-02 0.952085257 -0.619387090
 587 -1.97158289 -0.347715199 0.512592435 -0.341868281
 588 -0.577338278 -1.06950343 -1.34706330 -0.950130403
 589 -0.201296955 -0.797981143 0.663080096 -1.15394151
 590 0.373221606 0.583114088 -1.50293744 -0.455781221
 591 -0.399435848 0.120472327 0.752582133 -0.473967582
 592 -1.68153000 1.91312957 -0.944106996 -0.617916763
 593 1.65376711 0.984852195 -0.779748678 -1.16839361
 594 -0.957675636 0.774197757 0.490015656 0.699046195
 595 -1.11953092 0.765528619 -1.92527890 -0.583027899
 596 -0.194559470 0.546752274 -1.23912621 0.175870448
 597 -1.05734694 0.632103086 -1.50528216 -1.17688274
 598 0.598864317 -0.325367749 0.626119196 -0.844890237
 599 -1.37253022 -2.24126863 0.310972095 -0.953384042
 600 0.592356980 1.18801558 -0.250317067 -0.302021593
 601 -0.552872241 -1.48283076 0.108873293 -0.856072783
 602 0.350212157 1.17184067 -0.965301156 -0.157772318
 603 1.13348699 -0.157278284 0.101133168 -0.531332910
 604 -0.568924010 0.856219888 -1.29935956 -1.47051752
 605 -1.76551330 0.596249104 -1.50853157 -0.359238863
 606 0.878180861 1.57144833 0.455846459 -0.650733948
 607 1.47459078 0.249636486 1.26611376 -0.556287646
 608 1.61516881 1.49656391 -0.336092055 0.451569140
 609 -1.98174715 2.38727182E-02 0.209197536 -1.02694309
 610 -1.74198925 -0.650042772 -1.29768097 -7.79631585E-02
 611 -0.665139914 -0.211379543 -1.43850350 -0.509449244
 612 -1.13847566 0.334773570 -0.880660057 -0.593754172
 613 -0.259646207 0.507590532 -1.71386874 0.289811939
 614 -0.669038773 -0.840446889 -0.967483878 0.427639037
 615 0.864996910 0.326252073 0.346103221 -7.78641850E-02
 616 -0.660831809 -0.463961124 0.372237712 -1.06910861
 617 -0.793439567 -1.33903706 -0.423349917 -0.342168659
 618 -0.332941085 0.652073801 -0.644240558 -1.19455409
 619 -1.14127815 0.230372936 -0.457430154 1.17784572
 620 -0.580182612 -0.109948792 -0.777607262 0.660861909
 621 0.838612139 0.571762025 0.335721135 -1.05238044
 622 0.456765354 0.128738612 -0.658185005 -0.506542027
 623 -1.08589458 -1.05945206 0.600495696 -0.817263067
 624 -0.173086196 1.29867947 -0.683578253 -0.283493102
 625 0.271379173 0.739738822 1.40074944 -1.28657126
 626 1.21639538 -0.135637686 -1.50169611 1.50153488E-02
 627 0.198586702 0.762253642 -0.348712742 -0.908779144
 628 0.466825724 -0.556928992 -0.999470890 -8.36660862E-02
 629 0.263987929 0.614844203 0.223917156 1.02517128
 630 0.274541527 0.486147732 1.01727855 -0.554127574
 631 -0.271662056 0.402147740 -6.99400008E-02 -0.287457556
 632 1.55756676 1.75333440 -0.101928264 0.105925649
 633 1.45289218 0.137414932 0.291573763 0.642235458
 634 0.637592793 1.10499226E-02 1.08274078 0.164176077
 635 0.996948719 7.78666884E-02 0.159936666 -1.38132286
 636 -0.508442044 -0.722284555 9.12699103E-02 0.211435631
 637 -0.978304148 4.83125448E-03 7.42164999E-03 -0.159805059
 638 0.710362017 -0.412731946 -0.379309654 -0.615182638
 639 1.68769205 -0.557112694 1.90849662 8.45200196E-02
 640 -1.45091772 0.801772475 -0.572321296 7.40746781E-02
 641 0.196492583 -0.149222583 -0.277553082 -0.748470783
 642 -0.801545501 0.438112229 -1.18777323 0.546276927
 643 -0.372500569 0.404680252 0.413091660 -1.06917083
 644 -1.02097201 -0.723804712 -1.31564260 -0.294502735
 645 1.44513226 -0.706498325 1.49191093 0.592263937
 646 0.798025727 0.806927085 0.291343659 -0.667183280
 647 -0.277332187 -1.13677406 0.157719553 -0.250745833
 648 5.89162000E-02 -9.50734541E-02 -0.107770965 -0.746566415
 649 0.943073928 -0.402687043 0.299119115 -1.06918371
 650 2.00339055 1.26148939 0.628760159 -1.27857774E-02
 651 -9.42010731E-02 0.184605405 -0.744075358 -0.131487057
 652 1.84057653E-03 -0.611819923 0.185824841 0.422782212
 653 0.300245553 -0.913995087 -6.19021952E-02 -6.03881329E-02
 654 0.745440185 0.324091852 -2.03673363 0.470755726
 655 -0.410647929 0.650103927 -1.11853123 -0.234010398
 656 1.30769396 1.16639519 -9.08830762E-02 -0.487349451
 657 0.953143537 -0.182385951 0.436683238 -0.722458124
 658 -1.11617410 -0.320699275 -1.37168264 -0.704957962
 659 -0.310792863 0.812529504 -0.465707183 -1.04182959E-02
 660 0.511665344 0.271956652 -0.452040672 -1.04170907
 661 0.242438644 2.26679325 2.70023918 4.35888655E-02
 662 1.30967009 -1.33285129 -0.735819221 -0.744783401
 663 0.639044285 0.229636550 7.88070261E-02 -0.661764622
 664 0.684208393 -0.212042883 1.13224006 0.984142780
 665 0.769812703 5.64711206E-02 0.295862168 -0.340537786
 666 -0.477204025 1.37374878 -0.628158510 -1.35851717
 667 0.989245176 0.990525961 -1.69512773 -1.11144632E-02
 668 0.361031920 0.327384204 -1.06678820 -0.172016084
 669 0.390388429 0.961728752 -1.17067707 -1.08710682
 670 -1.01325858 -0.415051520 -1.28533006 8.76412392E-02
 671 1.46948326 0.597466409 -0.653954506 0.635938466
 672 -0.789858460 0.196575567 -2.73818421 -0.828671336
 673 6.60255104E-02 -0.102161862 -0.254422605 8.69929641E-02
 674 -0.290338039 1.14631057E-02 -0.712596834 -0.641566396
 675 0.554844737 1.17164826 5.08353561E-02 -0.237107694
 676 -0.314007342 0.249049127 -0.527187705 -5.61677106E-02
 677 -0.806853473 0.722319365 0.289373934 -1.02186608
 678 0.620470762 0.208601013 0.729470253 -0.985514343
 679 1.20028079 0.541254938 1.62971294 -2.77665406E-02
 680 -0.867077827 -0.227845386 -1.22256732 -0.496043622
 681 -1.14240229 -0.425515234 0.433523804 -0.447767049
 682 -0.687665284 -1.19376719 -1.47818588E-03 -1.01553237
 683 1.18938959 -0.442437977 0.893825412 -0.578660488
 684 1.35125351 0.194851726 -0.490762949 9.07525644E-02
 685 0.909891963 0.826054454 -1.33169639 -9.78692845E-02
 686 -0.151316226 -0.591934085 4.49239165E-02 -0.118465632
 687 0.383033812 1.14700890 0.493492097 -0.967424393
 688 -0.977116227 0.829823971 -0.201847062 -0.193211615
 689 0.805591643 -0.714662135 -1.09106970 -0.758174181
 690 0.988628447 -1.06012750 -0.549491584 0.169182107
 691 1.51673460 -1.25975239 -0.733221889 -1.01104224
 692 0.909589291 1.06454802 -0.693003118 -0.936631262
 693 1.23548400 0.723829269 0.342028946 0.419227570
 694 -1.02268982 0.295569837 -2.19805169 -0.815159857
 695 -0.397711337 0.342973292 0.218760192 -0.528151691
 696 -3.31365764E-02 1.58604097 -1.11704123 -0.940546393
 697 -0.355749518 -2.30281830 0.124295935 -1.24333417
 698 0.241170391 0.384413540 -0.833993673 -0.635882139
 699 -0.389152408 -0.808999300 1.36719656 2.35067680E-02
 700 -0.228830040 -5.55720553E-02 -0.664778173 -1.01826453
 701 1.20031953 1.21990228 0.391311646 -1.58550012
 702 0.201042086 -0.780886948 -0.106541246 -0.904128194
 703 1.20057094 -0.176977247 -0.126853645 -0.677213252
 704 0.126826406 0.715769410 -9.47707221E-02 0.759979546
 705 -0.380213708 -0.552478433 -1.98104048 -0.603584051
 706 -0.773150325 3.96071821E-02 -1.91265452 -0.501826882
 707 -0.409949511 0.460294574 -0.428905874 0.104593575
 708 0.610772848 0.368384659 1.29315996 7.14640468E-02
 709 1.32249010 0.239540055 -0.802787721 -0.148482710
 710 -0.565186799 8.65447968E-02 -1.30452800 -1.02566206
 711 -0.194853067 -1.34726703 0.214672804 -0.123266533
 712 1.67088020 1.56172431 0.612783551 -1.05588531
 713 0.615043998 -0.548052549 -0.673140824 0.712434471
 714 0.363969684 0.436833918 0.843210578 0.731281161
 715 -0.183837593 -1.18556905 -2.83681750E-02 -0.884647012
 716 -0.185245708 8.91100913E-02 -0.196053505 -1.36752713
 717 -0.473473758 -0.888955116 -1.26397550 -1.13924479
 718 -0.120837912 -0.808972120 -1.28188443 -0.895100057
 719 0.344086140 1.92908263 0.455742717 0.441186905
 720 0.456187487 -0.744976103 1.53468502 -0.273528934
 721 -0.168144733 1.55571401 0.731378138 0.993871391
 722 0.396108091 1.20209229 0.817254901 0.740405023
 723 0.194440335 0.141057402 1.92185044E-02 -0.819974840
 724 -0.993852437 0.273561656 -0.478972077 -1.11715794
 725 -0.565702617 0.562755644 0.329003215 -1.38634801
 726 -0.139633358 0.324340910 -0.311760485 0.126861006
 727 -0.512122631 0.154262185 -0.546439111 -0.875570238
 728 1.22979975 0.163408846 0.327695370 -0.942969203
 729 -1.39240026 0.176588744 1.17237163 -0.200515807
 730 -1.03720975 -0.294214904 1.11572170 -0.377231658
 731 -1.27474904 0.306570202 -1.90382147 -0.624882817
 732 0.115444072 0.156800330 -0.756148219 -1.00560999
 733 -0.398566544 -0.156267285 -0.720648587 -0.960827351
 734 1.16551828 0.187915012 1.21229076 0.206485629
 735 1.44643843 -0.541911602 0.609800160 1.50884056
 736 0.307516456 -0.341683716 -0.840481997 0.916750789
 737 2.13666558E-02 0.279246032 -0.576419950 0.212196678
 738 -0.545653701 1.18236244E-03 0.902681112 -0.161794111
 739 1.43880081 0.513698936 -0.540820003 0.197333559
 740 0.357942641 -1.73549056E-02 -2.09907770 -0.204430729
 741 1.13230014 -5.45448065E-02 0.309240580 -0.708442390
 742 2.38450956 -0.476939648 0.302339286 -3.00404951E-02
 743 -0.253193676 0.325556874 -1.28549695 -0.207279235
 744 2.07755780 0.994571090 -1.07102752 -0.869852304
 745 0.472660899 1.26355350 0.817594767 0.449117780
 746 0.658471584 -0.420387745 0.699198186 -0.257912695
 747 0.965281367 -0.808324993 0.412051141 -0.155547366
 748 -0.576822221 0.867736816 6.81838989E-02 4.93183434E-02
 749 0.594867527 0.868776798 1.24261343 1.41120946
 750 5.39078563E-02 -1.08554792 -0.121293984 0.308186173
 751 0.128082454 0.365301311 0.165614560 -0.315667242
 752 1.34224343 0.984893084 -1.34798491 -1.11549127
 753 0.946186185 0.857276440 -0.869934797 -0.276828438
 754 0.792340934 1.25429249 0.784728765 -1.18949139
 755 0.895130038 -0.557177305 2.99793780E-02 -0.707050323
 756 1.59832215 0.506371975 -0.271275461 0.243761003
 757 -0.347979486 0.870257854 -1.68876719 -0.829649031
 758 1.72017765 0.365210652 -0.881629884 0.638413191
 759 -3.44120190E-02 0.951349795 -3.00106257E-02 -1.46178913
 760 6.29049093E-02 -0.262873888 -0.536265612 -0.962101102
 761 1.21204567 1.68345654 8.56256485E-03 0.565073907
 762 0.615640461 0.551788092 -1.16811836 1.02005148
 763 1.21877897 0.488831013 -1.22660518 -0.934717178
 764 -0.417524070 -0.791809976 -0.390835494 -0.382143468
 765 -0.899628162 -0.702944994 -0.647696674 -0.200861111
 766 0.709327400 0.139683887 1.05242205 -3.63352150E-02
 767 -1.00864315 0.337863624 -0.293034405 -0.918071628
 768 1.62640440 -1.65117836 1.84684730 0.174213633
 769 -0.781392992 0.805925071 -0.685850799 -1.20932758
 770 0.318756282 0.975006163 -0.940326273 -1.25015926
 771 -0.120717071 0.700506568 -0.305078804 -0.182752311
 772 0.979706585 -2.13596630 -0.761099160 -0.712580621
 773 -0.456301481 9.73613411E-02 0.281308949 0.721544623
 774 -0.415209174 -0.450693369 0.860267639 -0.168792486
 775 8.85274485E-02 0.923089147 0.556690335 -1.07671952
 776 9.76860449E-02 0.660571516 -2.39098743E-02 -1.00294316
 777 -0.112322986 1.01010275 -0.263604552 -0.996938348
 778 -0.349289119 0.608142018 0.906376064 -0.451301903
 779 8.52238759E-02 -0.832659245 -0.155850053 5.07774800E-02
 780 0.198505327 0.212988585 1.58116114 0.647246480
 781 0.381117821 -0.329625010 -0.659954071 -0.990484715
 782 0.960864961 1.35693049 -0.478939593 -0.534294665
 783 -1.63360667 -0.988474607 -9.30169821E-02 -0.922304749
 784 -0.239594668 -1.08066094 0.146170989 -0.642961204
 785 1.04065180 -0.751363337 -0.177206397 -0.763395846
 786 0.524224281 0.901950359 -0.638234138 -0.355208486
 787 0.557626069 4.44729663E-02 -0.204188958 -0.708044648
 788 -0.961149991 1.18865323 -0.150744736 -0.811461926
 789 -1.10361063 0.528076291 -1.14665556 -0.443477690
 790 0.875435829 -0.512225986 0.723214984 -1.04161382
 791 0.493291438 -1.42424941 0.365144908 -0.141756266
 792 0.780147672 -1.05430675 -0.270397782 -0.448807418
 793 -0.429924041 -1.68196452 8.43483508E-02 -0.303203732
 794 4.42293063E-02 0.421884060 0.386810392 -1.34326816E-02
 795 1.17836189 0.237978190 0.151514277 -0.783550322
 796 -0.890358746 -0.367055386 -2.28434467 -1.27163243
 797 1.47542620 -1.16574001 0.872345090 -0.508236766
 798 0.136077046 -0.180787489 0.346359789 -0.850484312
 799 0.197775766 0.812585831 0.783753753 -1.15885735
 800 -0.700030208 0.625166178 1.27288365 -0.373271257
 801 -1.45026743 1.00388145 0.530802250 0.288092732
 802 -0.362923086 -0.613024771 -1.81265652 -1.30787241
 803 1.69299054 -1.60134268 2.85735106 7.47941285E-02
 804 2.38187909E-02 0.169218794 -2.26353240 -0.274284512
 805 0.948603332 0.969661474 -1.13594341 -0.420765400
 806 -0.257537216 -0.443204284 0.569571137 -0.906282842
 807 1.41826308 1.31914985 1.81346011 -1.01512277
 808 -0.852559745 -1.22147918 1.05476356 -0.390010774
 809 0.145769477 0.628069818 0.174132198 0.676534057
 810 0.401222289 0.195171908 0.282655030 -1.51018882
 811 1.88835537 1.03758562 -1.04001987 -1.55591667E-02
 812 2.09845018 -9.14408490E-02 0.604102910 -1.23144233
 813 0.408632129 0.793517828 0.756894171 -0.335260957
 814 0.430620968 0.663440347 -0.556509733 -0.831826091
 815 0.306346655 -0.264389038 1.34304130 -1.11998510
 816 -0.933485091 0.211616710 -1.11752021 0.251856148
 817 -0.625297308 -0.104300164 1.31054282 0.661030054
 818 -5.27167767E-02 0.285112262 4.93946970E-02 0.210830554
 819 0.232237220 2.85188183E-02 1.59061587 -0.176874787
 820 -0.862812102 -0.987012029 8.55144709E-02 0.777049780
 821 0.190620810 0.527374685 -0.992874444 -0.152364060
 822 1.23508978 0.685148716 -0.546314538 -0.555496812
 823 0.144715682 -0.792287052 -0.777309775 -1.56951785
 824 -1.34284115 0.752670169 -0.313489467 -0.484881759
 825 1.54715705 0.215110675 -0.983655930 -1.15805852
 826 6.34251684E-02 -0.612648547 0.818297029 -0.584615529
 827 -0.677227676 0.627227664 -0.194319278 0.236529112
 828 0.801088631 1.72488773 0.239152163 -0.513673306
 829 1.90242004 -0.642894387 0.236373678 7.25515932E-03
 830 0.318636298 -0.324960172 0.632542968 -0.879390359
 831 1.33181369 0.606251717 1.11202502 0.424270660
 832 -4.12529334E-02 -0.358179152 -1.15379822 0.353239000
 833 1.50600076E-02 2.05419135 1.02337599E-02 -1.32331097
 834 1.59726584 -0.172882050 -0.298313171 -0.245184511
 835 -1.06169498 0.286529452 3.90535593E-02 -1.31416178
 836 -2.27997098E-02 0.293095708 0.255755633 0.434942245
 837 0.492772996 0.894536436 0.335373431 -0.681655884
 838 -0.543357491 -0.218806565 1.00722718 -0.671841025
 839 1.29922783 0.239038900 1.60354221 0.659541130
 840 -0.699640334 9.93557796E-02 0.264958203 -0.721888483
 841 -2.07932997 0.577412426 -1.00227475 -1.12499213
 842 -1.23871684 -0.358482927 1.57351303 -1.26147270
 843 -0.988343835 -0.337571383 -1.12956429 -0.625930548
 844 1.85907388 0.181945443 8.55221450E-02 1.11586845
 845 1.55503452 2.73202085 1.37455094 -0.503968894
 846 -2.26571560E-02 0.143706083 1.03557134 1.41310245E-02
 847 0.696028292 -0.733137548 2.39963365 1.07790518
 848 0.947169900 0.523642421 -0.835828125 -0.422899961
 849 -0.263661981 7.71917403E-02 -0.759887457 -0.185132354
 850 -0.787733197 -0.126370847 1.68721712 -9.88276899E-02
 851 -0.202950791 1.52544606 -9.35141444E-02 4.97654080E-03
 852 0.333796620 0.302817583 0.362325072 -0.337177187
 853 0.766502082 9.99389887E-02 1.48935449 -0.285401851
 854 -0.364951432 -0.918512464 -0.748480082 -1.02990353
 855 -1.65085387 0.224823356 -7.66973495E-02 0.694053531
 856 0.532944024 0.909972370 -0.482256740 -1.26158929
 857 0.946907818 0.698626816 -1.74978077E-02 -0.422124714
 858 0.157661051 2.56453454E-03 0.787367225 -0.160222188
 859 -1.22580993 -0.868263841 -9.15524364E-03 -0.127229273
 860 0.443831980 -0.322678208 0.578538895 -0.930620193
 861 0.188345417 0.514900327 -1.92546368 -0.808100104
 862 -0.629899621 6.79899231E-02 -0.377736807 -1.02273631
 863 -1.61241257 -1.00534046 0.605278909 -1.45861006
 864 -0.846206129 0.104163796 -1.26836681 -0.300363749
 865 -0.176268741 -0.490750074 0.265454531 -0.227933288
 866 0.356543243 0.349424183 0.291308463 -0.276306450
 867 0.528927445 1.10286212 1.09200728 -1.10462344
 868 -0.792316318 0.496683627 -0.188051850 -0.593255520
 869 0.298973560 -0.452667743 0.631872535 -1.48518062
 870 -0.158709750 -0.619395018 0.250536770 -0.795377791
 871 0.702282071 -6.32773712E-03 -0.356282711 -0.207096338
 872 -1.45597494 -0.825480640 0.545530677 -0.635022342
 873 -0.560964942 1.30247247 0.283189535 -0.232640415
 874 -1.09620214 0.209615931 2.16924882 -0.338398933
 875 0.517840981 0.790919900 -1.51811886 -1.29941452
 876 -0.346857727 0.580269694 1.03690100 -0.526841283
 877 -0.868310809 1.26402962 0.205939472 -0.998690069
 878 -0.190858662 1.04684615 -0.449281216 -0.197763920
 879 -0.370825708 0.563164413 0.988380969 -0.607372582
 880 -0.239114717 0.309208244 0.914576769 -1.39844918
 881 0.874150276 1.42977822 -6.23115003E-02 -0.451185375
 882 -1.01307619 0.276423305 -1.75214732 -0.348696798
 883 -1.41672683 0.704190195 -1.27742910 -0.138764724
 884 0.625027776 1.76423180 0.367877513 -0.323791683
 885 0.991544783 0.970212579 -0.868503749 -0.959815621
 886 1.08545661 0.400278658 0.327121168 -0.679009795
 887 -0.542799473 0.336765081 0.433382213 -0.216821492
 888 -1.04604340 0.210638970 0.992080569 -0.528117061
 889 0.876245618 0.416412234 -0.902468741 -0.417888194
 890 1.23740375 -0.811905861 0.831429005 0.287332952
 891 0.483600885 0.275464356 1.42476368 0.607367873
 892 1.74898243 -0.754734576 -0.712199807 0.197162986
 893 1.09379315 -6.41766936E-02 -0.369404882 -0.821690083
 894 0.232761472 0.979193926 -1.79437343E-02 -1.37254262
 895 2.60221064E-02 -0.235309094 -1.83718562 -0.848856151
 896 0.924095631 -0.228297085 -1.74403846 0.109109499
 897 -0.332591295 -0.284422636 0.915554523 0.256624281
 898 0.876507998 0.581310749 0.788263083 -0.326498717
 899 -0.682598352 0.513915777 -0.336854070 -0.987107277
 900 0.134045511 -1.87798429 3.05365133 -0.153213143
 901 0.387406886 1.65121615 0.194197580 -0.428953469
 902 1.04092908 0.122455679 1.19304192 -0.747150779
 903 0.928253889 3.80292535E-03 -1.28901672 -1.32296073
 904 1.09587622 0.343588948 0.704406321 -0.742701769
 905 -0.242978111 0.757906139 0.898725092 -0.325924635
 906 0.362695634 0.770548344 -1.97804034 -1.32001173
 907 -1.35415268 0.536744833 -0.461463660 -1.21690702
 908 -0.742004693 0.384464234 4.83891070E-02 -0.348672032
 909 0.536493540 -0.251599222 -0.410781860 -1.37856674
 910 2.24524879 0.665368974 -0.546848357 -0.277377546
 911 0.395315021 0.892702579 -0.197389930 -1.34328711
 912 0.834989548 1.29397607 0.292825490 0.439593583
 913 0.235061392 -0.784793496 -0.133508846 6.27146661E-03
 914 -0.271087527 -0.808239222 2.02865958 0.149517566
 915 1.12134957 -0.349941730 -0.114692338 1.35210049
 916 -4.74197529E-02 1.23886317E-02 1.58348572 4.59663644E-02
 917 -1.37507176 -0.463498354 5.64123392E-02 -0.214690372
 918 0.316556603 0.365911007 0.366646618 -0.828922629
 919 1.33810079 -0.839001358 0.617010951 0.314574361
 920 2.17304155E-02 -5.01248688E-02 -1.11046207 -0.615604639
 921 1.78204334 0.250586212 -5.97923025E-02 -5.38780540E-02
 922 -0.181786656 0.462135434 8.25344622E-02 3.77599522E-02
 923 1.35024047 -0.318041474 0.431113750 0.423264444
 924 -0.104352333 -1.05779544E-02 0.676445067 1.13661051
 925 1.69851065 0.888709784 2.59897542 -0.965944827
 926 -0.388472974 -0.490937978 -0.260277063 -1.24273133
 927 3.09983790E-02 -0.174464032 2.16099405 -0.899122953
 928 -1.24135220 0.175095633 -1.33161008 -1.12252009
 929 1.42654276 -0.758068025 -0.286412507 -0.197264165
 930 1.37497151 -5.03180474E-02 1.73675179 -0.521454632
 931 0.675400257 0.748466492 -0.638306022 -0.281146526
 932 1.32597899 1.11151338E-02 -2.24293232 0.523985624
 933 0.583015263 0.216982871 0.437833250 -0.854663134
 934 1.18043053 -0.285156131 1.12806630 -0.430029243
 935 0.117811076 -1.29490876 3.73785570E-02 -0.316680789
 936 0.864469409 4.22594547E-02 1.01482749 -0.495653749
 937 -1.64285040 0.320848107 0.286855221 -0.918917477
 938 -1.02463531 -0.131835192 -1.64723492 -1.05853927
 939 -0.161412358 0.695138812 -0.139748365 -0.511778474
 940 -2.78140569 6.38524666E-02 -2.15396571 -1.22093439
 941 0.388838023 6.21860847E-02 0.571561933 0.562980890
 942 -0.628405094 -0.156544343 -1.35525453 -1.18653870
 943 0.488685250 0.749770045 -0.503835917 -1.02675474
 944 -0.712827444 0.563546121 -0.727849960 -0.452996761
 945 1.04218268 -0.657833755 1.30565941 -0.433264196
 946 0.134623796 0.232129604 0.751802802 -0.686793387
 947 -0.111782148 1.63613558E-02 0.964237809 -0.899584889
 948 0.131377012 -1.36690587E-02 0.908158064 0.605949163
 949 -0.498331547 0.978733301 -0.560348809 -1.31315780
 950 -0.584352612 -0.201352626 0.694621325 -0.596743226
 951 0.519739687 1.28387269E-02 -0.813611507 -0.142718524
 952 -0.184106648 0.543364882 -0.502192378 -1.13661575
 953 0.697654009 0.998290777 -3.16387987 -1.22594857
 954 0.471146762 0.873653233 -1.24136949 0.231119215
 955 0.191398054 -1.10732472 0.178685144 -8.26392770E-02
 956 -0.365710497 -0.108057335 -0.206197798 -0.804482579
 957 0.876934469 9.82491672E-03 1.02876091 -0.522030532
 958 1.08938551 -1.08412457 -0.945104003 4.29394692E-02
 959 0.539171576 0.891352832 -0.558175564 -0.577577055
 960 0.873652101 2.23181229E-02 0.344087124 -0.517150879
 961 -0.385054678 -0.350006431 1.06349432 0.282201320
 962 -3.68709117E-02 7.49850273E-02 -1.04444146 -0.887450039
 963 0.894582450 0.805085659 -0.810488224 -0.192291096
 964 -0.860925019 0.358948410 0.811538100 -0.785187304
 965 0.646224797 -6.82401564E-03 0.586444378 -0.806577563
 966 2.23119140 0.418427259 -0.111219287 -1.35146832
 967 1.28397012 -8.29821303E-02 0.341989040 -0.371752411
 968 -0.144416422 -1.01424575 0.516182899 -1.21945918
 969 -0.302665293 1.21712041 0.333606780 -0.605229914
 970 1.27515316 0.156460762 -6.21351600E-03 0.123756446
 971 -0.365975380 1.19055939 0.696324110 0.887494624
 972 1.99550176 -0.171495050 -2.14220548 0.875655890
 973 -0.952905357 1.03184795 0.822346509 -0.549787641
 974 -0.305850476 0.991966128 -0.795265555 -0.664775133
 975 -0.695578456 0.578797460 1.99510920 -0.548296213
 976 -0.971573830 -0.308185846 -0.621161520 -1.02288401
 977 -0.728234410 -0.820600450 -0.706626356 -0.289558142
 978 0.473966360 0.318397820 -1.11165559 -0.448404551
 979 -0.805521548 1.89313126 0.736983657 -1.49001908
 980 -0.104404986 0.894790232 -0.462158650 -0.923004746
 981 -0.455829620 0.695022404 -0.660426855 -1.06596160
 982 -0.230064869 0.792994201 -1.70047307 -1.17400873
 983 -0.254283816 -0.230593234 -1.05460775 3.95694673E-02
 984 -1.78303099 0.184277654 -0.472321272 -1.14688754
 985 1.07260382 1.18716168 -9.79396254E-02 -0.295538723
 986 -0.330813229 -0.287148058 -1.03379095 -1.40432143
 987 -0.764018178 0.809447765 -0.590291560 -1.04648888
 988 0.804594874 1.48119962 -1.32712460 -0.921089351
 989 1.09421778 -1.27671623 4.65714931E-03 -0.961628139
 990 1.48875475 7.56773949E-02 0.169153631 -1.00485015
 991 0.765809536 0.474218309 1.30272841 -0.482957840
 992 0.270821095 0.530049086 0.688606203 -0.672347844
 993 -0.698667467 1.19782186 1.96453285 -0.406364202
 994 0.931169748 -0.178566486 -0.820865989 -0.963206172
 995 -0.203762800 -0.386527151 -1.00741696 -1.44872284
 996 1.56950259 2.61832159E-02 1.10095036 -0.958659351
 997 1.10761738 0.560466468 0.200660139 -7.80218169E-02
 998 -1.29430258 -0.147846788 1.12132311 0.307906181
 999 -0.252680451 0.653013408 0.451551825 0.118913233
 1000 0.260104418 3.97575647E-02 -0.329567045 -1.35690904
 1001 0.611677945 0.684778750 -0.138722867 -0.534148216
 1002 -1.15847361 2.05009556 -2.28946304 0.855820298
 1003 0.381451964 -0.900517166 0.534477115 -0.999292791
 1004 1.61130893 1.46694899 -1.67104852 8.49348456E-02
 1005 0.783149362 -0.530754030 0.697539449 -0.105733193
 1006 -0.233819425 1.07365072 0.120470271 -0.213963866
 1007 -3.05905044E-02 0.967006743 -0.496545672 1.28251135
 1008 0.696624517 1.20968246 0.675865531 -0.863327801
 1009 -0.105562039 0.152573332 -1.20847225 0.247908264
 1010 1.02923429 1.14533234 -0.819512963 0.191574991
 1011 0.599474430 0.499711335 0.501900971 -0.245194346
 1012 1.09278321 -0.128313318 1.65487337 -0.876920581
 1013 0.872077823 -0.283062160 8.90400559E-02 1.06865168
 1014 0.502901554 -0.955684125 -0.236584753 -0.767307878
 1015 -1.47658455 -0.739622712 1.35350430 -0.721581817
 1016 0.498269022 -6.20023161E-02 -1.01313114 -0.260505736
 1017 -0.560698211 3.47999334E-02 3.44052911E-03 -0.941845179
 1018 0.781156361 -0.669479311 1.04070103 -0.682170391
 1019 -5.23850173E-02 -0.971778214 0.816405773 -0.600003898
 1020 0.642366052 -6.04300052E-02 8.88686478E-02 -1.25309789
 1021 0.851610601 1.07880843 -1.24957728 -0.613222837
 1022 -0.361332476 0.245551631 1.05945122 -0.392996311
 1023 -1.54119289 -4.30445746E-02 -0.597822905 -1.06075728
 1024 0.301433533 1.67878723 -0.349600494 -0.333620489
 1025 -0.174263224 0.594613433 5.12332916E-02 -0.875459969
 1026 -1.07901841E-02 1.98839319 -0.700034618 -0.240973502
 1027 3.88503820E-02 0.428685248 1.46693325 -0.829675138
 1028 1.15661621E-02 -1.15056682 -0.936639428 0.353318274
 1029 0.941369355 0.300924897 1.06473118E-02 -1.28784919
 1030 0.459918678 -1.23194981 0.641063571 -1.43247974
 1031 8.52705240E-02 -0.656327486 -0.244729772 -0.436291218
 1032 0.196960509 -0.310709774 1.40268910 1.11864781
 1033 -0.471767426 1.21155167 -1.25179446 -0.398583829
 1034 0.402359605 -0.543759406 0.267263472 0.944109678
 1035 2.88167214 -1.07252014 0.318470359 0.699287772
 1036 -0.550035954 -0.808572471 -1.21785617 0.960103750
 1037 -0.427412510 -0.649198592 -0.188918367 0.832564712
 1038 -0.468930244 0.905983448 -0.246944681 0.934402764
 1039 1.30273759 -0.533428192 1.12215114 0.695268571
 1040 1.21111488 -0.265543818 -0.325864613 0.968728721
 1041 0.505932391 -0.831196308 -9.52299386E-02 1.03628016
 1042 2.87478113 -2.24260688 1.59083414 0.639720201
 1043 -0.235376805 -1.60628295 0.597119391 0.872734904
 1044 0.723130226 -2.73683357 1.04641807 0.714539528
 1045 1.46726525 -0.551298082 0.898423433 0.805221379
 1046 -0.127508610 -0.727051973 -0.656135201 0.942343891
 1047 7.59307444E-02 1.79427862E-02 -1.50635171 0.948974848
 1048 0.835850120 -0.920644760 1.24360144 0.594260991
 1049 0.624622464 -1.65464795 0.354769558 0.836238027
 1050 -0.498710036 -0.132237643 1.76882994 0.800346017
 1051 0.226651326 1.10800505 0.814773321 0.737095594
 1052 -0.108852863 -0.462595671 0.444169223 0.437018216
 1053 0.184754401 1.56734437E-02 0.679757833 0.576504827
 1054 1.09681761 -0.383436143 0.583942473 0.975414097
 1055 1.79950917 -0.702182114 1.29220033 1.08615971
 1056 0.952069402 0.553846240 0.522858739 1.06714857
 1057 -0.157847941 -0.909439921 0.604967117 0.767174542
 1058 0.388445258 -0.927860439 0.693999350 0.434917569
 1059 0.247380063 -7.71673769E-02 0.181641728 0.485630691
 1060 0.937653184 -1.80652833 0.448197544 0.912353635
 1061 -0.505661607 -2.27083015 1.63376081 0.808159411
 1062 0.999378562 -1.23509681 0.951551795 1.01667392
 1063 -0.124286383 -1.44857609 0.155105129 0.864734471
 1064 1.15476263 -0.276029348 7.53640831E-02 0.631542325
 1065 1.81226325 -1.19212079 -0.391430646 0.715515494
 1066 9.16969776E-02 -0.784771681 2.12699175 1.03517640
 1067 0.866597235 -0.473342985 2.17998773E-02 0.767121911
 1068 0.310143381 -1.30512631 1.32448924 0.896850944
 1069 1.79527903 -1.21234977 0.483156234 0.854415655
 1070 2.82309198 -2.64336801 0.124570698 0.757990956
 1071 0.815538526 0.298934698 -0.738315642 0.827145457
 1072 0.407178164 -0.655909121 -0.359170020 0.846364319
 1073 1.29507267 -0.318427831 2.79906169E-02 0.697384417
 1074 1.66472387 -0.304196000 -0.365169823 0.905011833
 1075 0.599920332 1.05905712 -0.264186621 0.754939914
 1076 1.21135759 -0.721300185 -1.49859214 0.930232882
 1077 0.990326285 0.617524624 0.207205221 0.758439183
 1078 2.20512033 -0.929708302 0.824108005 0.708037019
 1079 2.11948872 -1.97372127 1.45525110 0.710639179
 1080 1.51885819 -1.53795099 1.92408979 0.758528531
 1081 -8.50904062E-02 -0.482620925 -0.337452292 0.795655668
 1082 0.484797001 -1.71669805 0.365003824 0.537511587
 1083 0.428450465 0.306105494 -0.933142602 0.818369329
 1084 0.147544295 -4.93891872E-02 1.37087417 0.531790137
 1085 1.18514824 -0.994883478 0.557833910 0.623519480
 1086 0.820960820 -0.295895785 1.27383542 0.797305226
 1087 1.16043782 -1.00493824 1.76725173 0.879822075
 1088 1.54787481 -1.67915189 0.457789987 0.752711952
 1089 0.208161488 -1.88561785 0.692327976 0.855532825
 1090 1.09299862 -0.601098239 0.450155497 0.690338969
 1091 1.54461789 0.469218880 -0.574392200 0.780054212
 1092 1.85512352 -1.70321047 1.09358346 0.429471076
 1093 0.407387495 -0.239951223 0.506758392 0.783103347
 1094 1.19764626 -0.609986782 1.16897643 0.574764729
 1095 0.881649792 0.286194175 -0.146419063 0.636301756
 1096 -0.788082659 -0.604065001 -0.350252539 0.707839668
 1097 0.870051205 -0.909213424 1.30158114 0.840946376
 1098 1.80918264 -1.40836930 -0.187673703 0.778869748
 1099 0.473215044 -0.635151267 -0.964362442 0.590139031
 1100 1.35146523 -0.265969932 -0.339866430 0.590979099
 1101 1.32192850 -2.21806383 1.65531671 0.923921108
 1102 0.179401472 -2.41522622 2.72487104E-02 0.845582008
 1103 1.25704467 -1.31948924 2.23601651 0.852756262
 1104 0.404974252 -1.12914300 3.68635431E-02 0.700798869
 1105 0.879958808 -1.07168972 1.01644433 0.815389276
 1106 -0.463733107 -0.878673553 1.01542330 0.364194483
 1107 1.23509681 -1.76280248 -0.775375605 0.964119256
 1108 0.656808734 -0.136495844 -0.602198243 0.819648445
 1109 0.561233699 -2.10540867 1.29827642 0.677535474
 1110 1.50610220 -0.829461694 0.657274425 0.479588300
 1111 2.30123138 -1.63348544 -0.616807401 0.907735407
 1112 1.97956848 -1.81663930 1.29985976 0.655300438
 1113 0.402816087 -0.316603959 1.41568255 0.529376447
 1114 0.933927357 -1.01866078 1.82965326 0.585924685
 1115 0.197183922 5.96902370E-02 0.352672786 0.635750830
 1116 0.236468062 -0.223498389 0.486129373 0.540910304
 1117 1.18868637 0.473858684 1.05391645 0.827072263
 1118 2.63659763 2.73505598E-02 0.586215556 0.762498796
 1119 1.64737737 -8.06211829E-02 0.367988765 0.779825568
 1120 1.95953798 -0.666833937 1.28597867 0.759933412
 1121 -0.322021484 -1.12506270 1.57931685 0.823166907
 1122 0.135789543 -0.815581977 -5.86304292E-02 1.09781504
 1123 -3.66851762E-02 -0.566217721 -0.733048975 1.01481462
 1124 0.901033163 -0.442142159 -0.532061040 0.890849411
 1125 1.36407542 0.424285442 1.24551642 0.951993942
 1126 -0.427878946 -0.309288651 1.16870034 0.698845804
 1127 0.485859513 -1.01967049 -1.24467278 0.691897810
 1128 1.89958370 -0.929953873 0.187739655 0.938593745
 1129 8.32706094E-02 0.799518883 1.09967959 0.879928231
 1130 0.710992455 -1.00137162 0.628829896 0.689641833
 1131 1.57638669 -2.67159772 1.10708582 0.970735252
 1132 -0.333604723 -0.952438891 1.86246145 0.494183838
 1133 0.910859406 -0.643461764 1.14503217 0.688545406
 1134 1.14956617 -0.925307810 1.38951087 0.812214732
 1135 0.755997539 -1.05833936 1.01495922 0.528239429
 1136 -0.106737159 -1.00810838 -1.22127128 0.885204554
 1137 3.12150431 -0.954078138 -0.489265949 0.473753601
 1138 1.31902397E-02 0.919197559 0.296184272 1.13696980
 1139 -0.479894936 -2.37970614 -0.447830111 1.53326333
 1140 -1.97373188 -2.93738198 2.03237772 2.15930176
 1141 1.50072873E-02 -1.87083316 -0.138991967 1.93656540
 1142 -2.38777852 -1.99914014 -0.815870583 2.16269207
 1143 0.425274909 -1.96476042 -1.30978167 2.03342438
 1144 -0.936963320 -3.28647494 -0.362919956 1.27573311
 1145 -1.11844254 -1.08901274 -0.465450644 3.04012108
 1146 -0.228008330 -1.94041979 -2.26048946 1.22487485
 1147 -2.05508423 -2.59546947 -0.161846161 3.38115287
 1148 -0.377285719 -1.75899851 2.29559541E-02 0.875882387
 1149 -3.33208776 -1.47615147 -1.75390339 2.50732327
 1150 -0.725679040 -1.70732594 0.258646429 2.41311860
 1151 -1.41185534 -0.359711409 -0.459908456 2.02038503
 1152 -0.642059565 -1.76221395 1.20828462 1.31866574
 1153 -0.875019848 -2.04848146 -2.64470768 2.40737891
 1154 -0.212296247 -1.39142573 1.45163727 1.30427933
 1155 -1.73498845 -1.08680511 -1.40148449 1.50270522
 1156 -1.17861807 -0.466926575 -1.52476299 2.21943617
 1157 -2.53335762 -2.51637959 0.556508839 1.44715571
 1158 -1.07093501 -0.737547934 0.578164577 2.44723129
 1159 -0.963578165 -1.08338141 0.496711552 1.67388117
 1160 -2.46492529 -1.16717112 -0.667676687 2.18427706
 1161 -0.290468067 -0.613943398 0.667562008 1.35659945
 1162 -0.841228843 -2.04843044 -0.250598073 2.43779016
 1163 -1.46965826 -1.07231712 0.528605461 2.16504288
 1164 -4.43490520E-02 -1.59833038 5.46809211E-02 0.557322919
 1165 -0.876670659 -1.80570638 2.73299503 1.06803524
 1166 -1.32866609 -1.18823063 0.219186693 1.55688047
 1167 -2.09119821 -1.61078465 0.494796455 2.23593926
 1168 -2.34000158 -1.57679820 2.15175629 2.05660009
 1169 -1.60215497E-02 -2.77018070 -1.91009820 2.77800512
 1170 -1.85126829 -0.601495266 1.23805344 1.60046911
 1171 -1.96714890 -1.74687767 1.10903955 2.36749434
 1172 -0.630995929 -0.828935742 0.267955422 1.78730094
 1173 -2.29583669 -0.344590098 1.28137386 2.40104055
 1174 0.491354913 -1.59862578 -0.100930929 2.58939910
 1175 -0.168951824 -2.02922106 0.368592322 1.09475052
 1176 0.481993675 -0.732581973 -0.659747660 2.04453683
 1177 -1.18491197 -2.05970788 1.36069798 1.03706288
 1178 0.339333653 -2.87784791 -2.20935416 2.22339225
 1179 -0.294561505 -0.210076034 -1.41964984 1.45652521
 1180 -0.568710029 -0.939238429 -1.83611929 2.91018844
 1181 -0.253527671 -1.63565290 0.510705888 1.53729665
 1182 -0.501445532 -1.37894344 -0.657675564 2.77397013
 1183 -0.866317630 -1.25983465 0.604811847 3.05420256
 1184 -1.61119401 -2.10242939 8.53693187E-02 1.74516058
 1185 -2.24599218 -1.51926982 -2.01580834 2.52192378
 1186 6.66976273E-02 -0.640176654 1.20237696 2.19325018
 1187 -0.510693491 -1.58584070 -0.315699577 2.18216038
 1188 -2.10863686 -1.56869602 -0.518119633 0.408290803
 1189 -0.595856011 -1.52037752 0.826389611 1.72275186
 1190 -1.87376404 -1.08857799 8.32059383E-02 2.51082706
 1191 -1.86072576 -1.25303721 -1.89047194 3.09793997
 1192 -0.669494510 -1.50681651 0.348124444 1.48653591
 1193 0.418202579 -1.77033913 -0.383204043 1.01171160
 1194 -1.71169376 -1.47993588 -1.39236271 2.04879999
 1195 -1.87850118 -1.80250216 -0.401394457 3.15614295
 1196 -2.10460520 -3.18359733 -0.886422932 2.88044953
 1197 -2.18687081 -0.714029074 -6.89107776E-02 2.39641929
 1198 5.96213341E-03 -2.04273772 -0.223390609 2.36810017
 1199 -2.13724804 -0.963155031 -1.78522563 1.59849370
 1200 0.650288045 -1.75408208 1.44102335 0.984691679
 1201 -2.48230720 -1.92541397 2.21432638 3.09775472
 1202 -1.55076051 -1.98849857 0.339364290 2.21628928
 1203 -1.78517199 -0.503404677 -0.200373918 1.11447263
 1204 0.456142068 -1.31199527 0.796923637 2.05487299
 1205 -0.675264120 -1.63264728 -0.260827094 2.32254291
 1206 -1.24114072 -2.53412843 -0.917487681 2.79124665
 1207 -0.971060216 -2.64709902 -1.89031827 2.07930422
 1208 -1.58792150 -1.83606768 0.286991954 2.49663424
 1209 -0.929969668 -2.13727021 3.16292867E-02 1.61072969
 1210 -1.66666877 -0.942931354 -0.907100558 2.53688717
 1211 -2.25029945 -2.11212611 -1.15284526 1.95670366
 1212 -0.755661130 -2.02078772 1.19502342 3.04365349
 1213 0.608787894 -2.35603952 0.474069357 2.29216218
 1214 -1.80123937 -1.85194099 -2.21326137 2.32966280
 1215 -1.13023937 -1.02457666 -1.29183495 1.36026073
 1216 1.12472522 -1.57045507 -1.20643234 2.16026473
 1217 -1.58234262 -0.988487959 9.03286934E-02 2.53340960
 1218 -1.98476696 -1.47419250 -0.437414587 2.33496785
 1219 -0.324087858 -0.969243109 1.42667174 2.10955358
 1220 -0.901498079 -1.67142439 1.67801738 1.95458817
 1221 -2.67470956 -1.39040279 -1.29056680 1.95951509
 1222 -4.62413359 -2.23894835 0.248823106 3.43696785
 1223 -0.332899660 -2.27530956 0.596449077 1.06691039
 1224 -1.43116605 -1.33160877 -1.18771672 1.86988974
 1225 -1.19984794 -2.01247311 -0.959399939 2.51254511
 1226 -0.893073082 -1.36154389 -2.23706722 2.03307462
 1227 -1.45320058 -2.46092010 -3.18388641E-02 2.15563226
 1228 -1.12605500 -2.33097196 -1.24833488 1.93052363
 1229 -1.96333849 -0.920253634 0.606406212 2.39826870
 1230 0.459311217 -0.604543626 1.33078098 2.91876650
 1231 -0.630599201 -1.00968087 -0.688064694 1.13512051
 1232 -2.48221183 -2.36123323 -0.772261858 2.25535440
 1233 -1.41148412 -1.57546401 2.04555869 2.87708497
 1234 -1.54659772 -0.753151178 -1.45093131 1.76586914
 1235 0.397175372 -1.70906210 1.15262043 2.23618221
 1236 0.587994277 -1.59073377 0.756806672 2.90126824
 1237 -0.204398155 -0.701957881 0.193506569 2.01763535
 1238 -1.77581811 -2.11416841 -1.75545663E-02 2.62896037
 1239 -1.45264494 -1.77381027 -0.647682488 2.95812798
 1240 -1.26494050 -1.28008366 0.779655457 3.17861199
 1241 -1.67610919 -0.841506362 -0.819613457 2.18152523
 1242 -1.30658698 -2.14451814 0.957051158 1.50103831
 1243 -0.675903916 -2.12069035 0.566881359 2.16359401
 1244 2.58762613E-02 -1.70863378 0.363671392 3.39385724
 1245 -0.951381981 -0.761120141 -0.844381213 3.13229203
 1246 -1.71167850 -2.59124184 -1.18801153 2.90937400
 1247 -0.542174578 -1.78723967 0.702884674 0.950637877
 1248 -1.56454480 -1.76441491 -0.495335996 1.89932525
 1249 -0.435692579 -1.10367620 -0.683733523 2.31779838
 1250 -1.78973317 -0.888820469 0.757560134 1.49071920
 1251 -1.34987867 -1.12730932 0.224201888 2.15412807
 1252 -0.865419269 -1.62479985 0.389311194 1.07232058
 1253 -1.12107229 -1.94211698 -8.84152204E-02 2.26624823
 1254 -2.04885554 -0.934842646 -0.694193363 1.33723891
 1255 -0.764846742 -2.68195391 -0.245718986 1.97766268
 1256 -0.418574631 -1.91658926 -0.504316688 2.15192080
 1257 -1.46172082 -1.37586880 -0.850718379 1.99833202
 1258 -1.37569904 -1.93109202 0.608387828 2.57918072
 1259 -1.64090431 -1.74974263 0.807830215 1.60728514
 1260 -0.853934646 -1.96208024 -0.705044508 2.71857977
 1261 -1.45065701 -2.02840757 -1.49230504 2.76056123
 1262 -0.479533851 -1.74932027 -6.87332898E-02 2.12508130
 1263 -0.989944994 -1.51250577 -1.28193331 1.26901817
 1264 -0.413507760 -2.84371352 -0.924548507 0.778094053
 1265 -0.723811269 -1.80192554 -1.04779971 3.02244663
 1266 -2.51621318 -2.27933335 -0.195011184 4.04209852
 1267 -1.91396797 -0.950774133 -2.38193369 1.90702212
 1268 0.514869213 -1.73509383 -1.78288269 3.08458900
 1269 -1.90000439 -1.00911307 0.900847733 2.19653153
 1270 -2.04001641 -1.32793057 0.996672332 0.775399029
 1271 -0.561338246 -1.33292007 4.01350856E-02 1.07313347
 1272 1.81585550E-03 -1.08787084 2.93521211E-02 2.65944695
 1273 -1.13035309 -2.07321000 -0.495782316 2.13554621
 1274 -1.60452747 -2.33140588 0.159424543 1.91716754
 1275 -0.999216437 -2.11930704 -0.358635277 2.69863081
 1276 -2.91812277 -2.29096127 -1.81159151 1.25530159
 1277 0.898582160 -2.30050404E-02 -1.39184308 2.23621249
 1278 0.753944397 -0.650281489 -0.536102116 2.84471846
 1279 -1.12574577 -1.64344740 -0.425611734 1.47583807
 1280 -7.08089024E-02 -1.44558644 0.807507157 1.08051407
 1281 -0.295502394 -2.20061636 0.438531637 0.719564915
 1282 -1.19177461 -1.43034554 -1.37165987 2.60065436
 1283 -2.32716513 -2.15176582 -0.368786842 2.34489059
 1284 -0.611698031 -1.42693567 -2.32090116 2.38010597
 1285 -0.757599652 -2.04397607 0.966947317 1.57472527
