 1 -0.215040967 0.767007709 -0.753466964 -0.581199288
 2 -0.268099606 -0.951504409 -0.264760137 -0.558082342
 3 1.60905623 -0.600907922 -0.720187008 -2.01579261
 4 0.414529592 0.162684500 -0.897347569 -1.19346476
 5 -0.537221909 -0.732298195 -1.45210278 -1.51126361
 6 -0.906596720 0.783688188 -0.290482521 2.33608055
 7 -1.01020122 0.124169871 -0.700245678 4.16408107E-02
 8 8.02806616E-02 0.464422047 -2.09338665 0.159423411
 9 0.193755090 0.575320244 -1.48983896 0.688161850
 10 0.157190561 0.527688503 1.10253501 -0.621218443
 11 -0.111085691 -0.197010756 0.932970226 -0.768968225
 12 0.908161044 1.17880559 -0.372903407 -0.224653706
 13 7.63355196E-03 1.12424648 1.16201353 0.368923336
 14 1.11452460 1.05369246 -0.623093903 -0.559563696
 15 8.11113045E-02 0.774069905 2.00276077E-02 -1.95781684
 16 -0.934367836 0.209719852 -0.402473778 1.04645061
 17 -1.22864401 0.867543697 -0.512009501 -0.760582447
 18 -0.194059506 3.61869931E-02 -1.09996319 1.47014081
 19 0.386106014 0.865870714 1.82262456 0.377323568
 20 -0.558858275 1.44698977 -0.702819586 0.170181334
 21 0.508409739 1.05290627 1.18703544 0.591034591
 22 0.212110639 -0.767021060 0.826188207 0.169743285
 23 0.304655910 0.914171815 0.639220417 -0.683444023
 24 -0.100333303 -0.587019324 0.285990864 -0.743844986
 25 -0.113860853 0.586614311 0.123844162 -1.40630984
 26 -0.533520639 2.21753979 -0.320551932 -0.325528860
 27 -0.859204054 1.20149517 0.335715026 -1.80196524
 28 1.15649974 1.23169684 -0.825641870 0.527242720
 29 -0.555218816 -0.289668530 -0.872722685 -0.425314933
 30 1.21295118 1.64290023 -8.95220041E-02 0.186657965
 31 -0.937198102 0.717145681 0.266002625 -2.42275447E-02
 32 -1.14768839 4.08986285E-02 -0.254312873 1.08749843
 33 -0.566568971 0.985038817 -0.955654681 -0.855436623
 34 -0.772548079 0.179874271 -1.45305777 -0.784321666
 35 0.304002553 -0.502849460 -1.42022359 -0.470169485
 36 -0.323586702 -0.702939451 -0.382977307 -1.07096994
 37 -0.105047196 -0.638633072 -0.887752712 -0.783226252
 38 0.958464742 -8.45199227E-02 1.32955241 1.20052087
 39 0.154474929 0.876515269 0.501749873 0.151258111
 40 0.228088185 1.52259362 -0.588864088 5.33277355E-02
 41 -9.39859822E-03 -0.322480410 -0.765538871 1.20974207
 42 0.167802319 0.260600418 -0.162346572 1.34270990
 43 -0.552397311 1.61174083 -0.195332170 0.165393561
 44 -0.898028255 1.29937649 0.299643040 -0.920696497
 45 -0.930598736 1.79465866 1.37375998 -1.03751922
 46 -0.771835685 -1.46297026 -1.10245168 -0.160689667
 47 0.278854430 0.639278114 -9.37874094E-02 -1.20987797
 48 -1.82619786 -1.49312031 1.28284836 -0.389197916
 49 -0.466040492 0.608606040 -1.66136348 1.12385643
 50 0.231536984 3.01269698 -0.978095233 1.68697381
 51 0.301364452 -1.55090392E-02 0.503377736 0.650864661
 52 1.99554786E-02 1.23614633 0.676357746 1.46894157
 53 0.792228281 0.426793337 -7.55015314E-02 -0.805910826
 54 -1.64902699 0.841122329 -8.49693045E-02 0.480792850
 55 5.12553006E-03 1.50071812 -0.609127283 0.330142617
 56 0.113952465 -0.342910886 -1.26849473 -1.83601642
 57 0.334342420 -0.139707893 -0.796545625 -1.52693892
 58 -0.250759542 -0.549894750 3.90013456E-02 -2.05215120
 59 1.00720203 1.87428367 3.94680053E-02 -0.244044885
 60 -1.18287921 -0.770631433 0.377642184 -1.58548927
 61 1.24148691 0.425287306 -0.338461578 1.83753026
 62 -0.193077117 1.10033846 -0.914982677 -0.340977252
 63 -0.509477496 -0.630887985 0.933699727 0.342582762
 64 0.290819705 -1.49332798 0.600592256 -1.44335103
 65 1.00601017 -9.03578103E-02 -0.882538378 -1.69470668
 66 0.955545485 -0.456790775 -1.37021780 -1.04957223
 67 -1.41744399 -1.64878917 0.736085892 -1.88080680
 68 0.502351761 -3.23203504E-02 -1.10216522 0.822106540
 69 -0.803782821 0.485822529 0.766651511 0.885350287
 70 9.31996182E-02 -0.669670284 -0.901637197 0.615742743
 71 -0.482081711 1.19948530 1.12981117 -0.322517544
 72 -0.226990402 0.311968267 1.78034651 1.05458152
 73 0.112044536 -0.120925151 0.404129505 -0.423952281
 74 -2.08682203 0.636346102 0.242230177 1.25801969
 75 -7.91068226E-02 -1.49227035 0.837605298 1.73652327
 76 0.165199146 0.788619339 -1.30564797 -0.692639232
 77 3.29583399E-02 0.160478562 1.18570995 -1.07966352
 78 -0.125590339 -0.218869150 1.40884781 -1.50437093
 79 -0.216689363 1.27827966 1.78502285 -1.16131210
 80 0.883774042 -0.162159055 -0.566397727 -0.363465488
 81 0.568401992 0.705911636 -1.83857456E-02 -0.194006801
 82 -0.710086346 0.417742938 1.66014910 0.996589780
 83 -0.264952868 1.71804929 -0.168129593 -0.503428459
 84 -0.871517062 1.30357909 -1.15482867 1.27633989
 85 -0.386073411 1.09847450 -1.93212306 0.122442193
 86 -0.261017561 -1.03587425 -0.810564816 -1.08789778
 87 -0.407358289 -3.52826118E-02 -0.755443811 -7.84578398E-02
 88 -2.10464001E-03 0.699163318 0.757157445 1.05936646
 89 -0.320531607 0.976219773 -0.928157210 0.312233627
 90 0.107814118 -3.53670120E-02 -0.113795318 0.996453166
 91 0.137121141 -1.01933753 -0.804367900 0.264470398
 92 1.19580126 -0.612861276 0.236328721 -0.849184215
 93 0.358341694 -0.604124308 0.438831031 -7.06457049E-02
 94 1.23621070 1.13093174 1.01804268 1.21150374
 95 0.921515644 0.252481878 1.91739190 -1.57801533
 96 0.569916785 -0.616286516 1.02149642 0.137446970
 97 0.979807377 0.123230144 1.03752780 0.160401374
 98 0.921401739 -0.617683351 1.11265290 -1.57027972
 99 -0.929828048 1.88139415 0.645274520 -1.55988967
 100 0.195452586 -0.691834688 0.399379045 0.540266991
 101 -0.330955744 0.790999830 -2.07317472 -0.201268166
 102 -0.109221771 0.475837946 -0.497884601 -0.787721395
 103 -0.674423993 0.540090561 -0.682240844 1.03598773
 104 -0.647656977 2.27017426 1.66120410 0.262707084
 105 -0.200333625 -1.15150678 -0.162783921 1.08561015
 106 -0.356038660 0.419061244 0.249106541 -1.79134214
 107 0.665911436 1.00544178 6.51108995E-02 1.28838491
 108 -0.415736586 0.115106337 0.865476847 0.780756295
 109 0.298895717 -0.506755590 0.720172048 0.512292147
 110 0.435804486 -1.80990577 -0.929367661 -1.22432029
 111 0.295134574 -0.324414253 1.07392073 -0.154940456
 112 4.72485349E-02 -2.23201156 1.29826462 0.568323016
 113 0.702422559 -0.621445477 2.12090826 0.542709947
 114 1.32815289 0.704631865 1.49977136 1.84071672
 115 1.25985086 -0.107012853 -1.49357766E-02 -0.500912368
 116 -0.487190843 -1.43221521 -4.71545458E-02 0.201078221
 117 0.266879648 0.150657311 -1.46781123 0.814830482
 118 -0.460351139 0.422407746 -1.11149251E-03 0.125699073
 119 0.461538851 0.258982569 -8.93971026E-02 -1.49405384
 120 0.883422256 1.01397300 1.24075139 -1.11424780
 121 7.75807574E-02 0.110003836 -0.906416655 -1.77625990
 122 0.468826473 0.752022147 -0.624592245 -0.252236545
 123 0.586992085 -1.68093896 -0.710431278 -1.33747220
 124 -0.145142525 -1.61832345 1.50711739 -1.51036000
 125 -8.21739882E-02 -0.692302763 0.178238124 -0.974342644
 126 -0.190230876 -1.17692101 -0.634384453 -0.344289601
 127 0.121903129 -2.02286148 -1.00489080 0.512322843
 128 0.932332098 -1.47507461E-02 -1.64781117 -0.929975390
 129 -1.04067242 -1.18410480 0.393641800 1.06999242
 130 0.604442000 -0.371041805 4.65588272E-02 1.67654848
 131 -1.71612132 1.91354942 0.211643666 -0.721949697
 132 -1.02711856 1.21191216 0.925182641 0.363248140
 133 0.147997051 1.05910230 -0.399003208 -0.135197341
 134 -0.479127049 0.585711658 -1.39322376 -1.15598142
 135 0.212402850 1.88664687 -0.469308227 0.168256909
 136 -0.656705916 -0.398384452 1.25582266 0.549993753
 137 -0.307728767 0.302548617 -0.267426819 -1.32335734
 138 -0.125300422 0.986968517 -0.115382709 -1.31490374
 139 0.476342469 4.18481231E-02 -1.28045928 -0.508941293
 140 0.153113842 -4.67257500E-02 -6.84677437E-02 -0.747126877
 141 0.635227740 0.384041578 -0.312733263 -0.765262485
 142 -0.300088167 -0.105666921 -0.464957178 -0.550213814
 143 -0.160434335 -0.769829988 -0.834785163 -1.64969265
 144 -0.624591827 -0.782117128 0.719975293 -0.958522081
 145 -0.257248759 -9.35199410E-02 1.57198894 -0.231241584
 146 -1.54762220 1.09449124 -0.308584273 0.399017334
 147 0.498602241 0.496487796 0.937316835 -1.54530334
 148 0.264868051 -0.484327346 -1.24560595 -1.12927127
 149 5.05141020E-02 5.24381697E-02 -0.920982063 -0.684983253
 150 0.590549469 1.64539492 -0.909272432 -0.384498447
 151 -6.03857934E-02 0.313543320 -0.481851041 1.88129199
 152 -0.192338705 0.256970942 0.877875865 -8.20912644E-02
 153 0.813043535 0.107488781 -1.50191855 -1.05378437
 154 0.375940442 0.185658649 -0.939497530 -0.883397758
 155 -7.82610998E-02 -0.138414010 -1.14807582 -1.56764245
 156 0.487380058 1.18090367 -0.887334108 -6.97530806E-02
 157 0.651607513 0.700996399 1.20422888 -3.39946300E-02
 158 0.362940460 2.76621652 1.57196546 1.46909726
 159 0.155814946 1.18456149 -0.220947310 -1.81581032
 160 -0.299793988 0.583020926 0.776718438 -1.33840585
 161 0.832042098 0.163203299 -2.42987156 -0.488213807
 162 0.938459158 1.30923140 0.347537816 6.83090836E-02
 163 -0.454723179 -0.485355437 -0.586804926 0.226570129
 164 1.55679584E-02 -5.77618703E-02 -1.47747457 -0.397373319
 165 -1.04104543 -0.519406557 1.75213718 1.32728243
 166 0.514855683 0.308014870 -2.32898331 0.589505911
 167 -0.156403810 2.06723142 0.555332065 -0.167371824
 168 5.05152941E-02 0.491646022 -0.682104588 -0.688882351
 169 0.875917375 -0.507588208 -0.166879535 -1.07193434
 170 9.89136919E-02 0.863427401 -1.47103977 -1.34304929
 171 3.96223068E-02 0.180125505 0.946067452 -1.58820605
 172 0.403741539 0.664403021 -0.226686716 1.04096520
 173 0.332948506 0.423387378 0.852568388 1.37962842
 174 0.976232529 -0.111214280 -0.157539800 -0.114638209
 175 -0.781167686 0.610630214 1.60691702 0.259463191
 176 0.190842867 -0.240275115 7.42129758E-02 -1.57710910
 177 -0.112756938 -0.458552122 -1.48474038 8.37062523E-02
 178 1.25735021 1.02183354 -1.02022243 -1.77065766
 179 0.357266903 0.314682394 -0.109438196 -0.412859321
 180 -0.189208716 1.58028185 -0.122359455 -0.461062372
 181 0.506934702 0.434074849 -0.985705256 -1.45578909
 182 -0.188916177 0.478257537 0.821374357 1.88397145
 183 0.133893520 1.46727002 -0.105260864 -0.574073851
 184 -0.299555719 0.399151266 -1.06138587 -1.53935480
 185 -1.16079140 0.729041994 -0.349704236 -0.840776622
 186 -0.683427453 1.31288981 -1.05415821 0.361969948
 187 -0.306284606 0.137225732 0.182041436 -1.45153689
 188 -0.350585997 -1.75210941 0.879137039 -0.974247873
 189 0.599960029 0.440047383 -1.09219623 -1.13587081
 190 0.691784561 -0.292024016 0.602622807 -1.60180879
 191 -1.50037259E-02 1.60516191 -2.03891253 -1.91156721
 192 1.32293010 0.250599414 -0.679544210 -0.666930556
 193 2.21941769E-02 0.762790680 0.924709797 -0.329829842
 194 -0.938314974 -0.112925500 -2.14021778 -0.880895555
 195 0.215157196 -0.243887797 -0.658511639 -0.759693086
 196 0.705972731 0.821440697 3.09307985E-02 0.469854474
 197 0.201016799 0.256184280 0.112886868 -1.05108833
 198 8.37616473E-02 1.02661419 0.135063767 -0.327296495
 199 -0.504336953 -0.298631072 -0.714577615 -0.606088638
 200 -7.93995783E-02 -0.396644056 -0.425523132 -0.546998858
 201 -0.329411924 0.576882541 -0.304996073 -1.98704529
 202 -1.05814993 0.438760638 0.995380521 -0.827092826
 203 0.263302058 1.22792459 0.449777037 1.21337759
 204 -0.334638000 -1.45404184 -0.117460012 -0.376942694
 205 -0.537431359 -0.116753437 -1.07721019 -8.16038698E-02
 206 -0.899346352 0.354218841 -0.472627133 -0.748130918
 207 -0.283977479 2.63575912 -0.560154319 0.250820816
 208 -1.58631575 -0.862822354 -0.575334489 7.04628229E-03
 209 -1.09460652E-02 -0.383364528 0.661561370 1.05847657
 210 -0.916882575 0.177282706 -3.55492234E-02 0.809916258
 211 9.38824192E-03 6.24008924E-02 0.290215760 -1.03625703
 212 -0.843541265 -1.22136891 0.764314950 -4.89215031E-02
 213 0.649401665 0.481987596 -2.76364386E-02 0.463603228
 214 0.208551228 -0.298767686 -1.42963910 0.396717250
 215 1.12978530 -0.341528326 -1.02954602 -0.147621751
 216 -0.744541287 1.87776446 -0.300843000 0.742719769
 217 6.08504415E-02 -0.787335515 2.23655343 0.177612603
 218 0.982820749 0.378422797 0.703539014 -0.458719254
 219 0.243959934 0.649652362 -0.296572864 -1.34269249
 220 -0.436364740 0.595640302 1.82194078 7.80613720E-03
 221 0.135170475 -3.78528535E-02 0.209159255 0.251311600
 222 5.02385348E-02 -0.543629110 2.43586111 -0.769474089
 223 -0.214945421 -0.504483223 0.565042913 -1.50565779
 224 -0.696182191 0.286527336 0.593976021 0.452352047
 225 0.255096674 2.20585275 1.18605363 1.40464079
 226 0.496931583 0.138793185 0.953613758 -0.929224014
 227 0.104395062 4.53299619E-02 -1.25972247 1.23483896
 228 0.412628323 -1.15966356 1.53029549 -0.543058991
 229 -0.450620055 -0.483842731 2.51154378E-02 0.165376797
 230 -0.693904936 0.535805821 0.517161906 -1.06545627
 231 0.745293558 -0.761299193 -1.01727104 -1.84932005
 232 0.507171392 1.92199647 2.02872658 0.297257841
 233 -0.137942612 -0.420865715 0.198459968 -0.754679322
 234 -0.122791208 -1.41834545 -0.113133192 -1.61694586
 235 -0.131953478 0.571501076 0.584229290 0.965702474
 236 0.762524426 -0.121708632 0.771840513 -0.611258566
 237 -0.925284386 0.466393918 0.693946600 0.308685303
 238 0.501264751 1.35641241 0.726753831 -0.242036045
 239 0.812657356 1.61590219 -1.17528796 -4.64944765E-02
 240 0.227032989 0.869007230 -1.05559969 -1.11032295
 241 -0.728282571 0.467677295 0.369739801 -0.796782613
 242 1.61804175 0.433464468 1.51126206 -1.33589184
 243 -9.86685902E-02 0.492665470 0.433267772 -1.69002962
 244 0.171167821 1.65597284 -0.454689652 -0.164346665
 245 -0.871830702 0.612609267 -1.60543692 -1.83288169
 246 -0.109594733 -0.717421532 1.21800196 -1.55236328
 247 -0.948071003 -1.11243296 1.26505423 -3.79449129E-03
 248 -0.158677414 0.444333076 -2.27219748 -1.60474312
 249 0.436584473 0.371397257 0.311940372 -0.447539985
 250 -0.297896922 -0.225526765 -0.617779434 5.11169732E-02
 251 -0.318781167 -0.959644318 0.386486679 -0.953326344
 252 0.197021559 1.44120419 -1.56475139 -0.614920259
 253 -1.25837624E-02 -0.906518400 0.100306720 -1.79102230
 254 -0.357738793 -0.471660078 -0.976586878 -1.32362747
 255 -1.24128938 -0.780967474 -7.76927173E-02 -1.08679676
 256 1.15248179 3.92878056E-03 8.46600384E-02 -0.678355396
 257 -0.102650024 -0.839363396 -0.107478172 -0.731839895
 258 0.126900733 0.459314972 -1.11873567 0.275271773
 259 -0.385964006 0.181081221 -1.07955062 0.157318175
 260 -0.271929502 0.148713186 -0.705344200 2.68218946
 261 -4.05693613E-02 2.26495552 -1.19448781 1.95929325
 262 0.491766930 0.475810707 -0.339607209 -2.72623375E-02
 263 0.973235905 -0.634779632 0.137521237 -0.202257544
 264 7.28974119E-02 -0.507886589 -0.275563657 -1.66017163
 265 0.160477594 0.836793065 0.582503676 -0.479022801
 266 -1.11944127 -1.04198515 -0.240725353 -8.21461976E-02
 267 -0.245272517 -8.35788324E-02 0.241663665 0.241049796
 268 0.302458525 0.886954546 7.40001500E-02 -0.109174110
 269 1.14098871 -1.52774191 -0.906708956 -1.37053776
 270 -9.65410173E-02 1.87944984 -0.593279660 -0.839874864
 271 0.129745781 -1.37268054 9.44025367E-02 -1.29979348
 272 -0.466252923 -0.251572788 0.114412248 1.20681965
 273 -0.229166031 1.10034704 0.160531566 1.19014597
 274 -0.684633374 -5.24269938E-02 -1.52920842 1.03866315
 275 -0.980088890 -0.771033704 -7.22584128E-03 -0.380100131
 276 -0.234960854 0.715509892 -1.56903780 0.790051877
 277 0.611847818 0.557928443 1.61970961 -0.736702859
 278 0.534970343 1.01781130 -1.09263659 -0.661261439
 279 0.181227982 -0.379379690 0.470574498 -0.266706079
 280 0.342045009 1.77665114 0.760426521 -1.70449197
 281 -0.139552966 -0.622017384 0.587294340 -0.424151570
 282 0.393527091 0.459332675 -0.801517129 -1.69104314
 283 -0.835220158 1.72850215 0.564099193 -0.172975451
 284 -0.455398977 -1.34490097 -0.151198864 0.564310908
 285 -0.498527616 0.259467989 1.32832503 -1.58869445
 286 -0.137315080 0.181181937 1.06601918 0.241646469
 287 0.228215665 -2.31229687 0.354694217 -1.61781824
 288 1.17826855 -0.524868011 -1.69497013 -1.48809397
 289 0.517164648 -0.617113352 1.28341651 -0.959393442
 290 -0.455770135 -0.136971712 -3.25391963E-02 4.04287986E-02
 291 0.101914525 -2.45236182 1.06380656E-02 -0.719923258
 292 0.256911844 0.327300012 -0.814281344 5.33737317E-02
 293 -0.741978467 -1.38097882 0.243461668 -0.226844043
 294 1.05081952 5.51131293E-02 -0.768552899 -0.961245954
 295 -0.458530396 0.651320577 -1.21147084 -1.44365692
 296 0.536779165 -0.908987939 1.53843606 0.757052243
 297 1.27516234 1.83519816 -0.198514074 2.08359647
 298 -0.561951518 -0.406963706 -2.00717735 0.146390051
 299 -0.326890886 -1.83588398 -1.14386010 -1.01880980
 300 -0.578820229 0.112200975 -0.335436523 -1.35289001
 301 -0.244778216 0.238403082 -0.782067776 -0.924855232
 302 -0.612556994 1.05114448 0.230094433 1.02836382
 303 1.45660150 0.623259902 0.171677142 -0.490120232
 304 0.659694314 -0.456189394 -0.247939736 -0.359619498
 305 -0.254273385 -0.210034728 0.749792695 4.80845869E-02
 306 1.11810827 -0.586185455 -0.230661392 0.194035918
 307 -0.237428844 -0.982563019 1.41387570 -0.869797647
 308 -0.515343070 0.980862796 4.07735109E-02 0.616040945
 309 -0.239991337 -0.740598381 -0.383685023 -0.696212530
 310 0.619356513 1.23407125 -0.203279421 0.696452141
 311 -0.106152497 -1.64639378 0.585571587 -0.289221853
 312 -0.323793411 5.01950979E-02 0.928937852 -1.86367238
 313 -0.470315874 -0.658844233 -0.558039546 -0.608114719
 314 -0.591307282 1.36917949 -1.15229666 -0.462812990
 315 0.254551530 -1.66839874 -0.394860208 -0.302832365
 316 0.756451666 -1.60496187 -0.635599613 -0.974939942
 317 -0.826894164 -0.399959683 0.970516086 -0.971153855
 318 0.342441052 0.546629906 0.522570133 -0.296548426
 319 -0.176308453 5.92175126E-03 1.36930561 -0.630066156
 320 0.838916838 -0.589877248 -1.24755597 -0.694017529
 321 0.434842169 0.186133340 1.59159005 1.36257720
 322 0.507156849 -0.860659599 -0.617425859 -0.598866642
 323 0.851725578 1.03483164 2.23949313 -0.242277265
 324 -1.13337636E-02 -0.675282896 -0.395313770 -0.847643912
 325 -0.797912121 0.848933160 -0.248196214 -0.240454823
 326 6.53470904E-02 0.813125014 0.819922209 0.414956331
 327 -1.03812671 -0.102190837 0.151792958 0.221759021
 328 -0.287530094 4.92187552E-02 3.31071112E-03 -1.07373798
 329 3.86426747E-02 -1.84761360E-02 4.74981740E-02 -0.794280589
 330 -9.41759720E-02 -0.984374762 0.521711648 0.258301526
 331 -0.605683267 1.61232293 0.859306514 -1.57276225
 332 -2.82128155E-03 -0.840822995 1.14501989 -1.01865172
 333 3.29790339E-02 -0.118355900 1.35658085E-02 0.420814395
 334 -0.439889282 0.920933843 0.471260786 -1.02841890
 335 -0.819361448 -0.970782816 1.75242543 0.789363921
 336 0.153482720 0.144648224 1.29987025 0.748605072
 337 -0.351588666 0.268095046 1.33036864 0.797791660
 338 -5.80001622E-03 -0.275769055 0.764126539 -0.671464920
 339 -0.164027229 0.247966617 -1.37836754 0.775132418
 340 -1.70830452 0.632307172 0.578009069 0.390985906
 341 -0.325905442 0.958375096 7.64241815E-03 0.826812685
 342 0.783964097 0.195367903 -0.212347746 -0.469452232
 343 -0.287427068 1.18642855 1.27874458 0.487276554
 344 -7.84270316E-02 0.481450140 -0.395674318 -0.974179506
 345 -0.419544995 -0.658821225 -1.27090824 0.842434525
 346 -0.193803936 -1.77271414 1.55184042 -0.810247302
 347 -0.481545329 0.457784057 2.06780744 0.678809285
 348 -0.531309187 -0.678923845 -6.26868755E-02 -1.76810467
 349 -0.689627111 0.151006088 0.701882362 1.00518668
 350 0.382778019 -0.136851311 0.841846704 -0.738261700
 351 0.964110851 -0.860909879 -0.262389034 -1.28448927
 352 -0.217248738 8.00887868E-02 -0.201800257 -1.61041367
 353 -0.532917738 -1.30972922 -0.720948279 -1.58607495
 354 -0.793004155 1.38154745 0.948357105 0.139489621
 355 0.272292972 0.522764027 0.363535017 -0.100941829
 356 -0.545000792 -0.833440840 1.55310929 -2.01624012
 357 0.400619924 -1.22483540 -0.308339685 -0.173206717
 358 -1.13566279 0.744075954 -0.186725169 3.81576940E-02
 359 -0.421489656 -1.29370153 0.910353065 -0.432187319
 360 4.60635386E-02 -0.404060334 1.31547010 1.13882697
 361 -0.550227284 -2.61470675E-03 0.100521237 -0.674888253
 362 -0.225002557 0.696089625 -0.495871484 -0.667461753
 363 1.29472125 1.27704906 1.52597249 -0.938042641
 364 0.591302633 0.817556620 -0.699545026 -0.293562889
 365 -5.77090457E-02 0.774728358 1.82045472 0.188217357
 366 0.852247536 1.31998742 -0.516577005 -0.368982702
 367 -0.378735065 0.570244253 0.200104102 0.400743693
 368 0.405973077 -6.45096675E-02 -0.339096725 0.392100185
 369 -0.416858673 -0.536837876 -1.01359093 -1.15176320
 370 -0.290272832 0.862448931 -0.217872769 0.790816188
 371 0.449342072 1.46227670 1.03740990 8.90723839E-02
 372 0.979607165 0.768377542 1.00924158 -0.148381889
 373 -0.798436880 -0.915358961 -0.147364914 -1.76000881
 374 -0.854194105 -0.151629180 -0.592268348 -0.846166313
 375 0.422272563 -1.61267436 -9.22074616E-02 1.35595572
 376 8.12637061E-02 0.483628541 2.30321169 0.766061127
 377 0.279720008 -1.60519719 -0.701454878 -1.25598741
 378 0.199292958 -1.44318151 6.09805137E-02 -0.326520115
 379 7.35428929E-02 0.179408997 0.535968840 -1.73782957
 380 0.983058214 -1.10224044 -1.33408189 -2.67803445E-02
 381 0.191469729 -0.604606986 -0.160936341 -0.564463675
 382 -0.351873398 0.774520040 -2.38588452E-03 -1.09708309E-03
 383 0.567029297 -0.687236428 0.699686587 0.434133261
 384 -0.487172961 -0.912512243 -0.712899804 -0.138090953
 385 -1.82554498E-02 -0.777081609 1.04244316 -1.24688792
 386 -0.267518997 0.215997577 -0.105036624 -1.46264434
 387 -0.522090733 4.80387509E-02 2.35215354 -0.487763941
 388 4.50916477E-02 0.264289945 0.291621834 -0.679581165
 389 -0.179326937 0.645358920 1.24804354 0.229484499
 390 1.03082156 0.632372141 -2.24022388 -0.221801460
 391 -6.12544492E-02 0.462936759 -0.456344306 -0.398037851
 392 0.704240859 -3.74298990E-02 0.601758301 -0.182602510
 393 0.499969363 1.12042725 -1.72094488 0.625420451
 394 0.316799074 0.726115286 -0.598713398 6.97700679E-02
 395 -1.45029116 0.421301425 0.744862139 0.953129232
 396 -0.313928068 -0.553262830 1.44335258 0.841659784
 397 -0.618642330 -0.955611587 1.02734292 -0.495148808
 398 1.08618140E-02 -1.85171354 2.08460784 1.30797732
 399 -0.369761080 0.706333280 -0.314416349 -0.425036997
 400 0.963212132 -0.833710492 -3.22082266E-02 0.466570735
 401 -0.515262425 -0.754749060 -0.795740724 0.645505786
 402 -0.770176411 -0.171255484 0.405334681 1.50159764
 403 0.214238942 -0.215867445 -1.31967044 -1.61270833
 404 1.05462480 -0.962329149 -0.786527514 -0.304969996
 405 -0.309450835 0.242526740 -0.421479881 -0.425623208
 406 1.21106839 1.25604725 0.831927896 2.00671673
 407 -0.186747611 0.486220628 0.201523215 -0.549462736
 408 2.54855230E-02 0.337245792 -0.804513335 -0.568574250
 409 9.05689299E-02 -1.16844332 0.557905078 -0.460131824
 410 -0.355275959 -0.137331456 0.919228017 -1.25427330
 411 -2.36746073E-02 -0.604164422 -0.127379954 0.777114511
 412 0.122447819 0.297491640 -1.61175990 0.420733005
 413 0.329422176 -0.773616493 1.89398620E-02 0.968883514
 414 1.06941378 0.227777839 -0.847276390 -1.98708415
 415 -0.802663743 -0.679111004 0.748372555 1.67523217
 416 -0.233912677 0.747157514 -0.808363557 0.559420824
 417 -0.315010846 0.865002513 -0.616618037 -0.238495260
 418 0.774476469 1.74163365 8.24372023E-02 -0.213482961
 419 1.17189586 1.58332407 -1.12475264 1.67669368
 420 0.195687920 -0.538201928 1.10363781 -0.203826308
 421 2.32404396E-02 -4.01220173E-02 0.416540772 1.83467269
 422 0.871584058 -0.510889053 1.61633980 -1.11522555
 423 0.435774207 3.76312137E-02 -0.711659014 -0.351611584
 424 0.209849715 0.344090104 2.03626204 0.408780932
 425 0.882282197 -0.542434692 0.446359754 -0.958453596
 426 -9.75771770E-02 0.407585770 0.886108816 0.399919480
 427 0.239618704 0.809896827 -0.261065602 -1.74059784
 428 0.660981476 0.392560720 5.37189692E-02 0.684311688
 429 -1.02630019 -0.785827875 -0.920326233 -1.06126606
 430 -4.19529900E-03 1.61667216 -8.51057470E-02 1.87665415
 431 1.33526254 -0.574885488 -0.742539406 -0.634387493
 432 -1.40638936 -0.288820863 1.41654789 -0.477822959
 433 0.873019338 2.03105187 -0.732072115 0.627739370
 434 -0.321274072 -0.772213161 -0.452720851 -0.233746916
 435 0.648935616 5.98020963E-02 -1.05461740 -0.960070372
 436 -0.332860440 9.40705687E-02 -0.107377827 1.32499456
 437 0.107218809 1.06234825 -1.01490927 0.487930566
 438 0.445369869 0.332256794 1.19319534 1.06557679
 439 -0.520403922 0.939607739 -1.50719941 0.607878447
 440 7.98037089E-03 0.227528051 -1.26296616 -0.557055950
 441 0.259188652 -0.293941021 1.00168574 8.13039541E-02
 442 0.960338771 0.350857884 -4.56601083E-02 -1.68079698
 443 -1.02926016 4.68577743E-02 -1.09857535 0.574516237
 444 1.43748447E-02 0.874795377 0.167085320 -0.914478540
 445 -0.311712086 1.54509938 0.635883331 -1.66112733
 446 1.31928742 -0.108146906 -1.01395035 0.180007681
 447 0.654070318 -0.610415459 -5.02249748E-02 -0.417427033
 448 5.25835156E-03 0.698412120 0.432650238 -0.489624023
 449 -0.857386351 -1.37243140 0.362366110 0.124767825
 450 0.278846383 -0.232029915 -1.17253649 -0.689436376
 451 0.231335968 -1.74201775 0.636437535 -0.927577257
 452 -0.331025481 0.164135411 0.765972018 -0.303362817
 453 -0.728314281 0.916059673 -0.182991356 5.50443642E-02
 454 0.247378066 0.970806777 -1.65918148 1.20497191
 455 -0.824323595 -0.426306218 2.30476558E-02 -0.727001786
 456 0.726568341 0.423673153 0.612609923 -0.311376035
 457 0.433640629 -0.883862495 1.46438611 -1.35214508
 458 -0.424670219 -0.531690478 -0.779563785 -0.359856009
 459 0.130617470 6.63773268E-02 1.36488557 0.744293272
 460 -0.220965192 -0.508930564 -1.88190711 -1.27556050
 461 0.330294579 0.600751400 2.73816437E-02 -0.755867541
 462 -0.763040960 -0.606478631 -1.73382390 -0.869045019
 463 -0.202093825 1.72554517 -1.61253369 -0.796813965
 464 0.586111069 0.939950585 -0.524589181 9.98512208E-02
 465 0.361180812 7.70831853E-02 -1.29095292 -0.176263481
 466 1.93335414 0.394945174 -0.347220719 -0.970138192
 467 0.539410710 1.33948994 0.369823903 0.110687673
 468 -9.62809399E-02 1.08420253 0.433812648 0.328017116
 469 -0.410255611 -0.503314674 0.324206650 -0.471823990
 470 -7.08412752E-03 1.49749964E-02 -1.25543547 -0.945930243
 471 0.573607743 -0.694618702 0.221152067 -0.123910338
 472 -0.229603767 0.250355214 0.441507578 7.54874945E-02
 473 -0.225595400 -0.318932652 -0.707115710 -0.573194563
 474 1.08785582 -8.24398249E-02 0.425271302 -0.260515451
 475 1.02242577 0.307113945 -1.25443017 -0.797113597
 476 -0.208288968 0.175794065 -7.47287124E-02 -0.760741293
 477 0.570522606 -1.16336453 1.20752966 -1.61104250
 478 -0.846147537 -0.405729234 0.808130741 -0.725521684
 479 -0.226749420 -0.167324856 -0.776236176 1.29845893
 480 -0.168534547 0.808170497 -0.697595417 -0.618170381
 481 -0.166114777 3.31830606E-02 1.58771694 1.00267768
 482 1.20626390 -0.744050622 -0.507179260 0.125688359
 483 0.308475614 0.727384448 -4.70204651E-02 0.789459229
 484 0.107490569 -1.04935420 -0.775494695 0.352497518
 485 0.617545366 0.205267832 0.307641506 0.546330929
 486 8.15985501E-02 1.75300479 0.416331053 0.319009393
 487 -0.816851735 2.33534002 -0.914709806 1.06000435
 488 -1.27925396 0.202915296 0.270117074 -0.184253693
 489 -0.526233613 2.00234532 -1.09721255 1.34504163
 490 -1.38330328 0.399317086 -1.53174043 -1.32026172
 491 -4.55318242E-02 -1.80644691 0.796768308 -1.15615702
 492 0.602126241 0.666002810 -1.34505653 -0.616200864
 493 0.660965443 -1.40549731 -0.302269518 0.173180133
 494 -0.816867054 1.08218884 -1.27102566 0.801973701
 495 0.527377844 -1.40877032 -0.223090202 -0.514824867
 496 -8.91358554E-02 3.49117517E-02 -1.48315597 0.575084865
 497 -0.464475930 1.64490223 -0.199781194 6.47263899E-02
 498 -0.345827490 0.178419963 -2.68911533E-02 0.145385265
 499 -0.821619511 -0.637958765 -1.85063517 -0.573823750
 500 -0.821854711 0.433584571 0.109368801 -0.351089060
 501 0.150961339 -0.134488955 -1.56051362 -0.469118088
 502 -7.18413144E-02 0.923058689 1.70859718 0.713562131
 503 -0.915928602 0.343503594 -1.01196635 0.124567837
 504 0.188022330 -0.281961292 -1.52832770 -0.792650580
 505 -0.167267501 -0.309033811 -1.24815941 -0.341612279
 506 -0.411688536 1.40719342 -1.16442382 -6.04642034E-02
 507 -0.164645910 1.42452168 -1.14778042 1.05523813
 508 0.766854763 1.22414696 -1.37336946 -0.503531039
 509 -0.398465306 1.26378313E-02 1.60511839 -0.730191112
 510 -0.706052244 -0.260790080 -0.654324114 -0.846942008
 511 0.200416058 0.140183553 0.523160219 -0.670851946
 512 -1.40013492 -0.461281121 -0.377593815 -1.29665792
 513 0.184543058 0.760825634 -0.911284387 0.352446079
 514 -0.576163590 -0.271691442 -0.396196693 -1.86948562
 515 0.778094351 -0.298938870 0.991272569 1.40268743
 516 0.120051965 0.854223728 0.560109496 -1.63206387
 517 -1.16017401 -0.934488058 0.674076915 0.889342070
 518 -0.668433607 -0.442565203 0.807731390 1.94898081
 519 0.172888532 -0.269306093 -1.72837436 -0.163446829
 520 0.524680793 -1.74609363 0.909977019 -2.03997588
 521 0.933350623 -0.520246923 1.01586759 0.290619344
 522 -5.62441796E-02 -0.818677187 7.39192814E-02 -0.665182531
 523 1.12175597E-02 -0.456584364 0.724970222 -1.90042233
 524 0.624614835 -0.783747792 -0.257185042 0.487404972
 525 0.301067680 -1.22543120 -1.59782693E-02 0.271163106
 526 -0.613812685 1.30290651 2.97811317 0.542531192
 527 7.87158608E-02 0.329206407 1.52012157 -0.768056691
 528 1.21932924E-02 -0.662746966 1.64992750 -1.87912631
 529 1.40218711 -0.409269363 0.691404045 -0.652040362
 530 -0.630878806 -0.660912514 -1.26013160 1.17057371
 531 0.594357252 0.213378668 1.14750290 -0.825205386
 532 0.650533199 0.303667158 0.749821782 3.45131457E-02
 533 -0.807296991 0.681280673 0.644072890 0.419537008
 534 -0.510385334 9.46013033E-02 1.44267356 -0.339210868
 535 -0.302957118 -0.446951807 0.131308377 -0.177729651
 536 0.587664902 0.541393399 0.145910695 0.367357910
 537 -0.438452095 -0.398406476 -1.28551412 -1.76501679
 538 1.06525600 1.19867706 -2.22755933 -8.74517113E-03
 539 -0.815294921 -0.253484547 4.60395105E-02 0.950723886
 540 -0.648196459 0.551153123 0.415238440 1.74307978
 541 -0.637097836 0.952321470 1.59557509 3.53663266E-02
 542 0.776823580 0.985720038 0.410214871 -0.163179249
 543 -0.106853262 1.27266347 0.370089918 0.791202307
 544 -1.08997607 0.440205097 -0.368867010 -0.372766852
 545 -1.33595252 0.732910335 0.538777292 1.17308748
 546 2.30750144E-02 1.32873785 -1.96067154 -0.880979896
 547 -0.877951086 -1.58304858 1.48146319 0.304408520
 548 -0.359140038 0.922659278 1.60863447 1.37293220
 549 -0.401253521 -2.63590217E-02 0.513629258 0.290060669
 550 0.158866838 -0.583727837 0.507676959 -1.50615263
 551 -0.279080689 0.484745562 0.651830018 -0.921550989
 552 -1.14527583 0.872053206 1.99725521 0.468083650
 553 -4.64342535E-03 -0.938259363 8.37817863E-02 0.966147900
 554 -0.248487428 -0.696583271 0.372646272 0.842130303
 555 0.251539290 -0.411902875 0.890194893 -0.505076885
 556 -0.389107406 1.13400030 0.196602196 1.75768912
 557 0.694387436 3.14602089 0.696988583 -0.845311821
 558 0.747630596 1.01956737 -5.14732897E-02 -0.725189328
 559 0.539706469 0.696096480 1.12666082 0.606747866
 560 -0.551368117 -1.32142389 1.44987118 -0.767568052
 561 -0.535000384 -1.14558220 -1.07380295 0.565267980
 562 0.486386657 1.04021323 -1.23479760 -0.386826009
 563 1.87325001 -9.11410749E-02 -0.426144719 -0.496990561
 564 -0.494383007 0.720751703 -0.553138256 -0.604931235
 565 -0.354914367 -0.882860243 0.930516362 0.216812998
 566 0.110241517 -0.655591249 -0.732928038 -0.553850353
 567 -0.992465138 -0.888731241 -0.216676086 -1.91096365
 568 0.801461041 3.78079228E-02 -1.41413435E-02 0.141590774
 569 7.39434659E-02 0.760177493 -0.498044789 -0.178753778
 570 0.587493300 1.89791906 1.22209144 -1.11295652
 571 -0.439610898 -0.357291758 0.820394635 1.37553960E-02
 572 0.387170315 -0.524902523 -0.233169824 1.07344782
 573 0.469823122 0.838731945 -0.529964983 -0.790311337
 574 -0.690985322 1.09656644 -0.598384500 -1.27118027
 575 -0.318756044 1.22754478 1.31692767 -0.995239019
 576 -0.261856496 -3.56279612E-02 -6.50890172E-02 -0.444683075
 577 -0.297101021 1.38494956 -0.566005707 0.713557124
 578 -2.94160098E-02 -0.125606686 0.712828040 -0.433148623
 579 1.05417609 -1.60566437 -0.156999126 0.507544339
 580 -0.450598866 -0.139018506 -0.476237476 -0.735873044
 581 -0.213452607 1.88317060 0.901440918 1.38400507
 582 -0.392135352 0.616898000 -0.835347652 1.37532341
 583 -0.740906715 -0.919642389 0.347129524 1.36318660
 584 -0.202672601 1.10529387 -0.142541319 -0.342293262
 585 1.25791657 1.11654735 0.177371114 -6.83355331E-02
 586 -1.40832675 -0.944826066 -0.346828610 -0.848136663
 587 -0.345301092 1.97681522 -0.655411124 0.313616335
 588 0.738144219 0.539185524 -0.149926960 0.382065743
 589 0.489527643 1.94866467 0.952211797 -0.231077582
 590 0.532884717 2.02500153 0.899402022 1.20351464E-03
 591 0.616606653 0.928794265 -1.07226264 0.309175700
 592 0.249111086 2.43025589 -7.39909708E-03 -1.28837669
 593 5.08867577E-03 -0.535283685 1.42647350 -1.06197858
 594 0.521816850 -0.381653190 -7.54018798E-02 1.23847628
 595 -1.03602743 0.333558708 0.887895823 -1.11287916
 596 -0.249663457 0.240689144 0.594427109 0.287935317
 597 1.07261312 7.74613321E-02 -0.972857177 -0.829368889
 598 0.242259085 0.687265277 7.81303719E-02 0.241374791
 599 -0.169453025 -0.442136258 -0.224759191 0.513719559
 600 -0.132141113 -2.79338384 0.719470680 -1.22047043
 601 -7.73882568E-02 1.27630162 0.578428090 -1.00585020
 602 0.204792663 0.993198991 0.694438040 0.356488973
 603 -0.102332905 2.01000166 0.645805180 0.874129236
 604 0.319855124 0.915863216 -0.617870927 -0.849884808
 605 -0.159202397 0.718925774 -0.899626374 -8.87840539E-02
 606 0.421964437 -1.80413604 -0.847342372 -2.09639072
 607 -0.870444655 -0.581197500 -0.656381011 -0.203944594
 608 -1.05993330 9.07922238E-02 2.27647567 0.995068073
 609 0.803642094 -0.545182467 0.422970772 -0.765975595
 610 -0.308301598 2.65070653 -2.06740189 0.297068357
 611 0.122741863 -0.506318092 -1.20862675 -1.08789635
 612 0.697254181 1.85854101 0.308491230 -7.37456754E-02
 613 -0.415813953 0.703220546 0.478474051 0.789651573
 614 -0.451385766 1.91282153 -0.478948951 -0.416619897
 615 0.562568784 0.668821275 0.364200711 0.108648837
 616 0.910173833 0.869880319 -0.414927006 -2.04418516
 617 0.201931596 5.26133776E-02 1.34098816 -1.82949924
 618 0.548636436 6.83189481E-02 -0.214351639 0.152331442
 619 -1.47647709E-02 0.355131984 7.91630670E-02 -0.563765764
 620 0.930522263 0.353926063 -1.08144224 -0.969744444
 621 0.730508387 1.27117336E-03 0.262774289 -0.802545130
 622 -5.05677871E-02 -0.333388150 -2.42607999 6.74553886E-02
 623 0.366358101 0.281848282 4.12687585E-02 -1.30207515
 624 -0.422596097 -1.25478065 1.26449597 -0.785057664
 625 0.276333839 -0.492286503 -1.60964823 0.698721111
 626 -0.677849472 0.582470834 -0.400092006 0.327821851
 627 -0.638965666 0.677329361 -0.888765812 -0.404884040
 628 -4.38246131E-02 -7.44562000E-02 -0.875566423 -0.545631170
 629 -1.19383788 3.70902270E-02 0.635595024 -1.58316875
 630 0.933954597 -1.61532688 -0.828129172 -1.49852467
 631 4.27575856E-02 0.189525902 -0.757533789 0.470193386
 632 -0.356769204 0.445455611 -0.928560793 -0.497259319
 633 0.202755630 1.26088393 0.577328265 -1.11079562
 634 0.232789800 -0.645360172 -0.114411294 -1.51132345
 635 -1.68068409E-02 -0.716985703 -6.48744404E-02 -0.717139840
 636 -0.535978436 -1.30497456 -0.178454131 -0.281589508
 637 -1.10418451 1.06461656 -1.09976375 -0.887125850
 638 -7.50898048E-02 0.599383652 0.927198887 1.57389724
 639 1.12460005 -0.323746145 -2.51771510E-03 -1.11491191
 640 -0.466247380 0.730129004 -1.17658281 -1.08022642
 641 0.298087776 5.20355999E-02 0.661777616 0.207698673
 642 0.324118346 -0.628362119 -0.303926140 0.840548038
 643 0.310020268 0.177610666 1.58148348 -1.15102494
 644 0.311773688 -6.36850297E-02 0.184191734 0.391071558
 645 -0.124334574 0.241838798 4.48998064E-02 0.560374200
 646 0.466786504 -0.638530254 -1.13220406 -0.265758485
 647 -0.183429927 0.399007142 -9.20666307E-02 0.922128499
 648 1.00639164 0.281007051 -8.99544433E-02 0.613452435
 649 -1.93221712 1.25535715 0.892788768 -0.413675129
 650 -3.08578312E-02 -1.08175945 -1.17257714 0.753081322
 651 -0.636175931 -1.15866017 8.68316889E-02 0.462747663
 652 -0.444812149 -1.21391535 -0.568477154 -0.621878445
 653 -3.03381979E-02 1.32306957 0.166296929 -0.920236230
 654 -1.05437028 -0.508085847 -0.417275965 -0.270856738
 655 -1.24733531 6.60185963E-02 8.17840099E-02 -1.03234589
 656 -0.140467778 1.78701663 0.771203399 0.102450371
 657 0.324920833 0.885399222 -0.646762848 7.77551755E-02
 658 -0.387216121 0.683461249 -0.618651092 -0.929926991
 659 -0.464679718 -0.523292840 0.387647927 0.809356451
 660 -1.11413813 -0.795924962 -0.460527837 -2.26992667E-02
 661 -2.30260193E-02 0.481633753 1.76308596 -0.877228320
 662 -1.20651960 0.414854437 1.56541324 -9.13971364E-02
 663 0.934990287 -0.206690550 -1.24051297 -0.210637510
 664 0.998305500 1.24699330 0.588898480 0.930072367
 665 -1.09773874E-03 -0.720095277 0.988272727 -0.993163109
 666 0.342891067 1.09872282 0.387949467 -1.52617991
 667 0.172661006 1.18760383 -0.198883772 -0.855244040
 668 9.23139974E-04 1.50175190 -6.74398988E-02 -0.301667988
 669 -0.974672556 -0.211612508 0.786080599 -1.92576125E-02
 670 0.727595329 0.606747746 6.29455894E-02 -1.89475477
 671 0.140341505 -1.05543089 -0.910319030 0.792416990
 672 -0.261325330 1.34529829 1.36724949 0.248247549
 673 -6.07905984E-02 1.65152729 0.919336379 0.516807199
 674 -1.11743867 6.78723827E-02 1.82146919 -2.02513456
 675 0.363804668 0.523265719 1.97837055 0.991991639
 676 0.453801960 0.597880960 -0.922640920 0.763046980
 677 0.261271864 1.43119144 -0.521409392 -5.91904819E-02
 678 0.678660035 0.428325325 -8.76757652E-02 -1.38995099
 679 -0.383283347 -0.906689167 -1.19029081 -1.34147906
 680 -0.200502306 -0.160902679 -7.19144195E-03 -1.24484789
 681 -0.241349995 -0.140392423 -0.688976705 -1.86724710
 682 7.19178990E-02 0.619057536 -1.06004179 -1.17467189
 683 -1.33625293 0.522360086 2.01416612 1.70953822
 684 -0.488460004 0.908117712 0.202458963 0.128410965
 685 -0.378465533 -1.09935582 0.302624792 -1.18669069
 686 -0.474145055 -1.29089284 0.467171520 -1.63293314
 687 -0.410461068 0.922054172 1.09623802 1.61370432
 688 -0.888907552 -0.736065388 0.477467656 -1.43622947
 689 -7.14842603E-03 0.424280465 -0.119956635 -0.738049865
 690 0.103463411 -8.16584826E-02 -0.104804754 -0.849637568
 691 0.368333280 0.458688915 1.70192921 -1.54829770E-02
 692 0.620586276 5.31955659E-02 -0.877726376 6.46118969E-02
 693 -0.375825822 0.402030587 -1.18689191 -0.984731615
 694 -0.191661105 -0.420774579 -1.04452777 1.27523005
 695 5.74064208E-03 -1.78428793 -0.493866235 -0.679603219
 696 -0.376381993 0.335421622 -1.82021165 -0.849022865
 697 0.471712947 2.80404663 -5.26593700E-02 1.06310761
 698 -0.181722835 0.344746977 1.09877205 0.241256177
 699 0.471135795 0.948103547 -0.353773415 -0.984969437
 700 -0.400768936 2.04271746 0.493458331 -0.967769444
 701 0.257670283 0.626675785 0.306600094 -4.57861498E-02
 702 0.542638540 2.51555634 0.431751966 -0.344461858
 703 -0.282152355 -1.68973133E-02 -1.44097042 0.601670921
 704 0.600569129 1.49252117E-02 2.60557985 -1.68743002
 705 0.306056589 2.83889437 8.09436142E-02 1.59061778
 706 -6.62436336E-02 0.708609521 -0.327304304 1.44177532
 707 -0.343365431 -0.462956429 -0.296678364 -0.994456410
 708 -0.533114731 1.18696690 0.469535649 -0.465078354
 709 -0.353348166 -1.92246914 -0.532658219 0.707892418
 710 -0.781161010 1.75806403 -1.22323942 -0.288796961
 711 -0.100043282 0.604451120 2.14332938 0.407538235
 712 -0.845528841 -7.89545253E-02 3.11407745E-02 -1.30108583
 713 0.396479756 1.62790251 1.03612208 -0.587399960
 714 0.136217043 9.88383405E-03 1.07800746 -1.77553272
 715 0.759941399 0.740684986 -0.147888824 -0.859370112
 716 0.876332581 0.427848816 -0.448145062 4.47089821E-02
 717 0.808177173 -0.245361418 0.740728498 -0.544367611
 718 0.985798299 -0.648765922 -0.197490737 -0.268623292
 719 0.184464097 -0.501139104 -0.685154200 -0.493546605
 720 1.04250789 -0.498663217 0.308319986 -1.62646544
 721 0.775036931 -5.27329221E-02 0.563435555 4.16908078E-02
 722 8.94382149E-02 -0.406216949 1.17904603 -0.436598569
 723 1.63810122 -0.829591990 -0.262200832 1.41591907
 724 -6.94559515E-02 0.413205832 -1.02026713 0.275895506
 725 0.899588108 5.79550341E-02 1.22736371 -1.27720475
 726 -0.614119411 0.948296189 -7.21679926E-02 0.597830594
 727 0.490070403 1.11201382 -0.600975096 -1.40603590
 728 -0.280079633 0.956506848 -0.638965309 -0.963741243
 729 0.125041947 0.764301538 -7.94496387E-02 -1.74714684
 730 0.975703776 -0.733377278 0.535112858 -1.92085135
 731 -1.20326734 1.52470946 -2.37806296 1.57201493
 732 -0.764304340 0.480815232 0.184959218 0.571510553
 733 -5.26965559E-02 0.482567430 -0.624084830 -0.560619295
 734 0.777960122 0.289675236 -0.543724477 7.38535151E-02
 735 0.299183309 0.339008123 -0.827317476 -1.60828757
 736 -0.515195012 -0.487058759 -1.47397876 0.116959766
 737 -4.49516177E-02 0.754041612 -1.46498978 1.00688577
 738 -0.333285213 1.04444432 -1.16592109 1.50511479
 739 0.115263224 2.43620723E-02 0.981670260 1.70018351
 740 -1.52843285 -5.39016724E-03 0.785506487 0.528426588
 741 -0.150990292 0.416277200 -0.444185555 -0.494872481
 742 0.341080517 0.498020232 -0.791143477 0.650555968
 743 -0.226230055 -1.80284584 0.121551096 1.70750356
 744 -0.457797378 1.46747088 1.49542284 0.388728172
 745 0.578853071 1.74333835 0.862585545 -1.54176569
 746 -7.96281546E-02 1.01269960 1.29008532 -4.89217564E-02
 747 0.670251608 3.23070735E-02 0.776281774 1.34818721
 748 0.113289453 0.669237494 0.681872010 -3.33195552E-02
 749 0.701628149 -1.07569408 0.862608552 -0.243833512
 750 0.375840664 -4.98469025E-02 0.375119150 0.999450684
 751 -0.533944845 1.11145866 0.972465754 -4.01813239E-02
 752 -1.01533031 1.68960541E-03 0.290202260 -1.19688749
 753 -0.371660858 1.21503758 -0.754555523 -0.257287383
 754 -0.586472154 0.733586967 0.501526177 -0.183127522
 755 -0.324580729 0.771718323 -1.82360387 0.483624697
 756 -0.260165364 -0.770693719 0.853942752 1.40485466E-02
 757 2.09372342E-02 0.176642120 -1.27963531 0.802098215
 758 1.31800246 -0.730529845 0.440010011 0.563873291
 759 -0.840536594 -0.188259542 7.52055049E-02 -0.299478263
 760 -0.620399237 1.30271208 0.282472789 0.790604174
 761 -0.200470537 -0.611471176 0.293072134 3.23320851E-02
 762 -0.325206339 2.42467856 5.85367978E-02 -0.592578292
 763 9.08196718E-03 4.00872380E-02 1.08807027 0.654737949
 764 -1.10019408E-02 1.36959219 0.714282095 -0.501594126
 765 -6.82426319E-02 1.80121100 0.738292813 -0.363511473
 766 -0.211425886 -0.163576573 0.207294226 9.24213827E-02
 767 -0.623548031 0.166124880 -0.972457886 -0.604042411
 768 0.660804629 1.54516852 -0.446171343 0.570035517
 769 -0.842726231 0.219229758 1.11300087 -0.824297130
 770 -1.34810638 0.898317575 9.24353004E-02 -0.337204844
 771 -0.373817980 -0.323209137 0.231631875 -0.473305225
 772 0.135816336 -0.299768865 -0.457785845 0.156923294
 773 0.633823574 1.13958359 1.09191179 0.873218536
 774 0.285950243 1.59638429 7.63775557E-02 -0.697688758
 775 -0.225858092 -0.156121403 -0.646810770 -0.568590999
 776 3.02011222E-02 -0.411470532 -0.725495636 -0.681077600
 777 -1.33115128E-02 -0.723965943 -2.31719851 -0.786985457
 778 1.12356305 0.642094016 -0.377986670 -0.176667765
 779 -0.241595343 0.139158830 0.236073956 -0.838073552
 780 0.635790408 -6.39882386E-02 0.160887107 -0.323516339
 781 -3.13109756E-02 1.29314935 -0.826935053 -0.328326821
 782 -1.25894058 0.635171294 0.501564980 -0.103263706
 783 0.373024493 0.955693424 0.743003368 -7.99206644E-03
 784 0.760530114 -1.97288319E-02 -0.965211034 2.16726470
 785 -0.420936882 -0.138965592 0.295541048 -0.376473337
 786 1.06725574 0.168403581 0.456099331 0.710044801
 787 -0.780174494 0.118920811 0.614321232 0.340963721
 788 1.73763037E-02 0.749439478 0.374985456 0.639474750
 789 0.112637505 0.453168541 0.923827171 0.731155455
 790 4.80344892E-02 4.80984747E-02 0.189833075 -1.18054795
 791 0.323192090 1.73250628 7.23445415E-03 0.654775679
 792 -0.234796762 0.551014841 0.196440071 0.384579480
 793 0.226704329 0.690864027 0.260734141 0.354394138
 794 -0.385269135 0.696574092 0.239039883 -0.313490868
 795 -0.355660975 -0.215048552 0.695665479 0.228949070
 796 -0.210407108 0.163569421 0.993740320 1.70153534
 797 0.786038041 -0.392919660 1.91287458 0.354302108
 798 -0.420631737 0.419169754 0.683923602 0.140602291
 799 1.65830934 0.665914595 -0.762287855 -0.566653550
 800 -6.19822890E-02 -0.605864048 0.947979152 -0.164855883
 801 -7.34956935E-02 -0.590824664 -0.547014892 -1.27243388
 802 -0.340779901 -1.01444292 -0.472832799 1.86674058
 803 1.30858338 -0.390091121 -0.293339610 -0.387158185
 804 -0.130717516 0.238985673 0.923055470 1.23715317
 805 -0.936937511 0.604925931 0.984921753 0.904417038
 806 -0.344905555 0.946148515 -0.326701730 -1.77521610
 807 -0.663125157 0.322976947 1.00431526 -1.71966600
 808 1.04030752 0.452981412 -1.42124104 0.248435587
 809 -0.468721956 8.54429975E-02 0.677280188 -1.12215936
 810 -5.11152223E-02 -0.558525264 7.03544319E-02 -0.399892926
 811 -0.562364876 0.366143972 -0.109707072 -0.574913383
 812 -0.165432021 0.124944404 0.212738156 0.278356373
 813 -0.483053505 -0.314036876 -2.15157723 -0.772442997
 814 0.269291162 0.745549202 -1.07166672 2.61799321E-02
 815 0.278449565 -0.681449413 -1.90387249 0.562279582
 816 -0.304017365 -0.352640688 0.147649989 -0.710740864
 817 -0.542535484 1.99630857E-03 -0.894575119 -8.74008313E-02
 818 -0.750299513 -0.701206207 -0.876143694 0.599490762
 819 0.468091249 0.666915894 0.917639494 -0.673828781
 820 0.395294070 0.517786562 1.73417509 -9.95596051E-02
 821 -1.31201279 0.760681331 1.74134362 -1.93845975
 822 -1.02637577 1.10690641 0.927063346 0.688966572
 823 -0.296928823 1.33761847E-02 0.402789682 -0.158202916
 824 0.131983638 -0.430809200 -6.74144179E-02 -1.23001707
 825 0.712955356 -0.622844815 -1.07799089 -0.234383404
 826 0.581923187 -0.275100470 -0.110443525 0.391917348
 827 -6.23443872E-02 0.195283845 -0.228557006 0.165888920
 828 0.335927635 -1.66471672 6.31273687E-02 -0.877310216
 829 1.78545523 1.29439557 0.471669972 -1.66285288
 830 -0.224920571 1.01537168 -1.64152348 0.435900688
 831 0.189137399 0.681046367 1.03580248 -0.861510277
 832 -1.61709023 -0.371438503 1.00872982 -0.987894714
 833 -1.02159297 0.544897079 -0.791486621 0.306124806
 834 0.831901133 -1.23270416 1.15778637 1.01013041
 835 0.425840735 -4.89236675E-02 -1.26762390 -0.479626447
 836 0.459282577 -6.16097450E-03 0.817865908 -1.02056348
 837 -0.496332943 -8.86084810E-02 -0.555328727 0.252698481
 838 -0.366430402 -1.00409317 -0.562391877 -1.61229718
 839 0.116528317 -0.524395108 0.446609914 -0.459706515
 840 0.662016869 0.142077371 -0.193309754 -0.265603781
 841 -0.647811234 1.39169466 -0.924097180 -0.269246787
 842 0.870710731 0.684592128 0.739132464 -0.296270251
 843 -0.939150631 -0.916639328 0.441458791 -0.416278452
 844 0.129637718 -0.361279279 1.41295350 -0.553344846
 845 0.286050946 -1.22710896 -0.175295964 0.641408026
 846 0.215909988 -0.287647307 0.213677496 -1.31774879
 847 0.199105233 -1.49385297 0.195451260 -1.00543427
 848 0.271591961 -0.146708801 1.74345589 -0.615611553
 849 -0.867026329 0.162765920 -0.178841412 7.65771270E-02
 850 0.321890056 -0.446841508 -0.380687892 4.85123619E-02
 851 -0.311264634 -1.25518262 0.468868256 -1.18533611
 852 0.223943278 -0.867211878 1.38350046 -0.889782190
 853 -1.09431052 -0.864731431 -0.299728602 0.670777142
 854 0.192560077 0.718363881 0.843312681 0.262720227
 855 -0.264250875 -3.15107368E-02 0.795271516 -0.722696781
 856 3.48940492E-02 0.186715424 -0.902600825 0.531537473
 857 -1.78062773 0.747585058 0.889002383 -0.987311423
 858 0.981584549 0.580860257 -0.651216149 -0.951019406
 859 8.99649560E-02 -1.07266223 -0.300408006 -1.99031234
 860 -0.268243343 1.32813346 0.749379039 -0.685196698
 861 -0.127754048 -0.868998528 0.291156620 -0.631527364
 862 0.549811363 -1.07561362 -0.669925213 -0.518954933
 863 0.455994934 -0.895110250 -0.626143694 -0.307632148
 864 0.116434693 2.71403456 0.347091168 -0.206096143
 865 -0.763716340 -0.739668906 -8.16741437E-02 -0.813305259
 866 0.500082374 -0.531424642 0.872979999 1.44849527
 867 0.399806440 1.14970505 2.29118848 0.306769192
 868 -0.654839814 -0.398106694 0.830864429 -0.294909060
 869 -0.358322620 0.871734977 -0.756358743 0.172767580
 870 1.30717978E-02 2.43062472 0.217888117 -0.268599391
 871 0.479930371 0.786522746 5.25383614E-02 1.29629266
 872 -0.710524082 1.03193021 -0.483478189 -1.03454399
 873 0.134515047 0.885399699 1.46392477 -1.03855860
 874 6.04950190E-02 0.609064043 -1.08357215 -0.845199466
 875 -0.426214218 0.296386719 2.00930405 -0.737860858
 876 0.991529942 -0.140972525 -7.25221336E-02 -0.784381032
 877 -0.593614399 -0.547002792 -1.77025640 0.288167089
 878 0.519110382 1.30820465 -0.869782507 -0.140030980
 879 0.929404199 -2.26417232 -0.928883433 -1.55889201
 880 0.496386111 0.487674892 0.326157779 -0.801105082
 881 0.113679051 -0.313897133 1.03695810 0.236207068
 882 -1.00416934 -1.13100374 0.644725204 0.584542990
 883 -0.315105289 -0.939103007 -2.04032135 0.163002670
 884 0.839432478 0.285125434 -0.627214372 -0.892601967
 885 -0.485484362 -8.07140172E-02 0.622454584 -0.736354768
 886 0.185164422 0.250579208 -0.788455367 0.845611215
 887 -0.544925928 -1.23752570 -1.20381021 -0.468851835
 888 -0.292887956 0.315810293 1.94603610 -1.13432479
 889 -0.745894015 -0.452313364 -0.105080128 0.568159938
 890 -0.850670993 0.765326977 1.08190596 0.146725953
 891 -0.805016875 -0.877119780 1.66556525 -1.03940761
 892 1.16599786 -0.958343863 0.532799959 1.51271629
 893 9.85719562E-02 -3.12950164E-02 -1.01803315 -0.382689744
 894 0.839584053 0.907253206 -0.621469557 -0.299224079
 895 -0.396601230 1.25779521 -0.840816975 -0.381123483
 896 -0.581279337 0.443548173 0.279769659 -3.35832834E-02
 897 1.19282806 0.849781036 1.40441203 -1.23709416
 898 -0.516751707 1.31234419 -0.933141708 1.90192834E-02
 899 0.408110857 1.11397290 1.05843973 -0.991460025
 900 -0.457391739 1.48991394 1.57873511 7.43136480E-02
 901 -0.435337096 0.107292861 0.369257867 -3.65594700E-02
 902 -0.126767591 -2.37184644 -0.725350618 -1.55560851
 903 -0.182439178 0.206056535 0.478446066 0.797505915
 904 -0.242708325 -0.397779763 -0.621738374 -0.151646823
 905 0.654909670 -0.680955470 0.171801776 -1.09996891
 906 -0.161064759 -1.12024546 0.540206075 0.729602695
 907 0.444122106 -0.157481685 1.72687125 -0.926838040
 908 -0.370744705 1.15669715 1.27827775 -0.730307460
 909 0.211783677 0.925156116 1.00496542 0.193546697
 910 -2.83141360E-02 0.642936230 2.58747482 0.457461238
 911 -0.393102765 1.36974597 0.847544670 -0.799981952
 912 0.482568234 0.645681500 0.316953540 -0.343755305
 913 0.846634150 -0.402165622 0.624338865 -0.960376918
 914 0.247047886 -1.27450025 -3.30199935E-02 -0.579189003
 915 0.678938866 0.342927098 0.562222362 1.55769312
 916 1.46304810 0.223211378 0.231545091 -0.170359254
 917 0.413319051 -0.449462801 1.50586557 -0.604807019
 918 1.25256106E-02 -0.403030932 0.621312380 -0.459181935
 919 -0.178472430 2.02078295 -0.480552435 -0.144155383
 920 0.331785738 1.23760271 2.25718498 -0.399736196
 921 -0.212921411 1.41892195 1.91141462 -0.187696785
 922 0.506123543 -0.218499675 -6.87011853E-02 -0.175932765
 923 -0.269065410 -0.983792722 -1.01324570 -0.813015699
 924 -0.412336826 -0.944885015 -0.520666599 -0.734565973
 925 0.321875870 0.127446711 1.84221578 0.807154298
 926 0.641322494 -8.45578387E-02 1.66562462 0.260615468
 927 0.823564470 -0.639920950 0.241508961 -1.93286133
 928 -0.537873447 0.559227586 -1.21303797E-02 -0.226289645
 929 0.245193258 -1.25626540 1.29433882 -0.648360252
 930 -1.27453005 0.136172444 1.35456634 0.883958459
 931 -0.935952723 -2.03385043 0.609577119 -0.533318400
 932 -0.412117481 1.15042484 -0.776604772 0.362220675
 933 -0.397393525 1.22300625 7.82899261E-02 -0.688027680
 934 0.292486668 0.989947438 3.08087111 -0.419306964
 935 -0.364904940 0.553134084 1.29894543 -0.437379688
 936 1.24348986 0.842338622 3.13804126 -0.873130143
 937 1.14930403 -1.14172399E-02 -0.797939003 0.815173268
 938 -0.115134656 1.59965754 -1.51920962 -0.746598423
 939 0.142416179 0.264628410 1.48322523 -0.860679090
 940 0.538505673 1.75549233 -1.56362295 6.30837604E-02
 941 -1.62371472E-02 1.85830140 7.06475899E-02 -1.15895176
 942 0.242853016 0.240918994 0.771030784 0.535098374
 943 1.01518822 1.01282799 0.678510308 -9.99889746E-02
 944 -7.75345564E-02 1.23177969 1.26627910 -0.830510557
 945 0.388318270 0.419718564 1.40300381 -0.796186924
 946 2.76011974E-02 -1.45705009 2.86817849E-02 0.293499112
 947 -2.99368836E-02 1.25198257 -0.227593452 -0.619196057
 948 -2.30102632E-02 -1.21269345 0.254662722 -0.776032805
 949 -0.358510345 0.694328785 1.01785898 -0.587266564
 950 -0.234598845 0.448123693 1.13095546 -1.24264121
 951 -7.77314603E-02 -0.714471936 0.531595826 0.446551979
 952 -0.614776850 -0.162029356 -0.621806920 -0.525351405
 953 -0.359417379 3.17069268 1.15562177 -0.227374285
 954 -0.265026957 -0.814320087 0.162927926 -1.61365509
 955 -0.630227208 0.681372523 -0.167798743 -0.288939595
 956 -0.312425375 -8.94315094E-02 0.169795483 -0.907930374
 957 -0.505284429 0.421277612 0.465955406 0.333007365
 958 -0.644329786 1.37881672 0.334350049 2.07885695
 959 -1.80784404 0.765349627 -5.72252721E-02 -0.806327283
 960 0.956400275 7.04141036E-02 0.437315822 -0.573765516
 961 1.03959835 -0.167713255 0.451283842 1.22339785
 962 0.972327352 -0.457217187 -0.999187887 -0.274264663
 963 -0.164050773 1.72465992 0.195123672 0.247959644
 964 1.82424295 0.893559098 0.485043526 -0.482677698
 965 -0.318150163 0.527766109 0.718166351 0.226673484
 966 -1.79261565 -1.11828113 0.725085258 -1.05195642
 967 -0.904786348 0.355155647 2.21492672 -0.737478197
 968 0.695520580 0.867951035 -0.177721530 0.445159316
 969 0.225546196 1.64867938 -0.437297940 -0.181121543
 970 -0.133208409 0.770526826 1.15037811 1.06964564
 971 0.752734542 0.643373251 1.41182506 -0.189700663
 972 2.23868042E-02 -0.916975915 0.340556681 0.670812190
 973 0.455157518 0.576761842 2.35483623 -0.621697903
 974 0.145925656 -0.623125553 0.448731720 -1.19857204
 975 0.791551530 0.458870381 0.849358737 0.819408059
 976 0.709080696 -0.690193951 -0.164961904 0.118287042
 977 -0.732201219 0.829464614 1.47358644 1.61924577
 978 -0.393919647 -1.58190703 -1.30453622 -0.254823267
 979 -0.274292320 1.33721387 1.78359747 -0.624478579
 980 0.392843425 -0.538253486 0.422277421 0.376739919
 981 -1.13914657 0.707781911 -1.82049406 0.151658267
 982 0.253744006 1.03245521 1.07940757 0.798515081
 983 1.24009657 0.457047403 -1.17966866 1.69320476
 984 0.505815923 1.21729684 -1.53593171 0.113798887
 985 0.668992221 -0.299327046 0.158399343 -0.336123794
 986 0.330520988 -0.614540040 0.140776783 -1.87365484
 987 -0.944853663 8.42880830E-02 0.365870953 -1.43282318
 988 -0.556028366 -0.830944657 0.587628484 1.34309173
 989 -6.67305142E-02 0.512226820 0.337021381 -6.29950315E-02
 990 -0.848931253 0.359389246 -0.539294481 -4.68773767E-02
 991 -0.408973634 0.491376519 -0.106093675 0.649997473
 992 0.751537621 0.136421412 -0.380235791 1.06604362
 993 -0.861546278 0.678944111 -0.439422518 1.75597870
 994 -0.974289179 0.966850162 0.129128858 -1.42827034
 995 -0.877078116 1.84453177 0.632407427 -1.06736660
 996 -0.832434833 0.721001625 0.508575737 0.597966433
 997 -1.22070014 -8.54565203E-03 1.61275280 0.697141051
 998 -0.145310223 0.373949945 1.60695684 -1.09214091
 999 0.548999846 -0.859358490 1.33537912 0.478191674
 1000 -0.271281034 -0.392931491 1.33559084 -0.320539236
 1001 0.113519698 0.185376137 0.791346908 -0.293967754
 1002 -0.428147435 0.310853243 1.03587914 -0.413287431
 1003 -1.07355785 1.55309868 -0.181776524 -0.296824247
 1004 0.951275826 1.49067491E-03 -3.56660336E-02 1.39025187
 1005 -0.475030124 -0.160444543 0.225184262 0.114277869
 1006 0.486448824 0.672195792 -0.776962101 0.452355146
 1007 -0.883254468 -0.103302449 0.760582745 1.28119314
 1008 0.122360572 0.767678022 0.265776932 -8.13397691E-02
 1009 -0.308477342 -0.690164864 0.479497939 -1.90922225
 1010 -1.26263332 9.76640508E-02 -4.97988313E-02 -0.336490870
 1011 0.195230007 0.866329789 -1.02070069 -0.534365296
 1012 0.833175242 -0.880489290 0.122562051 -0.761863828
 1013 0.589706779 -0.221787393 1.77157819 0.567954183
 1014 -7.12265596E-02 0.209282070 -1.27460599 -0.626640916
 1015 -0.338070035 -0.116565511 0.722279549 -0.934081972
 1016 -0.705650747 -0.913747072 1.50287795 1.07347465
 1017 -0.535582960 -0.275787681 -0.503660619 1.95583925E-02
 1018 -1.18139195 1.47791398 1.60394275 0.936779022
 1019 -1.05525851E-02 -0.922251761 -0.870221496 -1.09855127
 1020 -0.494096726 0.875640929 -4.49329019E-02 0.416255534
 1021 -0.592229068 -0.426499724 0.942109644 1.78213668
 1022 0.821277678 0.516037226 -0.857939303 -1.82417679
 1023 0.542173088 -0.367850572 0.393572122 1.21185541
 1024 -0.310290754 -0.347273499 -0.554125667 -7.05150291E-02
 1025 -1.19485879 3.74135971E-02 0.380606055 -0.738880575
 1026 0.798969150 0.608012259 -0.621392131 0.579139054
 1027 -0.268976748 0.116188422 0.969870806 3.84043604E-02
 1028 0.784962893 1.48232770 -1.42040217 1.08426535
 1029 7.74482489E-02 -0.340354919 -0.293637276 -1.76837218
 1030 0.826114833 0.414897650 -7.46755898E-02 -0.276901364
 1031 -0.372470081 -0.611055970 -0.413333416 -0.404252648
 1032 1.49096465 1.17461830E-02 0.674085975 -0.256091416
 1033 0.332362026 0.154886708 -0.570774257 -1.53021538
 1034 -1.55162239 0.825433493 0.831198633 2.49315596
 1035 -1.95738912 1.52448177 1.14572060 1.42105460
 1036 -2.27686810 -1.30485368 -0.177095309 2.43103075
 1037 -2.47440052 1.00642478 0.308545738 1.70349205
 1038 -1.56872773 0.426333368 -7.58093596E-03 2.26119351
 1039 -1.88987005 -1.98619556 0.484701574 1.29656458
 1040 -1.93758535 0.717666328 1.28766084 1.85771275
 1041 -1.52422142 -0.469207764 0.524673462 2.13523173
 1042 -2.85948658 -0.652138472 1.19846427 1.70392966
 1043 -3.11939168 -0.329816759 -0.424130082 2.22653627
 1044 -2.84750700 0.138314217 0.868756056 2.08359408
 1045 -1.77922451 -0.584988773 0.817129731 2.16048265
 1046 -1.82171714 -0.731660903 1.32785904 1.74429703
 1047 -2.22891712 0.444950730 0.489157110 1.41911328
 1048 -2.01777196 0.633171737 2.02503252 0.672959089
 1049 -1.91363382 -1.55949974 0.395084083 2.15079021
 1050 -2.30285168 -0.289523751 0.828730047 2.43733311
 1051 -2.07402015 -0.185970306 1.27773142 1.37351310
 1052 -2.11751914 0.209480286 0.723481536 1.20046902
 1053 -1.58468497 -1.30924261 1.54051352 2.33295584
 1054 -1.85449874 -0.146903411 1.48861516 1.70638704
 1055 -1.97816133 -0.429549724 2.51919794 0.916965008
 1056 -2.05111265 -0.123082213 1.08800530 1.69014752
 1057 -2.07586408 -1.99883044 0.178733200 1.74206007
 1058 -2.05333924 -1.25759649 0.406434715 1.76223922
 1059 -2.39904404 -0.484700799 -0.635999560 1.68909264
 1060 -3.47629619 -0.737596929 0.199720085 2.18954062
 1061 -2.80701113 -0.147391051 1.71749032 1.84038568
 1062 -2.04522562 -0.223995984 1.42339456 1.26738095
 1063 -2.47231936 -1.25873518 0.159607649 1.89906812
 1064 -2.37682343 1.50064677E-02 1.63848865 2.06598878
 1065 -0.681595922 -1.97577226 1.35736346 1.84630394
 1066 -2.54812765 -0.202527210 -0.115446657 2.45580220
 1067 -1.70253205 0.399610370 0.661963105 2.03857446
 1068 -2.43521023 0.649465144 1.64872575 1.27081108
 1069 -2.12536621 0.493386805 -0.428260833 1.40047383
 1070 -2.61170363 -1.34427452 1.91225255 2.44462228
 1071 -1.14422321 0.164307013 2.25821686 2.20090270
 1072 -2.96670675 -2.31076193 0.396221101 2.22791648
 1073 -1.04078794 -0.726596475 1.43960524 1.48592484
 1074 -1.19266331 1.53140771 0.338590860 2.13326406
 1075 -2.36256266 -1.60550547 -0.547189772 1.05480981
 1076 -1.54606509 0.578495324 0.613510847 1.39107704
 1077 -1.47162223 -0.968091190 1.46136630 0.794602692
 1078 -2.24600363 -1.39549792 -0.290103287 1.15779674
 1079 -1.60049701 -1.67966747 0.978010178 2.38073182
 1080 -1.94537795 -5.01591042E-02 5.81191629E-02 1.70878053
 1081 -1.80510449 1.09063327 0.286452115 2.14244843
 1082 -2.86014509 1.25417030 0.921887994 2.23884153
 1083 -1.89028919 0.298190832 1.00882983 0.651227474
 1084 -1.51035643 1.38844883 -0.355749309 2.59480166
 1085 -1.58021235 -1.68417799 -0.204491749 1.21004748
 1086 -2.08609128 -2.22058439 -0.225262180 1.92199600
 1087 -0.280360937 0.748510122 2.56246376 2.45794559
 1088 -1.01341319 0.776484191 0.361037672 1.69767070
 1089 -2.62262392 2.08569145 0.141130924 2.11286736
 1090 -2.00840259 -0.648805261 0.807624102 2.01693463
 1091 -1.72585464 -0.377195299 2.11832476 2.14684916
 1092 -2.75269389 -0.378059268 0.422529221 2.09483147
 1093 -2.16016459 -0.573750556 0.594234467 2.08210492
 1094 -2.01495600 -0.332379252 1.16884589 2.50920630
 1095 -1.44741952 0.744707108 1.33284271 1.76305449
 1096 -2.62678504 -0.374913275 0.254328579 2.21412635
 1097 -2.29205990 0.970907807 -0.301949829 2.39665937
 1098 -3.95142174 0.953998804 0.247389361 2.31345320
 1099 -1.71630132 -0.498857081 0.986989617 1.48633933
 1100 -1.97176540 -0.230275899 1.40956271 1.58196867
 1101 -1.72820294 0.136545196 0.840041220 1.31976497
 1102 -2.04252958 2.47998738 2.19934893 0.636665761
 1103 -2.45431256 -0.285029620 -0.419652700 1.14087498
 1104 -2.26922154 0.200188041 0.872097135 2.20438623
 1105 -2.28640676 0.252239257 0.424502850 2.22552204
 1106 -1.14539981 1.28338349 -0.203036696 1.57292867
 1107 -2.39531064 0.387622058 0.842304647 2.43445826
 1108 -0.917816281 -0.702378690 0.843117356 2.38070822
 1109 -1.13455927 0.964382291 1.85919619 2.77509570
 1110 -2.47428989 0.514771163 -0.107369430 1.05998635
 1111 -1.98305619 0.548789203 0.819887519 2.27549601
 1112 -1.96630239 -0.675852239 1.15289164 1.41252327
 1113 -2.32408524 -1.21625352 0.481584579 1.56649578
 1114 -2.98038530 0.529235303 0.411710382 2.56255627
 1115 -1.33609748 0.893986344 1.55124116 1.72413766
 1116 -2.10840607 -0.309587091 0.426667422 2.48576331
 1117 -2.00012302 -0.451790035 1.73228121 1.85669231
 1118 -1.86111188 -2.17879915 1.84594858 1.87719691
 1119 -0.811783671 1.53030753E-02 1.46246803 1.80017507
 1120 -3.11863422 -1.39830613 0.826770425 1.54761040
 1121 -2.02781558 0.938150406 0.182366058 1.86465883
 1122 -2.75459313 -1.00238061 -0.267349213 2.03812480
 1123 -1.91019440 -0.189185128 0.251560867 2.15165091
 1124 -1.92324781 1.18030310 2.10867906 0.966674924
 1125 -2.19541717 0.690511227 0.388436526 2.30149460
 1126 -1.41747451 -0.904144585 8.88617709E-02 2.47236156
 1127 -2.55384493 0.357619196 1.62118435 2.60114527
 1128 -1.86748099 -0.745641947 1.52972817 2.16630197
 1129 -2.73158288 -0.729955077 1.77458107 2.86642838
 1130 -2.70530915 -0.697597206 3.04852128 0.920123279
 1131 -1.99794924 -0.112084262 0.783472538 2.16944909
 1132 -2.53595853 -0.757851839 1.52390456 2.95665312
 1133 -1.91810763 0.197557300 2.10876822 1.73612809
 1134 -2.22509289 0.430097520 1.93386149 1.46991444
 1135 -2.01187992 0.843243003 0.732521892 2.52214861
 1136 -2.93516850 -0.340120554 0.431451231 1.47660625
 1137 -1.44408250 0.101191863 0.724362791 2.40539551
 1138 -1.19093871 0.219385043 1.00913668 1.78606856
 1139 1.59647751 -3.22666836 -0.844320714 0.655207694
 1140 2.51068544 -1.87727594 -1.09298301 -0.217511833
 1141 1.86306334 -0.395016491 -1.41453779 0.602853715
 1142 2.54390430 -0.560864389 -0.741611004 0.165505201
 1143 1.42196524 -2.93429661 -1.69757736 -0.574073017
 1144 2.47280645 -1.23665595 -0.856442809 0.551868320
 1145 1.75306606 -0.942681074 -2.30878305 -0.268936872
 1146 1.04417515 -1.68309760 -2.49118829 -0.303493410
 1147 1.65222931 -1.22873986 -0.501693428 -0.334456116
 1148 1.35605597 -2.44329190 -0.634052575 -0.523375154
 1149 2.03603983 0.188532561 -0.707867801 0.391750455
 1150 1.57788682 -1.79019189 -0.298568338 -0.152994782
 1151 2.03509879 8.52515548E-02 -0.595379412 -0.650192857
 1152 1.97876453 -1.13709950 -1.55048347 0.220767647
 1153 1.27532458 -0.301036328 8.06800798E-02 0.189673752
 1154 1.33789146 -2.72312713 0.134251118 -0.244933113
 1155 1.23315156 -2.18681931 -2.11989117 2.61664391E-03
 1156 1.34656417 -2.58603716 -1.94480419E-02 -0.199226305
 1157 3.03180790 -0.774035454 -1.58988547 -0.297047347
 1158 1.75850606 -1.64270437 -0.563438654 1.34158218
 1159 1.40686882 -1.31437635 -0.831479967 1.61503088
 1160 1.37467694 -2.59829593 0.704505861 -0.537612081
 1161 1.68155193 -0.938163340 -0.462385833 0.995837629
 1162 1.89916861 -0.865866840 -1.53399038 -0.518755436
 1163 0.595765710 2.43307054E-02 -0.209112585 -0.659283400
 1164 1.58814085 -2.30300903 -1.12740541 0.302796543
 1165 1.22848737 -2.25975370 -0.656217337 -0.520762146
 1166 1.90912926 -0.856207073 -2.54125142 0.857866228
 1167 1.03343880 0.650126874 -1.52544010 5.27009889E-02
 1168 0.374511153 -1.23926699 -0.759075582 0.742439032
 1169 0.779213727 -1.04584432 -0.600137293 -0.226543367
 1170 1.00611639 -0.890218973 -0.117754139 0.529389560
 1171 1.46790421 -2.30379486 -1.07351947 -0.511660218
 1172 2.75992489 -1.30543411 -1.23564625 0.789442539
 1173 1.21182191 -0.821897864 -0.877609670 -8.50558430E-02
 1174 0.799780071 -0.729916096 -0.996938884 1.01371956
 1175 1.51458335 -0.156476140 -6.14422113E-02 0.103294648
 1176 1.56405878 -2.47968245 -0.515599310 -0.325871080
 1177 1.05267918 -0.997302175 -2.16801095 2.26511359E-02
 1178 1.88310826 -1.23996067 -1.55830967 -0.212838024
 1179 1.77612972 -2.20184350 -1.14151120 -0.322661877
 1180 1.25776243 -1.59258676 -1.39445031 -0.228031769
 1181 1.28148985 -1.40511000 -0.122433633 0.257716477
 1182 2.67803812 -0.829046726 -1.69965518 -0.264770478
 1183 1.53433645 -1.48034644 -1.22621536 -0.324489772
 1184 1.27185893 -2.48682237 -0.332929641 -0.341398001
 1185 2.24112177 -0.799417675 -0.101488061 -0.565441906
 1186 0.347739339 -1.89328861 -0.491217732 -0.338167548
 1187 0.938235819 -0.909661472 -0.448788047 0.727836370
 1188 1.23020756 -0.574762583 -0.928873956 -9.82418805E-02
 1189 0.739540577 -2.17386436 -0.200148955 -0.601569533
 1190 1.20200419 -0.779403687 -2.60161281 0.904171944
 1191 0.928841114 -1.08099198 -2.46246743 0.897753239
 1192 1.24763441 -2.61020851 -0.227086484 -0.181377426
 1193 1.69375145 -1.96534026 0.713414371 0.418028265
 1194 1.96653759 -1.39556205 -1.86888254 5.98359555E-02
 1195 0.856066465 -2.44112849 0.746530056 0.464136958
 1196 1.48561978 0.398007035 -0.153112739 0.767229497
 1197 1.33343613 -2.49887180 -0.513565183 -0.404025048
 1198 0.574564517 -1.09819508 -0.908077717 0.224835187
 1199 2.40452695 -1.44975388 -1.16617358 -0.659096658
 1200 1.54861259 -2.07818556 -0.577553213 -0.123274937
 1201 1.88398063 -1.40902662 -1.48210299 0.710845351
 1202 1.30785787 0.158384904 -1.14569378 0.101912282
 1203 0.815164089 -1.18834925 -1.53096116 -0.183995396
 1204 1.84342635 0.656775475 -1.16600847 1.24038875
 1205 1.72359943 -0.856664538 -1.41027653 3.35792229E-02
 1206 2.05682039 -1.82605958 1.82271302E-02 0.862587452
 1207 1.79113615 -1.36639416 -0.179941475 1.38100457
 1208 0.987535477 -0.202152461 0.387785733 0.674881756
 1209 2.04464984 -2.08840871 -0.393174618 -0.608489633
 1210 2.09357119 -2.82239819 -0.726025224 0.341768503
 1211 1.42774904 -1.44290602 -1.32095540 -0.366523385
 1212 0.861750603 -2.72316265 -0.182893902 0.158367246
 1213 1.54259837 -0.872270226 -0.895858109 0.656858146
 1214 1.68622351 -0.243719235 -1.38461649 -0.190551907
 1215 1.36250710 -1.33343089 -1.38788569 0.197634429
 1216 1.58088648 -0.749373376 -0.711242557 -0.152403757
 1217 1.03385782 -1.38674581 -1.48093772 -0.353693247
 1218 1.12514246 -1.41856551 -0.573939323 0.404563755
 1219 0.760115206 -1.28691518 -0.258469164 1.67613173
 1220 1.13723683 -0.718002677 -1.71179938 1.10803068
 1221 1.45407069 -2.65202713 -0.850848854 0.823167682
 1222 1.00150764 -1.50037646 -1.41329181 0.571038127
 1223 2.19685149 -1.42910075 0.637002170 0.257110894
 1224 1.28323209 -0.981498718 -1.10918081 0.196637779
 1225 0.157461524 -1.88715374 -0.864647925 0.358261049
 1226 1.25958109 -0.819720387 -1.36674905 0.496199757
 1227 2.01014781 -1.30611813 -1.11688471 -0.212921321
 1228 1.24935293 -0.956055522 -8.80192220E-02 0.111037612
 1229 1.99826503 -2.28750134 0.165489972 0.332897902
 1230 1.06648421 -2.53609896 -0.798873186 -0.577193081
 1231 1.31877136 -2.62051344 -2.08753347 -0.247974262
 1232 1.83303785 -2.12838244 -0.625246346 -0.647919059
 1233 2.28485966 -2.42517638 -1.70016158 -0.317979783
 1234 1.26849318 -2.46950006 -1.12531757 0.178197294
 1235 2.27278662 0.750813723 -0.869356275 0.727991700
 1236 1.55960238 -1.75149226 -2.09971333 -4.91208136E-02
 1237 2.88415217 -0.490770161 -1.34548330 -0.250506550
 1238 1.97265899 -1.78202748 -1.77531075 -0.608408451
 1239 0.759673476 -1.35273635 0.351314604 -0.142872423
 1240 2.37920809 -0.409878761 -1.78747153 -0.656335533
 1241 0.700070977 -0.501038909 -1.51659751 0.401359051
 1242 2.78889966 0.651232004 -1.17784834 1.26839912
 1243 1.29900908 0.272201598 -1.19824839 0.430887610
 1244 1.12047720 -1.55302465 -1.60431767 -0.266065419
 1245 2.48934555 -1.93232298E-02 -2.11088037 -0.330434203
 1246 2.99659300 -0.733950198 -1.74690294 0.613818645
 1247 1.30496430 -0.726516783 -1.14352024 -0.146247745
 1248 2.64059281 -1.06610191 -2.27508068 1.56811848E-02
 1249 1.03076613 -0.974045992 -0.440520763 0.867673814
 1250 1.86385798 0.657932103 -2.34027410 0.314565122
 1251 1.01127160 0.467127413 -1.31389904 0.438443422
 1252 1.75970960 -1.34495115 0.589109480 0.981057525
 1253 0.887512207 -1.68537509 -1.07679260 1.71824241
 1254 2.44973993 -4.65752482E-02 -1.54595935 -0.406285822
 1255 1.59247923 -2.66879034 -0.854367614 0.334177285
 1256 1.06751800 -9.76814330E-02 -1.24802613 0.278982460
 1257 2.77719092 -1.07489359 -1.52627063 0.305254579
 1258 1.82372141 1.74160749E-02 -0.999474168 0.570735753
 1259 1.51267016 -0.215647876 -0.860939145 0.820451856
 1260 2.18059874 -1.52047133 -0.409541905 -0.314766198
 1261 2.24595141 -1.98189735 -2.12121034 -6.74020424E-02
 1262 1.95538437 -2.18294525 -2.13509369 0.177287161
 1263 0.708811879 -1.57421684 -1.63067710 0.320418537
 1264 1.38498914 2.99538672E-03 -0.276928365 0.593747437
 1265 1.88146973 -2.69045782 -1.33593607 -0.599198043
 1266 2.78612900 -1.93783092 -1.58065724 -0.317066431
 1267 1.91460717 -0.668931007 -1.44382477 -0.103496842
 1268 0.820787311 -0.815862298 -1.50146675 -9.16202366E-02
 1269 0.419796199 -1.60843289 -0.837169111 -0.373270065
 1270 2.63389945 -0.772188187 -1.70366836 -0.309669554
 1271 1.56160259 -0.487461388 -2.80991697 -0.535456121
 1272 1.12027395 -1.11451030 -0.852398574 -0.498051107
 1273 1.39549911 -1.36401749 -0.773940861 0.879685402
 1274 1.44054341 0.434433758 -2.39217997 -0.326090604
 1275 1.34026647 -0.100016080 -1.20951235 -8.08764175E-02
 1276 3.07489204 -1.24612916 -2.73552203 -0.389987975
 1277 0.768962383 -0.824537754 -1.59967077 -0.457709789
 1278 2.19833422 -2.16591787 -0.995548010 -0.237954915
 1279 0.833912849 -0.504646778 -0.916469216 0.448232710
 1280 1.44485104 -1.96212280 -0.824694037 0.243829802
 1281 2.56769609 -1.12564695 -0.290203035 0.694097340
 1282 0.827934325 -0.706628263 -2.07879186 0.513789058
 1283 1.73427498 9.88383293E-02 -2.10212636 0.605749846
 1284 0.609715879 -1.27475190 -1.36739278 5.64094558E-02
 1285 1.37230968 -1.79502344 -0.646240592 0.431376219
