 1 -0.185769841 0.620360732 0.999994397 -1.20714414
 2 0.655487776 0.377035171 -1.19965065 -0.750935256
 3 0.100308739 -0.457882494 -0.199233353 -1.64673102
 4 0.683701098 0.257342875 -1.12422788 -0.676789105
 5 0.126067519 -7.73443133E-02 -0.533282161 -0.403052717
 6 0.745640278 0.163249254 -0.154107571 -0.855739772
 7 9.59187523E-02 6.57540262E-02 0.270858556 -0.570073664
 8 0.198029205 -0.138805449 -0.421849489 -0.872785449
 9 1.33181870 0.658509612 0.121935830 -0.687848449
 10 0.759919405 0.116609067 -0.180062622 -1.55947173
 11 -0.498641908 -1.35806346 -7.29426667E-02 -0.888610244
 12 0.513776600 0.459383547 0.390991598 -0.996337295
 13 0.675596952 -0.164372951 1.18510461 -0.850459516
 14 1.40892959 -0.246290654 1.13220310 -0.723848760
 15 -0.770128071 0.659576893 -1.17510831 -0.909606040
 16 0.213074401 5.40375784E-02 0.180905461 -0.119428620
 17 -0.405483544 -0.541735053 -0.717062652 -0.613022804
 18 0.545215786 0.847338438 0.452283353 -1.79040051
 19 0.913060844 0.404969931 1.07606208 0.251382649
 20 0.618871450 -0.420700073 -0.257391483 -1.07135463
 21 -9.60519463E-02 -1.58587098 1.52790844E-02 -0.632422626
 22 5.00085950E-02 1.28887928 -0.149170607 0.538087785
 23 0.608534753 0.657246113 6.67348504E-02 0.216438815
 24 0.786071420 -0.275902390 1.02340591 0.394217998
 25 -0.525635540 -1.21629238E-02 0.424412668 -0.576369345
 26 0.712679088 -5.84905744E-02 -0.159748226 -0.775981367
 27 -0.939188242 0.184181392 -0.537307680 -0.792337000
 28 1.19840252 1.48117507 0.674850106 -0.548830330
 29 -4.78683114E-02 0.371461868 0.355324745 -0.756923676
 30 1.10279799 0.748172343 0.867778063 1.58455336
 31 0.500250459 0.895581484 0.197670847 0.739032507
 32 0.431779027 0.665475309 -0.386816710 -0.915737212
 33 0.176939607 -1.02895427 -0.637298942 -6.89312667E-02
 34 0.535656035 6.33352995E-03 -1.04630017 -0.439844102
 35 -0.393394113 0.176024452 0.773101389 0.628411055
 36 -1.49314797 -0.458848566 0.462828070 1.20244515
 37 -0.356943667 -0.491865039 -0.668570161 -0.130921334
 38 0.300105602 0.433024049 -0.414742887 -0.632173955
 39 0.250381887 0.572356284 -0.166656122 0.410467744
 40 0.960096896 0.722862840 0.721414447 -0.484823883
 41 1.25116611 1.01593709 0.350985885 -1.22482097
 42 0.581683636 2.14679456 -0.994719923 1.29870772
 43 -0.328920066 -0.443786949 -0.621901095 -0.937403083
 44 -5.43324836E-02 0.975225806 -0.183617443 0.159277320
 45 -0.352326751 0.609141469 0.804981649 -0.597366273
 46 -0.447198451 2.33846855 -1.00352526 0.276864439
 47 0.838280857 0.729398429 0.520451427 0.327923000
 48 0.197928876 0.724405169 2.65839195 -0.436939031
 49 0.625724733 1.74952316 0.105335146 -1.23559785
 50 0.909267366 -0.192407653 0.744433403 0.442532003
 51 -0.114278287 -5.73287904E-02 0.560734510 -0.581851959
 52 -0.143115401 0.391619772 -0.309815228 -0.990733206
 53 0.385720313 0.806652784 -0.981193423 0.338592023
 54 0.937636614 1.20170581 1.76075709 -0.462822080
 55 0.193453014 0.493932515 -1.25989401 0.565403283
 56 0.767068326 -0.801005125 0.691434622 -0.549308658
 57 -0.430399686 0.492193192 -1.00745428 0.633647799
 58 0.353926837 3.07290852E-02 -0.154590413 0.443024039
 59 -0.670137942 -1.20443475 0.246489242 1.37997949
 60 0.784224987 -0.281627327 1.30978549 0.594883621
 61 1.40180945 1.10743749 0.761146903 -0.898769796
 62 0.382676035 0.778947532 1.06635940 -1.01801121
 63 0.704871058 7.54400790E-02 1.06437933 -0.888484597
 64 -0.130970836 -0.378331065 -0.493729919 0.490744174
 65 0.461398810 1.15168738 -0.361137569 -0.839974880
 66 0.558892250 0.597509444 -0.528488934 -1.01054096
 67 -0.370639980 -0.452809364 0.525389194 -0.470556021
 68 0.409591556 0.915014744 -0.152071595 0.271545589
 69 0.721896052 -0.276388466 1.21440852 -0.617406011
 70 0.551123261 -0.613580048 -0.150850490 0.340842396
 71 0.462404102 -4.56366688E-03 0.603908002 -0.809444785
 72 0.496720940 1.89007783 -0.818473339 -0.987759173
 73 -9.99375954E-02 9.91387740E-02 -0.217212051 -0.939524889
 74 -0.116921522 -0.265226871 0.276240170 -1.00069785
 75 0.142411321 1.93174982 0.590337932 0.398220628
 76 0.718723774 0.824591279 -1.85698199 -0.965250432
 77 -0.158728838 -0.546490014 0.585523009 0.220858991
 78 2.12315917E-02 -0.355209738 -0.263959736 -0.528759480
 79 0.594546795 0.459582478 1.26249003 0.241603911
 80 -0.214076698 1.45061660 -0.853345454 -0.596063197
 81 1.22314060 0.548857391 0.783589721 -0.796137810
 82 1.07841563 1.05020463 1.71579528 -0.466215074
 83 -0.246725261 -0.239524007 0.291241407 -0.466895729
 84 0.936374009 -0.589947343 -0.246976018 -1.45380124E-02
 85 1.02687514 -1.99253166 0.817008734 -1.04277992
 86 1.43815827 1.25931239 -0.575045824 -0.686534464
 87 0.263891518 0.162622780 -0.119419485 -0.912281632
 88 0.320214033 1.80510366 0.579401255 -0.809713542
 89 -0.539892733 8.71734023E-02 0.421668768 -1.50194263
 90 0.300390720 0.376719266 -0.933781624 -0.468229741
 91 0.260156453 0.789998233 -0.923351645 -0.514278173
 92 -1.24840140E-02 -0.366820902 0.812614977 0.220683247
 93 -0.398436844 2.18532458E-02 0.404814839 -1.08132756
 94 0.885680258 0.132498413 0.886855900 -1.33104444
 95 1.09933400 -0.299728751 -0.377102196 -1.03212225
 96 0.112074181 -0.805887341 0.164529949 -0.623820364
 97 0.336842716 0.122450337 0.761858523 -0.846167147
 98 -0.118760213 4.51056361E-02 -0.234114274 -0.849911749
 99 7.46768937E-02 -0.384844363 -0.264807224 -0.410210073
 100 0.970067143 0.167414293 1.79592466 -0.972439528
 101 0.304377943 1.10280740 -0.324526668 -0.842937768
 102 -0.309828997 0.705769539 -0.214872673 -1.30169642
 103 -0.112706468 0.108644754 0.193953887 0.484616369
 104 0.607277870 1.62281692E-02 0.949093342 0.410617501
 105 0.762027621 0.279817313 0.139993623 -0.675583959
 106 -0.170207277 -0.234267741 -1.25551927 -0.992551625
 107 0.974033594 -0.891528666 0.576845765 -0.862485230
 108 0.639405131 0.196044683 7.70532638E-02 -0.845090866
 109 0.672583818 0.668841660 1.41413903 0.240438789
 110 1.95090115 0.207008094 -0.145219803 -1.06137455
 111 -0.260635495 0.481414884 1.53682852 -1.59791994
 112 1.24017799 -0.329517066 2.45431590 -0.925648093
 113 1.12883377 0.800936580 2.18065882 -0.653569102
 114 1.07176805 0.230697080 0.982001305 0.247535720
 115 -0.475989640 -1.00658727 -0.349008143 -0.457745463
 116 0.281199038 0.253757536 0.145655379 -0.431579798
 117 -0.801805019 -0.321366906 -1.44689655 -1.23847771
 118 0.850850046 0.367262363 0.427940816 1.45643115
 119 0.121352211 0.637414575 -0.588957191 -0.379868686
 120 0.494855851 -2.96858028E-02 0.580884039 1.20595264
 121 1.25838947 0.205075562 -0.327124953 -0.314576864
 122 1.53189278 0.426180482 1.99869204 -1.26184070
 123 2.00476956 7.12321997E-02 6.82289004E-02 -0.498853207
 124 0.585134983 0.744731069 0.449355900 0.388227701
 125 1.04379737 0.685469866 -0.623632431 -6.48434907E-02
 126 1.32233143 0.893252194 1.12397528 -0.957307220
 127 -0.369724989 0.736498713 0.585620284 -0.723167360
 128 0.491614282 1.20048428 -1.01876235 -0.451271534
 129 0.436217606 1.70870686 -0.671088815 -0.860437572
 130 -0.579977930 0.921876192 1.75084686 -0.298987508
 131 1.39552581 -0.575048923 1.23756480 -0.800058067
 132 5.29202819E-03 -5.48186600E-02 0.298783064 -6.68828934E-03
 133 -0.242295310 1.90454368E-02 -0.209409013 1.14257848
 134 -0.577293754 0.105124921 -0.465392590 -1.14700770
 135 -0.429651827 0.542613387 -0.288724065 0.373923063
 136 1.16081071 -6.24613613E-02 0.108596653 -0.712057531
 137 0.585594118 2.08922791 -1.49584138 -0.929831207
 138 -0.763705730 0.531701446 0.802127540 -0.637105227
 139 0.680982351 0.131096452 0.296405464 0.229995996
 140 -0.326347083 2.91312635E-02 -0.340531319 -1.29029346
 141 1.61147094 0.129464775 -0.313600123 1.22104871
 142 1.12826216 2.08019948 -0.877560377 0.300197303
 143 0.595781982 -0.291641891 0.154682487 1.08326793
 144 -0.281900883 0.793503165 4.60033044E-02 -1.09540629
 145 0.217498064 -0.420316666 0.176506549 -0.733447552
 146 0.630125105 -0.362756521 0.520313859 0.287583977
 147 0.213871181 -6.57854378E-02 -0.921057224 -1.10242879
 148 -6.75920174E-02 0.184269294 -0.253772914 -1.03385484
 149 1.06310594 0.698385119 0.377220333 -1.04362082
 150 -0.672393501 -1.38398039 -6.00064322E-02 1.50189233
 151 0.636239350 3.36417928E-02 0.910240948 -1.40573251
 152 0.902623594 -1.37275290 1.20275307 0.730887413
 153 -0.750283003 -0.726457536 -1.46790648 -1.38237774E-02
 154 1.07119143 0.287587076 -0.218568161 -0.847956896
 155 -0.975713849 0.709445477 -1.20640635 -1.20656323
 156 1.42968988 0.812220275 0.796804309 -0.935502529
 157 0.376761526 -0.389224291 0.521977007 -0.489275813
 158 0.818594277 3.44939679E-02 3.88776362E-02 -8.11865777E-02
 159 -0.204902530 0.304464340 0.253428072 0.707803011
 160 -0.463201612 -0.141974121 -0.276380658 -0.470427722
 161 0.198251575 1.64778960 -0.171018481 -0.742085338
 162 0.843792260 0.533645093 -0.718598127 -0.749174714
 163 0.133204997 0.559035122 0.282972097 0.615977108
 164 2.17195377E-02 0.903165936 -1.77073888E-02 -1.44036198
 165 0.793234646 -0.308052987 1.15352523 0.780761778
 166 0.920628905 0.764453888 -0.674810767 0.539084971
 167 0.146061376 1.33698976 -0.633277416 -0.909649253
 168 0.495563984 0.954001784 1.50919461 -1.95047569
 169 -0.620474696 -0.990807772 -0.286828488 1.31626368
 170 -0.163634032 1.04419017 -1.50667238 -1.12895894
 171 0.108270600 0.499561906 -1.01348311E-02 -0.638024330
 172 1.24583256 0.608924270 -0.738754630 0.127309427
 173 -1.30594063 5.56579381E-02 0.319266975 -0.828883588
 174 6.78101853E-02 1.18016744 -9.34379101E-02 -1.20744038
 175 -0.371097773 6.03359491E-02 0.450069577 -0.446945816
 176 0.479426235 -0.613093376 -0.185756952 -1.21820259
 177 -0.825528681 -0.992830455 -0.943699360 0.416541487
 178 0.444359779 -0.593503177 -0.568805933 -0.625174880
 179 -0.370624572 -4.92182747E-02 5.27749956E-03 0.158863753
 180 -0.122429758 0.230419233 0.667028487 -1.36106837
 181 -0.267567784 -8.29018280E-03 -0.541216373 0.415053964
 182 -0.139215827 0.514642239 0.571708679 0.346013844
 183 0.467925131 -0.518759966 -0.329400271 0.151741490
 184 0.315973014 0.838518143 7.92031810E-02 -1.15143847
 185 1.08224881 -0.249597162 -0.147288203 0.560251772
 186 0.223982990 -0.435692728 0.628298998 -1.29743838
 187 0.941456318 -0.814718068 0.596943736 0.289142549
 188 -0.785674036 -0.762867153 0.683264494 0.167195916
 189 0.357078850 -1.06429052 1.14527261 -1.20148146
 190 -0.533744156 -6.46246970E-02 7.40458369E-02 0.313894123
 191 -0.178501278 0.192335919 1.01644325 -1.01748919
 192 0.434838325 0.299689412 -0.558659315 -0.939729512
 193 0.710176826 1.30846548 -0.543585837 -0.842674494
 194 -0.392530292 0.654156685 -1.41800117 -0.974172294
 195 1.20412529 1.34524608 0.137733728 -0.784303010
 196 0.247598752 0.900632143 0.359555960 0.271024793
 197 0.943326235 -0.638551354 -1.17700088 1.02634653E-02
 198 1.06863582 9.76690128E-02 -0.937409997 7.38648474E-02
 199 -0.757304311 -0.568283319 0.901196897 0.149796560
 200 0.668005466 0.967540264 -1.49022174 -0.608718514
 201 -1.72430798E-02 1.61093247 -1.02373493 -0.796496332
 202 0.278361171 0.967129350 -0.257538974 -0.959580302
 203 0.766303301 -0.710012197 0.953680158 -1.07264495
 204 0.762844086 -0.277463675 0.924276173 -2.90985852E-02
 205 -0.261453509 2.03805232 -1.70666194 -0.707993746
 206 -0.295868844 7.04553127E-02 -1.75207611E-02 -1.41436648
 207 8.67472738E-02 -0.609973669 0.998243570 -1.56329167
 208 0.388162851 0.290604621 0.371035218 -0.991422474
 209 -7.82709718E-02 1.59638870 0.456609309 -0.503613293
 210 0.951895177 0.701566398 -0.289191604 -1.00874138
 211 0.483046979 -0.737795353 1.78754151 0.321539432
 212 0.303912610 0.718139887 0.525132000 -0.651169419
 213 0.321204841 -0.329807878 -0.109861240 0.585877538
 214 -0.449566275 0.780180216 1.42683339 0.162244275
 215 0.830084026 1.26688313 0.930188775 -0.700312793
 216 0.742876232 6.83963299E-04 -0.476896197 -0.801568508
 217 0.487194568 1.71498418 0.987347841 -0.623509228
 218 0.792963266 0.901800573 0.897112608 -1.03617251
 219 0.942053437 0.930078864 1.30530727 -1.25070226
 220 0.484997362 0.450218141 0.976833820 0.649206996
 221 1.49664283 -0.194482639 1.10132527 -0.855920434
 222 0.106401682 0.185090393 0.737858713 -0.463238925
 223 1.40131724 0.614226162 1.70316172 -1.05777061
 224 -0.585910678 0.986095726 0.864389062 -0.687927008
 225 1.34829450 -1.49690068 5.65284118E-02 -0.913844049
 226 1.00591791 1.77201843 0.673047662 0.290611744
 227 -1.11023116 2.19633126 -4.84621525E-03 -0.327202678
 228 0.169784501 0.709937811 0.562107027 0.214617029
 229 0.152521521 0.771768749 0.677514791 1.34229362E-02
 230 0.531582713 0.494046599 0.429165095 -0.387690425
 231 1.20749104 -0.152687266 2.01860452 -0.687419832
 232 -0.112696975 0.478248060 -3.29240970E-02 -0.324937522
 233 0.944450259 -1.26739430 0.272277176 -0.781969428
 234 0.779892921 3.62547934E-02 0.122072697 -0.694456160
 235 -0.227834299 -0.151020780 1.16415858 -0.995051384
 236 -3.49879935E-02 1.24597788 0.900786161 -0.905280650
 237 0.811271429 1.17054772 -0.133360490 -0.848311126
 238 -0.939794779 0.574771047 -2.17307472 -0.794043362
 239 1.59866607 0.787464857 0.690248430 -1.43350756
 240 0.731103778 1.70514417 0.325191230 -0.676727653
 241 -4.14122343E-02 -0.222917885 1.29214823E-02 -8.09198320E-02
 242 1.48511064 0.537593722 1.35591900 -0.386117637
 243 0.607548594 -0.273124903 3.47209871E-02 -0.802455902
 244 0.109428570 0.295094818 0.932941973 0.330248445
 245 -9.90321338E-02 -1.25660110 -0.321774691 -0.816325068
 246 0.526664376 -8.77970755E-02 1.16778791 -0.502908051
 247 2.54471153E-02 -0.339256227 0.892245889 -0.976472735
 248 0.127984896 -0.408944249 -9.42819938E-02 -0.976624250
 249 0.158942685 -1.01605046 0.367769927 -1.03620791
 250 1.45261633 0.280316472 -2.45239958E-03 -0.590794206
 251 -0.115527131 -0.216566712 0.719807744 1.16941798
 252 0.333223224 2.21722293 0.238972723 -1.14373851
 253 0.433535933 1.09785938 0.975344181 -1.45926344
 254 -9.63291675E-02 -0.644264758 -8.11442211E-02 -0.865644574
 255 0.182308748 0.803090811 -0.464773536 -0.829502344
 256 1.22267413 0.362994134 1.08777165 -0.111562580
 257 0.328975588 1.05803657 -0.780477524 0.504131436
 258 -0.286643595 1.56708145 0.421285897 -0.353468746
 259 -0.344734520 0.725735188 0.645506024 0.247218877
 260 -0.212518081 2.20454144 1.37154865 -1.08712626
 261 1.30063868 6.09904677E-02 0.647977650 0.485066235
 262 1.81813657 1.29675889 -0.169931337 -0.742783546
 263 0.293153018 0.916784883 -0.188674927 -0.139301613
 264 -6.79160357E-02 0.909653544 -0.113090545 -0.686902642
 265 0.596056402 2.32256222 -0.728184104 -0.538173199
 266 0.424755603 -0.439937413 0.577138245 0.591522515
 267 0.241477907 -9.89533663E-02 -0.573909998 0.610269368
 268 -1.15194097E-02 -0.355947196 -0.635128736 1.59821987
 269 0.509513319 0.681786060 0.992148221 0.325243056
 270 1.02893543 0.165306896 -1.10240555 -0.793681502
 271 -0.613798618 1.43293619 0.720122874 -1.01986694
 272 0.682114780 0.700912476 0.729657471 -1.01230633
 273 0.521412134 -1.50815380 0.688803971 -1.31788921
 274 0.357257903 0.883473635 0.467022985 0.427883983
 275 1.67810214 0.466980070 1.22144759 -0.882381320
 276 -0.245795175 0.622106612 -0.797652006 0.215530410
 277 1.13587463 1.69928956 0.929249644 0.446176261
 278 8.62544179E-02 0.396801621 -0.575561523 0.605418026
 279 1.92404282 1.07959712 0.888355255 -0.892557323
 280 0.625750303 0.249327034 -1.24752045 -0.949897170
 281 -0.259993970 0.861509442 -0.928061068 -0.953753293
 282 0.822173953 -0.239264637 -0.105526879 0.635906041
 283 0.718539774 -1.61238575 0.599082887 -0.807009935
 284 1.35514212 0.590483606 -1.06624216E-02 -1.10390067
 285 0.958086073 0.851507068 -0.467761159 0.368729055
 286 0.494832844 7.93004856E-02 1.43761182 -0.490770161
 287 -4.77800742E-02 -0.557315052 -0.145695984 -0.921549857
 288 1.02120972 1.55187237 8.08066130E-03 -1.70852661
 289 0.474195838 -0.161883429 0.158183157 0.310128599
 290 0.362703532 -0.237927601 0.829299808 -0.752905488
 291 0.999538898 0.497745782 0.416590095 -1.13173378
 292 0.679332972 -1.32073641 4.55640815E-02 -1.05156398
 293 -0.380669445 0.969157219 1.28284466 -1.54420769
 294 1.17841935 1.43320680 -1.41403043 -0.749059975
 295 7.84060955E-02 1.72156847 -1.29522347 -0.777188182
 296 -0.155325979 0.809401274 0.895414114 -0.735893667
 297 0.497880965 0.741072834 0.304928213 -0.864851356
 298 0.900099218 -0.204217121 1.01301789 -1.31163573
 299 0.950447440 0.626097262 5.90100586E-02 -1.00344598
 300 0.606987298 0.461611301 1.29172707 -0.788991630
 301 -0.826666474 1.14232135 -0.407788277 0.421402574
 302 -0.159163013 1.14063263 0.143596306 -0.991980076
 303 -0.230541348 0.136192665 0.156440228 0.235401124
 304 -0.298431575 1.20123446 -1.33211207 -0.592155993
 305 0.556713462 0.940709889 4.31503616E-02 -1.05694985
 306 0.531714916 -0.234956861 -1.01650953 -0.631909728
 307 0.808156729 -1.33543634 1.18142104 -0.159567624
 308 -0.683471799 0.192914039 -1.16617453 0.137018740
 309 1.16632617 -1.31496644 1.18720901 -1.15609419
 310 -0.166558504 1.28331625 -0.253485322 0.777222574
 311 0.278367192 1.74526405 -0.434722900 -1.09120667
 312 -0.717272103 0.103442445 2.61980742E-02 7.83841610E-02
 313 0.173890203 -0.304430217 -0.592305243 -1.05833030
 314 0.288165361 -1.52031755 1.22539127 -0.861357093
 315 0.225540012 1.17214179 0.935750544 -1.32848263
 316 1.20383084 0.490703911 -0.391999602 0.279326528
 317 -0.377826631 0.774986207 0.621694505 0.211254537
 318 -0.580084085 0.231248304 0.779623628 0.174475908
 319 0.688433528 0.258488208 0.784313500 0.545016050
 320 0.112372331 -0.378083766 -0.806383193 -1.29501641
 321 1.11056089 1.40210176 1.19756818 -0.154191718
 322 1.37474787 1.61824048 -1.25123799 -0.851071000
 323 0.353602886 0.179878637 -0.254107594 -0.965071082
 324 1.36141372 1.73868573 -0.812533140 -1.14929509
 325 -0.995754302 1.80105293 0.772563636 -1.75248086
 326 -0.204465166 -0.362482488 0.734405398 0.366292655
 327 0.898562074 0.543152094 0.369118810 -1.20106769
 328 -9.67315063E-02 1.50630760 -0.180650651 5.01994789E-02
 329 -0.125552699 -0.816976249 0.270577550 0.136985973
 330 0.932828665 1.85289872 -1.04318762 -0.700861216
 331 -0.678813219 0.929524183 9.01624113E-02 0.735374570
 332 1.21651363 0.989866912 0.768759012 0.454154432
 333 -0.302054167 0.446680546 -1.42087078 0.271942079
 334 0.633721650 -0.681211591 -1.27617979 -0.196141541
 335 -0.177560151 -6.61306679E-02 -0.377530456 -0.432824850
 336 1.23752737 -7.61839747E-02 -0.614317775 -1.01057160
 337 0.497963905 2.82130837 -0.820119619 -0.520825565
 338 -9.03423801E-02 0.620285988 1.52154338 -0.392359793
 339 -0.110761657 0.209018484 -0.705903113 -1.04476607
 340 0.433529466 -0.688075960 0.978724837 0.567124665
 341 0.454644322 0.410134792 0.613184094 0.611944556
 342 0.640172660 -0.733356833 0.264343292 -0.744575739
 343 0.438923359 0.703040838 0.449652731 -0.390006721
 344 0.201970100 0.908414483 -0.618889391 0.676361740
 345 -0.208278969 0.645041406 -8.05564821E-02 -0.662582457
 346 0.682473719 -0.810014307 1.19557285 -0.504357219
 347 -0.641302586 0.403890699 6.24116659E-02 0.245406717
 348 0.718523264 -0.377750039 9.27242041E-02 0.598073244
 349 1.30229950 0.455049336 1.42202711 -0.948587477
 350 -0.627497613 -0.746524394 -0.450254470 -0.479827881
 351 0.929942369 1.29894602 0.199531063 -0.499462813
 352 -0.145943046 -1.19655991 1.10113549 1.64508092
 353 9.09676552E-02 -0.302742600 0.744224548 -2.33317316E-02
 354 7.20042735E-02 0.823623598 0.960695684 1.61279392
 355 0.852936149 0.866907597 -1.07354331 -0.530945182
 356 3.85228470E-02 -1.08366919 0.323035061 -1.61716962
 357 0.210804820 0.457801968 1.07045519 -0.712022543
 358 -0.105241343 0.466041863 0.604137242 -1.21675062
 359 -0.522803664 -0.187339574 0.944837093 -1.20296240
 360 1.08023548 0.265956432 0.909739375 -0.624040246
 361 0.738301039 -0.354550898 -0.729678571 -0.834555864
 362 0.161253691 1.03471136 0.402169436 -1.23712838
 363 0.508989930 0.841663659 -1.40923023 -1.00366330
 364 -0.109477162 1.48302948 -0.945242643 -4.58416343E-02
 365 -8.04087892E-02 1.10224235 0.682655334 0.359345049
 366 0.219851136 1.09320319 -0.181067914 -0.507788658
 367 0.637010455 -1.08399022 0.169184864 -7.23991394E-02
 368 0.410912991 -0.526675522 0.385961324 1.04243243
 369 -0.941081941 -0.385065794 0.874056101 -0.576840758
 370 1.10381353 0.513563037 0.181428641 -1.15647173
 371 -0.212289348 -4.26548459E-02 0.982128084 0.728909731
 372 0.614751220 1.19708204 9.83387232E-02 0.649254382
 373 0.553376496 -0.307605773 -1.95697173E-02 0.148862153
 374 -0.429199368 -1.01433730 0.445635229 0.328546494
 375 1.53406560 2.50523186 0.492099643 -1.53325701
 376 1.22473907 -8.09217170E-02 0.164226070 -7.53579438E-02
 377 -9.06865522E-02 1.29438007 -0.747284293 -0.925727427
 378 0.144075915 0.886098266 0.162285104 0.104318887
 379 0.716384888 0.725273788 -0.227445677 -0.383910716
 380 -1.91193372E-02 1.80711758 -0.674369395 -0.935510218
 381 3.65407690E-02 -0.281719983 0.527391255 -7.64077902E-02
 382 0.618178010 1.31559527 -0.725610852 -0.716663122
 383 0.413252771 5.44684567E-03 1.19077289 0.162012011
 384 6.12569824E-02 1.45135725 -0.233472675 -0.723584890
 385 0.350166231 1.67425084 1.22061539 0.364813566
 386 -0.182160959 0.812271774 -0.639402568 -0.511169851
 387 0.798898578 -0.667572081 2.11202312 0.220348865
 388 0.911250412 0.236534536 2.32244968 1.65086865
 389 0.283300728 0.512694478 0.722804606 1.15534306
 390 0.396021515 2.00081253 -0.865786731 -0.976376474
 391 0.235582620 0.797520041 0.195774958 0.488133967
 392 1.27396274 -0.293455690 -9.04310644E-02 1.48382318
 393 0.268193722 1.54909897 -1.43953860 0.394307435
 394 0.694838941 0.467382342 0.413375258 1.51016819
 395 0.171126395 -6.80719912E-02 1.94925237 -0.947651267
 396 0.145780623 0.681778431 1.96375823 -6.30994141E-02
 397 0.496209651 -0.440820873 1.84856164 0.529586554
 398 0.973679423 -0.238602430 2.42718887 -0.587436736
 399 0.340551496 0.127392188 0.254819483 -0.502965271
 400 -0.608379781 0.284483373 -0.136217028 5.16689606E-02
 401 0.513586938 1.32200336 -4.23743874E-02 -1.25055993
 402 0.107087426 -1.23032022 1.97143459 7.88629502E-02
 403 -2.55352184E-02 0.409109503 4.27850112E-02 -1.24568796
 404 0.350373775 0.865062952 1.27386630 -1.23368430
 405 -0.546057820 8.05425048E-02 0.255683601 -0.992271841
 406 -1.01637316 0.364632070 0.832787991 -0.733908057
 407 0.694029629 0.430786967 0.260390848 -0.643808067
 408 9.17112529E-02 1.17464435 -0.106711119 0.676952004
 409 0.399020791 0.377822936 0.241862074 -0.845248222
 410 2.14700103E-02 0.828527153 -0.188389406 0.545429051
 411 0.645661056 0.835163414 0.946591616 0.114660427
 412 -0.203884333 0.976095438 -1.28143013 -0.675731421
 413 0.327621579 0.754803896 0.773480237 -1.07350254
 414 0.816781104 -0.424320281 0.392005980 0.246421844
 415 1.09835482 -0.462832898 1.12475061 -1.10611379
 416 0.111149490 0.469398797 0.206986755 8.24949145E-03
 417 1.02318048 1.56415880 0.425742090 -0.427591681
 418 0.194593966 0.640197456 0.790268302 -0.712516487
 419 0.520266473 -0.169921637 0.737205565 -6.84185773E-02
 420 0.936378241 -0.398870051 2.14382505 -2.30273083E-02
 421 -0.919310749 0.153212130 1.13339162 0.108832426
 422 -0.133545652 -0.433647305 0.882173181 0.137683690
 423 0.803598583 1.60628140 -0.391446471 -0.637153029
 424 0.370952368 -0.958043993 1.18197525 -1.71898532
 425 0.230506033 -7.98644572E-02 0.230442002 -1.46481216
 426 0.427245289 -0.280732781 2.12245584 -4.25843671E-02
 427 0.226031989 -0.461926341 0.137807697 1.01502407
 428 0.690701067 0.651348650 0.888886988 -5.68585098E-03
 429 0.348014295 0.900779366 0.134672701 -0.695818305
 430 -0.164148435 1.31424356 0.527452230 0.137956053
 431 0.417491972 -0.949617743 1.12478924 0.335532010
 432 -0.132678449 0.375784427 1.13714755 -0.856587768
 433 0.238345355 1.08926177 0.232414216 0.451295346
 434 0.327185214 0.828562140 0.285697222 0.739232540
 435 0.289713860 -0.142581344 -8.77969041E-02 0.409812003
 436 7.41911978E-02 -0.282754034 0.443194747 0.298739076
 437 -0.747789264 1.14811945 4.69106734E-02 -1.01390982
 438 0.765710711 1.14987409 0.567516685 0.959788918
 439 0.548614085 0.295801908 -0.959195018 0.347245365
 440 0.491789788 1.11654246 -1.11045897 -0.732641339
 441 0.768145800 0.644554317 0.399832189 -1.22243059
 442 -0.487016559 -0.430666566 -0.757146597 0.611781001
 443 1.45088124 0.204179093 -0.155912265 -0.723444819
 444 0.361627817 0.652063668 0.205109864 0.328489542
 445 0.313023210 -0.199551597 -0.405273318 0.761890054
 446 0.113908067 2.14581418 -1.68212497 -0.718000472
 447 1.11326075 6.41080141E-02 5.99145517E-02 2.11299801
 448 -0.333272398 -0.265749425 1.07868576 0.674734354
 449 0.889656782 0.935829341 0.662363589 -0.842924953
 450 -0.669711947 0.195028648 -0.960104942 -1.16022325
 451 1.73745310 -0.181047410 0.210767329 -0.898095846
 452 6.31381422E-02 -0.409454107 1.99328160 0.414615095
 453 -0.228137031 0.717228770 -0.120262489 -1.07256973
 454 1.30439138 1.75800931 -0.328685731 -0.916391671
 455 2.52801925E-03 0.486719787 3.61794829E-02 -1.24498165
 456 -0.721426129 0.358538508 6.17209002E-02 -0.619371176
 457 0.673774064 1.00337577 1.04281235 -0.198155165
 458 -0.597402155 1.39495265 -4.35497425E-02 -0.772150457
 459 1.10330319 0.990585923 0.999123573 1.60257399
 460 -0.139083385 1.25260460 -1.41612327 -0.572861791
 461 -0.479328692 -2.42374539E-02 1.21648633 -0.735379398
 462 2.95760483E-02 -0.403594047 0.699891031 -0.821962833
 463 1.04446924 1.57506669 -5.93301803E-02 0.479881108
 464 1.26406777 0.605087042 3.65869924E-02 -0.929560006
 465 0.677006721 1.24447036 -1.21678269 -0.631162584
 466 -0.537627697 -7.17946813E-02 0.561841071 -0.773824930
 467 -5.83056547E-02 0.404014170 -1.22274477E-02 4.73338366E-02
 468 0.528574944 -0.321543604 1.37343311 -1.03717446
 469 0.551818192 -0.148983359 -0.619016290 -1.09994709
 470 0.521457076 0.232408732 -0.261913449 7.39705265E-02
 471 0.158943191 -0.902937233 0.495202184 1.22577333
 472 0.272078991 0.427889973 1.36104906 0.365569472
 473 0.681299746 0.109173819 -0.748833597 -0.878868639
 474 0.628636122 -0.206899598 0.660125136 -1.04185271
 475 0.759882689 0.585350871 0.306752115 -0.693531513
 476 1.12841821 1.20042276 1.20439947 -0.662266970
 477 0.434363365 0.609610677 -0.362479985 -2.28616595E-02
 478 9.29218605E-02 -7.90673941E-02 0.994741082 -0.972350955
 479 0.793161154 1.24156964 0.654146671 0.744711399
 480 0.136933744 0.883522868 -0.516984880 -0.386242300
 481 -0.306370437 0.990927339 -0.723527193 -0.434279680
 482 0.839858770 0.474052608 0.273931712 -0.468270957
 483 0.297220916 0.656750977 1.55929911 -0.257962227
 484 0.806272209 0.690151155 -0.391191572 0.197440386
 485 -0.155690059 -0.236315936 5.77748455E-02 -1.30483186
 486 -0.469140261 0.463474154 0.758776724 -0.248316452
 487 0.530609429 0.687286377 0.133159131 -0.701362252
 488 0.849929571 0.393285245 0.636973202 0.166713506
 489 1.21302664 2.16763234 0.206151202 -0.655572295
 490 -0.523877740 0.363558143 -0.129059255 -3.82312797E-02
 491 1.01525557 7.09616765E-02 1.08854187 0.383556783
 492 1.74224305 -1.32476187 1.33190620 -1.02999616
 493 1.69984150 -0.261519402 0.547390342 0.488763273
 494 1.46538734 1.19602025 0.609929800 -0.693743765
 495 0.602796078 -0.919092715 1.82763994 0.670120180
 496 0.848738432 2.41951847 -0.472234368 -0.992863417
 497 0.132788196 -0.251042962 -0.322449327 -0.946793973
 498 0.873969257 0.486094892 0.268815875 -0.996579468
 499 -6.16655797E-02 1.08532953 -0.401048213 -1.29717875
 500 0.179563686 1.15642738 1.44193041 0.746710598
 501 0.611261189 0.665761769 -0.843953609 -1.02253163
 502 0.688489318 0.788028061 1.93595529 -1.10426664
 503 0.549080968 1.09503698 0.668159604 -0.667767406
 504 1.07118475 -1.68957748E-02 -0.173217744 -0.935345471
 505 0.339950800 0.777134299 0.177703500 -0.336186022
 506 0.942624032 -0.137510046 -0.328138888 -4.83405292E-02
 507 0.919629753 0.368536115 0.729459286 -0.698978007
 508 4.59442511E-02 1.26015425 -0.939433455 0.231074899
 509 0.699495316 0.426625699 1.97234786 -1.40919125
 510 -0.165993586 -0.631960392 -0.595181048 0.219273642
 511 -0.350807548 0.242740795 -7.64357150E-02 1.18799865
 512 0.965413213 0.109558448 -0.252126932 -0.723102331
 513 1.21736550 0.966629446 -1.43189728 -0.121078521
 514 0.288608670 -0.230368108 -0.359643042 -1.10815430
 515 1.58004355 1.10803354 0.925156593 -1.61275208
 516 0.808031321 1.10662138 1.11419630 -1.19628012
 517 1.17767227 -3.03903613E-02 0.441313982 -1.01774919
 518 -0.103628173 -0.818310618 1.34941292 0.357916862
 519 0.508040726 2.54732323 0.187194034 -1.13626993
 520 0.226498336 -0.578344226 -0.833636224 -0.535448492
 521 1.25498283 0.200750709 1.26595032 -2.33177137
 522 -1.42287385 -0.173378319 0.230643928 7.51894712E-02
 523 0.253670216 0.799677551 -0.232626662 0.542524695
 524 1.23837960 0.576434970 0.843268812 0.131170213
 525 1.55659711 0.312081575 1.37409401 -1.53406227
 526 0.945482850 0.169614017 0.553750455 -0.664979517
 527 0.371542096 1.10536289 1.32069921 -1.36910963
 528 2.52900142E-02 0.307176888 -0.508892655 -1.36787176
 529 1.58455050 0.824960589 0.988381147 -0.622734666
 530 1.40541270E-02 1.46934652 1.17291725 -1.46132481
 531 0.543204963 -0.350485206 0.551825404 -0.511730254
 532 0.392520428 1.67640078 0.211599678 -1.39012837
 533 1.15589809 0.339579374 0.341292500 -0.755163670
 534 1.15826714 -0.794181466 0.549377978 0.354643852
 535 0.768943965 0.941052496 0.505037248 -1.44287956
 536 0.573508501 0.125830889 6.47517592E-02 -0.298804879
 537 -0.537232161 1.55062890 -0.842840791 -0.934195101
 538 -0.532663643 0.825058937 -3.00520658E-02 -0.819706440
 539 0.134819403 0.688683093 2.48114681 0.379034877
 540 0.110334344 -3.11491801E-03 0.210361704 -9.73547846E-02
 541 1.12510705 1.08000994 -6.32764697E-02 0.336922556
 542 1.36232364 0.215897486 0.751050353 -1.07577336
 543 0.683295786 1.39983439 0.268435478 -2.24328470
 544 0.248674989 -1.20448494 1.06422389 0.469461203
 545 1.07526624 0.492125154 0.688919663 -0.589284301
 546 -0.248747706 1.14595342 0.441180617 0.575916409
 547 0.696256578 0.134067625 0.489858568 0.586002111
 548 0.871680856 0.202894002 0.383975714 -0.961758614
 549 1.26063931 1.05080831 2.56112814 1.50377738
 550 1.29347956 -0.160490692 -1.09246612 -1.45597100
 551 0.509965539 -1.23100317 -0.320034951 -0.855444729
 552 -0.169459984 1.34958243 0.518792748 -0.883095622
 553 1.73007715 1.50950742 0.415835440 0.331447899
 554 0.646124601 0.260600746 0.717608869 0.387174308
 555 -0.799157798 -1.18583560 1.28962255 -0.950620413
 556 -8.19835588E-02 0.760587931 0.276973248 -0.891730607
 557 -1.19167209 -0.609043658 -0.473272234 0.153019398
 558 -0.827483773 0.449207246 -1.38179111 -0.884199619
 559 -0.687967420 0.254061878 -3.50026190E-02 -1.36829782
 560 -0.626510799 -0.428542465 0.173778087 0.106731281
 561 -0.319067836 5.77361472E-02 -0.362410486 -0.838062942
 562 1.39452159 -0.249952406 0.680417538 0.784300148
 563 0.777137816 -0.388257086 -0.579517484 -1.46657908
 564 -0.506117880 0.954871774 0.827998877 0.469553083
 565 -0.261947066 -0.604362309 0.822061241 -1.15180779
 566 0.389560640 1.17440534 0.551027894 -0.863577664
 567 0.132203549 1.30729699 -0.242304787 -0.607510209
 568 -0.343624383 0.755501091 -0.121399775 -1.28481650
 569 -0.320717037 -0.664417863 0.870019317 6.70855790E-02
 570 0.970434427 9.85275209E-02 0.765931666 0.214908510
 571 0.151077479 -6.88909516E-02 0.557725847 9.17188302E-02
 572 0.388083756 -0.508905768 -9.84131470E-02 -6.86654449E-02
 573 -0.349479735 0.211700946 0.693820119 0.440167069
 574 0.617697299 -1.05439389 0.815330923 -0.880783737
 575 0.330045491 -0.269199729 0.491662383 1.48934376
 576 1.02668619 0.555455208 -0.461814016 -1.14225268
 577 0.318759501 -5.95442280E-02 0.792218447 0.271153361
 578 0.448758841 0.118583426 -0.262708396 -0.563383877
 579 -0.255078852 0.787289381 -6.06875494E-02 -0.781973541
 580 -0.329672575 -6.97802231E-02 1.48083091 -1.02285647
 581 0.845068514 0.585007250 0.493673146 -0.622163355
 582 1.35044754 1.13615406 -0.965723097 -0.653081059
 583 0.801827848 1.49505317 1.08690798 -0.817251205
 584 0.839190006 -0.218310833 5.14515340E-02 0.731060445
 585 0.607029021 0.463097274 1.31435895 0.190885961
 586 1.41821945 0.900323749 -0.197471172 -0.297366500
 587 -0.350037843 0.354659021 -0.245482564 9.63966474E-02
 588 1.06456101 -0.126882076 -0.359088331 -0.413110167
 589 0.910620213 0.413982600 1.20116973 0.423434258
 590 0.936713099 -0.576715708 3.27990353E-02 -3.07152867E-02
 591 0.860094666 1.04310822 5.63097037E-02 -1.30428314
 592 -0.585213184 -6.89433515E-02 -0.250571549 1.74506485
 593 0.193407193 -0.953182459 -0.134758949 0.444556177
 594 1.36432350 1.57672250 -1.43531275 0.123783201
 595 0.549870133 0.183191836 1.13106322 -1.30703878
 596 0.382527918 0.256791562 0.744476616 -0.984709501
 597 -9.02099311E-02 0.149536982 -0.721391737 -1.11072278
 598 -0.475995600 -2.13843179 -0.577419877 -1.01735973
 599 2.44602942 1.39198518 0.890818954 -0.614796519
 600 -0.907237768 -0.131796524 -1.05223763 0.195770726
 601 0.456337750 0.394681960 0.745810628 -0.531201839
 602 0.700907886 0.616652369 0.765956104 0.606993675
 603 0.392568052 1.03649426 0.901472509 -1.02374268
 604 -0.579425693 -0.442615181 0.788571537 -0.772465467
 605 0.783489585 1.14047635 0.759174824 -0.577731252
 606 0.465939403 1.20148051 0.238549411 0.536046445
 607 0.431357443 -0.264038771 0.348563522 -0.856951118
 608 9.07786861E-02 0.160462052 0.607973933 0.140143722
 609 0.652115762 -1.03529477 1.40523481 -1.01393604
 610 -1.67196244E-03 -0.443231165 -0.554795980 -1.20832348
 611 0.891407311 0.419849157 -0.650320590 -1.66075063
 612 -1.16951358 0.379281312 1.71017873 -0.960231900
 613 0.439020813 1.77651346E-02 1.68107653 9.62287039E-02
 614 -0.218735665 0.197226912 -0.222037420 -1.25964773
 615 1.18590796 -0.679999948 0.899864078 -1.75016224E-02
 616 -0.388616592 0.239599779 0.393941879 0.936579943
 617 0.243122011 -0.614195108 0.855760992 0.302389503
 618 -0.575863838 0.573490262 -0.317053080 -0.517521441
 619 -1.02108645 0.185960740 -0.292707026 -1.27374411
 620 -0.225376174 -0.795321226 1.24800587 -0.886173606
 621 0.439528406 9.44644213E-04 -0.691701055 0.487281501
 622 0.167784005 2.14612341 -1.23564172 -0.809898257
 623 0.402310014 0.539660692 1.40748239 -0.746546626
 624 0.316689044 -0.434820265 0.802739918 0.377442122
 625 0.992812514 0.274991393 -0.778424084 -1.00510800
 626 -9.00326967E-02 -0.619994998 -0.739759803 -0.959596515
 627 9.08522382E-02 1.20564902 0.587722778 -0.882740736
 628 1.40544355 -1.17038500 1.23409081 0.144222602
 629 0.161645949 1.13286269 1.26887286 1.75537646
 630 0.747678161 1.11716533 0.329210430 -5.52685559E-02
 631 0.558641553 0.448194206 -0.300163358 -0.309669614
 632 1.19405413 -0.399481833 1.20984745 -0.767672002
 633 -0.774331093 -0.453956366 3.43417376E-02 -0.666751862
 634 0.319490790 -1.73957360 0.261259913 1.29493368
 635 1.37320113 -0.719032705 0.647005022 -0.719330907
 636 0.173494548 1.68799925 0.780136466 0.440720409
 637 0.248509049 -6.80122972E-02 -0.856303573 -0.932706237
 638 0.787677705 -0.500620604 0.383372515 -7.90346116E-02
 639 -0.862006068 -1.08706236 -9.25705060E-02 0.724395514
 640 -0.285988986 0.767117202 -0.306022227 -0.782532573
 641 0.903570175 -8.11150670E-03 -7.39381835E-02 0.334154695
 642 0.400033504 1.46719074 1.19234657 1.36172926
 643 -0.771197438 -0.223903209 0.258988321 -0.435829163
 644 1.48695827 0.327590823 1.07164502 -1.29574227
 645 0.863340378 -0.247180432 1.29996562 9.84599441E-03
 646 -0.274176896 0.253335834 1.15273011 0.456356674
 647 1.05478370 0.165205061 0.889350474 -0.744582117
 648 7.77200684E-02 7.46372491E-02 0.203022599 -1.03243554
 649 -0.105231151 -1.72680974 1.71017492 0.464869618
 650 0.354196906 -0.599442124 1.27567792 -0.954409599
 651 -3.78755033E-02 -1.23469436 1.74359858 -0.319837451
 652 -1.27125847 -0.231456205 -0.606820464 -1.31766903
 653 1.11382055 0.838858843 1.16447461 0.632023215
 654 0.666028380 -0.395150423 0.368976533 0.572101772
 655 0.927484214 -0.353878200 4.46646139E-02 1.29695010
 656 1.17560327 -1.98922181 1.27590489 1.50359201
 657 0.698602557 -1.19141626 0.201062024 -0.805018306
 658 1.21606100 -0.104962081 -1.48333460E-02 0.684004664
 659 0.547268510 -0.820089757 1.26614225 9.52271223E-02
 660 0.335414112 -1.25628138 0.545796573 0.648873568
 661 -1.20368588 -0.392827302 -0.423293769 0.145294368
 662 1.30033064 1.48152196 1.26685941 0.167805016
 663 -0.671094716 2.12519765 0.561823308 -0.453761280
 664 0.250368059 1.16633773 0.709525824 0.396731168
 665 -0.231871024 -1.02996087 0.400691390 -5.84926009E-02
 666 1.91752650E-02 1.77788484 0.346759617 -0.683323383
 667 1.17041290 -0.324346751 -0.411244482 -0.871560752
 668 0.544734478 0.681641042 1.39823735 -0.244079992
 669 0.178488985 0.254654169 0.174849793 -3.45212743E-02
 670 0.177516520 -0.189070150 0.296558022 -0.717545629
 671 -0.602630377 -8.65651518E-02 0.214976266 -1.67156196
 672 9.36382487E-02 4.24660780E-02 1.12127519 3.64203155E-02
 673 -1.43974088E-02 5.63811064E-02 1.52795184 -1.12742317
 674 -0.127151474 -0.895272493 0.514977515 -0.926859677
 675 -0.290431142 -0.245392710 1.43612719 1.18557394
 676 -0.415375620 0.298470169 -1.01269650 -0.743040800
 677 -0.389668405 -0.217327744 0.119579718 -1.04715967
 678 -0.216383651 1.29068291 -0.526629984 -0.778822362
 679 9.41308960E-02 0.642923832 1.06468058 9.12136212E-02
 680 1.44930971 -0.439210087 2.19968110E-02 0.180911198
 681 -0.447292686 0.385254204 0.316902012 8.29932988E-02
 682 -1.13689101 0.942332387 -0.677702367 -0.721437454
 683 1.64869869 -0.155796185 1.68454421 -0.862529635
 684 0.655274987 0.411003381 9.98174846E-02 -0.957035422
 685 -0.481215000 1.16611898 0.996153891 -1.48086262
 686 1.68543613 0.550009012 0.353671849 -1.01304018
 687 -1.02557588 0.580726862 1.31041777 1.47355902
 688 0.325969011 -1.00827110 0.489577889 0.741454065
 689 2.58466005E-02 0.386655867 0.598336995 -0.464688867
 690 0.126945838 0.500510573 0.151547790 0.263589561
 691 -0.124288604 0.134171814 1.41421342 -0.818807125
 692 -0.436000645 1.21625555 0.783309639 -1.64277709
 693 -0.416427016 1.70650935 -0.401061863 0.237538397
 694 -0.472370237 1.16618955 -0.970324636 -0.725857019
 695 0.357670993 1.36440456 0.602386951 -0.578494191
 696 0.615822911 1.97124839 -0.219829544 -1.22369623
 697 1.14966774 0.963144124 0.603605032 -0.355138421
 698 0.907285452 1.43905199 0.310308874 -0.123681858
 699 -2.97475979E-02 -5.77791184E-02 2.31156349E-02 -1.14407766
 700 0.528974414 -0.370310545 0.305918932 -1.93125829E-02
 701 -4.03780714E-02 4.20645773E-02 -0.391368538 0.212453008
 702 -0.119864330 -0.618354380 0.823876262 0.504960358
 703 1.02807498 0.163184643 0.366733730 -1.81594563
 704 -0.430332512 -0.360536695 -0.590925097 -0.478416413
 705 -8.77080262E-02 -0.588276148 1.13064635 -0.874603033
 706 0.360261589 -0.910637140 2.75102091 -0.845018446
 707 -0.350222349 0.204979986 -0.942795277 -0.853877425
 708 -5.44054992E-02 -2.25166535 0.741806805 1.55657482
 709 -0.492512465 -0.947337925 1.01504910 0.198020861
 710 -0.460606098 -0.829697073 1.26550961 -1.63708198
 711 0.923552215 -0.622659326 0.787688136 1.27247548
 712 -0.269260377 0.952804804 0.693773627 -0.616101742
 713 0.430074006 -9.16978940E-02 0.399393201 1.70609403
 714 -0.400624961 -1.29823136 0.863805115 0.416969210
 715 0.678780675 0.126278013 -0.161790639 -0.926012337
 716 0.934792161 1.72678578 -0.455179900 -0.123455822
 717 1.08836472 1.17893589 -0.156998336 -0.893139243
 718 1.11859691 4.54023182E-02 1.45544016 -6.59965724E-02
 719 -0.201834530 0.199108839 0.124304347 0.207623139
 720 0.155177355 0.155548215 0.394630015 0.820325792
 721 9.56343561E-02 0.232229143 0.950049341 6.23929203E-02
 722 1.43549025 2.03259885E-02 0.763545394 0.333936840
 723 0.319110036 0.308270812 0.740798652 1.49597955
 724 0.703180969 1.72462440 -1.67711508 -0.399733245
 725 0.514717162 1.57531476 0.880270422 -1.10141039
 726 0.164024428 0.339150041 -0.665725827 -1.06063938
 727 -0.377652228 0.876351655 -0.860685885 0.424326718
 728 1.15404356 1.63845611 -4.89609092E-02 -1.12504339
 729 1.25890028 0.786731184 0.874380291 0.422391891
 730 0.828913629 0.391294420 3.60225737E-02 0.347851247
 731 0.378571481 1.17167509 -0.547102392 -0.667340279
 732 0.637299120 -1.11510493E-02 0.317743957 -0.377070010
 733 -0.131679565 1.87995386 0.969200611 -0.708419263
 734 0.190457344 0.191417530 -9.03679132E-02 -0.757696927
 735 -0.399191648 4.74799946E-02 -0.214778140 -1.72025812
 736 -0.951777816 -0.541977942 -8.45959783E-02 -0.651995599
 737 -0.561844707 0.622736812 -0.273681164 -0.952017844
 738 7.39678219E-02 -0.726615608 0.605379343 -1.09298623
 739 -0.266072243 0.894897342 0.566434264 -1.74161994
 740 1.00500274 -1.53543794 1.62177956 0.373375177
 741 1.50162208 -0.282537937 0.405125409 -0.270625740
 742 0.248346835 -0.609597206 0.738408327 0.245858774
 743 4.29671109E-02 -0.714616477 0.652785540 -0.761324942
 744 -0.872681201 -0.374365509 -0.582912564 -0.966565371
 745 1.54254603 -0.597911954 0.439659566 1.42015910
 746 0.637793899 -1.05463946 0.994682312 0.320787251
 747 0.104883738 0.720242500 1.01884091 1.43432224
 748 -1.08200157 0.213467151 0.920361876 9.19673890E-02
 749 0.757089317 1.07948017 1.11040211 0.491583735
 750 0.806612551 -1.15071559 6.33936077E-02 1.63984728
 751 -0.258989900 0.416250139 0.976748526 -0.216255426
 752 0.286595732 0.493873835 -0.209781602 -8.14048946E-02
 753 0.316624403 1.06533539 0.574680090 -0.585070610
 754 0.191186279 1.49969637 0.598075628 -0.654955506
 755 1.77509868 7.09922090E-02 0.208813265 -1.06879449
 756 -8.63654912E-02 0.106526151 1.01522899 0.600929856
 757 -0.864834428 -0.551099420 0.294847369 -1.10783756
 758 1.28260565 0.450417936 0.867688894 0.544988275
 759 1.04653299 0.132575363 -0.302080274 0.415182501
 760 -0.336372435 -0.861617744 0.140638024 5.39143272E-02
 761 0.515334070 0.827295065 0.861558437 1.65062070
 762 0.325350821 -1.03409684 0.684880137 0.201315492
 763 -0.177962124 0.827321410 -0.421524286 -0.177089974
 764 1.23691225 -0.574360251 1.20789623 1.77492797
 765 1.00819492 -0.615485847 1.18339908 1.14642143
 766 -0.219348103 0.911925733 0.772068381 0.675041914
 767 -0.100612387 0.579201758 -0.905893624 -0.644738734
 768 0.851305723 -8.50524977E-02 0.816993237 0.359081864
 769 -0.189297765 1.48886156 0.302997530 -0.774098575
 770 0.560123801 0.580180287 -0.391082406 -0.670043111
 771 0.952421308 0.123241089 0.771388471 1.55898094
 772 0.730710685 -0.540644467 2.00199652 -0.836651266
 773 0.376551688 1.01353657 0.332122117 -0.952203631
 774 -0.371039927 0.572203875 -0.671198130 -1.13793755
 775 0.229627728 1.02282977 -1.66113770 -0.732798934
 776 0.368570149 0.823626518 -1.63065696 -0.531749427
 777 -0.223750114 1.12887621 -0.657478094 -0.965763688
 778 0.879550457 -1.46402240 -0.576313853 -0.957209587
 779 1.36858547 4.47941571E-02 1.25845206 0.207251251
 780 3.28410342E-02 0.731094360 0.494511962 1.09913015
 781 0.956227899 1.75138068 0.960672438 0.668384075
 782 0.932258070 0.407039374 -0.421928346 0.206129089
 783 0.345914006 -1.34349263 -0.657538295 0.669796705
 784 0.115527861 0.312922180 -0.215427965 0.485922515
 785 0.430238485 0.346800685 0.306962878 -0.836391568
 786 0.844276428 1.05033445 -0.233239561 2.92254910E-02
 787 1.61759412 0.513778746 0.403851807 1.64341438
 788 0.743099928 0.895784974 0.916070759 -0.700896323
 789 0.105366021 0.783949018 -0.966646194 -0.989302635
 790 -0.858689129 -0.836939692 -0.455946833 -1.25668550
 791 0.322000504 0.210842609 1.68235824E-02 -0.578625262
 792 0.781545043 3.10221016E-02 0.668643832 1.51483548
 793 0.681344271 0.215536803 1.12994301 0.607345104
 794 0.630711019 0.758556128 0.441639185 -1.00362563
 795 1.16669524 -0.840854526 0.747339904 -0.609528005
 796 0.689045608 -4.33465838E-02 1.87010550 -0.556238115
 797 -1.68803483E-02 0.742717981 2.57108688 -1.40976608
 798 -0.420694411 -0.127031565 0.379412681 -0.833065331
 799 0.105967760 8.01269412E-02 -0.733720541 -1.13872099
 800 0.243223339 -0.172177762 -0.112246953 0.381459951
 801 0.514954567 -0.563289881 0.146520853 1.89420390
 802 -0.335884243 7.41603673E-02 0.371001840 -1.24511600
 803 0.680241108 0.194886416 0.398638725 -1.08590055
 804 0.871403158 -0.127950430 0.871285081 1.30004871
 805 -0.533957779 -0.726965308 -6.47028834E-02 -1.66428041
 806 0.648265123 -0.502088428 1.11115873 0.190165937
 807 0.866903305 0.249442905 -0.157921329 0.473832548
 808 -0.123791620 -0.322396010 0.178173840 -0.720360398
 809 1.05650592 0.227929592 1.10446250 1.08825117E-02
 810 0.331537485 -0.372912586 -3.41038108E-02 -1.03421414
 811 0.425841212 0.708133280 0.840094209 -1.03197229
 812 -1.44396544 0.474400610 0.418723077 0.321488589
 813 0.432452142 -0.415520459 0.724165320 -0.660088480
 814 0.138853699 -0.344486147 -0.221483022 -0.942716062
 815 0.357765734 0.120339826 1.43454874 -0.597412765
 816 1.78578734 -0.502857625 -0.115736775 -0.894944906
 817 1.10656250 0.475616872 2.66502574E-02 -0.821516395
 818 0.679121494 0.892365217 0.627568543 0.674454987
 819 -0.103512734 -5.50180301E-02 1.00707829 -1.18497002
 820 -0.331215322 1.54435718 -0.760683656 -1.19151509
 821 1.19832933 -0.493198633 1.21275055 -0.997312427
 822 0.161694840 1.11766684 0.483188033 -3.91437262E-02
 823 0.827123821 -1.08814931 0.882715881 -0.883076847
 824 0.830579698 -0.994051635 1.02171206 1.69678426
 825 0.654406667 0.533026695 0.501336336 1.76008427
 826 0.353418440 -0.498831034 1.10026646 -0.557182074
 827 1.12232876 1.10902600E-02 0.357236624 0.348979533
 828 0.324943781 -0.944679022 -0.745542705 0.319491863
 829 0.472921729 0.933700502 1.22899401 0.500180721
 830 0.421641916 0.352646619 -0.361447334 -0.815080404
 831 -0.110910863 -0.280403465 0.539338827 -0.771249890
 832 0.726099372 0.625964403 0.946150362 -0.602519751
 833 0.907464445 0.110623777 -0.476118982 0.116366863
 834 -9.88938212E-02 2.46052647 1.12329543 -1.24292183
 835 0.603135526 -0.147955865 -0.442312717 -1.08361459
 836 -0.104959503 -0.376617163 0.514928937 0.736135483
 837 0.471949309 0.422744036 8.59446675E-02 -0.741479218
 838 0.350838423 0.661964297 1.07856750 -1.06180727
 839 0.567436039 -6.07121140E-02 -6.30871952E-02 0.613631904
 840 -8.93416405E-02 -9.28193629E-02 0.528660417 0.679433346
 841 0.625024974 0.652534842 -1.72249830 -0.935260653
 842 -0.253595203 6.32637143E-02 -0.233063459 -0.546997309
 843 0.460029960 0.276270270 1.71028805 -1.14419198
 844 0.438380569 1.89462674 -7.03148544E-04 0.538767159
 845 0.463304818 0.377242982 0.786957741 -1.06361985
 846 -0.121617883 -0.268577456 -0.940160096 -0.929964185
 847 0.259686679 1.01154447 0.759830594 1.66241264
 848 -0.393179476 0.126794726 0.114945784 0.622882247
 849 8.89875367E-02 -0.418614447 0.408422112 -0.810188651
 850 1.12143981 0.328287482 0.112029620 0.362338096
 851 0.454783320 0.888458848 -0.362086117 0.517968774
 852 0.279538393 -1.05171597 1.21895015 0.267964065
 853 0.617614508 -1.50401258 -0.495601445 8.55905041E-02
 854 -0.269348830 -0.530929506 0.100927375 -1.14737201
 855 1.13224030 5.15089408E-02 -1.01645911 0.321512759
 856 0.519689560 -0.990844369 0.983209372 1.61787383E-02
 857 0.496063113 0.200592354 -0.326244056 -1.03150344
 858 0.757811666 -0.656687737 -1.01884294 0.296383321
 859 -8.89196545E-02 -0.517733455 -4.08430137E-02 -1.27016568
 860 0.651204348 -0.763001680 4.11491990E-02 0.413067997
 861 0.778910041 -3.79687250E-02 -0.889580786 -0.863431931
 862 1.01980925 -0.473649621 0.806699872 -0.170820892
 863 -0.387314528 -0.256904572 -0.109557182 -0.732150257
 864 0.540330768 -0.955881000 1.16249418 0.466954023
 865 -2.03957930E-02 0.188919753 0.810306430 0.350144356
 866 0.333385289 0.458457410 0.578472733 -0.757863939
 867 0.234549820 0.634384215 1.95653832 -0.737382650
 868 -6.87949508E-02 1.18795741 1.28112125 0.265235424
 869 0.946275830 1.14229059 0.820073426 -0.817225158
 870 0.918024361 0.948448002 0.991460860 -0.684313297
 871 0.507782340 0.599787593 0.475576282 0.142362446
 872 0.876916170 -0.696230531 0.361591697 -0.876656294
 873 -0.467884839 -0.733116508 0.337341130 -2.61805058E-02
 874 0.237471864 0.479754806 0.195845664 -0.816589952
 875 0.843293548 -0.121488869 0.940734386 -0.860808372
 876 0.421039850 -0.431851923 0.969295144 0.590794384
 877 -0.586077213 0.643964112 -1.14439857 -0.504638672
 878 -0.226007730 0.924388289 -6.92892224E-02 -1.04404640
 879 0.869740546 0.551661909 0.552034557 -1.11598086
 880 0.804733515 0.818621993 1.13734400 -1.02945185
 881 0.755875707 0.421670079 7.34626353E-02 -0.643810928
 882 0.365586549 -0.305928320 0.423582554 0.460511863
 883 -5.16613573E-03 0.875492811 -0.717043042 0.225373641
 884 -6.71628863E-02 -1.07669640 0.838892341 -0.877542734
 885 0.325013816 1.54237485 0.927289426 1.01197934
 886 1.24517083 1.23242009 -0.458276749 -0.139197588
 887 0.732918799 0.252958179 -0.628746390 -3.28195095E-03
 888 1.49177897 1.12950218 0.757003129 -0.754974723
 889 -0.129327655 -0.792049348 2.09388661 -0.137250423
 890 0.677494168 -0.325592756 0.767772913 0.335331351
 891 0.168322861 -0.951730490 1.57472718 -0.777201593
 892 0.727876365 -6.17257133E-02 0.167229831 0.237503499
 893 0.637708127 3.93435396E-02 0.531372547 -0.767928600
 894 0.405540049 0.495714426 0.516816318 -0.714409590
 895 -1.17884898 -1.00798106 -0.374159068 -0.210620418
 896 0.521132827 -0.529295325 -0.134215042 -0.925266325
 897 -4.81907725E-02 -0.637614608 0.591097713 0.423696786
 898 -0.218600720 -0.832628965 -0.195071101 -0.643040240
 899 -0.129758984 -0.521209955 0.632866681 -0.694137573
 900 1.23527169 0.481937408 0.746903658 -0.713845611
 901 -0.284438431 -1.91520303E-02 -0.220396057 -1.12117159
 902 0.983405471 0.659700394 -0.418911368 -0.385643035
 903 0.451025069 0.932873428 0.743426144 -0.489943385
 904 -0.740773141 0.595038354 0.642252088 -1.28337359
 905 -0.273094088 -0.634458661 -0.558912754 0.269343615
 906 0.183131605 0.296363473 6.38710782E-02 -1.15510762
 907 -0.825861454 -3.61272693E-03 0.917932272 -0.896165490
 908 0.219396204 0.993100405 1.63704824 0.745541155
 909 0.357468843 0.104206339 0.479109854 -0.575430036
 910 -1.60950199E-02 -0.610682845 0.386215061 -0.733140647
 911 -0.248990342 0.836730242 -0.248522460 -1.03082514
 912 0.232448652 0.714787543 1.19698584 -1.04380536
 913 -0.867135286 9.75700468E-03 1.10386503 -1.05310810
 914 0.466814995 -0.506040454 0.283599108 0.800945878
 915 -7.47346133E-02 1.46810389 0.993854046 -0.646218300
 916 1.39050436 -0.411620200 -2.11004913E-03 0.379940569
 917 0.244987205 0.677587748 0.309001684 -1.11685467
 918 -0.577904642 -0.164009139 -0.661182821 -1.18452191
 919 0.148461282 -1.04862118 0.683634639 0.334025055
 920 1.82770073 -7.71541595E-02 0.305849075 0.683352709
 921 0.975870550 -0.751989245 1.24123466 0.335997164
 922 0.691971540 1.12453306 -0.129413232 -1.07700717
 923 0.995110512 -0.646088541 0.502447069 6.18544407E-02
 924 1.19912755 -1.49719620 1.31468797 5.14315888E-02
 925 0.649276018 -0.238477945 0.276047081 -0.967918932
 926 7.85936415E-02 8.48771632E-03 0.662187338 -0.839364111
 927 0.167683929 -0.751677513 1.08929121 0.765625477
 928 0.850633264 -0.333642632 -0.235354021 0.344636708
 929 1.62477088 -0.692497611 2.24806023 0.530155420
 930 0.956950605 -0.404476821 0.502897024 -0.732561469
 931 0.641512275 1.05460894 1.43736982 -0.937455058
 932 -1.00043631 -0.454219282 0.659306467 -0.765353382
 933 0.514952183 1.46328056 0.791476488 1.60459089
 934 0.175305784 0.248900190 -2.24954784E-02 -0.436955422
 935 -0.561447561 -1.32492483 1.11675489 0.400888175
 936 0.611035526 -0.687773407 1.13662267 0.289123237
 937 0.820835590 0.943528652 2.21084070 1.19418180
 938 0.555510521 1.21034324 -0.188762218 -4.97456640E-03
 939 -7.71520734E-02 1.61275828 1.32266736 -1.06928003
 940 0.614860833 1.21608090 -0.771575570 -0.778755724
 941 -0.911087990 -1.30121386 0.853903055 -1.38106108
 942 0.688752353 -7.64017254E-02 -0.196683109 -0.811388493
 943 0.434525013 -0.453416288 0.852942228 0.231913358
 944 -4.75858599E-02 -1.00249374 0.637643039 -0.543231368
 945 1.05536175 -0.191127434 -0.175314128 -0.924956977
 946 0.617031574 1.05200911 1.18869293 2.07504295E-02
 947 1.10722589 0.907216251 1.13080692 -0.501555681
 948 0.506692231 -0.641205490 4.40704413E-02 1.41073930
 949 0.253446519 1.52156949 -0.169602856 0.504167914
 950 0.889523208 0.211047962 0.515455723 -1.03813636
 951 -0.119365051 8.03527385E-02 0.215828881 -0.973718643
 952 -0.242189974 2.19327137E-02 -0.281464487 -1.27081132
 953 0.242704958 2.23030448E-02 -0.327905834 -1.14363647
 954 9.92070884E-03 -1.11728597 0.571277976 0.122055888
 955 0.129375935 1.78322279 -5.32989204E-02 -0.592232466
 956 1.25962281 0.271202624 -9.28457752E-02 -0.723707259
 957 0.224019259 0.635379195 0.562378109 -0.551036656
 958 0.759287596 0.314164221 1.40537381 -5.23802936E-02
 959 0.410442173 0.337678641 0.261813104 -0.972638905
 960 1.21520376 1.14647174 0.733581305 -0.945595860
 961 0.201779351 0.490381479 -0.562288225 -0.730704546
 962 -4.30840813E-02 0.895923138 0.633932114 -0.538972497
 963 -0.226972133 0.420076132 1.30992031 -0.778487325
 964 0.753213465 -0.137947604 0.341021419 0.363183290
 965 0.769864857 -0.168407932 4.14575338E-02 -1.33821976
 966 1.09709787 -0.156698585 0.574041843 -0.609660923
 967 1.27452552 0.108865619 1.11391854 -0.698757768
 968 -0.680024087 -0.860899866 0.751305342 -0.985138774
 969 -8.05617496E-03 0.782047689 -0.210039377 -0.178770006
 970 0.909439266 1.34355390 1.80963552 0.378540874
 971 -0.255841911 -0.404113412 1.09767079 1.70308304
 972 1.15331876 0.735649467 0.848543406 -0.735685110
 973 1.45528364 0.303061366 -0.310571343 0.775572896
 974 -0.516182005 -0.128779471 1.44492126 -0.768644452
 975 -0.368280768 -7.19431937E-02 1.52554214 0.352144390
 976 0.553437531 0.407464653 -0.954419017 -0.332366228
 977 0.654869556 0.832789660 0.145717919 0.109587282
 978 0.662374079 0.249917880 0.672582746 -0.794995129
 979 -0.224927753 0.540825129 0.977775335 -1.42997277
 980 0.694481909 -3.17357183E-02 0.218030155 -1.08106983
 981 -0.467996657 0.796672642 -0.209550545 -0.973390937
 982 0.927751541 0.720055759 1.02313077 -6.29870966E-03
 983 0.161555082 1.32726514 0.707368374 -0.916306555
 984 -2.70009190E-02 -0.516178966 8.40778649E-02 -0.773432195
 985 0.441505998 0.112760037 0.636613607 -0.449694395
 986 1.70123959 0.396471202 -0.499473512 -0.571608007
 987 0.456206858 -0.619482100 -0.755661607 -0.795323670
 988 0.138371348 0.473613352 0.481621921 -1.10152018
 989 0.475054264 0.978663027 0.955778658 1.97824985E-02
 990 -0.179032475 0.315617740 -1.03174281 -0.727048397
 991 -0.781740129 -0.463936895 1.45697010 5.50866351E-02
 992 1.01668084 0.213967428 -0.664177656 -1.02611589
 993 1.25741220 0.864066422 1.29211724 0.285457373
 994 0.211310059 0.101821631 0.720034122 -0.938944340
 995 -0.357312828 0.849310338 0.295499504 -0.752026141
 996 1.03850400 -1.19567066E-02 0.166003183 -0.530664325
 997 0.509028196 0.108782381 2.03176117 -1.70438540
 998 0.819393992 -0.607004404 0.174412221 0.152149394
 999 0.524618506 0.120816074 0.740573943 0.762762725
 1000 0.621763945 -1.47514856 1.19367158 -0.750311077
 1001 0.236444458 0.807356775 1.00621200 -1.09301019
 1002 0.754472256 0.340784252 0.290282369 -0.642783105
 1003 1.22698700 0.139314711 -0.226424038 -0.631550729
 1004 0.555522680 1.24406099 1.54138887 -5.94580173E-02
 1005 7.66626000E-03 -0.266001403 -0.214922115 0.271562338
 1006 0.643946767 9.81365591E-02 1.37774563 0.193896607
 1007 0.976213038 4.88831736E-02 1.54176259 -0.575815380
 1008 -3.91869843E-02 0.346972853 -0.525682390 -0.956448913
 1009 0.465973198 -0.722305775 1.24996006 0.422143161
 1010 1.45675111 -0.173467770 0.960959077 -0.923913956
 1011 0.676928461 1.81256485 6.59876764E-02 -0.398237675
 1012 1.04438043 1.44409060 5.48505038E-02 -0.496237069
 1013 1.01308370 -0.169253469 1.24383390 0.737706661
 1014 1.10470271 0.431028068 0.435315400 -1.30727351
 1015 -1.10094523 -0.515588343 -0.778300762 -1.06053150
 1016 0.932460129 0.929409564 0.479342610 -0.974799752
 1017 0.234127536 -8.30662400E-02 0.952828884 -1.19208336
 1018 0.314791799 0.701723099 1.36221886 -0.405698955
 1019 0.104367226 0.843596041 0.536637843 -0.772953928
 1020 -0.270916909 -0.613871515 1.14303625 0.404436976
 1021 8.30691308E-02 0.253633738 1.26976097 -0.951722920
 1022 0.114880748 0.214539737 0.187246010 -1.20859039
 1023 -3.53945792E-03 1.64273691 1.24103570 -0.826111257
 1024 -6.99134171E-03 0.655218065 1.21212792 -1.04276860
 1025 1.14680696 0.651236653 -0.469672531 0.389972627
 1026 0.491780311 0.901058555 0.555819809 -0.441847920
 1027 0.315038383 0.505066097 2.39206004 -0.876228273
 1028 -4.98031303E-02 -0.184238806 0.145314127 -0.830576897
 1029 6.87094033E-02 0.535151184 0.508281171 -1.10708952
 1030 1.23650897 0.487639457 0.937850952 -1.16354239
 1031 -0.424266517 0.320610851 -0.138339192 -0.308761835
 1032 0.707365453 0.456146687 0.783969164 0.807855189
 1033 -5.74453175E-02 1.10432923 -0.227557763 -0.181406617
 1034 -0.563267767 -2.86850262 -1.10570812 1.80157030
 1035 0.522016644 -1.99201620 -2.14348149 1.80455506
 1036 -0.423378229 -1.02389157 -2.70875168 0.501264334
 1037 -0.550420940 -0.990339637 -1.77843940 2.05057764
 1038 -1.16201746 -0.531609058 -0.458319664 0.124433748
 1039 -0.759176612 -1.03510892 -2.55984282 1.74219203
 1040 -0.646581292 -2.28687453 -1.29951346 0.116779700
 1041 -0.425802916 -2.44134259 -2.66304159 1.50201941
 1042 1.00515223 -1.01117647 -1.93970573 2.24862766
 1043 -1.40857410 -2.52356339 -2.18591857 1.56914055
 1044 -0.620236695 -1.77456892 -2.42049623 1.72548795
 1045 -0.157194674 -2.28144908 -0.575706482 1.00823343
 1046 -1.26689959 -0.160816699 -1.46068275 -0.795182467
 1047 -1.18815768 -2.06218147 -1.43008327 0.487887889
 1048 -0.961124003 -0.639101744 -1.46362591 1.24101973
 1049 -0.940842748 -1.73946178 -2.47198534 1.18314683
 1050 -0.518018186 -1.60886991 -2.57378912 2.21323252
 1051 -1.37817609 -2.07226014 -1.91440344 1.26340091
 1052 -0.400941193 -1.36447787 -1.41580582 0.927678525
 1053 -0.958769023 -1.60294485 -1.40223157 1.20393229
 1054 -1.09954679 -1.16928315 -1.84733760 1.09684193
 1055 -0.862890899 -2.35460472 -0.651838064 1.05575109
 1056 -1.75316155 -3.39408612 -1.08077228 1.15692687
 1057 -1.87395620 -3.67283940 -1.96669006 1.98938572
 1058 5.88615537E-02 -0.844418585 -1.34126663 0.951045454
 1059 -0.832615435 -2.56450605 -2.23873591 1.82914579
 1060 -0.911446154 -2.04143476 -2.05318260 2.06422877
 1061 -0.255181730 -1.11863339 -1.37624586 2.02023792
 1062 -1.16877556 -1.98105109 -2.30701375 2.14593482
 1063 0.110442288 -1.52511322 -1.26516402 1.11027145
 1064 -0.472544760 -2.96223164 -0.687428415 1.57582581
 1065 -0.426474392 -1.91255176 -1.89869928 1.78642631
 1066 -1.39555979 -1.89623630 -1.66360617 1.60051703
 1067 -0.655854523 -1.27317560 -2.12353206 1.95878005
 1068 -0.616512299 -2.36404991 -1.15660417 1.40462744
 1069 -0.735826850 -2.50257778 -2.35993290 1.48947942
 1070 -0.149950415 -1.16891325 -1.83072162 1.91127038
 1071 -1.65286469 -2.58564019 -0.760139227 1.21882069
 1072 -0.487413585 -0.551847637 -1.95950007 0.901251674
 1073 -0.308565319 -2.02517915 -1.97389102 2.06095505
 1074 -0.104732513 -2.04885650 -2.15768409 1.76131153
 1075 0.137191862 -1.51281488 -1.95690358 2.11982894
 1076 -0.849034190 -0.861323655 -2.56528258 1.65506601
 1077 -1.33840692 -1.48157465 -1.63902891 2.16581321
 1078 -0.592605531 -2.87350225 -1.92377663 1.46796274
 1079 -0.405406892 -0.893150866 -2.44782615 1.72179401
 1080 -0.358272284 -1.82066917 -1.60431838 1.54342294
 1081 -0.496514678 -1.80317307 -1.07334244 1.25970960
 1082 -0.185496539 -1.66292453 -2.31032991 2.02062321
 1083 0.325549126 -1.24703836 -0.678166270 -0.635811090
 1084 -1.54935110 -2.95543957 -2.13224101 1.59553599
 1085 -0.340083301 -0.907468200 -2.51052570 2.10508084
 1086 -1.75640130 -2.41415548 -1.96446323 1.42152441
 1087 3.28731798E-02 -1.47460389 -1.85872245 0.460875332
 1088 -0.484985113 -0.864834607 -1.56078005 1.74800467
 1089 -0.157151535 -0.827087283 -3.62092614 1.49712062
 1090 -0.483296156 -0.754290462 -1.52435076 1.35008562
 1091 -0.512772441 -1.61688888 -1.30061293 0.373504132
 1092 -0.325486511 -0.970935345 -1.47299838 1.73028839
 1093 -0.120194986 -3.09164286 -1.49430215 1.75327814
 1094 -0.929676056 -0.480733007 -2.20077896 1.77261007
 1095 -0.640333235 -2.47138143 -1.70427263 1.80085778
 1096 -0.536378801 -2.43692470 -1.97553492 1.34834039
 1097 -1.22000694 -1.45308113 -2.37531757 2.12038136
 1098 -1.12681031 -1.80365825 -1.86077273 1.32986736
 1099 -0.337895036 -1.31098580 -2.06546330 1.46776581
 1100 2.19627991E-02 -0.468570739 -1.57450926 1.88288236
 1101 -1.03120995 -2.13769603 -2.23318386 1.46781540
 1102 0.107399955 -1.43661141 -1.27874351 1.53099573
 1103 -1.09579527 -1.97277868 -0.236449718 1.25717044
 1104 -0.414516628 -0.749122977 -1.37061250 1.74328232
 1105 -0.130479380 -1.85614848 -2.16802049 1.56239331
 1106 -0.686728477 -2.10107684 -1.96369743 1.96724510
 1107 -0.356117487 -0.604318857 -1.55543685 1.78209484
 1108 9.60075408E-02 -2.36994410 -3.22035813 1.69772625
 1109 0.306136191 -2.16985250 -2.80608463 1.68586707
 1110 -0.647090971 -1.50780165 -1.22020626 1.58256233
 1111 0.763164878 -0.751553833 -1.77063084 0.884382904
 1112 -1.02397180 -0.668627381 -1.70673704 1.72897053
 1113 -1.07328868 -1.74778652 -1.52199638 1.81927943
 1114 -1.25123215 -2.68285704 -2.10630488 1.65872812
 1115 -0.635365963 -2.02122879 -1.66403115 0.192401975
 1116 -0.378598452 -2.79729128 -1.96948838 1.12236822
 1117 -1.68277180 -2.39349246 -1.36477351 1.61522186
 1118 -0.687861681 -2.02750015 -1.03805661 2.07028818
 1119 -1.22470999 -2.64861679 -1.88232756 1.60508156
 1120 -3.07673141E-02 -2.74976921 -1.61434758 1.90187979
 1121 -0.615604937 -2.37387753 -3.00276852 1.43889737
 1122 -0.559596658 -1.37040377 -1.19469011 0.778739274
 1123 -2.49057114E-02 -2.04596019 -1.89492369 1.73166120
 1124 -0.555044234 -2.20611477 -0.823331237 1.41808236
 1125 -1.42021823 -1.85356891 -1.95003760 0.790298581
 1126 0.375377119 -1.80250335 -2.51721430 2.25370455
 1127 0.391072750 -0.132620990 -1.99110794 0.559033155
 1128 -0.785543978 -0.952583194 -1.44090760 1.88676572
 1129 -1.08443451 -2.03155947 -2.14057064 1.76243246
 1130 -1.14279699 -2.76632524 -1.26623416 1.71596670
 1131 0.225847676 -1.90121746 -2.25684142 1.43601108
 1132 -0.768222630 -1.47773969 -2.30536008 1.76566839
 1133 -1.55665958 -3.15526009 -2.36599231 0.695315599
 1134 -0.316855282 -2.07623625 -1.85337985 1.94169807
 1135 0.310397089 -1.33106971 -1.35482144 0.656321108
 1136 -0.519999206 -2.56761980 -1.36818731 1.33563292
 1137 -0.266479135 -1.60434067 -1.84475458 1.56054080
 1138 -0.256696135 -0.700962603 -2.62684250 0.977266073
 1139 -2.13176298 -1.02459478 -2.04922175 1.74748778
 1140 -2.08038116 -0.814269900 -0.207421467 1.93906713
 1141 -2.20607138 -1.60264981 -0.957727075 1.40407395
 1142 -2.27943134 -1.90501130 0.113434814 0.549269915
 1143 -2.55260825 -0.272418022 -1.03090155 1.59162951
 1144 -3.18544936 -0.144081786 0.621320605 1.63361859
 1145 -1.53404748 -0.172918022 -0.938120484 1.79158986
 1146 -2.92479134 0.101296984 -1.13182271 0.987264752
 1147 -0.957263410 -0.985686183 -2.28086758 1.13950109
 1148 -2.17903495 0.729156077 8.39241371E-02 1.24997509
 1149 -1.60603118 -0.701983631 -1.45763576 1.90712726
 1150 -1.96309161 -0.411905885 -2.26591063 1.83452678
 1151 -2.13304138 -1.49129307 -1.44393301 0.316873163
 1152 -1.97141802 1.10731840 -1.07389736 1.35610414
 1153 -1.43891525 -2.25394154 -0.487922102 1.48436546
 1154 -0.971107602 -1.59226763 -0.791653275 1.99916184
 1155 -2.30497956 -0.784386277 -0.541770160 1.92435944
 1156 -2.01025558 -1.55599833 -0.149522603 1.56457186
 1157 -2.01676679 -0.836189747 -0.224083424 1.68624818
 1158 -1.10649610 -0.350093007 -0.460759133 1.73156750
 1159 -3.01303911 -0.677330315 -0.877130508 1.98265755
 1160 -2.46871853 -0.628965974 -1.55981827 1.64341068
 1161 -2.09592533 -1.40311694 -1.62850273 0.484514862
 1162 -2.42621446 -0.957415223 0.272682041 2.34863186
 1163 -2.02799511 0.360527456 -1.56543481 1.77503383
 1164 -1.90513372 0.235246360 -0.574576974 1.76020372
 1165 -1.87292778 -0.175249442 -1.26904154 1.44982100
 1166 -2.80091143 0.269726247 -0.164359793 1.67293310
 1167 -1.74276841 -5.62679246E-02 -1.61938667 1.60773027
 1168 -2.93927479 -1.11852753 -1.28498578 1.71371067
 1169 -3.03623939 -1.30037248 0.649877310 0.971889138
 1170 -1.77735436 -0.568390250 0.386347830 1.92897856
 1171 -1.63342893 -0.508540094 -1.48686779 1.50323713
 1172 -1.39957941 0.700116158 -1.88902962 1.18397152
 1173 -1.87409186 -1.81872022 -0.531734943 1.16057730
 1174 -1.39142704 -1.23805630 -2.89656353 1.52134669
 1175 -2.03404689 -0.120068908 -0.794773161 1.73022580
 1176 -2.41931200 -0.237659365 -0.468667924 0.444751322
 1177 -2.14317942 -0.190502793 -1.89359081 1.33454037
 1178 -3.20459175 -1.29887140 -0.111858122 0.560535550
 1179 -0.612385750 -1.59283829 -1.11891830 2.03929758
 1180 -1.14032984 -1.28184283 -0.309072495 0.577033520
 1181 -1.43421698 -1.02411962 0.134177893 1.74307203
 1182 -1.77061808 -0.578914404 0.507425249 0.520446360
 1183 -2.23811841 -1.64751351 -4.42743152E-02 0.612379789
 1184 -1.33837879 -0.550475776 -0.161220133 1.04811335
 1185 -2.22408056 -0.754966736 0.342261016 0.412736744
 1186 -1.11173034 -0.936432123 4.64601815E-03 1.93055463
 1187 -2.29132938 -1.99998164 -1.46428466 1.66119874
 1188 -0.683815181 -1.56499314 -1.82337534 1.74090183
 1189 -2.51482606 -0.489974886 -1.39260864 1.79136848
 1190 -1.84561849 -1.43327606 -2.11205530 2.17471838
 1191 -1.66002119 -0.341414779 -1.44623053 1.74541688
 1192 -3.00667334 -0.130574897 0.103513077 1.56335616
 1193 -1.69966614 0.133677632 -1.12501657 1.54302192
 1194 -2.41679072 -1.09488630 -1.22959769 0.805405676
 1195 -1.41180420 -0.738646269 -2.73247170 1.45280528
 1196 -0.385416150 -2.63724995 -1.61363125 1.08809149
 1197 -2.18258834 -0.632607222 -1.49847972 1.59240019
 1198 -1.59031248 -0.277461261 -2.48177409 1.79271078
 1199 -2.32470441 -2.06737041 -1.98888290 1.35916412
 1200 -3.18409204 -1.24529374 -1.15687132 1.34700000
 1201 -2.24200916 1.90097749 -1.55017674 1.33963096
 1202 -3.02719092 4.86087054E-02 -0.644851804 1.58562279
 1203 -2.16246796 -2.44755697 2.18659174E-02 1.24845350
 1204 -2.26235199 8.17663446E-02 -0.972428024 2.01737976
 1205 -2.97184277 -0.415010631 -0.372478962 1.56107390
 1206 -2.09377480 0.768955588 -0.716683805 1.89496672
 1207 -2.80893826 -7.49322921E-02 -1.08594704 1.24041903
 1208 -1.05154800 0.115556225 -2.07341480 1.31737185
 1209 -1.25617409 -1.29553795 -2.15045166 2.16075921
 1210 -1.56063378 -1.74991047 -0.429923207 1.78347349
 1211 -1.23931289 -2.06248140 -0.442476362 1.43397593
 1212 -2.09462428 0.111661613 -0.778715134 1.99169242
 1213 -1.97316301 -1.12027431 -0.610066891 1.80172861
 1214 -2.48921871 0.313852608 -0.304663599 1.16941631
 1215 -2.96155882 -0.583233774 -0.628901482 0.490694046
 1216 -2.70067692 -2.40404558 -1.44279754 1.49965870
 1217 -2.96706605 -1.63431644 -0.150201172 1.25732744
 1218 -2.27231407 -0.819780648 0.211928561 1.59505856
 1219 -2.06411982 -8.25131387E-02 -1.61391354 1.84491968
 1220 -2.53218102 -0.273241609 -2.72710037 1.93251538
 1221 -1.70053637 -1.01590097 0.129080564 1.09649396
 1222 -1.78140664 -1.71620464 -2.28496408 1.80144680
 1223 -2.15583158 1.84022605 -0.490379512 1.57176888
 1224 -2.16648912 -1.65647483 -1.80688643 1.87876189
 1225 -1.89723945 -5.72858937E-03 -0.360543430 2.06911159
 1226 -3.19329977 -0.726623058 -1.41667843 1.55802345
 1227 -2.06338143 -0.653409839 -8.64053369E-02 1.40486324
 1228 -2.78641939 -1.20536029 -0.928709626 1.62363720
 1229 -2.23639703 0.443611294 -0.242844224 1.43447864
 1230 -2.92240167 -0.887190700 7.41782263E-02 2.85695940E-02
 1231 -2.25750756 -1.86671495 -0.999608457 1.62479007
 1232 -1.71133006 -0.960626245 -0.202276126 1.48297310
 1233 -2.31259084 -0.451263279 -1.09105253 2.00960135
 1234 -2.42208028 0.278783023 -0.848586857 0.521638691
 1235 -2.36223388 -1.44241166 -0.558765531 0.413637519
 1236 -2.44586921 -0.439517796 -0.379554808 0.795968115
 1237 -1.85935807 -1.04768026 -1.18492162 0.727620602
 1238 -1.69254351 -0.685395360 -1.00679028 1.65868902
 1239 -1.31774151 -1.21625423 -1.12938797 1.40430462
 1240 -1.50774217 -0.436793983 -1.19090879 0.126523480
 1241 -2.01080179 1.13955724 9.01636779E-02 0.490012348
 1242 -2.45848083 -2.87507844 -0.616806924 0.461205989
 1243 -2.47921014 -0.591841221 -1.46572542 1.76974535
 1244 -1.96926284 -0.811989486 9.52365622E-02 1.34718072
 1245 -2.18491793 -1.27198040 -0.450525105 1.99368250
 1246 -2.22947240 -0.598897755 -7.21454769E-02 1.44526803
 1247 -2.81491184 -1.23125792 -0.187993914 1.38488483
 1248 -2.82046127 -0.736988604 -0.670209169 1.67345023
 1249 -1.67040253 -0.603345871 7.31400400E-02 1.82691753
 1250 -2.23712015 -1.58900893 0.607652724 1.86930537
 1251 -1.78152514 -1.16276526 -0.766342819 1.83392596
 1252 -1.44084811 -0.563595653 -0.626840055 1.71468759
 1253 -2.03527665 -0.430653214 -1.11675513 1.54997182
 1254 -2.35466409 -1.57863152 -0.209186584 0.361351848
 1255 -2.59770393 0.828043818 -0.832744718 1.05090487
 1256 -2.36494756 1.37947130 -0.895852208 1.25919116
 1257 -2.17733073 -5.83820045E-02 -0.202889770 1.72349143
 1258 -1.81254661 0.287584931 4.15574163E-02 0.666009426
 1259 -1.61692214 -1.48219121 -2.35303855 0.386062086
 1260 -1.93012989 -0.737898946 -0.815516353 1.67885447
 1261 -2.09973073 -0.896228194 -0.981004655 0.385965466
 1262 -2.70069551 -1.61361420 -1.07110333 1.43787456
 1263 -2.22885656 -1.36975312 4.42456007E-02 1.71022999
 1264 -1.90105176 -1.28184414 -0.482675612 1.16300833
 1265 -2.60993958 -0.788778365 -1.16564667 1.32584548
 1266 -0.787026465 -1.53979802 -0.884899378 1.47943807
 1267 -2.47676015 -2.23345280 -0.895520806 0.432551235
 1268 -2.19695544 -0.106888860 -1.21792495 1.81352830
 1269 -1.94330001 -1.87091517 -0.730413258 0.537775755
 1270 -2.43374109 -0.974774241 -8.28603804E-02 0.961358249
 1271 -3.11298776 -1.78982651 -1.14436626 2.10352087
 1272 -2.99403095 -0.644944429 -1.49259531 1.41040552
 1273 -2.49519730 -0.487547874 -1.41303098 1.83454907
 1274 -2.67239332 -0.490611494 -1.14969468 2.16711807
 1275 -1.45734990 0.832683563 -1.38379085 1.97374177
 1276 -2.57601333 -1.04803765 -1.22762895 1.69541085
 1277 -2.09191442 -1.47589517 -1.75303745 1.51096666
 1278 -1.93305850 -2.29597878 -2.15484333 1.42956901
 1279 -2.20670295 0.478354454 -0.684600234 1.59335768
 1280 -2.49199247 0.445403963 -1.15499485 1.42739439
 1281 -1.68481576 -2.53098059 -1.34139824 1.32671380
 1282 -1.81966746 -0.189339682 -1.43048143 1.09714150
 1283 -2.50934267 -0.859896898 -1.11503816 1.84950840
 1284 -1.98918247 5.66346049E-02 -1.77129328 1.53361082
 1285 -2.19451594 -0.612535954 -0.742221951 1.55295098
