 1 -1.99164897E-02 -0.733452380 -0.154823139 -0.642835379
 2 1.46934545 -0.511932909 -0.370630443 -0.241157934
 3 0.143179417 0.276123792 -1.05733573 -0.941376686
 4 0.771023989 -1.11450303 -0.776918292 -1.31515348
 5 0.736005485 -0.665482521 0.227709591 -1.21162581
 6 0.103669584 -1.18374932 -8.38881284E-02 -0.405493379
 7 1.23612440 -1.71251988 0.784370720 -1.22090042
 8 0.790456653 -1.39140487 0.758517861 -0.784073591
 9 -0.121390529 7.45573640E-02 1.46003878 -0.283017844
 10 0.149873286 0.119276375 -0.809181571 0.454070061
 11 0.948403895 -0.872970879 -0.455512434 0.280949712
 12 0.869913220 -0.752553999 1.09670019 -1.14972270
 13 0.318875372 -2.37701423E-02 1.98014379E-02 -0.436033070
 14 -0.488023758 0.101161472 -0.720947981 -0.674946189
 15 -0.564756572 0.407045364 -7.61737227E-02 -0.995096564
 16 -1.18108082 9.99005139E-02 0.856233537 0.238745257
 17 0.879708767 -0.599818051 -0.177941352 -0.749612510
 18 -5.26396669E-02 -0.824591041 -0.767629564 -0.450683296
 19 0.662070632 0.107500657 -0.335485905 -1.01109648
 20 -0.380349755 -0.540683031 0.321104944 -0.311772883
 21 0.715440631 -0.584789336 -0.361889303 0.192487448
 22 0.508205056 -0.915455461 5.39032370E-03 -0.313286424
 23 -0.336417973 -5.88741526E-02 -5.36501035E-02 0.396405786
 24 -9.63687524E-02 -2.79614478E-02 -0.763022304 6.84711784E-02
 25 1.64928961 -0.882376373 -0.452587962 -0.929718316
 26 0.533695579 -0.936739802 -0.278195590 -0.910739899
 27 2.02110267 -0.777733445 -1.29811966 0.246403545
 28 0.883350372 -0.831248224 -0.779812753 -0.587224245
 29 1.11449111 -0.925205231 -0.295946747 -0.442371458
 30 0.967395186 -0.167766899 0.841398895 0.609906375
 31 0.666039586 -0.613431692 -0.455179960 -0.345074058
 32 0.541820407 -0.899582624 1.19092321 -0.994116962
 33 1.11367702 0.124027058 0.703084230 -1.18288958
 34 0.215017825 -0.888086855 0.603570819 -0.467230260
 35 -0.144553170 -0.492433846 -0.644908667 0.319541961
 36 8.32838640E-02 -0.732260287 -0.761002779 1.34557021
 37 -0.400644362 -0.248204619 -0.484882891 1.00052130
 38 4.90911156E-02 -0.294862837 -0.249451503 -0.870365739
 39 1.02901673 -0.887075543 0.420540154 -0.629659116
 40 0.749268711 -0.454028279 -0.163749129 -0.856858969
 41 0.661843956 -0.938211858 -1.43188787 0.379340440
 42 1.35033798 -1.63732076 0.151922181 0.480939925
 43 -0.459411025 -0.149303079 0.646965444 -1.28718424
 44 2.16754079 -1.07526302 0.135055944 0.317968786
 45 -9.04152989E-02 -0.156414211 -0.464360297 -0.663359106
 46 0.918557644 -1.04788530 0.860614121 -0.211840272
 47 0.254318476 -0.403534412 0.990897834 -0.251788735
 48 0.537360728 0.336980641 -0.781261683 3.68810184E-02
 49 -0.401524603 -1.06103170 -0.184075952 -0.523091257
 50 9.37623382E-02 -0.618990362 -0.813573599 -0.675532639
 51 0.228716359 -1.25489473 -0.516590357 0.296522975
 52 7.38202222E-03 -0.682997167 -1.24095988 -1.17491281
 53 -0.512803495 0.628062129 0.830518723 0.408460617
 54 -2.06711739E-02 -1.02333152 -1.18549883 -0.476881921
 55 0.653670549 9.12098438E-02 0.385416746 -0.133480221
 56 1.17504549 -0.914911628 1.02193785 -0.437275469
 57 0.875565231 -0.542076290 -0.514628947 -0.146687686
 58 -1.61728058E-02 0.416631848 0.675287724 -0.820534706
 59 0.774388075 -6.10119477E-02 0.184869960 0.439830601
 60 1.42064893 -0.797934055 -0.660106778 -0.478716850
 61 -0.627658486 0.601995289 -7.38566928E-03 -0.610580444
 62 -0.122460052 -0.433893979 -0.563089848 -0.481558710
 63 0.410886347 -0.107738554 -1.40081060 -0.517250657
 64 0.555108726 -0.744847298 -0.716939688 -0.849278092
 65 0.208626747 -0.640727282 0.636017203 -0.967231631
 66 0.619981766 -2.44527273E-02 -1.24319792 -0.485334665
 67 0.738164604 -0.572925091 -0.822542369 -0.457411140
 68 -4.72224578E-02 -0.377571285 0.440556616 0.202368692
 69 1.29632425 -0.828035891 0.372450918 0.651947618
 70 1.58410382 -1.31047642 7.32404441E-02 0.446442604
 71 0.675492406 -0.960006356 0.258097261 0.569679439
 72 0.184290558 -1.39027953 0.589924574 0.401422679
 73 -0.158031806 0.434687018 -0.285159409 -0.821521044
 74 0.708889306 -1.19637680 -0.743341506 -0.422137529
 75 0.641813874 -1.76594222 1.03272080 -2.10344717E-02
 76 1.69587409 -0.495787561 -1.21014047 -0.597737372
 77 0.367714226 -3.95433381E-02 -5.17232418E-02 -0.284462661
 78 0.555708408 6.23451993E-02 -0.602103591 -0.870688081
 79 2.16226602 -8.66959244E-03 -0.774630666 -1.42766237E-02
 80 0.901543140 -1.10464025 0.151640117 -0.542330742
 81 0.145331696 -0.512342572 5.78499138E-02 0.267765999
 82 0.884752452 -0.826218367 -0.207247123 4.04440053E-02
 83 0.449833572 -0.137390241 0.852204919 -0.801303804
 84 8.12622458E-02 -0.582960129 -0.948895812 -0.188078746
 85 0.903156996 -0.943799734 -1.11627555 0.514139056
 86 0.145157248 -1.14250708 0.166435793 -0.671017706
 87 0.308117926 -1.10761344 0.925118387 -1.22407258
 88 0.281920105 9.24260020E-02 -0.778827071 -0.750400603
 89 0.292816192 0.134108871 -0.748191059 -0.872248352
 90 -0.479713440 0.634902954 0.293760449 -0.505092323
 91 -0.817938507 -1.44552052 1.20009422 -0.418289661
 92 -0.336983323 -0.402363777 0.575125933 0.470645517
 93 -0.658440888 0.291114748 -1.37622273 -0.570478201
 94 1.09877992 -0.252892584 -0.670378685 -0.774894834
 95 -0.346302927 0.311394691 0.777340114 -5.13678417E-02
 96 -0.284588397 -1.03265762 -1.73696089 0.614627421
 97 0.624489605 -0.428633660 0.437088430 -0.580529511
 98 0.113359660 0.997057438 -0.486243218 -0.787589490
 99 1.07801008 -0.468789816 0.273099005 -0.551240027
 100 0.423995972 -2.51829624E-06 -2.26568021E-02 0.391178876
 101 3.34253609E-02 -0.895326912 -0.270439625 7.33582377E-02
 102 0.836379051 -0.572791874 1.02300000 0.443606287
 103 0.226871341 -0.749297440 0.449532390 0.431185126
 104 -0.875200748 -0.836008132 -0.195159867 0.266713262
 105 0.543168187 -0.546878755 0.490745127 -0.568068385
 106 0.683754802 0.212601006 0.246549070 -0.978085816
 107 -0.698170483 -0.651559830 -0.562742054 0.601019979
 108 1.11142397 0.114517063 -0.747802913 -1.01762462
 109 0.227653861 -0.551120758 -0.179897457 0.565675020
 110 -0.935575664 -9.21998098E-02 -0.322858751 -0.412454933
 111 -9.28667709E-02 0.306929022 -1.17228878 -0.893606246
 112 -0.279300779 -0.416510463 -0.830894947 -0.509023726
 113 0.637053490 -0.442925185 -0.859892905 0.621752560
 114 -0.964758873 -0.168612823 0.490118444 0.338717163
 115 0.961080968 -0.643908560 0.214336306 5.96899167E-02
 116 -0.118598096 -0.286960661 -1.78482080 -1.14185500
 117 0.682715356 -0.430116832 0.603431046 -1.38772643
 118 0.738256812 -0.755324841 0.700318158 -0.884129286
 119 0.259071052 0.617807388 0.264798760 -0.526230097
 120 -0.414937437 8.35352391E-02 8.47795606E-02 1.41886806
 121 0.757470310 -0.966355205 -0.591573656 -0.471545726
 122 0.358134896 0.225866675 -0.815790057 -0.644975007
 123 -0.473557919 -0.841468930 0.546012580 -0.531187773
 124 0.257274449 0.528957605 -0.134114936 -0.861124218
 125 -0.170419812 4.04006317E-02 -0.938093007 -0.417286932
 126 2.20477730E-02 -1.79522645 -1.00836289 -0.365344286
 127 0.240294933 -0.677043498 -0.101604283 -0.995420456
 128 -0.198475555 -0.915108860 0.134613127 -0.861906409
 129 0.453069091 -1.01448250 -0.873479009 0.149146199
 130 0.655992806 -0.905052125 7.48609900E-02 -0.451490045
 131 0.663536668 -0.592596412 -0.197508901 -0.540365636
 132 -0.249168202 -0.432069004 -0.598564386 0.170920089
 133 0.220852599 -0.211477697 0.665789902 6.20472580E-02
 134 0.219750091 -0.495658517 0.541426122 -0.362303376
 135 0.225942895 -0.618789256 5.47638237E-02 -2.80766040E-02
 136 0.406015545 -0.202063471 -0.245897427 0.293696225
 137 1.27944911 -0.630851209 -0.186234742 -0.586855173
 138 0.715513170 -0.702499092 -1.11841190 -0.977582276
 139 0.156863809 -0.837885320 -0.138085276 1.34798896
 140 -2.58924123E-02 -0.339222193 -0.931234598 -0.530165732
 141 -0.214148551 -0.194623485 3.35827842E-02 -0.503443420
 142 0.574935198 -0.554824352 -0.162718415 -0.696498513
 143 6.10796362E-03 -0.238385648 -0.271019399 1.28037310
 144 0.633578122 0.372616649 0.530772090 -1.24224544
 145 0.100757755 -0.177021995 -7.60193169E-02 0.424553931
 146 1.56645870 -0.916915238 -1.39322221 -0.446878791
 147 0.857620239 0.157751694 -0.405884326 -0.585338295
 148 -0.768803835 1.43716252 0.708214283 -1.05998373
 149 -0.163338006 0.119384661 -5.83106950E-02 0.451838315
 150 -2.87862271E-02 -0.566886842 0.157626450 1.13715887
 151 -0.561289549 -0.470427632 -0.413670719 0.449168652
 152 -0.369982958 0.409491390 -0.887004614 -0.265067399
 153 0.122048587 -0.657940686 -0.181399450 -8.15724880E-02
 154 -0.400805801 0.118339442 0.143902078 -0.763545752
 155 0.477827013 -1.25846410 -0.618483543 0.144626543
 156 -0.394251347 -0.507263601 -0.332531214 -0.554467142
 157 0.467885286 -0.216348767 0.393404096 -0.607995749
 158 -0.102600172 1.27598643E-02 -0.887824059 0.535511136
 159 1.64821818E-02 -0.325922966 -0.833572209 0.567988753
 160 -0.130393863 0.110266708 -0.882786691 -0.380600274
 161 0.855896354 -0.827957094 1.02747917 -0.867185354
 162 -0.997011065 -0.346141994 0.276895940 1.21318591
 163 -0.127611816 -1.22684348 3.10908146E-02 6.00279495E-02
 164 0.120957725 -0.333172828 -1.53923082 -0.650635839
 165 -0.577900171 -0.414302468 -0.286121845 0.362015158
 166 -1.38622963 -1.50619161 -0.932093620 0.120506346
 167 0.756478310 -0.836776137 0.289942175 -0.456809402
 168 0.247560292 -1.41725111 -0.276791871 -0.453178883
 169 -1.55124056 0.243019894 -6.41140193E-02 1.14909828
 170 -0.606516600 -0.709371984 -1.87621582 0.363755018
 171 -1.96742404 -0.497033775 -0.741033792 0.797946453
 172 -0.406909823 -2.17593480E-02 -0.532973289 -0.423279881
 173 -4.50441018E-02 -9.55445915E-02 -0.201908007 -0.567634404
 174 0.530453503 -4.21203673E-03 0.512313008 -0.948868752
 175 0.440967798 -0.457903862 -0.510537624 -0.910244882
 176 0.308069766 -0.659168124 0.156406850 -0.471806705
 177 1.02988589 -0.111691028 0.222135499 -0.937389016
 178 0.374324650 0.243385106 1.16128337 -0.704654336
 179 -0.445224434 -5.96294552E-02 -2.56663933E-02 8.62839520E-02
 180 -1.31494331 -0.776861250 -1.49733496 -0.203568727
 181 9.78553817E-02 0.162069231 0.394204706 -0.592190981
 182 -0.748388827 -1.61065376 -0.192710295 0.553765059
 183 0.106933147 -0.459012449 0.229656354 7.19119161E-02
 184 7.76711777E-02 -0.441623837 -1.56006062 -1.34825632E-02
 185 1.08825326 -1.47704339 1.32845640E-02 -0.966740251
 186 0.746022224 -0.947550237 -0.964745224 0.539291084
 187 0.320267320 -0.474538624 -0.698724389 -0.399627566
 188 1.61999714 -1.18190813 0.141063496 5.91095537E-04
 189 0.254868567 -1.14204907 -0.765184045 -0.901010931
 190 -0.445075870 0.415803105 -0.647592306 8.77312869E-02
 191 1.03047872 -0.378877759 1.86599922 -0.488059372
 192 0.269157946 8.83782730E-02 -0.109967425 0.151853353
 193 0.956990361 -0.381844819 -0.138101712 1.10417056
 194 1.78177106 -1.22268248 -0.299202859 -0.907464921
 195 0.856359303 -0.646794081 0.361056924 -0.655119300
 196 0.904014647 -0.961646557 0.612344682 1.80543009E-02
 197 -0.458569199 0.732175410 -1.03753316 0.827437282
 198 0.376623362 -0.310520381 -0.273497224 1.22460675
 199 0.254993170 -0.381522119 -0.889597237 2.56871581E-02
 200 0.411276370 -0.477231115 0.621048808 -0.963962436
 201 0.975254118 -0.380264759 -0.503629804 -0.620793164
 202 0.730673134 -1.00476122 0.585345685 -0.395283729
 203 0.228606775 -0.453686148 -1.08787787 0.338156015
 204 0.413368046 1.50412047 -0.853245258 -0.884282947
 205 0.118668139 -1.03889358 0.589108646 -0.606067181
 206 1.15718019 -0.816964090 -0.187564880 1.09167397E-03
 207 0.239919275 -0.414242804 -0.950111747 -9.93108898E-02
 208 1.35497832 -1.16332364 -1.05662549 0.360936403
 209 7.62712210E-03 -0.211711347 -1.02732873 -0.579629481
 210 0.736662030 -0.870712757 -0.742433846 -0.237205744
 211 0.560768008 7.38402605E-02 0.412866205 -1.01587570
 212 0.619473815 0.223561943 0.333151817 -1.49389315
 213 0.818745315 -0.209633738 -0.139831573 -0.992893338
 214 -0.811260462 -0.251480877 -2.70055495E-02 0.451049209
 215 7.24696890E-02 -6.10120371E-02 -0.921309471 -0.444119632
 216 -0.246801957 -0.446919858 -1.33193529 0.270575047
 217 8.99947882E-02 0.202095911 -1.02299714 -1.02113414
 218 1.31267309E-02 -0.380744815 -0.525534153 -0.571571469
 219 -0.644276440 -0.284621477 -0.266102374 -0.740964055
 220 1.24679780 5.81200570E-02 -0.138766050 -0.981045425
 221 0.852902889 -0.486014456 -0.102542102 0.185702428
 222 1.14511836 0.936353326 -1.61200619 -0.903311074
 223 -4.46066558E-02 -1.01662517 -6.25208765E-02 -0.264862537
 224 0.545961559 -0.339038074 -7.52522200E-02 -0.884141445
 225 0.468170345 -0.375922441 0.439674079 -0.565324843
 226 -0.268339783 0.131460756 1.56047201 0.468731314
 227 0.176023826 -0.392231822 0.489190519 -0.431510746
 228 6.08984791E-02 1.49217772 0.280862689 2.38474514E-02
 229 9.28284973E-02 -0.729303837 0.452406406 -0.771022916
 230 1.23186982 -0.583495617 -0.881375253 1.30874455
 231 0.470551908 -0.497109324 -0.453095794 -0.524734318
 232 -7.54979178E-02 0.402574509 -0.955444336 -0.491011322
 233 0.254346937 -0.421028942 -0.646833837 1.28419495
 234 0.362720877 0.458858550 -0.579820931 -0.798818111
 235 0.712895215 -1.10174334 -0.156107247 0.589863420
 236 -0.286862910 0.592159390 0.540058434 0.582983494
 237 0.870672703 -0.937341332 -1.25717461 0.397228092
 238 0.543822885 -0.953768015 -0.836979985 -0.632549226
 239 -0.754990637 0.376989454 -0.994796455 -0.457994521
 240 -0.620908916 4.68493551E-02 -0.631426692 -0.408617765
 241 0.559245884 -0.766432762 -0.149386197 0.278266549
 242 0.457081914 -0.630351305 -0.996190071 -0.664709270
 243 -0.150236934 -0.592292666 0.813978493 -0.427701235
 244 0.458824664 0.300159544 -0.385163546 -0.877552927
 245 1.40291810 -0.867727876 -1.06296611 1.45312405
 246 0.909240723 -0.583508968 0.482177317 0.149948120
 247 1.16969669 -1.69196880 4.24460471E-02 0.261810243
 248 0.570842505 7.13211596E-02 -0.163375854 0.508633256
 249 -0.638815582 -0.254577160 7.67978057E-02 0.334347248
 250 0.173946336 -1.68347776 -1.97394705 -0.500468075
 251 0.167524576 -0.838537216 0.308020324 -0.764216065
 252 0.412559897 -0.591694593 -0.794361591 -0.805840433
 253 0.796842873 5.14188744E-02 0.286832541 -0.442884624
 254 0.636857212 -0.706359923 0.824342132 -0.790893972
 255 0.282146186 -0.645374238 -0.810220838 -0.953190625
 256 -0.569168806 0.186925948 -0.610506892 0.482915163
 257 0.712002039 -1.82417023 0.306489408 -0.968245864
 258 -2.07694173E-02 -1.46695483 5.69576509E-02 -1.01494873
 259 0.176612258 -0.206806540 -0.218327716 0.120488398
 260 -0.508801460 -0.831642389 1.05380249 -0.427739978
 261 0.166169584 -0.394515097 -1.08595026 -0.518584013
 262 0.146107942 -0.428045660 -0.171349809 -0.638327360
 263 1.07267141 4.14198227E-02 -0.205351472 -0.568972230
 264 0.629683673 0.502243519 -0.982782185 -1.31008065
 265 1.67591703 -0.550950646 -0.351665735 7.31612146E-02
 266 0.562427819 -0.184566289 -0.727902591 0.918772101
 267 -1.24152303 -0.361717165 -1.05551398 -0.180929437
 268 -0.709156513 0.588272870 -0.491774797 0.169783831
 269 0.595428526 -0.696228862 -0.256210715 -0.862600744
 270 0.284454644 -0.110219613 -0.224484906 -0.680636585
 271 1.36120999 -0.279651433 -0.142667025 -0.179974124
 272 1.12128544 -0.938313901 -1.31734514 -4.36114892E-03
 273 0.427921981 -0.330227315 -0.243246675 -1.21445751
 274 -0.297668338 0.718631327 1.25786102 0.332567304
 275 0.166599125 -0.674498260 -7.77431130E-02 -0.745837986
 276 0.684543014 0.447981328 1.32418203 -2.86720395E-02
 277 -0.659327865 0.844593465 -3.65541503E-02 -0.729146659
 278 0.737666309 -0.868528962 -7.10949451E-02 -0.729029715
 279 -0.949754238 -0.144677669 -1.01036894 -0.500931680
 280 -0.272493452 0.492992610 8.49598497E-02 -7.73757920E-02
 281 0.336667746 0.326776028 -0.356946230 -0.941116333
 282 0.399757802 -0.326296657 0.285164356 -0.675215364
 283 6.32887185E-02 -0.435752928 -0.593843997 -0.458672404
 284 -0.431218743 -0.142303124 -0.512075722 -0.411628127
 285 -0.434267700 0.802306592 -0.293139815 -0.313407421
 286 1.97081411 -1.36991739 -0.766402841 -0.409926414
 287 -0.622047126 0.405640662 -1.59541106 -0.568878055
 288 -0.566040635 -0.110827349 -0.278597176 -0.319804311
 289 0.242401794 -1.06101084 -0.719557226 -0.639066577
 290 1.06547248 -0.527877331 -1.23768353 0.454173714
 291 -1.05965447 -0.177957475 -1.56864560 -0.337172389
 292 0.911067903 -0.715361536 -0.738692403 0.218272746
 293 -0.551160455 0.391032994 -1.17069662 -1.04121113
 294 2.18575931 -0.309530318 -0.710369408 -0.641743243
 295 0.592838228 -0.448618114 -0.714717686 -1.39790702
 296 0.510559261 -1.14775062 -5.00485301E-03 -0.393603563
 297 0.489423126 -0.484922588 0.200543344 -0.678957760
 298 0.422084987 -0.754355967 -9.49211642E-02 0.297601700
 299 0.495625138 -0.432169318 -1.25360638E-02 0.523800015
 300 0.887963593 -1.32453179 -1.18273342 0.540312171
 301 -0.220567867 -0.934642673 0.416744709 2.17856169E-02
 302 5.62317669E-02 -0.953895628 4.37349081E-04 0.341631472
 303 0.140410185 -0.353612006 -0.686565757 0.646345377
 304 2.06612206 -1.12503946 0.193170294 0.175202012
 305 0.205259457 0.340826869 -1.32315946 -0.592864811
 306 0.288360566 -0.497263402 -1.05497611 -0.646437585
 307 1.37022734 -0.616874337 9.65435803E-02 0.807414949
 308 -0.661829352 -0.535781980 -0.339885145 -1.43670654
 309 3.35919186E-02 -0.759421825 -1.18576610 -0.360360980
 310 -0.353144735 -0.449110776 0.969388306 -0.515041053
 311 -0.523974180 -1.58462152E-02 -0.429127991 -0.725790501
 312 -1.08634639 0.129640281 -0.841313481 -0.367031872
 313 1.06027520 -0.791866183 9.55063850E-03 0.202049136
 314 0.939395666 0.331834912 -1.72596908 -0.146555066
 315 -0.271055996 0.143710122 -0.364620805 0.670180202
 316 -1.09803581 -6.22383803E-02 -0.846426964 -0.989770174
 317 1.43804240 -0.811779499 0.400771856 9.90176387E-03
 318 -1.67366099 -0.929476023 -0.416603982 -0.362545669
 319 0.430355549 1.11202669 0.418864369 0.195196897
 320 -1.75076663 -1.02219391 -0.921150804 -0.990380406
 321 -0.548266828 0.946323931 0.161102667 0.584063828
 322 -7.06929490E-02 0.264922410 -0.800270736 -0.301396072
 323 0.237671256 -0.780002177 -1.01060855 -0.202601746
 324 -0.355618179 4.40050364E-02 8.07950944E-02 -0.565960169
 325 0.602005959 -0.612215459 -1.34141386 -0.654161334
 326 0.707213998 -1.04462695 -1.03637171 1.00336385
 327 1.26644993 -0.679700136 -1.72918630 -0.433918059
 328 0.563967347 -0.194745809 -1.17500198 0.159833521
 329 0.512545288 -0.528085351 0.784613907 -0.151129693
 330 -0.448678315 -4.35096473E-02 -2.63647819 -0.279833436
 331 0.141157761 -0.420291960 -0.709366918 0.169012219
 332 0.360752940 -0.912782371 9.57534611E-02 -0.494087905
 333 -0.964636564 1.00252759 0.609028935 0.274547756
 334 0.477761030 0.194102705 -1.09235215 -0.741928935
 335 0.419628382 1.14086044 -0.533968687 -0.400676489
 336 0.706762314 7.11095557E-02 -1.60646617 -1.05255473
 337 0.354904950 -0.838232219 0.302375108 -0.722554326
 338 1.00534821 -0.922716618 -0.785851777 -0.555678964
 339 0.852292359 -0.562782526 -0.490479916 -0.382500648
 340 0.653343022 -0.768102944 -0.176539540 -0.790131032
 341 -5.83447143E-02 -0.799336493 0.778885007 0.251487046
 342 1.06609237 0.182315946 0.283403069 0.412701964
 343 0.282292634 -0.262963355 -2.17359328 -0.774575174
 344 -0.550842762 0.245433450 0.533978820 0.241743192
 345 -1.05108523 -1.28689957 -2.06705308 -0.379577726
 346 0.215221554 0.207950428 -1.20636570 -0.885179698
 347 0.594113767 -1.58515465 0.688321114 -0.448829412
 348 -0.318431914 0.176103234 -0.725608826 0.143938884
 349 0.771276891 -0.511480212 -0.475125998 0.145137042
 350 0.491440922 -1.38121700 -8.68666321E-02 -0.353923172
 351 1.41818881 -0.730858803 0.206539080 -0.508595049
 352 -0.574219882 0.652904212 0.471359223 -4.45582569E-02
 353 -0.510228753 0.502504468 -0.415948391 0.470473588
 354 0.571011484 1.59833506E-02 0.462020397 -0.482966155
 355 -1.12491143 -0.131967187 -2.25322485 -0.563540339
 356 0.844669104 -0.587119520 0.103683397 0.197973266
 357 -0.127350524 0.260414809 -0.606406033 0.175101817
 358 2.03813338 -0.985224128 -0.267298281 -0.390048832
 359 -0.589627326 0.895209789 -0.658388376 0.234806091
 360 0.951978564 -1.20880592 0.548543334 -0.735695124
 361 1.07757199 -0.864861608 0.948976457 -0.593456209
 362 0.900864244 -0.871994913 0.645287693 -0.696975648
 363 -1.14237165 0.304760963 -1.29813337 -0.426823676
 364 1.70306623 -0.742530823 0.433292121 0.417453170
 365 0.181045771 -0.323067427 1.00623429 0.276779771
 366 -1.20522106 -0.841487944 -0.644636571 -0.571064591
 367 0.738941550 -0.524342299 0.208868667 -0.636110663
 368 1.86228037 -9.92419478E-03 0.224388584 -0.714429975
 369 0.579876184 -0.347035229 -1.73792732 -0.145023808
 370 0.411421120 -1.07373440 -0.978979230 -0.795729399
 371 -0.201104760 -0.190841794 1.58401060 0.483700901
 372 -1.71706402 -0.328232110 3.56324390E-02 -0.355706096
 373 -1.21292400 0.368739784 0.134383485 -0.178150266
 374 0.123053074 -1.63225353 -0.417701781 0.681727648
 375 0.373303771 -0.303394973 0.129862249 -0.331793010
 376 0.473410010 -0.708854079 -0.189596638 -0.498970509
 377 1.01951730 -1.21399915 -9.89713669E-02 -0.600157678
 378 0.786903262 -0.715949595 0.492261291 -0.649325430
 379 0.839636683 -0.328325361 -0.870952725 -0.935905457
 380 0.373554766 -0.689620256 0.488491356 -0.338072538
 381 0.146070346 -0.936326742 -0.868591428 -0.274891168
 382 1.40717602 -6.78217411E-02 0.527006149 -1.14348257
 383 0.438934743 -1.01431942 -0.264261544 1.21996570
 384 0.281337947 -0.912365139 0.458524495 -0.777375102
 385 0.584151745 0.196230054 -0.136018798 -0.543562055
 386 0.660222530 -0.374938428 0.979605734 -0.315657169
 387 1.69700813 -0.159412459 -0.200644523 -1.03864431
 388 2.08647704 -0.243993193 0.879864752 -0.509902656
 389 1.24485385 -0.342156559 0.411056370 -0.413647383
 390 1.43897307 -0.379263163 1.24185622 -0.776871800
 391 0.981759489 -0.640575290 1.72840309 -0.559476852
 392 0.747285128 -0.254317224 1.14704227 -0.874633431
 393 1.13212967 -1.20116854 0.526647210 0.495564729
 394 0.325933605 -1.04396164 0.562080979 -0.536713898
 395 0.332204312 -0.207773447 -0.458867908 -0.873131931
 396 1.16687202 -8.30845609E-02 1.07306504 0.140239924
 397 2.19933867 -0.673482895 -0.770103335 -0.498748243
 398 1.52984130 -0.234205008 0.545172334 -0.158074826
 399 1.62971604 -1.87670863 0.354004145 -0.310650170
 400 -0.636690438 -0.134628460 -1.39499605 -0.997222066
 401 3.74012440E-02 -0.520023346 -1.07912564 -0.580234170
 402 2.09001708 -0.671373427 0.131476924 1.10466099
 403 -0.136929095 -0.642084956 -0.195844322 -0.978009582
 404 -0.131555170 -0.412892938 0.935739994 0.428876191
 405 0.649540246 -0.954846263 -9.52948406E-02 0.395436287
 406 -0.862859130 -0.458352745 4.58536744E-02 0.279422820
 407 1.31046402 -0.716070652 -0.630372405 -0.487429380
 408 1.09016085 -0.645444036 1.41897738 -0.837270319
 409 0.592140079 -0.664422870 -0.398713708 1.14519894E-03
 410 0.442237616 -0.444709361 0.420261860 -0.185565129
 411 0.690594196 4.32406478E-02 0.751602829 -0.407224745
 412 1.80272174 -0.792286992 0.853941381 -2.71780491E-02
 413 0.318391025 -0.785560608 -1.21836042 0.830031037
 414 0.723718822 -0.625006795 0.791547298 0.298220098
 415 1.24276853 -0.225855440 0.425562590 -0.134392262
 416 1.79307237E-02 -1.55438066 -0.666184366 -0.213644698
 417 1.35607600 -0.141349897 -2.06823088E-02 -0.442458451
 418 0.231564015 8.30061585E-02 -0.663962543 -0.891353309
 419 -0.318864882 -1.15795851 -1.36525607 -0.588519335
 420 0.657739818 -0.199823350 -0.862074494 1.40595520
 421 0.442656815 -1.29782236 1.13826919 1.09992492
 422 -0.662103951 -0.524905622 -0.228792638 0.397623211
 423 0.302838683 -0.523869693 -0.249493971 0.394837499
 424 0.448218226 0.166644618 -0.645071745 -0.299735695
 425 0.246888757 -0.594588995 -0.952188849 1.30371344
 426 2.15953135 0.255423486 -0.295296699 -0.136283353
 427 0.521086276 -0.203679845 -6.92251027E-02 0.280019224
 428 0.473385364 -0.498403668 -0.318479598 0.455670416
 429 0.962263882 -0.443745136 3.32981870E-02 -0.438871205
 430 0.997950733 -0.845095396 1.17512131 -0.548153162
 431 7.60437995E-02 -0.987828195 0.146283865 -0.980377197
 432 1.12654805 -0.749116123 1.62076950E-03 -0.390870899
 433 -0.411447942 0.396569312 0.312462062 0.188794956
 434 0.861713171 -0.476766169 0.913306653 -0.674012184
 435 0.681362271 -0.456534177 0.877468824 -0.913838327
 436 1.70414162 -0.326892585 0.188669264 -0.656693399
 437 -0.478285134 -5.28081656E-02 0.145506561 0.420682043
 438 -0.659748495 -0.563032508 -1.20624328 -0.381856382
 439 2.51954651 -0.944758117 0.641494036 3.84225994E-02
 440 2.10487103 -0.848523617 0.608825982 3.91778350E-03
 441 0.436575741 -0.401278704 -0.638641477 4.99984175E-02
 442 -0.235971272 -0.237581134 0.104238212 -0.329955131
 443 0.433258206 -0.641057014 0.124764293 -1.06006289
 444 -0.231949717 -0.882980824 0.286689103 -0.654741347
 445 -0.316884607 -0.230569899 1.09951055 0.439343989
 446 0.354399085 -0.186214149 1.07490802 -0.419541538
 447 -0.320031375 0.747367799 0.629930973 -0.612218797
 448 0.846986711 -0.700819612 1.07086194 -0.237330064
 449 0.434155077 -0.742855370 1.65832663 -0.596673846
 450 -0.681551695 -0.967130780 -1.54933608 0.228409156
 451 -0.747368097 -8.88213515E-02 -0.455996364 -4.40921783E-02
 452 1.08365870 -5.70156425E-02 -0.450986177 -0.994880378
 453 0.391016126 -0.443076819 -0.991859972 0.578023553
 454 1.17943192 -1.00752640 0.632647753 -0.497236967
 455 3.31846029E-02 -0.119123578 -0.658996403 -0.799523294
 456 2.61426878 -0.825449109 -0.785096049 -1.05742335
 457 1.45504320 9.86024141E-02 0.130305365 -0.640519321
 458 0.857148349 -0.274489939 0.644529998 -0.854704320
 459 -0.261651099 -0.865406334 0.755155444 -0.573160887
 460 2.87104774 -0.996868193 1.06551492 -0.150877252
 461 -5.30556999E-02 -0.248223677 -0.645927668 -2.01366767E-02
 462 -0.602729261 -0.615766585 -0.777118921 -1.33915579
 463 1.19025254 -0.905826747 0.777197719 0.395908713
 464 -0.362548918 -0.707151413 -0.806544840 -0.692194045
 465 0.648359179 -0.706817985 -1.29660033E-02 -0.955462217
 466 -0.157008871 0.527313650 2.44577676E-02 0.378156990
 467 -1.12445429E-02 9.96873081E-02 0.629872918 -0.340727925
 468 -0.113441572 -0.246437863 -1.11617529 -0.832059264
 469 1.03225768 -2.03095376E-03 0.504671574 -0.731051147
 470 0.644546747 -0.982806504 0.945220292 -0.878556490
 471 1.15115845 0.160277769 0.542417586 -0.652301550
 472 1.49494457 -0.518194079 -0.977918744 -0.931682944
 473 -0.147916928 -0.278420180 -0.156153440 -0.698474109
 474 -0.383440495 -0.547964692 -0.148955494 -0.505103111
 475 -0.161025703 -0.609433353 0.896686375 -1.08629036
 476 0.394715846 -9.54672694E-02 -0.692777991 -0.391873479
 477 0.882585049 -0.403634191 0.322128981 -0.909967422
 478 1.33553135 -0.808834910 -0.525881767 0.305396527
 479 -0.525172353 1.22940516 0.714486718 -0.579870522
 480 0.735994697 -0.357675910 1.27853978 0.853396773
 481 0.670290589 -0.836228132 0.679991126 -1.06867480
 482 0.204667896 -0.106996834 -2.03302354E-02 -0.499616623
 483 0.817652583 -0.661271155 -1.20510828 -9.60804820E-02
 484 0.596642196 -0.784055173 1.71483862 -0.545368433
 485 0.570887506 -0.256036013 -0.217654899 -0.473142087
 486 0.215380296 -0.598662615 -0.193735808 -0.256926417
 487 1.52049959 -0.731215000 1.17458642 -0.891317666
 488 0.526744187 0.196753174 -0.616400003 -0.610266984
 489 0.884359062 -0.794894934 1.17880833 -0.637197256
 490 1.16668427 -0.312478870 -0.422595769 -0.711722255
 491 0.354903340 0.327895463 0.143017739 -0.936796546
 492 0.384009153 8.92415047E-02 0.181457430 -0.482259810
 493 1.14258397 -0.834549427 0.354389101 -0.385187447
 494 -8.19866508E-02 -0.926512659 -1.44081616 -0.509102762
 495 1.23152530 -0.996048510 0.907597303 -0.927495301
 496 0.354637802 -0.491470098 0.334891438 -0.427130699
 497 -0.371520281 -0.404536426 0.455139369 -0.898903489
 498 -6.59555569E-02 -0.118787169 0.424842179 -0.618467510
 499 0.835971951 -0.610387683 -0.667366982 0.211592123
 500 7.16336668E-02 -0.532367408 4.63904999E-02 -0.580708265
 501 -0.114096671 -1.38344443 0.626154423 -0.357174218
 502 0.463077366 -0.299278677 -0.546083868 -0.280569881
 503 0.147702783 -0.894616187 -0.258281827 1.15968287E-05
 504 -0.174311131 -1.91671741 0.236617342 -0.806646883
 505 0.475411713 -0.246632099 0.284431130 -0.800202966
 506 0.560891986 -0.381304979 0.919405818 0.237889379
 507 0.750482559 -0.251234263 -0.203798622 -0.578707635
 508 0.458075285 -0.452475548 0.341028988 0.565095603
 509 0.815757394 -0.593596458 -1.04232001 -0.318532139
 510 0.515530109 -8.57653096E-02 -0.299107820 -0.458850682
 511 1.12983632 -0.334092468 0.426886916 0.983818948
 512 -0.650074959 -1.18008423 -0.403894633 -0.325765431
 513 0.543678999 0.223186016 0.247261807 0.493860215
 514 0.152447701 -0.236767188 -1.45845342 -0.598695993
 515 0.194023997 -0.393796027 -0.696796179 -0.705107272
 516 0.254844308 3.62222940E-02 -0.114603035 -0.137242690
 517 0.397920966 -0.760512352 -1.54873633 -0.880353451
 518 -0.760442615 -0.351250023 -0.178009585 -0.544317424
 519 3.47283185E-02 -0.748153210 0.163626269 -0.638081074
 520 -0.417768329 -0.196502015 -1.02063429 -0.984486222
 521 -7.02844560E-03 0.121701330 -1.45364070 0.300054699
 522 0.352778375 -0.419560373 -0.216192305 3.25354300E-02
 523 -1.80189647E-02 0.450177372 1.04570961 -0.999994636
 524 -0.177399412 -0.459999084 0.559366822 -0.352713764
 525 0.125941992 -0.600171268 -1.40722609 -0.443134695
 526 -3.17358077E-02 -1.09242094 1.00798547 1.41658950
 527 0.989225030 0.151139691 -1.02488816 -0.214289740
 528 -2.99517810E-02 -0.149417728 0.849778116 -0.520461559
 529 0.128643751 0.585230350 0.342363715 1.30692907E-02
 530 1.81335604 -0.566408753 -1.71437943 0.506477535
 531 -8.28222185E-02 -1.13172126 -0.443943679 -9.99953598E-03
 532 -1.25379825 -0.548814297 -1.12618685 -0.805995941
 533 -0.543995023 -0.812872291 3.36853415E-02 -0.171348229
 534 0.917036295 -0.522825181 -0.332029790 -0.559842646
 535 0.212381661 -1.79874241 -9.06735510E-02 -0.567924619
 536 7.45302215E-02 0.259543121 -0.444183052 1.14997816
 537 1.18858063 -0.563886464 1.16596162 8.86724964E-02
 538 -0.980374873 -0.676493466 -0.221139014 -0.474720538
 539 -0.368832797 -0.302909464 -0.385562778 -0.313237190
 540 -0.907231212 -0.469029665 0.863860130 -0.841351211
 541 -0.138574198 0.771858990 -0.319072872 -0.969185829
 542 0.367827743 -0.592474878 -0.591893673 -0.477084905
 543 -5.51208109E-02 0.427091241 -0.620384514 -0.839483798
 544 0.921108961 -0.230908170 0.918084145 -1.16232753
 545 1.29788506 -0.525119662 0.151316136 -0.483078569
 546 0.786836922 -0.617846370 0.586477995 -0.519223392
 547 1.11335242 -1.25192654 -0.125187576 -0.975865722
 548 1.20078540 -0.354139745 -0.514431119 1.02973187
 549 0.856869400 -0.943375587 -1.15505183 -0.594635606
 550 0.325709194 0.215420753 0.748093963 -0.529667556
 551 0.506398797 -1.38831675 -0.614148259 0.136988372
 552 1.37286150 -1.47068369 -0.649535477 1.29585803
 553 1.05322623 -0.182285070 -0.663041472 -0.434811473
 554 1.64450681 -0.924138069 0.394739747 -0.605806351
 555 2.53382277 -0.146415964 0.320332855 -1.09770644
 556 -0.643255472 -0.489474267 0.137585804 -0.588997960
 557 0.151818022 -0.439441860 0.249714121 -0.431457371
 558 0.828560531 -0.779504955 0.122499421 -0.604206204
 559 -0.764025867 -0.126221225 0.115645096 -0.945378244
 560 -0.169299006 0.312491089 0.989653707 -0.368724465
 561 -0.164133430 -0.994284213 2.01598406E-02 -4.99584526E-03
 562 0.719685972 -0.731312513 1.87386954 0.135345936
 563 -0.110651210 -2.46536061E-02 -1.42701924 -0.490510494
 564 1.68409503 -0.497628272 0.424493164 -0.889120638
 565 -0.498371482 -0.315828383 0.278496563 0.307077408
 566 -0.647420049 0.671493292 -0.764351487 0.440190345
 567 0.559404671 -0.273757547 1.16858709 -0.668590546
 568 -1.60993021E-02 -1.86218548 -0.114169106 -0.760537446
 569 0.501657248 -8.35772604E-02 0.392900974 -1.03232527
 570 1.48609102 0.283220202 0.230572477 0.947885513
 571 1.54096019 -0.979741156 -0.430916429 0.244289219
 572 0.531965911 -0.765286684 -0.176111132 -0.909450650
 573 -0.180917919 -1.09414136 7.08464533E-02 0.310790420
 574 0.901061058 -0.188293427 -0.525277376 -0.484205842
 575 1.33899665 0.451618195 -0.471668005 4.30908948E-02
 576 0.843137801 0.291353106 0.829914093 -0.997559428
 577 -0.905212879 -0.154905066 1.59158373 2.06896756E-02
 578 0.916439176 -1.15077448 0.828120291 -0.483407319
 579 -7.54704326E-02 -0.683540940 -0.973107040 -0.536238790
 580 -0.272834837 -1.11970985 -4.07095104E-02 -0.277261496
 581 -0.154241443 -3.61760408E-02 0.885792375 0.392414898
 582 -9.02087092E-02 -1.04634094 0.689612150 -0.434613913
 583 -0.801755607 -0.597591996 -0.369588435 -0.555559099
 584 0.133491993 -0.782945752 -0.275767744 -0.956570983
 585 -1.14753819 -5.58597893E-02 0.557055771 -1.01508152
 586 0.392810732 -1.33188796 -0.108512595 -0.824596524
 587 0.540590882 -0.961482286 0.452338696 1.04194045
 588 1.35886896 -0.995294690 1.36102545 -0.290523291
 589 6.80081546E-02 -0.362090200 1.29686010 6.92671239E-02
 590 0.868976653 0.125977710 0.823893309 -0.867999077
 591 0.616291642 -0.644628286 0.648949444 -0.439299047
 592 0.140039548 -0.781460643 -0.170981020 0.149810582
 593 0.883201003 0.207252592 0.291038930 6.70735687E-02
 594 0.627520442 -0.326772749 0.352102607 0.424376100
 595 0.310080409 -0.364059538 -0.784322739 -0.532232642
 596 1.99034357 -0.482775033 -0.537017643 -1.31751132
 597 1.25776306E-02 -0.952224791 -4.29695025E-02 -0.844161570
 598 -0.651593626 -0.174592912 -1.09329748 -4.10299748E-03
 599 0.540473104 0.200916812 -0.551965356 -0.365320504
 600 -0.733675957 0.359047472 -0.117527284 0.243406445
 601 1.33354652 -0.788367629 0.692616403 -0.519883633
 602 0.143169940 -0.404612839 0.632047176 -0.368485361
 603 0.316650093 -0.470786810 -0.908311546 0.352660686
 604 0.803159118 -6.71139583E-02 0.777330041 -1.12941885
 605 0.657257318 -0.267498463 0.902321279 -0.983575881
 606 0.882470250 -0.320508152 1.20339179 -0.585986793
 607 -8.41114521E-02 0.645397365 0.644881427 0.406949371
 608 0.121718913 -0.176157534 -1.23623645 0.512796581
 609 0.438296378 -1.46171582 -0.718085289 0.320978045
 610 -0.956583142 -0.795940638 0.785969377 -0.375319541
 611 1.19493115 0.136381656 -0.391148716 -0.382013023
 612 0.574499965 -0.866201997 0.295497209 0.357283831
 613 0.372942418 -1.67911911 0.869864643 -0.865373611
 614 2.02942753 -7.49297813E-02 -0.929742575 -1.13390613
 615 -0.703431845 0.718952000 -0.295837283 -0.778678417
 616 0.589520454 0.660575211 0.532982111 -0.975337446
 617 -0.190657943 -0.358608812 0.101008415 -0.467885911
 618 -0.934769392 -0.851629674 -0.804221809 0.416428834
 619 0.676211298 -0.926997721 0.474422157 -0.503457725
 620 0.281089604 -0.435269266 -0.172518045 2.84679793E-02
 621 -0.231623173 -0.672408402 1.03931546 0.164959595
 622 0.834839880 -1.07123554 1.16731274 -0.403507680
 623 0.963809311 0.313671589 0.484524071 -0.687923491
 624 0.856643140 -0.703494072 0.473163337 -0.823798537
 625 0.460052311 -0.180181056 0.924308956 -0.368964225
 626 0.216183439 -2.02765918 -0.505409956 -0.594932675
 627 0.385827750 -0.197945535 -1.14447021 -0.609475255
 628 -0.105086327 6.92275390E-02 -0.117693990 -0.537745774
 629 -0.871218681 -0.670766354 0.461042941 -0.865102351
 630 0.770900726 0.707431436 1.11128187 -0.383980453
 631 6.17969036E-03 -0.464708626 0.194592431 -0.408927143
 632 1.08226955 -0.682181478 0.137906477 0.218712315
 633 0.591765642 0.347294748 0.757694244 -1.31215036
 634 0.698104739 -0.519973338 1.19089711 -0.899230421
 635 6.04887456E-02 0.130351245 -0.245120168 -0.388391972
 636 -0.681438148 -0.576155543 0.565504551 -0.702130437
 637 1.21625340 -1.60740554 -0.750582218 -1.04827368
 638 0.258284003 -0.580022812 0.472608387 -0.524731040
 639 0.416600883 -0.179514125 -0.106976852 1.35039538E-03
 640 0.649126172 -1.50637197 -0.137530223 -0.703969479
 641 -6.40152693E-02 -0.369713962 -0.138458639 -0.733528137
 642 -0.459343165 -0.484504759 5.26495315E-02 -0.522189617
 643 6.27481118E-02 -0.270444512 0.781460047 -1.20332336
 644 -0.221966922 0.229772955 -0.660983801 -0.447479129
 645 -0.403296143 -1.10609031 -0.816935718 -0.706929326
 646 0.254256129 -1.01655996 1.38670564 0.359084100
 647 0.233760238 0.139103606 -6.36483133E-02 -0.866481662
 648 -0.639171898 8.99166688E-02 -0.340093255 -1.11635566
 649 1.64957070 -0.224228129 0.146890044 0.138751954
 650 -0.190811127 -0.629080176 -0.267745942 0.397341102
 651 0.595023513 -0.183442056 -0.212047487 -0.890877426
 652 -0.430749416 -0.594560683 -0.671097696 0.235210717
 653 -0.748451769 0.733202040 0.355986476 -0.760208249
 654 1.01892996 0.217959493 -1.03705451E-02 -0.529463172
 655 1.11799014 0.356335163 6.54509738E-02 -0.944123268
 656 1.00245523 -0.992707610 -0.656385124 -6.16337806E-02
 657 -0.388457566 -0.260980874 -1.15227580 0.314942241
 658 1.18595278 -0.473900378 -0.457954884 0.389633477
 659 0.518671393 -1.07852185 0.849577248 -0.537117362
 660 0.966617107 -0.959578276 0.400314182 0.321173221
 661 9.43609625E-02 0.321325243 0.235531405 -0.473542303
 662 0.791827798 -1.14056277 0.247965604 -1.09061813
 663 2.78797969E-02 -0.740761518 0.932494640 -0.387430608
 664 -5.71953505E-03 0.110911027 -0.128536656 -0.904786706
 665 1.43134546 -1.12327313 0.659099996 -0.815380633
 666 1.31962633 -0.780736089 -6.58297241E-02 -0.151342168
 667 1.28287947 -1.26204789 -6.26745746E-02 0.511890054
 668 0.285393089 -0.301919371 0.262180477 0.304698706
 669 1.44975185 -1.08119452 -0.688076556 -0.923832774
 670 -0.940069139 0.228107393 1.08709514 -0.190212831
 671 0.445313752 -0.600245714 5.31805009E-02 -0.621566832
 672 0.874728382 5.59623018E-02 0.338146329 0.820707500
 673 0.110135779 -0.311900854 -2.34022569E-02 0.364484966
 674 0.708821535 -0.580031693 8.45202059E-02 -0.742372036
 675 -0.830756783 0.612600625 -0.398192406 -0.346605480
 676 -2.54013240E-02 -0.260908902 0.754165888 -0.394618839
 677 1.30621564 -0.231910259 0.114229210 -0.894926131
 678 0.508981228 -0.814366162 0.157492876 -0.484075159
 679 0.746313274 -0.392893940 -1.66892922 0.115887165
 680 0.796376407 0.407678574 0.662023544 -0.786937773
 681 0.848953485 -0.113238059 -2.18017399E-02 -0.682290912
 682 1.07375968 -1.39911687 0.102490559 -0.916614652
 683 9.86455157E-02 0.266975403 -0.417060405 -0.515310705
 684 0.568424225 0.745539546 -1.81200743 0.303705692
 685 -0.569271445 -0.410359949 -6.92071915E-02 -0.786076605
 686 0.530272782 0.769299030 -0.835482478 -0.774624884
 687 -0.788283885 -0.186144605 0.474141449 -0.612988889
 688 0.806058049 -1.34376550 4.84043658E-02 -0.696453512
 689 1.52350092 -0.836998045 -0.940823376 -1.03091586
 690 1.14983261 -0.802049696 -0.459989876 -0.537095606
 691 -1.38975158E-02 -0.981196523 1.20554268 -1.14861870
 692 -0.648889065 -0.525709391 -0.272764683 0.145946383
 693 0.963915825 -0.598770082 -8.82620662E-02 0.286830544
 694 0.692724705 -0.346131921 6.34170771E-02 -1.11540520
 695 0.701969385 -0.172002628 -0.523211539 -0.774178207
 696 0.900930643 -0.469134390 0.206710711 -0.586625040
 697 0.119363301 -0.273282647 0.222673118 -0.671397328
 698 -0.900338173 -0.474822104 1.16044426 -1.13347781
 699 0.761176586 0.877982676 0.384848416 -0.437350810
 700 1.60664129 -0.992043376 -0.786268234 -0.692212224
 701 0.469112277 -1.12888467 1.30767632 1.87136662
 702 -0.311901689 -0.620559812 -0.502917588 -0.965356767
 703 0.316474557 0.896872282 -0.159599587 -0.463874221
 704 0.539616227 -0.362389028 1.35999525 -1.13143170
 705 1.79433060 -0.914012432 0.728734732 -0.282775462
 706 0.809509099 -0.659014404 0.142246380 0.556472898
 707 1.15276849 -1.22939825 -0.681727231 -0.856639028
 708 0.257245749 -0.678511202 0.591967225 -1.41186881
 709 0.674497247 -0.961204946 0.412849337 0.857099116
 710 0.621275663 -0.221053660 -1.11783409 -1.28199983
 711 -0.247520342 -0.472933441 -0.355098397 -0.400629848
 712 -0.129627779 0.375761807 0.174683332 -0.285530329
 713 1.03617740 -0.405464053 0.936506450 -0.826310158
 714 0.762291133 -1.01314151 -0.445823431 -0.495128036
 715 0.191150442 2.70897895E-02 -0.135975346 -0.316142797
 716 -0.422644049 -0.587957621 -0.209956229 -0.189907789
 717 0.407219261 -1.69209242E-02 0.476285398 -1.03253162
 718 0.607407808 -0.648919284 -7.61700869E-02 -0.908819199
 719 0.871243894 -0.371371031 0.958480597 0.201879442
 720 -0.177806661 0.827072620 0.929022312 -0.836447656
 721 5.58549277E-02 0.179209858 -1.09070647 -1.04002762
 722 0.506759524 -0.469789147 0.216498151 0.180765212
 723 -5.40789254E-02 -0.164661035 9.49365944E-02 -0.549579740
 724 1.66630626 -1.18309212 4.59634364E-02 -0.697564483
 725 0.135477930 -0.375053138 0.526085615 0.282422543
 726 1.03981495E-02 -0.745097816 -0.374537468 -0.582318783
 727 0.547845006 -0.471245825 -9.45595503E-02 -0.380836219
 728 -0.268283427 0.226866007 0.283107400 -0.624127924
 729 0.117131174 -0.582845330 -0.942868173 -0.703867078
 730 0.320718348 -0.843826830 -0.274548292 -0.500432193
 731 0.734729826 -1.36319387 0.979954600 -0.518952489
 732 1.15453506 -0.689315498 -1.12821662 -1.10072446
 733 0.408362091 -0.290559083 -0.265238374 -0.818530321
 734 -0.196415171 0.322513580 -0.455739528 -0.531045377
 735 0.186900347 -0.750721514 -0.854205966 0.443128824
 736 -0.147637203 -0.417282552 0.177925691 -0.576531172
 737 -1.25371218 -0.693038404 1.02502644 0.249450818
 738 -0.229763120 -0.458171755 -0.168704927 -0.408568501
 739 -0.655337453 -0.753527999 -0.967888594 -8.35702196E-02
 740 8.85165036E-02 -1.49379468 0.747399271 -0.730875254
 741 0.219253883 -0.134867191 -0.869592369 0.279698104
 742 -0.356579661 0.382758617 0.415030479 -0.359999180
 743 0.267804503 -0.358399570 0.664724767 -1.25917184
 744 0.437300175 -0.319467336 -0.110404745 0.563900948
 745 -0.286983669 -0.406193048 0.928701997 -1.03024507
 746 -7.44461119E-02 5.52064925E-02 -0.404814988 -0.396177977
 747 -0.106425151 -0.334659159 0.219635516 -0.666987419
 748 -0.209219739 -0.914327264 0.886548460 -0.562127113
 749 -0.413627386 -0.466118157 0.815868974 -1.01233935
 750 -0.268182039 -0.432068795 0.639408886 -1.07647729
 751 0.574770510 0.216236398 -3.76536250E-02 -0.647581518
 752 0.371103466 -0.238425314 -0.811114013 -0.518693149
 753 0.581569731 -0.236114606 3.26468498E-02 -0.350440860
 754 1.03562081 -0.276735246 0.286234468 -0.418131858
 755 -0.186972499 0.351916730 -1.03750479 -0.488186240
 756 0.323219210 -0.986230910 -9.53961313E-02 -0.495195687
 757 0.528700590 -1.19897711 0.565743685 -0.734022558
 758 0.119467624 -0.483711779 -0.277057469 -0.442078352
 759 0.853059530 0.158666417 -0.437030971 -1.24560976
 760 0.899809718 -1.00506675 -1.32912970 -0.692716241
 761 0.389662623 -0.624699354 1.01852810 -0.756411910
 762 1.47893119 -0.532928884 -0.878325403 -0.924615145
 763 1.03827441 -1.16713309 -0.847760558 -0.912406743
 764 1.67823935 -0.512295723 0.678648770 0.712958574
 765 1.45331836 -0.555526495 0.800340593 0.996005177
 766 -1.20319486 -0.178849712 -0.294847369 -0.563781023
 767 1.12557125 -1.27009654 -0.438849300 0.200639665
 768 -0.652844489 -0.144700706 0.991402090 -0.541242719
 769 1.35607874 -1.02906930 -0.801327050 -1.02263153
 770 0.408209890 -0.322114050 2.67654546E-02 -0.436312765
 771 2.12871981 2.15464234E-02 -0.158947572 -1.22378540
 772 0.175488725 -1.32348275 -0.452744007 -0.886575937
 773 0.609578848 -1.34503102 -0.126687914 -1.11290395
 774 -0.763118386 -0.376045018 -7.94536918E-02 -0.538886905
 775 0.319203764 -0.264673650 -0.715765715 -0.983625531
 776 0.786748648 0.189869344 -0.794412434 -0.745978177
 777 2.98349559E-02 -1.29355586 -0.547226250 -0.403938979
 778 -0.519558251 8.67185146E-02 -1.26248956 -0.460688412
 779 -0.148133308 0.523939729 1.06642449 -0.467162997
 780 0.362918615 -0.727189422 0.572298408 -0.963511288
 781 -1.47207677E-02 -0.391536981 -0.824247241 -0.604633570
 782 -8.49608630E-02 0.652725279 -7.41166025E-02 -0.586457074
 783 0.554831624 3.90526429E-02 0.243948370 -0.940403700
 784 0.290714353 -1.10279763 -0.756314933 -0.962189078
 785 0.895626307 -0.756034195 -0.496768236 -0.347077876
 786 0.616681695 -0.103703208 -1.09925020 -0.749024451
 787 1.98126268 -0.346498400 -9.96928215E-02 -1.29601395
 788 1.54548037 -0.888961077 1.98627722 -0.966375053
 789 0.538323104 -0.965026200 0.355310023 -0.611468613
 790 0.184974045 -0.950453639 -0.105578229 -0.711681485
 791 0.103266329 -0.190502033 0.103584126 -0.582666159
 792 0.725730360 0.135109559 0.306376964 -0.719404697
 793 -0.997498274 -0.152027220 0.930135429 -0.457322896
 794 7.20046014E-02 -0.958454967 -0.844277501 -0.866375804
 795 0.429037333 -9.74430516E-02 -0.147248209 -0.444922894
 796 -0.595565975 -0.706773221 -0.752131581 -0.893086731
 797 8.90431851E-02 -0.968661129 0.384484977 -0.947113335
 798 0.693700969 -1.63571787 0.836069405 -1.28365970
 799 0.106553875 -0.367700756 0.588060915 -0.818665922
 800 0.573614001 0.439084917 -1.10836852 -1.17440581
 801 1.31667101 -0.526049554 -1.38416171 -0.882425606
 802 -0.306373090 -0.776561677 1.68922126 -0.686653733
 803 0.618426323 -0.309779465 -0.584043324 -0.544813871
 804 0.619770467 0.144028157 0.129290834 -0.493495911
 805 -0.128174946 -1.32674706 -1.07715952 -8.81486982E-02
 806 -0.519898355 -0.428542227 -5.17925620E-03 1.22381186
 807 1.16988206 0.413807243 -0.364397109 0.332395613
 808 0.300806880 -2.29747319 1.52912629 -0.991552591
 809 0.824063897 -0.913810015 0.522987723 -0.582002759
 810 -9.19236988E-02 7.93621093E-02 -1.04587173 -0.842856109
 811 -0.351716995 -0.420935661 -1.28303456 -0.575599909
 812 -0.510490417 -0.279492855 -0.195346802 -0.830897987
 813 0.482551217 -1.12239346E-02 -0.341751516 0.155817986
 814 0.202558994 -0.295879364 -1.43480575 0.210409671
 815 -0.527891636 -0.863306582 0.518005848 -0.635929048
 816 0.581296921 -8.97352844E-02 -0.720017731 -1.06164551
 817 -0.888670504 -0.176483214 -0.289147317 -0.584636748
 818 0.406071067 -0.114475466 -0.145251423 -0.405016750
 819 0.688539088 -4.10107821E-02 0.252707332 -0.316515416
 820 1.00003362 -0.614527106 -0.506515503 -0.580861092
 821 1.08733952 -0.837692976 -0.508377433 -0.859912753
 822 -0.392268479 -0.435843885 -8.50394368E-04 -0.663673818
 823 -1.76193106 -0.844290793 -0.330127507 -0.313529432
 824 -0.495227993 6.16960004E-02 0.494653106 -1.13721597
 825 0.199958295 -1.27395809 0.923916817 -0.550467730
 826 3.86317521E-02 -0.946493804 7.14123249E-03 -0.929647446
 827 1.01143849 -2.64869072E-02 -0.170905352 -0.858536065
 828 1.17659783 0.723742783 -0.384225845 -0.619617820
 829 1.03064632 -0.245472789 -0.428765118 -0.913971603
 830 1.04805756 -0.959035933 -0.777189553 -0.881227791
 831 0.404802680 0.296277821 0.114988752 0.342324466
 832 0.212888151 -0.304301530 -0.355722308 -0.109016404
 833 1.74081862 -0.107508890 -0.547865510 -1.63089745E-02
 834 -0.540841460 -9.11623836E-02 0.679662168 -0.966034472
 835 -0.125651509 0.322548687 -4.09546271E-02 -0.550714016
 836 0.214422047 0.344393492 0.766923249 -1.00298440
 837 -0.524803102 -0.403237492 -9.80350673E-02 -0.955660641
 838 0.314656049 0.331789851 3.63627523E-02 0.424819767
 839 -1.94282979E-02 -0.359632790 0.812148094 -0.607840240
 840 -4.59237397E-03 -1.18193161 -7.48999789E-02 -0.814841032
 841 1.30767715 -0.673256576 3.44955772E-02 -0.775576353
 842 -0.232041359 -0.207512021 -0.118000031 -0.831382930
 843 0.365469009 0.283534497 -0.454228222 -1.05935931
 844 -0.303292096 0.196322039 0.555984378 -0.533035159
 845 -0.722116590 -0.321906984 0.990366876 -0.528511763
 846 0.260582596 -0.257448226 0.920307517 -0.848413765
 847 -0.699499846 -0.340175450 0.504065931 -0.455043912
 848 -0.306473404 -1.12300944 -0.595706463 0.395856649
 849 0.174061880 -1.81633198 -0.573681712 -0.893146932
 850 -6.88632876E-02 -0.461298615 0.674406409 -0.440117776
 851 0.744869053 0.381359041 0.611040115 -0.837672353
 852 0.645518661 -0.748823345 0.260411710 -0.896263242
 853 5.61267473E-02 -0.152551591 -0.509371996 -0.665954709
 854 0.198846430 -0.281658530 0.272791624 -1.04965174
 855 0.852465570 -1.10650408 1.05789196 -0.605530560
 856 0.203971162 -0.646002591 -0.108457983 0.415321797
 857 1.01482689 -0.922751367 -0.661846340 -1.00233638
 858 -0.105277233 0.552580357 0.674463332 0.349503100
 859 0.977079034 -0.168170124 -0.716537535 -0.798241496
 860 1.36834979 -0.793007851 -4.61198837E-02 -0.550956905
 861 1.27331769 0.140890747 -0.937836051 -0.944129705
 862 0.130726144 -0.448368192 -2.53246725E-03 -0.517476857
 863 -1.27374637 -0.223452598 -0.866175413 -0.560914874
 864 1.18099034 0.262010276 -9.99652743E-02 0.941270649
 865 -0.312881231 -8.70858878E-02 -0.635156929 -0.816750646
 866 -1.09631550 -0.144706190 0.307071656 -0.527312160
 867 -0.546349883 -0.179044858 1.55448902 1.14874077
 868 0.208083436 0.666752100 -0.340912700 0.137863994
 869 -0.214633211 -0.287591934 -0.340433776 -1.03084636
 870 0.268880963 -0.961277008 -1.21819472 -0.616256356
 871 0.136532322 -1.40345871 -0.146787733 -0.554212749
 872 1.07924199 6.39491081E-02 -1.06802297 -0.698989987
 873 -0.414843142 0.423330128 0.492459536 0.155795306
 874 -9.88622084E-02 -0.621953249 -0.241278559 -0.438035667
 875 0.448236346 -1.48036289 -0.643438935 0.588552713
 876 1.16086435 -2.59768032E-02 0.262061000 0.539429069
 877 0.716053784 -0.166886672 0.482634783 -1.22867048
 878 0.269813031 -1.00447071 -0.199471772 -0.645684779
 879 0.378890991 6.44159019E-02 5.06679788E-02 0.551873803
 880 0.824735403 -0.316454053 -0.286310494 0.475114882
 881 0.102832235 -0.853654802 -0.764757991 -0.100239128
 882 1.61337280 -0.844196856 -8.22557509E-03 -1.01736307
 883 1.09360445 -0.900595069 0.667246580 -0.548996091
 884 0.497283429 -1.22698522 -0.633451343 -0.931937099
 885 1.29310596 -2.26512849E-02 0.438879609 -1.09983122
 886 -4.72495109E-02 0.107781544 0.765925467 -0.446687013
 887 0.206295058 -0.202727675 0.884902239 -0.466888905
 888 -0.141795591 5.62296808E-03 -0.263569295 -0.227979660
 889 0.107716776 0.256074935 0.369017035 -0.889141858
 890 0.734261394 -1.17113197 0.344397366 -0.311609119
 891 0.373922706 0.300610155 -0.739468038 7.35161304E-02
 892 -0.111024067 -0.402575672 0.855245590 0.584088922
 893 0.646987975 4.06305119E-02 0.304349601 -0.350396246
 894 0.397261202 0.470990449 0.322347999 -0.836344957
 895 1.38508832 -0.592729688 7.13587254E-02 -0.858420491
 896 -7.58210570E-02 -8.79926160E-02 -1.03767657 -0.448003083
 897 0.402205825 -0.159571379 -0.257762730 -1.01139414
 898 2.04794002 -0.827669084 -0.647364914 -0.670250297
 899 0.872100294 -0.203649580 0.176193967 0.336486310
 900 -1.43667364 -1.24931455 -5.76008484E-02 0.562757730
 901 0.458508193 -0.893854856 8.83218944E-02 0.186697602
 902 -0.570589423 -0.223456368 -1.03535914 -0.488126963
 903 0.726337314 -1.21342695 -1.06662440 -0.709169865
 904 0.263414353 -0.555588126 -0.159321904 -0.108470157
 905 0.655356526 -0.453849733 -0.448714316 -0.592563927
 906 0.436537951 -1.21293676 -1.03580213 -7.47930631E-02
 907 1.02665222 -0.273130834 -0.427115679 -0.837906778
 908 0.607658505 -0.349172443 -0.357739776 0.795922875
 909 -9.68807340E-02 -0.680994153 -0.268377692 -0.779682755
 910 -0.240250021 2.15046257E-02 -0.499029428 0.442724675
 911 0.360836565 -0.897400558 -0.661260545 1.31874359
 912 6.24443442E-02 -0.365854800 -0.909543693 -0.448465705
 913 -0.548261940 -0.132930130 -0.459451705 -0.746623278
 914 -0.383707523 -0.693312705 -1.86157376E-02 -0.636726260
 915 1.35002285E-02 -0.349691838 6.43653870E-02 -0.505398989
 916 0.650019050 0.618059635 0.565410614 -0.305802613
 917 1.10388279 -0.314536422 -0.836481214 -0.745595813
 918 0.407189280 0.597233713 0.571565449 -1.16452920
 919 9.61599350E-02 -2.17744559E-02 0.495157510 -2.18801796E-02
 920 0.172140718 9.19755548E-02 -0.217443705 -8.10190737E-02
 921 -9.12398547E-02 0.177250996 0.291814417 1.08174264
 922 0.767127693 -0.489734530 -0.234661564 -0.990226626
 923 -5.60793132E-02 -1.20556796 2.92596631E-02 -0.685483336
 924 0.484200746 -0.178816333 -0.561969697 -0.319261909
 925 -1.05002415 0.151374757 -0.547261238 1.48342824
 926 0.918790162 -0.346496701 -0.284483552 -0.505210221
 927 0.665124774 -0.543246508 0.187824577 0.343632609
 928 0.768019915 -0.493023872 0.118544310 0.896152973
 929 0.116337687 -0.977291465 1.16086936 -0.399483234
 930 -1.31061649 -5.79170361E-02 0.126144737 0.261725187
 931 0.435957193 -0.828232169 -0.680590034 -0.727648556
 932 1.28628552 -1.36980486 0.774691045 -0.724627018
 933 0.509188533 -1.06711531 -0.380986989 -0.955226541
 934 -0.285083622 -0.725817442 -0.119864240 0.112075090
 935 -0.427073807 -0.374411523 -0.774327874 -0.561352134
 936 9.25292522E-02 0.184581012 0.393527180 1.62148029E-02
 937 0.929305553 -0.793191552 0.928983271 0.270383745
 938 0.535678148 -0.799311876 0.363126189 0.575743854
 939 0.817681432 0.204854056 -0.145100862 -1.08181942
 940 0.313198566 -0.776699245 0.178295076 1.04922211
 941 0.389733493 -0.623603821 0.524620712 -1.04362345
 942 0.379215002 -0.489209443 -0.536288619 -0.485949636
 943 0.592019022 -0.263415664 0.509971559 0.398744851
 944 1.28370404 0.218301058 1.34972060 -0.928287089
 945 -0.461117715 -7.99165517E-02 -0.796300888 0.392048627
 946 0.129810810 4.88949716E-02 -0.698284268 -0.549381077
 947 0.891762555 -0.737893403 0.260010988 -1.00645435
 948 -0.503480673 0.355248600 3.13880593E-02 -0.799492717
 949 0.752632320 -0.485824823 -1.49951744 0.891717792
 950 -1.33156466 -0.404178977 0.680283904 -0.146849468
 951 1.27248609 -1.18779016 -0.984970093 1.08437300
 952 0.628453493 -0.679362953 -0.195404589 -0.442107946
 953 0.992921352 -0.370728642 -0.564890087 0.860029042
 954 0.947613239 -0.569312453 0.379475236 -1.24961472
 955 0.527673125 -1.37127280 0.230735153 -0.517791629
 956 0.258456171 7.29248747E-02 -1.03863847 -0.930597782
 957 -1.04608345 -0.562633574 -0.660039365 0.839844704
 958 0.518971026 -1.01169348 -0.769922316 0.163648203
 959 1.46792018 -1.31725168 -0.223541871 -0.640268028
 960 -0.615085483 -0.649932683 -6.02021888E-02 -0.567397892
 961 0.661157429 -1.19658101 0.231604844 -0.393280685
 962 -1.12343359 -0.402513027 -0.300942570 -0.540006340
 963 1.20598924 7.41958320E-02 0.656455994 -0.392875254
 964 0.714672267 -0.205977201 -8.72437954E-02 -0.892054498
 965 -7.52085075E-02 -0.940656960 0.328964680 0.365851492
 966 1.14563739 -6.96775690E-02 -6.48598820E-02 -0.934669793
 967 0.378328502 -0.465308964 -0.629076242 1.85083079
 968 -0.348388612 -1.70438811E-02 -0.118689187 -0.387194872
 969 0.618409157 -1.45113742 -0.612523496 -0.314264297
 970 -0.284488857 0.424638033 -1.04026949 -0.961860299
 971 0.445198238 -1.30803657 -0.668076456 -1.15921056
 972 1.31705594 0.238600016 -0.471604109 -0.439607739
 973 1.10416043 -0.524822593 0.163268581 0.655939281
 974 1.31796563 0.490003526 0.234334737 -1.18140221
 975 -1.43698967 0.521686792 -1.50609732 -0.365010291
 976 1.17931819 -0.668681443 0.294665664 -0.694378853
 977 0.750504673 -0.686501801 -0.814345837 -0.676726043
 978 1.32696557 -0.180291399 0.433452338 -0.415994674
 979 -1.05293095E-02 -0.358204365 -0.654432356 9.22771096E-02
 980 0.987101972 -0.698371351 -0.189349324 -1.05534410
 981 1.71111417 -0.921130180 -1.74798155 -8.30930099E-03
 982 0.210172817 -0.586542308 6.63942695E-02 0.360223114
 983 0.323847532 0.135129198 -0.200098261 -0.746800423
 984 0.271759093 -0.537378550 1.16757798 -0.430846334
 985 2.06947589 3.32052410E-02 -0.257400155 -0.640232861
 986 7.57981837E-02 -0.161788553 -1.40347219 -0.850210309
 987 2.53458118 -0.470205605 -1.45071316 -1.15363860
 988 -0.192090124 -0.387107104 1.14085364 -0.513894618
 989 -0.542284727 -0.511102259 0.249381661 -0.757853389
 990 1.57234943 -1.59738255 -1.23412323 -0.720923185
 991 0.266077787 -0.292491317 2.26602331E-03 9.01862383E-02
 992 0.716910779 -0.796352029 0.243156940 -0.845410228
 993 -0.789990425 -0.574694753 0.124741405 -0.386678815
 994 1.68950200 -0.394248724 -6.45849183E-02 -0.742269158
 995 0.284887969 -1.05595458 -0.419497967 -0.602922380
 996 -0.698134243 0.294589043 -0.466795653 -0.429076850
 997 -0.471616447 -0.182376683 8.84518474E-02 -0.199092045
 998 0.570864975 0.183895037 -0.439432859 -0.158048511
 999 1.11967599 -0.240608379 -0.646665215 -0.796215892
 1000 0.651239514 -0.105810329 -0.853190482 1.71011686
 1001 -0.325326443 -0.616016388 0.120563410 -0.628330350
 1002 1.95864379 -9.70863923E-02 0.768618643 -0.918744564
 1003 0.705037832 -1.28715169 -0.105899975 -0.860382617
 1004 -0.323876649 -0.665504396 -0.113552622 -0.603215933
 1005 -1.12450671 -1.48524046E-02 -0.225452662 0.218113184
 1006 9.09332857E-02 -0.242082655 -2.85201054E-02 -0.639316559
 1007 1.38360798 2.30335072E-02 -0.626066983 -0.558252990
 1008 -0.306081653 -0.301854223 0.434466630 0.735414088
 1009 1.30045629 -0.735037625 -0.104952514 -0.287781864
 1010 1.72931123 0.574364543 0.879806221 0.441687852
 1011 1.73754668 -1.37341928 0.314194471 -0.906481922
 1012 -0.373550296 -9.04113427E-02 -0.371232569 -0.819979668
 1013 0.160797581 -0.161495745 -9.18662474E-02 -0.841783166
 1014 -0.442173123 0.553558528 -0.119790554 -0.379212081
 1015 -0.304822981 -0.796045363 -0.193666652 -0.691515565
 1016 -0.609411836 -0.308617771 -0.174002215 -0.454584509
 1017 0.592260897 -0.650578439 -1.11809886 -0.469010770
 1018 0.366158336 -0.601100683 -0.333471775 -0.502952099
 1019 1.09040868 -0.972815096 0.224473134 -0.321488470
 1020 -0.252796561 0.461925983 -0.554132342 -0.526208520
 1021 0.274653494 0.208493799 0.662211120 -0.633901358
 1022 1.16616583 -0.666723728 -0.241957918 -0.434584647
 1023 -0.628736377 -0.115757242 -0.306294382 -0.432064921
 1024 0.532274902 -0.398395032 -0.768969715 0.623960614
 1025 1.42798316 -0.350886643 -0.452475846 -0.797175765
 1026 0.960663378 -0.173225522 1.63310021E-03 -0.748961806
 1027 0.658267796 -0.468697548 -0.469085515 -0.555629730
 1028 0.523949921 -2.10737419 -0.344726294 -0.492900074
 1029 -0.273999274 0.500654161 0.713611186 -0.759701550
 1030 0.492954135 -0.836985528 -6.06261939E-02 -0.609415293
 1031 0.857917666 -1.98049784 0.446165353 -0.704526424
 1032 -0.365238219 -0.807771564 0.234328523 -0.752574861
 1033 0.868361294 0.360976934 -0.505339026 -0.572913349
 1034 -1.48579431 1.98580515 -0.993698478 -0.105662033
 1035 -1.17179990 0.728799462 -1.78263247 0.252791375
 1036 -1.88080204 0.421352655 -2.03015828 0.318987519
 1037 -1.65426099 1.37358761 -1.97372186 0.738896728
 1038 -2.18909931 1.57970393 -1.09714496 0.134923801
 1039 -1.37517905 0.735868454 -1.40097475 0.302634358
 1040 -0.841815352 1.75498772 -0.570719600 4.01177257E-02
 1041 -1.52587378 2.60895658 -0.858097911 6.86421171E-02
 1042 -1.49844098 0.695291340 -1.53619647 0.103439353
 1043 -0.472334236 0.851961136 -2.43025708 0.204787478
 1044 -0.874728680 1.46526206 -0.713913321 -6.87514991E-02
 1045 -0.631652176 0.609323740 -1.14633179 -0.241434082
 1046 -1.23452663 1.70217252 -0.862592876 0.380467027
 1047 -0.947645664 1.98809803 -1.45816290 0.241283402
 1048 -1.86484969 1.15640497 -0.918105483 0.949613273
 1049 -1.55639899 2.35129905 -1.65947247 -7.83115327E-02
 1050 -1.52201331 0.988046587 -2.00893784 -3.47597301E-02
 1051 -1.26470518 2.22498846 -2.49303508 0.114535421
 1052 -1.92796993 1.38805532 -1.15877223 0.326301366
 1053 -2.07170129 1.09037244 -1.16614091 -0.258438438
 1054 -2.00388813 1.78799105 -2.07747984 0.207502201
 1055 -1.01741636 2.33549523 -1.50896537 -3.46364677E-02
 1056 -1.48043382 2.25108933 -2.00657487 0.162795514
 1057 -0.999680161 0.924732804 -0.800587296 -0.498982489
 1058 -1.94703388 0.709894538 -0.522464871 0.240759671
 1059 -0.674462199 0.676841080 -2.14458251 0.183280468
 1060 -9.29669589E-02 1.57775462 -1.49784958 -0.118159562
 1061 -0.172962964 1.83894169 -0.910505652 0.119639568
 1062 -0.503118575 1.19436169 -1.34054923 0.794672310
 1063 -0.159577504 1.45678103 -0.763508439 0.350369096
 1064 -1.04768395 1.18728781 -1.45384133 0.223978654
 1065 -2.21636176 1.26912570 -1.32926655 0.176784366
 1066 -1.49873805 0.718496382 -1.79611778 0.141128525
 1067 -0.949285030 1.08368444 -2.40259147 0.750698984
 1068 -1.39807653 2.37825012 -1.01362157 -3.67946513E-02
 1069 -1.68231010 1.45160413 -2.21614361 -9.75110754E-02
 1070 -0.554739594 1.65981317 -1.64333165 0.448714763
 1071 -1.58774698 2.05594349 -0.836972356 0.398193985
 1072 -2.10846114 1.56859636 -1.46118617 -0.319543064
 1073 -1.44953823 1.41623509 -1.56172395 7.57782012E-02
 1074 -1.93893659 1.20074272 -2.13386369 0.226460978
 1075 -1.14853609 1.95823610 -2.58517551 0.312843382
 1076 -1.77434683 1.66620159 -1.29345274 0.751939893
 1077 -2.60855293 2.22048163 -0.807429373 0.468706012
 1078 -1.38098156 1.01682127 -0.791528583 -0.131040290
 1079 -1.74208224 1.84702241 -0.393400490 0.786865056
 1080 -1.64092267 1.71143627 -1.49730420 -0.288676560
 1081 -1.00522757 1.66689992 -1.26650107 5.66409081E-02
 1082 -1.39223409 2.12507367 -0.943389356 -0.280847728
 1083 -1.38618910 0.764510095 -1.64317274 0.377422750
 1084 -1.62294269 0.838673353 -1.64284921 0.257532507
 1085 -1.03704560 1.00712597 -1.15823305 0.192321375
 1086 -2.46224046 2.36773753 -0.980029941 -0.276882231
 1087 -0.718508005 1.00340796 -0.841766059 8.39163363E-02
 1088 -2.03665328 2.45215416 -2.20764351 -4.21117097E-02
 1089 -1.15145314 1.02072024 -2.32005072 0.382285893
 1090 -1.33472729 1.37780142 -1.54966128 0.829705477
 1091 -2.08686304 1.42891085 -1.11086988 0.270507842
 1092 -1.50569355 0.550370455 -1.19335246 1.07521820
 1093 -0.841913044 2.46684623 -2.04025555 -5.29132932E-02
 1094 -1.47802043 2.15238285 -1.31569505 0.813622117
 1095 -0.936415970 1.92857623 -1.51952195 1.59850717E-02
 1096 -1.29060221 1.81019449 -1.71554017 0.213657230
 1097 -1.84841442 1.19493806 -1.88275290 6.55902922E-02
 1098 -0.910290539 2.19220901 -0.441476703 0.433099538
 1099 -0.330447376 1.51676202 -0.972221255 0.227324903
 1100 -0.990565479 1.70699358 -1.06958604 0.356181860
 1101 -1.63331866 2.10405016 -1.22904706 -0.160696372
 1102 -1.92348194 1.99331057 -0.468610644 0.597903848
 1103 -0.172602266 2.11596394 -1.89813685 -0.185442120
 1104 -0.209162340 1.49929750 -1.71500897 1.06615686
 1105 -1.11049879 2.11014056 -1.34391189 -1.09387562E-04
 1106 -1.87856317 1.34572756 -1.16561949 -0.178839326
 1107 -2.63781846E-02 2.45019603 -1.64631414 0.738356650
 1108 -1.05929923 2.65800643 -1.87291563 0.188839644
 1109 -1.48541164 2.40392494 -1.93307805 0.399396479
 1110 -1.08707035 2.23693514 -1.64702380 0.775738001
 1111 -1.93339241 1.99235284 -1.70398998 0.737016797
 1112 -1.72931063 2.14257479 -0.649317563 0.486043155
 1113 -1.42740226 2.07951903 -1.78782547 0.156114131
 1114 -1.39019406 1.67736363 -1.35225391 -0.122467674
 1115 -2.35355711 1.21620834 -1.76452267 9.01908726E-02
 1116 -2.25683308 1.97098112 -0.919378161 -0.108139426
 1117 -2.12263870 2.51852775 -0.961824715 0.308113039
 1118 -1.36210823 1.42255890 -1.77145696 0.552196264
 1119 -0.807790875 2.10513520 -1.87826729 -0.258789897
 1120 -1.10746431 1.26436758 -1.36132514 0.393957824
 1121 -0.654254735 1.20544314 -2.64223194 0.294812948
 1122 -1.44219065 1.51593924 -2.07698894 1.68935061
 1123 -0.307811171 2.54095149 -2.31621099 0.279242694
 1124 -0.492522597 1.41472900 -1.14454079 4.89456803E-02
 1125 -0.903692245 1.76472127 -1.48070431 0.395997345
 1126 -2.55729413 1.66521454 -1.15402007 0.540783226
 1127 -1.12687743 1.68977547 -1.54085863 0.651295781
 1128 -2.19816685 1.52389884 -0.485080779 0.590058744
 1129 -2.64021516 2.03179479 -1.67241168 0.367787361
 1130 -2.61978698 2.22836900 -1.55611885 0.385945767
 1131 -1.46962953 1.75608778 -1.02128541 -0.123207487
 1132 -1.43265963 0.289881825 -1.83449173 0.136297464
 1133 -1.75581503 1.62013137 -1.40879631 0.308187485
 1134 -2.46647024 1.96297646 -1.76162195 0.338940442
 1135 -1.58934414 1.78100479 -1.63501441 0.183682397
 1136 -1.29053080 1.19310260 -1.63596916 0.741326928
 1137 -2.31036735 2.07336998 -1.29111791 -1.37292622E-02
 1138 -2.03645182 1.93686056 -1.18476880 0.260743320
 1139 -2.39938807 0.466162235 2.19893789 0.880297959
 1140 -2.58769345 1.46277201 2.22050762 1.89284170
 1141 -2.23322463 2.54543066 2.18436527 2.87333512
 1142 0.164823741 2.01390910 1.98334908 1.98391974
 1143 -1.88388193 2.40808511 0.551218748 1.97637832
 1144 -2.16268802 1.18889248 1.35132897 1.82346535
 1145 -0.774429321 1.79451501 3.23745990 2.94228911
 1146 -0.679415643 1.55722344 2.18193030 1.87159216
 1147 -1.18419528 1.66715431 1.86699069 2.00976181
 1148 -1.77989113 1.39864159 1.47559452 2.08801818
 1149 -1.80099440 1.05914712 2.08002067 3.01243711
 1150 -2.49240541 2.12922025 1.17148972 2.17109251
 1151 -0.492507577 2.00204229 2.48470998 1.73420191
 1152 -1.70097136 1.46973360 1.93842351 1.80499685
 1153 -2.11405826 2.04223371 0.529638946 1.87614453
 1154 -2.17219448 1.66027260 1.68864822 1.75584435
 1155 -1.07339561 1.68394446 3.45530963 1.82874751
 1156 -1.53138077 1.92673957 2.85894847 3.15007925
 1157 -2.43083572 1.37718499 1.17627215 1.74906230
 1158 -2.02487302 1.79294360 2.59337616 1.80000198
 1159 -0.623576760 2.02702880 1.68975556 2.10599041
 1160 -1.43819571 1.32137108 2.46727562 1.83010578
 1161 -0.456626356 1.67814016 1.40033543 2.11194992
 1162 -2.36344385 2.25303841 1.99691832 2.11367011
 1163 -1.05066895 1.29139411 3.32583666 1.77996612
 1164 -1.96635592 2.00975275 0.953501582 1.15039778
 1165 -1.82552099 1.24511194 2.70730162 2.86906219
 1166 -1.10543072 1.71847117 1.95078516 0.977255762
 1167 -1.43432665 1.72029650 1.85655892 2.07107043
 1168 -1.05881190 1.71821451 2.76421881 1.05990767
 1169 -1.72269917 2.42802501 0.435006708 3.67254138
 1170 -1.79903340 2.01893878 2.99671435 2.79386473
 1171 -2.02184415 2.32188964 1.43545794 1.98018241
 1172 -1.14117336 0.828689098 2.52660966 1.20863700
 1173 -1.47814989 1.52962136 2.76834583 2.86145091
 1174 -1.09954762 1.25303161 2.35373473 0.992104709
 1175 -1.49336314 1.24492407 0.871985435 1.67261040
 1176 -2.36612558 2.51617980 0.354866296 2.05393815
 1177 -1.58030069 1.10853708 1.64479756 2.49057841
 1178 -1.16786289 2.06285095 1.12864816 2.47022796
 1179 -2.13885975 1.76013803 1.52606118 3.01819634
 1180 -1.27230871 1.53211236 1.76497722 2.71181679
 1181 -1.72030330 1.82310891 0.892716467 2.70012951
 1182 -1.57696807 1.30359030 2.13456488 3.03392363
 1183 -1.59908545 1.38004518 1.90543926 3.01283979
 1184 -1.40158319 1.84912109 1.10114837 1.90546525
 1185 -1.98627710 2.09949327 1.20533669 3.60148835
 1186 -0.975702941 1.43855810 3.13049555 2.83318615
 1187 -1.20825446 1.44094276 0.781147957 2.84237599
 1188 -0.896312177 1.23487329 1.97763300 1.08423090
 1189 -1.59686768 1.34177136 1.69449174 3.40713763
 1190 -1.43654239 1.94652200 2.25438929 1.98399019
 1191 -0.965011120 1.70359361 1.88464367 1.43661880
 1192 -2.73209143 2.19499111 0.330195516 1.75409269
 1193 -0.719854832 2.64645624 1.25809264 1.70000231
 1194 -1.40122581 0.925081372 1.68378246 1.14897215
 1195 -2.45998740 2.50762510 1.50067914 1.69669402
 1196 -2.16367030 1.65161085 1.43455458 1.88889611
 1197 -1.33075166 0.838179946 0.798707187 2.05345082
 1198 -1.80518258 2.09117293 1.87518549 3.54465938
 1199 -1.50427604 2.43261862 1.30740523 2.79153323
 1200 -1.35691404 2.08019042 0.811789334 2.06031704
 1201 -1.15358984 1.75336957 1.38974035 2.03623056
 1202 -2.63406467 2.31461644 0.915494084 1.11047065
 1203 -2.08296561 1.99735296 0.788412988 1.22599185
 1204 -1.81674719 1.34856153 1.60799623 2.20836473
 1205 -2.35899377 1.77724195 1.12650657 0.888733923
 1206 -1.42081881 2.89722943 0.551282406 1.76084805
 1207 -0.777660787 1.78978789 1.10316730 1.95031142
 1208 -2.48541856 1.11459494 2.44044638 2.83254504
 1209 -2.60848618 2.27846217 0.436218172 1.88710070
 1210 -1.34718013 1.98975563 2.80469942 3.90239596
 1211 -1.37187982 2.06525373 1.97252226 3.12153602
 1212 -2.06736040 1.65920496 1.73941922 0.983658195
 1213 -1.53374982 1.32615030 0.914880633 1.89917195
 1214 -1.52272832 2.48967719 1.34571564 1.81849277
 1215 -1.10924006 1.50981927 1.61554861 3.46866345
 1216 -1.35078466 2.05253196 0.450294137 1.73862100
 1217 -2.09036946 1.44533408 2.40638089 2.68612170
 1218 -0.549146354 1.56975436 1.82206750 3.60984492
 1219 -1.15233457 1.14224386 1.67527604 1.98845708
 1220 -2.12764740 1.75905931 1.45566738 2.88656497
 1221 -2.08420610 2.03625464 1.05421102 3.14735913
 1222 -1.07154834 2.45439959 2.00777531 2.10421777
 1223 -1.31991589 2.97347593 2.14592028 2.72001028
 1224 -1.78665555 1.75507283 1.74585545 1.79160893
 1225 -2.40803909 1.88418949 1.64850843 3.78326774
 1226 -1.81927240 2.38267851 1.64069080 2.91551685
 1227 -2.28016400 2.10156941 3.81745175E-02 1.18699074
 1228 -1.17068565 1.18906057 0.430928946 2.64905381
 1229 -1.36448944 0.951863706 1.81403375 2.98893595
 1230 -2.37854600 1.38801467 1.56984830 2.85448623
 1231 -1.18786085 2.62509847 1.94913626 1.92637753
 1232 -1.51750612 2.37197638 1.12890768 2.92832208
 1233 -1.39578927 3.14142895 2.17147708 1.79335856
 1234 -1.55342555 1.41771972 2.30794048 1.93398809
 1235 -0.606337190 2.41404128 2.12890553 2.77968621
 1236 -0.888035119 1.32690024 2.69232821 2.93097734
 1237 -1.40149128 2.04971123 1.88362527 1.95044708
 1238 -1.76079440 1.35957909 1.64144325 2.91998148
 1239 -1.33819664 0.694360256 2.32995963 1.84511089
 1240 -0.934168994 2.29080057 2.57694030 2.14083934
 1241 -1.83892882 2.01080680 1.48389065 2.79853773
 1242 -0.176721588 1.99450576 1.18383336 2.15052128
 1243 -1.50650907 2.44385219 1.25775707 2.97402620
 1244 -2.43993211 1.94531846 0.949509501 3.02956796
 1245 -0.354691565 1.84006059 2.34547448 1.27740920
 1246 -1.44018710 1.91830885 1.85626936 2.87919354
 1247 -0.140327781 1.41979945 2.51682353 1.85174394
 1248 -1.60144436 1.70037401 2.29747534 1.60311246
 1249 -0.801344633 1.35011852 1.34323299 2.62096691
 1250 -1.09675562 1.24707961 2.38716984 1.97958016
 1251 -1.84145832 1.59102488 0.619266450 0.955340743
 1252 -1.26879537 0.978073299 0.987626493 1.06652594
 1253 -0.785056174 1.90502596 0.634381711 1.00158572
 1254 -0.839638531 1.28124332 0.862072527 1.97566938
 1255 -1.00464070 1.47676849 0.126561344 2.18865848
 1256 -2.20461941 2.03926158 1.69330513 2.00582886
 1257 -1.89442885 1.03460741 1.48520827 2.48088193
 1258 -1.96893096 2.08676839 2.82224417 1.82661307
 1259 -1.38148391 1.82568192 2.07668853 2.15883064
 1260 -1.75244761 1.19898856 1.91955900 2.94834757
 1261 -1.67578864 1.39414203 1.72836304 1.08612692
 1262 -2.05545330 1.73446846 0.834956527 2.19457555
 1263 -1.20207083 1.72685587 2.19774175 3.02314615
 1264 -1.26774478 1.92339861 0.728027344 2.63784742
 1265 -1.78462589 2.11789894 1.55626273 2.74292445
 1266 -1.76021206 1.91721976 1.79571533 3.01642275
 1267 -0.974611878 1.88505542 1.76228261 0.897862256
 1268 -1.68707693 2.16531944 2.74865985 2.65196729
 1269 -1.59183383 1.09684825 1.91377544 1.93369877
 1270 -1.84249997 1.61401916 2.45531774 2.99279785
 1271 -0.764986694 1.88025296 3.76988840 3.01336432
 1272 -1.27161527 1.94442761 2.22878051 2.11662197
 1273 -1.32801127 1.76376796 0.546106935 0.994734287
 1274 -1.31067705 2.41778207 2.34855247 2.92897916
 1275 -2.29414058 1.94575846 2.37352324 3.47316599
 1276 -1.11961508 2.92207909 1.79438114 1.07720494
 1277 -1.06128585 2.52237320 1.06971240 2.16824126
 1278 -2.28494596 2.47529840 2.62416911 2.87834764
 1279 -2.41940260 1.83362722 1.62025964 2.82025361
 1280 -1.70870936 0.812695265 1.87463140 1.97878325
 1281 -0.793032050 1.48008275 1.72937071 2.64788413
 1282 -1.65227604 1.14182353 2.09028053 2.55328083
 1283 -1.13838792 2.47412038 1.97914171 2.90610695
 1284 -2.57123685 2.21239424 3.29448867 2.97242856
 1285 -1.32504070 1.81328011 1.42714834 2.83672857
