 1 -0.704952955 0.536810338 1.88287497 1.11325741
 2 0.707627892 -0.462465584 1.04802179 4.67683673E-02
 3 -0.363719314 1.03448570 1.43515527 0.348484725
 4 1.60720038 0.136988372 0.937667251 -1.06274664
 5 0.783682108 -0.314325482 -0.215768337 -3.07349265E-02
 6 0.760888696 -1.61691236 2.05804348 -8.30297023E-02
 7 -0.752773345 -0.353151739 -0.461396545 -1.01379561
 8 0.878731489 -2.35505080 0.489404619 0.107136376
 9 0.771163523 -1.76548970 1.57777798 -1.54682517
 10 0.796576798 -1.36750245 0.474876404 -2.26616287
 11 2.43285227 -1.69703794 1.33126163 -1.48937201
 12 -5.65262288E-02 -1.14349866 0.896335065 -0.524650872
 13 0.147856146 -1.19334733 3.03471349E-02 -1.00765538
 14 1.91966736 -1.74944150 1.36963212 0.339400887
 15 -0.719271958 -0.680318236 -0.883457124 -1.09672129
 16 -7.50491768E-03 -0.729647756 0.746975839 -0.683801174
 17 -0.404762983 -0.468310356 -0.685120225 -1.70432830
 18 -1.20481992 1.50804269 -0.629563332 -1.31382895
 19 -0.302415550 -1.02524710 1.66502380 -0.823537886
 20 0.167014480 -1.45062995 1.53071594 -1.10176146
 21 1.02221179 -0.867735147 0.386075735 -0.598056793
 22 0.912804186 0.717707694 0.539114475 1.20972121
 23 0.772896945 -0.892558277 0.890668511 -1.73933363
 24 -2.54768729E-02 -0.434842825 0.596061647 1.29606652
 25 -0.661145031 0.555147767 0.610586643 1.36878836
 26 -0.301538587 -1.24384761 -0.602115989 -1.37229896
 27 0.516641140 0.364604026 -6.25467598E-02 0.956629992
 28 -0.446413219 -1.33496547 0.166985810 -1.06868446E-02
 29 -0.429542124 -1.29174519 0.881243348 2.62174532E-02
 30 1.36997497 0.246609747 1.50283766 1.23298836
 31 -0.112073898 -0.372365594 -0.481918275 0.419347227
 32 3.11443657E-02 2.08740425 -0.504230499 1.15574777
 33 -2.31634080E-02 -1.84822094 0.543267310 -1.10362053
 34 2.39402604 -0.361427099 -0.820945978 -1.18175423
 35 0.742224514 0.898728073 0.946793914 0.964120150
 36 0.154651776 0.898762941 0.994849682 0.935501814
 37 -0.187175289 0.430496156 0.426715255 -0.501390278
 38 1.11723137 0.350278437 1.80069590 -0.195112035
 39 -0.172541752 -0.695090711 0.986673653 0.230696723
 40 0.703929842 -0.605523705 0.808412552 1.44524062
 41 -1.75684011 1.00190771 0.991135240 -0.548828721
 42 -0.872663856 0.266905010 0.748636246 1.84828568
 43 0.901001096 -1.06779408 -0.115611650 1.05968046
 44 -0.101701826 4.77269888E-02 -3.79841924E-02 4.94056046E-02
 45 -0.166550875 1.01299047 1.23476994 1.66416836
 46 -0.916326761 0.205323011 1.57641327 -0.203083664
 47 -1.07819843 -0.797300100 2.53979588 1.65950072
 48 -8.67669284E-02 1.80693150 -0.524899125 0.829479158
 49 -0.613848090 1.74076641 -1.51038611 1.14589298
 50 0.449660778 0.136514932 0.733593524 0.246751755
 51 -0.536493301 1.65356839 -0.372859120 5.14241755E-02
 52 -1.28370571 0.547395110 -0.330287039 -0.174030617
 53 1.17221570 1.67799103 0.428490281 -0.105424911
 54 -0.981429338 2.04704499 -0.411127687 -1.32659364
 55 -0.191793516 -1.54713178 1.90702331 -0.855308831
 56 -1.22489905 -2.71342564 1.26460576 0.354214579
 57 2.14152479 -1.35998726 1.84810352 -0.546605170
 58 -0.311874926 -0.995299697 -0.296289802 0.270309448
 59 0.878629804 -9.83616803E-03 -0.826008260 1.84983921
 60 -0.654634356 0.994032085 0.230179489 0.363363802
 61 0.507507741 0.416595280 0.419292241 0.364122570
 62 -0.362962186 0.618483424 1.23702288 1.56611371
 63 -0.776373029 0.510832369 0.878146350 1.34599149
 64 -0.853500605 -1.28884828 0.189461678 1.23344612
 65 2.55611086 -2.06437731 -0.724395931 -4.17445004E-02
 66 0.804813862 -0.551488340 -0.314351588 1.52909040
 67 -0.227928042 -0.864982843 -0.433250874 -6.59829080E-02
 68 0.559725642 -0.535112917 0.946024358 -0.472305477
 69 -2.67120790 1.74498570 -0.745457709 -0.637290597
 70 0.478861868 0.226603612 -6.76004812E-02 1.51850009
 71 -0.207859591 0.784782231 -1.22682536 -1.00488663E-02
 72 0.527908683 -0.189655453 -1.04745018 1.40338397
 73 -0.562606156 0.708739519 -0.365181595 -1.31879258
 74 -5.60243195E-03 0.520867288 -2.27145600 0.152922705
 75 -9.18742120E-02 -0.747259557 0.595386982 1.44594407
 76 0.365767479 -0.848149180 9.70504284E-02 0.233111069
 77 -0.509256899 0.355667233 0.878258944 0.565378308
 78 -0.971797109 -1.31053019 -0.245787233 0.306823254
 79 1.28865743 -0.155745447 1.20796871 -0.299360424
 80 1.48017967 -0.838096261 0.239753544 -1.64730287
 81 9.24036056E-02 -1.57944155 2.19674921 1.27705264
 82 -0.889730573 -6.67743087E-02 8.39356780E-02 0.428425848
 83 -0.777813077 0.353410244 0.405394793 -0.474322021
 84 0.277148008 -0.398854822 -0.671391606 0.193439275
 85 0.727768481 0.444672644 -1.00400233 1.35687816
 86 0.864458919 0.302268714 -1.62590170 -1.01304889
 87 0.369254291 -1.34613526 -0.305503607 -1.37814295
 88 -3.10572624 0.344840705 -1.09415007 -0.117629141
 89 -1.21493411 -0.181247815 0.195587397 7.85958767E-02
 90 1.49026060 0.323873818 1.19872499 -2.87730079E-02
 91 0.372164547 -0.155645907 -0.340396792 0.275241852
 92 -1.35466307E-02 -1.27587426 -0.527950644 -0.229962811
 93 -0.793272197 0.637898624 -0.781185865 1.46754098
 94 0.982682526 0.694407642 -0.352424771 0.228938445
 95 1.91994607 -0.926923633 1.04702616 -0.698367953
 96 7.52201378E-02 1.22125673 1.72951412 1.23413908
 97 1.58606243 1.02089655 -0.239796028 0.774046183
 98 1.81250215 -0.104565829 1.63513899 0.740546227
 99 1.18168485 -0.142680526 -0.325897574 -0.339244962
 100 -0.875487089 -0.165824771 1.12518501 1.38174844
 101 -0.243972912 1.38850522 -0.898048878 -0.741436541
 102 0.158139452 -0.123149671 0.263625503 1.55354095
 103 -1.48138320 -5.65063432E-02 0.980440438 1.50559473
 104 0.365458548 -0.292644352 -1.26789463 -1.05727708
 105 -1.04520643 -0.857634783 -0.611460567 -0.347686350
 106 -1.37384999 0.110071316 1.16615844 8.04627687E-03
 107 -0.410145730 -2.12452936 1.44623375 -1.31585741
 108 -0.158139288 0.887778699 -0.554097652 -0.338373303
 109 2.22240376 1.10233557 -0.111401916 1.33136201
 110 1.38800371 -0.563206911 0.285152078 0.267263293
 111 -0.468663096 1.50613749 1.50644028 1.47401822
 112 2.96768993E-02 1.00853658 1.49937332 1.23741388
 113 2.44717479 -0.738613367 0.281497747 1.61452854
 114 -0.469974875 -0.455262452 2.04061437 -1.54742289
 115 -0.192385897 0.656063080 -1.48581398 1.09946811
 116 -0.212142825 -1.29141295 1.27969158 1.50046182
 117 -0.811621666 -0.859103918 -1.89178967 3.16285193E-02
 118 -2.09920812 -0.180420503 1.84048855 0.387426615
 119 -0.326315373 -0.311519146 -2.91400403E-02 1.04801559
 120 -1.22609019 -1.37911880 0.464940548 -3.26150954E-02
 121 0.604393899 -0.175087705 -0.578523517 0.140178829
 122 -1.64793587 0.499555796 1.30940199 1.02140212
 123 -0.257223696 -0.733017981 0.903320849 4.59637195E-02
 124 -0.116203308 -0.111085877 0.759374022 -0.273514688
 125 -0.579249799 0.313198447 0.479588211 1.37134278
 126 0.134503424 1.47757852 -4.11023498E-02 1.27929533
 127 0.725683808 -1.67349088 -0.544887185 1.46119750
 128 2.10707545 -2.18182540 -0.884042025 0.266892642
 129 -0.843157411 1.33399534 -0.173762128 9.66070443E-02
 130 0.312079132 1.47054040 0.620539308 1.16092730
 131 1.55134857 -0.286543250 -1.54050183 7.09577352E-02
 132 -0.196651414 -1.03418708 0.223912627 -1.18756294
 133 0.924150944 -1.25234914 -8.72023702E-02 -0.394000292
 134 -2.46735883 -0.176256537 -8.03888142E-02 -1.09020245
 135 -0.886904716 -1.48966455 -0.679444373 0.873232484
 136 1.30097890 1.02482271 0.898923814 -0.461772054
 137 0.364820689 -0.745343566 0.732675076 -1.54741192
 138 -1.26589346 -0.573592424 0.462322891 0.713078678
 139 1.17216897 -1.01195602E-02 0.538812339 0.559558511
 140 -1.99761844 0.581479490 -0.160252407 1.49717665
 141 -1.44170558 0.419665962 1.72792196 8.25601518E-02
 142 -2.00956249 0.510434330 2.40760922 -0.873169363
 143 1.63199234 1.34509015 1.65486717 1.65681148
 144 -0.368904263 -6.54199794E-02 1.01424158 -0.204598740
 145 -0.739131808 0.780245900 -0.822020054 -9.10156369E-02
 146 -1.13247645 1.04898667 0.281211942 6.33165240E-03
 147 0.995988011 -0.450926930 0.554177284 1.08647823
 148 0.581043243 9.55819339E-02 1.17750251 1.49630094
 149 -1.58905697 0.170482293 0.179407030 -0.166172981
 150 -0.213602915 0.853357017 0.152815029 0.732024789
 151 -2.08464336 0.723618388 -0.250036985 -0.754186511
 152 -2.05665851 -0.485034376 0.626990914 0.254193485
 153 -0.398695886 1.23657179 1.24632001 1.47024834
 154 0.143320322 -0.386976391 -7.32298493E-02 1.76538455
 155 -1.65155518 -0.732362986 -0.160862491 -0.279973567
 156 0.971066058 -2.57288241 2.09173751 0.317700654
 157 0.719688118 -1.04845405 0.869765878 -0.247245938
 158 -4.23739552E-02 -0.379800856 1.73348093 -0.601249039
 159 1.59528792 1.30995870 0.358070761 0.657481670
 160 0.836382985 -3.77027839E-02 7.63059556E-02 0.885394812
 161 0.737344503 -1.32402396 0.290030777 4.45529968E-02
 162 -7.99989626E-02 -0.757882953 0.493395001 1.33482790
 163 0.276340991 2.34251499 -0.531786680 1.46199083
 164 -0.539235890 2.27567339 1.37702823 0.760596097
 165 -1.21266317 1.96109271 -0.923090875 0.394052863
 166 -0.968319416 1.71823525 -0.707876444 1.23521423
 167 -0.534699261 -0.225029424 0.572796702 1.20819592
 168 -0.813654780 0.647788882 0.273533911 1.45671368
 169 0.220270202 0.252822280 -0.118679985 -0.611231685
 170 0.353571177 2.81479645 -0.439097285 1.16684115
 171 0.778620362 0.555079222 -0.995522618 0.625727177
 172 -2.71516228 -0.507538438 1.56392992 -0.921929538
 173 1.62081802 -0.508129418 -8.18578899E-03 0.854483843
 174 0.496413916 0.661671817 -1.52871585 1.02329898
 175 0.587742269 -6.63710535E-02 -0.977420926 0.363549590
 176 -1.39093816 0.840727568 0.640160143 -0.216469452
 177 -0.430532634 4.28866558E-02 -1.76816821 0.432483256
 178 1.55680978 -8.32474232E-03 0.387064219 0.338686824
 179 -2.28608084 -0.132092625 -3.90954167E-02 0.109023668
 180 0.127634317 1.56850672 -2.04574168E-02 0.243983880
 181 -0.174700275 0.113437861 1.62352002 0.131653428
 182 0.490970522 1.04563725 -0.213633686 1.08945870
 183 -0.601244926 0.114885300 1.20548487 0.160533905
 184 0.634191990 1.83327007 -0.584469736 1.15682137
 185 0.464123726 -0.499361455 0.759402812 -1.36473179
 186 -1.42624319 0.231695920 -2.54328394 -1.59218907E-02
 187 -0.217685252 3.26377749 -1.54093313 9.88623351E-02
 188 0.880406082 -0.301978588 0.803750515 0.622859597
 189 2.14767933 -2.35828876 0.953105986 0.211685896
 190 -0.974921048 1.78373742 0.979815722 0.922436655
 191 -2.75187016 -0.895157158 0.873972297 -1.06737328
 192 -1.91680324 -0.985472322 -1.42293966 -0.405952424
 193 -0.964285731 -0.455872536 -1.89311385 3.27451751E-02
 194 -0.799878538 -1.83232093 -1.24734080 0.216774449
 195 1.46440828 -0.328407526 -0.499998003 -0.986628890
 196 0.555225253 1.61111248 -0.261823177 0.179492235
 197 -0.271136612 -0.803683758 -0.555542707 0.323616087
 198 0.932528794 -1.59013271 -2.09823799 9.25799981E-02
 199 -0.451043516 0.470286965 1.43908560 0.583671093
 200 -0.592612445 -0.367257714 1.74420917 0.319971353
 201 0.402044684 -0.182933614 0.560351431 0.431209922
 202 0.963092685 -0.972074151 -1.36323720E-02 1.40943837
 203 0.879643202 -1.34274673 2.50333524 -0.526238263
 204 1.21731305 0.117417157 1.20794988 0.167664543
 205 0.524086952 6.03352115E-02 0.146054745 0.122667462
 206 0.694384515 0.736650765 -8.65478814E-02 1.15143704
 207 -0.450135857 0.999802113 -0.796788633 1.06534195
 208 2.37519288 -0.790474772 0.904099524 1.43146503
 209 0.845655560 -2.97069028E-02 0.197680026 0.875429034
 210 -1.09910250 2.33115387 -0.345806390 1.50643873
 211 0.709592819 -1.71717167 0.562588155 0.478315532
 212 -3.43503654E-02 0.482666373 1.40737760 0.132774696
 213 -1.65975392 -5.06963730E-02 2.13575411 -0.210102394
 214 1.80839467 7.98381120E-02 -0.454116404 1.27083385
 215 -0.241246283 -0.287647754 1.18541086 0.348686695
 216 -1.76168013 -0.518106043 -1.65327024 -0.463228524
 217 -1.50353765 -0.864306927 -2.24544555E-02 1.34064078
 218 1.82179904 -1.77178401E-02 1.23632681 1.76205778
 219 5.04392236E-02 -0.264870167 1.75530827 1.27578247
 220 0.273746133 -0.427437395 1.22917044 0.985434175
 221 -0.817140222 -0.917424202 0.340736359 1.47375309
 222 0.952575743 -1.04508948 -9.54130888E-02 1.21119320
 223 1.75810432 1.27186328E-02 -0.292893201 -0.183573782
 224 3.42962444E-02 0.510661662 -0.221252114 1.37855053
 225 0.505351484 -0.714873791 1.95051134E-02 -2.35678673
 226 2.88342834 -2.14686632 1.13100028 1.43942809
 227 -0.738482296 -0.514960706 1.27456427 1.60841012
 228 1.27732825 0.308663964 1.92290628 1.38841760
 229 -0.193708912 -0.465115696 0.473160654 -0.384240329
 230 -0.701598883 1.97277832 -0.885483801 -1.10551620
 231 -1.35509038 0.265145630 2.19501758 1.31819999
 232 0.141824365 0.153509021 -1.35506129 1.12371039
 233 0.909718335 -1.34026384 0.654170811 0.173038676
 234 1.91034985 0.459678948 -0.658234298 -5.98283112E-03
 235 -2.44539142 2.21355534 0.478682697 -0.969544411
 236 1.52564621 -1.81115031 1.55253148 1.70429611
 237 -0.776005507 0.596913755 -1.88174808 1.10937166
 238 -0.944525719 -0.404836655 0.747045159 -0.161585256
 239 0.756719232 -1.21830130 1.11300635 -1.92499459E-02
 240 0.904640317 0.255750716 -0.152338907 1.14953291
 241 -1.20383370 0.931342006 -0.372968048 1.72895873
 242 0.531671226 -1.27016735 1.55895829 0.272862643
 243 -0.532382309 -0.834485590 -0.154437393 0.590140939
 244 -1.25118196 0.709565520 1.15233290 1.54899871
 245 0.479082704 -1.01846373 -0.100701891 1.47055590
 246 -0.368919522 -0.291490883 -0.396262050 -1.67622530
 247 -0.565117002 2.62237239 -0.344552487 -1.26892567
 248 0.362168312 -0.370065242 0.259207517 0.856601775
 249 0.518437922 -1.18777466 -0.813812613 -0.242274702
 250 0.196676418 1.27330852 0.699235201 -0.213437214
 251 -0.274995953 -2.27607369 -0.886324286 -6.56569302E-02
 252 -1.52025867 2.18443680 -0.983245969 -0.420440495
 253 3.25994194E-03 4.36664671E-02 0.866849303 1.74746406
 254 1.36100352E-02 0.690748334 2.19090152 1.08285046
 255 0.228945792 2.51370025 -1.48426783 -0.577641726
 256 0.211302370 -0.620657921 1.39462173 1.37401581
 257 0.157245204 1.45841944 -1.90789402 -1.44552815
 258 -0.692299783 1.10299397 -1.98246646 -1.40896630
 259 0.760190785 1.39102459 -0.189610228 0.243721008
 260 1.70346284 -1.35457301 -0.538373768 1.77762651
 261 0.978391290 -0.913643181 0.664231658 -1.95713353
 262 1.17782688 -1.70118535 0.650545597 1.28901660
 263 -0.756282926 0.242841005 -1.26236582 -1.16837907
 264 1.05771971 1.30645263 -2.29866207E-02 0.212713420
 265 0.274749875 0.179498956 0.390106291 -0.281036198
 266 1.14448678 0.703038514 -2.70749927E-02 1.45106590
 267 0.101830155 0.366859436 -0.637213051 0.336722136
 268 -1.07171798 0.322841197 1.04449439 1.69465840E-02
 269 -0.322214305 -0.232440144 -0.298914492 1.41530144
 270 -1.44999397 0.668365717 0.617795646 1.19324684
 271 -0.245662183 0.660084248 0.602230549 1.48371017
 272 0.171512231 1.65251350 -3.37916315E-02 0.481364608
 273 0.519128442 -0.608641267 1.22483790 -1.54698491
 274 -0.807042360 -0.690477908 1.02194905 1.52746224
 275 -1.04988444 1.28673601 -0.239341527 0.118190706
 276 0.110063039 -0.802254915 1.69397235 0.169707060
 277 0.441444218 -0.636093616 0.769757152 0.312806129
 278 0.625860453 -0.910185933 0.319698334 1.30931568
 279 5.58061600E-02 -1.23936951 2.21100855 0.433550358
 280 -1.27132714 -1.40203309 1.23825788 -0.960329175
 281 -0.856537819 -0.628826976 -0.360775352 -0.819964170
 282 1.84892333 -0.750472665 1.50133193 1.16678512
 283 -9.59433019E-02 -0.618399143 -1.69002163 0.167006910
 284 -7.00171217E-02 0.461375803 0.666218281 1.39802098
 285 0.442647666 -1.14613020 2.55305505 -4.67291623E-02
 286 -2.33299518 2.54741216 -0.928184927 0.160101861
 287 1.66361976 -6.61721081E-02 -0.148774892 1.92509031
 288 1.17766964 -0.767622292 1.02933764 0.549638391
 289 -1.00662947 -0.235877767 -0.352984816 0.474188626
 290 -1.28990889 0.966596365 0.747516870 0.341026843
 291 1.57605064 -0.582589746 1.35437608 1.87025583
 292 0.140186682 1.49440801 -0.534159780 1.22591925
 293 0.838669896 -0.558230221 1.18483996 1.22490990
 294 -9.42916423E-02 -0.295192719 0.555243134 -5.32632470E-02
 295 0.510297298 -0.871550977 2.21556234 -1.07783151
 296 1.59117091 9.94185507E-02 0.893846869 -0.389480144
 297 -0.297956139 -0.743995309 0.729092956 -1.50001633
 298 -0.257539272 -1.01462722 -0.854475439 0.174692318
 299 1.35746920 -1.09386122 0.266004503 0.137815654
 300 -0.800723910 1.77583885 7.33321980E-02 0.172942698
 301 -7.07988963E-02 0.332589597 -1.14629984 1.37789762
 302 -0.537191153 0.696827114 -0.871127546 1.18448734
 303 -0.859393179 -0.689370096 0.990629196 -1.07220900
 304 -0.551182449 -0.982829034 0.352745622 -0.976649106
 305 -0.978329718 0.304256111 -0.143166929 1.40158331
 306 -0.702385664 0.327818036 9.03345793E-02 0.235750571
 307 0.741192460 1.27951443 0.347333431 0.203320742
 308 0.825781584 1.32924426 0.428785473 -0.186953694
 309 -1.08495343 7.90344477E-02 0.113576382 1.52059495
 310 1.62664557 0.651845098 -9.71707404E-02 1.58538067
 311 -0.111097574 0.124498993 -0.555507541 0.496127814
 312 -0.674003363 1.10420907 -2.11101413 -9.66471061E-02
 313 1.24409604 -0.368302882 0.437485605 -4.16261256E-02
 314 -1.87428296E-03 -0.676048160 -0.692570210 7.99228549E-02
 315 -0.299825191 0.231091514 -0.430317909 1.33454418
 316 0.328026175 -0.811497986 1.28120375 0.211148247
 317 0.483262092 1.48704362 -1.22762978 1.35127950
 318 -0.177065179 0.329406381 -2.61143970 0.141893134
 319 -7.84588456E-02 -1.51901555 1.40450370 5.39976284E-02
 320 -3.53640690E-02 0.512457013 0.184871092 0.505029380
 321 -0.167018712 -0.507535160 0.150334910 1.33205879
 322 -0.944632173 0.334098667 0.751786947 1.09194779
 323 1.29742956 -1.09900475 0.452583104 -0.609953165
 324 9.03999954E-02 -0.507679939 -0.453005701 0.225124016
 325 -1.76010311 1.16663182 -0.331599236 0.343656659
 326 1.01020825 0.812604070 -0.380268574 0.596780360
 327 0.118605852 1.08559430 1.03481185 0.159499735
 328 1.69158077 0.589952648 0.102503784 0.531248569
 329 1.02006423 0.332094401 0.184079677 1.42866206
 330 0.427425086 -0.673880756 1.05674720 0.763017654
 331 1.37275755E-02 1.21844721 -0.773656249 1.26169944
 332 -0.561040223 1.52521598 0.397750854 1.33450198
 333 0.104407527 -0.972210169 0.761785448 -0.996356606
 334 1.78518784 -0.367989987 0.262305707 -1.23685741
 335 1.11588728 -0.803119898 0.841093659 1.39088547
 336 -1.81180882 1.53177595 0.813127875 1.23502743
 337 0.286592335 1.45255613 -0.106415980 1.32454908
 338 0.950460792 0.182585314 -0.115863085 -0.922251344
 339 -0.707040668 0.240943462 -0.867906570 2.16747075E-03
 340 0.426953048 0.673594296 -0.539630294 -1.37774324
 341 -1.19520259 1.68084741 0.418403566 -0.599672735
 342 4.23008251 -0.624498129 0.665262401 -6.73270673E-02
 343 -0.606709778 6.99509829E-02 0.296064556 1.38315737
 344 -1.26845717 -1.07876396 0.669623673 1.31883204
 345 0.131078601 0.925690651 -0.768634915 -1.18261194
 346 1.59185731 0.200763807 1.20953512 -9.07354951E-02
 347 -0.894566834 -1.61449397 -0.777503371 9.99112874E-02
 348 -0.369650662 -8.07917118E-02 0.338799536 -1.23403108
 349 0.350905567 1.31193745 0.222677350 0.448789001
 350 0.194522932 0.419499576 -0.325058103 0.430528760
 351 0.939868331 -1.07900012 -0.320470095 0.131700903
 352 -1.16404533 -0.868819475 0.686409235 0.735588908
 353 0.137628660 -0.583674729 -0.433767676 0.195767105
 354 -0.305247188 -1.43773794 -1.27668059 1.12919879
 355 0.164155960 -0.449704707 1.11089721E-02 -0.221062273
 356 1.50089347 -0.436639607 0.204023957 -0.604191780
 357 -0.164848581 -0.515676320 1.38511205 1.38592708
 358 1.17039466 0.744713724 -7.68036023E-02 0.611111045
 359 -0.670841992 0.232543483 -0.160302132 1.30850482
 360 1.97790682 -1.16053498 -0.817156434 1.88102388
 361 -1.17619467 -2.16270924 -0.743423998 1.52758694
 362 0.957081437 0.161883131 -0.758098662 1.18686426
 363 -0.134949595 1.00275910 1.47804666 -1.89144909E-03
 364 0.516346812 -1.26717246 0.237012446 1.53893399
 365 1.69575405 0.431368589 0.348447472 0.345912606
 366 0.567528367 0.767355680 0.570175290 -0.601728559
 367 0.792149305 0.278553396 -0.482778847 -0.449342668
 368 0.304056048 -0.691800714 -0.889686346 1.19923115
 369 -0.583824873 1.34518838 1.46914542 -8.40783417E-02
 370 -1.12629879 0.555993021 -1.38351893 -1.17073107
 371 -1.10236001 -0.106874168 0.559550405 0.208387747
 372 -0.366019696 1.28498006 2.59289074 1.34756863
 373 -0.692861438 -0.705804229 -0.253082693 3.45064700E-02
 374 -0.503945708 -0.678610682 6.98975921E-02 1.29601192
 375 -8.27217847E-03 0.808312833 0.890051782 1.21853280
 376 -1.49047661 1.51463246 -0.416832566 -1.18385613
 377 -0.157937989 -0.452663869 1.04327202 0.262303442
 378 -6.03557900E-02 0.477050751 1.36891448 1.32696104
 379 1.37017012 -1.05322385 9.72404107E-02 1.38467741
 380 -0.437457055 0.883686900 1.14040387 -3.64361703E-02
 381 0.718137145 -0.930956364 -0.117497645 1.30038428
 382 -0.838814378 -1.00320196 1.17001152 -0.130221128
 383 0.434378684 0.212986216 0.696161270 0.301596820
 384 -5.99654019E-02 0.477360547 0.535205781 0.160868376
 385 -1.63265705 0.967933178 -0.363721490 1.15863025
 386 -0.344067633 -1.18016529 0.834384024 0.545598328
 387 -0.309475720 -9.08399820E-02 0.669510365 0.373162687
 388 -1.06902385 -0.815287471 -0.257573426 3.80907208E-02
 389 -1.33698976 1.26252103 0.788116157 -0.703795552
 390 -1.64961362 0.377334148 -0.318967640 8.13502073E-02
 391 -1.34455204 1.29135475E-02 -0.776354730 0.476462036
 392 1.16958129 -0.526333451 -0.638797224 1.06832361
 393 0.555338740 4.66884859E-02 -0.733347178 -1.24251580
 394 -1.54331660 -3.29508334E-02 0.658231497 0.810591340
 395 0.386429042 -0.354174525 -0.675554812 1.09116882E-02
 396 -1.84371746 0.272904456 8.40392113E-02 1.08999634
 397 -0.616759360 -0.228574842 -1.65604055E-02 1.00488842
 398 0.277281851 0.385720700 2.03004909 1.37269008
 399 4.03536856E-03 0.353067011 0.217372656 -1.19635308
 400 1.01593947 -1.00455308 -1.44529593 1.35586643
 401 -0.791963220 0.773445725 -0.606966734 0.323363066
 402 0.530369639 0.949257731 0.673618078 1.11698735
 403 1.19483507 -0.504298806 0.428527743 0.232395604
 404 -2.48070335 0.641289055 1.60607672 9.46013480E-02
 405 -1.70763290 0.297010481 -0.809785008 -0.221306026
 406 5.33149093E-02 0.341556072 0.280044138 0.940396309
 407 -1.74633169 0.779543459 1.01688993 0.423339844
 408 -0.185217202 0.228801891 -1.03844404 0.373506844
 409 -2.07925963 -8.06750059E-02 1.06746411 1.39226973
 410 -0.702133775 1.22548056 0.669437528 -1.25724649
 411 0.409605503 -0.847040176 0.226367682 1.33839679
 412 -2.17527580 9.83362794E-02 -0.919996917 -0.618083358
 413 -1.21173429 2.06820917 -0.238937229 -4.05555964E-02
 414 -7.45746419E-02 0.357377112 0.677402139 1.10651374
 415 -0.972787619 1.66775239 0.953590512 0.167369589
 416 -1.44927800 1.78527248 -0.370738983 1.80710614
 417 -0.749505937 1.79461038 -0.314119488 -1.08092427E-02
 418 -0.917807102 -4.59251404E-02 0.284760773 -0.363965183
 419 1.09936321 -0.911010027 1.40161574 1.60134637
 420 -0.981335640 1.25099313 0.412030429 0.658943892
 421 0.540114105 2.62111259 -0.795100510 0.879608750
 422 1.17813909 -0.814996123 0.854029000 1.37174332
 423 1.18264866 -0.143170476 0.577884316 0.419148743
 424 -0.468401670 0.403823286 6.75811172E-02 -0.593067706
 425 -1.81579217E-02 0.748133540 0.375411600 0.542328238
 426 1.40953290 1.07895005 1.88582969 -0.356143057
 427 -0.279419214 -0.600228488 0.373246580 -0.256329060
 428 -1.47725487 0.642884016 1.05453813 1.78565872
 429 -4.14605662E-02 -1.01331031 0.233361065 0.425271690
 430 -0.156570673 1.33087540 0.514063716 1.42155230
 431 0.165568516 -1.19556725 -0.258214742 0.986920476
 432 1.99318814 0.390925229 0.405647635 1.13354814
 433 -0.700900018 -0.123503447 0.255755872 -0.357809782
 434 0.383474469 -0.275152266 0.299788028 1.01544940
 435 -0.318482816 -0.862749338 0.289859653 -1.17141533
 436 -0.220080912 -0.558247566 -0.375579983 -0.104980528
 437 -0.768323183 -0.577928245 2.30700922 1.67244399
 438 1.04719996E-02 0.267313331 0.814953506 -0.335340977
 439 -0.750697374 -0.339532137 -0.727304876 1.38756573
 440 -1.08583784 -0.145538807 -0.102534711 -0.702481985
 441 0.666514754 1.02445817 1.39454889 0.134541094
 442 2.17146802 -0.401284158 1.28760552 -3.19712758E-02
 443 -0.519209981 0.149575576 -7.46096075E-02 0.228496447
 444 0.596274853 -0.557941616 -8.72360319E-02 0.490102410
 445 0.862961173 -0.194146067 -0.469707489 0.173448801
 446 0.139669687 -0.462382972 -0.667045236 0.237024918
 447 1.50308847 1.61434388 0.540911615 1.30471039
 448 -0.923381448 1.35575664 3.00359774 1.35633469
 449 0.354002029 -1.30456090 0.553488195 0.452730596
 450 0.722659349 -0.860293210 -0.372307390 9.05578807E-02
 451 1.08308232 0.435806185 0.171613857 1.38555813
 452 0.720479190 0.160428494 0.704948008 1.00592351
 453 -1.83622956 1.23125541 -0.449241966 -0.933229387
 454 -0.630005062 -1.01851106 -1.20644236 -1.32070053
 455 -0.977047563 0.734355569 0.926771224 -1.00392747
 456 -0.305250555 0.731971145 0.309458345 1.15058923
 457 0.220986947 -0.434040129 1.54826307 0.816573441
 458 -0.867721558 0.664952099 0.412340522 9.73725319E-03
 459 0.413723677 -0.930027306 -0.554457247 -0.903418422
 460 -0.984170735 -1.45919716 0.290898383 0.488117695
 461 -1.75091004 7.43857324E-02 0.513021469 1.34763741
 462 -0.499710023 -0.603433788 -0.659867644 0.876225889
 463 -0.564984500 1.55765820 -2.65287962E-02 -0.909322381
 464 -2.06090522 -0.537614882 0.645261168 0.207328424
 465 -0.338593274 0.564491093 0.209527731 0.288669854
 466 -0.269847333 -0.221788913 3.11836153E-02 1.28821158
 467 -1.09636724 1.76042533 -0.268524259 -0.955118895
 468 -0.851325929 0.516795158 0.783359885 1.46711874
 469 1.73340726 -1.93227744 1.71312690E-02 1.29161179
 470 -1.85283315 1.63263679E-02 9.35404152E-02 -1.17613614
 471 0.188861340 5.43698855E-02 -7.55448192E-02 1.19466579
 472 2.08332849 -4.97803092E-02 -2.22270489E-02 1.31655836
 473 -0.105714895 0.873349190 -0.177442983 1.60391259
 474 0.686586559 -1.71013319 -0.637753427 0.448265672
 475 0.329090834 -0.951118231 0.576164246 -1.03489912
 476 -0.729267895 1.34010649 0.367431730 -1.16092086
 477 0.902899206 -0.817152143 -0.640369117 -1.17395532
 478 2.24250078 -0.900650382 0.183874696 -0.761850238
 479 -9.29977000E-03 -0.277584761 -0.540135741 0.808892727
 480 -0.496599853 -0.329773754 -0.841446579 -1.42178881
 481 -0.966945767 0.918820858 -1.75333190 1.49821544
 482 0.799830973 -2.39135242 -0.983676672 -0.824345589
 483 -1.34625578 0.396647543 0.862952054 9.19695571E-02
 484 -0.744441152 -0.679993749 -0.811265588 -0.918457270
 485 0.678000569 -1.47288501 -0.419081181 -1.17072582
 486 -1.78227019 1.68649292 0.168464065 0.202211410
 487 0.360637337 0.183070913 0.506108224 4.72228825E-02
 488 -2.98323631E-02 0.942032456 0.412835807 -7.30841458E-02
 489 0.857644439 -0.867887616 0.109668195 1.50701714
 490 0.764339805 -2.71793771 0.148978710 0.104267046
 491 1.74809289 -1.22215319 0.352568716 -0.147488624
 492 -3.17469239E-03 -1.95693088 0.727755308 9.03822184E-02
 493 -1.14228857 0.273818821 -5.70059121E-02 -0.366363645
 494 -1.51317525 1.80528295 -0.944642425 -0.803935885
 495 -0.499181271 0.386222869 0.249557108 -1.84716880E-02
 496 0.947063744 0.176748678 0.352949560 1.30548000
 497 2.03329325E-03 -1.87359154 0.394069970 0.984628201
 498 -0.134727344 -0.227617830 0.375279665 0.174488038
 499 -1.03460228 -0.558955550 1.62231600 0.210964367
 500 -0.310609579 3.96370888E-05 -0.701264381 0.312742501
 501 1.38968134 -1.61518753 -1.16708171 1.62160277
 502 -0.904561758 0.820344567 0.901092470 8.65829587E-02
 503 -2.30647993 1.79832613 -0.900478721 -0.114658892
 504 0.525838673 -1.55374253 -0.117318459 -1.01029623
 505 0.426324666 -1.39250457 -0.550460637 5.23338467E-02
 506 1.32753634 -0.749135017 1.08210373 -1.01744783
 507 0.297268808 -0.901434898 0.712379336 0.405420542
 508 -0.570969939 -0.365505159 -1.84088695 0.751592636
 509 -0.505268276 1.33422494 1.25125003 1.11323035
 510 -0.416532516 -2.13411760 6.54547513E-02 1.05389333
 511 -0.238941580 0.509947062 -9.32566971E-02 -0.253527403
 512 -5.24377823E-02 -1.20113230 -1.17578065 0.301069051
 513 0.306807041 -0.779420257 -0.403860986 6.69199079E-02
 514 0.412719160 0.324919909 0.849934042 1.40421963
 515 1.65394247E-02 -0.381344676 0.998280048 -1.07206988
 516 -0.115581319 1.17480755 1.55822575 1.61759806
 517 0.464187801 -5.19573987E-02 -0.949616194 0.191297978
 518 -0.108788528 -1.07382941 0.743894100 -1.43561792E-02
 519 -0.979784906 1.63741827 -0.556148767 -4.60357070E-02
 520 1.28420615 -0.603856742 0.186959922 -0.129417241
 521 0.472478479 -0.322805166 1.53245401 -0.109895222
 522 -0.159651428 -0.300957471 9.46530700E-02 1.11602056
 523 0.632309914 -1.38091254 0.174989417 3.60280797E-02
 524 0.449361771 0.619671345 0.445060909 1.93191338
 525 0.171678185 2.70940518 1.58865545E-02 0.107782610
 526 0.622340560 0.479139686 -1.33947146 0.196018785
 527 0.191450208 1.64279413 0.372618735 1.42609096
 528 0.676681340 -1.72167504 -3.19398642E-02 -1.39978492
 529 1.19557440 1.10351992 0.818585634 1.10658681
 530 -6.72440678E-02 0.910990477 -1.00865698 -0.471319795
 531 0.879418850 -1.41517127 -0.821743309 0.432448030
 532 0.651236773 -9.60655883E-02 0.359329939 1.42465436
 533 -0.126362786 0.516680360 -0.588351667 -0.284967363
 534 -0.469670922 -0.673929811 0.232364327 0.152283758
 535 -1.67140818 0.105678827 0.706597090 9.06671956E-02
 536 -0.549717188 0.862417340 0.846141517 -4.23232019E-02
 537 0.644014895 -0.752847970 5.74977230E-03 0.207791030
 538 0.474347830 -1.56211090 -0.970689416 -9.42738354E-02
 539 -0.628449559 1.10963643 -1.02060771 0.683703959
 540 0.781176329 -0.979733288 0.896080494 0.109882824
 541 0.689090848 -0.524141371 -0.624589682 1.54778695
 542 -1.99269426 2.70815134 1.63313484 -0.802979708
 543 -0.118240058 1.21814251 -0.974912524 1.27116048
 544 -0.440669805 0.616041362 -0.623882771 0.310198724
 545 1.56731868 -1.67058349 0.733640730 0.105558902
 546 -1.42542493 -0.651638448 -0.641911626 0.330531418
 547 0.357243866 -0.457204461 1.11593485 0.319600791
 548 -0.365521491 1.17419791 -0.965025425 -0.130385235
 549 -0.502283216 -0.293428242 -1.12170565 1.60097134
 550 1.20503879 -1.38731718 0.423613608 -1.11005354
 551 -1.60612547 -0.363034934 0.796603441 0.764465630
 552 0.315040946 -0.943123221 -0.862367749 -0.504661202
 553 0.493449956 -0.914774537 -1.18637669 0.554578602
 554 1.08868372 -1.46441829 0.989611089 -6.80619776E-02
 555 0.982969642 -0.967392385 0.830194414 -0.514223933
 556 0.126635194 -0.263213336 1.32880580 -0.664206147
 557 0.173191100 -2.37982178 0.558732033 -1.62562203
 558 0.301951408 -1.88159168 -0.453401715 -0.335331738
 559 -1.09117699 1.21354282 1.02608562 -1.53166699
 560 -1.74891198 -1.59613860 1.26978445 -0.489695877
 561 -0.559128344 -4.08883765E-02 1.74631810 0.275062799
 562 1.02203441 -1.40433967 -0.117167108 -0.858128488
 563 -0.174605817 7.44145066E-02 0.628204882 0.789130747
 564 -2.63824165E-02 0.556824982 0.223136216 -1.54201329
 565 -0.643645704 -5.62349409E-02 0.877772272 -0.267201006
 566 0.121099278 1.70459163 0.377681792 0.950087905
 567 -0.785024822 -0.961730897 1.99029481 4.64517996E-02
 568 0.524293244 -0.471343935 1.31638277 0.426270366
 569 -0.760087252 0.140019372 -0.801675677 -0.126751274
 570 0.919979095 0.565366507 -1.46331954 -1.60994649
 571 0.302820593 -0.228420734 1.65232718E-02 0.261932194
 572 0.303419232 -0.418198854 2.27405858 0.653592646
 573 -2.36469412 2.89848931E-02 0.726324797 0.321319461
 574 -0.928232729 -0.953611135 -0.628688455 -0.187541157
 575 -0.316084266 0.339176744 0.234403118 -1.24549472
 576 1.56033599 0.740839422 -0.305530757 -1.50219679
 577 -1.75791609 1.56745911 0.252311081 -6.63400441E-02
 578 0.343381584 2.43783379 -0.572851837 0.959635437
 579 0.950412393 -0.102319814 0.401331186 0.180432618
 580 -0.525796056 0.633140385 -0.880479813 0.954863489
 581 1.58617449 -0.708901465 1.25170934 -0.712232471
 582 -0.180795580 -9.83686745E-03 -2.06687975 -0.134870991
 583 1.74988151 0.700384855 0.867408633 -0.389032900
 584 0.772579372 -1.32330227 0.643500626 -0.232475296
 585 1.10182703 0.868864357 1.21978235 0.143835217
 586 0.427656054 -0.545383692 -0.322943032 -0.968230665
 587 0.542183816 -0.739969015 4.38457057E-02 -0.290769488
 588 1.44538069 -1.25140357 1.18736219 -0.845984876
 589 0.614231467 -1.57723904 1.61435032 -1.59862840
 590 -0.264588177 -2.88712811 0.472957790 -0.258158594
 591 0.756132722 -1.73478699 -0.989927530 0.204141691
 592 -0.120446280 1.33790553 1.06421816 1.46770656
 593 -0.636881113 -0.777192235 1.21437633 -0.263171613
 594 0.615600109 1.85333955 0.589308202 -2.35681832E-02
 595 -0.334517390 -0.687686563 0.756381035 1.47271585
 596 -3.38230729E-02 -0.444072992 1.65231037 0.321062922
 597 0.388183832 0.770160317 -0.726060927 -1.25240374
 598 -1.28301764 0.491313338 -1.23203075 -1.26028347
 599 0.767788112 0.232712805 0.120415777 -0.161865190
 600 -0.272140980 2.31067204 0.568986177 0.307351053
 601 -0.621901929 1.08587801 -0.581842840 -1.68923128
 602 -0.694397390 0.469464660 -0.728072762 0.255119056
 603 1.25183910E-02 0.773096204 -0.729894221 0.460060179
 604 -0.691899955 -2.21534109 0.665483534 1.12431312
 605 -1.38966906 -1.29553044 0.448291183 1.09027195
 606 0.655533493 3.67511809E-02 0.307682425 0.126934797
 607 -0.159436360 -0.906390905 0.489796579 -1.35630143
 608 0.984454155 2.27729678 7.12920725E-02 -0.946111739
 609 -1.71647775 -0.260741770 -0.297360271 6.76183850E-02
 610 -0.280516505 -1.38257563 0.257228762 -1.24074030
 611 8.13684762E-02 -2.14940095 0.219921410 -1.19336593
 612 -0.813808024 -6.91223443E-02 -0.171265200 -0.385562122
 613 -0.751946568 -1.22242916 1.31260991 0.139966294
 614 -1.18044591 0.112399630 0.187869877 -0.693283081
 615 -8.06427598E-02 0.495662421 0.834407449 1.39733684
 616 -0.819199145 -0.677949369 0.371682882 0.822698176
 617 1.30202317 0.316616982 9.18922573E-03 -0.709186554
 618 -5.23123890E-02 -0.311134964 0.182248265 0.778004885
 619 2.44304943 -0.321332157 1.07039738 1.09055328
 620 -0.484559298 0.332281470 -0.940890312 -0.542855024
 621 -0.844027579 0.674228728 -1.44085431 0.476786494
 622 -1.30329800 1.56864226 -0.788254142 1.36567342
 623 -0.957280278 -1.83395517 1.14897585 -1.08951759
 624 -0.414062440 -0.575714946 -1.14595604 0.586011946
 625 0.263572931 -9.29667503E-02 -0.509545267 -0.717612147
 626 1.36433423 2.35638952 -0.816014826 -0.306798697
 627 -0.824990571 -1.61790550E-02 -0.531963944 0.215053663
 628 0.274334550 -0.564580858 0.667879701 -0.727201223
 629 9.35232341E-02 -0.332668692 -0.352012932 1.88823283
 630 -1.00603616 -1.47285151 1.26934671 -0.134044945
 631 -1.55580485 -1.22968984 -1.48808801 0.144319206
 632 -0.698053956 1.16104424 -1.03699744 0.482661724
 633 -0.246834114 -0.737542987 -0.823938608 0.234505922
 634 -1.11983943 -0.733982503 -4.56557386E-02 -0.673959672
 635 1.90511048E-02 -2.33101225 1.72966647 -0.170963123
 636 0.558592200 -0.450388312 -0.749812603 0.324106097
 637 0.134823710 0.770467937 1.43363309 0.947926700
 638 0.905066431 -0.387196362 -0.954655230 -2.12098694
 639 -9.98798013E-02 0.355229169 -0.537167013 1.46576500
 640 -1.01182806 1.30269730 0.789350033 1.29272020
 641 2.64934182 -2.69285226 -0.905936599 -0.223276645
 642 0.866352797 0.325557470 -0.682945967 0.601649761
 643 0.431559205 -1.44563532 1.54606080 -0.223707110
 644 -2.12102079 -0.827687025 2.04586458 0.422551125
 645 -2.13437104 7.03247786E-02 0.342129171 -0.163035423
 646 -0.361169189 0.756744385 0.418792903 0.247702718
 647 1.46427250 -1.37876725 0.556634486 1.50803900
 648 -0.260968119 -1.12343025 0.877541602 -0.428287268
 649 0.491872311 -0.995354831 1.13636065 -7.53061175E-02
 650 -0.255636811 1.53642213 -0.227876723 8.15334395E-02
 651 0.784247458 -0.660442829 0.241618395 0.348651737
 652 -0.302248031 -0.418072462 -0.674109042 0.942086399
 653 1.41987801E-02 -0.734200358 -0.903433621 -0.644330859
 654 -0.857707620 -0.530491352 -0.829873741 7.49556869E-02
 655 -1.10510600 9.70350206E-03 1.06999338 -0.956604064
 656 1.56568420 -0.475398511 1.50430357 9.87015218E-02
 657 -1.88870621 -1.14151573 -0.350504816 7.33478367E-02
 658 1.89310312 -0.979121149 -0.370181769 1.03409612
 659 0.665457368 -0.908268213 1.77336884 0.464963436
 660 -7.41397664E-02 -0.165184245 0.610584795 -1.04469657
 661 -0.525829017 -0.510841370 -1.20618856 1.03883767
 662 0.116146795 -7.90880024E-02 2.06327868 -1.50633788
 663 -1.86163497 1.62686503 -0.887397170 1.00488484
 664 -0.365721524 -0.785808444 -0.380097687 1.26030958
 665 0.473847032 0.437776595 0.913932323 -0.475181222
 666 -5.05080223E-02 0.699936926 0.894109964 -0.350810647
 667 -1.18621576 0.615867436 0.144654393 -0.907701969
 668 -0.577014327 0.478590310 -0.222887009 1.15858495
 669 0.954962730 -0.536968589 0.490317196 -2.28245378
 670 1.48180652 -2.90411973 1.78160095 -0.142418027
 671 -0.304421723 -0.619154632 -1.18319941 0.950642288
 672 -0.977885008 -0.467974782 0.231405988 -0.510514855
 673 0.891777575 -1.40574646 0.452441275 -0.341778964
 674 -0.626299024 -0.227774113 -1.13276422 -0.502014339
 675 -1.60859048 -6.64215386E-02 -0.929226100 1.22658300
 676 -2.34092623E-02 -2.16624475 0.778543293 -0.172913477
 677 -1.41431034 -0.263668507 0.677306652 -1.74301195
 678 4.44817171E-02 -0.447808355 0.107167765 -0.806198716
 679 1.27285039 -0.271074951 0.405652463 0.485566139
 680 0.719276011 0.752131701 -0.659964800 1.78329229
 681 1.16630101 -0.549632370 1.16915822 1.34074235
 682 -0.459166765 0.601381361 -0.607811153 -0.124237433
 683 1.25651693 -0.472759724 0.420474857 -9.23983753E-03
 684 -0.822912574 -0.750868976 1.27840722 1.84078836
 685 -1.80366230 0.370547324 1.11203074 1.78783387E-02
 686 2.35893106 -0.914482415 -0.132351011 -0.724877954
 687 9.80605707E-02 -1.12027240 -0.712602317 -0.557860136
 688 0.436895072 0.367581159 -1.78431666 -6.25198185E-02
 689 -0.431373745 0.330843210 0.838570952 1.70093477
 690 -1.49369729 -3.38443369E-02 1.20304942 1.57246232
 691 -0.950049281 -0.263781160 0.779021502 -1.55438566
 692 -0.538198829 0.618234396 0.268115401 1.36089563
 693 -1.18157899 0.986282885 -0.147458643 5.92512339E-02
 694 0.433943093 -1.29226482 0.359411806 -0.236411303
 695 -0.178836063 -0.270992100 6.58956915E-03 1.25457180
 696 -1.36759245 0.347351909 -0.278797567 0.113737337
 697 1.87116730 -1.37481499 0.286371291 -1.24494839
 698 -7.30731264E-02 -0.604099214 1.24846530 -0.896868765
 699 0.750309229 -1.14855242 1.67988431 -1.00253224
 700 1.49600315 -1.75617576 1.04728544 -1.86379039
 701 -0.351333261 -0.239209101 -1.30229807 -0.260976285
 702 -1.11571872 1.42349255 -0.961759806 0.371008396
 703 0.205677271 -1.55484486 0.629586756 0.241765469
 704 -1.02039337 0.420456380 1.83531690 0.199888676
 705 1.14917135 -1.41314578 0.491311550 -1.84146476
 706 1.57942522 -1.62158298 -2.91111171E-02 0.653806686
 707 -0.593580663 0.291892409 -0.399360031 0.475281179
 708 -1.08928275 -0.304469436 -0.896599174 1.15794444
 709 0.721656501 0.916602790 -3.69586945E-02 0.744258285
 710 0.238091409 -0.398110956 3.42216492E-02 -0.326257110
 711 -0.453248292 -0.124397993 -0.962475717 -0.568818033
 712 -0.952205598 -1.45284069 1.93138570E-02 1.22254956
 713 1.15875363 1.07844841 0.701557040 -0.802934051
 714 0.794003069 -0.323392481 -0.932957292 0.621156693
 715 1.87184644 -1.43353176 0.973891199 -0.790684938
 716 0.325613976 1.76423037 0.965437174 0.732627988
 717 -0.227685630 1.39406121 0.104955703 0.532605827
 718 -0.198624045 0.505031645 -6.38828278E-02 1.69214296
 719 0.136555046 -0.784134626 -0.475453258 1.73842037
 720 -0.871986985 -1.12651014 0.523325264 0.528593242
 721 0.815246344 -0.990149915 0.449579984 1.28371370
 722 0.796264291 0.105189055 1.20213377 -0.117635205
 723 1.30306566 -1.91787410 0.799358189 0.704211831
 724 0.538892448 -1.27802730 -6.05345219E-02 -1.21405208
 725 -1.84134340 0.244880140 0.361322582 0.487920523
 726 0.321039170 -1.93709254 1.17357528 0.180021241
 727 9.03666615E-02 8.97162557E-02 0.969565272 1.62256694
 728 1.41481459 -1.46979475 1.33124650 -0.681597948
 729 1.91049039 -0.116006002 -5.16200103E-02 1.37339437
 730 0.207528040 0.747456789 0.831276178 0.110199086
 731 1.01789212 -0.514696836 0.726264000 0.272970974
 732 -2.31617987E-02 -0.768094003 1.54245162 -0.609928250
 733 -2.48484921 1.30330229 1.18464708 0.783823133
 734 0.283341825 -0.708186328 -1.03898978 0.820187092
 735 -1.10870826 0.205465093 0.679559529 -0.494693935
 736 -1.44472754 4.98664379E-02 -0.414817512 1.43448758
 737 -1.08403993 1.10100663 -1.45576978 -0.107999817
 738 1.15266645 -0.596004605 -0.768909037 -0.138438284
 739 1.38346529 0.196759298 -0.549630940 0.163487822
 740 -0.255784690 -1.02855992 -0.158301979 -1.41014433
 741 -0.502550423 -1.00314152 0.624113917 0.689952612
 742 -2.40165448 1.36121297 0.297477096 0.252616346
 743 6.46707118E-02 -1.11730742 -1.32715702 7.27822781E-02
 744 1.09029746 -1.11760259 0.506246448 -0.373443663
 745 1.76510596 -2.27616835 0.180665016 3.49902362E-02
 746 1.68404818 -1.78698087 1.35444283 -7.61170685E-03
 747 -1.85907018 -0.430374205 1.58359313 1.19265246
 748 -1.28120923 -5.77792972E-02 0.236661300 -1.81848955
 749 0.468943983 -1.30024016 -0.180219516 0.983781099
 750 -1.00871396 -0.899449706 3.69113684E-03 -0.612037420
 751 -1.25210726 1.14512289 0.308729500 -1.37582862
 752 0.355100989 -0.827750206 -0.371580720 -1.41956365
 753 0.224710703 0.394602239 0.103609711 1.37115574
 754 -1.88063014 -1.07859349 0.191738874 -1.24680901
 755 0.471932620 -0.488064170 1.30084515 -0.900782466
 756 0.287351429 -0.338871270 -0.478849471 3.67783010E-02
 757 0.139895320 -0.255623728 1.17523229 -0.290312499
 758 -0.177080035 -0.344949484 0.337960660 -5.58867306E-02
 759 -0.972789884 -0.111420237 2.35156965 -1.47708797
 760 8.00742283E-02 -1.82551587 2.37633324 -1.92618906
 761 -2.35252571 1.33544219 -0.511086702 -3.89128998E-02
 762 0.275295794 8.93514752E-02 -4.91644815E-03 -0.591688275
 763 1.89119363 -0.976236999 -0.717875957 -0.281456709
 764 1.77390707 -0.611440659 1.69491076 -0.766083181
 765 1.31164885 -1.72658265E-02 1.31993854 -0.344112515
 766 1.39434242 -1.20530367 -1.25281191 -0.236543715
 767 -0.638019800 0.201730967 0.608989596 -1.65946114
 768 3.14434692E-02 -1.42893922 0.657214999 -1.07004488
 769 0.226259977 0.102723137 1.96382022 -1.91646862
 770 -0.821106553 1.24842954 -0.325691760 -0.857618928
 771 -0.930180430 0.281853676 0.256750345 -0.911468148
 772 1.21861207 -0.777314663 0.945439577 -0.886292756
 773 1.05255544 -0.666752517 -0.515478075 -1.98617482
 774 -1.53593266 -0.272813201 0.633051038 0.374884665
 775 -1.22838366 -0.337687135 2.94720864 -8.08658898E-02
 776 -0.719656408 -0.350826561 2.39105058 0.589748383
 777 -0.334318638 -0.891458988 -0.201636419 -0.494030595
 778 -0.954463005 -1.27510667 0.202590331 -0.494242042
 779 0.745739281 -2.02267957 0.180859417 5.30997589E-02
 780 0.572396100 -0.765467465 0.771179438 1.56746304
 781 -1.50275183 0.505589306 -0.190984845 -0.216761559
 782 -1.07184196 0.121029958 -0.608636498 -1.28857911
 783 -0.598239183 -0.157655239 -0.787251830 -1.19089627
 784 1.10231590 -2.40497136 0.895528436 -0.706578255
 785 1.70446038 -1.98344982 0.352311671 -0.780299902
 786 -1.31953144 -3.47668082E-02 1.08349311 -0.642233193
 787 -1.74867833 0.688780785 1.88074172 -0.815155566
 788 -0.560451031 1.18882704 -0.577757061 -0.587517977
 789 -8.41297284E-02 -0.366140127 0.754710555 8.41805488E-02
 790 0.311920524 -1.49396837 -0.987137139 -1.52539313E-02
 791 -0.233987629 -1.81216609 -0.257489920 -0.168448910
 792 -0.964381039 0.861344099 0.320772290 0.295287013
 793 -1.66588485 -1.13505173 0.736945510 -0.724201202
 794 -1.24306965 0.925143600 -1.27098191 -0.989438772
 795 0.276908934 -0.484463602 -0.131048888 0.595115662
 796 -1.93179679 -5.28411195E-03 0.559086204 -1.64126146
 797 -0.925999880 0.785798132 1.04309058 -0.668178678
 798 -0.778459132 2.78186500E-02 7.55582154E-02 0.992648125
 799 -0.903339028 -1.36021328 0.305220991 -0.560842037
 800 0.132690459 -0.117952101 0.785398006 -8.97474885E-02
 801 -1.78658342 0.173747271 0.209063724 0.171721369
 802 0.310461998 -1.57121325 -0.172285318 -0.595436573
 803 -1.26651502 0.837050498 -1.10491014 -2.37305164E-02
 804 0.492977202 -0.977607369 0.953426778 0.536642909
 805 1.00059521 -0.215920404 0.595524013 -1.78336668
 806 1.55041349 0.194609195 0.493430942 1.61511779
 807 1.44234955 -1.02461743 0.164450705 6.72006309E-02
 808 0.392935872 0.258836150 -0.960841835 -4.13418114E-02
 809 2.18995261 8.05649161E-03 -0.134035543 0.134006217
 810 -1.57976747 1.26654387 -0.464179993 -4.80515808E-02
 811 0.120492063 -0.961214423 0.161287248 -1.70629096
 812 0.268263280 0.362634987 -1.15663052 -1.54157519
 813 1.86040604 -1.20900917 0.311139762 1.54182959
 814 -0.594892323 -6.10109046E-03 0.679246426 1.41018391
 815 0.438252687 -1.12160230 -2.93877572E-02 0.945894182
 816 -1.71287966 9.00181085E-02 -1.22156382 -2.44316459E-02
 817 -0.387000710 0.928134263 -0.217362657 1.11062253
 818 5.84282577E-02 9.05193835E-02 -1.28399110 1.13885987
 819 0.340135694 0.109296866 0.316978514 0.606668651
 820 -1.13734281 -1.72773254 -0.126328856 -1.76599526
 821 -0.263228327 -0.970733345 -7.09780157E-02 0.410794616
 822 -1.27873313 -0.771377921 -0.455499798 -1.62582159
 823 -1.31426883 -1.40515327 2.05120897 -0.855566502
 824 -0.728875101 1.19516897 -1.29105747 1.52001834
 825 -0.177116483 -0.517875552 0.531180739 0.640481412
 826 -1.06976271 -1.55646205 -0.806501389 9.65749025E-02
 827 -0.879396856 0.928298175 0.345003784 0.670087218
 828 -0.599783540 -0.501480460 1.70812571 -0.950588226
 829 0.167389929 -0.212915182 0.297756553 0.225175008
 830 -0.918200612 0.474124283 0.283944726 -0.765988290
 831 1.10404575 -2.14377952 -0.119687460 1.41066694
 832 -0.313124180 -0.430674583 -0.304061443 -0.780988812
 833 -1.24172711 0.866468072 3.99234146E-02 -1.12766707
 834 0.304120719 1.33117378 -0.228287727 1.41928804
 835 -8.56491476E-02 0.451422691 1.11977017 0.157054290
 836 9.25994217E-02 1.76744163E-03 5.95073402E-02 -0.176045015
 837 0.233900726 0.273978233 1.33922374 0.428467155
 838 1.56037521 -0.357703537 0.170367569 1.27979755
 839 -0.331136137 0.988458514 -0.892870963 0.375706404
 840 -1.52962160 2.40385652 -0.862490535 -1.17078483
 841 -0.635477006 -0.295273900 1.43604398 -0.851378381
 842 0.699010789 -0.952748835 -0.226440117 -0.997943401
 843 -0.144381955 0.567471266 -0.350582421 0.291245729
 844 -1.12270379 0.798990965 -0.567664385 1.40291798
 845 -1.16541755 -6.57317340E-02 -0.308038116 -0.536453962
 846 0.236490071 -0.579942226 -0.130054429 1.10481691
 847 -3.23868096E-02 3.86410281E-02 -0.193043202 0.261935264
 848 -0.691157579 0.216792390 -1.08513379 -0.776071310
 849 0.793933392 0.378414929 -0.219475791 -0.945175231
 850 0.896205127 0.518324792 -1.47732049E-02 -0.565376282
 851 0.366527766 3.40577736E-02 -1.27068877 1.16707349
 852 -1.43049514 -8.85991380E-04 0.672034800 -0.121106058
 853 -3.74976546E-03 -1.46370590 0.803370714 -0.572266459
 854 -0.287482381 -2.18579173 1.77983046 -0.355297536
 855 0.472741067 -1.23919463 -1.04025078 -1.41808307
 856 -0.548134685 0.803654790 -1.52316725 0.190513447
 857 1.06587708 3.12617421E-03 0.916591048 -0.273668319
 858 0.420742005 -1.42302763 1.17425036 -0.651434124
 859 -1.15332282 0.434336722 0.397022098 3.70240062E-02
 860 -0.224855095 0.758069158 0.930729508 -1.09627366
 861 -2.55910468 -0.782428861 1.11857939 -4.87608612E-02
 862 -0.216200531 -1.78011048 0.908527732 0.372737795
 863 -1.34165132 -0.260478735 0.508095920 -0.385125548
 864 -0.750110507 -1.42533708 -0.444356233 0.374787688
 865 -1.98864365 1.04031086 -0.418587327 -0.167597383
 866 -0.927155614 -0.565857530 1.34754074 1.92897096E-02
 867 -0.531147301 0.338158548 0.585526347 -1.19370818E-02
 868 0.157960549 0.419848680 0.157704577 -0.494578749
 869 7.48240948E-02 -0.567211628 0.371170580 -1.22383523
 870 1.58383739 -0.914611399 0.937969148 -1.69168043
 871 8.77775252E-02 0.491273820 -0.767762125 -0.119672194
 872 -0.783434272 -0.677132845 0.475770444 -1.28026128
 873 -0.717554331 -1.28745711 1.50022507 1.57672524
 874 0.416441590 -1.28986609 0.583423257 -0.709695816
 875 0.352121830 2.31961738E-02 0.936368644 -2.44085264
 876 -0.241965503 0.344070137 0.286499500 0.507816911
 877 -2.53238130 0.191632241 1.40879202 -1.40877116
 878 -1.66020542E-02 -0.152683526 0.389274567 -0.120245039
 879 -7.91507736E-02 -7.64113665E-02 -0.241484046 -1.00047064
 880 0.230955794 0.864266396 0.773690820 0.215010107
 881 -1.44043744 0.923364520 1.79482198 0.963933110
 882 2.52846241 -7.33005777E-02 -2.12100482 1.37878442
 883 2.18927956 -0.609714508 -1.20388091 0.507842183
 884 -1.09178638 0.521654904 1.54923201 1.11871362
 885 0.999034226 1.56366456 -2.14437509 0.202766791
 886 0.159448087 -1.68487072 0.460858822 0.122072533
 887 1.15142918 -1.50211704 -0.629326999 -1.04701865
 888 -0.961158514 0.764133632 0.851591229 1.24968934
 889 0.323047906 -1.28687549 -0.697958946 0.308248460
 890 1.16276073 -8.42660666E-04 -1.56634367 0.460758448
 891 9.52062756E-02 -1.57156670 -0.707583010 -0.831026435
 892 -1.69366586 0.438989997 -0.621654749 -0.531375051
 893 -0.940389752 0.382844418 -0.167575434 0.871156573
 894 0.872637689 0.221046790 0.282857895 1.12960625
 895 -1.10495746 -0.195366189 0.161278188 -1.91824973
 896 -0.325021446 -1.75031960 0.865476787 -0.512296915
 897 -0.672346056 -0.202854097 0.662586927 1.45496058
 898 -0.226652458 -1.79888558 0.696003139 -1.80717993
 899 -1.09985113 0.471810162 0.380112112 0.490823269
 900 -0.324145377 -1.59019947 -1.28174317 -0.141564324
 901 1.18416822 0.423804462 -0.790131152 0.701810896
 902 -0.118618302 0.564767241 0.430142313 -0.246690258
 903 0.997232556 6.52825087E-03 -1.31337845 0.761778057
 904 1.47533572 -0.641969919 1.23488128 -0.403118551
 905 -2.04949880 0.363691092 -6.09264970E-02 -0.638461590
 906 0.419893861 0.167409196 0.686958730 -5.32628298E-02
 907 1.30009484 -1.01175499 0.647904098 -2.16261768
 908 -0.829907179 1.33779573 -0.363804162 -0.216414392
 909 1.87943065 -8.21422040E-03 -0.332059741 -0.633061647
 910 0.382944047 -1.03353953 -0.424733877 -0.216562465
 911 -0.238636792 -0.761043489 -2.21419297E-02 1.21932912
 912 -0.105071455 0.369129986 -0.595259964 1.12513328
 913 -1.02076884E-02 -5.98921776E-02 -0.750181913 0.979681194
 914 -0.881881952 0.174585924 -0.846348524 0.191195413
 915 0.171794757 -1.85897017 -0.189360932 1.48166382
 916 -1.37159109 0.781528533 -0.164660811 0.444143355
 917 0.488933742 -0.407282352 -1.01293111 1.32525921
 918 -0.763232708 -0.493724883 0.434656143 2.13667303E-02
 919 0.412400693 -0.529642761 0.938175797 0.154743284
 920 0.581217945 -1.13269103 1.85582948 8.48988593E-02
 921 1.59989262 -2.39442134 -0.966260016 -7.22510964E-02
 922 -5.78633547E-02 -0.377719641 -1.25752580 0.233694836
 923 0.861338675 1.16113722E-02 0.357599437 0.282272279
 924 8.32099095E-02 -1.88443518 -0.953157902 1.41647780
 925 -0.485602200 -0.171943054 -1.79646683 -1.61754405
 926 -0.518499732 5.12183458E-02 0.452455312 4.05447260E-02
 927 0.396669477 0.352037549 -0.415256679 0.305032432
 928 0.463325590 0.126546144 1.00939345 -0.488239408
 929 2.79894948 -1.50062227 0.528294027 -6.27943575E-02
 930 -0.322392344 -0.724695802 -1.58447134 -0.108780935
 931 0.812541246 1.40859175 -0.314190924 1.02514029
 932 0.882105112 -0.906324267 -0.728490353 -0.536415637
 933 -0.118367560 0.644887090 -1.65225422 1.12911642
 934 1.33017123 -1.31123209 0.107256897 -1.95542216
 935 -8.73740613E-02 -1.06630456 1.17299628 2.28530169E-02
 936 2.03581858 -0.313782573 -0.571569324 1.29450750
 937 -1.84969735 0.402325779 0.180986896 0.336542159
 938 -1.63998163 0.786389410 -0.330572575 1.36669362
 939 -0.794466734 1.43233514 -0.377605200 0.787032127
 940 -1.94663739 -1.83475542 1.33005869 -0.916694641
 941 0.121978305 2.28907019E-02 -1.06764114 1.24312615
 942 -0.248039007 0.856828153 -1.27269554 -1.18214631
 943 0.782101393 -0.744696319 0.207519129 0.674247146
 944 0.825623274 -0.845241666 0.124780029 1.48188162
 945 0.853347301 1.28615238E-02 -1.81284475 -1.62457478
 946 -2.01343393 0.698925436 0.554796875 -0.754411936
 947 -0.602270603 -0.537464023 -1.41935277 0.559933424
 948 -1.20305312 9.43157822E-03 -0.451809973 -1.11864734
 949 -0.691614807 0.195797339 -0.740728915 -2.17625999
 950 0.314561963 -1.06169200 0.157281026 -0.356565416
 951 -0.243378490 0.900700986 0.324531227 -0.233211458
 952 0.668630958 2.29062080 -1.40901601 0.535459340
 953 0.398880899 -0.646640182 0.242583483 -2.05378723
 954 0.626359224 -2.61936402 -1.59513819 1.34712434
 955 -0.286663234 0.131682739 -1.91797423 0.124101639
 956 -0.550902426 0.147623256 0.510025918 0.145858452
 957 -0.974142194 -0.969698548 -1.15359187 -0.527104914
 958 -0.508387268 0.211884439 1.36268616 -0.972647071
 959 -0.325474888 1.07903230 0.155974865 -0.455005467
 960 -0.246570319 1.20465779 0.159863591 1.03583729
 961 -1.22977126 0.394780517 -1.70055270 0.191485763
 962 -0.904918551 -1.01040089 -1.06172395 -0.383603871
 963 0.825686038 -0.805999160 -1.78146291 1.29441297
 964 0.208633274 -1.33597791 0.427184939 1.65858746
 965 -2.27333903E-02 -0.765795171 -3.57943326E-02 -0.555990994
 966 -0.332771808 -0.990960062 0.305956960 -0.347318411
 967 -0.655928731 1.30158937 -0.965362370 -0.346246868
 968 2.59536244E-02 -0.416631818 1.23857832 -0.115207747
 969 0.845185637 -1.07586396 -0.561713517 -0.559026718
 970 -2.39702296 0.665164411 1.31262481 0.693782449
 971 1.59810746 -0.113860458 0.251653314 5.32097295E-02
 972 -1.97575760 0.263639688 -0.848243892 1.60334766
 973 1.36876583 0.350096226 -1.06331575 -2.00515652
 974 -1.49871385 0.645565391 8.56013894E-02 -0.254623950
 975 -1.76796973 0.961167991 -0.488203138 1.52954841
 976 6.09215498E-02 -1.78400421 0.624556184 -1.57497990
 977 0.757415891 0.839885950 -0.519561052 -0.356580675
 978 -1.20127976 -1.07663512 -1.92190802 0.316641122
 979 -2.30133319 1.27067173 0.640232205 -1.66875076
 980 -0.502045274 -0.379414141 0.962664306 -1.63592124
 981 -0.301770657 0.640296161 0.112184912 -1.66800809
 982 -0.964203000 0.462466121 -1.56670189 -2.48354524E-02
 983 1.33611250 -0.558212698 0.809768736 1.75598073
 984 0.687264919 -1.83212042 -0.183278233 1.33238482
 985 -0.684280038 -0.622346640 0.621297836 0.860404849
 986 -5.00510409E-02 -0.116143405 1.42159164 -4.38970327E-03
 987 -1.13269472 -4.69688773E-02 1.34059632 -1.22017694
 988 -0.112251580 -8.62282366E-02 -0.616071641 -0.404317886
 989 -0.896247745 -1.37866354 2.78331041 -0.579116046
 990 0.267295003 1.54601645 -0.426394254 -0.337974608
 991 2.08341742 0.112754114 -1.11571443 1.26603603
 992 -0.798778772 -1.82425261 1.69319189 -1.24740994
 993 0.576586545 -0.833577633 1.33762908 -5.54382503E-02
 994 0.745173931 -0.369645387 2.07974863 0.243150130
 995 -0.241725132 -0.117711633 -0.133282095 -1.83440387
 996 0.663997054 -1.11433554 0.683610499 0.314533919
 997 -0.285844982 1.13509154 0.793931365 -1.43825674
 998 1.06930363 -1.45437622 1.10376859 -1.29410601
 999 -0.375539541 -0.762686670 -0.441159487 -2.11704820E-02
 1000 -0.802485764 -1.46173179 0.613057256 -0.310095400
 1001 -1.31052804 -0.597755849 -0.368491054 -0.844335377
 1002 -0.530016840 0.625151336 -0.521017492 0.131403625
 1003 2.44129944 6.02470338E-03 1.11458826 1.35488367
 1004 -1.07050049 1.39335179 -0.295067638 0.637126863
 1005 -0.587807953 1.42460048 -0.507309377 1.06728482
 1006 -0.600292683 -0.334819436 0.855264187 -0.729419589
 1007 0.430038452 0.490739554 -1.65411854 0.309462309
 1008 -1.34874225 -0.394281358 -0.715997577 -1.13175631
 1009 0.532052994 -0.754006565 1.46253034E-02 -0.523562372
 1010 -0.811602354 1.49373150 -1.22929037 0.222995192
 1011 0.260019541 0.154258251 -0.168311730 -0.146008864
 1012 0.598176658 -0.217342943 1.31565225 -8.70254934E-02
 1013 -0.776280344 0.285359383 0.635028303 0.277548611
 1014 0.767141461 -2.10415053 0.468800485 -0.971027613
 1015 -0.502560496 -1.06774330 -0.370003074 -0.441911757
 1016 -0.318982065 -0.749923170 5.92135936E-02 0.629928589
 1017 0.978174925 -0.210356176 -1.63390195 1.60214686
 1018 -2.54972875E-02 -0.161417916 -1.06888831 0.188571766
 1019 -0.567602515 -1.19017339 -0.240022033 0.723036706
 1020 -1.23640847 -0.492623836 -0.146938398 -1.93395329
 1021 -0.515970051 -1.31033564 -0.934091449 -0.463552833
 1022 0.503692567 -7.40521774E-02 1.31656647 1.02088606
 1023 -1.27115917 -5.98227307E-02 -1.14482570 -1.41280866
 1024 -1.63345551 0.474663049 0.354448676 0.992671549
 1025 -0.812488675 0.491799355 0.902240396 -1.32915998
 1026 -0.707132459 -1.00347543 -2.10425901 0.464617729
 1027 -0.731681108 0.607789636 -0.672312438 9.98286307E-02
 1028 -1.18724120 0.158276215 -1.47247410 1.24840915
 1029 1.45585012 -1.75571334 -0.135409206 -1.48935688
 1030 0.323894352 5.03449142E-03 2.16438675 0.171115905
 1031 -0.121987462 1.44262862 -1.93280709 9.10078883E-02
 1032 -1.13656306 0.670238614 -0.277793765 -0.833814979
 1033 -0.281906128 1.05847809E-02 9.54486728E-02 1.33384824
 1034 0.604874730 1.57227254 -0.425339818 0.172537386
 1035 -0.477058828 -0.712171555 -0.651711226 -0.166880220
 1036 -1.05381775 -0.787674308 -1.18111944 1.04103625
 1037 -0.348820686 -2.02994823 -2.48026609 -2.75420833
 1038 -0.522953451 -0.337396830 -0.202706933 -1.08909798
 1039 -1.96324706 -0.165353209 -1.53982270 -1.09111238
 1040 9.38686654E-02 -0.901636481 0.448866695 -1.65521228
 1041 -0.746129811 -1.38407874 -0.768032849 1.06198406
 1042 -1.12913072 -0.127599895 -2.16759157 -0.779422879
 1043 2.19944239 0.452215523 -0.907678962 -1.30941212
 1044 1.36167347 -0.432144433 -1.62924159 -8.31128582E-02
 1045 0.803709149 -0.445068210 -0.642032623 -1.52460670
 1046 0.375610650 0.751357853 -1.08030665 -0.241762966
 1047 1.05868816 1.10975564 -0.198459491 -1.02535808
 1048 0.442403704 1.39540350 -2.58675051 -0.462773919
 1049 7.22900853E-02 -1.88377094 -0.729582667 -0.451423526
 1050 7.14046955E-02 1.04185891 -0.807356298 -1.03453314
 1051 0.305825651 0.667481184 -1.01766455 -0.704638898
 1052 -0.123467028 1.11489701 -0.867241979 -1.12333202
 1053 -0.408195883 -0.894539297 -0.767336667 -1.17980385
 1054 0.549985409 -1.01352942 -1.56827712 -1.41983092
 1055 -0.581295192 1.53253925 -0.179814041 0.375808299
 1056 0.510612249 1.58619201 -0.635201037 -1.50878763
 1057 -1.26569057 3.48772109E-03 -0.896828115 -2.12814546
 1058 0.905927002 0.553079009 -0.831130981 -1.07570338
 1059 -0.465384185 6.10971898E-02 0.176285833 -2.08413291
 1060 -1.31846309 0.698396921 0.777306199 -1.10948503
 1061 1.96217144 1.34283376 -0.258331597 -4.89546508E-02
 1062 -4.49542850E-02 0.126568362 -0.892245710 1.45248938
 1063 -0.411249518 0.335002124 -0.320116043 -0.759952426
 1064 -0.384878993 -0.107479759 0.465523303 -2.01359272
 1065 4.40160884E-03 1.54252052 0.550696552 0.211237460
 1066 -0.953340709 -0.513094783 -2.01220703 0.624536395
 1067 -0.504424036 -5.17497510E-02 -0.676362813 -0.733415842
 1068 -1.53695416 0.492721975 0.824203551 -0.597900867
 1069 -1.42761946 1.13316309 1.02448845 8.68550315E-02
 1070 1.72295487 -0.774522722 -2.47283340 -0.206583813
 1071 1.06655860 -0.799762428 -0.257292807 -0.714225948
 1072 -1.52241075 -5.52808493E-02 -0.209948614 -0.917959332
 1073 0.271408170 0.266479373 0.101441979 -1.45903754
 1074 -0.324774325 0.565877795 -0.961695671 0.132429361
 1075 -0.239238679 1.87453294 -1.14998662 0.862342238
 1076 4.73334603E-02 -0.128393561 -0.822764039 -0.415112555
 1077 0.933970809 1.92383981 -1.59197867 -0.979547501
 1078 -2.29325914 -0.628595948 -0.870988488 -1.40645099
 1079 -0.964857340 -0.799605787 -0.708666623 -2.48557162
 1080 -0.717283785 -0.793637633 -0.991932452 -0.428984255
 1081 0.625497580 0.844609737 -5.87654859E-02 -1.11402440
 1082 2.35631156 0.326588392 -2.68690586 -0.175676346
 1083 4.02888656E-02 0.424475610 -1.41699922 0.292048573
 1084 -0.822298646 0.444491088 -1.16327727 -0.461100280
 1085 0.583359659 1.31046093 -2.80370045 -1.91751993
 1086 1.79407215 1.50110197 -3.88844460E-02 0.828897536
 1087 -1.54143560 -1.22945428 -1.47488308 1.41364861
 1088 -2.16769695 0.115413435 -1.37141776 0.900669575
 1089 -1.13959503 -0.973421574 -0.817942679 2.25611997
 1090 1.34065175 -0.353420138 0.220606521 -0.392799050
 1091 1.28610170 -0.494615763 -0.754497468 -0.335726589
 1092 0.995633602 0.813420713 -1.49743438 -1.12991226
 1093 0.464895576 0.372317553 -0.438275874 -0.146871135
 1094 1.48364925 0.656309187 -2.27804017 4.86952662E-02
 1095 0.774598241 1.41926050 -0.479978502 0.404783726
 1096 0.470038235 -1.12502420 -0.972481251 1.06363654
 1097 0.502086997 -0.496910572 -1.44938064 0.455143809
 1098 -0.645638645 -0.264418095 -1.29279232 0.140002191
 1099 2.04713917 -0.336617619 -1.27754998 -1.24029768
 1100 -0.321379900 0.625128627 -1.88581371 8.19706693E-02
 1101 1.23019588 -0.507548869 -2.30933642 -0.893168867
 1102 -1.17984867 -0.201199204 -1.28318119 -0.566113532
 1103 0.873822093 0.635125458 -0.445715278 1.12024939
 1104 1.31825197 0.748480976 -0.657266617 -5.06661981E-02
 1105 0.635819554 -1.03587282 -1.62940156 -0.819942772
 1106 -1.85396028 7.59031177E-02 -1.89639878 3.19896638E-02
 1107 1.45812142 -4.88266572E-02 -0.885062397 0.926032245
 1108 9.40667689E-02 0.575551987 -0.791816354 1.15271616
 1109 -0.576593995 -3.78147066E-02 -2.46664214 1.66272044
 1110 1.41195673E-02 4.37115878E-02 -0.849888146 0.116671056
 1111 -0.850042999 -0.278248310 -2.62509847 2.05001926
 1112 1.72920048 0.306904405 -1.28197801 0.612598062
 1113 1.51569629 0.219243452 -0.668728232 2.60735273
 1114 1.02499902 -1.15038848 -1.27771604 0.791110754
 1115 3.40176895E-02 -4.32473421E-03 -1.06700790 -0.434154153
 1116 0.983393967 -0.568477273 -1.87312639 -1.71874022
 1117 1.23395836 0.715048969 -0.879185677 -0.977106273
 1118 -0.480228007 0.567205608 -1.71837270 -0.876112521
 1119 -0.862778127 2.17194296E-02 -1.53857613 1.36395884
 1120 -0.559486210 -1.37566733 -2.39643335 -1.34223545
 1121 0.282738298 0.310161322 -1.05384636 2.04131031
 1122 0.972922623 -0.341209829 -1.24781632 1.93254387
 1123 0.269376934 0.643261194 -0.656149209 0.936147094
 1124 6.04125336E-02 0.585917294 -1.37570930 -0.244528234
 1125 -1.03673005 0.992814362 -1.84871054 -1.16222107
 1126 -1.47627831 0.353611320 -2.45221376 -0.467825770
 1127 6.07150719E-02 -1.03157544 -0.785157740 0.349237770
 1128 -1.25843322 -0.891687453 -2.12345767 -1.44914234
 1129 1.06551290 -0.350493670 -1.07910621 2.14850235
 1130 1.10186636 0.561795592 -0.983854234 -1.34071040
 1131 -1.67587733 -0.174178705 -5.51894605E-02 0.104306616
 1132 -0.195470676 -0.349495918 -1.25902748 0.951332033
 1133 1.61563718 1.40891516 -1.26894963 1.15334153
 1134 -0.191137850 1.18910825 -0.487419456 0.904077530
 1135 -1.20628476 -0.789020896 -2.07047963 1.13286519
 1136 0.528518796 0.273096442 0.513602316 -0.424009562
 1137 -0.668548286 -0.905537248 -1.38229358 0.922006369
 1138 0.227856964 1.25661826 -2.56673956 1.33100700
 1139 -0.541136742 8.35278854E-02 -2.02376890 -1.84650922
 1140 0.122961029 2.36097908 0.314891964 -1.31162405
 1141 -0.809103251 2.08315468 -1.36305940 -1.92798746
 1142 0.303045988 1.24398088 -0.531173646 -1.19766068
 1143 1.02431774 0.906399369 -2.16432738 -2.16957188
 1144 1.13047647 1.88629782 -1.23195243 -0.366835266
 1145 -0.633486688 1.56866217 -0.827912211 -9.08302963E-02
 1146 1.09145880 0.920434892 -2.35238981 0.833237648
 1147 0.443506241 0.416072965 -1.57098520 0.514213562
 1148 -1.15368247 0.630168915 -0.469174951 -0.999290347
 1149 1.57863927 0.817435503 -2.08211970 -1.74761212
 1150 0.263749599 1.71303582 -0.646898150 -0.169745937
 1151 1.20226920 1.59312558 -1.29292703 -1.25856984
 1152 -1.24773598 1.62195039 -0.205209583 1.74204373
 1153 1.32453716 0.458622843 0.931449294 -1.20751214
 1154 0.411260366 0.142454699 0.590814233 0.404027820
 1155 0.579266667 0.608276844 0.654472589 -1.81523645
 1156 0.459236294 2.15241289 -0.367193967 -2.19411230
 1157 0.441472590 0.727740884 -0.773804545 -1.14513266
 1158 3.50299478E-03 -0.924527049 -1.15282118 -2.49502778
 1159 0.154154763 -0.717362583 -0.985648870 0.492338717
 1160 0.686264575 1.91575623 -1.26903284 -0.967438459
 1161 -0.646978021 1.84390259 1.84478164E-02 -1.44747376
 1162 1.90306199 0.158481821 -2.72447300 -0.100006588
 1163 1.26453495 1.91204953 0.223998666 0.383948088
 1164 0.261279643 1.85652566 -0.256972879 -1.14694798
 1165 -0.162894487 -0.104641132 -0.736818135 -0.872989297
 1166 0.995166183 -6.82166219E-02 -1.35070980 0.414416015
 1167 0.158356398 1.58533096 0.460984081 2.12525058
 1168 -1.27587533 1.07860446 -1.23775268 -0.305937707
 1169 0.798730254 0.294995010 0.256877959 -1.33489156
 1170 -0.992321789 0.170796067 1.88721502 -2.03284216
 1171 1.82592821 -0.676072240 -0.717530847 -1.47516799
 1172 -1.15288627 1.07412410 0.232819408 0.478034049
 1173 1.82906866 0.180607527 0.438143611 -1.99666190
 1174 0.305933505 1.14218462 -0.438093901 0.187176973
 1175 -5.45356683E-02 1.77955353 1.10205114E-02 -1.24271393
 1176 -6.17240667E-02 2.05829692 -1.85778117 0.342986822
 1177 -8.85513425E-03 1.58226490E-02 -1.42116165 -1.55371106
 1178 0.687896729 0.589369953 0.191528767 -1.69073510
 1179 -0.495038301 3.64555907 -0.808959007 0.707535148
 1180 0.980796754 0.445339084 0.296479523 0.593832672
 1181 0.334828138 1.62733817 -0.598829269 -0.254223496
 1182 0.512730777 -0.240243524 2.93003893 0.468536466
 1183 2.52911711 1.68350613 0.270126253 -2.11257839
 1184 0.317635000 0.613246799 0.419529796 0.689090788
 1185 0.253009111 -8.34260285E-02 1.95989752 0.179939300
 1186 0.148969442 0.622726262 -1.92477489 -0.425422400
 1187 0.251140893 1.12893140 0.427108109 -1.22360623
 1188 -0.294622928 0.945007563 1.24085903 0.242523998
 1189 -0.745971739 0.406314880 -0.820287824 -1.58272266
 1190 -0.147693634 1.11387968 -0.872578084 -2.28323042E-02
 1191 9.52211022E-02 -0.292962074 -0.604607224 -1.72421944
 1192 -0.968556881 0.929832876 7.81571120E-02 -1.16233587
 1193 0.200498372 0.837140501 0.485177547 5.72539940E-02
 1194 1.29511499 0.307749867 -1.54629791 -2.19711399
 1195 0.178913906 2.12267971 -0.149618790 -1.41082311
 1196 -0.208568305 1.73255575 1.18348277 2.10189843
 1197 -0.272169173 2.20014548 -2.09656024 -1.45314598
 1198 2.34315348 0.622712195 -0.806684971 -1.83092105
 1199 -0.305291891 1.05311155 -0.281393170 -1.32611525
 1200 -0.248918414 0.788997769 0.297387838 -0.805654287
 1201 -0.259275824 2.11370587 -1.24963391 -1.13541079
 1202 1.88405955 1.47356129 2.26180482 -1.11981392
 1203 0.449442029 2.33948469 0.779094577 -1.36689568
 1204 0.141696081 1.60736835 -1.67318273 -0.291911751
 1205 1.02790964 1.20073831 0.136966974 -1.86628556
 1206 6.29276037E-02 1.35863578 -9.77040976E-02 -2.01965690
 1207 0.322525740 0.996601760 0.833892226 -0.727052450
 1208 -0.861082315 0.613062322 0.356856525 2.05658293
 1209 2.11413050 2.33762407 -1.06793666 -2.47971773
 1210 -1.77756929 1.24578428 0.215410918 -1.00634181
 1211 1.75920177 0.320688844 -0.868971884 -1.26789474
 1212 -0.623137295 0.492625773 -0.657778561 0.916925430
 1213 0.174299940 0.104738839 -1.12324214 1.68112624
 1214 0.696532726 1.88683999 -0.290261775 -1.25937247
 1215 -1.25585997 -6.17568344E-02 -0.938405752 -1.18287563
 1216 0.479334414 1.64604545 -6.05280437E-02 -2.16419029
 1217 -0.851999998 7.17361420E-02 0.434907079 -6.30430430E-02
 1218 1.12860417 -0.626687765 -3.02791595 0.518272877
 1219 0.360966384 1.02112639 6.75611198E-03 -0.102261856
 1220 -0.331454754 0.371558338 -0.251602560 -1.11788416
 1221 1.33016086 1.14321542 -1.48465967 -1.67617869
 1222 1.24477983 1.48728049 1.08916509 0.328359932
 1223 -0.742106259 1.07954645 2.96469331E-02 -0.983736157
 1224 0.910852790 0.154474780 0.255483925 -1.64830089
 1225 0.374976635 0.466737092 -2.15063500 2.18384790
 1226 0.253858447 0.632210493 -0.354672790 -1.47937346
 1227 0.739209652 0.556151450 0.848004162 -0.896244884
 1228 -6.54968545E-02 -0.343949258 0.163179636 -0.897082806
 1229 -0.173915148 0.948872209 -2.46079731 -1.90505099
 1230 0.685410976 0.251388848 0.722524047 -1.64966679
 1231 -2.61652470E-02 0.843660235 -1.40448165 -1.12873948
 1232 -0.199184060 -2.28769779E-02 1.25045347 0.231697798
 1233 -8.79452676E-02 0.633088350 -0.258531511 -1.42459726
 1234 1.41947699 1.39924955 0.930315793 -1.69684267
 1235 0.665556431 0.207654357 -0.651352704 -1.36044014
 1236 0.220743716 2.19645977 -2.02399039 -1.04432273
 1237 0.870186150 1.42239928 -1.23645127 -1.90095043
 1238 2.23139375E-02 0.583976507 0.243632168 -2.35332288E-02
 1239 2.63954353 0.348095000 0.577754736 -1.37972295
 1240 1.14721680 0.924218059 -1.99621010 -0.767157674
 1241 0.927423179 -0.111879185 1.29074007E-02 -1.78768969
 1242 0.563602805 0.203410000 1.09958255 -1.80522859
 1243 1.29119384 -6.96762502E-02 -0.503052056 -3.43450829E-02
 1244 -2.11639628E-02 0.363329113 -1.67279828 5.23543879E-02
 1245 0.433935374 1.46965969 0.179429352 -0.770007551
 1246 1.56066108 0.956106544 -2.30029058 -1.29513586
 1247 1.71093786 -7.34171867E-02 -0.923706710 -1.93681419
 1248 0.593098342 0.139190763 -0.932635248 -1.34891331
 1249 1.92251444 0.687684953 0.673422277 9.48519334E-02
 1250 0.786571801 1.35498738 -0.590347052 -0.239647329
 1251 1.37354434E-03 1.47798574 -0.771000385 -1.36483860
 1252 -1.20699275 0.737391770 0.798993647 2.09588146
 1253 -0.204901010 2.61605525 1.05775940 -1.85126650
 1254 2.42860413 2.29906583 -2.23187971 -1.98539829
 1255 1.93628001 0.739023328 -0.790716171 -1.78482127
 1256 0.793498218 1.33010995 -0.372952461 0.392203540
 1257 1.38275397 0.451997310 -1.35958147 -1.63353741
 1258 0.451152474 1.53226542 -1.62491095 1.49962389
 1259 0.842917144 0.966741323 0.367326200 0.227137670
 1260 -0.906747282 -0.349104434 1.94045758 -0.205260456
 1261 0.234771669 0.670421183 0.562376380 -1.20639133
 1262 0.166068017 0.419600427 -0.940809727 -1.83171654
 1263 2.06433392 1.03338635 -0.394452810 -1.64207268
 1264 0.811833978 -0.610687315 -1.33276463 -1.91248786
 1265 -0.131645545 6.85646534E-02 0.524160683 0.578537822
 1266 0.841568530 -0.106857419 0.338830948 -1.57857311
 1267 2.11587119 0.734086633 -3.68661976 -0.824501276
 1268 1.43281746 7.50321150E-02 -0.930314243 -2.19974113
 1269 -0.252640128 1.46370614 2.07617831 -1.76678336
 1270 1.06792843 1.19309855 -1.12925053 -0.524589598
 1271 -6.01213574E-02 0.637676358 -1.27196062 -1.89266396
 1272 -1.00253952 0.993196666 0.560207784 -2.23420048
 1273 1.17112064 1.67670500 -1.17294943 -7.57641122E-02
 1274 1.06581807 -0.250234276 -1.48230577 -2.10408735
 1275 1.79494846 0.565840006 -2.27699137 -1.61609066
 1276 0.797833800 0.684518695 1.35182190 0.452931583
 1277 0.510244489 0.897039711 -0.927376866 -0.911660075
 1278 0.619009554 1.27971542 0.132475376 -1.62481642
 1279 0.323133141 1.07125103 -0.329881221 -1.13775694
 1280 -1.84260750 0.863297045 -0.198295772 -0.248700857
 1281 1.03359997 0.194979787 -1.33563232 -0.298717946
 1282 -0.753239870 5.47938049E-02 0.423401803 0.437392294
 1283 1.48333991 -8.37510973E-02 -6.31897524E-02 0.580738246
 1284 -5.94123602E-02 -0.376275837 -1.98359537 -1.67554128
 1285 -0.705079675 2.47356057 -0.114366278 -0.387018383
