 1 -0.737799168 0.340223104 1.74360156 1.24559045
 2 -1.78365076 0.892298162 1.31936038 -1.07857561
 3 -0.865592539 9.05927569E-02 2.91419148 0.600279808
 4 0.326925814 0.304592937 -2.18274999 -0.581761897
 5 -0.421158433 -0.755633891 -1.57064152 0.792169809
 6 -1.24583471 -0.150957316 -1.43433750 -0.968861997
 7 -0.109279446 0.126968741 0.220715761 -0.671154022
 8 0.156244561 0.850377619 -0.576768994 -0.798953235
 9 -0.959287703 0.695924163 0.458873868 0.152914926
 10 -1.75897729 -0.255786985 -0.111934364 -0.268925786
 11 -1.75361681 -0.918147802 -2.16340065 -0.244702682
 12 -0.443138391 1.39192188 -0.529081583 -0.151337206
 13 -1.26839077 -2.12230301 -1.05051315 -0.349064887
 14 -0.880793393 0.283439606 0.151697427 0.539581060
 15 0.420267135 0.702443004 1.58759975 0.540545881
 16 -1.29722071 1.79468060 -0.518012285 0.194134638
 17 -1.15092981 -2.68693924 1.33016348 0.335392058
 18 -0.918886065 -0.820671797 -9.70310867E-02 -0.340016186
 19 -1.64372230 0.351702631 1.08222449 -8.59417021E-02
 20 -0.252612561 -0.249202788 -1.64626193 0.658014238
 21 -1.66176569 0.106986761 -1.15279436 -0.223975390
 22 -1.16020453 0.333993226 1.06074488 4.10909951E-02
 23 -0.482646048 9.71128345E-02 -1.07049906 0.542219281
 24 -0.149037153 0.440217853 1.00040841 2.09807277
 25 0.469879985 0.306774557 -0.809900224 1.23259878
 26 1.32543397 -1.11912239 -1.16988802 0.833283365
 27 -0.365131706 -1.03108406 0.529448330 1.90504956
 28 3.32315788E-02 -0.651435196 0.135789737 0.578554630
 29 -0.866315126 -0.329289109 0.290695965 0.789461613
 30 -0.935168028 0.986303151 -0.638256907 1.11665511
 31 0.326470256 -1.04573178 -0.267500013 -0.724281132
 32 -0.618368268 1.99147820 -2.03374910 -0.320948273
 33 -1.00263429 -0.184709013 0.910219073 -0.902730048
 34 0.435403466 0.537455320 -0.867157042 1.26462483
 35 0.129961491 -0.631840765 -1.21852016 0.391111612
 36 -1.19506240 1.03080487 -1.49843323 1.92801476
 37 -6.53134882E-02 0.459588915 -0.144372419 -0.614851654
 38 9.70886126E-02 -1.23656046 2.26515865 1.28760386
 39 -1.13971317 0.380402148 0.499824643 0.324633062
 40 -0.101925045 -1.30581737 1.07178783 -0.579306126
 41 0.773311794 0.249802172 0.278482378 0.769431412
 42 -0.204021335 1.38274693 0.469202638 1.43880153
 43 -1.04255259 0.371387243 0.775432229 -0.889874935
 44 -1.43475950 0.600850761 -1.97422910 0.307272732
 45 0.101068124 0.868299186 0.857954741 -0.114888534
 46 0.770576060 0.600299835 1.53845930 2.06833386
 47 -0.596665800 0.786744714 2.91515136 0.807501674
 48 0.808359027 -1.06785071 1.19180310 0.669063449
 49 1.00894952 -0.351469696 9.80621576E-02 -1.12228000
 50 0.802510202 0.977335036 -0.746097565 0.544035852
 51 -0.396481037 1.14210832 0.342137843 -0.642240763
 52 0.133470908 0.427677274 1.33175731 0.239157319
 53 -0.953862131 0.969916463 -0.427989811 1.03083718
 54 0.275191277 -1.25276291 1.82859278 -0.564454675
 55 -0.880729556 -0.190669373 0.757814586 0.229437381
 56 1.43935061 0.572266936 -0.447491646 0.185203940
 57 -1.31781542 -6.03977591E-02 0.157940492 0.155311242
 58 0.769030273 0.774377525 -0.152466118 0.580338180
 59 -1.28733087 -0.266272277 -0.254023910 -3.90743762E-02
 60 -0.117559373 -0.358195186 0.541968822 -1.22663736
 61 -0.202685684 -1.08228624E-02 1.44756711 2.26639223
 62 -0.190166518 -1.91048813 1.37962627 -0.573046446
 63 -1.37194800 3.93961929E-02 0.636044919 1.87564969
 64 -0.769815207 0.296726763 0.992458284 0.708878160
 65 -1.82167578 -7.46805966E-02 7.65401125E-02 -0.609931886
 66 -0.677300334 -0.172394291 0.341935217 1.52603436
 67 1.43596709 1.00217581 -0.749857903 0.463962913
 68 -4.96958271E-02 0.888707757 -0.421522319 -1.00861132
 69 0.380190164 -0.275866777 8.14271122E-02 -0.701818585
 70 0.459554791 1.34658980 -0.665967047 1.88888538
 71 -0.846318960 1.22651160 1.99088871 -0.552550435
 72 1.09220159 1.47707379 -1.91692615 0.652693093
 73 -0.628334641 -9.06704664E-02 1.70191026 0.915317476
 74 1.16028702 -1.51304150 1.01250041 -0.956865609
 75 1.23744845 0.497483253 -6.39644116E-02 0.670237899
 76 -1.25272095 -1.66863441 0.844424903 0.145943969
 77 1.03340697 1.50466895 -1.55337536 -0.489984125
 78 -0.683617830 0.364447534 0.510859132 0.662991405
 79 1.63637292 -1.28722763 -0.765403509 0.633340895
 80 -1.43613696 -0.754215598 -6.43093288E-02 -0.158925802
 81 -3.54219899E-02 -0.232218981 1.15445006 1.08732915
 82 0.482829541 0.150557712 0.560009003 0.492789209
 83 -0.104505338 1.00856566 -0.709301829 -0.809652448
 84 0.523164034 0.550650299 -0.353389978 -0.871926785
 85 0.361050904 -0.328120410 -0.315315425 1.33342433
 86 -0.738986015 0.253591537 -0.645535707 0.740555525
 87 0.123471648 -0.288357675 0.432679415 -0.374206424
 88 -0.661247373 0.118770264 0.273001641 -0.526574731
 89 -0.942562521 -0.308541209 -0.597851872 0.608277202
 90 -0.811681747 1.00066781 0.942434430 0.181236640
 91 -1.10716772 0.908822954 -0.128710553 9.01649892E-02
 92 8.39865580E-03 2.06834149 -0.662265539 0.162009180
 93 0.360152066 1.49866843 0.757134497 1.20077968
 94 0.638934553 0.986457050 1.67182481 1.48331118
 95 -0.441358417 0.554063261 1.40104055 -0.426642329
 96 0.215854600 0.165725768 0.362125337 1.86342323
 97 0.714210868 4.29618731E-02 -0.888449848 0.846513033
 98 0.444417030 1.32832038 0.796842515 2.07491803
 99 -0.209916726 0.577529371 -0.548532248 -0.499832481
 100 -0.823600650 0.824410260 0.808826268 1.79074192
 101 -5.72219267E-02 0.664707482 0.560428739 -0.674801469
 102 -1.37285304 -1.43230534 -0.233837515 1.07872748
 103 -0.722109973 1.04927576 2.87169069E-02 1.21550739
 104 -0.980950356 1.68415332 0.770438910 -0.938749611
 105 -4.59769629E-02 1.31504369 -0.990896463 0.487853050
 106 -3.64229605E-02 0.101155937 1.90646470 0.827018142
 107 -0.291230947 0.545591116 0.447529107 -0.867805898
 108 1.01238906 0.386487246 -0.449645758 0.235133737
 109 1.62267935 0.764041543 0.239405036 0.725107610
 110 0.212731317 -0.146924004 0.812824965 0.795660436
 111 -0.286370903 -1.49245620 1.35865569 0.595647633
 112 -5.11162430E-02 0.149518147 1.36940253 0.642083943
 113 0.268313617 0.722567618 1.80604160E-02 0.705593228
 114 -1.28957582 -8.52090195E-02 0.798758388 -0.552839577
 115 -0.583999455 -1.17908919 -1.00884342 1.50238264
 116 -0.799183369 -0.852935076 -1.37385273 1.41715908
 117 -1.40056431 0.431601405 -0.744668067 -0.913396180
 118 -0.226969510 0.132735133 0.779749632 -2.28079706E-02
 119 -0.813868523 0.202825889 -1.58651304 0.115006015
 120 -1.42721796 0.424324155 -0.152842104 2.43631303E-02
 121 0.503538191 1.28481221 -1.55738378 1.72129047
 122 0.505611956 6.14812970E-02 -1.23391962 1.17356718
 123 -0.260896713 2.15232563 1.21801341 -0.482854068
 124 0.249531746 -0.751079321 1.49926901 0.613981724
 125 -6.95405155E-03 -0.107771471 0.985345960 0.510618746
 126 0.870255828 -0.330602527 1.10945380 1.10619545
 127 -1.32033348 -1.43797708 -1.10981536 1.01829243
 128 2.64838934E-02 0.783462465 -1.87052417 0.567053437
 129 0.479709506 -0.216361463 0.440315634 0.929481268
 130 -1.62328482 -5.30693531E-02 0.155563906 0.520008266
 131 -0.768969834 -1.52438498 -0.463866234 -0.390548885
 132 -1.75726175 0.435020536 2.67028362E-02 5.13746589E-02
 133 -0.933517754 1.01101995 1.27984190 0.217360362
 134 -0.324437946 8.08895975E-02 -0.125021294 -0.907684684
 135 -0.257467568 -0.108042702 1.13475204 -0.672091484
 136 8.42317939E-03 0.631412029 1.48763204 0.297349393
 137 -0.756277859 -0.625276923 -1.12952483 -0.734304070
 138 0.282255590 0.682788074 2.33354473 -0.158989981
 139 -1.21936774 1.46496964 -0.975816488 1.81207073
 140 -0.872453213 1.34190774 -1.46250689 1.08526301
 141 -1.29649675 -0.652793527 0.253410280 0.347986102
 142 -1.07372522 -0.477653265 1.61404037 -0.848244309
 143 -1.53920019 1.51972711 0.138055310 1.84979057
 144 -1.06397998 0.435231566 0.735990703 0.929305494
 145 -0.155292079 -0.503115296 -9.85055640E-02 -0.906124890
 146 -0.878192425 -1.07294190 1.16130590 -0.321648449
 147 -1.58431816 1.21858716 0.426110536 0.280389905
 148 -2.01791525E-04 0.235726565 1.34865975 0.612879634
 149 -0.749604285 1.50029715E-02 0.978874505 0.449449778
 150 -0.514855146 1.52845442 -0.630192399 0.544216633
 151 -0.278587818 3.37751061E-02 -0.879040003 -0.841341853
 152 -0.123832844 0.779206276 -1.24347222 0.328056067
 153 0.118047461 -0.301242352 1.71790230 0.624607027
 154 0.343580663 1.43908024 1.20605552 -0.199225262
 155 -0.459393799 0.370696247 -0.354592264 -0.990340590
 156 -0.459373862 0.136582434 -1.43984282 0.185113534
 157 -0.811446488 1.31604779 -1.58878088 -0.212444723
 158 -1.00179207 -3.66220474E-02 0.156426549 0.184390202
 159 -1.60193110 -0.127684712 0.381328732 1.83467984
 160 0.645793438 0.617443979 -0.488610506 0.980153501
 161 -0.318710983 0.269859523 -4.91092503E-02 -1.10970140
 162 0.536568046 1.93167830 0.661588728 2.40744567
 163 -2.00549178E-02 -0.865014553 -0.617252409 0.153554231
 164 -0.985191703 -0.952034712 -0.161562517 0.923682809
 165 -1.50212359 1.10498071 -8.00665617E-02 0.737625837
 166 -1.03694367 0.865310550 -1.33464265 0.165918142
 167 -1.77080836E-02 2.16294360 0.250046551 -1.02261901
 168 0.362657696 -0.601337433 5.89373596E-02 1.78195357
 169 -0.982906461 0.941622138 -0.673439741 0.663287938
 170 -0.707672179 -1.18469405 0.463485658 1.26325858
 171 -0.208649546 0.856611013 0.277558088 -0.346481383
 172 -1.05068588 1.23488724 -0.370097637 0.285148144
 173 -0.583635092 0.786940038 0.503722429 0.787040353
 174 -1.89596665 0.778007329 -1.41647184 -0.792680383
 175 1.01574945 0.303786010 -0.942998409 -0.404785901
 176 0.363029778 -0.496893108 -0.129530370 0.724115789
 177 -1.20717025 6.78420365E-02 -1.64294434 -0.876386285
 178 -0.614299417 0.267868429 -0.110136285 -0.858642697
 179 -1.67813361 -1.01882946 0.431584835 0.434756935
 180 -0.191923186 -0.585344195 -0.517772555 1.33783579
 181 -1.45035088E-02 -0.475622207 -0.763373256 -0.751107812
 182 -1.96819985 0.681146204 -0.871170461 0.427599162
 183 0.261174560 0.274258524 5.06998152E-02 -0.786974728
 184 -0.633815587 0.617872477 -8.23198855E-02 0.997172952
 185 0.785965741 -0.564166605 -0.670859516 -1.00469184
 186 -0.397540599 -0.277215660 -1.49964416 -0.506096840
 187 0.929296553 -2.34655452 0.251879126 -0.614868104
 188 -2.10700345 1.59714437 0.213172197 0.906798482
 189 -0.691970289 0.471453488 -1.68039989 -1.08616424
 190 -0.242676795 0.978540659 -0.249874443 2.04346013
 191 0.675077915 0.669258714 -2.23817563 -1.12924302
 192 -0.805217803 9.19809341E-02 -0.646053851 -0.252292216
 193 -1.21948814 -0.205474630 -0.890112996 -1.11137128
 194 3.82693261E-02 -0.243005842 0.385047853 -1.09283555
 195 -1.13599336 1.14765596 -1.48772192 -0.574466228
 196 6.42350689E-02 1.29685044 -0.764244437 -0.349972725
 197 -1.28403962 2.22710706E-03 -1.02957535 -2.08909661E-02
 198 -9.09774676E-02 -0.150136918 -1.73389506 0.237899974
 199 -0.557415724 0.154299974 -0.751044631 1.47034085
 200 0.442171246 1.20091462 0.778259218 0.121771991
 201 -0.932845771 -1.49486709 2.42372489 -0.576098561
 202 -0.138603300 4.45562601E-02 -0.615248561 0.613680482
 203 -1.20849586 -1.84656084 -0.851170182 0.376173139
 204 0.431265742 -7.32254907E-02 2.43205070 0.718071520
 205 0.146340355 1.85540366 1.41834617 0.486509472
 206 -3.05280089E-04 -0.728985369 -1.43177187 1.62083316
 207 -0.976199567 -0.773779273 2.73121595E-02 -0.714704573
 208 -0.576016366 -1.25833845 -0.811787665 0.750051975
 209 0.240050048 -0.149605036 -0.493741125 -6.63780719E-02
 210 -0.258393496 1.59075749 -0.291534305 5.50214946E-02
 211 -0.535448551 0.163068309 -0.997427404 -0.657365918
 212 -0.250395805 0.908070743 1.00887096 2.14903617
 213 0.347640514 1.13772547 -3.26732099E-02 1.24612677
 214 -0.306407630 2.54654455 0.385855079 0.251958996
 215 -0.772269726 0.108861171 0.189350322 -0.490518600
 216 0.531520009 0.936984539 0.588972270 -0.992312968
 217 -0.621240437 1.29067445 1.19375026 2.36890006
 218 -8.17008018E-02 1.56077588 1.58993828 -0.331456423
 219 0.916640818 0.999876082 0.693625808 1.15734684
 220 -0.260320902 8.96319300E-02 -1.35588944E-02 1.49886465
 221 3.02374437E-02 0.264433026 -0.933454812 0.920487761
 222 0.730851293 1.47501135 0.827557564 2.30497265
 223 0.386835009 0.353484720 0.801370621 -0.322581530
 224 -1.18958569 -0.386257470 0.846594691 0.504403114
 225 0.815106809 -0.253749967 -1.34988165 -0.899203181
 226 0.997606874 2.54215884 0.520089388 0.703739703
 227 -0.445708185 0.913114667 0.278651923 0.415870219
 228 -0.831124306 -0.198245674 1.54335070 1.82811344
 229 -0.299951017 8.14064592E-02 1.77040589 0.574948013
 230 0.700692296 -1.15449727 0.811292589 -0.878503203
 231 -0.239804655 1.96577454 0.566250026 0.368910909
 232 -0.491914719 -0.446279526 1.73256350 0.485671878
 233 -0.862232208 0.582887590 0.524931073 1.73667502
 234 -0.586768925 -0.369659483 1.95897985 0.291715413
 235 -0.217672855 0.301770866 -0.479258597 -0.814015329
 236 -0.560082436 2.65398622 0.623525739 0.853931010
 237 -0.278874308 -0.628911972 -2.57242799 -0.626672506
 238 1.11370265 -0.242760450 -1.79026508 -1.04017723
 239 -0.960156739 1.53641486 0.163485080 1.10053718
 240 0.660675824 0.576410055 1.88640916 0.597376406
 241 0.259068966 -1.92456245E-02 -1.92439651 -0.703467846
 242 -1.49578404 0.879241228 -0.538799047 -0.881478846
 243 -0.419805795 0.826437175 -0.977472603 -0.734288812
 244 0.228525758 1.19275093 1.00020921 -0.541945457
 245 -0.201667532 1.42124951 -1.22265124 2.34022141
 246 1.68778145 0.945355773 -0.730171144 -0.751288176
 247 -2.80807912E-02 -0.295720220 -0.830216646 -0.693039536
 248 -0.309445262 0.891993999 -1.22863376 -0.196309298
 249 -1.41144681 1.17906022 0.672318935 -0.935569823
 250 1.78725064 -0.796934128 -0.365121603 0.670638502
 251 -0.797023475 7.07269758E-02 1.00410831 0.416618049
 252 0.522825480 0.518998265 0.537634850 -0.254656941
 253 -0.752305090 0.484320074 1.83298516 2.00998473
 254 5.96466810E-02 2.82202435 0.942141414 0.254145741
 255 -0.291577756 -1.83633840 -0.582779825 -0.145959973
 256 -0.972909033 2.08530903 0.466735125 1.32680988
 257 -0.101316243 0.702723324 0.127532557 -0.486768901
 258 0.201894209 1.34880543E-02 -0.682141542 1.20759356
 259 1.29852343 0.496083736 0.569122732 -0.548938513
 260 -0.972259998 1.13214362 5.02339900E-02 0.253372818
 261 -2.83393097 -0.183163241 -8.68854374E-02 0.169589877
 262 -0.548435986 0.712828219 -0.481693953 0.109314695
 263 -1.30753732 -0.189743936 -0.632419229 -0.587785602
 264 0.443601727 0.256028414 6.17522448E-02 0.571164668
 265 -3.04177590E-02 -0.110285312 -1.44991684 -0.999053717
 266 -1.01079118 -0.646384716 -2.22800469 1.16140699
 267 0.817502856 8.99543911E-02 0.436158895 0.438682735
 268 -1.50368285 9.63985622E-02 0.231560111 1.83221352
 269 0.686979532 1.00325286 2.03160644 2.24888802
 270 -1.01664269 -0.869053364 1.86163497 -0.930908978
 271 0.464023530 -0.143939421 0.665013790 1.78596747
 272 0.441957951 -0.993406951 5.09255379E-02 0.611321270
 273 -0.198663414 -4.82711568E-03 -0.758835733 -1.08198309
 274 -1.77997649 0.713140905 1.64748800 0.474422038
 275 5.38313873E-02 -0.706663489 0.947662294 0.782377958
 276 -1.11386251 0.545552492 0.394462228 0.409589440
 277 -0.159788057 0.585557163 1.11820912 0.939596057
 278 0.525796473 -2.29653083E-02 -0.135098994 -0.130801365
 279 -1.34044790 -1.79520667 3.10673046 0.951348424
 280 -0.286002576 4.31463793E-02 0.846500337 9.03265178E-02
 281 -0.588855863 -0.618511081 1.38099945 0.636062324
 282 -0.373030275 0.938119888 -0.774493396 0.597816348
 283 -0.605943441 -0.254948229 4.51636910E-02 -0.942873240
 284 -0.351719081 -0.239369258 0.719187617 -5.64484149E-02
 285 1.28189707 0.578188300 1.33151615 1.69371653
 286 0.489659280 2.81142965E-02 0.521308005 -0.556678236
 287 0.163530275 0.527841628 1.96779716 -0.819146931
 288 -0.111044027 5.45765758E-02 -0.273411632 1.03313303
 289 0.509215474 -0.473295212 1.02547836 1.25548255
 290 1.37787199 1.21762037 1.62662506 0.744559824
 291 -0.340354651 1.43776095 0.356562078 0.140610978
 292 -0.952989936 1.16878879 -1.33660305 2.16251945
 293 -1.20178509 1.17810214 2.37766623 0.634394586
 294 0.512274742 -0.320818752 1.89913678 0.125055224
 295 -0.778907418 -0.473759353 -6.09841943E-02 8.60157609E-03
 296 0.297417521 -1.84380841 -1.88366258 1.22778773
 297 0.338862568 9.24699157E-02 1.04115891 0.245293245
 298 -0.205747485 -0.805965185 0.114282258 -0.320532531
 299 -0.659008026 -0.282565296 -0.108786955 0.610473335
 300 -1.06665325 -0.297537148 -0.382377565 0.535961032
 301 1.27483225 1.95352100E-02 0.332448661 -1.03836012
 302 -0.883959651 1.11164272 -0.109809779 -0.710374057
 303 -1.95408094 -0.460026324 -1.30123413 -0.885781050
 304 0.750005007 -0.596980333 0.599865437 -0.672129273
 305 -1.44944358 0.390236169 0.358452082 1.71248686
 306 1.39328623 -9.05528218E-02 0.806701183 2.51216316
 307 -0.404275864 -0.416412890 0.267236024 -0.688781857
 308 -0.717804432 0.155374810 -0.587386608 -0.189828843
 309 1.52941251 0.976974010 0.527994692 2.23328519
 310 5.97302616E-02 0.379670322 -0.377339661 -0.726164937
 311 -0.740388751 -0.120913088 1.63576758 0.821173429
 312 0.223255247 -0.328763813 2.03083062 1.99830270
 313 -1.92926681 -0.483763874 0.221026853 -0.642290831
 314 0.393456012 -0.282833397 -3.01733184 -0.204202175
 315 -3.40799205E-02 -0.162800670 2.52946782 2.29953790
 316 0.553157330 1.01494277 0.963446379 1.05137825
 317 0.834912658 -1.00857651 -0.244277999 0.622802734
 318 0.817824721 0.639804721 1.16763687 1.47556365
 319 0.776813149 1.50589836 1.06177258 0.771102250
 320 1.98126686 0.976130843 0.520157337 1.31496751
 321 -0.785199404 0.770557940 -0.324856937 1.36053336
 322 -1.86556387 0.793796360 0.335633755 0.670498431
 323 0.284880310 0.520291567 0.196434692 0.591064155
 324 -1.01037204 -2.42323661 0.692665458 -0.306496710
 325 -0.609753609 -1.68489146 -1.34952641 -0.650575876
 326 0.871284366 -7.76058435E-03 -1.95286524 3.72475386E-03
 327 0.103313290 -0.789039433 0.196267962 0.239918590
 328 1.71171501E-02 -1.06998885 -1.30461431 -0.422446281
 329 1.18174517 -0.945795119 -1.24264205 2.25876421E-02
 330 1.14791346 -0.309428155 0.290830553 -0.273236722
 331 1.35798299 -0.149511814 -9.46117491E-02 -0.284287155
 332 -0.132609397 1.03606987 0.315282434 -0.799269140
 333 -0.985113084 0.698266149 1.54474592 0.745508075
 334 0.293048233 -1.06520772 3.80826592E-02 2.10257459
 335 -1.00364542 -8.50408897E-02 1.04709411 0.715467632
 336 -0.471712887 -1.41645074E-02 1.79592574 -0.572018862
 337 1.15403271 -8.45184922E-03 0.682254314 -7.98261240E-02
 338 5.61297610E-02 -0.607078731 -0.110693276 -0.763746500
 339 -0.170805693 -0.839246213 1.81852877E-02 0.421891570
 340 0.956030250 -0.985571682 -7.89438486E-02 0.435678542
 341 1.47966325 -0.914018869 0.313333243 -0.930650473
 342 -0.683113635 -1.02054036 0.161769837 0.409607381
 343 5.77095151E-02 1.34683013 1.79458725 0.796654701
 344 0.479896158 1.31675911 2.11654305 0.347170770
 345 -0.936493337 0.887114465 -1.55567601E-02 -0.344338417
 346 -2.57637054E-02 -2.78853297 1.79549623 0.684786260
 347 6.40676767E-02 1.91342247 0.985966027 0.357227921
 348 2.72160769E-02 7.05013573E-02 1.22191679 1.87111294
 349 1.16321623 0.582854748 -0.104896337 -0.731548429
 350 0.649141908 1.93553960 -0.757943928 6.14903122E-02
 351 -1.55686200 0.695123196 1.16319978 -0.118484229
 352 -0.190155610 0.967383921 1.14489722 -0.219539911
 353 -0.578874707 1.21677446 1.65739465 1.55718255
 354 -0.136059314 -1.58596933E-02 -2.17569709 -0.992805779
 355 4.74068709E-02 0.231660664 -0.793449342 -1.02186441
 356 -0.623246729 0.697787941 -0.824740708 -0.289499819
 357 -0.377072692 0.566833019 0.197243065 1.86536574
 358 0.165227875 -1.50766659 0.474511206 0.811026514
 359 -0.475696683 3.22147235E-02 1.61691260 2.57349563
 360 1.66222715 0.305223376 -1.97780654E-02 0.879604757
 361 -6.12130016E-03 -0.772320390 1.06543648 -0.932831764
 362 0.122197390 2.43866146E-02 3.95626053E-02 0.639138043
 363 -8.46141577E-02 0.159301907 0.173545748 0.389093488
 364 -1.17609549 1.33042574 0.406135619 0.844598413
 365 -7.30269253E-02 -0.491470486 0.838590443 -0.547384739
 366 0.776143909 0.155018419 0.128657877 -0.608157039
 367 -0.661536932 -1.08040369 -0.836464703 -1.13967061
 368 -0.851329505 -0.591264129 0.222718328 0.267341107
 369 -1.23233783 -1.03188050 -0.457530618 0.175112918
 370 0.865212083 -4.12990525E-02 0.218095645 3.70293111E-02
 371 0.912629008 -0.528242409 1.53379321 0.207202613
 372 0.516642511 -0.327224016 0.793557823 0.678961098
 373 0.832254112 -4.31756675E-03 2.52332616 0.445312262
 374 0.484956980 0.765029550 1.24880135 1.78400695
 375 0.135734200 0.292623073 0.185958505 1.73097587
 376 9.95229632E-02 -0.983373702 0.455327213 -0.707166553
 377 0.682234585 -0.795540631 1.07701743 -0.756890118
 378 0.166464090 1.45455527 1.31705570 1.11965132
 379 -2.22486448 -1.65906274 1.20698559 4.16672528E-02
 380 0.409655869 -0.688297868 1.12294686 0.695925415
 381 1.81135702 -7.10309371E-02 -0.390761703 0.928518057
 382 0.172061518 0.500313044 0.183010489 -0.180162132
 383 -0.903229475 -0.370334148 -0.234175712 0.797814846
 384 -0.859624326 2.68405378E-02 -1.53053272 -0.172667682
 385 0.872807920 -0.315506637 0.406013876 0.453157902
 386 -0.203052253 2.28976655 -0.722651780 -0.873838067
 387 -0.275641382 1.50796920E-02 1.28463233 2.35543704
 388 -2.00439334 1.77656019 -0.479410648 0.534785509
 389 -0.113350525 0.290970862 -0.394341826 0.899285734
 390 -1.05515194 1.23423910 0.299524009 -0.329904228
 391 2.46642083E-02 0.723194718 1.68659592 0.775716186
 392 -0.415861666 1.61018467 1.07774615 0.508345962
 393 -0.646775544 1.28401768 0.614044189 -0.370645463
 394 -0.494274557 3.52776051E-02 -1.02904248 0.237281457
 395 -2.03553224 1.08381653 -0.261022061 -0.992516160
 396 -0.329681247 0.885913491 1.28825998 0.850134492
 397 1.27792072 -0.575654745 0.624663591 2.35232687
 398 0.366114438 0.202163160 -0.169755161 1.46739614
 399 -0.450311959 -1.68553293 0.617556334 -0.399529338
 400 1.01534092 0.416299790 0.941996932 -0.561380863
 401 0.639773250 0.614978313 1.66070449 0.696476579
 402 -1.24480212 -2.18401670 -0.489325553 0.273359954
 403 -1.58273542 -1.40071213E-02 -1.10992467 0.619903505
 404 0.665909648 1.78530979 2.78387332 2.03476596
 405 0.502356768 0.565962434 0.123225465 2.30475068
 406 -0.865699291 -0.334298193 -0.500851870 0.600646019
 407 -1.33353591 -2.33393908E-02 0.580873728 0.113281041
 408 -9.80129987E-02 0.712021351 0.929230452 -0.624320865
 409 0.536239624 0.840176344 -0.842922390 2.64479589
 410 -0.467071325 -0.484200656 -0.932190180 -0.616395712
 411 3.30878198E-02 0.985765815 1.26693320 0.675416172
 412 -0.838093877 0.411378026 0.529582560 -0.791136861
 413 0.499181628 0.231508940 -0.451106608 -1.16166115
 414 0.776735663 3.28251791 -1.59327459 0.103247628
 415 -0.375082016 0.922378778 0.241878912 0.570315897
 416 -0.705501437 1.03808212 -0.319543123 -0.519990265
 417 -0.162700027 -2.26431704 -0.155316472 -0.947108269
 418 1.97642863 0.805790126 0.268619418 1.71298122
 419 1.22400999 1.09527326 0.161760494 2.17273641
 420 0.606027663 -0.279612243 7.52788410E-03 0.630467892
 421 -1.06424642 -1.25140131 5.27844578E-03 0.221988216
 422 -0.476262391 0.680513203 0.125202417 1.91126239
 423 -0.347621351 0.445477128 -2.13647652 0.342764288
 424 -0.742820084 0.207695842 -0.957043171 -0.147951484
 425 -0.402701199 2.02772307 0.281131387 -0.872156918
 426 0.213283673 0.279228151 -0.224052355 -0.421015859
 427 3.99160534E-02 0.209691823 -0.855648458 0.127897084
 428 -1.57567334 1.74731600 -1.90821064 1.07723677
 429 -0.471928447 -1.73128402 0.500987589 -0.699102938
 430 0.258660048 1.66565764 -1.46349645 0.561619520
 431 0.230032057 0.776160836 1.33657420 2.39172506
 432 -1.12284617E-02 -2.01818681 -0.217590407 0.550577044
 433 -1.60830414 0.360291868 1.52908003 0.762920797
 434 0.103798881 0.654412389 -0.946451068 0.736067891
 435 -0.174890637 0.409991086 -0.567080438 0.659357727
 436 0.266141474 -1.30609679 0.521698058 0.535533369
 437 -8.96672010E-02 -0.667650580 1.49861550 -0.581235528
 438 -0.500404477 0.594648123 -0.799163163 -0.637685299
 439 -0.590385139 -0.619413793 1.14312363 1.45062792
 440 -0.856214523 -0.547167718 0.952634990 -0.855993986
 441 0.296791434 -1.14626598 -0.387449563 -2.39102691E-02
 442 1.11549151 1.62571692 -0.509750128 0.747411251
 443 -1.51889217 -0.252152950 0.477651656 0.286957681
 444 -0.413125098 0.196521074 -4.51151431E-02 0.759026587
 445 1.56850255 1.57371354 -0.256923139 -0.906802237
 446 -0.760094464 7.91657567E-02 0.609055519 -0.984790206
 447 2.23121494E-02 -8.57440084E-02 -0.113107219 2.04048252
 448 -0.166307032 2.46482110 -0.244948208 -0.294390440
 449 0.344289929 0.205735862 1.36237216 0.828448296
 450 -1.24925828 -0.298302054 -0.426021039 3.02308053E-02
 451 -0.908155084 2.07059312 1.51079547 -0.473659158
 452 0.887054563 0.511258543 -0.787486672 1.74427032
 453 0.371743768 0.445863187 0.612209499 -0.429259419
 454 -1.07405210 0.204931051 0.670817494 -0.751485765
 455 0.351963967 0.156136841 1.66864896 0.417563647
 456 -2.38196552E-03 0.628530800 -2.35758138 0.835148811
 457 -0.371963650 1.56421840 -0.407333136 -0.906250954
 458 -0.565392792 1.47712934 1.51465821 -0.799936056
 459 1.45819032 -2.55815815E-02 -0.402204007 -0.714787185
 460 -3.76201570E-02 -0.413320243 1.01587927 0.576171577
 461 0.548041940 -0.263832569 0.943675697 2.29633856
 462 0.634725690 0.688565433 -0.174665123 0.250996202
 463 3.21024954E-02 0.911190391 1.05356729 -0.153253019
 464 0.313975334 -0.376372784 -0.141868949 0.694875002
 465 0.601492822 1.46460438 -0.750091672 0.503740549
 466 0.212134942 0.585488379 1.13172174 1.76364589
 467 8.85456949E-02 0.539189875 1.81002700 -0.476877987
 468 -9.94976610E-02 0.860513806 0.638811111 1.71975243
 469 0.221155688 0.571338117 0.332287610 1.44522333
 470 8.39443132E-02 -1.44242251 -3.06276232E-02 -0.574293852
 471 1.41487694 0.523421407 -0.384109735 1.69238317
 472 -0.869004607 4.14893329E-02 -0.346012115 0.477766931
 473 -0.544628322 5.36692739E-02 1.37271571 -0.823851466
 474 2.54452229E-02 0.226926610 6.80099130E-02 0.163045228
 475 1.51795483 0.821901560 -0.332909167 0.116764724
 476 0.428493023 0.337659001 1.20427620 -0.747115016
 477 -1.17895675 -1.09033763 0.423846036 0.364237607
 478 -1.17322922 -2.92491460 -2.42001915 -0.434921622
 479 0.281625658 0.767776310 0.163337559 0.677110553
 480 -0.567005634 1.73381412 0.730033159 -0.211555481
 481 0.848592937 -1.31690443 -0.354802907 0.934864461
 482 -0.986195385 -7.94739276E-03 -0.507416070 -0.315661907
 483 -0.406177968 0.948366523 1.25453651 0.628346384
 484 -5.14375456E-02 0.590480506 0.738279283 0.935955882
 485 -1.04242980 -0.505705893 -2.18166685 -0.373925835
 486 2.07451653 0.558264136 0.126234055 -0.668680966
 487 0.501524508 -0.450968772 -0.641945302 -0.635159492
 488 5.33223292E-03 -2.29256511 1.08304536 -0.666580081
 489 0.133013949 0.352510422 0.312926799 -0.890501320
 490 -1.29489744 0.620471537 0.150842577 1.60447037
 491 -0.345173210 1.34819794 -0.851475656 0.808147550
 492 1.09909916 -1.59394467 -0.273427844 0.658910155
 493 -1.10370779 0.176320016 -0.103602163 0.553943157
 494 -0.953604102 -1.15134954 0.828680933 0.673813522
 495 4.08181846E-02 -0.694471240 -0.275205016 0.657990932
 496 -0.830831528 -1.90593910 0.381671309 -0.659391761
 497 1.22052372 0.565752685 0.275295109 -0.473659694
 498 0.472271681 1.04026366E-02 0.431989759 -0.461130619
 499 -1.30124986 0.500011265 1.20934069 0.796584725
 500 -1.65174448 -0.585880280 0.270976305 1.93490458
 501 1.91705847 0.859074712 -0.661662459 0.158125877
 502 0.710314035 1.86767542 0.230326146 -0.515391707
 503 0.794305205 -4.78243530E-02 1.07566190 -0.772528172
 504 2.19290638 0.109095968 1.37787449 -0.782601953
 505 -0.696728766 -0.422776878 0.361649156 0.701679349
 506 -7.03983158E-02 -0.101333633 0.327944607 -0.873682022
 507 -0.326015353 -0.497691154 0.993017733 0.783686340
 508 -1.80773568 0.147708148 -0.221881568 -0.899979472
 509 0.354970217 1.82999921 -2.41339728E-02 -1.01917613
 510 -0.206127524 -0.569596887 -0.709139645 2.16345263
 511 1.26811445 1.15924537 -0.588883400 -0.554160237
 512 0.728074312 0.897453964 0.107039198 -0.317633808
 513 -0.756804705 -0.328285933 1.32924986 1.55220568
 514 -1.11929870 -0.105493680 1.13663208 -0.448436826
 515 -0.223811448 1.22349000 1.81038857 2.12509370
 516 0.363413751 3.45486253E-02 1.56502020 -0.787039399
 517 0.211420700 0.498846740 1.62362099 1.93824399
 518 -1.14470232 -0.280820459 -0.416777641 1.59418201
 519 0.826349139 0.906448543 1.12573338 0.940227628
 520 -0.304292440 0.126554742 2.61488843 7.98431858E-02
 521 -0.269155085 -1.18874633 0.682262421 2.40680408
 522 0.841280937 1.54637861 0.457127571 0.598634362
 523 0.441512495 1.05538821 -0.353984773 0.270865530
 524 -0.770877838 1.23354828 1.46218598 2.26564384
 525 -0.513349891 0.105410889 1.01084602 0.731378913
 526 -0.672108114 2.02908325 1.03046584 1.33381581
 527 -0.241786897 0.663904846 2.00494313 -0.950426280
 528 -0.951840520 -0.833916306 0.658540666 1.69263244
 529 0.206624418 1.95642006 -0.207601324 0.523543179
 530 -0.284324586 -0.958750486 9.51282978E-02 -0.922154069
 531 -0.423058748 1.09362209 1.42261434 2.01930785
 532 1.52937245 -1.03203118 -0.854670882 1.98857760
 533 -0.127983227 0.325757682 -0.365705013 0.968153358
 534 -0.666908920 -1.33796072 -1.21175575 0.250666350
 535 0.791651249 2.00536728 1.07976747 -0.193784595
 536 -0.302492321 -1.26627481 -0.183984816 0.906422615
 537 -1.99978936 1.97438467 0.286096781 -1.07496774
 538 0.763926983 0.848513305 -0.238883674 -0.751121640
 539 -4.46368530E-02 -0.907120466 0.196096793 1.32850409
 540 -0.191996157 -4.68872488E-03 -0.413545787 2.33816653E-02
 541 0.669077098 0.993730068 5.74641302E-02 -1.03871548
 542 0.691566825 -0.715542734 -0.310783774 -0.779012263
 543 0.560761690 4.87571135E-02 6.32177666E-02 -0.302962512
 544 0.192498088 0.646535456 0.227266729 0.461249292
 545 0.428013742 -6.64253533E-03 0.143031448 -0.270069122
 546 0.221392334 0.806722403 -0.974916160 0.514308989
 547 0.404401362 0.481383026 -2.80335248E-02 0.653254747
 548 -0.610921383 -0.379535079 0.802116871 -1.05500650
 549 1.50568104 -0.308776230 1.02623641 1.84201658
 550 -0.990772367 -0.509282351 -0.854963481 0.416482449
 551 -0.126095414 -0.973660886 7.22472668E-02 -0.961101890
 552 0.445326298 0.205744177 0.710427761 -0.623617291
 553 -0.822999120 1.96022558 1.75596654 1.21042216
 554 0.244738996 -0.108814210 -0.381098926 0.556078911
 555 9.89891216E-02 0.314755589 -1.03754973 0.789039552
 556 -0.980441332 0.327379346 1.75523818 -1.02871454
 557 -0.150632247 -0.597860396 0.767092109 -0.672424793
 558 0.147527575 -1.75871336 0.177709162 -0.325577348
 559 0.173711896 -0.402571350 1.87947452E-02 -0.310790569
 560 -0.954990447 0.607371092 6.76188543E-02 0.233046815
 561 -0.602007806 2.18785620 1.75130153 -0.195795000
 562 -0.766636491 0.859809399 1.63704979 -0.108534083
 563 -0.979061902 -0.192788541 -0.831075072 1.83360887
 564 0.132861897 0.225147501 -0.953072846 -6.21615052E-02
 565 0.155708313 -0.200138450 1.67989564 -1.01338351
 566 -2.68034637E-03 0.603255033 0.836500704 1.01147807
 567 -0.535696566 1.29107070 1.09874809 9.13605094E-03
 568 0.679838061 0.154294491 0.419638276 0.164814487
 569 -0.583936036 -0.483407319 -0.219953716 0.141010389
 570 1.02944374 0.639493942 -1.80503190 -0.620105386
 571 -1.28068042 -0.122483104 1.35321963 0.742671371
 572 -0.643571436 1.05529976 0.698594987 -0.105340138
 573 0.888558149 -0.315451980 -1.54239702 0.799480379
 574 0.841703296 -0.663043678 2.57741660E-02 -0.888612986
 575 -0.700444818 -0.559149444 -0.206413895 2.08252370E-02
 576 -2.21722817 -0.278300911 -1.13343310 -0.472448319
 577 0.629199803 0.749609113 0.446192235 -0.232175231
 578 0.874880910 1.06643140 -2.02344358E-02 0.225939393
 579 0.901499271 -1.66947317 0.736575007 2.33331800
 580 -2.06317380E-02 -4.74955477E-02 -3.18085849E-02 -0.948674798
 581 -1.41202211 1.09538269 -0.157365099 -0.582766414
 582 -1.10363233 0.510142267 0.816223562 -0.663208663
 583 -9.63366032E-02 0.862955987 1.46241677 0.244688362
 584 7.41077960E-02 -1.16582143 5.65909445E-02 0.949351072
 585 -1.13118553 -0.278149545 0.256495237 0.105038941
 586 5.23212403E-02 -0.125544608 -0.975817382 -0.919787943
 587 0.441814482 0.556898654 -4.81510200E-02 -0.383217156
 588 0.889674067 0.571265578 -6.34165406E-02 0.909367561
 589 -0.351118058 0.739557862 -1.63381517 -8.19795728E-02
 590 0.268076509 0.852087021 1.92164183E-02 -1.06418335
 591 0.280920148 0.558049440 -0.191341326 4.88448441E-02
 592 0.588288426 0.425955057 -0.551717818 -0.190076292
 593 -1.86277807 4.47907299E-02 1.55318236 1.81334198
 594 -1.82547128 2.00188327 -0.364469022 -0.630670667
 595 1.13992786 -1.39270568 0.751587272 2.51313877
 596 0.798621416 -1.37349725 0.700219691 2.31109405
 597 0.589929938 -0.233781770 1.02323270 6.47959560E-02
 598 -1.41453898 0.682325959 -1.50214636 -0.238691866
 599 -1.11363590 0.889511228 -1.21353343E-02 1.02323973
 600 1.00184929 0.852067709 0.243550450 0.911186397
 601 -0.509788752 0.462092906 -1.62751770 -0.123533472
 602 1.58939266 0.607862771 -1.07496834 -0.480795383
 603 -0.615148723 0.940730810 0.956911743 3.43225598E-02
 604 0.768355548 -0.101376496 0.829816580 -0.859579802
 605 0.429043770 -1.38007736 -2.08158565 -1.03070927
 606 0.511677980 9.77894291E-03 0.465069056 1.02589822
 607 -0.478145152 1.68224001 -1.30939507 -0.134473339
 608 0.611922860 -0.684939027 -0.423458636 -0.786375165
 609 -0.147528425 0.253635019 -0.673663437 -0.891975224
 610 -0.927380741 -2.30513453 -0.807524443 0.193672046
 611 -1.64219666 0.831550837 -5.35342172E-02 0.446271598
 612 0.718307137 -0.223205477 -0.273318231 0.818107605
 613 -0.221480206 -0.195301577 -1.02706921 -0.982202053
 614 -1.49671137E-02 -0.496499270 0.962416530 0.603300214
 615 -0.500931501 0.164762571 1.32098603 1.59014893
 616 0.858521938 1.53027534 -1.61754763 1.80342197
 617 -0.265538126 -0.194058239 -2.48527527 -0.600687385
 618 -0.115167968 0.910538137 -0.500503898 -0.799392402
 619 0.119774893 0.185837179 0.532966018 0.272124916
 620 -8.66129547E-02 -0.248354778 -2.98664570E-02 0.350125551
 621 0.353265524 0.786055028 -1.06929994 0.559492826
 622 -1.08495212 0.193433881 1.09722579 -0.822856724
 623 -0.747119844 1.36225235 -1.09554982 -0.406834781
 624 -0.618344307 -1.14180052 0.588052988 -0.565532804
 625 -0.191843867 0.780004442 0.414608151 -0.109595165
 626 0.331950814 -0.334495485 0.278523147 0.709755540
 627 -0.608838677 -0.712912321 0.338823736 0.803656101
 628 -2.11200118E-02 -0.974614561 0.238192424 -0.130690053
 629 0.764367223 -0.439610481 0.134239435 0.163405359
 630 -0.440157652 1.89925838 -0.597595811 0.481714666
 631 -2.86704350 0.474731207 0.365448594 -0.660301030
 632 0.625228643 -0.281077653 0.442437381 0.922850251
 633 -0.612406909 1.43378651 0.530256152 1.87820017
 634 -4.40671146E-02 -0.715590715 0.183927894 0.497809708
 635 0.145757526 1.57354188 1.07328570 0.439503729
 636 0.561849177 0.652307510 0.248003721 1.33944142
 637 -0.735424757 -0.646326721 -0.343249559 -0.781759322
 638 -1.64672732 0.505540609 -0.597790062 0.120985657
 639 -0.688790143 0.186939061 0.451694995 1.37796521
 640 1.33492768 -0.285452485 -0.397171944 0.756389618
 641 -0.659506619 0.592037141 0.167926103 0.266784847
 642 -0.660716414 1.04038596 0.367254168 0.655819058
 643 -0.324911803 0.217662752 -1.06593287 0.909886777
 644 -2.14104950E-02 1.44052982 0.752804935 -0.313588768
 645 -1.16603959 1.00622964 0.388857722 0.712613821
 646 -0.272472560 1.41083527 0.280816108 0.434556812
 647 7.07215965E-02 -0.625776291 0.472085327 1.49296272
 648 -0.616681993 1.14759219 -1.99639094 -0.369840264
 649 0.498272568 0.879062295 0.164286315 0.988528192
 650 0.990520537 -0.869610071 -1.07251847 0.370288849
 651 0.310350567 -2.30822873 0.474791884 0.695362687
 652 -9.04014334E-02 -0.239707723 0.231729671 -0.758781135
 653 -1.08167338 -0.281487942 0.790010691 1.18965125
 654 -0.569359064 0.550531149 -0.931587040 1.81943285
 655 0.509714842 0.994673193 -0.551436186 0.462241828
 656 -0.564223111 1.12492156 -1.23938572 0.962394774
 657 1.30782020 -0.630908132 0.222446501 0.799817979
 658 0.347045749 1.38111115 -6.25465587E-02 1.19552755
 659 0.355870366 -0.345816255 -0.504961312 -0.966158628
 660 -1.18170905 1.16993642 -0.366180062 3.27405483E-02
 661 -0.237696201 1.02662838 -1.33080506 0.284567446
 662 -0.490245283 0.588993192 -0.908968925 -0.415583313
 663 -0.255545795 -0.406651467 -0.546765506 0.433700353
 664 5.53096533E-02 0.996192813 0.105893679 1.69897437
 665 7.13500381E-02 -0.168076634 -1.95195007 -0.567942321
 666 0.337430567 1.26693332 0.764584243 0.891067743
 667 5.97354770E-02 1.21587873 1.64752507 -0.815224528
 668 0.986502051 -0.179063275 0.297274053 0.175716236
 669 -0.499258459 -0.286600858 1.65505910 -0.416807711
 670 0.488132089 0.490667075 -0.790656865 0.378291786
 671 0.424001634 -4.50467318E-02 -2.77337193 -0.649127245
 672 -1.47740352 1.05692661 2.42308950 -0.952194691
 673 0.109914169 -1.09244800 -1.42933440 -0.554100871
 674 -0.262227744 0.581152678 0.604898512 -0.591464043
 675 -0.284906507 -8.77855793E-02 -1.25429845 3.91489267E-03
 676 -0.487792283 0.518528402 -0.732284367 -0.641641259
 677 -0.615888000 -0.215400964 -0.555701375 0.335673004
 678 0.433050275 0.266911566 -1.34068143 0.609971523
 679 -0.257269830 0.534843624 -1.59307909 -0.446445405
 680 -0.645195782 1.30303979 -1.11259556 0.553784847
 681 0.577398717 -0.745139122 -1.63965631 0.639799058
 682 -0.889413774 1.08740675 -0.931032777 -8.12742114E-02
 683 -0.866909146 -0.395558298 -0.135164365 0.194241852
 684 -1.22329032 0.550458789 0.982890904 1.89086950
 685 -0.134480670 0.113697231 -1.92274797 0.138218313
 686 -1.38301039 -0.505241692 -1.57363188 0.574900985
 687 -0.996731102 0.340608478 -1.44467843 0.101427853
 688 -0.672152996 -1.60494316 -0.803563058 0.609878242
 689 1.49731123 0.695385933 -0.771717906 2.15066123
 690 0.353238881 3.85813266E-02 0.832897544 -0.533328354
 691 -1.01177752 0.566521168 0.306002259 0.580672503
 692 -0.553530574 2.93295360 0.877037346 0.510752976
 693 0.274056435 0.483381927 1.56862700 -0.605661869
 694 -1.72206545 1.08135712 -1.07414091 -0.797278643
 695 -4.52504084E-02 1.27558005 -0.548592687 0.504982710
 696 0.870131433 0.935517967 0.338559628 0.752104759
 697 1.35724187 0.324971437 -1.24060738 2.11296248
 698 0.397415638 -0.435609341 -3.54622751E-02 -0.714298904
 699 -1.95363927 -6.08500466E-02 -2.84730792E-02 -0.950152755
 700 -1.72995389 -0.266959786 0.389813691 0.918628097
 701 -0.469308794 0.573526919 -3.76878679E-02 -1.09212446
 702 -0.388748765 2.36213058E-02 1.76287699 -0.401346266
 703 -0.764573395 1.18554354 1.06213582 0.620195270
 704 0.427604824 0.889759898 1.01906705 1.55482531
 705 -0.160346657 -1.32048893 0.434146464 -0.507138669
 706 -1.30216610 0.125041902 2.18010473 1.87876225
 707 0.353226006 0.495865107 0.513435125 -0.617550611
 708 0.989717484 -0.303539693 -6.44174367E-02 1.79610944
 709 -0.210563421 0.345017552 -0.690199554 -0.477989733
 710 0.371784151 -0.714343250 -0.238168582 0.993109226
 711 -0.983489454 1.73641145 -1.71957874 -0.309213161
 712 -0.559156895 0.865478933 -0.359776020 1.52645481
 713 -0.837999105 -1.25973833 -0.764555752 -3.58448923E-02
 714 -0.383147001 -2.13531852 -1.15341890 1.07812953
 715 0.122030459 -0.401533544 1.05210412 0.774668992
 716 -0.708544254 1.59608972 -0.323443681 1.07404351
 717 -1.21116567 0.944600821 -0.742815197 1.22299063
 718 0.110241093 2.30781198 -0.547185898 1.16227603
 719 -0.886666119 -1.76280737E-04 0.288534075 1.08747530
 720 4.28315252E-02 0.461417347 1.12110853 2.03383040
 721 -1.47013068E-02 7.47444108E-02 1.02181792 1.21072114
 722 0.244255841 -1.39815044 0.547790289 0.228950113
 723 -1.89417028 1.44254994 -0.435368478 -0.837788820
 724 7.84219503E-02 0.897955120 1.43441010 -0.525983572
 725 -0.415910691 1.48346275E-02 1.37328911 2.25175095
 726 1.18214059 0.126152530 -0.105241194 -0.514112175
 727 -5.53168356E-03 0.672110081 0.635751843 -0.696087599
 728 -0.482613534 0.820697665 1.94300210 0.668293774
 729 0.587415338 -1.34909272 -1.80876589 -0.926452756
 730 -0.632039249 -0.505788743 -1.13722253 1.69833803
 731 0.479122698 1.27456403 -0.612383187 -0.566177905
 732 -0.471060723 1.22396445 0.234359086 0.751601756
 733 -0.257021338 -9.88735035E-02 0.277048886 1.01045287
 734 -1.07964480 0.584808946 0.184998497 -0.861439824
 735 0.276974440 -0.522775471 -0.687284768 -0.639021039
 736 -0.992723584 1.26646832E-02 0.976899326 0.136562794
 737 0.838050842 0.217524827 1.94502306 0.435642779
 738 -2.49602944E-02 -0.885808289 -1.43301642 -0.919210613
 739 -0.312620342 0.153710440 0.527869046 1.94052744
 740 -5.11999987E-02 1.17090237 0.555824995 -1.01542437
 741 0.322286427 1.93360794 0.894719243 0.665461361
 742 0.110773288 1.44465244 -0.667080998 1.49414790
 743 -1.83908653 -0.759318709 -0.504081070 -0.315071523
 744 -2.06242824 -0.342860729 -1.28309500 -0.388632983
 745 0.213846475 -4.54737879E-02 -1.64525032 -0.766479015
 746 -1.68772149 0.832763314 0.481858075 0.292050570
 747 -1.66837788 1.39932156 -2.42952871 -0.397302747
 748 0.412911624 1.01301992 -1.90183365 1.96308064
 749 0.364038289 0.899814844 1.47193074 1.98009491
 750 1.24512762E-02 0.551590621 -0.867990077 -0.425775647
 751 0.406654298 0.634932578 -1.41502738 -0.368248373
 752 -0.141729027 -1.47933531 -0.847994089 -0.688264370
 753 -0.113028675 -6.75876811E-02 -1.38722420 0.671538949
 754 1.62671471 2.15249944 0.564037502 0.883398116
 755 0.276049674 -0.211229250 2.07460213 0.813312292
 756 -1.86905015 -0.111646965 9.14186835E-02 1.20568585
 757 -1.86846125 0.619545043 1.83259797 -0.228922889
 758 -1.18746006 1.06861508 -0.433497638 -0.341705889
 759 -0.542633951 0.144441396 1.48673081 0.245582759
 760 -1.25839138 1.02028394 0.854075730 -0.263128340
 761 -0.128915995 0.211505979 0.874099851 0.219647646
 762 -0.286896437 -0.915136695 0.145913497 -0.886530519
 763 -0.669505417 -0.206706688 0.766315401 -0.911184192
 764 0.164578840 0.366017759 -0.440594941 0.654270709
 765 1.01392567E-02 0.574753463 -0.427657932 0.601938248
 766 6.25438169E-02 1.68896115 -0.572871685 0.627229571
 767 -0.232738465 0.442081273 0.154308885 -0.749491215
 768 -0.417184532 0.663263679 0.966810524 0.360519230
 769 -0.502093554 0.401285827 0.931172967 -0.895043373
 770 0.902448773 -0.655569077 1.81185806 -0.302609324
 771 0.564004004 1.31967282 -2.37127376 -0.344164997
 772 1.47723174 1.70780754 -0.684840083 0.702452958
 773 0.404663891 0.290089726 -2.06327009 -0.300186574
 774 6.61495551E-02 1.27747834 -0.551658750 0.741752982
 775 0.955279887 1.19741416 0.427803755 0.274277061
 776 0.925398111 0.836739779 0.197946921 9.83836949E-02
 777 3.95688526E-02 1.44200575 -1.50124919 -0.719223678
 778 -0.320670784 0.505659223 0.667812467 0.762793541
 779 -0.250437975 0.246887937 0.187128872 -0.738899112
 780 -1.40290749 1.29473662 -0.662082553 1.39965546
 781 0.347955525 0.169225425 0.931835532 -0.284120888
 782 -7.08126128E-02 -0.406868756 -1.24194443 0.520771563
 783 0.399253428 -0.747152328 -1.22599316 1.16728556
 784 -1.82943130 0.694098592 -0.800874233 1.04992998
 785 -1.73421764 -0.669200838 -0.412463576 -0.351221144
 786 -1.63558996 0.898285389 -1.60182178 -7.51461983E-02
 787 -2.63247043E-02 0.987615287 -0.425792217 -0.857867837
 788 0.929270983 -0.499098152 0.208554596 0.470503479
 789 -1.16543686 0.649035096 -8.11228156E-02 0.765455663
 790 3.09136957E-02 -0.434803128 -0.201791033 0.898530841
 791 -1.88051498 1.28378952 -1.55498290 -0.326810002
 792 -0.277696282 -0.317972660 -0.430762470 -0.378812283
 793 -0.797322750 1.03511667 3.00865197 1.49524355
 794 1.18908596 0.748374224 1.52399397 -0.549556017
 795 -0.275754750 -0.390963137 0.152386636 0.117108427
 796 -1.19465816 -0.770351768 1.83986485 -0.495547652
 797 -0.905209064 0.249032617 -0.880888581 1.04786503
 798 1.19954789 0.408472031 -1.42702687 -0.878028274
 799 -0.724256158 -0.479650885 -1.74867249 -0.666401446
 800 0.650829554 0.315907955 -5.49508333E-02 2.34320974
 801 -0.306188405 0.519754827 -1.76976824 1.00752068
 802 -1.26871800 -6.93559349E-02 1.46234035E-02 -0.230781093
 803 -0.637901962 0.834852397 -0.845835745 1.83052111
 804 -0.927967787 -0.564298451 -0.310171127 0.582739234
 805 0.506440103 3.34145986E-02 0.341506869 2.97447294E-02
 806 -0.105069309 -0.256837308 -1.32209003 -0.708633661
 807 -0.939520180 -1.59887588 0.213152438 0.337525457
 808 0.186947644 -1.81701982 0.932094097 -0.867259383
 809 0.484049380 -0.735370338 -0.414102554 -0.829280674
 810 -0.353487253 -1.01033711 -0.888866186 1.20646238
 811 -0.814242244 0.974314809 -0.386682212 -0.807857275
 812 -1.16718523E-02 -2.56708339E-02 -1.44871223 1.16131556
 813 -0.437322319 0.917862475 -0.853387952 -0.681119919
 814 -0.478239954 0.783937395 0.468518525 0.803261042
 815 0.296471834 1.45078766 -0.380497038 -0.620056987
 816 -0.280487806 0.363874435 -1.81608164 -0.308983147
 817 -0.261155069 -1.32192945 -0.610062301 -0.551389515
 818 -1.04990053 -0.147713989 -0.819310546 0.567943037
 819 9.73649323E-02 0.450816512 -1.59979928 1.87409770
 820 0.543475270 0.414474487 -0.790188074 -0.215628341
 821 0.676135540 1.03708339 1.02712655 -0.880159676
 822 -0.371122152 1.11043739 0.653037190 -0.332706183
 823 -0.936756134 0.302512437 1.84289551 -0.530040681
 824 0.751533389 0.988222778 -2.28461528 0.883471549
 825 -0.672227859 1.86663687 1.75788093 9.00511965E-02
 826 0.531835675 0.542324305 0.206633911 1.06681406
 827 -1.22733676 2.72990108 -0.233461648 0.617525399
 828 -0.932033479 0.340795785 0.228195965 -0.646040201
 829 9.73151922E-02 -4.07122634E-02 -1.31452620 -1.29151154
 830 0.441245466 0.505356312 -1.10499156 -0.449173272
 831 -0.469325483 0.999312282 -1.53201878 0.671455145
 832 -0.784934759 0.762471855 -0.747319281 0.499314547
 833 0.274771243 -0.317049563 0.725695610 -8.21223184E-02
 834 0.655502617 2.39592171 1.36815798 -4.24448550E-02
 835 0.472095907 -0.270825267 -0.325235248 1.28851509
 836 -0.344963074 2.50663233 1.26891553 1.18659329
 837 1.02244544 8.19583237E-02 -0.165533781 -0.246336043
 838 0.457452178 1.28602576 -0.574434638 -1.04854202
 839 -0.109481260 0.300962657 0.733626246 1.81331313
 840 1.62371624 0.222155973 -1.35509086 -0.497968405
 841 -0.121992774 1.23874295 -0.443459779 -0.251437783
 842 -5.38307130E-02 0.384397268 -0.818529189 0.173032135
 843 0.157690823 0.448647708 0.624470234 0.944823027
 844 0.267614067 0.572852910 0.626236200 0.196659639
 845 -0.648088455 -0.166297019 -0.500524879 2.03599620
 846 -0.766958833 1.29423380 -0.934089661 -0.874343872
 847 1.18653989 1.00658429 -1.56365335 -7.57456273E-02
 848 -0.176742285 1.43276441 -5.70379496E-02 -0.456562966
 849 -0.986395657 1.27264583 0.254129857 -0.937603235
 850 1.24314404 -0.279388160 -0.716387153 -0.896231353
 851 -1.03341985 -0.728256226 -2.26139402 1.25301278
 852 1.17049456 0.340742737 -1.84652114 -0.615202785
 853 -2.27124840E-02 0.567137003 1.10518289 0.282809317
 854 -1.04200900 0.575711370 -1.56611693 0.209220320
 855 0.955305874 0.361591160 5.76773137E-02 -0.775356531
 856 -1.00537848 -0.511205435 -0.392794609 -0.298794001
 857 -0.993148327 1.10283351 1.41454363 -0.564242005
 858 0.558719099 0.935700178 1.30283415 1.52777994
 859 1.26912045 0.895711541 0.890281677 1.38752556
 860 0.677672148 -0.921234250 -1.72234058 -1.07652366
 861 0.672320426 0.901955366 1.09031916 0.952537596
 862 -2.21873546 9.57089141E-02 -0.328879595 -0.895549834
 863 0.669680297 -0.123370409 1.18930137 0.807164907
 864 0.753433406 0.305166453 0.369998157 -0.783232570
 865 -0.268199325 0.607215762 0.715528846 0.730650365
 866 -1.31831753 0.478427410 0.228495985 0.439853877
 867 -2.74386965E-02 0.362192094 1.03091180 0.935989797
 868 -0.184818000 0.452628195 0.310350060 1.72128522
 869 1.47346187 0.148956165 1.09236133 -0.348292410
 870 0.100608028 -0.776810586 0.415514171 -0.614219785
 871 -0.541668594 0.333804548 -0.968769670 -0.510459065
 872 -0.412138045 1.52648544 1.23412144 0.100676775
 873 -0.669772744 -9.45238322E-02 0.326298237 0.347263962
 874 0.217560530 -0.129985258 1.65267289 -0.887149990
 875 -0.843597531 4.54060733E-03 -0.987653136 -0.422556281
 876 1.07723653 0.371740669 -0.576713204 0.432587236
 877 0.476843596 0.740962982 0.514375031 0.793255270
 878 -1.01433921 -0.107900739 0.520639062 0.187977016
 879 -1.07999492 0.353754699 -1.04386163 -1.54257268E-02
 880 0.558827400 5.35796843E-02 0.703130782 1.02243304
 881 -0.851897359 -1.61049032 -1.18207383 -0.605577886
 882 -0.465147823 -0.734386504 0.733103931 0.115339734
 883 -2.25720596 -0.213148236 -0.469133884 0.243861496
 884 2.31417269E-02 0.230269775 -0.549294293 1.52934051
 885 -0.245377541 0.854014814 1.39988959E-03 -0.449308127
 886 0.447495699 -0.651597559 -1.21897757 0.295647770
 887 -1.54187238 -0.430142492 -1.49471581 0.128004968
 888 -0.395951092 -0.783133984 -0.491930336 0.401297927
 889 0.481865883 0.617626607 0.513530850 -0.783219993
 890 0.485987395 -1.02248585 -1.37781489 0.747321308
 891 -7.01816604E-02 -0.541855514 0.290785789 -0.678524554
 892 0.844555855 -0.176384494 -1.41405439 1.06105185
 893 -0.106508717 0.667572558 -5.12948036E-02 -0.942326069
 894 2.65208110E-02 0.209323123 -0.858147860 0.358025938
 895 -5.40066361E-02 3.41011286E-02 0.509479582 -0.388313085
 896 -0.960495710 1.61354923 0.532810152 0.291352153
 897 1.16203642 -0.644473076 0.284298837 1.79876423
 898 0.329155624 0.154888421 -0.423446953 -1.05938065
 899 0.559897184 0.315885842 -0.290015876 0.377948284
 900 0.976394057 0.653845251 0.998572350 -0.768120587
 901 1.35387993 -8.74417722E-02 -0.906725109 -0.796864092
 902 0.191067725 -0.147239283 1.00472999 0.701614857
 903 0.598836064 -0.932429552 0.963985682 1.00026143
 904 -1.23831391 0.525320411 -1.55768180 -0.504666328
 905 0.496270359 -0.479439408 -9.93623734E-02 0.595296264
 906 -0.289001077 0.222907335 1.91020298 1.03398216
 907 -0.867776871 -0.636987627 0.233363330 -3.19128036E-02
 908 0.203743577 0.615379512 -0.419742107 0.345498860
 909 -0.469262332 -1.35217702 1.14063478 1.29867339
 910 -1.75981319 1.55839169 0.994423926 -1.07365215
 911 0.392368287 0.965803981 0.232515842 0.373656452
 912 -0.618845284 -0.498485327 3.29416022E-02 1.57369864
 913 -0.280435205 -0.710216880 -0.736864209 0.646792114
 914 0.767115116 0.652274966 0.644457698 -0.971947789
 915 -0.464833140 0.660016358 0.237757847 1.80121183
 916 5.32352626E-02 -0.391661048 -1.23901975 -0.577596307
 917 -1.06740630 -0.552499235 -0.460817039 0.636695445
 918 0.864838541 1.84246731 0.554730833 1.68964362
 919 -0.178869337 0.805018783 -1.07350457 0.229823411
 920 0.681077123 1.32553577 0.780117869 -0.300640047
 921 0.367893279 -7.36023188E-02 -1.70284379 -1.24572802
 922 -0.578722596 -0.266300827 0.649387956 0.950510740
 923 0.140080452 0.896496773 1.61178648 1.05078864
 924 -1.05505323 -0.814389586 -1.37108755 1.01517236
 925 6.71636909E-02 0.146470666 -0.391091645 -1.15060115
 926 0.521039248 -0.587929964 -0.521671176 1.90317035
 927 0.455221355 0.233992770 8.86187851E-02 0.524116635
 928 -1.43891644 0.754193068 0.215542644 1.49052644
 929 0.611145258 0.371610880 -0.420886844 -0.874731064
 930 -1.11245394 0.666904688 1.15276229 -1.04399109
 931 -0.315876693 1.56239367 1.12339175 0.338369906
 932 0.196084201 5.89423180E-02 0.941117942 0.843472004
 933 -0.365331799 0.586112320 -0.175249174 0.197824985
 934 0.171668187 0.170585930 -1.01702261 -0.464729577
 935 -2.20533276 0.779733896 0.529529274 -0.447755933
 936 -0.855944991 0.194090605 0.122219369 1.17189562
 937 0.441186666 -0.106642999 -0.186392367 0.816301227
 938 0.336452007 1.02406883 -0.755046368 0.431946337
 939 -1.09337413 0.210077882 1.26864707 0.142871305
 940 -1.33940935 1.08319521 -1.48351586 -0.698725224
 941 -0.293120354 1.87697673 0.981923819 0.229971379
 942 1.00516582 -0.113696784 2.16873837 -0.231177986
 943 -7.81421810E-02 0.768746376 -1.68407059 1.00709021
 944 -0.335788667 0.983338356 -0.284594119 0.174854293
 945 9.10567641E-02 0.965496063 0.736879945 -1.02308536
 946 -0.647488534 0.494985342 1.32178998 1.11465657
 947 -0.695794165 0.536709845 3.01392470E-02 -0.814276814
 948 0.425765187 -0.546351075 -0.393458426 0.163078994
 949 -0.209668800 0.615527868 4.37811613E-02 -0.506265879
 950 -0.113411933 1.15686643 1.31747723 0.549252510
 951 -0.597043395 -2.10364866 0.817069888 -0.510068059
 952 0.644661248 0.135646448 -0.517915726 -0.898864269
 953 -1.17226553 1.14369142 1.75087333 -0.794886708
 954 -0.935323060 -0.246988922 -1.43424094 1.09103858
 955 1.40720272 -6.16706610E-02 1.12687147 6.65711761E-02
 956 0.450618565 -0.705728412 -2.65439060E-02 0.567601919
 957 -0.579601467 1.86724305 0.366571516 -0.453002453
 958 -0.675600171 -0.922492921 -1.42876530 -0.132498264
 959 -0.504727185 -0.440612733 2.04894114 -0.646275401
 960 0.899199069 0.410442352 0.435575634 -0.910435557
 961 0.375018388 2.05145097 0.895090520 -0.469865143
 962 -0.233077139 1.38445282 0.286800057 0.479608536
 963 0.628239274 0.561337888 -2.22627074E-02 1.07114375
 964 1.20135474 0.481258571 -1.30409372 0.650690556
 965 0.273713440 0.148721322 6.16555512E-02 -1.06999898
 966 4.73025404E-02 1.94684827 1.68440807 -0.314706057
 967 -0.305295348 0.524338543 1.58280015 -0.781816185
 968 6.65313527E-02 -0.336987227 -0.628192604 1.09252858
 969 0.724358797 0.171503648 0.226840645 0.433345020
 970 -1.60494280 1.31652927 -1.43011451 -0.672813594
 971 0.741991758 0.880638123 -3.37211514 4.92080301E-02
 972 0.503102779 1.81432652 3.08424234E-02 0.578692973
 973 1.12096715 0.180547878 -0.512692511 -0.829483449
 974 -0.388607740 1.33425117 0.317076594 0.341462046
 975 1.04310000 -0.451828450 -0.218092203 0.419202596
 976 1.37354708 0.680661321 -0.723745108 0.619032264
 977 0.365663141 0.525197029 0.876498818 -0.562139034
 978 -3.43332291E-02 0.990501463 -0.767060995 0.619339347
 979 -0.260571003 -4.26156372E-02 -0.310495257 3.56652141E-02
 980 -0.937227428 0.294068664 -0.677668691 -0.383295089
 981 -0.619163632 0.603099406 -0.434202790 -0.603161812
 982 -0.387847066 0.404630840 -0.470782697 1.03691089
 983 -9.62342322E-02 0.207491472 -0.935414970 1.56299508
 984 0.261990756 0.642668962 0.330278307 0.981787562
 985 0.516280890 0.228433043 -1.64870608 2.15360594
 986 1.30461955 -0.704252303 2.36972833 1.07465446
 987 -0.267240316 1.81626391 1.19506490 -0.137498647
 988 -0.440584779 0.376518399 -0.474868059 9.08681750E-03
 989 -0.992752910 0.745261371 -1.40389538 0.225601658
 990 -0.946002364 1.99761319 0.792621970 -0.930697918
 991 -0.396766156 0.678451061 -1.45067096 -0.687620163
 992 6.17399365E-02 -0.297705323 0.287998676 -0.372027189
 993 -0.295266390 -0.708084345 1.07019138 1.62986243
 994 0.202135056 0.425317168 -0.568169057 0.531459093
 995 -0.234373525 -0.209442943 7.93342516E-02 -0.374717325
 996 -0.300471008 -4.25248742E-02 1.02259958 0.734616816
 997 2.68767923E-02 1.07942843 1.26705694 -0.569698155
 998 0.602569878 -0.926952541 -9.34640318E-02 -0.759822428
 999 1.23998523 1.24458849 0.140146092 2.28547645
 1000 -0.392182291 0.670423388 -0.325913936 0.962985992
 1001 -1.40787214E-02 0.759319305 -2.17937875 0.318563879
 1002 0.573071003 -0.184544712 1.29069436 -1.10163784
 1003 0.269360602 1.55087543 -0.997059166 -0.400447726
 1004 -0.377128690 0.503049374 -0.686217070 0.621502817
 1005 3.25419754E-02 9.29196700E-02 1.11983991 0.718728781
 1006 -0.710535705 9.57635045E-03 0.751298010 0.435988724
 1007 0.478720665 -2.29926300 -0.583357334 0.610521317
 1008 -0.980715036 -0.241836667 -1.50085080 -0.524427712
 1009 0.397726566 1.13620198 -0.759570599 0.468042612
 1010 0.723865986 -0.553916812 -5.29465526E-02 -0.889383554
 1011 -0.311632127 -1.62197959 -0.674495220 -1.06801844
 1012 1.04530740 -0.163659006 0.650867105 1.13147855
 1013 1.27287567 0.437213808 0.475681841 0.759651065
 1014 -1.22154784 -0.225719973 0.268418580 0.812986255
 1015 -0.398214579 -0.268415689 2.46133208E-02 -0.354426891
 1016 -1.15502751 1.15563524 -1.81053400 -0.658560634
 1017 0.414211392 -0.667697906 -0.159152821 -9.22144800E-02
 1018 3.71298194E-03 -1.89116728 0.578858197 0.208064154
 1019 0.426800460 1.13780904 -1.98203504 -0.859793365
 1020 -1.36449218 2.85771489E-03 -1.42739677 -0.353801668
 1021 -0.734744966 0.851053953 -1.12351596 0.824010134
 1022 0.816523671 0.649933577 -0.812494874 0.452222586
 1023 -1.18536305 0.154484808 -0.182003886 -0.484661877
 1024 0.849347115 -0.575633287 2.11263299E-02 1.58101928
 1025 1.48913336 0.122984774 0.951220095 -0.589044929
 1026 -0.339095175 -0.720848441 -0.744366944 0.578886509
 1027 1.11685121 0.393004388 -1.41712022 0.605054796
 1028 1.15877533 -0.418817312 -0.756785512 -0.925843239
 1029 -1.16524649 1.01358259 -2.22512221 0.727518737
 1030 0.384082079 -0.153139055 0.314294517 1.66911042
 1031 0.495020211 -0.422701299 -0.641442239 -0.740856230
 1032 1.66244698 1.01733953E-02 -0.683784127 -5.52483946E-02
 1033 0.389626801 1.73184597 1.23416448 2.82889307E-02
 1034 -0.386917740 -1.36688638 -0.595231533 -1.36938500
 1035 -1.36757731 -2.30225658 0.656142890 -1.73226547
 1036 -0.210509598 -0.583348513 -0.229159951 -1.21788216
 1037 -1.08827651 -0.226134554 -0.923970580 9.01218951E-02
 1038 -1.29027665 -0.620102048 -0.497535169 -1.42615759
 1039 0.430184066 -1.99851084 5.30961603E-02 -1.26175988
 1040 -1.60304713 -0.539415956 1.86344516 -1.49968529
 1041 -0.446754605 -5.64089268E-02 -0.565583229 -1.87552869
 1042 -1.02305770 -2.80911851 -2.20241833 -1.42388380
 1043 -0.267970085 -0.844726801 0.506633818 -1.39133978
 1044 1.10448909 -0.564916015 -0.390821189 -1.26825166
 1045 0.764507830 -0.541584373 -0.388135135 -0.685150206
 1046 -0.742380381 -0.658125877 0.763752937 -1.56590331
 1047 -2.27593231 -1.01937783 1.48362350 -1.01782870
 1048 -0.355148256 1.37250078 -0.420145631 -1.50126517
 1049 -1.85289848 -1.54452348 -1.05110192 -1.66370630
 1050 1.19748271 -2.15352416 -0.157608539 -1.03249669
 1051 -0.752955675 -1.08350658 -7.29998201E-03 -1.47338808
 1052 -0.469472766 -0.778500080 -1.01047468 -0.989234746
 1053 4.14102860E-02 -1.34886456 0.738600731 -0.817882478
 1054 -1.14646173 -0.881447256 -0.469712108 -2.19679451
 1055 -0.460531324 -2.29924774 0.587176025 -1.34449744
 1056 0.217502654 -0.537544906 0.802763760 -1.79776561
 1057 -0.315601081 -0.965923071 1.30323577 -1.43655074
 1058 5.90257794E-02 -0.209394604 0.187422514 -0.917526007
 1059 0.118317977 -1.70726764 -0.201411307 -0.850547016
 1060 -0.315103173 -1.88862205 -1.90350854 -1.36002707
 1061 -0.219868883 -1.65908706 0.195821330 -1.56336093
 1062 -0.364306569 1.65017319 0.615300655 -1.79111242
 1063 0.120529056 -0.296007067 -0.333936960 -1.54798222
 1064 0.457527876 -0.444638759 0.184438527 -0.739689469
 1065 -0.564774811 -1.08388436 -0.893169343 -1.80169463
 1066 1.72825730 -0.383537233 -0.417871714 -1.39697576
 1067 -1.70882559 -1.90462279 -0.880442619 -1.18628979
 1068 -1.09309125 -0.644075692 0.829902291 -1.99925697
 1069 -0.339634359 -0.872506320 -0.799359322 -1.46156824
 1070 -1.53408921 -0.985648334 -0.323728532 4.62577641E-02
 1071 -0.372656822 -1.11464691 -3.39400619E-02 -1.87617135
 1072 -0.932977736 -0.278491706 -1.27529871 -0.113150157
 1073 -0.380874306 -2.33900499 -0.346201569 -1.37882423
 1074 -0.981279373 -1.81308937 -0.500649810 -1.41766834
 1075 -0.696195900 -0.613594651 1.19242907 -1.96247709
 1076 -0.558688521 -1.34540582 -1.17497253 -0.912941933
 1077 -0.728997052 -0.464588165 -0.373936862 -1.38042176
 1078 -1.32395840 -1.58229172 -7.60556310E-02 -0.816725135
 1079 -0.251341611 -1.57788301 -1.07850456 -0.262035400
 1080 -0.840938926 -1.82810783 0.135519966 -1.01846540
 1081 -0.540738940 -0.795008361 0.486640364 -1.15835071
 1082 0.157155275 -1.29334462 -0.893020511 -1.01254666
 1083 -1.08176422 -0.277955949 -6.66262954E-03 -1.20731401
 1084 -0.686219156 -1.67314458 -0.727352738 -1.05380630
 1085 -0.535203159 -2.66280627 -0.347347975 -0.807090402
 1086 -0.245672062 -0.885615587 0.405837923 -1.52664292
 1087 -1.62237740 -2.61486650 0.972311735 0.141647294
 1088 -0.736235857 -0.967574298 -0.217547596 -0.469589859
 1089 -0.529815793 -1.43953776 -2.03092194 -0.475429893
 1090 -1.47880781 -0.207235575 -0.596286237 -1.02049875
 1091 -2.27646565 -1.35121584 0.361984789 -1.34277570
 1092 -0.789752483 -1.66576517 4.18341458E-02 -2.20916724
 1093 -0.959431112 8.28196108E-02 -0.112954132 -1.33284700
 1094 -1.15321481 -0.972970247 -1.42189598 -0.521329165
 1095 -2.60934544 -0.614874840 -1.42484295 -1.57704043
 1096 -2.67487836 -0.521147728 -0.962211847 -1.78817868
 1097 -0.855099380 -2.36519527 -0.457632422 -0.857224107
 1098 -0.619590282 -0.485585809 9.48466361E-02 -1.26277673
 1099 -0.818911672 -3.94833311E-02 0.542756021 -0.787018895
 1100 -1.99148107 -0.892847240 -2.09686852 -1.07377768
 1101 0.760523319 -1.74754369 0.194722190 -1.96772027
 1102 0.882533669 0.225552812 1.20362818 -0.388454676
 1103 0.646719635 0.467339575 2.16667342 -1.62114179
 1104 -1.37949216 -0.452303708 -1.40316772 -0.656374454
 1105 -1.13960016 -0.661547840 -0.990349710 -1.54217350
 1106 -0.213085204 0.299438626 -1.00892663 -2.13141084
 1107 -1.28739798 -0.158485264 -0.996685624 -0.934266150
 1108 -1.61253035 -0.175294161 3.73774767E-03 -0.492769152
 1109 -1.58094049 -2.36418724 -0.836570680 -1.87538040
 1110 -1.13285768 -0.223794818 -1.53536046 -1.67631721
 1111 -1.78006899 -0.448595285 -2.88631630 -0.862362862
 1112 -1.30888999 0.653076708 -0.417225599 -1.16547573
 1113 -0.817118466 -0.897921026 -0.230215847 -0.679239929
 1114 -0.457574427 -1.72993445 -0.885362208 -1.45167148
 1115 -0.340771407 -0.758298695 2.06458010E-03 -2.00214028
 1116 -0.403253913 0.233651251 -0.629051864 -1.32600224
 1117 -2.25604033 -0.271991819 0.305213630 -1.18459749
 1118 -1.24946785 -0.500713110 -0.352285653 -1.24277711
 1119 -2.32471418 -0.470062554 -9.62770581E-02 -0.569863856
 1120 -0.333459675 -7.18891621E-03 0.322187632 -1.38888812
 1121 -0.899685621 -0.575384438 -1.41138172 -1.85656261
 1122 0.171642289 -0.629255176 0.337110221 -1.89492488
 1123 -1.06988835 -1.05789185 0.301619470 -1.56084788
 1124 -0.577624857 -1.31218123 1.05799544 -1.37472236
 1125 -1.67212379 -0.948678851 -0.409850061 -2.01397109
 1126 0.388914973 3.95680666E-02 -0.733359814 -1.41095972
 1127 -1.14428902 -2.63010478 -1.03012526 -1.63039553
 1128 -0.565582395 -1.06569266 -1.84584618 -0.112879671
 1129 -0.250287622 -1.39372611 5.88971302E-02 -1.61212897
 1130 -6.46217093E-02 -1.27273309 1.06263554 -0.715977967
 1131 -0.762735128 -2.67285943 -1.18143082 -2.09708738
 1132 0.173473641 -0.442279518 -1.01684439 -1.58182824
 1133 0.329547465 -0.557639301 -0.450932562 -1.72871351
 1134 -1.34050417 -1.89342177 -0.185914651 -1.68113780
 1135 0.196395725 0.327103049 -0.655442894 -1.83330059
 1136 0.226904795 -1.47865009 1.19615459 -1.99946022
 1137 -2.53904200 -2.46234798 -0.782173574 0.199234799
 1138 -1.41215909 -0.222318977 -0.615262091 -1.02320504
 1139 1.62302601 -1.35855997 0.770724058 -1.75984156
 1140 0.766415715 -1.19152117 1.18121076 -0.319662094
 1141 -0.385056436 -0.931353092 -1.86770475 0.310785800
 1142 1.27923226 -0.728201747 -0.955423355 -0.564286530
 1143 1.78837740 -1.91057301 4.01422381E-04 -0.561918914
 1144 1.32411969 -1.09422326 0.520262957 -0.741653085
 1145 2.92751575 -0.568184137 0.906284690 -1.65592706
 1146 1.82574427 -1.06570363 -9.83375907E-02 -0.896548927
 1147 2.34264350 0.401210666 -0.505500436 -1.45470989
 1148 1.64855313 0.717428982 -0.293315291 -1.34121346
 1149 3.57629919 -1.99238336 0.493813574 -1.34423983
 1150 2.43917036 0.142052978 0.413988441 -1.72916782
 1151 1.34712648 -0.146706507 -0.426577330 -1.56511390
 1152 2.33407688 1.72510743 -1.72004437 -0.688325346
 1153 0.259373248 -0.516931772 -3.01045179E-03 -0.185315400
 1154 1.92258930 1.02264881E-02 -1.22252643 -1.57784152
 1155 0.739785612 -1.01291084 -1.04291844 -1.70884812
 1156 1.44466102 -1.52093554 -0.318811655 -1.70654774
 1157 1.31420505 -1.70267665 -0.478831351 -0.451810002
 1158 2.70540547 -3.49692535 2.19914222 -1.72280467
 1159 0.571250081 -1.40014625 0.732726514 -1.82498419
 1160 2.06857705 -1.27222896 -0.683796823 -0.415712506
 1161 1.02586460 -0.304316908 -0.195180416 -1.22597575
 1162 1.44022799 -1.16004968 0.784204185 -1.51716876
 1163 1.15842247 0.399344802 -1.75254858 -0.866121113
 1164 1.42161906 -0.104840286 -1.54913986 -0.543163240
 1165 1.86807179 -1.54751527 -1.07013404 -1.33331561
 1166 0.382328540 -0.872370124 -0.197873116 -1.32193303
 1167 2.87167811 -0.146405399 -1.17827260 -1.81884432
 1168 1.53307295 -0.667972922 0.984355390 -1.55862045
 1169 1.47559869 -1.71864554E-02 -0.395258009 -0.923656583
 1170 2.16565537 -1.21607423 0.642466843 -0.354475439
 1171 3.16926312 -2.43101573 -1.74222279 -0.428321540
 1172 2.09912562 -1.12513995 3.16515565E-02 -0.470025778
 1173 1.38351703 -1.73015380 -1.75704193 -0.612581134
 1174 1.58186340 -1.02922988 -0.640924692 -0.805118799
 1175 1.46041179 -0.264845222 0.641745329 -1.65112245
 1176 0.719479024 -1.75410104 -2.16772485 -1.30312741
 1177 2.45676780 -2.56872988 -0.676767409 -0.801562905
 1178 6.59141839E-02 -1.66488934 -1.28133023 0.506290793
 1179 1.17603588 7.45703727E-02 -1.05124986 -1.69189155
 1180 1.64628232 -1.30748618 0.269983441 -1.56035960
 1181 2.18790674 -1.65726376 -0.568359256 -0.408134580
 1182 1.95956039 -0.449815452 1.03422189 -0.275242448
 1183 3.16151333 0.201494396 0.360012144 -0.738759398
 1184 1.89151251 -1.22474051 0.841986477 -1.64390266
 1185 1.96711707 -0.157032743 0.620769978 -0.705357254
 1186 2.08646154 -0.840745986 0.103891000 -4.31235433E-02
 1187 0.559474647 0.385371089 -1.28847384 -1.38409197
 1188 1.12775218 -1.62721634 2.00267458 -0.535660565
 1189 1.64005446 -1.28433740 -0.497717381 5.57802916E-02
 1190 0.703015447 -1.30383193 1.31784320 -0.625857770
 1191 1.04200935 -1.67163777 0.895561874 -1.70039403
 1192 1.17788732 -1.04540765 -1.20023143 -1.28415084
 1193 1.77752948 0.572813869 -1.15432060 -1.50138772
 1194 1.83685946 -1.56656754 0.355630308 -1.38509429
 1195 1.16128910 -8.70594680E-02 -0.526287735 -1.68414307
 1196 1.04474461 -9.57280695E-02 0.724194765 -1.87764609
 1197 1.29694009 -1.40360308 -1.99756265 -0.596018672
 1198 2.47579479 -5.59169911E-02 -2.11373344E-02 -1.56433439
 1199 1.54154778 -3.36518145 1.11507928 -1.59713769
 1200 2.07259274 -0.693028986 -1.97291470 -0.607642889
 1201 2.64833307 9.19535011E-02 -1.66029656 -1.72273421
 1202 2.95389605 -0.557499826 2.10651755E-03 -1.55625141
 1203 2.41419554 -1.40538263 -0.247635961 -1.47761154
 1204 1.90301561 -0.585959911 0.178426787 -0.536719620
 1205 2.15046310 -1.56676710 1.29926062 -1.39772511
 1206 0.655089259 -1.87206733 -0.807767630 -1.59833634
 1207 2.01319480 -0.833229721 -0.944322586 -1.61267805
 1208 1.67279279 -0.994991243 -0.751863062 -0.589031696
 1209 3.17143559 -1.56649733 0.217969924 -0.542561233
 1210 2.65681124 -0.206223041 0.257754564 -1.60651076
 1211 2.74772596 -2.42865658 -0.144017518 -0.838565707
 1212 1.50711429 -0.488359690 -0.462510347 -1.31642854
 1213 1.40285432 -0.714534879 0.928101122 -1.44309485
 1214 1.45974815 -0.278567910 0.322183877 -0.530987084
 1215 0.834906518 -1.28191495 -1.53647590 -0.628581107
 1216 1.54540491 -1.92874897 0.902777731 -1.34109020
 1217 1.58554745 -1.46624494 0.515821517 -1.04176378
 1218 0.543080509 -2.35696054 -0.380565941 0.339359999
 1219 -0.330936849 -0.902409673 0.105711564 -0.557394803
 1220 2.70999074 -0.919579446 -0.440397263 -0.678532660
 1221 1.39579451 -2.73516083 1.81116688 -0.864950538
 1222 1.18241644 -0.536486328 -1.65472746 -1.50273395
 1223 2.14771366 -1.29293394 -0.945361078 -0.674727082
 1224 0.462506235 -2.18813968 0.810337007 -0.603377521
 1225 1.73925817 -1.01946998 -0.105816528 -0.600722134
 1226 0.654744983 -1.80995476 0.731079340 -0.604655266
 1227 2.59631824 -0.956388354 -0.501453578 -1.24786055
 1228 2.91116536E-03 -1.30559731 -1.20587385 -0.836236477
 1229 2.23454404 -2.02239537 -2.06112671 -0.454067409
 1230 2.43539929 0.198788613 -1.68486905 -0.734907568
 1231 1.81320333 -1.23729718 -0.192724749 -1.59772182
 1232 0.742323399 -0.224278837 1.29852319 -1.96621060
 1233 1.57144117 -1.73465466 0.102804899 -1.73227763
 1234 2.02424574 -0.474112570 -0.724985540 -0.807780266
 1235 1.33952093 -1.62679827 0.841863751 -1.45968175
 1236 1.35363829 -0.909571171 0.513148844 -1.59320712
 1237 1.85329187 -2.10853696 -0.372472793 -1.29995096
 1238 0.851575255 -0.351098478 0.977516174 0.418327987
 1239 0.717871130 0.458931923 -0.157349885 -0.488510489
 1240 2.65067196 -0.910376430 1.25369227 -1.09795237
 1241 2.04505157 -0.504300952 0.866661727 -1.51774716
 1242 1.44961464 -1.26014149 0.350612640 -0.302170604
 1243 1.57924688 -1.17989373 -4.87991981E-02 -1.61686432
 1244 2.59922671 -1.28636730 -0.476252884 -1.27394450
 1245 0.898092866 -0.174726278 -0.424571842 -1.67773938
 1246 1.98293293 -0.694056511 1.77853215 -1.54430223
 1247 1.28931582 -1.75563192 0.247310370 -1.33728075
 1248 0.984862268 -0.983405471 -0.556316853 -1.69550669
 1249 0.230465233 -0.269067228 -0.652639747 -1.37634790
 1250 2.53687310 2.32267678E-02 -0.291016370 -0.767990589
 1251 1.94235861 -0.802894413 0.797786832 0.728572726
 1252 0.586810827 -0.962698698 -0.316673994 -1.87025619
 1253 2.08860660 -2.01416016 -2.02867293 -0.656185627
 1254 0.207501233 -1.17804170 -0.702340245 0.299997091
 1255 1.91651988 -1.50577044 -1.92015004 -0.628012300
 1256 1.24187779 -0.608185410 0.461962044 -0.233549237
 1257 0.757714868 -2.81548595 0.261507571 -1.85154104
 1258 1.59808969 -0.850353837 -1.38552868 -0.569867492
 1259 1.54012370 -1.19829822 -0.423356175 -1.75399351
 1260 1.39538968 -0.394910455 -0.308913410 -1.46959615
 1261 1.98822820 0.224343628 -0.927543461 -0.539084375
 1262 2.47349381 -1.18196332 -0.290174872 -1.47211885
 1263 1.25387204 -0.778220057 1.16846550 -1.61620903
 1264 1.87595820 0.757860005 0.686749279 -1.84625173
 1265 0.579596758 -2.18612695 -1.47887135 -1.75674081
 1266 1.39146757 -1.26148510 1.77116477 -1.62355793
 1267 1.22796130 -2.07613707 0.184502497 -0.709328532
 1268 3.48175502 -2.04360938 1.21906519 -1.34796262
 1269 1.58855987 -1.31934249 1.26813936 -0.799612761
 1270 -0.147068352 -2.88619399 -2.19868612 -0.848407984
 1271 0.847375691 -0.724991143 0.560867369 -1.55344582
 1272 0.888864398 -1.80414319 1.17482692E-02 -1.09527409
 1273 0.935375929 -0.677524090 -1.72831750 -1.33008051
 1274 1.41026437 1.17802835 1.78373933 -1.51153088
 1275 1.86390150 -1.01875854 -0.352255523 -1.93326676
 1276 2.13950086 -0.571479201 -2.14484781E-02 -0.426070154
 1277 2.60596848 0.437193394 -0.397417843 -1.46227205
 1278 2.76238632 -1.47147560 -0.882214785 -0.872826338
 1279 2.28716540 -1.73029029 -0.355455905 -1.65787888
 1280 0.994528055 -2.17341447 -0.221007094 -1.79950261
 1281 0.802993774 -0.383078635 -0.187930077 -1.41926301
 1282 2.14264750 -0.597836614 -0.309326887 -1.60046029
 1283 1.40549254 -0.408193529 2.31816721 -1.28316736
 1284 3.33682489 -0.844470263 0.477772325 -1.27270031
 1285 3.20926857 -0.867939055 -0.400238186 -1.77905369
