 1 -0.692104280 0.322875291 -1.12488854 -0.109521821
 2 -0.388849944 1.88956070 1.54724479 1.91525948
 3 -0.409836829 0.831247032 0.283543795 -0.729113460
 4 1.58520639 -0.597687781 -1.69259608E-02 1.62331164
 5 6.07970059E-02 -0.603928208 1.81169808 1.41297615
 6 -7.47338459E-02 -1.03016365 -0.434014112 1.46725249
 7 -5.33981919E-02 2.22591901 -1.67983305 1.94799528E-02
 8 1.40056813 -7.34522641E-02 1.01454222 1.61130476
 9 0.822228312 1.10465145 -0.140862584 1.57461071
 10 -0.165263623 1.44139731 0.837683320 2.73902714E-03
 11 -0.693892002 0.115317628 0.418031067 0.150328040
 12 0.710123181 0.116361052 1.69358361 1.26123774
 13 -1.48727024 -0.439642847 -0.386645555 -1.92492679E-02
 14 -0.748739779 2.93256640E-02 -0.923205733 1.15666759
 15 -0.128733173 0.214316532 1.42933559 0.342841536
 16 2.33905166E-02 0.747654080 -8.81962627E-02 1.41661465
 17 1.75358260 -1.28768539 -0.197723806 1.35640514
 18 -1.15310764 1.11114931 -0.688663185 -1.15842748
 19 0.380998075 2.30797362 -0.150668621 1.29446006
 20 0.775683701 -0.242697030 -2.89221853E-03 0.147713065
 21 -2.13157392 6.53237402E-02 0.810470641 0.228128135
 22 0.692922771 -7.91357458E-03 0.207594767 -0.117937811
 23 0.284446597 0.187368840 0.903031647 1.45196056
 24 -0.813887477 -2.71431580E-02 -1.05519426 -1.32231688
 25 -0.832570136 0.520736754 0.292935878 -1.12160945
 26 0.708510160 1.09827983 0.923106551 0.394492507
 27 -0.361782640 -1.50985813 1.61137629 1.00417280
 28 -0.565620720 -0.264749855 0.419853926 1.54631281
 29 -0.372438788 -0.295258343 0.555171013 4.22309712E-02
 30 -0.699257493 -0.415307939 0.842352867 0.221068531
 31 0.388784945 -0.281718701 -5.57677224E-02 0.449766666
 32 0.268210977 1.22887051 -0.269439906 1.44373560
 33 0.934827447 0.650188565 0.372997135 1.37201583
 34 0.712060273 0.505702853 0.806920886 0.511609077
 35 1.24076772 0.911606491 -0.201339141 -1.25880301
 36 -0.847079873 0.542919040 0.779112458 -1.14315391
 37 -0.495290369 -1.00341392 -0.783279598 -1.19094586
 38 -6.77396953E-02 -0.450067997 0.715291917 -0.187574178
 39 -2.26813030 0.597505987 -8.09487849E-02 -1.53865702E-02
 40 0.739010990 -0.950219035 -1.73706985 1.09098780
 41 0.327542603 -1.39260542 -1.36740232 -5.44730462E-02
 42 -1.99764848 -0.369207889 0.716512740 -1.47305596
 43 0.109266311 0.991711020 0.252443671 0.156325087
 44 -0.481747091 2.02444291 -0.374008387 -1.25976872
 45 0.217324913 0.925446987 0.124692276 -1.23330092
 46 -0.905911863 -6.28105700E-02 3.49967927E-02 -5.72762378E-02
 47 1.04355776 -0.198424339 -0.176905602 1.04279637
 48 -0.913768351 1.35870457 0.232161090 -1.46217310
 49 -0.673529744 -0.759761035 -1.62606001 -0.901972294
 50 -0.157336920 1.86951649 1.34692779E-02 -0.156780884
 51 -1.11287284 -0.280636847 0.382889509 -1.47395611
 52 -0.781737030 1.19330728 1.28242653E-03 0.499711543
 53 0.153219536 -8.64455700E-02 0.269582808 -1.20123529
 54 -0.528983593 -0.997969627 -2.30843592 -0.944349527
 55 3.40262055E-02 -1.23978412 0.133964136 1.53079820
 56 -0.449019909 0.296305627 0.776307344 1.81350398
 57 -0.257019460 -1.01710129 0.312225878 1.48749936
 58 0.234825000 1.27289522 1.55436003 -0.137622446
 59 -1.63589871 -1.11818600 0.664201498 -1.09759521
 60 -0.599847853 0.614387393 -0.311564744 0.124906011
 61 1.18865561 1.12471986 0.223820046 0.422218084
 62 0.346235633 2.93947309E-02 -0.940156341 0.213782385
 63 -1.03289986 1.05496538 -0.405350894 6.47922978E-03
 64 -0.730116308 1.09021533 0.507417619 0.218399882
 65 0.903873622 -0.488902897 1.45765281 1.67819023
 66 0.628948390 0.329830766 0.401486635 -0.164856538
 67 -0.579422235 -0.549003243 -0.135756984 -1.15903199
 68 -0.190964550 0.385288745 -0.322077841 2.99879201E-02
 69 -0.933678687 -2.05971670 -6.42379299E-02 0.166179001
 70 -1.55689824 -0.946970701 0.213632822 0.102749020
 71 -1.13150442 -0.206826761 1.50693250 -1.27359474
 72 -1.35823119 2.93355137E-02 1.45566881 -1.25850964
 73 -0.490262032 -0.412787378 -0.296886891 0.168031693
 74 -0.997343898 -0.559578538 -0.983609617 -1.32352972
 75 -0.225425556 -1.96120572 0.578896701 1.24847019
 76 0.673803449 -0.376838267 -0.467212468 -1.01129079
 77 -1.45945311 1.18456399 0.419840664 6.31442666E-03
 78 -0.556848526 0.335126817 1.27446711 -1.07378280
 79 -0.332666814 1.12834454 0.337952673 1.41649723
 80 -0.524612308 0.335546374 1.08136415 1.44504821
 81 -0.290270686 -1.10422885 2.47737132E-02 -3.22791487E-02
 82 -0.669002056 -0.655433536 6.21356666E-02 -0.244561017
 83 -0.218837112 0.675653040 1.02112293 -2.49024928E-02
 84 -0.113992721 0.912863970 -1.54654396 -9.61169600E-02
 85 -0.345869541 1.03692198 0.343790382 0.644108653
 86 0.416246504 0.302372068 7.67239034E-02 -0.172427565
 87 2.45835114 1.07540011 -0.308593750 1.60534143
 88 -0.215792000 -0.145177037 -1.00893319 -0.982333541
 89 -1.04486501 -1.95651078 -0.768824279 1.68864298
 90 0.215051726 0.823577642 -0.746208072 -1.21258640
 91 1.66872108 -0.172183186 0.968861520 1.17035460
 92 1.28960586 -0.735706270 -2.68966965E-02 1.18679130
 93 -1.19286871 0.275786012 0.449088305 0.179904148
 94 0.244340897 -0.412693918 -1.52618039 -1.26938760
 95 0.270391673 -3.69412713E-02 6.34703040E-02 -7.45913684E-02
 96 1.30752790 -1.17172408 1.26796746 6.31239414E-02
 97 0.172910184 -1.00332892 -0.130204171 -5.28357029E-02
 98 1.96169329 -0.435655534 0.389786363 -0.946427464
 99 2.62123418 -0.295044035 0.211143777 -0.160719812
 100 -0.197190434 0.401510239 -0.568718493 -5.67421801E-02
 101 -0.479467630 -0.244782135 -0.845979929 0.263323724
 102 -0.774520516 0.180425704 0.958904624 0.108802319
 103 -0.157538116 -1.99466515 -0.699549437 -0.296348512
 104 -0.937794328 -0.260527998 0.155128390 0.633835316
 105 5.92660308E-02 0.639952421 -0.358551413 -1.72248387
 106 -0.757549644 0.538650930 1.94605851 0.292393923
 107 0.690330863 -0.243461281 -1.02429342 1.29092681
 108 0.855875969 -0.980080724 -1.04435015 -1.27438760
 109 0.682786465 0.231776178 -0.295466810 -0.366544724
 110 -0.329792112 0.799851418 -1.60605478 -1.46389997
 111 1.18246996 -6.40486106E-02 -0.319554448 -1.22429168
 112 1.10824084 0.293242067 -1.36834657 -1.12235713
 113 -0.264425009 -0.194106549 0.739369154 -0.361564040
 114 -0.546261191 -1.11730301 -0.754943609 0.948506713
 115 0.493904352 -0.426193416 0.571902275 -0.978727758
 116 -4.09260541E-02 1.13630462 -0.746047497 1.32361841
 117 1.25747585 0.405641347 -1.18485928 0.308318734
 118 0.263709515 -1.33371317 -1.37196982 -7.89281428E-02
 119 1.36764240 0.119176701 0.345311642 0.511519790
 120 -0.639579296 -1.50778294 -0.297032058 1.25315130
 121 -1.24369025 -0.345985025 0.239450291 6.94675818E-02
 122 -0.753518641 -1.66283274 0.489965737 1.56196499
 123 0.584798872 -0.477643371 1.25570428 0.984846830
 124 1.48749435 0.820388615 -0.212165862 -1.63712716
 125 -1.56012034 0.213251680 1.10564482 8.48320276E-02
 126 -0.441844612 -1.31032479 -0.263896406 -0.373855114
 127 0.811943650 -0.713583469 0.461546838 1.41859841
 128 2.58103657 1.70706260 0.566188991 1.46349680
 129 0.971938431 -1.45175970 0.437337577 0.156976044
 130 -0.507850170 -0.802582920 -0.947018445 -1.46003389
 131 -0.107589215 -0.346604615 -1.30548954 1.40331173
 132 1.77438712 -1.13328469 -0.100310646 -9.33596641E-02
 133 1.40601134 -1.00616443 0.447536319 0.374836624
 134 -0.560774803 -0.198217884 -0.985369623 -0.175851777
 135 0.549243808 0.204415917 -0.141166851 1.85999179
 136 -1.01005054 -1.22174108 -1.24650180 -1.40559554
 137 0.124045238 1.46905553 0.544122994 0.174834058
 138 -1.04440796 1.45285046 0.580765605 -1.51656532
 139 0.256959796 -1.06194258 0.550340056 0.247400865
 140 -0.164662734 -1.50723124 0.694347620 -0.109280795
 141 0.431152403 -0.560035408 0.132995784 -0.133100912
 142 -0.417111158 0.135291547 -1.33856356 1.79327000E-02
 143 -1.31561160 -0.316224158 0.688534141 -0.811178029
 144 0.527824759 1.06613243 1.30354512 -0.401717722
 145 0.945567489 0.391629755 -0.329160064 1.25596154
 146 -0.561080754 1.03579772 -0.985703826 1.43700242
 147 0.459712863 -0.785332441 1.43391323 8.71312320E-02
 148 0.368486822 1.66932940 -1.34928954 0.154581085
 149 0.261711270 -0.304982543 -2.15062308 1.50162053
 150 -1.17906058 -1.05771291 0.363996595 0.126886562
 151 -0.173666045 -0.562859178 0.469129950 -1.24629533
 152 -2.30165076 -0.566632330 -0.919244587 0.843199134
 153 0.373530000 -0.687112749 1.42218363 -0.137257338
 154 -0.524431765 0.883311212 -0.853370309 1.29854715
 155 -0.659588039 0.246137947 0.403235018 -1.24116743
 156 6.65118918E-02 0.212111220 -0.730460167 1.11651874
 157 -2.97079980E-02 0.333231181 1.01285565 1.48819339
 158 -1.42899764 -1.68107450 -0.405021012 1.00177503
 159 -1.23839641 -0.272620767 0.778582096 0.147871807
 160 0.639145672 -0.438252956 -0.353489250 -1.17142153
 161 4.07311022E-02 -9.81453955E-02 1.07818747 1.56864130
 162 -0.546476126 -2.35896111 0.613297641 0.204285473
 163 1.22184539 0.453796923 -1.38942337 0.795995831
 164 0.919582427 -1.18765950 -1.02111316 -1.09414530
 165 -0.627178907 0.240800291 -0.289355099 0.525242209
 166 1.41435051 0.257561028 -1.10675192 -1.39000845
 167 0.906799793 0.222308606 -1.87141895 1.53622699
 168 -0.787128747 -0.223075494 1.05452871 0.152997077
 169 -1.05906403 7.28831142E-02 -0.714648008 -1.36471844
 170 1.60696220 -0.384027183 -1.38488317 0.489760220
 171 1.00768173 4.78506088E-03 5.20596504E-02 0.254412889
 172 -1.32982159 0.204034641 0.486427873 1.02066994
 173 0.868927479 -1.95646036 -0.124458164 -1.31684172
 174 0.675343692 0.326037347 0.206089124 1.35944045
 175 -0.448422253 0.482998550 0.617347777 -0.238818601
 176 -0.716953754 1.22425079 -0.647680402 0.268553168
 177 2.06137824 -0.174228162 -0.153601289 1.49573505
 178 1.82453680 -1.25924563 1.33870387 4.94798720E-02
 179 -0.727696180 2.84623671E-02 -0.263842672 1.75973177
 180 1.49142933 0.206246078 -0.926918387 -1.32852471
 181 -0.340332806 -0.254970282 0.609733462 1.48534250
 182 -0.893141806 0.146203145 0.637880921 -1.05012608
 183 0.482690394 7.45183527E-02 -0.108764976 0.130704671
 184 0.375778317 1.46462119 -0.410381734 -1.31013358
 185 3.90020013E-03 6.90750480E-02 -0.880328655 1.22022367
 186 -0.368278563 -1.14757252 0.144265234 -1.57627296
 187 1.12503600 0.612757683 -0.242952794 1.73815501
 188 -0.171016067 -0.634194195 0.622589529 -1.19718480
 189 -0.445384651 -0.298454881 -0.102378458 0.178920537
 190 -1.58984303 -1.83994770E-02 0.234435827 -1.40204835
 191 -1.56525373E-02 -0.724350214 -0.240465462 0.227242947
 192 -5.47820851E-02 -0.724012375 0.419876039 -1.23710001
 193 1.13726735 -1.84730959 -0.443374664 -1.29242432
 194 1.05107713 -0.343875289 -0.463016480 1.45485258
 195 -0.526972294 0.761097431 0.227216259 1.57944906
 196 -0.472019315 0.877123237 0.629808545 1.26785553
 197 1.31550646 -1.01476336 5.13624251E-02 -1.24618244
 198 -0.952468395 -3.47031069 0.304359496 -1.66287351
 199 -0.954836309 0.138190150 1.12701774 -1.18790674
 200 -1.56549931 -1.65659666 0.185436070 1.57586968
 201 -1.27571774 1.17640269 -0.349940628 8.11741203E-02
 202 -1.14531302 1.34658134 -0.316534758 1.15840101
 203 -0.470510721 0.534016371 -0.208734080 0.511678457
 204 -0.936639071 1.48110402 1.57170486 -1.79092251E-02
 205 -0.359258920 -0.628160596 -0.454141974 0.177054361
 206 -0.905810833 1.15608919 -0.812766135 -0.123674951
 207 0.249254838 -0.318833292 -1.46788347 0.476815432
 208 -0.919537544 -0.372234762 -0.345490485 0.134934753
 209 0.318000644 -2.31535149 -1.35236585 -1.13360536
 210 1.61141992 -1.53138268 -0.793071985 -0.107156292
 211 -1.01891327 1.18780363 0.983224392 1.30788088E-02
 212 -7.22482800E-03 0.684630632 1.21215248 -1.42477369
 213 -1.15474641 0.480776936 -1.76347435 -1.09522545
 214 -0.542351544 -0.171665445 -2.50338316E-02 -1.23407531
 215 -0.745999753 1.16875827 -0.359935433 -5.38768619E-02
 216 -0.448214889 -0.703044593 0.336295366 -7.84954429E-02
 217 -1.15406084 -0.965022743 -1.28894818 -1.10579050
 218 -0.737920880 -4.95900884E-02 -1.26737130 -0.141508043
 219 -8.26901197E-02 -0.598581731 0.308241785 -1.21632624
 220 5.79763204E-04 -0.324581712 -0.657701254 0.244599521
 221 -1.57595658 -0.695829570 0.856119871 -6.23082817E-02
 222 1.04413927 2.19114125E-03 1.51481485 0.253433228
 223 -1.32863784 0.403017074 1.25040770 -1.70676064
 224 -1.57207966 0.198266715 0.546193898 -1.00766289
 225 0.128212899 0.163040504 0.100499213 1.41701293
 226 -0.839703918 -0.186454773 0.409144372 -1.34402430
 227 -0.877220273 -1.20216691 -0.421617985 0.121112324
 228 0.660754919 -0.569007397 1.83442307 -3.66713479E-02
 229 -0.819243371 -0.617007732 0.636230230 9.69846845E-02
 230 -0.937855661 -5.88288493E-02 0.582074761 -1.12784767
 231 -0.550867081 0.848496139 0.619335651 -0.336485535
 232 -1.89789152 -7.63633102E-02 1.80172980 -1.33125544
 233 -7.99208581E-02 -0.649677277 1.32197738E-02 0.295971274
 234 -0.396116078 2.00387692 0.647868216 0.105212778
 235 -1.60865784 -1.33440173 0.674906969 0.288796812
 236 -1.52756822 -0.171404436 0.386522293 -1.14627242
 237 -0.270947635 -1.58335948 -0.944807947 0.212234765
 238 1.45075083 -0.996019661 0.834687829 -1.56459618
 239 -1.79559922 0.295935541 -0.480502397 0.415679395
 240 -0.269196570 1.22831774 -0.459858805 -0.908062458
 241 -0.804834068 -0.264081657 -0.582085013 0.185928777
 242 -0.373939991 -1.61517811 0.132216483 -1.01820529E-02
 243 -1.74994826 -0.577768028 -0.132595778 -1.45122504
 244 -0.572262406 0.182426333 -2.91242003E-02 0.319613814
 245 -0.402768016 -1.06867158 1.44547343 1.85893464
 246 0.135452926 -0.559313178 1.05372798 1.05743670
 247 0.220951885 -1.05697966 0.794408441 -0.237770557
 248 -0.520533204 1.17440951 7.07943141E-02 0.349557787
 249 -0.660600364 -1.10717988 0.577295542 0.512154341
 250 1.78112912 -0.358991116 0.856432736 -1.30872512
 251 1.00867045 0.393261015 0.421702564 1.34788299
 252 -0.992507577 -0.411312044 -0.465427339 -0.606338024
 253 -0.972748876 0.171744764 0.552129626 -1.27632296
 254 -0.271030575 -0.799297273 0.492220521 -1.51606846
 255 0.625958264 7.89995492E-02 -6.13648817E-02 0.363976419
 256 -1.30799961 -0.477998167 0.528532147 0.318761915
 257 0.363341749 1.51379728 0.869792581 -0.198797449
 258 0.210824490 1.90960228 0.762186587 -1.44481206
 259 0.116285026 0.568668008 -9.55811888E-02 1.36003122E-02
 260 -0.525487959 0.446760595 -1.14087629 -6.48088753E-02
 261 -1.04993999 1.23217845 -0.437504739 1.27847528
 262 0.281230301 0.169982105 -1.24990642 1.38713169
 263 1.35203707 0.979842424 -0.115936674 -0.285475880
 264 0.412775159 1.33066034 0.215289950 -0.186004147
 265 -2.99984217E-03 0.930987716 0.745759964 1.27417970
 266 -1.43763101 -0.626456022 -0.196943521 0.248538509
 267 1.03320217 -5.51358014E-02 0.251261562 -1.42907786
 268 -0.954944432 -1.97814977 -0.715704858 0.680373788
 269 0.629120886 -0.427030444 -0.552035093 0.308653891
 270 -0.920335054 -1.64165378 0.231304765 4.16594669E-02
 271 0.586003840 0.822859764 1.49651349 9.44223702E-02
 272 -0.195824385 -0.976702750 0.516561270 -0.171686769
 273 -3.22947788 -0.487023592 -1.42599940 8.51570442E-02
 274 -0.514986992 0.818566501 0.565627992 1.14407670
 275 6.84036613E-02 0.745359898 -1.01985526 -7.43742362E-02
 276 0.620562017 -1.04352582 0.733085692 1.54659522
 277 -0.659938812 0.382024467 0.525918245 0.267175168
 278 1.04660392 -0.591421127 -0.431324035 0.238615781
 279 -0.949186802 0.561454475 -0.875987709 0.340114117
 280 -4.79595512E-02 -1.02997994 0.370429665 1.38436854E-02
 281 -0.964522064 -0.391599923 0.991870224 -0.354347885
 282 1.40710664 3.11073810E-02 0.792013943 1.34550762
 283 1.27598047 0.620494366 -0.952061653 -1.27700043
 284 -0.711438775 -1.52497375 -0.629151583 -3.11752409E-03
 285 -1.32838070 -4.27140035E-02 0.420624316 1.06869221
 286 -0.262162507 -0.929825783 -1.00628352 -0.470727623
 287 -1.29258370 -0.556087255 0.851430058 -0.233436018
 288 1.43858552 0.159600973 0.506067574 0.229815960
 289 -0.550900221 8.26717913E-03 0.251769006 -1.01970017
 290 -1.61005044 -0.190918207 0.549888372 -0.845989347
 291 -0.241616696 1.18490338 -0.386382699 -1.36434245
 292 0.242377520 1.44973564 -0.683282197 -9.73653793E-02
 293 0.549784124 -5.57425097E-02 0.896686852 -1.46864033
 294 0.499564886 -0.143749893 -8.22441876E-02 -0.358293563
 295 -0.766592503 0.268136889 0.190840259 1.07943749
 296 1.17011285 0.134970486 1.62534404 -0.232465401
 297 -7.16120824E-02 1.14267600 -0.402431399 0.201661259
 298 -2.44219398 -0.165682212 0.478132963 1.19132447
 299 -0.738077521 -0.304560691 1.18480802 0.799014807
 300 0.373498648 0.786471725 -5.08279018E-02 -1.50714183
 301 1.45009553 0.386366844 0.714077592 -1.55002987
 302 -0.582839549 0.796867788 -0.574768245 -1.24434972
 303 0.104247689 0.623399794 -0.152699247 0.254407376
 304 -0.358085304 0.240108073 1.09385633 0.319862634
 305 -3.70540619E-02 3.43165509E-02 0.201864645 -0.991468251
 306 0.233179912 -1.06709504 -4.97107804E-02 -1.91263819
 307 -0.119657457 -0.601265848 0.575112641 -0.107075326
 308 0.886543632 0.941031396 0.931943178 0.112021893
 309 -0.390750945 -1.01951098 -0.233343869 -1.10434365
 310 2.54817080 0.647574425 -0.406381667 -1.53554475
 311 -0.526891351 -0.321780622 1.72949898 0.172420561
 312 -0.123398520 -5.49854040E-02 1.25841677 0.346124649
 313 0.264326870 -0.665105939 0.483907998 0.160103723
 314 -0.592737794 -0.674347401 0.185552940 1.40192699
 315 -0.631200790 -0.394060224 1.15928483 -0.854382753
 316 0.805393219 -0.129366577 0.141492918 -1.16187537
 317 0.354092747 -0.388231337 1.54415059 0.293425679
 318 -0.646464348 0.379828036 1.30089486 -9.69803184E-02
 319 -0.731997192 -0.513638496 1.27131867 1.29421711
 320 0.956095636 1.88446724 0.643623888 0.158229619
 321 -1.19860411 1.33782411 -0.683991015 1.21488416
 322 -1.65879607 -0.141372204 -0.241422087 -1.31028306
 323 -4.28304337E-02 -0.685684919 1.30720615 -1.35582507
 324 0.278927773 -1.56021464 -0.191239163 -5.48357479E-02
 325 1.12787318 1.79637253 0.620222986 -1.21035480
 326 -0.255533159 0.274868369 -0.402434975 -1.46574759
 327 1.51205468 8.32882971E-02 -1.42130113 -1.54456937
 328 2.41840625 1.28455520 1.15311849 -0.165079847
 329 1.44693649 1.15889418 -0.201035559 -0.295579165
 330 -1.17547345 -0.165345162 -1.15418446 -0.914062202
 331 0.868086517 0.861072540 0.448188484 -1.13809371
 332 -0.640676141 0.161134958 -0.105527788 -0.173277006
 333 0.106558919 -0.331697851 -7.19688833E-03 3.18075418E-02
 334 1.04323363 -0.700062752 0.295517445 -1.18657708
 335 -0.523033738 -5.11871278E-02 0.546975851 -1.26099813
 336 -1.47238886 0.667097867 0.619715154 -1.56462049
 337 2.98043042E-02 -1.19127965 0.727072537 -1.22538948
 338 0.506973445 -0.718710899 -0.393845975 -1.14462459
 339 -0.554568410 -0.493052423 -0.545247436 -0.305693686
 340 0.580535769 -0.126762047 0.225130796 -0.199610040
 341 -1.55173802 -0.827517927 -0.804186821 0.122358166
 342 0.951491892 0.146869719 0.690452099 -4.59145010E-02
 343 -0.322875738 -0.739749491 -0.742092371 0.100326195
 344 -0.899607897 -1.27439404 1.02752054 0.159435779
 345 -1.93904245 1.19135654 -0.209455177 -4.59195673E-03
 346 -3.30485925E-02 0.840473711 0.569218874 0.106685400
 347 -0.933074594 -1.03894210 1.72212374 -0.176640421
 348 0.305147558 -0.909403205 1.20640194 -0.101252519
 349 -2.05497193 -1.27980173 -0.417419821 0.321259379
 350 0.325288177 0.397463262 1.45323503 0.113366276
 351 0.140330434 -0.659751236 0.903215706 1.42388332
 352 0.268570453 -0.362353563 0.708472550 1.09054458
 353 0.587638259 -0.624734998 1.31843781 -7.13178292E-02
 354 -3.90011705E-02 1.03278410 1.57169223 -9.63641703E-02
 355 -1.17504537 1.00473273 -0.233215243 -1.23049378
 356 3.83698046E-02 9.91201699E-02 1.77087283 0.927959859
 357 -0.220689029 0.230615854 -0.152110308 0.159401000
 358 0.666138411 0.772449911 1.37473726 0.316477418
 359 0.989341497 0.506143332 1.12421370 -1.19059646
 360 -0.836277306 -0.919299006 1.65585613 -1.90411150
 361 1.45084894 -0.263446063 0.630737185 0.290685385
 362 0.366321117 0.116202042 1.23663294 -0.227047399
 363 0.504222095 -0.446998358 -0.292908967 -0.934856117
 364 -0.508624434 -1.39025426 0.550620437 0.236810535
 365 0.452096999 -0.384040058 1.40837657 0.121427372
 366 -0.919174731 -1.21696568 -1.47450364 -1.45724034
 367 -0.817021132 -0.287961811 0.382630795 7.45712072E-02
 368 -8.93601179E-02 0.106671274 -9.81488153E-02 1.21266246
 369 0.605385542 -0.227886081 0.464908183 0.289125890
 370 -1.11509049 -0.881749094 -0.781938672 -1.47822070
 371 -0.141461998 -0.507495046 0.310380191 0.213022560
 372 -0.936707079 1.65018034 -0.372956753 0.184362739
 373 0.930731893 0.831849158 0.286996633 1.78663172E-02
 374 -0.965707839 -1.63174462 0.561342418 0.317157656
 375 -0.850561738 -2.12442923 -9.54808518E-02 2.53816247E-02
 376 -0.667659879 -1.70933986 0.319777727 -8.83416459E-02
 377 0.358548552 0.400369436 1.81554425 1.31059551
 378 0.479692280 -1.50965559 0.978405952 1.27220738
 379 0.702953815 0.704182029 -0.164719924 -0.498430729
 380 7.55259767E-02 -0.232824355 0.103249371 0.165904880
 381 1.42294681 0.331283480 1.91528833 -0.286947697
 382 0.395915359 0.901836336 0.961232185 0.950841367
 383 -1.33765495 0.162947267 0.130626962 -1.24055123
 384 0.752047539 1.56663346 -0.292731076 -1.10722005
 385 1.27170694 -0.706089914 1.05490959 1.40683341
 386 0.244551286 -0.203320950 1.61936998 -5.22143766E-02
 387 -0.736651957 0.589485407 1.43260181 -8.00736248E-02
 388 -0.691124797 -7.15786219E-02 -0.302458644 1.16046000
 389 0.415551782 -1.04719901 1.36682913E-02 0.233679518
 390 0.898799479 -0.678010285 1.63772845 1.30686867
 391 -0.629271388 -1.43753839 0.622060716 1.24728584
 392 1.22092533 -1.12807608 0.354904741 1.37276280
 393 -1.60408449 -1.73648131 1.44222713 1.57816494
 394 1.38149524 -0.685990453 0.273917913 -1.58428645
 395 0.516018689 -0.943035603 0.445426762 -6.98199570E-02
 396 -1.22773886 -7.27046132E-02 0.391015232 0.965329409
 397 -0.108370960 0.771254122 -1.82750821E-02 -3.01581174E-02
 398 -1.05717361 0.437582314 1.04432297 1.07829809
 399 -0.953669906 -0.635276198 2.82249713 1.23564351
 400 9.83452201E-02 -0.735261917 1.24124396 3.86790223E-02
 401 -0.732580245 -1.62055147 -0.727290034 -7.60488659E-02
 402 -1.20767438 -0.557585955 -0.720464051 -1.18306458
 403 1.40568614E-02 0.261800766 0.687907636 1.33281720
 404 -0.356913090 0.846115530 0.633597374 -1.39649475
 405 -1.10549390 -0.289765805 0.681182861 -1.10564113
 406 -0.804838419 -1.45714271 0.178159744 0.423583776
 407 -0.774752021 -1.20757687 -0.595404267 -1.29150391
 408 1.19337320 -0.980942488 0.362331361 1.41580534
 409 -1.32737279 -1.08372986 -4.40566838E-02 0.116146892
 410 -1.05700994 -0.775174797 1.86366332 1.23293912
 411 0.684414744 -4.37705964E-02 0.869308949 1.26829302
 412 0.803753734 -0.702659190 0.521271646 1.69659412
 413 -0.350151569 -0.318595260 -8.16164911E-03 0.577534258
 414 -1.92024481 -0.315141976 0.545019448 -1.30184722
 415 -0.856382668 -4.21112888E-02 0.137799919 1.46195745
 416 -2.11738467 -0.757473052 0.433075726 -1.07712913
 417 -4.44573164E-02 -0.362746835 1.64768621E-02 0.939329803
 418 -1.07120919 1.14264822 -1.56060874 -1.32124352
 419 0.338331401 1.03407240 0.861742020 -1.63309479
 420 0.433091521 -1.16552186 0.821527362 -0.107843466
 421 -0.442906350 0.248224944 -1.08193851 -1.67929029
 422 -0.786070585 -0.907322228 1.09177423 1.87108052
 423 0.451904058 -1.17568517 0.506209970 0.329537004
 424 -0.305696726 -0.159292489 1.27664673 1.25653124
 425 -1.77472889 -1.03109086 1.17772233 -1.08420777
 426 -0.851624846 -0.258467525 1.13116157 0.281761199
 427 0.148897499 -0.606251240 1.08399975 1.34720421
 428 -2.26034355 -0.945148826 1.01846671 0.529665470
 429 -0.378213346 -0.266454279 0.180369809 0.977493882
 430 -1.08281755 -0.670235038 0.517919421 -0.417424709
 431 -0.812422812 -2.03359675 0.341221184 -1.07093799
 432 -0.403837770 3.73836607E-02 8.97912383E-02 -1.06658554
 433 -0.854645729 -0.645807862 9.81618837E-03 6.61753044E-02
 434 0.371687979 -1.06430459 -0.833648086 1.42511058
 435 1.54949784 -0.970030427 -0.316822886 1.59558332
 436 2.45089531E-02 -0.433915824 -1.03407264 1.24090993
 437 -1.17013288 -0.595242858 0.862298191 0.236171484
 438 -0.555862665 2.70946249E-02 0.434140116 0.300524652
 439 0.264878243 -2.65545416 -1.00180733 1.48488128
 440 1.05545628 -1.47776020 -0.146994069 1.47175109
 441 -0.814854920 0.485981762 -6.99505135E-02 -2.11907029E-02
 442 2.05162787 -1.37763381 1.33499134 4.23312746E-02
 443 -0.756398380 -0.205702201 -1.04265237 -9.13810730E-02
 444 -0.146298781 -1.00133169 0.186549231 0.793421328
 445 0.602820396 -2.48223448 0.700109124 0.324932665
 446 1.24348986 0.306138784 -0.113214821 0.500865698
 447 1.05869532 -1.79144728 0.477560639 3.63279320E-02
 448 -1.37356782 1.24123323 1.02061212 -0.392451555
 449 6.08523190E-02 1.12181234 0.438240200 0.247612536
 450 0.407274306 1.42128861 1.12940204 -1.13168621
 451 0.451212615 0.490441740 0.944815278 1.04399133
 452 -0.418518066 -0.735311508 0.280533940 1.59080064
 453 -0.143639833 1.02617669 -0.365589857 5.63619137E-02
 454 5.58753759E-02 -2.13317251 -1.39983141 -0.943087339
 455 0.477636129 0.926925302 1.10780168 -0.106187165
 456 -0.416574538 -1.64013195 -0.773423433 -1.40959167
 457 -0.537166953 -1.50604010 0.900115013 7.71834552E-02
 458 0.547798097 0.312593997 0.153731227 0.276271790
 459 0.828795671 -0.890060484 -0.123191468 -1.75359845
 460 -0.276086777 -0.741264105 0.809215546 1.16667211
 461 0.478982091 0.948743939 -0.240619749 -1.17813849
 462 -1.35979319 2.14736295 -0.481145769 1.48255825E-02
 463 -1.23386097 -0.392566383 0.940330446 1.07717395
 464 -2.29205227 -1.68262348E-02 -1.57912838 -0.960783303
 465 -0.332881480 -1.22749388 -0.601367235 0.378838003
 466 0.187944233 0.748088479 0.113906533 0.351375401
 467 -0.898144007 -1.22783077 -0.320181817 0.232240409
 468 -0.810009539 -0.643889427 0.500739872 -0.887851417
 469 -0.768414617 -0.165106863 1.04129052 1.47583795
 470 0.220334768 -0.848535776 1.24695814 1.31968856
 471 -1.16079104 -5.86692020E-02 0.227096826 1.23117769
 472 0.510513127 0.587802172 0.669490337 1.60883296
 473 -0.918159008 -0.323804259 -1.42147887 1.33759534
 474 -0.944213450 -0.797488570 -6.32844195E-02 1.69143832
 475 0.518313527 0.786612213 0.518731177 6.78230077E-02
 476 0.560393095 -1.38808441 -1.52161086 0.201668531
 477 0.131452471 -0.165217176 0.663753629 1.26927018
 478 -0.992785215 -0.120707616 0.173699677 2.91115269E-02
 479 -0.371800005 -0.484197617 0.275008678 1.43004680
 480 1.66488111 0.609378219 0.461288303 1.58201909
 481 0.412306488 -9.28696916E-02 2.45712233 -1.34363115
 482 -0.227879822 0.788152695 -0.401956767 1.18184841
 483 -1.38945484 -1.39510155 0.723046482 1.64159262
 484 2.15663576 0.179600954 -7.75019228E-02 1.51913321
 485 -0.599476814 0.256823480 -0.413649261 1.47709000
 486 0.314948857 -1.44039905 0.509686112 0.284397691
 487 0.570090532 0.766058922 -0.450980484 -4.14122529E-02
 488 1.29747689E-02 0.350039274 -0.839292288 -0.111811623
 489 0.891471326 0.968369842 -0.296555072 1.61129379
 490 -0.265243024 0.644263864 -0.834660053 0.318660945
 491 1.63104248 1.39167094 0.141439319 1.59641182
 492 -0.611424804 1.00471973 0.224317864 1.52410674
 493 0.978784084 -0.231500119 0.173978955 0.208038449
 494 -0.228625894 -0.933817983 0.165893152 0.298030674
 495 0.100847833 -0.746015608 4.67058122E-02 -1.36688203E-02
 496 -0.129073679 -2.37530470E-02 -2.07716584 1.53032935
 497 1.70629442 1.21306694 -0.225215614 0.131645247
 498 2.55244422 1.66621268 -0.545249343 0.130527899
 499 -0.517235041 -0.814678907 -8.98979604E-03 1.60070407
 500 0.196697637 -0.363118649 -0.603109241 5.69227077E-02
 501 1.50470340 6.19800091E-02 -0.701793432 1.39346600
 502 -1.15029204 8.90319198E-02 0.394596964 0.294758707
 503 0.284074247 -0.450892597 0.198535919 1.52711916
 504 1.53781176 1.01089072 -0.678705513 0.139841467
 505 -9.45985764E-02 -0.433236778 0.177517653 8.48164111E-02
 506 1.65806019 -0.613717020 -0.715014338 1.46720326
 507 -0.997578979 -5.79988956E-03 -0.459891587 -0.185325146
 508 -0.966716826 -0.617188871 0.129160985 1.51281394E-02
 509 -1.58041739 0.554885149 1.05499327 0.407560468
 510 -0.875815272 0.516101956 0.197535574 0.139186263
 511 0.250115275 -0.160486758 1.69345617 -1.71094859
 512 0.819378257 0.125241071 -0.895017385 -1.57593894
 513 -6.55050352E-02 -1.90180266 -0.580704212 -0.214219749
 514 9.74652916E-03 -0.209224716 2.19320250 -0.251630872
 515 2.38494682 0.653731883 0.271796852 1.70938969E-02
 516 -0.531700611 -0.403523177 0.204577774 1.52063036
 517 0.253809661 0.405500144 -1.84621394 -1.10968709
 518 -0.569041610 0.443600059 1.26203918 0.203368261
 519 1.80188954 -0.718328357 1.35755253 -4.21843827E-02
 520 -1.25047886 0.586029530 1.01883435 -1.18876547E-02
 521 1.27760530 -0.502230883 0.182074010 -1.24127293
 522 7.57818744E-02 0.179636687 0.480258733 -0.925910294
 523 2.10860181 0.686372817 0.424776405 -0.324427187
 524 -0.399636567 -2.29507375 -0.391878605 1.19465411
 525 0.845902026 -0.561587095 -1.65941179 -1.59107220
 526 -1.40106392 -0.733676195 1.38158739 -1.10075855
 527 -6.18745089E-02 -1.35388315 2.27618313 0.235704094
 528 1.30417073 -1.08553004 1.38082659 0.967356801
 529 0.126189604 0.448275417 0.427767038 -0.263646573
 530 -1.33506632 0.575806677 -0.926274896 -1.44799793
 531 0.939706266 -2.13912392 -0.186641425 0.386716604
 532 0.706036866 0.275884628 0.625959218 0.367893457
 533 0.534710705 -0.421856135 0.409349710 -0.205082774
 534 0.999317646 -0.770927906 -1.04557788 -0.193006530
 535 -2.12121308E-02 -3.98513861E-02 -0.429492325 -3.81373316E-02
 536 -0.250163078 -0.282188565 0.634470642 -0.262933314
 537 0.211077094 2.39037275 -6.58908933E-02 7.85125121E-02
 538 -0.200345576 1.66595173 0.877042055 0.566710591
 539 8.62421766E-02 -3.88537571E-02 -2.40394995E-02 -0.116263345
 540 0.372114241 -0.512516499 -0.189859986 -1.22632194
 541 -4.00127545E-02 1.26234770 0.529077470 -0.170391336
 542 0.117552280 -0.374987543 -1.40070975 -1.61842853E-02
 543 1.13705981 -1.66551268 -1.32988036 -0.535091400
 544 0.158466280 1.55133998 0.534854293 1.15036666
 545 -1.57528532 -1.15468097 0.191297308 0.943199396
 546 -5.51069900E-02 -0.717135370 -1.98614150E-02 5.85878268E-02
 547 1.01724589 0.880133808 -0.569258332 -0.953469694
 548 -0.487993717 -1.18331671 -1.69962645E-02 1.73038018
 549 0.447425514 -8.36451352E-03 -0.773915410 -0.962256908
 550 1.16386604 -0.339902163 0.717295229 0.727078319
 551 0.619917154 2.02504587 0.583240628 -1.16039467
 552 -0.299791515 -9.77711827E-02 0.348596811 -1.30437219
 553 -1.49880886 -1.70216835 -0.462884396 0.315670758
 554 0.611086607 1.35220873 0.319482476 1.14033258
 555 -0.211516574 0.983099580 -0.413918316 1.29750383
 556 0.156904876 -0.151411414 0.237596095 0.234524608
 557 1.13201308 -0.743689835 0.381123096 0.274965972
 558 0.861062050 0.695901096 0.371619344 1.38425922
 559 -1.45245218 0.315807968 -0.945968151 1.94344807
 560 0.403272867 0.612715602 1.21734273 0.938754380
 561 -1.88693678 0.652419925 -9.99206454E-02 -1.70808017
 562 0.251490295 -0.234231651 -0.190796375 1.37630844
 563 0.220796570 -0.214839533 2.45410490 0.918129563
 564 1.37630177 1.39201784 -5.71243465E-02 0.743332386
 565 0.121264890 1.86867988 -0.177516609 -2.39268765E-02
 566 0.129520208 5.35944700E-02 1.24160573E-02 -1.22251916
 567 -1.10191393 1.17395723 -0.807258308 1.49250960
 568 -1.65740478 -0.199945718 -1.53949797 -1.66840696
 569 1.15811956 0.671234787 -1.28986466 1.41226983
 570 0.447669506 1.51554048E-02 -0.255758882 1.50023413
 571 -1.03894532 5.76091707E-02 0.141407803 -1.28038692
 572 -1.24594438 0.608898044 -0.546630859 -1.12647378
 573 0.475061566 -0.228957802 0.926419616 1.73670240E-02
 574 -0.977642417 1.38452160 -1.29036105 -1.58106816
 575 0.493725806 -1.07039142 1.09872556 0.225626945
 576 1.45892370 2.45900989 1.20880699 1.41009474
 577 0.663519859 -0.722987890 -0.438621789 0.123081699
 578 0.824411869 -0.239236414 0.387819171 1.44302869
 579 0.154548630 0.586964369 -0.429776579 -0.162236452
 580 0.920189917 2.53776813 -0.628596306 0.204526007
 581 -1.09997237 -0.483220428 0.959899545 -0.208969742
 582 0.853328407 -0.916289806 -0.265193760 0.549559832
 583 -5.84475100E-02 0.795724630 1.49213767 -0.382800281
 584 1.04888976 -0.878509641 -0.548135638 1.65098584
 585 0.883449495 0.746745110 0.461647511 -0.248456895
 586 0.243332446 1.97434461 -1.68545544E-02 1.35433805
 587 -0.709630907 0.668579698 -1.19072640 1.44737363
 588 9.10449028E-03 -1.31080723 1.24570990 0.263157368
 589 7.09707886E-02 0.137206122 -0.475109667 0.136247233
 590 0.759063840 0.979067028 0.105597854 -1.05875504
 591 0.930896282 -0.419647098 0.466207623 0.360596836
 592 -0.269078404 0.485419810 -4.91504967E-02 -1.14587688
 593 0.853721023 -0.365614474 -0.527682662 -0.373629838
 594 7.08440244E-02 -0.487118542 -0.428609043 -0.877161622
 595 0.471191645 1.45280504 -9.51494053E-02 -0.131586179
 596 0.450823188 0.560992777 -1.07747400 0.808697224
 597 -0.605295539 -6.76069409E-02 0.449739277 -0.112222783
 598 1.09921348 1.42191386 0.301000834 1.32706106
 599 2.10899448 -0.523061216 -0.394519120 5.63216917E-02
 600 1.66473055 -1.10033405 0.303209424 -1.66072261
 601 -0.559530497 -0.167630687 -0.509713113 -0.130268499
 602 -1.16031969 -0.787641108 -0.904807091 0.322482228
 603 -1.64981627 -0.502481461 -0.538951874 -1.10888815
 604 0.686472833 0.550155997 -1.45623541 1.77586091
 605 4.28271592E-02 -0.411110699 -0.915160179 1.25429404
 606 1.35320270 1.16893816 0.134834751 1.32525241
 607 0.610983133 1.62540507 -0.305228621 0.283546865
 608 0.913737416 -0.559407115 -0.802895367 -1.30142796
 609 0.173685253 -0.926491976 -0.877120078 -0.948530436
 610 0.916590989 -0.527254581 0.576494455 3.93540859E-02
 611 0.169558153 0.332683623 0.895186782 2.79837009E-02
 612 -0.763779640 -0.767381191 0.886622548 -0.956167638
 613 1.10223150 1.44083619 0.917265177 1.60765231
 614 -0.498009741 -5.79128861E-02 -1.03882766 -0.215881258
 615 1.48772264 -1.15898645 0.655179918 -0.945230484
 616 0.985453486 1.09433973 1.76362717 -1.28606439
 617 1.32450187 1.45194995 0.142207220 1.43746698
 618 -0.994309068 -0.749911070 0.493480980 -1.32247162
 619 0.708611846 1.33128667 1.55897951 1.47971976
 620 0.229439899 1.94406068 0.890674531 1.50328986E-02
 621 1.16190302 -1.31408668 0.642442584 0.457741737
 622 -0.981403351 -2.18320203 -1.00563753 1.55087495
 623 -0.638291597 0.504009008 0.245443746 0.119088106
 624 -1.54802427E-02 0.630850792 2.39238954 -4.90496457E-02
 625 0.913471639 0.602314532 -0.185511068 1.09207618
 626 2.14870572E-02 0.735028923 0.917692006 -1.20266795
 627 0.297800958 -1.10219526 -0.813921332 -1.27039456
 628 0.298900455 0.285513580 -0.568469763 -0.113206163
 629 -0.835974634 -0.159238145 1.66075146 -0.338696867
 630 4.73641753E-02 0.886249721 1.96789742 -1.55323124
 631 -0.293985814 -0.727661490 0.101347938 0.310731411
 632 -0.635654092 -0.618975043 4.42695431E-02 1.60005689
 633 0.856858611 0.460855871 1.54452181 0.405823708
 634 0.875309587 3.11318133E-02 1.34550941 0.390285969
 635 -1.78203523 2.33227849 -0.671880543 1.41564119
 636 -0.373701602 -0.887385964 -0.604941547 -0.148507446
 637 -0.808908999 1.08756185 1.00174212 -6.70839921E-02
 638 -0.420823425 5.33589870E-02 0.552482188 1.37045121
 639 0.834635258 -0.286724985 0.618014634 -1.53786433
 640 -0.507372439 -0.274400592 -0.443187058 -1.45340276
 641 -0.812614143 -1.67230213 0.511420131 1.41886079
 642 -0.429021329 4.22826707E-02 1.02147102 -0.298225820
 643 -0.576798797 0.472507507 0.503240824 1.67359996
 644 -1.23572493 -0.850972831 0.400979817 0.185227364
 645 -0.593281209 1.83872283 -0.308975250 1.48475611
 646 1.02622223 -0.380030930 1.39338255 -0.136826575
 647 -1.45015514 -0.352988064 3.75583842E-02 -0.894045472
 648 -1.53232850E-02 -8.22398067E-02 -0.443526208 1.23019350
 649 -1.39667308 1.78769267 0.749223113 -2.63348669E-02
 650 4.50236797E-02 0.355164170 7.57606030E-02 1.64342618
 651 0.477534831 1.93395972 0.653496385 -0.231400356
 652 -1.60451341 -0.360937476 -0.426052630 0.228863344
 653 -0.283372223 -1.50911033 5.39230704E-02 -1.05603790
 654 1.19792056 -5.56293055E-02 0.293859929 1.42283952
 655 0.145749241 -0.601741254 0.731355786 1.05762661
 656 -1.77667880 1.45097482 0.174101397 0.353362083
 657 6.34521544E-02 -0.282500148 -0.451651037 -1.44815254
 658 -0.431668431 -1.57725787 1.32756078 1.51174331
 659 8.87874067E-02 0.858918428 1.04291105 -0.273377746
 660 0.339359581 1.11965454 1.01576257 1.08167982
 661 8.09129179E-02 -0.948408842 1.48832762 -1.50599456
 662 -0.937383890 0.714019299 -1.69417274 1.28693318
 663 -0.245159194 -0.619317770 -7.04616159E-02 1.05032063
 664 -0.839629531 -0.718012810 1.21124351 -1.31931782
 665 -1.17763627 0.382730395 -6.46048933E-02 3.13696861E-02
 666 -1.88128555 0.222487062 0.778711379 -1.10510206
 667 -0.660469651 -1.88783920 -0.775463760 1.63166034
 668 0.749676883 0.901021600 0.828474045 -0.109287195
 669 -0.514602959 1.38725686 0.536797881 -5.82243241E-02
 670 0.557411373 0.262598097 1.56835067 0.128750071
 671 0.788523078 1.56498933 0.633462071 1.76325607
 672 -2.58547831 1.09735119 0.789820731 2.96520181E-02
 673 -5.11337668E-02 -1.50504231 0.730712175 -1.28555918
 674 -1.48347902 0.576932490 0.834654152 0.370936215
 675 0.145323783 -1.52578235 0.394210279 -0.151526675
 676 0.334649503 -0.480055004 0.933919609 1.56805038
 677 -0.979817688 1.17656434 9.13858414E-03 -8.35242346E-02
 678 0.114055432 -6.01965934E-02 1.00447786 1.09785843
 679 1.22155368 0.757313132 -0.618776917 1.53298974
 680 1.23149812 -0.286919892 -1.82059109E-02 -8.19643438E-02
 681 -0.476272941 1.32822621 0.942690492 -0.124344133
 682 -0.441027313 -0.523606658 0.677228868 1.54063535
 683 -2.21345735 8.06765705E-02 -0.282329619 0.802487969
 684 -0.310396045 -1.00577164 -1.33963192 1.49895906
 685 -0.799895883 0.538829625 1.81418133 1.47201157
 686 1.23302221 -0.103599690 1.49808645 1.23804855
 687 -0.320245564 -8.20476115E-02 0.344921052 0.263580441
 688 -0.111042649 -0.142296985 -0.101917908 1.63129139
 689 0.817032814 -0.404641867 0.256032556 -1.38964868
 690 -2.40206432 -0.539634764 0.561764538 -0.207979515
 691 -0.768195212 0.677035570 0.297467828 1.38884890
 692 -9.05252695E-02 -0.106463283 1.60587561 -1.10431135
 693 0.646219611 0.281638026 1.12992382 1.65641630
 694 0.108390763 1.61844134 -0.180860758 1.41062582
 695 -6.85344040E-02 0.899846315 0.115973800 -0.312946886
 696 -1.30786967 -0.769518614 -0.579561472 1.15467274
 697 -1.00088072 -0.738858879 -2.02688050 -0.818122029
 698 -2.92137712E-02 0.540480852 0.848062396 1.22500014
 699 0.695779264 -0.380596519 -0.126108766 0.271968335
 700 -0.156713352 -0.204258427 -0.320816815 0.234596610
 701 -0.997451305 -0.457584947 0.437003553 1.45285594
 702 -0.530196905 -0.936898351 -0.270080149 -1.86972654
 703 0.852672040 2.25820112 0.898025870 1.64696181
 704 -0.645288467 -1.14574492 1.46196389 0.533862948
 705 -0.668317854 -0.286636174 -0.789423645 -4.35887538E-02
 706 0.303097904 0.435849071 -0.534896553 6.34986311E-02
 707 1.00405705 9.91393924E-02 0.683941901 -1.33801818
 708 3.19512226E-02 -0.121928364 1.05715048 7.90395215E-02
 709 0.346719563 0.852085471 1.58157074 0.959967077
 710 2.26027560 1.66688037 0.472782969 -1.66957164
 711 -0.315987647 0.904092371 -0.837271810 0.451253891
 712 -0.161228120 -0.633580685 -0.276813954 0.433678210
 713 0.398796022 -5.18752858E-02 0.538681686 0.640420973
 714 -0.340144277 -0.114475809 0.282710403 0.167834729
 715 0.688715935 -0.580635786 -0.910519719 1.60786057
 716 -0.835440159 -1.01060629 -0.808061719 -1.20152938
 717 0.944337189 -0.621193528 0.406897634 0.314301968
 718 5.58070168E-02 -0.404308885 0.257615775 1.10206664
 719 -0.565675139 -0.538411021 0.613855779 0.141101569
 720 0.739743710 -1.09383547 1.04560459 -0.137490124
 721 -0.251262128 -1.48087883 0.313028127 1.44333088
 722 -2.09843183 1.01077175 -1.09469855 -1.36267281
 723 -0.140606940 0.624637485 0.425038010 1.09396362
 724 -0.461460024 -1.09912431 -0.493274689 1.51677001
 725 -1.36668956 -0.306827724 -0.193165809 -1.30103672
 726 -8.21118653E-02 -1.57358909 0.991682589 1.48644018
 727 -0.566188872 0.856010914 1.58311224 0.254415393
 728 -1.34551096 1.48131573 -0.612855613 1.00949919
 729 1.22930658 -0.150437385 -1.06700814 -1.20903444
 730 -0.608229160 0.153061092 4.27292585E-02 1.32358253
 731 -0.630769968 1.29345357 9.28570405E-02 1.36447084
 732 -1.42359781 1.87942326 -1.13153780 1.39723885
 733 -0.457845986 1.14674771 0.423501551 1.00630176
 734 -1.14978802 -0.644572556 0.557726324 -1.79313993
 735 -0.725645244 0.628785372 -0.133894175 1.36359859
 736 -0.826122046 -0.159076989 1.12145686 0.190853804
 737 0.388268054 -1.14397740 -0.983382285 7.71254376E-02
 738 -0.498413622 -0.280093521 0.169858903 -1.41465700
 739 -0.862044454 1.49321103 0.416275263 0.606855869
 740 -0.674606144 -0.204933539 0.275307983 8.37467611E-02
 741 -0.754066706 -7.02792406E-03 -0.676894486 1.57372713
 742 0.941769660 -0.559266150 0.658159494 1.07020760
 743 0.757307172 0.205178559 -0.933270931 1.38344836
 744 -0.120782703 1.23066640 0.798961997 0.445498794
 745 2.02237391 5.69640845E-03 1.14537179 0.139022812
 746 0.667336345 0.623565078 1.27933669 0.257801145
 747 -1.71009779 0.886829197 0.784037113 1.80972528
 748 -0.849508882 -0.488272846 -0.102647185 1.34082365
 749 -0.266669929 -1.24344146E-02 1.25363231 -0.208726808
 750 -0.827738643 0.703820825 1.43336070 1.58850861
 751 0.660018802 1.18861234 0.895420432 0.296505094
 752 0.324200571 -0.264096081 -0.266840816 -6.10368438E-02
 753 -1.63740015 -0.406865656 1.54633260 -0.158381373
 754 -0.398733675 0.131851494 -6.94731325E-02 0.613572240
 755 -1.50009871 1.53437173 -1.63766098 -1.51165104
 756 -1.14301300 0.581642032 0.175460398 -2.65147910E-03
 757 -0.542250037 1.23786807 0.631653726 1.35760784
 758 0.152514488 -1.56961966 0.502991080 1.12064672
 759 -1.39187813 2.36544204 -0.454926610 1.30326796
 760 -2.27052736 3.06194568 0.496875644 0.258116871
 761 -0.617546201 -0.316150129 0.540118933 -2.06792355E-03
 762 -0.404929280 -0.539595366 -1.09374046 -1.01420951
 763 -1.35837579 0.641170979 0.397631794 -1.45692956
 764 0.230008483 0.308950812 3.02343071E-02 -2.24781036E-03
 765 0.135605663 -2.76117697E-02 -1.39287040E-02 -7.17718899E-03
 766 -1.03472424 0.648613095 0.197019696 0.128910497
 767 -1.69820562E-02 1.10978627 -0.302951694 -1.28722250
 768 -0.907767594 -0.198295712 -0.661029160 0.126383230
 769 -1.14035916 0.676441371 -0.478596210 0.924843550
 770 -1.48636866 -0.461010695 -1.37154898E-02 0.127588809
 771 1.12769723 0.103136659 -0.651071608 1.39899755
 772 0.303537518 0.593198180 -0.611777484 0.205499113
 773 -0.278083622 -0.154955819 0.127075598 -0.638417780
 774 -0.647415757 0.732121825 1.12141061 2.64312737E-02
 775 -0.631526768 -0.449804604 1.53343081 1.05978537
 776 -0.151567712 -0.364111543 1.20113730 1.20417142
 777 -1.14274466 -0.390807003 0.934264302 0.246736020
 778 -0.831621587 -0.304845184 5.27734645E-02 1.45516455
 779 1.60190499 1.45725596 1.02847433 1.67199171
 780 1.10355747 -1.81823218 0.460876346 0.453677386
 781 -0.829951227 -0.708001316 -6.63612932E-02 -0.130531758
 782 -3.41686010E-02 2.07810104E-02 0.662797570 1.61783588
 783 -0.622624636 -1.46159846E-02 2.53284872E-02 -0.102128074
 784 -1.32833886 0.465743542 -0.865417778 -0.173485026
 785 -2.44857383 0.664044440 -0.947717547 0.145256981
 786 -1.14141619 0.788225889 0.365014076 1.23235524
 787 0.659505904 1.04962826 -0.813610256 1.82760036
 788 -0.313020945 1.78719044 -0.436203897 -0.977918863
 789 -1.55902100 -6.30028471E-02 1.12074494 1.20328867
 790 -0.138601154 0.106044799 0.694632411 -0.324430585
 791 -0.922364295 2.80042958 1.06401563 1.56853950
 792 -1.76864445 -0.841131032 -0.198979586 -0.141215727
 793 -1.23272800 -1.04703331 0.101426579 -1.17710018
 794 -1.69468486 0.284033775 -0.307294369 -0.996712267
 795 -0.383321643 -0.742099941 -1.60461652 0.241283059
 796 -1.90980911 0.540324032 -0.892494440 1.35711217E-02
 797 -0.364057481 0.743056536 -0.417154729 1.01233113
 798 -0.978529990 1.10935378 1.07931936 0.442222953
 799 0.728146791 1.93150127 1.01142251 -1.70992541
 800 0.287969828 -0.976785123 1.73217607 -0.260339439
 801 1.05416083 -0.780492008 0.178892702 1.10418975
 802 -1.60838723 -0.273706704 -0.396511465 1.37026381
 803 -1.50877833E-02 -0.974784851 -0.414066792 0.192388177
 804 0.161513180 0.903298378 -0.392741740 1.43706250
 805 -1.76819587 1.25078547 1.27932024 -1.49028087
 806 1.43137729 -1.60357833 0.221661180 1.44135904
 807 7.66274333E-02 0.532670856 2.77985856E-02 1.47887707
 808 2.58953944E-02 0.258386791 -1.42506373 -4.60857004E-02
 809 0.488284618 -2.29827464E-02 0.483639181 -1.24650466
 810 1.08396494 -0.717047453 -0.186739847 1.49545240
 811 -1.11889720 6.05011880E-02 -0.286900550 -0.151492491
 812 -0.910028458 1.76149535 0.530504107 0.340422571
 813 0.214011624 -0.232348025 -0.432499409 1.73402214
 814 -0.258469790 0.117806137 -1.79324245 0.178790793
 815 6.61706924E-03 1.11441994 -5.99913746E-02 -0.128533185
 816 -0.297211051 -0.414486706 -1.65438938 1.50614631
 817 -0.293035477 -1.18697655 -5.92066348E-02 -0.486469686
 818 0.903106987 -1.54851508 -0.123337790 1.32419145
 819 -0.695941985 0.610557795 8.29956084E-02 1.43091476
 820 -2.38313603 -7.20435381E-03 -0.440779746 0.521675706
 821 -2.25545263 1.17448318 1.12218833 0.302576751
 822 -0.714904547 1.17941654 0.387763858 -0.166721180
 823 0.900637805 0.141508460 0.409050882 0.172532216
 824 2.35322309 -0.815721869 -0.405267149 1.47704136
 825 9.76760983E-02 0.837120116 1.04468203 1.17716479
 826 -1.24508989 -0.229611844 0.652024269 1.28519070
 827 0.544429839 -0.818542838 -0.758332133 1.41414130
 828 4.17978764E-02 0.514191568 0.274357200 1.23283422
 829 -0.197103262 -0.222628132 -0.804868340 1.03726959
 830 0.119528204 -0.649585783 -9.12566781E-02 1.55316162
 831 -0.817065477 -0.431711137 0.946212411 0.417824805
 832 0.127316833 0.401776135 0.944608390 0.144776165
 833 -1.64686775 -1.32567728 -8.46563727E-02 -0.163177028
 834 -0.110337794 -1.65760589 0.379323423 -1.10708988
 835 -0.902118802 -1.38037610 5.62380254E-02 1.27943993
 836 0.596577704 1.23071408 1.57406664 0.295637250
 837 -0.301054090 -0.152927250 -0.559843719 -2.67435648E-02
 838 -0.385847569 1.11437762 0.229315534 -1.11047745
 839 1.58996701 -0.645623386 2.65898514 0.268565416
 840 0.966126561 0.609158933 -0.190565348 -0.185019746
 841 -0.861965358 -0.733422995 0.914125860 1.69474304
 842 -5.64687699E-02 -0.712772191 0.938874125 1.25167859
 843 -1.60842419 0.778142929 -0.774116635 1.16549790
 844 -0.227689266 -1.40662456 -0.173035815 0.116001442
 845 -1.31618762 -0.275359064 1.07675314 0.706973433
 846 -0.213366598 0.324955463 1.73198295 1.17267013
 847 0.700128019 0.357819438 1.19103169 1.41094649
 848 -0.219133645 -1.59853157E-02 -7.15974569E-02 -0.273002595
 849 -2.16760015 -0.935533822 0.951739490 0.397775054
 850 0.404532343 -1.04689300E-02 0.480787039 0.339022726
 851 -0.735362351 0.520057678 0.264854550 0.467195868
 852 0.479332715 0.348016769 0.233409807 0.644878864
 853 -0.219807103 0.374333858 -0.331989437 1.18672466
 854 1.21071279 0.325468421 0.871501446 1.26962197
 855 -0.545294404 0.987285912 1.49420381 1.31316578
 856 1.26100647 -1.69677424 -0.640905261 1.68516433
 857 0.944983006 0.484937996 -0.740304351 -1.09123528
 858 0.141485155 -0.746141493 1.32726014 0.498179197
 859 1.42828846 0.509245872 1.66391957 -0.173981071
 860 -1.13502240 -1.73265946 -1.04712999 1.32555223
 861 -0.901810050 -0.911557257 -9.12784338E-02 -1.60014439
 862 6.36598021E-02 1.38041401 1.15005457 1.20902443
 863 0.201676637 0.362530559 -0.451349139 5.37478290E-02
 864 -1.62302387 -0.241635337 -7.60384277E-02 1.65688157
 865 1.03800952 0.777879059 -0.146870762 -1.24110067E-02
 866 2.31857598E-03 -0.876572371 0.385830402 4.31402624E-02
 867 -0.117271833 -0.942824423 1.19240308 -1.19848728
 868 -1.37589574 1.19895458 0.690113127 0.229331717
 869 -1.24267066 0.261199534 -0.723792732 0.237546504
 870 -0.561152339 0.289300084 -1.31406319 -0.232255653
 871 -0.509041846 2.24992037E-02 0.424510628 1.29712236
 872 -0.733451486 1.46764278 0.854667664 -0.231491193
 873 0.718974054 0.756541014 1.41512072 -1.79838482E-02
 874 -2.43195939 1.80375385 -0.542420745 -1.39671254
 875 -0.854749084 0.322320670 -0.229852676 -4.75387461E-02
 876 -0.672971845 0.568466246 1.25288260 -0.199113950
 877 0.395325989 -0.757646561 1.27331507 1.66462266
 878 -0.882554710 -0.392954588 -1.13466501 -0.166466430
 879 0.722085714 1.27511561 1.64391816 4.37059663E-02
 880 -1.01477206 -0.933751643 -0.351803929 -1.38268566
 881 -1.24494135 2.82008076 -0.792528689 -0.334638298
 882 1.30733538 -6.72622025E-02 0.371375382 1.04770184
 883 -2.44552344E-02 0.930800080 0.877351701 1.05191541
 884 0.613349974 1.38518870 1.06577611 -3.59151810E-02
 885 0.470229149 -0.104724601 6.26070499E-02 1.50700235
 886 0.452987939 -0.469680101 -0.937341034 1.73944116
 887 5.18268943E-02 0.362246782 1.48284936 1.56124330
 888 -0.197269887 -0.811263800 -0.639588952 0.308555663
 889 0.703711689 0.130376935 1.24212325 1.45337558
 890 0.609723270 1.36109650 -0.100160018 1.10739493
 891 1.64771461 0.213075832 0.297404289 -0.374153018
 892 -0.742207766 -0.196005702 -0.134066373 1.16864824
 893 1.13007057 0.267709434 -0.370370448 1.13996220
 894 0.100958735 0.926522255 -0.489627361 0.415843844
 895 -1.60671854 2.19723654 0.887764931 -1.63484883
 896 -1.11170685 1.96267664E-03 1.01445115 -0.202267721
 897 0.392960668 -1.01307034 -0.798203290 0.175026506
 898 -2.10247302 1.94327879 -0.567270637 -0.201560289
 899 -1.91401470 1.55802369E-02 0.990679264 1.71033680
 900 -1.14711618 0.753431022 -0.717170775 0.247006133
 901 1.00341499 -0.608064592 -0.179738194 -1.49170625
 902 1.21613812 1.57343900 3.59199941E-03 0.995424211
 903 -1.25687003 -0.134276927 -0.828173578 0.309102863
 904 2.09892690E-02 -0.414187491 -0.489008546 1.18575943
 905 1.06451416 0.373369724 1.09134007 -7.19605014E-02
 906 -2.14379525 1.21466875 3.57149616E-02 -1.19849730
 907 -1.10450423 1.90273976 1.06037605 0.418945789
 908 -1.23674178 -0.217522293 0.957513988 3.20765749E-02
 909 0.167350471 0.777996302 -1.05773985 -0.306017399
 910 -0.330299467 0.617760897 2.54766941E-02 -1.16473544
 911 -1.47908258 0.893313944 0.168068618 -0.475167781
 912 0.481267989 -0.712871909 0.608665168 0.249612495
 913 -1.46067333 0.616200566 -8.62927139E-02 -1.22442210
 914 0.900904775 0.445519924 0.862386048 -0.219514892
 915 -5.88138252E-02 -1.59735036 0.760151744 0.221382499
 916 0.190430552 -0.742063582 0.436320424 -0.130826503
 917 1.43589962 0.312350631 1.48993456 -0.254935652
 918 -1.38800395 0.132627040 1.24737155 1.13330483
 919 5.98307550E-02 -0.946753621 0.268542290 0.323454231
 920 1.25635183 -1.24214697 0.699118257 1.50570917
 921 0.113529995 -0.458694577 -0.893789351 1.34068298
 922 0.416961670 -0.803089321 1.28935266 0.162089482
 923 0.377063900 1.14098060 5.88929132E-02 0.335879534
 924 -9.60647874E-03 1.37679267 0.333999127 1.62691915
 925 0.348977894 -0.153870136 -1.14040267 -1.28760242
 926 0.395455658 -0.880445719 -0.457384646 0.245240897
 927 0.759031236 -0.188637823 0.301488727 -1.17437351
 928 -2.13553643 -1.29101944 2.38318372 0.404648602
 929 0.174467295 -1.18587029 0.141933829 1.60728955
 930 0.295598090 0.169376761 -0.764584780 -1.05450547
 931 -0.722020209 -0.526665330 -0.862111628 -1.11351287
 932 -2.56464835E-02 -0.241887167 0.167472407 1.58069038
 933 -1.36461687 1.52688110 0.929206133 2.60196198E-02
 934 1.69834518 0.376555324 -0.420987546 0.287948608
 935 0.271882474 -2.43089385E-02 1.18690598 -1.03854215
 936 0.770339727 -1.17259598 1.02712572 0.420511901
 937 -0.334803492 -0.475549996 0.293411285 5.49602360E-02
 938 -1.38078892 0.500885844 0.958165884 0.342655540
 939 9.13674086E-02 0.220428556 7.51419365E-03 -0.305843174
 940 -0.976272941 -1.05371237 0.110152200 1.85706270
 941 0.372291088 0.298957437 1.19088757 -1.29585743
 942 -0.923864722 0.900528014 2.40116864E-02 -1.38811743
 943 0.293557256 -0.443895668 0.400805384 1.66955137
 944 -0.100709878 -0.778579473 0.486245990 0.257883161
 945 0.611008584 1.46887231 -0.222232074 -1.20178664
 946 0.946275532 1.49242413 0.494107008 -0.283577323
 947 -1.21763992 -0.664953172 -0.903006911 0.196460843
 948 1.60732198 0.561176836 0.563786566 1.47557676
 949 -2.08798218 0.681726277 1.94825977E-02 1.00615680
 950 1.36040795 1.38035226 0.195533082 0.564432502
 951 0.279071003 2.13002658 3.72577943E-02 -0.151084006
 952 1.30719876 -0.762635767 1.69591904E-02 1.34727848
 953 -2.02793288 0.995258927 0.668709993 0.130839288
 954 0.230684608 0.794189930 0.907377720 1.44969702
 955 -1.98892057E-02 -1.00841331 -0.837500811 1.17846859
 956 -0.643648148 2.37669206 2.03126092E-02 0.192571729
 957 -1.34828174 -0.377736151 -0.925909877 0.101568311
 958 -1.15456462 0.402437091 0.107407182 -0.179390594
 959 -2.00670910 -0.559949875 -0.786342680 -1.52814400
 960 -2.08108984E-02 1.63798034E-02 0.121279523 -0.261530787
 961 -1.78893864 -0.508156419 -0.541713655 4.86181974E-02
 962 0.514122248 -0.416751742 -0.572261095 0.109966487
 963 0.344437450 -0.428254366 0.589859366 0.251590729
 964 1.29437768 -8.62468332E-02 -0.323352665 1.07384348
 965 1.44604671 0.555221081 -0.422306061 -0.319447547
 966 -1.05553031 1.88458467 -0.531539679 1.18095636
 967 -0.253770471 0.271454155 1.06478184E-02 -0.188099712
 968 -0.436632246 9.68791544E-03 1.09039879 -1.16656184
 969 -2.00496316 0.196096480 -0.458902538 -0.128552347
 970 -0.321531743 1.79707229 -0.973855972 1.28716254
 971 -0.133360848 -0.956167936 1.63519704 -1.14364862
 972 -1.26344395 -0.819523394 -0.478929281 1.62017930
 973 0.375348151 -0.204565346 -0.398715198 1.40726924
 974 -1.23491192 -0.873141408 1.09320724 1.07443011
 975 1.55748785 3.84410322E-02 -0.548410058 -0.230048627
 976 0.909661591 -0.712864816 0.394341975 1.77765453
 977 -0.559856117 0.778681099 -0.726392984 -0.261401176
 978 0.713503838 1.38228011 -0.208228931 0.779616535
 979 -0.884018600 1.06339347 1.19809091 -1.73517656
 980 -0.458532274 2.06647182 -1.32273269 -0.579433441
 981 -0.899908841 0.636903167 -1.01493287 -0.274174064
 982 0.810874760 -0.228884980 0.974199414 -8.76985583E-03
 983 1.36179197 -0.572720766 0.128353909 1.31419599
 984 1.99568975 1.12151170 0.762154162 1.45501840
 985 -0.222122818 0.621832371 0.519286692 1.37532938
 986 0.158452660 -0.133952081 -0.411653638 6.81220666E-02
 987 -1.40018606 0.179875672 -1.16028452 7.94480890E-02
 988 0.276630938 -1.05139434 0.574877918 -0.350515962
 989 -1.16654301 2.45615578 -0.330900759 1.43914831
 990 -1.40296352 -3.33343893E-02 0.213967979 0.784347355
 991 5.92606403E-02 -2.89549194E-02 -0.323312998 8.85292664E-02
 992 -0.296221077 -0.596957266 0.105041675 1.22213995
 993 6.19589053E-02 -0.338942081 -0.651630878 -1.24413157
 994 1.10804319 1.79146683 1.05983245 -5.81581295E-02
 995 -2.14175653 2.51095557 0.190539628 -0.408122152
 996 -1.56190300 1.54092515 -0.972863376 -9.18112248E-02
 997 -0.697359860 0.820337117 0.937670290 0.229901373
 998 0.304952025 0.648410439 0.854236305 0.250929803
 999 0.456842870 0.397122562 4.60982546E-02 0.232330829
 1000 0.100113362 -1.24209535 -1.24025488 1.43739820
 1001 0.104046449 -0.713605464 0.687010407 1.05263972
 1002 -0.189470261 0.609296143 0.897689581 1.38747263
 1003 -1.31515539 0.895637751 0.423773050 -0.964301050
 1004 -0.973729789 -1.86905146 -0.656225741 1.69558728
 1005 -0.816092670 -0.578795791 0.177842766 0.397157878
 1006 -0.562520742 2.47662973 -0.515925467 1.21817577
 1007 1.38156497 0.318106025 -1.03991663 -7.83117861E-02
 1008 1.30475426 0.399266928 0.249528706 0.112445809
 1009 -0.404855371 7.43082166E-02 1.02876997 -0.221444815
 1010 0.110457167 -0.521342039 4.23182733E-02 1.60684633
 1011 0.367366165 -0.295020014 0.839469790 1.51469862
 1012 -0.432327420 0.103561208 -0.795545101 -0.332573831
 1013 -0.152579218 -1.89339519E-02 0.336732447 -0.172339559
 1014 0.574215889 -0.570816517 0.700950801 0.275176346
 1015 -1.93905735 0.691885233 1.49117577 0.202398896
 1016 -1.26482272 -0.721144199 0.252831727 1.75957966
 1017 -1.07759011 0.705288529 8.27559736E-03 -9.21423063E-02
 1018 -0.208089814 -1.29846692 -0.559256494 -1.38044977
 1019 0.488672972 0.776201546 0.136185691 1.55063522
 1020 1.46766156E-02 2.02941799 -7.69704580E-03 1.03319836
 1021 0.321807057 -0.185089260 -0.293941021 1.52889478
 1022 -0.172411144 0.192995578 0.663174808 0.335663766
 1023 0.159487113 0.193451911 2.00418532E-02 1.09159029
 1024 -0.499636412 0.111874238 0.682692826 -1.25286150
 1025 -0.540526867 -0.247248858 8.82574841E-02 1.55179179
 1026 1.91592127E-02 1.20590281 0.447190344 0.253426969
 1027 -0.113696881 0.807457566 0.179207295 1.14321089
 1028 -1.00975907 -1.03543317 0.257656902 2.10626163E-02
 1029 1.69497967 1.73723269 5.65290451E-04 1.16247833
 1030 -0.645402074 0.994827151 -0.133797258 -0.629084706
 1031 0.989761353 0.244821295 1.87672591 1.81465435
 1032 1.13486242 0.191930532 0.459600449 1.34063089
 1033 -0.855553627 -1.00988722 0.482884109 1.43433750
 1034 1.51038754 1.24199784 0.217426449 0.147201642
 1035 1.05875909 0.576771319 -1.07607949 1.26539493
 1036 1.36751139 2.01137018 1.12024796 -1.92574644
 1037 0.162416935 1.72418308 -0.360172808 -1.73138106
 1038 1.84936094 0.167362154 0.180172205 -2.20948839
 1039 -0.903818309 1.11749089 -0.989129424 -0.371115446
 1040 1.47652447 0.108834535 -0.457711935 -1.62827742
 1041 1.61616492 0.790805757 -1.84625828 -1.90433466
 1042 0.876940608 0.183879673 -0.437347800 -0.460232377
 1043 2.71843219 0.825844407 1.82451916 -1.88941729
 1044 3.08308935 2.38684368 0.421606958 -1.85048485
 1045 1.45767403 1.19362772 -3.08335200E-02 -0.466703266
 1046 0.141839534 1.49983096 -0.140098915 -1.62761331
 1047 1.30303383 1.55555141 1.08114147 -1.77557886
 1048 2.44655633 1.18882263 -0.449864268 -1.59293783
 1049 1.66755140 1.50052071 -0.927067339 -1.69225085
 1050 2.27352095 0.780314505 1.26030624 -1.20999825
 1051 1.61569381 2.38639903 0.118365332 -0.998460174
 1052 -0.666661382 -0.397353947 0.257619321 -1.60734057
 1053 -0.148281038 0.919063568 -0.552953780 -1.54353547
 1054 1.27295399 2.89293718 0.438700676 -1.34118938
 1055 0.103223562 0.840909183 0.408339858 -1.25681925
 1056 3.57843280 2.63819957 0.631959379 -1.38578248
 1057 1.00059187 1.69737160 -6.64096624E-02 -1.11375880
 1058 0.532545924 1.33350062 0.453855127 -1.61817229
 1059 1.92628968 1.93131626 0.953893185 -0.213768989
 1060 0.318720162 0.785819292 0.700596929 5.02080880E-02
 1061 1.16815114 1.59221065 1.58406544 -1.25457597
 1062 1.45095026 1.03123903 -9.49727967E-02 -1.76735544
 1063 0.306216449 -0.185679018 2.25710511 -1.72113860
 1064 2.85375786 2.68788099 1.55076098 -1.19214678
 1065 2.97511220 3.42310405 2.08858013 -1.78620553
 1066 1.38026857 0.768939078 0.665452242 -1.28328717
 1067 1.02749658 1.16777658 -0.362312019 -0.177084491
 1068 -7.56637156E-02 1.75337732 0.244032264 -1.24073219
 1069 1.11207461 1.92132783 1.10545743 -1.44391239
 1070 2.78742266 2.88598919 0.425169766 -1.58169162
 1071 3.30933952 1.42871225 1.01370764 -1.86941791
 1072 -0.281359971 1.01508451 -0.171110570 -1.52964652
 1073 2.21148658 0.999190986 0.996366620 -0.708927214
 1074 1.47954440 2.45818090 9.39298645E-02 -0.441713482
 1075 2.57349348 1.37395728 -0.107998468 -1.73649561
 1076 0.862769902 3.09918714 1.44956684 -1.27310538
 1077 1.91011012 0.665822029 -0.453969866 -1.54914737
 1078 -0.273604929 0.128801242 0.497426182 0.223458499
 1079 0.575735390 1.10389531 0.603746295 -1.12129164
 1080 2.12864995 -2.66160816E-02 1.05361676 -1.54537535
 1081 -0.123956040 1.02846241 1.64458013 -1.86626077
 1082 1.57383180 1.28897345 1.54153240 -1.31423807
 1083 0.317831933 1.52522540 0.418706357 -1.86006808
 1084 2.76904345 0.687380791 1.24231040 -1.78842163
 1085 0.851506710 1.34908903 0.651625991 -1.68670988
 1086 1.68243170 1.71209919 0.954261541 -0.369778752
 1087 0.372659624 0.427440822 0.713928342 -1.91649926
 1088 -3.45609188E-02 -8.55561495E-02 -0.664968491 -0.341795623
 1089 0.772866607 0.230676621 -0.133773327 -1.55888093
 1090 0.730121076 1.55619788 1.59848821 -1.47962177
 1091 0.560226500 0.136516348 1.35963249 -1.69435740
 1092 0.536141872 1.29015553 2.41112566 -1.09742069
 1093 1.86333299 0.360710919 0.551810384 -1.64661920
 1094 -0.887811303 0.648580551 0.143399462 0.244800672
 1095 -0.466432452 1.93690300 -0.122805461 -0.651454449
 1096 -0.961663425 0.470043421 0.890476406 -0.190188825
 1097 2.54544544 5.68411648E-02 1.68030095 -1.76007342
 1098 0.300675243 1.27819943 1.11626446 -1.78818798
 1099 0.212302864 1.25992215 1.20797157E-02 -1.80277634
 1100 -7.49215037E-02 1.62239051 2.29773855 -1.65825856
 1101 2.30488443 1.53608489 0.879220486 -1.53849304
 1102 0.223293856 -0.324593931 -1.72049081 1.01387405
 1103 1.72877371 -0.245782226 0.996590137 -1.12420797
 1104 0.743336439 0.588807166 0.983430564 -1.15411162
 1105 9.64973867E-02 0.609875917 1.26709259 -1.89314389
 1106 0.401545227 0.500966370 -0.194888696 -1.99662626
 1107 0.674103022 0.887158573 1.54761422 -1.69741273
 1108 -0.386280745 2.16987586 0.364145219 -0.556083798
 1109 0.631711125 1.24739707 0.814292550 -1.92206383
 1110 2.02448416 2.16774273 1.35075414 -1.86046362
 1111 0.197485268 0.271411479 0.406767309 -1.19190431
 1112 0.338179886 0.940269351 0.875940681 -1.18892455
 1113 2.29821444 2.01733732 0.529326081 0.309035599
 1114 1.33678830 0.677477241 1.29089510 -1.26533985
 1115 0.827784300 1.62722206 2.63321400E-02 -2.07251787
 1116 1.39901447 -0.506967366 0.739101768 -1.54566491
 1117 0.694916368 1.06948221 -1.19107473 -1.56528997
 1118 2.02561188 1.08662164 0.407106996 -1.20452976
 1119 1.35848355 1.50166667 -0.295776308 -0.144681990
 1120 1.29402804 1.13246167 0.681002975 -0.929611683
 1121 2.76873994 1.64656711 0.577001035 -1.27983701
 1122 -0.305757999 0.911389947 1.26289082 -0.920042753
 1123 0.406259447 0.716583610 0.849487543 -1.53527761
 1124 1.15652776 0.220099941 0.206498012 -2.05182171
 1125 0.323748589 1.54177535 0.430713475 -2.04052615
 1126 1.38855982 1.29547596 0.576131165 -0.855928540
 1127 -0.689295530 0.564218342 0.947034299 -0.921373844
 1128 0.843408108 0.622363210 -0.893493295 -1.42419660
 1129 1.35619473 0.103887975 1.18396521 -0.900713325
 1130 0.316473722 0.429772496 -0.836302996 -0.388929754
 1131 9.67240706E-02 -0.226102486 -0.676421165 0.689613223
 1132 0.296647847 0.333750904 0.728634119 3.61215919E-02
 1133 -0.152418151 1.27442265 -0.262056708 1.01135862
 1134 1.31289089 0.400208116 0.862551451 -1.65947175
 1135 -0.475655138 9.76698697E-02 1.11933482 -1.85878456
 1136 0.767351031 2.05852962 1.02994418 -1.57155466
 1137 1.38767028 1.94168055 0.958340228 -1.04017198
 1138 0.858961463 0.217188522 1.21823049 -1.39002860
 1139 1.19976521 -1.78508842 -1.30161202 -0.213697881
 1140 -1.21409416 -0.427271158 -1.52455604 0.155914187
 1141 -0.755568981 -1.65777469 -1.80290794 0.241656572
 1142 -1.17578483 -0.136744291 -0.320297301 -0.838696420
 1143 0.754515946 -0.721019387 -1.44399452 0.240727291
 1144 2.97741270 -0.553940773 -2.00865459 -0.968698502
 1145 5.79432845E-02 -1.13661098 -0.163502574 -1.84288442
 1146 1.37832475 -2.24996161 -3.59919286 -0.274987310
 1147 0.761833072 -0.732540488 0.120552853 -0.432068110
 1148 0.190482140 -1.02097988 -2.79370093 -0.419170707
 1149 -0.518319011 -1.17036760 -1.11551547 -0.306987375
 1150 2.25792313 8.62044990E-02 0.515607953 -1.45194817
 1151 -1.14181173 -1.48730683 -0.376349390 0.337944955
 1152 0.102713592 -2.04859614 -2.71928120 -0.692171633
 1153 -0.331421405 -1.17526531 -1.05025733 0.184714213
 1154 -1.46294641 -0.696601927 -0.441546500 0.446200311
 1155 0.918714881 -2.83628488 -2.20107603 -1.20895898
 1156 -0.460508883 -1.98740089 -0.597086430 -1.64794517
 1157 -0.556604385 -1.97158635 -2.27048135 -1.08810925
 1158 -1.54866385 -0.270610988 -1.62058377 0.469950616
 1159 -1.51110077 0.113365233 -1.09518266 -0.412826657
 1160 0.216081828 -1.54574525 -2.28256464 0.118358865
 1161 -0.501753628 2.90439744E-02 -1.94573057 -1.24982929
 1162 0.833109081 -1.07963502 -1.98914027 -0.952826560
 1163 0.416765064 -0.883625925 -0.925553441 0.245802104
 1164 -0.583426833 0.199982405 -3.01725101 0.447574884
 1165 1.34230649 -0.967786491 -2.32586193 -1.24011481
 1166 1.04057503 -2.81135011 -1.72284675 -0.910627186
 1167 -7.94938356E-02 -0.611033380 -2.71981502 -7.63502717E-03
 1168 -1.38733339 -1.67242765 -0.980244637 -0.677728117
 1169 -0.306052297 -0.919394791 -2.89135337 -1.08419752
 1170 5.81391007E-02 -0.681953788 -0.782557130 -0.456156582
 1171 2.76047873 -0.811787188 -1.77004623 -1.38784552
 1172 -1.73093760 -0.746911168 -1.98064911 -1.04166770
 1173 0.848919332 -1.11811280 -1.00263166 -0.440068454
 1174 0.572162449 0.412725061 -2.09091473 -0.769095480
 1175 0.845020056 -2.01842976 -2.17447853 -1.32901776
 1176 -0.544943690 -1.29851735 0.529960692 -0.454049051
 1177 0.957713246 -0.783062696 -1.76875460 -1.13647449
 1178 -0.286893904 -1.47824073 -4.04459333 -0.649043202
 1179 1.07019091 -0.345924675 -1.21095777 -1.89096332E-02
 1180 -0.883526385 1.05966187 -1.03011155 -0.394248605
 1181 0.680828273 0.915795386 -2.24603343 -0.642208695
 1182 -1.18898630 -1.56228495 -1.63226461 -1.28424680
 1183 0.745000064 -0.389259100 -1.49783230 -0.519433439
 1184 -9.66891646E-04 0.253295124 -1.18019283 -1.46849975E-02
 1185 -1.34947705 -0.985659182 -0.517464638 0.929285109
 1186 -0.360749364 -0.577437401 -1.02218091 -0.118620209
 1187 1.29903364 0.143135607 -1.76135552 -0.253801078
 1188 -1.31102240 -2.72441387 -1.61146867 -0.940957844
 1189 0.320592165 -1.53035617 -2.57390547 0.403394580
 1190 -0.539999604 -2.83893943E-03 -0.419239283 -0.472621918
 1191 0.263363332 -1.98773038 -2.18892908 0.323752403
 1192 0.772612810 -0.299195200 -2.57040167 -1.16198039
 1193 -2.08513165 -1.52157497 -0.831848145 -0.155414551
 1194 1.71019518 -2.22413230 -2.88446712 0.313018739
 1195 -0.116927087 0.992394865 -1.57838404 1.36497211
 1196 -0.255629539 -0.377288818 -1.72730863 0.492510408
 1197 -0.273989648 -0.387092680 -2.63952112 -7.68371820E-02
 1198 2.20668507 -0.821081340 -2.23849535 -1.52110910
 1199 -0.437460274 -1.60839820 -1.26251447 -1.05796981
 1200 0.183486938 0.868226767 -3.27793813 -1.63688886
 1201 0.300195813 0.105817303 0.325425118 -0.101869509
 1202 1.64507139 -2.88259983E-03 -0.985218465 1.73861456
 1203 2.78755760 -1.27488828 -1.42144096 0.132812262
 1204 1.45119205E-02 -1.71307468 -2.07306266 -0.486412197
 1205 0.636305332 -1.14140272 -1.23525822 1.04040003
 1206 -0.626055002 0.457026482 -2.18323469 -0.220882460
 1207 -0.381914318 0.353306144 -3.18340349 0.642128468
 1208 -1.67472887 0.281290978 -0.603970647 -0.185366720
 1209 1.77381027 -1.22285664 -2.01135898 -1.23986113
 1210 -0.798167825 -0.113442294 -0.935958922 7.36180767E-02
 1211 -0.405854732 -0.375016809 -0.487320125 -0.111777544
 1212 -0.616812229 -1.78857243 -1.29971409 -0.304748178
 1213 0.263163924 -0.902428985 -1.27151203 -0.304230273
 1214 0.744854391 -1.43401229 -1.90120649 -0.452246249
 1215 0.667455792 -0.958826721 -2.74224472 1.37163818
 1216 1.05475307 -1.43512869 -0.931279719 0.472303361
 1217 0.920744538 0.202536345 -1.40435922 -0.848220229
 1218 0.563362479 -2.01425004 -3.13111186 1.30793405
 1219 1.06489432 -0.306051493 -1.65068638 -0.182096809
 1220 1.04922867 1.48670340 -1.93515944 -1.48622739
 1221 -0.464507341 -1.71662521 -1.60669482 -1.01377857
 1222 -1.14840209 -4.83605787E-02 -0.763916671 0.296287417
 1223 -1.94930983 -0.485463500 -2.44441438 -1.33844590
 1224 1.51770091 -0.954620898 -1.80535173 -0.675004065
 1225 -0.411134005 -0.538883626 -2.93828988 1.40653872
 1226 2.05075479 0.300954700 -2.97850442 -0.380129069
 1227 0.344838768 -0.663571656 -1.02377725 -0.572843790
 1228 1.27457976 -8.58138651E-02 -3.09011173 -0.862385035
 1229 0.817852795 -1.68892717 -1.19847596 -0.609498739
 1230 2.13220716E-02 1.30343413 -1.47040188 -1.69531524
 1231 -1.63990390 -0.819463432 -1.67616844 0.202919230
 1232 1.28156352 -0.619689465 -2.81869245 0.424431086
 1233 -1.06766427 -0.840478361 -1.75176096 -0.442860395
 1234 1.95575714 -1.28997040 -2.02982831 -1.10873640
 1235 -0.124266706 -1.59232044 -0.903240561 -1.08203816
 1236 -0.938448846 -1.44159031 -1.01591992 -1.27292204
 1237 -0.754407525 -0.884082317 -0.798625350 -0.484630406
 1238 -0.891928017 -0.191559583 -2.95534730 -0.176019907
 1239 1.73192275 -3.38886094 -1.87933850 0.801116168
 1240 -0.324603260 -2.93900442 -0.434686422 -0.295678318
 1241 1.61616325 -1.35140324 -1.84385979 4.35602963E-02
 1242 0.526131213 -0.208635733 -0.930064201 -0.231144011
 1243 1.22500050 -0.121319860 -1.76720119 -1.42433000
 1244 3.18263620E-02 -2.15533829 -2.09576488 -1.18469858
 1245 0.436546087 -0.782408297 -1.47140586 -0.157925829
 1246 -0.418417633 -2.96193767 -1.70039630 -0.617282987
 1247 0.901530802 -1.44268858 -1.52339649 -0.637410760
 1248 2.81483978E-02 -0.558814764 -0.623899579 -1.18882751
 1249 -0.261440665 1.11372149 -1.15015435 -0.585819364
 1250 -0.310158044 -2.14676285 -0.275777936 -1.30907702
 1251 -0.822522521 -1.04528689 -0.592472315 -0.119469129
 1252 -1.00456071 -1.50707173 -2.05020356 -1.12609088
 1253 -0.725113630 0.297092974 -2.57342553 -1.13920832
 1254 -1.18389034 -2.24276757 -1.78409398 -0.495535403
 1255 -8.54973197E-02 0.680821300 -0.991916060 -0.285379648
 1256 0.853038788 0.942143261 -2.00479174 0.513507068
 1257 -0.348296374 0.550271690 -8.92599225E-02 -0.650867164
 1258 -1.95316148 -0.733190298 -1.82056773 5.31902462E-02
 1259 -0.783273458 0.400590241 -1.09403527 0.637664676
 1260 0.348655492 -1.93813419 -1.51356387 -7.55289793E-02
 1261 1.10191345 -0.908458471 -1.00503969 -0.869629860
 1262 -0.761565030 6.31339401E-02 -0.637258410 -2.44042613E-02
 1263 1.24991310 -1.12018871 -2.36996269 2.50943303E-02
 1264 0.775788844 0.300357074 -1.88478601 0.211029977
 1265 -0.698616385 -0.235817939 -1.98403227 -0.670445323
 1266 5.55983298E-02 -1.19031382 -1.61127687 -0.418972462
 1267 -0.719630957 -1.77998245 -2.35894060 -0.133852273
 1268 -0.199801892 0.621030927 -0.997980416 -1.52290738
 1269 1.15000665 -2.64773560 -1.74430931 -1.24483192
 1270 1.93380332 -0.503502846 -1.35890150 -1.62185693
 1271 0.986101031 -0.674175203 -1.70680296 -1.78537703
 1272 -0.982900918 -0.178872332 -0.545235217 -1.13857698
 1273 8.20585340E-02 -0.401735932 -0.970238328 0.783821225
 1274 -0.123023957 -1.28163934 -1.41386902 0.483750641
 1275 2.39150333 -1.19545436 -1.21739137 -0.173336416
 1276 0.185299575 0.280238271 -1.15779102 -1.32160294
 1277 6.47511482E-02 0.736061573 -0.933514118 -0.463205159
 1278 -1.07959032 -9.09748673E-03 -1.96070671 -0.626999617
 1279 -7.94280171E-02 -1.12004924 -2.67276168 -1.00003254
 1280 -0.774943352 -1.66341257 -2.08260965 -1.04459846
 1281 1.45985794 0.242311001 -2.42284465 -2.16528960E-02
 1282 0.318350613 -0.167917192 -1.04018998 -0.860378802
 1283 -1.10644948 -1.38998127 -1.01417983 1.73316412E-02
 1284 7.54537135E-02 0.792832136 -0.951255620 -1.32063878
 1285 1.62392712 -0.830694914 -2.06668878 -1.10273707
