 1 0.168103158 0.430918694 0.757674813 0.833804429
 2 3.32724303E-02 0.629605412 -1.65626550 -0.410129368
 3 -0.504877329 -0.147481933 -1.10762477 0.436389863
 4 0.292527914 0.440950483 -0.274038672 -0.370796531
 5 -0.887853503 0.317446768 -1.59983671 -0.413920403
 6 0.170105174 1.37636197 0.304984808 0.953045130
 7 -7.32223839E-02 0.404622942 0.274744809 0.567607403
 8 -0.454799056 0.798558950 -0.861418843 -0.269634008
 9 -0.809989452 -7.11876303E-02 0.669911623 -1.20996380
 10 0.820901871 -1.17756677 -1.23469889 -0.336620748
 11 0.203639805 1.46323919 -0.724295795 -1.17812562
 12 -7.61212632E-02 4.68256623E-02 0.376597583 -1.56801128
 13 0.382726312 -0.915159464 -0.392998695 -0.408554643
 14 -0.700841606 2.02419311E-02 0.813575089 0.454115391
 15 0.219921008 0.943980992 -0.477839053 -0.473094165
 16 -0.622928083 2.13844585 1.74695277 0.828717947
 17 -0.591541827 0.503539801 -6.64004087E-02 0.534335732
 18 2.00801563 -2.51619601 7.39139318E-02 0.467352778
 19 1.39049149 -2.07532191 -0.357130051 -0.491733253
 20 0.314478993 0.599531591 -0.386624455 0.312417150
 21 0.825704455 3.48199680E-02 -7.20954537E-02 -1.33165205
 22 0.437512755 -3.38441133E-02 0.768637300 -0.335170746
 23 -0.761909366 -1.71429300 1.59612095 -0.110975295
 24 1.93078518E-02 -0.246653184 0.311317056 -0.211169213
 25 6.59201816E-02 -6.51732832E-02 -1.10448837 0.295584500
 26 0.745016992 -1.05262935 -2.27600479 0.446066976
 27 -0.627401352 0.975596488 0.130085155 1.16572165
 28 0.285168558 -0.462270021 2.27961516 -0.459485948
 29 -0.282718182 -1.08603096 1.08741069 -0.127999932
 30 0.477650076 -0.635491192 1.21551275 -0.377928376
 31 0.567743957 1.56494522 -0.788238466 0.473460197
 32 0.446778327 1.15482748 1.33731413 -0.385019302
 33 -0.682777166 -0.594916463 1.45355499 0.763255000
 34 -0.571119845 -4.37297113E-02 -0.568660259 -0.206453383
 35 -0.368650615 -0.677573025 0.657487214 -2.37349200
 36 -1.32989788 -0.417049825 0.411663651 -0.787144244
 37 -0.537490249 0.890746057 -0.237161711 7.06796497E-02
 38 0.539262831 -8.73700082E-02 0.231988832 0.422695041
 39 -0.821349859 -2.87938285 0.502817512 -0.823706567
 40 0.216319919 0.362160385 -1.01168549 0.520973980
 41 0.118294373 0.913561821 -0.868315220 -0.245980367
 42 -0.183884710 -0.837589264 0.368870527 -0.895317554
 43 0.900299013 -1.44538060E-02 -1.78274965 -1.52661216
 44 -0.376116931 0.954588652 -0.514109671 -0.333522022
 45 -1.41267061 -0.853100836 -2.80031443 0.670447946
 46 -0.809791923 -1.48401046 1.37020743 -1.23866534
 47 -1.20560968 2.37795040E-02 -0.550705433 0.688856900
 48 -1.28824115 6.84190989E-02 1.23467922 0.692740977
 49 0.364940166 0.344081372 -1.35541236 0.589392781
 50 -2.23789588E-02 0.395799637 1.01757491 6.03184104E-02
 51 0.215306908 0.907558858 -0.275845975 0.264014184
 52 0.443187684 -0.838413477 -2.20065808 -1.62102878
 53 7.74205700E-02 -0.890119076 -0.398392200 -0.509220302
 54 0.139582664 0.992179453 -0.394236982 0.322214544
 55 0.887009025 -0.267507106 1.93491435 0.288733304
 56 -0.116588652 0.529040337 -0.770404339 5.54798096E-02
 57 0.172499835 0.496442765 1.07362556 0.483351916
 58 0.374678761 1.19955289 0.220614985 0.626794457
 59 0.449025095 1.42178535 -0.182971478 -0.200955465
 60 0.595007241 0.667729735 0.546667933 0.637296021
 61 -0.369267166 0.253735155 0.514389455 0.557635367
 62 0.647432208 -0.828818440 -0.312799722 -0.515830696
 63 -0.340329409 -0.802574277 -0.335558623 -0.505071580
 64 0.714190006 -0.939101398 1.04802477 0.718892694
 65 0.567759335 0.818567634 0.248534784 -0.166934729
 66 0.151457444 1.29601121 -0.749285996 0.477622807
 67 -0.523208678 -0.999758661 -1.75969720 0.540806830
 68 -0.507835627 1.00149965 -0.133328900 -1.04570365
 69 -0.499936432 0.879041910 0.793469846 -0.700612783
 70 -1.41827500 0.643325508 0.139298663 -0.473951548
 71 -0.314137042 0.382003397 -2.93433666E-03 0.677161396
 72 0.142192572 -3.02439857 -0.418383628 0.766705751
 73 1.07151046E-02 0.153590605 0.265004575 -1.77807367
 74 0.932347000 0.361866862 -0.218895063 0.305851638
 75 0.120958447 -2.06341243 0.626853347 -0.420625716
 76 0.360908955 0.734768271 -3.55676711E-02 -0.490003854
 77 0.845528364 0.785165370 -1.26692319 -0.363293558
 78 0.816146851 0.123954132 -0.554235697 0.758322179
 79 0.850334823 -2.60425353 1.38905323 0.524251819
 80 -2.37446167E-02 0.265351921 0.354092002 -1.62297356
 81 -0.433263481 6.61034882E-02 0.584576428 0.611415148
 82 1.34500003 -0.568434238 0.457040250 0.640635550
 83 0.738156915 0.408910125 9.40541998E-02 -0.999117374
 84 -0.152695239 -1.39241278 0.560469627 0.536063492
 85 -1.31550217 0.605271161 -1.33146238 -0.296213269
 86 0.861173689 1.98689234 0.828967333 -0.640087247
 87 0.585036576 -1.38915431 -1.27268708 -0.298144192
 88 0.742269039 1.63140440 0.407635987 0.749472320
 89 0.743169546 -2.78451443E-02 0.761451066 -0.349314719
 90 1.30429840 -1.30588651 1.09784007E-02 0.220719308
 91 0.308132499 0.112618908 -1.40878999 -0.468216807
 92 0.694426417 -2.40937400 -0.528795123 -1.44382417
 93 0.822066009 -0.339573473 0.686156034 0.349973887
 94 0.944658101 -2.79110980 -1.59083593 0.447473943
 95 0.160885036 -0.862947822 1.30847180 -1.28331161
 96 0.516074300 -4.55568694E-02 1.48327482 0.651798725
 97 0.426662892 -0.857843876 -5.66874892E-02 0.102704465
 98 0.299855977 0.376296818 0.411824733 0.129163593
 99 0.137986496 -1.74048626 -0.558993161 0.687111020
 100 -0.434801638 -0.389884949 0.788547218 0.492205143
 101 -0.346221834 0.164582044 -0.370872438 0.651317596
 102 -0.678777933 0.127499253 -0.328619331 0.418693453
 103 0.119226366 -1.55572033 1.72598195 0.544660866
 104 -0.689377427 -0.526819825 -0.619310141 0.511664927
 105 0.779618561 -1.14504278 -0.404958546 0.651253939
 106 0.388158828 0.766340196 2.95473784E-02 0.630898416
 107 0.815976143 -0.482150167 -1.71010780 -1.58320773
 108 -0.318161875 -1.70715666 -1.87463713 0.315407455
 109 0.974439442 5.09701669E-02 1.01760745 0.489739805
 110 2.08276510E-03 1.10647225 0.731076717 0.566246927
 111 0.199407861 -1.27935922 0.836871326 -0.287168086
 112 -0.554687142 1.10393190 -8.38423222E-02 0.796434402
 113 0.889453411 1.22629106 -0.310400665 0.192715019
 114 0.939180791 -1.68530917 -0.924866438 -1.13053536
 115 -0.733046770 1.32206392 -0.792438209 0.242965862
 116 0.408879191 -0.355975032 1.13770807 0.343000710
 117 -0.130574554 1.48688602 -1.25132668 -0.695706904
 118 8.65206793E-02 -1.30037534 0.275002331 -0.687918365
 119 0.712777317 5.51407039E-02 1.48911905 3.34767997E-03
 120 -5.08151986E-02 -1.54646301 1.18675137 0.108273804
 121 -0.181925878 -0.435049295 0.506220937 0.830559492
 122 0.248001695 1.04970610 0.733040929 0.481751561
 123 1.11875057 1.42280495 -0.657197237 0.288511276
 124 -0.136262149 -0.286154628 0.625993550 0.297635168
 125 -0.162732601 -0.160126597 -0.413559526 -3.39981988E-02
 126 -0.232393697 2.07813096 0.683739185 0.719120562
 127 0.701350629 -0.372591197 0.502946973 -0.604215980
 128 -0.393134594 5.02914563E-02 -0.612972021 -0.537332237
 129 7.93856978E-02 0.184618399 -1.12105060 0.221457452
 130 0.128500402 0.536455691 0.515893400 -2.37759352
 131 1.43976688 -1.13144898 -1.08746815 0.395823121
 132 0.957042575 0.305132031 -0.712461770 1.01403415
 133 -1.59590054 1.52031577 -0.156615138 -0.251128495
 134 0.352839082 0.697222531 -1.66980147 0.622252822
 135 -0.283758074 0.744439006 0.210967273 0.313255221
 136 0.399079233 -0.210704595 0.479096353 0.326948106
 137 0.495970637 -1.94934630 -2.31261826 0.403681368
 138 -0.261652887 1.95071077 -0.655221999 0.711482644
 139 -0.451934427 2.00234914 -1.49572045E-02 0.144764468
 140 1.25573659 -0.451951385 -0.821162343 0.397437334
 141 0.458525419 -0.931550026 0.555775702 -0.493425399
 142 0.843975067 -1.08915865 -0.583468676 0.116975576
 143 -1.68894529 -0.273271114 1.62014842 -1.18502343
 144 -0.139272049 1.64807105 -0.566904664 0.123967797
 145 1.21498799 0.766529560 0.529321313 -0.503681660
 146 -0.195471883 0.267428547 1.07614386 8.03460181E-02
 147 1.52694145E-02 1.61251283 1.16650116 1.22438788
 148 -0.495883137 -1.10609686 0.416015536 0.403419197
 149 -0.436806321 -2.19392872 0.862845898 0.348397434
 150 0.230245322 0.527535379 5.25945574E-02 -0.806451440
 151 -0.539504766 -0.272955894 0.483380675 0.534977078
 152 -1.03015411 -0.521540940 0.175841972 0.755251527
 153 0.185009882 0.349046469 -0.869238198 -0.226555780
 154 -0.178392962 -1.88340402 2.81002641 0.493390679
 155 0.204059348 6.49202764E-02 -2.50954914 -0.474613309
 156 0.176067561 -1.03571725 0.864810288 0.713766754
 157 1.66494060 -0.320559174 0.292525560 0.456197351
 158 0.908492565 -1.39440155 -0.591074884 -1.45652354
 159 -0.535785079 9.50211585E-02 -0.310282975 -0.465932369
 160 0.758617282 0.119410016 -0.787759244 0.968961954
 161 -0.270446956 -1.16612697 1.06661654 -1.24955869
 162 -0.733326912 0.533138692 1.24395466 0.944742799
 163 0.319412410 -1.10178900 2.01209497 0.708231390
 164 0.771005809 1.03091705 -0.200168326 0.418759644
 165 -0.449446410 -1.62435305 -0.372064918 0.310397089
 166 0.272234291 0.418846428 0.619006932 -0.476849407
 167 1.34959960 0.884031296 0.658355176 -1.53322566
 168 -0.674598217 -0.937383771 -1.25244641 0.577554822
 169 -1.27833176 -0.692421794 0.853127420 -0.825460911
 170 0.579726398 -0.883823454 5.29292412E-02 0.120263964
 171 9.05119106E-02 -0.118042946 1.21876335 -0.555173993
 172 0.516575098 0.117708407 -0.935775876 0.498085856
 173 -0.342036307 -0.171578914 -0.538863659 0.742255211
 174 1.01786339 8.26466382E-02 1.66024113 -2.38112807
 175 0.312599897 1.16435850 -0.612383723 -0.379176080
 176 0.791162074 -2.05029607 -1.35940433 0.361006081
 177 -8.20211694E-02 1.13806021 0.232280523 -0.644868970
 178 0.289338976 1.59992397 -0.391679794 -1.39627206
 179 0.779495478 -1.20288873 1.34649515 -0.413753092
 180 0.777506411 2.82088971 0.860752821 0.235739350
 181 -0.389354169 -0.701898634 0.699970365 0.522386193
 182 -1.00228012 -5.25580756E-02 -0.287174016 -0.500153542
 183 -0.276737988 0.463290721 0.801008165 0.289657533
 184 -0.182658702 1.73328817 -3.89399379E-02 0.520523071
 185 0.123508349 -0.293359667 0.351732671 0.523487449
 186 0.452115089 0.779483557 -2.35133767 0.348792374
 187 -0.621156037 6.38574585E-02 2.51601529 0.516449809
 188 0.170195714 1.35886812 -1.37591708 -7.40895495E-02
 189 -0.276350081 0.716497600 -1.05815589 -2.35606527
 190 1.01432800E-02 -1.75061059 0.788475871 -0.384292066
 191 0.220438987 -0.739254236 -0.699296772 -0.326964825
 192 1.02380204 1.15434027 -2.23097253 -1.33232224
 193 0.358424544 4.09904197E-02 -0.744626641 0.913433850
 194 0.183993667 -1.02676427 -0.215193644 0.257619649
 195 1.01620018 0.700316608 -1.00967908 -0.355540842
 196 -7.19579980E-02 1.20321560 1.19785237 -0.400296479
 197 1.82875395E-02 -1.82157481 -1.75583124 0.371169120
 198 0.350851834 -0.188009501 -2.01065969 0.539671063
 199 -0.395341694 1.01572657 -0.793622851 0.338654280
 200 -0.273814082 -1.52866542 2.16402411 -0.562417924
 201 0.663732886 -0.762639761 -1.63558424 0.509518802
 202 0.126217172 -2.28593946E-02 -2.39247227 0.371464968
 203 -0.317624569 1.84628832 0.114513248 -1.53201652
 204 -0.417403936 -0.760943413 1.83386624 0.314294815
 205 -0.707602859 -1.91458750 0.823247969 -0.867194057
 206 -0.386702001 0.412748754 -0.546533346 -0.445834577
 207 0.445459694 -0.619337678 -0.453942209 -1.81661177
 208 -0.308953881 0.714564741 1.25930095 -0.566110730
 209 0.982023001 0.424124926 -0.455475569 0.610250950
 210 -0.250480920 -0.226438791 -8.52908492E-02 -2.33729556E-02
 211 -0.575412869 0.557192922 1.77830505 0.404504955
 212 0.458928466 -4.11331058E-02 0.212960809 0.568299413
 213 0.789018154 -0.769638300 1.20329547 -0.367988586
 214 -0.137145728 1.16236222 0.100670725 -0.681024075
 215 0.750396550 1.07287407 0.368916452 -1.18490219
 216 -1.08328962 0.488662511 -1.33356142 0.306402326
 217 0.759364426 1.79645789 -1.30636227 0.641778529
 218 0.520686388 0.623805702 -0.201100081 0.298463047
 219 -0.255457997 1.69906545 0.868707716 0.504020631
 220 0.604819000 -0.923915088 1.79965711 0.308656573
 221 -4.83817682E-02 2.04708123 1.54935896 0.499490529
 222 0.498285681 1.19253349 -0.644372880 0.608402729
 223 -0.609444857 0.280070513 -0.542917848 0.705951810
 224 0.532900035 0.315747738 5.89000620E-02 -0.986723304
 225 0.251868695 -0.527370036 0.543203652 -1.64666319
 226 -0.869137228 -0.566605091 1.97491920 0.604482353
 227 -0.186360240 -0.668890715 1.19618285 0.518921673
 228 -0.266525656 -0.983130455 0.264300168 0.373997092
 229 0.332245111 -0.210541040 -1.55384326 -0.494892091
 230 0.221278027 -0.251807630 0.548347890 0.422091961
 231 -0.266972959 1.47129643 -0.589452088 0.684847653
 232 0.204478636 1.09882784 -1.13637173 0.414353490
 233 0.312396348 -1.11820567 1.17460954 0.311158836
 234 -0.452451438 2.57840939E-02 0.917828143 -0.350187093
 235 -0.449013859 1.50034332 0.750908256 6.07393682E-04
 236 -1.20869553 0.240908995 1.72295177 0.597909212
 237 0.996274054 0.115386590 -1.05599666 -0.331478685
 238 1.29741263 1.21286631 -1.42089784 0.602906585
 239 -0.427793831 0.202889457 -0.606486499 0.704423606
 240 -0.724522173 -0.789831758 -0.172686577 0.478756011
 241 0.634949028 0.305481732 7.52793550E-02 -0.474774212
 242 1.15834117 5.30924276E-02 -1.63912678 -0.145586684
 243 -0.685877562 1.97742701 -0.330760837 0.624249816
 244 0.187473103 0.344718188 0.334898919 0.700142741
 245 -6.93468228E-02 1.22448814 -0.859432995 0.997015119
 246 -0.960863352 0.969031811 -0.373119473 -0.800173879
 247 -0.269082487 0.108653158 -0.623253584 4.92034256E-02
 248 0.690736175 0.865619183 0.656566024 -0.773019791
 249 0.232465774 1.27511013 1.09701180 0.140627995
 250 0.204950005 0.655622184 0.723985612 -0.758359790
 251 -0.246486068 -0.612705171 -0.492492139 0.599101663
 252 -0.406728923 -0.128826201 1.06312168 0.624951780
 253 -0.542460382 4.04652581E-02 -1.39534724 0.213727802
 254 0.389773816 0.919113338 -0.807699919 -1.69589567
 255 0.881155729 -2.39784479 0.470679194 0.895653844
 256 0.313580841 1.78761631E-02 0.765936136 -0.164299965
 257 1.06025684 -0.137634695 1.37139487 0.275867283
 258 1.06833649 -2.05759072 9.47454199E-02 0.310232401
 259 6.16164654E-02 -0.510662019 1.64259470 0.692113996
 260 1.74316311 6.92617595E-02 0.511752129 0.427386999
 261 0.645461679 1.18826294 0.426581621 -0.381349087
 262 0.331280440 -6.96768761E-02 -0.888317347 0.406555444
 263 0.501019180 -0.116559386 0.153447077 0.244178638
 264 -0.444076419 -2.47678757E-02 0.502102137 -0.230883896
 265 1.30398345 1.71456289 -0.560141206 -0.223548189
 266 -4.57011163E-02 -0.242989302 0.679890394 -1.38549900
 267 0.955868244 1.69170380 0.670380831 0.468920618
 268 -0.359461993 0.122182474 1.80194914 -0.649098039
 269 0.749819815 -1.27285028 0.685201287 0.460573703
 270 9.55221057E-03 -5.73871545E-02 -1.83073807 0.244352415
 271 -0.125337154 -0.432890922 0.424213827 -0.294817775
 272 0.716575563 0.450601876 1.13711286 0.497942895
 273 0.350172400 -0.667788863 -0.684587896 -1.04602695
 274 -0.167089149 -8.47726464E-02 0.309064478 -7.12908432E-02
 275 0.880854845 -0.379939437 1.40519989 0.369899213
 276 4.84853089E-02 0.458097637 -0.704281807 0.144296408
 277 -0.569706678 -0.808160722 0.821307123 1.03428459
 278 1.24347007 -1.13667357 -0.144328177 0.533871830
 279 0.496260822 -1.19680476 -0.965754330 0.986660719
 280 0.485733777 1.16185665 -0.794157147 0.452392697
 281 0.376092255 0.929898977 -1.56122112 0.533202410
 282 -0.935948372 0.866018176 -0.346342474 0.226389140
 283 0.708582580 -8.50209892E-02 -0.591754675 -0.478619486
 284 -0.260148942 4.44880575E-02 -0.945873916 1.04238725
 285 0.223417968 1.16434860 0.563544810 1.19238067
 286 1.95234716E-02 -0.566272795 1.31382716 -0.505141914
 287 0.228293687 1.53770733 -0.158028468 0.980618596
 288 0.524646640 -0.921608090 1.82021260 -0.239517301
 289 -1.21414185 1.58341384 0.160282969 0.248039186
 290 -0.547902584 0.448916227 0.117937878 0.473439276
 291 -0.298711419 1.36074424 0.192906335 1.02654111
 292 -0.858887970 2.11144757 0.506563187 0.209754735
 293 1.42008793 1.28409290 -2.53418609E-02 0.166229308
 294 0.714823544 -1.35565388 1.11812353 -0.135632545
 295 0.402801394 -1.25964391 -0.311522454 -0.364973336
 296 1.29222345 3.53659093E-02 7.64657483E-02 -0.191669926
 297 0.183659881 -2.55116773 -0.160480618 -1.34148872
 298 0.288288355 0.456257164 -0.159227565 -0.346778452
 299 -0.562876284 -0.252251953 -0.540015101 -0.366504937
 300 -6.15854226E-02 7.01539069E-02 -0.399367750 0.536711693
 301 1.36189950 0.678132057 -0.972412646 0.239437774
 302 0.250852495 -0.128440514 -1.50440049 0.716416478
 303 0.645115018 -0.818987966 -0.494445860 -0.405756474
 304 -0.449324816 0.106613159 -4.64174934E-02 0.367663234
 305 0.208013445 1.41032028 -0.190948427 0.455737323
 306 -1.52493715E-02 1.46573734 0.109992981 0.305284917
 307 -0.245887995 1.02521408 -0.475311935 0.450214148
 308 -0.444753587 0.977126122 -0.198867053 0.846390903
 309 -0.528802991 1.05975664 -0.854804516 -0.371038646
 310 1.14724720 2.01816225 -1.01226413 0.271268517
 311 -0.476794183 -0.112377174 -0.169309855 -0.681855381
 312 -0.645630419 -0.310086310 0.839526772 0.377018273
 313 0.217523351 1.53869104 -0.388355523 8.02034438E-02
 314 -0.146926835 -0.362902403 -0.336162925 -0.736953080
 315 -9.60193202E-02 0.345605224 -0.649575353 -0.627520859
 316 -7.15078712E-02 2.11950493 0.575125039 -0.513964653
 317 -0.396416485 0.260780036 1.11287892 0.426048726
 318 0.105144441 -0.350536615 0.638015807 0.509739757
 319 -0.113878921 0.589457333 2.81180048 0.910603881
 320 0.970317125 -0.365740508 0.100152798 0.339167893
 321 -0.328093052 0.529669046 3.03865743 0.524170518
 322 0.345159292 0.322411001 -0.396579921 0.445086062
 323 0.221627504 1.12622285 -0.282283336 0.489794046
 324 -0.210908026 -0.642400086 -0.374091685 0.795412183
 325 0.586098075 -1.33585870 -1.75912762 -0.464236915
 326 1.87775588 4.23228741E-03 0.227045819 0.369809985
 327 0.783895314 2.69417882 0.139066607 0.444322735
 328 0.132041797 -0.542847216 1.48797512 -0.391578525
 329 1.19972277 1.65417731 0.110003367 0.515171587
 330 -0.573502541 -1.35715556 -0.663226187 0.717391074
 331 -0.339091033 0.328255117 -0.454798996 0.466328174
 332 0.153585330 -4.30179834E-02 0.514940500 -0.496152550
 333 0.319904536 1.44413269 0.398420036 0.611917794
 334 0.144294605 0.686373174 -1.01108181 0.641441882
 335 0.693175435 1.96003604 0.349343121 0.333104372
 336 0.314527959 0.328029037 -1.55652237 0.513733268
 337 0.539573252 -0.450514078 5.00791669E-02 0.313048005
 338 0.736928582 -0.764528275 -0.118846118 -0.293553889
 339 -8.69235396E-03 0.268555582 -0.955720186 -0.395223558
 340 -0.586814463 -4.56892550E-02 0.411015183 -0.419523478
 341 0.166160196 -1.62669432 1.16125941 0.219029874
 342 0.104081377 -0.103169501 0.593503594 -0.610567212
 343 1.21633935 -4.58220541E-02 5.32037765E-02 0.402822375
 344 -0.201190680 1.08903217 0.429929614 6.33382797E-03
 345 -0.627759457 0.295038819 0.139809117 0.301399291
 346 -7.71237016E-02 -0.230249465 0.717181861 0.429853171
 347 0.305603921 -0.561961591 -2.55812705E-02 1.05670765E-02
 348 -1.11167514 0.253522754 0.369884193 0.583671451
 349 8.87821317E-02 0.794199944 -9.74929482E-02 0.961147010
 350 -0.536063254 -1.75781894 -0.926395535 0.394700587
 351 -0.909085751 0.146011665 1.08804095 -0.373897195
 352 -0.216100603 0.371041447 1.14366317 0.748281240
 353 -0.226633355 -0.345515907 0.609013438 0.979985118
 354 -0.173642963 -1.75745666 -0.429498732 -0.469437420
 355 0.953709722 0.138248026 -1.74002457 0.630448520
 356 -0.413967609 0.587614417 -3.97430956E-02 -0.345774293
 357 -0.373998880 8.96002054E-02 0.723759472 0.864987075
 358 -0.357203513 1.44061553 -0.551545560 0.809783757
 359 -2.19857991E-02 1.48007417 -0.481070846 1.03065562
 360 -0.543963134 -2.60934234E-04 1.39356899 0.363502949
 361 1.20410061 -1.91264939 -1.26224995 0.727380157
 362 -0.388666213 -0.315045595 0.581235766 -0.823554873
 363 0.793409109 0.939579368 0.994521320 0.666993737
 364 -0.474371850 -0.290280402 1.64231420 -1.48544347
 365 0.247919247 -1.24389136 0.218659252 0.652651548
 366 1.34351945 1.30795062 -0.781003773 0.494034708
 367 -0.605528712 0.627972782 -0.350822568 0.441092849
 368 -0.420099407 1.20060122 1.55016303 0.643500686
 369 -0.227282703 -0.320161879 -0.449718386 -1.14659250
 370 1.21391356 -0.685503781 -0.292244494 0.650542974
 371 -0.192492306 -0.409656376 0.983612180 -0.155972183
 372 -0.773305655 -0.591092408 0.837762117 0.231534705
 373 0.314517975 1.36091435 -7.58844316E-02 0.813588083
 374 -0.526964307 -1.67449605 3.97692919E-02 0.903341770
 375 -0.801587522 -3.37970257E-03 0.968503475 -0.549288571
 376 -0.342388719 -1.52563894 0.306819290 0.327591777
 377 1.45905465E-02 -1.32905281 -5.84969223E-02 -0.287052512
 378 -0.816911399 -0.694507420 -0.245394021 0.785844207
 379 1.68529058 0.804794610 0.753303409 0.392244250
 380 -0.279699117 6.63048178E-02 1.04039264 -6.64243028E-02
 381 -0.358533740 0.373186052 -0.742485166 0.771781445
 382 -0.291068614 -1.45501089 -0.542339504 -0.314641744
 383 -0.463775367 2.16020823 -2.25134939E-03 -0.120731711
 384 0.250643641 0.537556946 -0.227248371 -0.711089313
 385 -0.484141022 -2.08920383 2.06573176 8.04199725E-02
 386 1.01777577 -0.845596075 1.86457574 -1.15081131
 387 -0.518625855 -1.21018028 -0.414655685 0.548114121
 388 0.391692370 -2.17231894 0.718080461 0.567391217
 389 -0.782429218 6.78840354E-02 -0.250745952 0.442797542
 390 -0.757418990 0.424364418 0.651763797 -1.21357596
 391 -1.10251904 -0.152163476 -0.489130169 -0.481573313
 392 -0.639363468 -1.12477612 0.653144956 0.791846156
 393 -0.709519327 0.317282677 -0.703347087 -1.45841098
 394 0.278790891 1.07780147 0.322383285 -1.60834861
 395 0.989954829 0.291688502 0.424655765 -1.07584417
 396 -0.480723321 -5.61599135E-02 2.19757938 0.439786911
 397 -0.489810467 -1.13553894 0.923227787 0.530523300
 398 -0.461492389 -0.408709198 0.342739612 -0.388291240
 399 -0.607846618 -0.750834703 0.852676928 -0.417899728
 400 5.09650260E-02 0.542626262 -1.03432202 0.680279374
 401 -0.850970566 0.391208082 -0.152050748 0.264000833
 402 0.200630546 1.77579820E-02 -0.148320898 -8.79767537E-02
 403 -0.654894352 -0.262256742 -0.181553870 0.273048341
 404 0.262995720 1.09346914 1.26506400 0.496762007
 405 -0.240856156 0.916949272 0.956570506 0.786990166
 406 -0.628577709 0.612020552 -0.757230401 -1.05867100
 407 0.472976655 0.177888662 1.06292462 0.288540602
 408 -1.37838399 -0.552185357 0.610923648 -0.390630037
 409 -0.322255343 -0.593431354 0.465097725 0.767211676
 410 -0.304097354 -1.93049860 0.240564331 -0.390582740
 411 -0.254595160 -0.504619062 -0.164128855 0.238441020
 412 -0.383679926 0.635585368 1.14315569 -0.222007811
 413 0.953836918 -0.886101186 -1.42193747 -1.64518428
 414 -0.572426677 -0.388339221 0.349324524 -0.444687933
 415 -0.401910484 -0.376908243 2.07751346 0.632682443
 416 0.531266630 -0.319236428 -0.565306664 -0.176106483
 417 0.165625930 0.719407320 -0.252558827 -1.97076404
 418 -0.556102037 -0.584652424 -0.607173860 0.921193898
 419 6.21671081E-02 2.17413716E-02 0.280098379 0.432408094
 420 -0.333213359 -0.306613684 -1.26576471 0.310479790
 421 6.00635707E-02 -0.671666563 -1.09403110 -2.13802218
 422 -5.24174608E-02 -0.321130931 0.596947670 -0.242195755
 423 0.963434577 -0.623454094 -0.472980440 2.69112587E-02
 424 -0.213181794 0.553282142 -1.12865686 -0.478236586
 425 0.255629659 1.36572194 -0.506851673 0.860566378
 426 4.68467623E-02 -0.952004492 6.20158762E-02 0.263819873
 427 8.28113854E-02 -0.693837404 2.25479937 0.583172977
 428 -0.226156592 0.271045178 0.248428375 -0.369817972
 429 0.262609839 -1.45083249 1.51637900 0.865802646
 430 -0.245327473 -0.131601930 0.708548903 -0.528491616
 431 -0.629595101 0.552345932 0.954279780 -0.137975842
 432 -0.140147567 0.791075349 -2.03669763 0.148174018
 433 2.17774510E-02 0.377977431 -2.49838680E-02 -1.08001041
 434 -0.510473788 -1.26486933 1.42818904 0.502037346
 435 -0.363469779 -0.102416024 0.412707984 0.682559490
 436 -0.278346181 -1.05944002 -0.541906416 0.755031466
 437 -0.614522278 -0.643252790 -1.22965515 -0.345722079
 438 0.353630424 -1.07845664 9.35147479E-02 -1.96347386E-02
 439 -0.277981609 -5.13921529E-02 -0.243118048 -1.27188349
 440 6.79445416E-02 -5.99361435E-02 0.268978268 -0.452798277
 441 0.250796497 0.331614822 -0.521544337 -1.41792810
 442 -0.447125942 -0.609167337 -2.42929980E-02 0.599424779
 443 0.440753877 -0.753318429 0.211794049 0.212407321
 444 -0.484497756 -0.434517086 2.43868041 0.446704447
 445 -0.168671429 -2.00205946 1.03544641 0.356783569
 446 0.419269770 -0.831789672 0.183903649 -0.361668527
 447 0.261305094 -1.06243062 1.53003204 0.595888555
 448 0.952008486 -0.265046239 1.05340672 -1.43748093
 449 -0.611419976 0.529382944 2.72304726 -0.260260612
 450 -0.642550945 0.538762689 -1.76845288 0.153136820
 451 0.183279485 0.499921799 -2.05168605 0.596814394
 452 -1.12738776 -1.18157423 1.42231619 0.284807444
 453 0.425353706 1.07675922 0.952394366 0.433230460
 454 0.864444196 0.864667296 -2.46574283E-02 0.488352448
 455 0.397192180 -0.149564415 0.813246965 0.137168139
 456 0.271555424 -0.164783537 -1.73389971 0.262119919
 457 0.301354647 -0.605228484 -1.53775859 0.295843482
 458 -0.103074238 -0.368452877 -0.888253927 -0.569301724
 459 0.229662746 -1.04073513 0.370009929 -8.51420462E-02
 460 -0.387911797 -0.180139244 0.479021609 -0.403882951
 461 -3.31065282E-02 0.835218906 0.957914472 0.661065638
 462 1.00241590 -0.485124409 -0.270005196 -1.33376658
 463 0.152233064 -0.852534175 0.363023341 -1.03686106
 464 -0.212802291 -0.525248349 0.426946104 0.402312875
 465 0.639397204 0.556424201 -0.644600928 0.355595917
 466 -0.231321856 6.19928688E-02 2.17601824 9.50142443E-02
 467 -0.672959268 0.386953443 -0.532429814 0.568718314
 468 -0.728860736 2.36139226 -2.25749135 0.510623097
 469 -0.295723438 0.708248794 -1.19157529 0.503750801
 470 -0.677539527 1.12398887 4.14336622E-02 -0.484294176
 471 -1.51957488 -1.07982564 2.00607514 -2.49089479
 472 0.299693972 -0.254021883 0.504246235 0.551574051
 473 -0.514179707 -1.09821689 1.72712064 0.247498259
 474 -0.444938093 1.17665005 -0.184668705 0.635166466
 475 -0.230588362 -0.490848809 -0.420481026 -0.143670470
 476 0.817617714 0.746851683 0.381341785 0.311157227
 477 -0.401352853 1.64778519 -0.722705245 0.549041688
 478 -0.138399944 1.00194502 -1.73595619 -0.665155411
 479 -4.61707264E-02 -0.748593688 2.19528174 -0.693026304
 480 -0.615514517 0.720551312 0.625407815 -0.149664193
 481 0.417700201 -1.64934504 0.326416612 0.668228984
 482 0.353026897 -0.420552194 -1.63266098 -0.654978335
 483 -3.72205526E-02 0.110118747 -1.28970301 -1.61513412
 484 -0.545524538 -1.03432453 -0.514378607 0.725354612
 485 0.532702684 -0.345572740 -0.627647877 -0.366790771
 486 -0.137314081 0.416241020 -0.954747140 -0.356936485
 487 -2.26074308E-02 -0.480098128 -8.64675120E-02 -0.679719746
 488 -0.298571944 0.398388952 -1.42465651 -1.08017698E-02
 489 -0.165268123 -1.14489007 -0.909654498 -0.437522113
 490 0.318415850 -1.28790215E-02 0.414917707 0.964264750
 491 0.130778521 -1.21296453 1.06394017 0.361971200
 492 -0.544229329 -0.865154088 0.266540110 1.06897604
 493 0.514623642 -1.62539589 0.530203819 0.243946388
 494 -0.889513195 -0.627465129 -1.22894394 -0.315167665
 495 -0.719043553 7.17450678E-02 0.738717854 0.693699241
 496 0.634820521 0.414643049 -1.15791368 0.363692611
 497 -0.647739649 -1.74925232 -1.86014831 0.502057791
 498 0.168874666 -2.98038006 -0.823962092 0.356280446
 499 -0.435557067 0.466505647 0.343126506 -0.439240485
 500 -0.487799466 -0.346262246 0.509405255 0.435179889
 501 8.93794075E-02 -1.36990023 -1.44356561 0.157928586
 502 -0.466132164 1.25338256 -0.320857197 0.636688709
 503 -0.720835030 -0.137487546 -1.80954289 -0.696785092
 504 4.49584723E-02 -0.417229056 -1.74777436 0.261957586
 505 -0.522930622 0.909025431 3.71259004E-02 -0.448238611
 506 0.757138133 -1.36930799 0.660413206 0.129327804
 507 -0.151665479 -0.212587625 0.386061549 -8.58111084E-02
 508 0.271870822 0.173630163 0.184638605 -1.46948397
 509 -0.270518541 -0.142921388 -0.947130024 0.327170670
 510 -0.790062129 0.440369099 -1.04683197 0.806226671
 511 3.90489623E-02 0.693118870 0.793488383 -0.235975340
 512 0.548346043 0.497813940 -0.504621506 0.522529125
 513 0.222762212 -0.246957064 0.938327014 0.422274530
 514 0.345665455 -5.23092002E-02 0.765546024 0.882637084
 515 -0.639388204 1.85326803 -1.20814705 0.411723495
 516 0.530206919 7.58921355E-02 -0.504223347 -0.429029614
 517 0.198879555 0.478922635 -0.691934526 0.424874663
 518 -5.84429204E-02 -0.195982456 0.777874351 0.759546220
 519 -1.00680888 -0.250712335 1.51401162E-02 -0.240031019
 520 1.87102461 9.44348872E-02 1.26850939 -0.598901868
 521 -0.188543081 2.16304517 3.37583870E-02 0.454802722
 522 3.60490382E-03 -0.229247302 -0.925281644 -0.730610847
 523 -0.354149938 1.22467506 -2.22192816E-02 -0.388947010
 524 -0.855818391 0.309644192 1.66344082 0.498304963
 525 0.733631134 2.53853512 0.751497865 0.396788478
 526 -1.10564530 -0.324008465 0.651120007 0.285869628
 527 -0.119339898 0.778207660 -0.158368528 -0.757637501
 528 -1.22810566 1.76456392 0.493400663 0.810558915
 529 -0.177285045 1.27080226 2.74024010E-02 0.608045101
 530 1.22392106 4.91536409E-02 0.400309682 0.369364500
 531 0.222572669 0.128769442 1.16331518 0.480221868
 532 0.478865951 -0.913309216 -0.251744509 0.314173758
 533 -0.864511132 0.911829710 -1.44998991 0.562483430
 534 -0.591209590 -0.187010229 1.38734257 0.102450281
 535 1.94009149 0.705669761 -0.650610030 0.642726719
 536 3.68169919E-02 -1.16011477 -0.340594649 0.312572807
 537 0.528797925 -0.235809863 -0.874795318 -1.22359991E-02
 538 -0.240361392 0.297670096 -1.31451631 -0.630143046
 539 0.675857842 -1.02664089 -0.839636624 0.504440486
 540 3.18079567 -1.56108797 0.375762701 -0.258076757
 541 0.591402233 -1.91150713 -1.20864975 0.352189153
 542 0.474357128 0.336115450 -0.646513939 0.186557025
 543 1.30707574 -0.845451474 -2.89078617 0.860533059
 544 -0.494292766 -0.334425926 0.357624024 0.442150056
 545 0.624976933 -0.591410279 1.02564490 -1.81719255
 546 -0.849569261 0.662407637 -0.324380040 -1.43610775
 547 0.766179264 0.443715394 1.36014116 0.403251141
 548 -1.22595620 -0.911963463 0.678951383 -0.560070455
 549 0.108004011 -0.526595652 -1.93616569 -0.598049045
 550 0.834100246 1.23174465 0.820025742 0.395046294
 551 0.678316057 -0.119038761 -0.187594086 -0.506041884
 552 -0.175405085 -0.348557115 -0.234817147 0.770261884
 553 -8.39172602E-02 0.272519320 0.775587022 -0.216206923
 554 0.851153374 -0.438246608 0.271712959 -0.405785769
 555 0.137348488 -1.78737187 0.388013273 -0.825413585
 556 0.423978031 -1.52571917 0.632833004 -1.63842487
 557 0.123476237 2.49493003 0.339674771 -0.395294696
 558 1.08791530 1.41090095 -2.23875117 -0.320988357
 559 0.352867186 0.370565236 -0.181857660 -1.56810248
 560 -0.232225373 0.859603763 0.902138948 0.460278362
 561 0.171304673 0.202197447 1.92161918 0.241454363
 562 -0.524398804 8.11794698E-02 0.144148499 -4.44750786E-02
 563 1.11569214 0.353651136 1.19189775 -0.668753266
 564 0.394032627 -0.460803062 0.588134229 0.147392541
 565 0.396799952 0.585899591 -1.87903309 -0.932418942
 566 -0.220047504 -1.00196671 -0.659221888 0.425890893
 567 -0.795152307 0.789946139 8.35879296E-02 0.738304913
 568 -0.215637028 0.721146703 -1.07883501 0.397789150
 569 -0.529156923 -0.144840956 0.799176753 -0.565784037
 570 -0.592785239 0.531083345 0.153456748 0.372035980
 571 -0.843653619 0.198973611 5.09622656E-02 0.782518089
 572 1.69631481 0.854515970 1.27413547 0.570508003
 573 0.118107095 0.771185637 0.188566685 -0.137698099
 574 0.889122725 -9.06313136E-02 -0.347437173 0.375941843
 575 0.488010436 -0.891764045 0.987397671 0.863495767
 576 2.69327462E-02 0.160905957 5.06051183E-02 -0.996682227
 577 -1.18915200 -0.103987634 0.465206057 -3.35387683
 578 -0.625635922 -1.27459729 1.04232645 -1.37498558
 579 0.424811155 1.27776229 0.942283034 0.323942721
 580 0.864847243 1.41796327 -1.05395555 -2.75318980
 581 0.533065140 -1.24836743 -1.07069731 -1.12582326
 582 -0.225034475 1.16216874 -0.263013333 -1.38922334E-02
 583 1.72441399 -9.39175040E-02 0.599195361 6.19851649E-02
 584 -0.622447014 -2.67276287 0.733244300 0.801202536
 585 -0.108546644 -0.833983302 1.67182457 0.420898467
 586 1.37329483 0.558228493 0.570952833 -0.573178530
 587 1.08143175 9.03043747E-02 -0.654329181 -0.707036138
 588 0.272360206 -1.28543270 -0.756810904 0.191960484
 589 0.685715854 1.07628357 -0.626972258 -0.392661750
 590 1.09628475 0.510596991 0.497542799 0.754235566
 591 -0.363025367 -9.04775634E-02 -0.773085535 -0.439950496
 592 0.403635055 0.980002403 0.162807584 -1.49119985
 593 -1.29076791 1.26674247 -8.01144838E-02 -0.600749373
 594 0.242534399 -0.299366653 0.164427683 -9.93053541E-02
 595 5.95087111E-02 2.56259441E-02 -1.42695284 0.472124845
 596 1.13046634 -0.561856568 0.116492540 0.944293857
 597 0.501375735 1.15612876 -1.53846979 -0.241953745
 598 0.144751862 1.49991250 0.641211927 -0.199714929
 599 -0.785858333 1.12009144 -0.206127658 0.283634096
 600 -6.77255541E-02 -1.63391924 -0.478576779 -0.838345706
 601 0.745389283 0.844497681 -0.595694363 -0.409880340
 602 -1.02443349 -0.526928604 -0.557827592 -1.28673530
 603 9.11057442E-02 -0.204893410 -1.70425212 0.229101047
 604 -0.862809181 -0.691995382 3.61992419E-02 -0.614279330
 605 -0.263855636 0.791436553 6.21449165E-02 -1.48272109
 606 -0.148406506 -0.796704531 0.350670397 0.454653919
 607 -0.352029145 -0.619447470 1.12004566 -0.703581274
 608 -0.657748580 -4.74514291E-02 -0.760085225 1.00062740
 609 1.63307822 1.33554995 -0.477977931 0.363101572
 610 -0.622486174 -0.423090249 0.350972593 -2.14873958
 611 -0.613759518 -0.113581628 0.744888783 -0.454849064
 612 0.713038921 0.789613247 -0.687807381 -0.285135627
 613 -0.440369666 -2.53341889 0.818493187 0.722518086
 614 0.313709766 0.830613136 0.832082391 -0.444290042
 615 0.792978942 -1.35626519 0.898486912 0.951344848
 616 -1.18981779 -0.741017818 -1.19694674 -0.155525446
 617 0.128305554 0.797239959 -1.89191294 -0.405868322
 618 8.00801069E-02 0.592549860 -4.13503125E-02 0.456329495
 619 4.01531905E-02 -0.225577950 -0.748791814 -0.753995895
 620 0.937273443 1.47137117 -1.78231752 -2.79647541
 621 -1.46819663 0.312066793 -0.117622450 0.858098388
 622 -0.118653342 1.60636282 -0.521594167 -0.411764979
 623 -0.504251242 0.344049126 -0.703258038 0.177382171
 624 -0.254687011 0.281784475 0.324255586 0.732305765
 625 -0.670015752 0.375756562 -0.410041243 -0.780218840
 626 1.02522182 0.781108737 -1.57901406 -1.07924545
 627 -4.30139378E-02 0.569307208 0.602289021 0.440933019
 628 0.388416469 -0.708529294 -0.307286739 0.693653047
 629 0.640135467 -2.56884432 -1.63351178 0.638304710
 630 0.528051913 5.40073924E-02 2.41248465 -0.368285775
 631 0.562470615 1.44078910 -0.217910290 0.529293835
 632 4.90373746E-02 -0.437194049 -5.27569354E-02 -1.59515190
 633 0.172821492 0.458526969 0.824175179 0.234282076
 634 -3.08665484E-02 4.01765406E-02 -1.95511580E-02 0.990970671
 635 -0.460721463 -0.862948895 0.752714038 -0.617224753
 636 1.37582171 -2.46865559 -1.68697727 0.709088981
 637 0.581438303 0.620491147 -0.561314583 0.940380037
 638 -0.291547120 0.514369786 -1.52207792 -1.41133666
 639 -0.358488023 -0.521657169 2.81701088E-02 0.796960235
 640 0.365533143 0.861107945 0.268188477 1.02829671
 641 -0.224069357 0.766065478 -6.26670271E-02 -1.50012469
 642 1.16926467 -1.15366101 -1.72128081 -0.143312514
 643 -3.83724496E-02 0.499260783 -0.277197033 -0.357150644
 644 4.73710448E-02 0.826082766 -4.45604697E-02 0.677306294
 645 1.39338076E-02 0.442785680 -0.742171884 -0.219574451
 646 -1.52256739 -9.82787386E-02 1.04943347 -0.519574225
 647 0.534888148 -0.245297000 -1.05747151 0.750852466
 648 1.27568054 -0.278638244 -1.37089145 -5.34081198E-02
 649 -1.83753073 0.401481807 1.69480360 0.746592522
 650 -0.545566976 -1.68216729 -0.389662862 -1.32803726
 651 0.596890807 0.995039046 -1.02150142E-02 0.827877402
 652 0.260455519 -0.745458305 -0.913967073 -1.22868979
 653 -0.312490106 -0.479588389 -0.485229999 0.652917087
 654 -2.11301446E-03 -1.60507452 -0.582622170 0.301656544
 655 0.363524497 -1.47875047 0.853548408 0.263004661
 656 -1.08905649 0.236395076 2.28771114 0.359647155
 657 0.504882753 8.99026990E-02 0.996564388 0.352572501
 658 0.425843537 -1.06333172 -1.47590637 -1.27796483
 659 -0.441733211 -1.55177951 -0.208849654 0.633596003
 660 -1.19459283 -0.615899742 -0.447393954 -0.295517802
 661 0.286787421 0.612688005 -1.06915307 0.610622048
 662 -0.141392946 -6.39657676E-02 -0.775747299 -0.211705059
 663 -9.71492827E-02 0.328568697 -0.514370441 -1.36015105
 664 0.999164820 -2.62180716E-02 -0.987578094 0.929438710
 665 -9.72050801E-02 -1.27543390 -0.231490731 -0.275233030
 666 0.499113739 0.377380043 0.366800606 -0.386073798
 667 0.376259506 -1.32396686 -0.728461862 -0.292208523
 668 -0.737219155 0.338385940 -0.121224642 -0.536338806
 669 -0.367578596 1.15425348 0.419101059 -0.486207813
 670 -0.441412270 0.220818520 -1.70112467 -0.258613229
 671 1.07273793 1.48369634 -1.66894066 -1.02728581
 672 0.175667346 -1.30445302 4.33851294E-02 0.549814403
 673 0.529796541 1.38847423 0.646664500 0.183936477
 674 0.709329128 0.989380598 -1.31147766 0.318427503
 675 0.239823639 2.08525133 -1.46798146 1.45333302
 676 -0.411507010 -0.392409414 0.788119555 -1.55842805
 677 1.63438189 0.623120904 0.450141728 -0.536807120
 678 -0.836165786 0.160569876 -0.594245315 -1.41946447
 679 0.359774649 0.319192231 0.421518505 0.302865982
 680 -0.953555882 1.35444856 1.47669160 0.263219833
 681 0.213893801 1.06390142 1.39971364 -0.412865072
 682 1.34085643 2.72745466 -1.56304145 -0.279958546
 683 -0.849142373 -1.31462598 0.131359771 0.694069147
 684 -1.01307273 -0.335185796 0.747249901 0.597606897
 685 0.445899636 0.747739255 -2.02941632 0.374610305
 686 -0.764216542 0.755082726 1.06226575 -1.52601027
 687 0.669579923 0.377391368 -0.413611352 -0.164967775
 688 -1.37862492 -0.922835469 0.984726012 0.229860500
 689 0.596320212 0.804738939 6.65076375E-02 0.848909616
 690 -1.58602142 -1.04183793 -0.398593277 0.547373891
 691 1.07117295 1.72235990 -0.312415928 -0.297238648
 692 -1.09606862 -0.525979280 0.995150208 0.557816207
 693 -0.801234901 -0.198933244 -0.201642632 0.480415463
 694 0.332721919 -0.775424600 0.614278376 -1.36082089
 695 0.614945233 0.644222558 -0.313924670 -0.689939797
 696 -0.654395282 0.471595496 -0.696574330 0.258417845
 697 0.955755055 1.02397585 -1.23938537 0.857180953
 698 -0.477791905 -2.40209818 0.511974514 0.491103202
 699 0.487730384 -7.00325668E-02 -0.130503118 0.443693161
 700 0.241909891 -0.922902763 0.450408280 -0.259139031
 701 -0.585065246 0.622792244 -1.16669297 -0.558684945
 702 0.336860985 -0.911376536 0.325645864 -1.99954426
 703 -0.741271019 -0.933033526 -0.326287210 0.708692908
 704 -0.365165293 -0.698821425 -2.19954634 0.800601602
 705 1.60282068E-02 1.50516260 -0.684564888 0.290277421
 706 -1.12617946 2.01797867 -6.57767430E-02 -1.08218443
 707 0.889829159 0.151847586 -1.03126335 -0.560567737
 708 8.71953964E-02 -1.23922431 -1.12799919 0.441633612
 709 0.472131670 0.380332291 -1.31688631 -0.720097601
 710 0.678874671 0.666267753 -0.139866129 0.992224753
 711 1.24432588 1.18536747 -6.07639551E-02 3.91634852E-02
 712 -0.135912597 0.174702302 0.377533019 0.549009562
 713 -1.25152993 -1.55287719 2.51184034 0.961699784
 714 1.85609972 -0.637716532 -0.488099039 0.668198287
 715 0.878019810 0.375578731 -0.186157942 -0.493951380
 716 -0.504237413 -0.294070125 -0.357001066 -0.204773501
 717 6.16649538E-02 1.94943994E-02 -1.63813806 -0.317246556
 718 -0.430634797 0.177749425 0.874032021 0.387882829
 719 0.300537854 -2.54086828 -0.308995426 -0.436351031
 720 -5.30859083E-03 -1.00488818 -0.330326557 0.502983332
 721 0.993620276 -1.49357510 0.428693771 0.325183213
 722 -0.170320198 -0.615241647 0.104655102 0.447171926
 723 0.595027685 1.53689981 0.192174718 -1.39209449
 724 -0.321959198 -0.149669617 -7.73029029E-02 -0.516554713
 725 0.379528552 1.27426755 -8.65219086E-02 -0.206833184
 726 -0.348457158 -1.11518824 0.614380240 -0.359974533
 727 -0.307542682 0.790350139 -0.292840242 -2.73689032E-02
 728 -0.870752990 -0.922453403 0.796851873 -0.678569615
 729 1.67654204 1.79402307E-02 0.133510172 0.806448281
 730 0.402771831 0.247494400 1.58401096 0.483155072
 731 -1.25144815 -1.05090094 -1.12319064 -1.31210053
 732 0.239457712 -0.952610314 2.26269794 -0.274733037
 733 3.98491733E-02 0.808441043 -0.946220636 -0.451958567
 734 -0.269871801 0.581121743 -1.04339004 -1.52088380
 735 1.09079230 -0.690723658 -1.03705108 1.08627200
 736 -0.573363781 -0.574062109 -0.486289144 0.303387910
 737 0.564819157 -0.960912883 -0.519604623 0.591427326
 738 -0.348006099 0.618624926 -0.420332402 0.868939877
 739 1.50403774 -0.703986108 -0.960890293 0.671931326
 740 -3.27147990E-02 -2.68738151 1.07560945 0.648107827
 741 -0.234627873 -1.94142330 1.82200634 0.393561304
 742 -1.33076060 -0.180857256 -0.324536920 0.387016356
 743 -0.812640309 -1.01406550 -0.348895013 0.610533118
 744 -6.82978258E-02 1.28447664 -1.29085803 -0.326724887
 745 -0.440589011 -1.26586759 0.144649565 0.597998142
 746 -0.500948608 0.282546252 -0.462087363 0.501817048
 747 0.582927704 1.48467994 0.469365656 -0.932889342
 748 -0.189700618 -0.471101463 -0.969531715 1.54561996E-02
 749 0.530518532 -2.40921021 -0.623607099 0.821786404
 750 6.64866865E-02 -1.10471416 0.802001953 0.247205868
 751 0.283791780 -0.460342884 2.04434896 0.316880733
 752 -0.102669865 -0.215496466 0.175502405 -1.41011989
 753 0.117971390 0.652819574 -1.10816121 -1.69474632E-03
 754 0.465555310 0.547889352 1.46098089 0.745036483
 755 -0.185542524 7.80937076E-03 0.301424086 0.234896332
 756 0.657541394 -1.51704597 -1.35114467 -0.508755505
 757 -3.67161334E-02 0.364198148 0.529162288 -1.15451038
 758 0.643005848 -0.628206372 0.429833859 8.82056803E-02
 759 -0.206741154 1.07896173 1.09891462 -0.450116694
 760 0.451730072 1.05741560 1.57757258 -0.533578217
 761 1.07704353 -0.951885462 0.896656632 1.01482511
 762 0.548061013 0.785599053 0.484945238 0.365929306
 763 -1.81451924E-02 -6.84176087E-02 -0.854935706 -1.40524077
 764 0.398274690 -0.670516968 0.419652313 -0.377702534
 765 0.285987854 -0.442553818 0.433865756 -0.488259852
 766 -0.604449093 0.576479197 0.754376411 -1.46787918
 767 -4.08763438E-02 0.524389982 0.267191559 -0.354375511
 768 0.524188042 -1.35597622 -0.299814284 0.524387956
 769 0.968944311 0.931468010 -0.737520218 -1.48793030
 770 -0.999044418 -0.311465979 -1.79506445 0.357420087
 771 7.31412321E-02 -1.70235515 0.848839283 0.803063810
 772 0.249221325 -0.281288087 -1.71334970 -0.476115853
 773 0.733310401 -0.617040217 -0.447180986 -0.276993781
 774 0.273570865 -0.879041433 0.233678401 -0.436639369
 775 -6.75351173E-02 -0.436683357 1.12620664 0.553020835
 776 -3.21431533E-02 -0.649283171 1.51238084 0.441522241
 777 3.17257158E-02 -0.182552546 -0.284386814 -2.25540328
 778 -0.730886996 -0.289728642 -0.100331157 -0.574127257
 779 -0.151170403 -0.649536908 -8.29232484E-02 0.269926608
 780 -0.527323127 -0.312207818 3.04234922E-02 -0.695335031
 781 0.532005012 -0.472709090 -0.238067925 0.527545035
 782 -0.484605402 -1.18360615 -0.585733294 0.783520103
 783 7.90748745E-02 2.97446847E-02 -0.857562006 -0.451771468
 784 -0.298706651 0.321285665 -0.273754776 -0.398362964
 785 0.489154667 -1.16352248 0.618081570 -0.558125198
 786 0.256507337 1.77624416 0.163418546 -0.114648759
 787 -0.515556276 -1.43980980E-02 -0.842820287 -8.57718140E-02
 788 -0.783882320 -0.811507106 0.432240844 0.964585066
 789 0.546854734 0.701269090 0.571272731 5.14204800E-03
 790 0.332612038 0.643814087 -0.525271118 -2.35404730
 791 0.799749076 0.823337078 0.126759604 -0.169623107
 792 -0.880839705 -0.970402539 -0.126942709 0.497465134
 793 0.577522993 -0.489131808 0.594170272 0.417756975
 794 -0.187895745 0.438175917 -1.28916287 0.652435541
 795 -1.71962231E-02 1.24236584 -0.426141262 0.303033888
 796 1.73014176 1.57808161 -0.163335979 -0.393661708
 797 -0.167588860 -7.82736987E-02 0.266657054 -1.11116731
 798 0.382259458 -9.23253447E-02 -0.483375877 -0.493325114
 799 1.28843081 1.20453608 2.57943630 -0.253018141
 800 -0.218091324 -0.569275498 -1.49612081 0.122065812
 801 0.320341527 -2.08776832 0.247625202 0.607672215
 802 4.31004167E-03 6.69741109E-02 0.250981867 -0.286521435
 803 -0.375877112 -1.07972696E-02 -0.358694434 -1.71193969
 804 0.415803105 -1.41356850 0.599668682 -1.26430070
 805 1.35767102 0.736360610 -0.956954718 0.359479398
 806 -0.255729884 0.469977319 -0.186320454 0.773801625
 807 -0.319436342 -0.392447770 -0.915447295 -0.377684623
 808 5.18557131E-02 0.734147489 -1.75023353 0.217663378
 809 -0.140499204 0.586445451 0.748768568 0.801100373
 810 -1.08249331 0.784164250 -1.36149549 -0.593412399
 811 0.283887506 -1.44889569 0.563566804 0.319924861
 812 0.199121624 0.538608015 -0.698094368 -0.248082176
 813 8.34902301E-02 -0.558378398 -2.09925652 0.329668939
 814 -0.203324080 -0.720235765 0.772863209 -0.369371116
 815 -0.671561122 1.47947979 0.713352442 -1.46353722
 816 -6.41186684E-02 1.06738007 -4.25522029E-02 0.182138473
 817 -7.80837089E-02 0.176451966 -0.884816587 0.435335964
 818 -0.114572629 0.703498662 0.210103109 0.686265647
 819 -0.117976010 0.320448309 -1.68165267 0.207458377
 820 0.626570940 1.15114188 -0.777973831 0.313502669
 821 0.686918974 -0.644175172 1.23772359 -0.688246429
 822 -7.93908089E-02 -0.731762469 -0.805963874 -0.496302098
 823 0.350577772 1.08150959 -0.416726440 -2.19501066
 824 -2.04776478 -1.47767222 0.830464959 0.645418406
 825 0.199209571 -0.261980236 1.07279867E-02 -1.07579720
 826 -0.176790923 0.101381660 0.370583653 -0.386041582
 827 -0.660328031 -0.492358297 -0.100500628 -1.21625030
 828 -0.148356706 0.763569593 0.796115875 0.607496977
 829 0.594469547 1.33053279 0.912868857 -0.790130377
 830 -0.478346318 0.890253544 -0.552309752 -0.810272574
 831 1.68572739E-02 1.10940027 1.98721066E-02 0.568141758
 832 0.261476874 2.52351737 -0.995276928 0.731323481
 833 -0.473712623 -0.698845267 -1.56730866 -0.659970760
 834 -0.155892193 -8.34244639E-02 0.632966399 0.634308338
 835 5.44378906E-02 0.372213185 0.259885520 -0.396219105
 836 9.69408974E-02 -0.225735098 -0.117218465 0.675419450
 837 -0.670703471 -0.618072629 0.362600446 0.598866642
 838 -0.778365433 0.616500139 -0.681784689 0.763246536
 839 -0.318032533 -0.498811245 0.302872598 -0.192139745
 840 6.29857779E-02 -0.236627162 0.211198449 0.568475187
 841 -0.682150006 0.214340404 -0.217403993 -0.557248116
 842 0.605441570 2.03761482 -0.209674358 -1.51443458
 843 -0.537525535 -0.289643735 1.08522093 -0.355932176
 844 0.216143534 -0.141788900 -7.76734948E-02 0.579286814
 845 -0.724281013 0.334069371 -1.00634634 -1.33310604
 846 -0.749794602 1.02969992 -0.252219498 -0.809297740
 847 1.20370221 -3.21822548 0.537850261 0.687894762
 848 -0.171076417 0.693932891 -0.536058784 0.848127544
 849 -5.06978929E-02 -0.652366638 -0.180672124 0.861591935
 850 -0.512739778 -1.29881191 -0.191654772 -0.236738220
 851 0.265777141 0.287786841 9.49582607E-02 -0.249170378
 852 0.166460425 -1.75823283 0.897588253 -0.657412767
 853 -0.567891717 7.89182186E-02 -0.121279739 0.750044465
 854 0.205365598 0.346600175 -8.44128802E-03 -0.724305153
 855 0.554735839 -0.360363960 -0.720621884 0.516752005
 856 -0.102984294 0.112501040 -1.38143539 0.338579208
 857 0.158242613 0.276020259 0.438783675 0.656457961
 858 -4.05727215E-02 -1.25272763 0.323266327 0.466748953
 859 0.816456139 0.240925014 0.633766174 -0.634802520
 860 0.346354485 -0.565190613 0.218644917 -0.817678213
 861 -0.203649864 2.17011476 1.36640882 0.547311187
 862 0.281781852 0.118874259 0.267248631 -1.19889057
 863 -0.505882740 0.475243211 0.131623089 -1.31705046
 864 0.320601642 -1.16700840 0.230936155 -1.28206277
 865 -1.05438805 0.849341393 9.01778862E-02 0.411866039
 866 -0.240642548 -1.42755461 -0.329390526 -0.304963589
 867 0.513495922 0.259569824 -3.39189917E-02 0.614140689
 868 -0.598765314 0.142997652 -0.112474889 0.601857066
 869 -0.297440439 0.347344160 0.466554493 -1.71102619
 870 1.43965375 -0.212083906 1.51157022 -0.288641512
 871 -0.375995576 0.729638994 0.712222099 -1.27197921
 872 1.77142452E-02 1.19210875 1.38838398 0.649163008
 873 -0.495732814 -0.848297715 -0.188375145 0.412993670
 874 -0.141947299 0.178509966 -0.743996501 -1.04472673
 875 -0.420366108 9.16218087E-02 -1.03252316 0.320949376
 876 -7.37960935E-02 -1.28990841 1.19138741 0.261570513
 877 -1.30137515 0.669300735 2.68907398E-02 -0.332841277
 878 0.188927010 0.727700949 0.386492729 -0.498739094
 879 0.176738456 0.680163980 -4.98321503E-02 -0.461094141
 880 -0.476062775 -0.180233568 0.698279738 0.456901699
 881 0.976311982 -0.377346039 1.58155560 -1.51948118
 882 0.607836008 -8.08583871E-02 -5.56344986E-02 -0.729563236
 883 0.172999591 0.348487735 -8.65372419E-02 6.78813457E-02
 884 -0.717240155 0.131057769 1.53528070 0.307270229
 885 -1.03288269 1.07311141 -1.80460513E-02 -0.583781302
 886 -0.690993905 -2.44129586 -0.295806974 0.858980060
 887 -0.808178544 -0.526293516 -0.817771375 -0.577034593
 888 -0.137885809 -2.44286098E-02 -1.07925820 -0.268165231
 889 -0.705904007 3.46129015E-03 -4.67337593E-02 -0.434924245
 890 -0.290421158 -2.08522528E-02 -0.811774611 -0.496714592
 891 0.572396457 0.245846182 -1.30305481 0.446003497
 892 0.158994317 -2.23079848 0.751008451 -1.55368674
 893 -1.05695772 0.606514692 0.908574760 -0.962118268
 894 -0.581152797 1.50574458 0.327108562 0.755710602
 895 -0.566205025 -6.72213435E-02 0.823430240 -0.367472053
 896 3.42235118E-02 1.31118321 -0.643881559 0.738860190
 897 0.993548512 6.54118955E-02 1.71900833 0.630860150
 898 -9.63385254E-02 0.362311870 0.460655719 -1.24289250
 899 0.281504124 0.365628064 -0.433384299 -0.287131786
 900 0.848376215 -0.477700263 -0.762947083 0.402855456
 901 0.415148020 0.881705046 -2.56063914 0.865577817
 902 6.21841624E-02 -0.785464764 0.197488502 0.499771327
 903 1.12710118 -0.502288640 -0.784171462 -0.286402553
 904 -8.99014249E-03 1.01626146 -0.892164409 2.06912309E-03
 905 -0.155731574 0.181261569 0.281486005 0.373290330
 906 1.03918540 1.94773746 1.32855558 -0.417475522
 907 0.533105969 0.879905999 0.370034277 -1.42284119
 908 0.199130073 -1.65080953 -0.404165089 0.726309657
 909 -5.46316355E-02 0.727709055 0.812512636 -0.360748470
 910 -1.43063128 -0.236162543 -0.921862602 0.146609098
 911 0.713974118 0.439818501 0.530927181 -0.326563597
 912 -0.433774978 0.588733017 1.22740471 0.460445613
 913 -0.350371867 1.47838926 -0.120029107 -1.39304745
 914 0.411546141 -2.91186666 -0.634832919 0.311863244
 915 0.576004922 0.413513392 -1.51222134 0.682214022
 916 0.408553690 0.722420454 0.735493004 -0.460574239
 917 -0.486716628 0.167771459 0.575692177 -0.521632910
 918 -0.881055593 2.13853908 8.54645222E-02 -0.456055373
 919 -0.443083107 -1.43965733 1.16644835 0.340660274
 920 0.289728582 8.37426782E-02 0.989429832 0.482659787
 921 -1.28996480 0.579139948 -1.05403709 0.218022466
 922 -0.404543698 -0.934570551 1.05045033 -0.605408072
 923 -0.708390832 -1.07884669 1.08222628 0.235069260
 924 -1.01137280 -0.438441753 -0.755383730 0.544208109
 925 -0.436190426 0.483529925 -0.401302069 0.428929210
 926 -0.549242496 0.577419639 -0.505104959 -0.171035796
 927 -0.463895380 -0.191962630 1.02060115 0.420858204
 928 0.126923516 -9.81037617E-02 1.18320322 -0.400335670
 929 0.616038740 -1.18996418 0.365176499 -0.314660549
 930 -0.367632449 1.64614308 -3.97592224E-02 0.770719409
 931 0.815988302 -0.482117355 1.30918062 0.417755932
 932 0.237865314 -1.04531729 -0.647639275 -0.434484422
 933 0.287442535 -0.127072573 1.69776118 0.133810192
 934 0.424632013 0.235950395 -2.38357878 -0.426049203
 935 -8.29384923E-02 1.02654397 0.778467178 0.341386676
 936 0.668509960 0.597124219 0.763718963 -2.60309428E-02
 937 -0.448338598 1.16634214 0.505576074 -0.447854012
 938 -1.14608514 0.772000313 1.25612938 -1.50515199
 939 2.41038539E-02 0.997778714 -0.807776868 -0.227299422
 940 1.23521662 0.693151474 1.20494640 -0.628575504
 941 4.18843776E-02 1.29042172 -0.376939476 0.471366346
 942 0.191346943 0.924910426 2.01977730 -0.620100915
 943 -0.317770898 0.601088524 -0.127423927 0.486241847
 944 0.898571908 1.32248259 -0.494898975 0.244627133
 945 -0.685587049 -1.52310580E-02 -5.72592020E-03 0.601928413
 946 0.176857293 -0.372970521 -0.114201501 -0.621635258
 947 0.144910991 -0.215880096 -1.20588374 -0.138977766
 948 0.523762107 -1.58532310 1.02885675 1.06420302
 949 -0.258114904 0.761565745 -0.795688570 -0.610077739
 950 -1.31526411 -0.891765296 -1.47433555 -0.572858036
 951 -7.50644580E-02 -0.448328286 -1.14930749 -1.62331903
 952 -9.37811434E-02 1.63428307 -0.471339315 -0.253939331
 953 0.236165464 0.169649392 0.436459303 -0.481533200
 954 0.982734263 0.680290461 -0.249545157 0.610270619
 955 0.882820845 -0.906502187 -1.38167286 -0.433415592
 956 -0.296910614 2.66129661 0.636942387 0.758512437
 957 -1.00273883 -0.440382928 0.562776327 0.491303980
 958 0.463437676 1.49487364 -0.797867894 -0.321955919
 959 -0.525954723 -0.892668426 0.335538477 0.577413142
 960 -0.306703240 0.595303953 3.46019268E-02 -2.62301183
 961 0.371645093 2.13425827 -0.333141446 0.618541002
 962 -1.39244843 -1.79684013E-02 -0.164419845 -1.47564411
 963 0.540069103 0.719272435 -1.04897738 -0.221282154
 964 0.869355381 -0.763695896 -1.29796767 0.145766169
 965 0.153108090 -0.185486153 -0.249394372 0.298317760
 966 -0.114893734 -0.384966433 -1.37652345E-02 0.608225763
 967 -0.571150243 -0.854516029 -0.264716238 0.472901911
 968 -0.424092293 1.31157541 -0.824162245 -1.54570889
 969 0.279239506 -0.288428873 -1.20348179 -0.538138330
 970 0.166210413 -0.846625388 -0.697169065 -0.183444589
 971 0.205990747 1.27369177 -8.44791010E-02 0.374525517
 972 -1.17320216 -1.07009065 0.300331175 0.192713678
 973 -1.04996705 -0.342199922 1.73536193 0.203607708
 974 -0.185733154 0.855302930 0.174801558 -0.958339095
 975 -0.194114298 0.745248735 -0.428245306 0.903776824
 976 0.298076928 -0.264762104 0.632818818 -0.256526232
 977 0.222374469 0.687717259 0.994204164 0.115585864
 978 -0.401617944 -0.881822109 1.23581266 -0.140791416
 979 1.00432181 0.791269898 -0.793103039 -0.292772889
 980 1.44259262 -0.431083798 0.261545122 -0.533165097
 981 0.328536034 -3.78713980E-02 0.754487991 -0.443994194
 982 -0.262138128 1.00916100 0.576959014 0.454403907
 983 -3.04188617E-02 -0.802591562 -0.539626539 0.264354110
 984 -1.51763785 -0.181360200 0.913082898 -1.14553690
 985 -1.17809033 -0.799415231 0.922545969 -0.214103237
 986 -0.115335718 -0.421639770 0.519375801 0.934419394
 987 0.595003545 0.255009443 1.06249237 -0.608435035
 988 0.178066880 0.582942963 0.820265055 -0.145283356
 989 4.63970900E-02 0.203797385 0.677624047 -0.347315550
 990 1.07330644 -0.292789817 -1.96072769 -0.933254302
 991 0.277933240 -0.834510207 -1.09406424 0.375142097
 992 -0.506768942 0.869277239 -0.447011650 0.591331303
 993 -0.358546615 -1.65138757 0.321524799 0.278950989
 994 -0.484596252 0.903281450 0.653529823 0.656190872
 995 0.688510835 1.19133806 0.804489613 -1.55452371
 996 -0.788314521 -0.913330317 1.10660946 0.506058216
 997 -0.961661994 -1.55824256 -0.754361033 0.274965405
 998 0.236270949 -1.11169958 3.11904214E-02 0.531905591
 999 8.08417872E-02 0.210211217 -0.111499600 0.330785751
 1000 -1.30597723 0.253022492 -9.95803922E-02 0.666744232
 1001 0.283629358 -6.51351362E-02 -0.195455581 0.578104377
 1002 -0.637588263 -2.53475428 -1.56227970 -0.621112108
 1003 1.49084330 0.138373882 -8.86702985E-02 0.805037856
 1004 -0.320452303 0.562947512 -0.613775253 -1.38392413
 1005 -2.34407932E-02 3.53722721E-02 1.65595233 0.460950732
 1006 -0.751034558 -0.808921874 -1.17531908 -0.624248922
 1007 0.433915854 -0.344186604 -0.971370041 0.654095292
 1008 -0.192202628 0.886559546 -0.351119190 -0.368790954
 1009 -0.359849989 -2.04332447 0.582836866 -0.314762473
 1010 -0.610320032 -2.16385865 0.332977474 -1.53613210
 1011 -0.345679700 -0.950897098 -5.95642924E-02 -1.38514709
 1012 -0.267311931 0.601695001 0.358522356 0.396962792
 1013 0.556654632 -2.17228651 0.605656981 0.522979915
 1014 -1.06613493 -0.506735682 0.762448728 -0.429856509
 1015 0.864157557 0.188690662 -0.838920534 -2.01803255
 1016 0.186769783 -1.90231419 -1.63553739 -0.403798878
 1017 -0.555428326 -1.55358541 7.81263709E-02 0.312453598
 1018 -0.133886516 -0.192815542 -1.05035532 -0.148915321
 1019 0.246994823 0.358733505 -0.954763591 -0.551225722
 1020 -0.184932739 1.32099509 1.36057043 -0.270397127
 1021 -0.433381885 -0.720379949 0.164017886 -0.301881850
 1022 -4.36679646E-02 0.597229660 -0.723006904 -0.436331004
 1023 1.54777098 0.829463363 -1.24317241 -1.09982133
 1024 -0.390452147 -0.704649746 8.45737308E-02 0.413368315
 1025 0.471694112 -0.933635533 0.746523798 0.624656439
 1026 0.446542174 1.30824876 -0.486843824 0.308007032
 1027 0.163000345 1.23114407 0.456283778 0.354996055
 1028 0.538688898 -0.735018194 -1.87631035 -0.476751506
 1029 -0.512620568 -0.232478827 -0.836173892 -0.860621452
 1030 0.254564464 0.488763899 -1.53713250 0.445842654
 1031 -1.12065113 -0.649805784 0.511469066 4.61694598E-02
 1032 1.25158310 -1.63804269 0.838655591 -0.362903833
 1033 0.104313269 -1.64241731 -3.35931778E-03 0.761602044
 1034 -2.40899682 -1.16416419 1.66989446 -2.33263016
 1035 -2.11808848 0.153997451 1.69395626 -6.25116676E-02
 1036 -0.960827231 0.540753186 0.713343918 -1.97895646
 1037 -2.41341829 0.937479734 -2.15816975 -1.50715971
 1038 -2.38892293 -0.497282207 2.15248251 -3.42024851
 1039 -0.333887726 -0.861432850 0.538755417 0.411543489
 1040 -2.20376420 -1.01825166 1.42311335 -3.09663987
 1041 -2.55342531 -2.25963831 -0.495306909 -0.871562004
 1042 -2.50145888 -1.12602806 1.16306782 -0.227032259
 1043 -2.77265286 1.96551085 0.688105941 -2.21372223
 1044 -3.73322344 0.160020679 0.992714226 -2.97308207
 1045 -3.14039516 -0.712242365 2.31694055 -1.33424902
 1046 -1.24231195 -0.247648641 1.60967696 -3.11148953
 1047 -2.06679654 0.235573009 -0.271854997 -1.12215543
 1048 -2.25671864 0.188529655 0.593738258 -0.222281620
 1049 -1.89635468 -1.36035633 0.262334585 -3.10431933
 1050 -2.41763973 -0.205833644 0.591537774 -0.143342078
 1051 -1.27883983 0.226299033 -0.141846776 -1.28463888
 1052 -2.92572665 -2.08623147 0.733522117 -1.39350307
 1053 -0.697815895 -0.893167078 1.26444387 -4.52484608
 1054 -2.48351932 -1.04748130 0.558239162 -3.05055189
 1055 -1.04270113 -1.75081551 2.87350368 -2.44286871
 1056 -2.28367925 9.43696350E-02 1.40230536 -1.12443697
 1057 -2.93155575 7.03179836E-03 1.02999687 -1.60850906
 1058 -2.40689731 0.120705232 1.19392526 -1.06680703
 1059 -1.63912380 0.984896660 1.12277162 -0.639166474
 1060 -1.39304388 -1.97730541 2.35775924 -0.387579858
 1061 -1.37701964 0.807959020 2.13231158 -1.62023413
 1062 -1.72603571 1.98001277 1.68270969 0.768316388
 1063 -1.35812604 -1.76487637 2.56657815 -4.52780151
 1064 -2.67423439 -0.436022580 1.24749708 -0.341513038
 1065 -1.85072422 -1.80916011 1.03002715 -3.01235294
 1066 -1.72356081 0.194394678 1.83958828 -4.37947416
 1067 -2.34840775 -0.823768616 0.413665801 -1.14971900
 1068 -1.49108553 -0.588167369 2.12078571 -1.37544835
 1069 -2.27216721 -1.04514349 1.02968776 -1.30287659
 1070 -2.45617175 0.682752848 2.82198238 -1.36372757
 1071 -2.06914115 -1.10822225 1.64316297 -3.18307781
 1072 -1.27168524 -1.96501029 0.362838238 0.824186087
 1073 -1.98276603 -0.331067771 1.25544035 -1.13631344
 1074 -2.07908320 -2.01163197 -1.75408423 -0.291947186
 1075 -2.10841775 -0.717099905 0.889836848 2.86489427E-02
 1076 -1.83993137 -0.527149081 0.352858990 -2.98455644
 1077 -2.30815005 -2.12667751 0.834192872 0.208583027
 1078 -0.732052445 -1.51357150 2.48408365 -1.50047064
 1079 -2.28689051 -1.81474912 0.766278684 -0.462450087
 1080 -1.55166888 -0.383425802 1.33639371 -6.09975457E-02
 1081 -2.44396210 0.877412736 0.205957785 -1.48940909
 1082 -2.39255667 -1.50883663 -0.225447387 -0.818071365
 1083 -2.15178037 -0.441597492 0.842338085 -2.41397023
 1084 -2.91793084 -0.742167711 1.59383869 -1.14623547
 1085 -2.29893279 1.19486153E-02 0.136076808 -1.08783758
 1086 -4.00000477 0.781966269 2.45772099 -0.255575895
 1087 -3.18001461 0.148466349 2.14939141 0.689054370
 1088 -2.05854464 1.10490906 0.337548375 -3.83399034
 1089 -2.49950123 -2.26792598 6.66562766E-02 -0.233992159
 1090 -0.826687932 0.818483353 0.671937108 -0.965591908
 1091 -2.73341131 0.867432296 1.53152919 -1.27462018
 1092 -1.02651060 -0.755901635 0.825255513 -1.40029657
 1093 -1.68256724 1.03524268 0.135826036 -1.63576484
 1094 -2.94057393 0.107388198 -0.908894420 -1.90127265
 1095 -2.47100377 -1.56181586 -0.240526915 -0.361168087
 1096 -3.36015630 -1.27575004 0.461534858 -2.53972745
 1097 -1.75555074 -1.54252625 3.38318729 -1.16867542
 1098 -1.77426040 -0.227766365 -0.510564268 -1.07034242
 1099 -3.19962692 0.935675681 -9.55147594E-02 -0.149029821
 1100 -2.43060803 0.674123764 -0.229587838 -2.48275304
 1101 -1.33511126 -0.791715086 1.01207244 -1.60452604
 1102 -2.87776661 0.125776768 2.33798146 -1.64169979
 1103 -1.09751487 1.48838258 0.328408360 -1.22839522
 1104 -2.70004845 9.01809260E-02 -1.05537617 -1.06239760
 1105 -1.00587678 -0.533557057 -0.317557275 -1.55488372
 1106 -2.32815671 -0.282238364 0.827920675 -0.172171801
 1107 -2.17409897 0.529198050 3.37416418E-02 -1.20215118
 1108 -3.16392183 -0.582180738 1.76552761 -1.15203762
 1109 -2.14803267 -1.76236653 0.628786564 -1.62778091
 1110 -1.86097383 -0.136641681 0.380923599 -0.319360971
 1111 -2.50228119 -0.716359913 1.51401639 0.673328519
 1112 -0.695200145 -0.601770163 1.35121191 -0.429327190
 1113 -3.43721366 0.788110495 1.56063807 -0.172496021
 1114 -2.10789657 -0.304545552 1.33294189 -1.30963910
 1115 -2.35990644 -1.86740315 2.19864106 0.407518417
 1116 -1.94577849 -0.214408368 0.946426153 -1.03963339
 1117 -1.63901913 -1.52213347 1.16623402 -1.31708741
 1118 -1.90560663 -1.56394887 0.968729854 -0.979184926
 1119 -2.51391077 0.452348650 1.04648566 -0.608714044
 1120 -1.82150376 -0.719611764 0.272823453 -1.28689337
 1121 -2.46634865 -1.25459492 -0.200984448 0.610928178
 1122 -2.75713587 -0.189491123 -0.556962788 0.745561123
 1123 -3.42253399 0.829152048 -0.253714383 -1.38923049
 1124 -2.36456108 0.173345402 2.40524626 -2.22368622
 1125 -1.56498551 -1.16873533E-02 -0.171738356 -2.36227131
 1126 -2.39655995 6.15716279E-02 -0.612025917 -1.21618748
 1127 -2.59112358 -2.16821575 0.385056078 -1.16019666
 1128 -1.84812188 -0.250402212 0.429034650 -1.32157719
 1129 -1.81851923 -0.614740968 -0.130918801 0.809285522
 1130 -3.76437426 -1.16237068 1.48620331 -2.29617071
 1131 -2.74165654 -0.964842200 1.83788037 -2.05575395
 1132 -2.46880817 6.43736124E-03 0.308088690 -1.27183557
 1133 -2.09851360 -0.106296092 0.796019137 -2.50316525
 1134 -1.96722913 -1.03155112 1.72695756 -0.503725648
 1135 -1.48268461 -1.62520528 0.397204071 -2.20878911
 1136 -2.17116094 -1.03640902 2.65980744 -0.442451298
 1137 -1.94867539 1.04440451 1.58233082 -0.917903781
 1138 -1.41220593 1.80064917 -0.318818986 -1.34790516
 1139 0.976319671 0.146776929 -0.263807058 2.34481764
 1140 1.26379013 1.65964687 -6.49705753E-02 2.08142209
 1141 0.329317540 0.195723116 -0.915339768 2.20506549
 1142 0.903003931 -0.762062907 -0.362467170 1.63044357
 1143 2.81169295 0.657124579 -0.384250998 0.337866127
 1144 1.42441845 1.10761487 -1.04811573 1.43369424
 1145 0.993597746 0.718929172 -0.545378685 1.58436918
 1146 0.833381653 1.25066161 0.331194162 1.23738718
 1147 1.61608541 -5.26796281E-02 -0.672132492 1.51991630
 1148 1.00086474 1.80676210 -2.13917494 -0.314440727
 1149 -4.07730043E-03 0.350988299 -0.562457323 1.33990121
 1150 0.619387627 2.87917757 -1.83076024 1.57007647
 1151 1.02887058 0.336830586 0.123968191 1.49613035
 1152 1.20633841 1.19340205 -1.20734954 2.42786407
 1153 0.691083074 -9.66010243E-02 -1.08415699 1.40349472
 1154 0.882611394 0.655336022 -1.90110302 -3.28689218
 1155 1.34025371 -0.160740465 0.971740246 2.40255427
 1156 1.28046668 0.115420945 3.07013690E-02 2.39153719
 1157 3.17635775 0.353600830 -0.222019270 2.16900444
 1158 0.674037993 -1.59678125 -2.04548860 -1.90019226
 1159 -0.311785996 -1.01010776 4.60675657E-02 1.11925781
 1160 -0.817855120 0.759889483 -1.56220555 1.26249743
 1161 -0.589368999 5.00968397E-02 -0.754423797 2.35619617
 1162 0.501713932 -1.46395898 -1.22390819 -1.77534580
 1163 -0.240624607 1.36226082 -0.837252557 1.01539028
 1164 -0.218474150 -1.37448978 -1.13152099 -0.628218412
 1165 0.665453613 2.00231457 -2.18396497 -1.44319105
 1166 1.46171844 0.331313819 0.228664696 1.54142690
 1167 1.15478277 -0.569843233 0.155386597 0.613017678
 1168 0.716839015 1.88083804 -1.22791886 2.36010313
 1169 1.30344534 0.381514549 -1.02777958 2.69009447
 1170 1.19951165 -0.873351634 -1.50843489 1.28072667
 1171 2.34514928 1.28680778 -1.35651290 1.31928468
 1172 0.822736681 0.723439753 -1.86432660 2.51769352
 1173 1.60027587 -2.27578568 -1.47826779 1.27483213
 1174 -0.298480511 0.167722195 -1.77628756 1.46011710
 1175 1.82481980 1.82351303 -1.04941177 -0.222330824
 1176 1.23379469 1.78054976 -1.12826622 -2.57510853
 1177 1.64875185 0.703106642 -0.294647992 1.34530735
 1178 1.27454174 -0.404378176 -0.398513675 2.35602021
 1179 0.468995452 -0.359902591 -0.796309114 2.10848212
 1180 1.69955111 1.20994282 -0.944266021 2.64020538
 1181 -0.394091219 1.12854099 -2.23222756 1.53763115
 1182 0.560448885 0.158185467 -0.913437247 2.40503693
 1183 1.54218912 -0.134871721 0.298879951 1.04345226
 1184 0.770543933 -1.03446233 -1.86790097 2.27606606
 1185 0.752315044 -0.566846371 -0.659475803 1.15713084
 1186 0.292031378 -0.406618983 -2.51052094 2.08171272
 1187 0.349173367 1.87176764 -2.34726977 1.04571116
 1188 0.766745090 -1.73494637 -1.97404325 2.41605544
 1189 -0.386816740 1.25278771 -2.18182898 2.40550232
 1190 0.208815351 -0.648586750 -1.24398327 1.64706421
 1191 0.903182268 0.276024133 -0.882004082 2.24640083
 1192 0.189267144 1.00646448 -1.07402909 2.47657156
 1193 0.313664734 0.921700060 -1.17807627 -0.303012073
 1194 2.24653101 0.178363919 -1.13115501 1.16702151
 1195 0.942955613 0.730145752 -2.84884119 -0.309910119
 1196 1.01853621 0.277675569 0.399753273 1.57823801
 1197 -0.288888127 0.924672425 -3.01434088 2.28895926
 1198 2.27960682 0.396626532 -0.562925041 1.44319224
 1199 2.81831145 2.08121157 0.155229643 1.79727721
 1200 1.07775140 -0.671831906 -1.84029150 2.21784711
 1201 0.251956463 2.47458458 0.706797719 1.53050685
 1202 0.193241864 0.768440306 -0.486450672 0.151793629
 1203 0.285277456 1.24118960 -2.08496141 1.30832493
 1204 0.581874609 -1.98065329 -1.26955211 0.103108853
 1205 0.592482507 1.12298930 -2.69924498 0.164877206
 1206 0.829473853 2.43606877 -0.610595703 2.84344816
 1207 1.43265474 1.71364439 8.07250440E-02 2.13737297
 1208 0.592192471 -0.233371183 -0.656855345 2.21293044
 1209 2.60869336 -0.547254086 -0.525882006 1.27859926
 1210 1.50153375 0.311119139 0.258962154 1.21719968
 1211 2.72057581 0.312191159 0.115728408 0.380915195
 1212 0.421799034 -2.26827487E-02 -2.11095238 -0.318284363
 1213 5.44030219E-03 -1.34962893 -0.714189708 -1.40235519
 1214 0.205494732 0.938973308 -1.32777560 0.240729481
 1215 1.95582855 -0.723046303 2.07901168 1.27268553
 1216 0.679845810 1.39999449 -0.953569591 1.15671992
 1217 1.96421134 1.38864434 -1.79411113 2.37398791
 1218 1.84617281 -0.609000325 3.77319604E-02 2.28903580
 1219 0.872861505 0.230161130 -1.82968867 1.33872437
 1220 0.608418465 -0.487374544 -0.912119985 0.173902661
 1221 3.28087497 -0.360182464 -0.898927212 2.41143584
 1222 2.27315688 0.586810291 -0.319336236 0.347824901
 1223 2.01268864 0.835703254 -0.188756436 1.34737217
 1224 1.96922803 0.655551434 -0.291070998 1.35046530
 1225 1.10539818 -1.04743862 -1.02039576 1.32716823
 1226 1.57863724 -8.21895301E-02 0.531497419 1.36743510
 1227 0.336169809 0.927596629 -0.710113704 -1.19710183
 1228 0.901776850 0.684955597 -1.83413005 2.42603087
 1229 2.31866527 -1.11661315 0.116160929 2.36337638
 1230 0.499667794 0.282166064 0.463941932 2.37210155
 1231 1.57868063 0.984724164 0.564921021 2.34787059
 1232 0.420579076 -0.283548206 0.291062325 2.15352964
 1233 2.59164071 -0.286310852 -5.08353114E-03 2.09933376
 1234 1.75064373 0.593950570 -0.498813659 1.49692297
 1235 2.16752529 1.35500908 1.88185883 1.15472817
 1236 1.58363295 1.23796439 0.343921602 2.64093542
 1237 1.72466946 0.841436088 1.57609868 2.46894956
 1238 2.33049893 -1.04659939 -1.42814875 2.49242687
 1239 0.539128661 1.02972841 -0.991072953 1.35988975
 1240 2.21555281 -0.144368917 0.399350077 2.21045899
 1241 1.31043243 1.50362432 -1.23093545 2.08260727
 1242 1.99471271 -0.127089322 1.03469110 0.523510039
 1243 0.594757199 -1.66394901 -0.291370392 1.43205726
 1244 0.440268070 -0.908590376 -1.65903664 2.38827896
 1245 0.181975633 8.72080997E-02 -0.177185535 2.13174748
 1246 2.28839350 -0.162452474 0.598973930 2.14708900
 1247 2.18103814 0.688756764 -0.992827892 2.45058227
 1248 1.71445441 1.14517915 -0.221313298 0.222460330
 1249 1.11928415 0.980974853 -1.56555355 1.09525561
 1250 2.38868856 0.404851198 -0.884677589 -0.145719379
 1251 1.52944756 3.14023709 0.432428420 1.22135854
 1252 0.731682658 2.08398867 -1.06848502 -0.319537640
 1253 2.47784996 1.81228089 -1.59060824 9.11857635E-02
 1254 4.53164148 0.683575630 -0.489225417 0.992836952
 1255 2.05079532 1.69341338 -0.656175673 1.21631801
 1256 0.534084916 1.07257736 -0.107282370 0.959173322
 1257 2.63217926 3.04573846 -0.586724758 0.889265060
 1258 1.34984815 0.859533429 0.740208626 -1.62815166
 1259 1.66321301 -1.15492654 0.670462966 1.33304060
 1260 1.08166742 -0.556896329 -1.43212903 2.65190482
 1261 2.41266418 1.14941835 -4.99421358E-03 1.23971963
 1262 1.45088792 1.63294852 6.61883950E-02 1.17675006
 1263 1.79077208 1.94916260 -1.22961605 2.18207598
 1264 0.452145964 0.874139190 -2.49343610 2.26968789
 1265 1.95873129 0.408508837 0.334709823 1.89782405
 1266 3.97035122 -0.844426155 1.07774734 2.43164277
 1267 2.99528337 0.113631435 -0.196210086 1.09712815
 1268 2.27863097 -1.66548777 0.114064246 1.57817125
 1269 2.30742741 -0.153470516 1.15391469 0.965662360
 1270 2.78711867 -0.829267681 5.31882793E-03 7.95543194E-04
 1271 1.60635865 0.970244110 -0.185925841 1.64428532
 1272 0.643135548 -0.530069470 -1.38669813 1.32826257
 1273 0.444712102 -0.657089472 -0.547377825 1.39099216
 1274 0.919271410 0.225441039 -0.484409928 0.299899697
 1275 2.54650426 -1.00703788 -1.05268502 1.24536026
 1276 1.68685770 -7.25030899E-03 0.825667024 1.41081214
 1277 0.689460456 0.330383986 0.810495138 1.50558984
 1278 1.59396780 -0.394785583 -0.327574611 2.22467446
 1279 0.228694290 -0.330958813 -0.274123788 1.08383167
 1280 0.154223189 -1.62898850 -0.835703254 1.20407867
 1281 1.76113415 0.516760230 0.504306316 1.46733057
 1282 -0.105021305 -0.763510108 -0.641258836 2.42788792
 1283 -0.423085809 -0.965777636 -1.34138656 0.260953963
 1284 1.18156731 4.56945449E-02 0.212883547 2.28571582
 1285 0.730300963 0.884852111 -1.03507805 1.35647476
