 1 -0.140384465 0.897668123 -0.122619241 -0.378819227
 2 -0.627535999 1.43976879 -0.843319833 -2.01451683
 3 -0.207321376 -0.169308618 0.219324529 0.666198969
 4 1.82976091 0.441095591 -0.579519749 -1.03098214
 5 0.153211996 9.74127650E-03 1.15843701 -0.827865124
 6 0.346835971 0.949831128 -9.84134078E-02 5.40796109E-02
 7 0.318868697 0.287583530 -0.668393970 -1.67156947
 8 0.450541109 1.25318956 1.13978219 -0.731290817
 9 0.417689025 0.930140853 -0.955099344 -1.09686506
 10 2.16691160 0.406224102 -0.143441945 -0.734726787
 11 -0.370619416 -0.715120316 0.816854000 0.504236102
 12 0.320586383 0.629208922 0.824851573 0.121500097
 13 0.467517227 0.704150796 5.61203659E-02 0.598436475
 14 0.348229051 0.694335818 -0.156117737 -0.716184974
 15 0.286658645 1.75599754E-03 0.795842409 -1.47437775
 16 1.31382751 -0.654009461 0.715137959 -0.167639479
 17 -0.916581929 -0.303181708 0.842430592 -0.963413775
 18 3.76710296E-02 0.512496710 -1.60748637 0.333751529
 19 1.44071519 1.44430804 -0.242403895 -0.413595527
 20 1.96811259 1.07727265 -0.705318749 -0.387407511
 21 0.113048531 -9.64877158E-02 0.493436694 0.329216361
 22 -1.86384428 1.42517412 0.689702809 -0.169109523
 23 -0.675553203 0.643034577 -1.55243468 -0.416301429
 24 -3.34315300E-02 0.969197333 -0.994792759 -0.673258364
 25 0.305596232 0.504113555 0.541815877 0.223936558
 26 -0.449431658 -0.591593266 -1.00611699 -0.383426011
 27 -0.294073820 -1.78912997 -1.36147213 -0.261002600
 28 0.781425118 -0.626602888 0.246838331 -1.04050410
 29 -2.51148129 -0.148937136 0.135978967 -7.88351521E-02
 30 -1.83153844 0.246544600 0.329167843 -0.569624007
 31 -1.18355727 -1.50492120 -0.562100351 -0.689450860
 32 0.366118461 0.470020741 0.857691944 -0.120603517
 33 -0.204056233 1.13558149 -9.06280130E-02 -1.29360557
 34 0.208980918 1.29499114 0.619560301 -0.897043645
 35 -0.223180830 -1.14490533 1.31693041 -0.708191216
 36 -1.00394702 0.687053800 -0.269480765 -0.249120623
 37 -1.61277866 1.00027227 -6.95115477E-02 -0.180761755
 38 6.21293448E-02 -0.995181441 -1.10280716 -0.314916253
 39 -0.828706205 2.45220470 0.284255892 -0.557349324
 40 -0.268583179 0.506605566 1.08302939 -0.140132353
 41 0.381303906 -1.37836599 -0.841882229 -0.739642620
 42 -0.540469170 0.834569037 0.986704469 -0.732815385
 43 -0.956433535 0.895350635 1.30028272 1.85240352
 44 0.289269269 -1.44475281 0.742614031 -1.24772358
 45 0.303461224 -1.91065133 0.868172646 -0.144153029
 46 -0.286210477 2.47179198 -0.596011281 -0.989196539
 47 -1.40842378 -0.470795870 0.720077634 -0.156024158
 48 -9.91391093E-02 -1.72475660 0.325521231 0.222396135
 49 -0.551776290 0.173834249 -2.10312939 1.13509274
 50 2.00724125 -1.77204311E-02 1.74827315E-02 -1.34069216
 51 -0.552681983 -1.10602283 0.216126025 0.750722766
 52 0.942816138 0.532441139 1.38276148 0.944628775
 53 -0.160495028 2.70832968 2.17901543E-02 -0.151956216
 54 7.77846128E-02 -0.750635743 0.175186455 -2.42900550E-02
 55 -0.662294567 1.68547428 -0.234731317 -0.495108992
 56 0.612365365 0.626154304 0.721383929 -0.528192461
 57 -0.600207150 1.36574721 -1.07168972 -8.97527188E-02
 58 -0.582550526 -2.00638342 0.953591049 -1.09132278
 59 -0.741358161 1.03789830 -0.268709570 -8.01455677E-02
 60 0.414956182 0.155096114 -0.237161249 -1.37657607
 61 0.911080837 1.32760978 -0.134597212 -5.77148646E-02
 62 -0.493840158 -1.89215481 -1.26620317 -8.91457796E-02
 63 0.821699679 1.33950472 0.288164318 0.152334034
 64 -0.581342280 0.297564238 -0.555856586 -7.69173428E-02
 65 -0.545884073 1.67579627 -0.154110536 -0.814943254
 66 -0.857070267 -0.258903682 0.632634997 -0.476842701
 67 1.18573260 0.474523604 0.756175339 -0.721748114
 68 -0.882327676 2.86174703 0.709022701 -0.887527645
 69 0.268866450 -1.11044526 -0.885899901 -1.98151708
 70 -0.311166674 1.64892864 0.542144716 -0.479489297
 71 0.587334871 -1.84014058 -0.970445514 -0.289106935
 72 1.05639547E-03 2.37101531 -0.555157661 1.06963170
 73 -3.46484482E-02 0.407133877 1.43867350 -0.279217154
 74 0.171932012 -0.740015030 -0.784953117 -0.932386041
 75 -0.473974526 0.515193105 -0.320184410 -0.593308806
 76 -0.519873202 1.59683502 1.04408050 -1.11045587
 77 -1.20194352 7.73587525E-02 -0.278584003 -2.51209885E-02
 78 0.118486747 1.66856027 0.128919870 -0.950185895
 79 -0.637209296 -1.46921539 -0.414408505 -0.917408705
 80 -0.766496062 0.827687442 0.430608809 -0.765584171
 81 0.217827439 -1.13306189 -0.509746611 -0.899074614
 82 -0.360619128 -1.00134349 0.256262183 4.87001166E-02
 83 0.521619618 1.24180996 1.89201689 5.60536459E-02
 84 1.14530027 -0.130827934 -1.09391069 -0.819316447
 85 -1.08956981 -0.140173659 1.65158701 -0.326756358
 86 0.424379110 1.48949409 1.30420542 -0.297110111
 87 0.662231028 -0.103407919 -0.582877278 -0.500750422
 88 0.183046177 -2.14132667E-03 0.576842546 3.05323899E-02
 89 0.328902930 -2.23190486E-02 0.510310233 -0.879840374
 90 -0.232330799 0.241545916 -1.31928585E-02 -0.601539433
 91 -1.00833631 1.81997538 0.212753341 -1.02191496
 92 -6.07590228E-02 1.08178842 -0.209472507 3.91635559E-02
 93 0.826807559 0.459760457 -0.460345477 -1.01360095
 94 4.52080667E-02 -0.468935341 -0.768501103 0.761697233
 95 -0.893408537 -0.145622790 -1.51620328 -0.877206802
 96 0.503090024 5.46776950E-02 -0.601601183 -0.804777682
 97 0.462158561 7.10629076E-02 6.41998649E-02 -0.898898840
 98 0.293350279 1.47234905 -6.91358745E-03 -0.676999927
 99 -9.16084498E-02 0.605611980 -0.453328967 -1.91548121
 100 -1.35915887 0.423483372 0.864427984 -0.731084228
 101 -0.304996401 -1.08294034 0.131821632 0.156209111
 102 -0.403454572 0.451497555 0.363312244 -0.737465143
 103 -1.09940672 1.68844390 -0.935583174 0.331396669
 104 0.483528733 -0.947224617 -0.481049120 -0.402963281
 105 0.821440041 1.01830447 1.48736489 -1.85147107
 106 -0.548841357 -0.716055274 0.266847134 -0.731487691
 107 1.83971179 -0.837628245 -0.556597948 -0.948457301
 108 -1.00455475 0.405460060 -1.53510022 -0.481338829
 109 1.61281526 -5.06563187E-02 0.387183011 -0.162349105
 110 0.186070800 1.22850466 -0.686745703 -0.736237407
 111 -0.239835978 0.371318161 -0.700232267 -0.294780076
 112 0.495730609 1.10257244 1.00487316 -0.724032700
 113 0.722486019 -7.08319098E-02 -0.189048201 -6.02919906E-02
 114 3.62748057E-02 -0.490652561 -1.10937631 -0.432939887
 115 1.68275088E-02 -0.415650457 -1.09933162 -0.632938027
 116 -0.226682842 0.790254116 0.329667777 9.82690081E-02
 117 -0.543802619 -0.364690989 -0.977173090 -0.568707824
 118 -0.250605702 0.819552839 -0.637151182 -0.782739520
 119 -1.59987062E-02 -0.374451160 0.824270964 0.382029384
 120 -0.874308586 1.50713551 -0.256214380 0.373901188
 121 1.05941701 -0.532116830 -2.35856605 -1.04321051
 122 -9.10237730E-02 -0.653331757 -1.12241793 -1.06709170
 123 -0.602755427 0.354886502 0.324590772 -1.31185675
 124 1.37180448 1.40911925 -0.403160334 -1.11893010
 125 -1.56801760 -0.329170376 1.38222158 -0.204699844
 126 -0.228635624 -2.79441071 -0.932536423 -1.34257841
 127 -1.01684451 -0.983399391 0.942419171 -0.414071113
 128 0.477785677 0.234505475 -0.495539546 -0.493209064
 129 1.58980787E-02 -0.452744395 0.540224135 -0.602869868
 130 -0.240779191 -1.87975585 0.663179874 -0.316312790
 131 1.21879172 1.04772699 -0.548402727 -0.884823680
 132 -0.461779207 0.997010171 0.149881735 -0.235100880
 133 -1.80687559 -0.939635754 0.793290973 -0.221374154
 134 0.507289290 0.112786472 0.595089555 -1.32270396
 135 -1.42506623 -1.00991249 0.599609971 -0.201796189
 136 1.44785643 -0.996091962 -0.202797145 -0.715613127
 137 0.599918127 0.712372899 -0.463154852 -0.837887645
 138 0.342983127 -0.777095497 0.934544981 0.611286402
 139 -2.86754179 -1.49104559 -0.258278549 -0.450748205
 140 1.54767811 0.154724479 -0.295415044 0.705589354
 141 -0.801545918 0.380855799 -0.242547855 -0.694724023
 142 -1.79738140 0.989941776 0.518830419 -1.34072232
 143 -1.69425607 1.10022128E-02 -1.28452551 -0.301794827
 144 0.564317226 -9.39533040E-02 -0.217190012 -0.668481231
 145 7.20605031E-02 0.603329182 0.122174531 -0.680202663
 146 0.135949433 -0.704207718 -1.23433447 3.47002000E-02
 147 -0.165577427 2.08877373 -6.98536932E-02 9.73781385E-03
 148 -0.635449290 1.02418292 -0.755969942 -0.958484352
 149 -0.911516547 0.280598700 -0.870270491 -0.135480136
 150 -1.46657419 -1.26495647 0.326115787 0.182156622
 151 0.599750817 -1.53816760 -0.395292044 -0.392360270
 152 0.664225638 0.971262991 -0.239340067 -1.43165612
 153 -0.946194947 0.356901795 0.837686837 -0.909610748
 154 -0.898243308 0.131445885 -0.953508258 0.560556471
 155 0.687263310 0.703610420 0.491236806 -0.250244051
 156 0.436053336 0.633101106 0.301869124 -1.05427468
 157 0.840476930 -0.959281027 0.108210400 0.606616795
 158 -0.811311960 1.01778007 -1.16248345 0.504154384
 159 -1.52099693 -3.02925968 -1.74360979 -0.210481569
 160 3.70639339E-02 0.689086795 0.353314340 -1.32875872
 161 -0.810224414 2.67061377 0.226806819 -0.374923944
 162 -0.878238797 -0.336542308 -1.58003438 -0.266157895
 163 0.694186687 1.73504639 1.32079792 -0.482147604
 164 0.440387428 -6.81805909E-02 0.611719012 -0.318957031
 165 -0.675461292 -0.445734978 -0.490177453 -0.189416334
 166 8.55971947E-02 0.136600211 1.06938493 -0.648155272
 167 0.375078648 2.26867342 1.57637966 0.583981991
 168 -0.210843489 -1.51268196 -0.926341355 -0.259411603
 169 -1.35659456 1.18481874 9.85082611E-03 -0.723322392
 170 1.51718390 0.910684705 8.13914537E-02 -0.315828383
 171 0.476738870 -0.557205141 1.00092244 -0.298690617
 172 0.205119058 0.545102775 0.949934602 -1.19125605
 173 0.400158554 7.20100254E-02 -0.283127457 -0.727731109
 174 0.664954424 0.385463238 1.73402762 0.666548312
 175 -4.43260819E-02 -0.258897632 -0.244499132 -0.781539083
 176 -0.143561617 -2.24238372 0.377419114 0.626930118
 177 0.242680371 0.578628302 -0.483991146 -0.792282045
 178 -2.20041442 2.06056857 0.966837049 -0.737656951
 179 0.216983080 1.87941432 0.291079104 -0.760393023
 180 0.499620616 -9.47922170E-02 0.449220836 -0.844666719
 181 -0.185929269 1.42215383 0.437515557 -1.58729172
 182 -1.04820263 -1.91049278E-02 0.613737345 -0.226208538
 183 0.712404609 2.23257422 -1.15570211 -1.12596226
 184 1.64901233 5.95620722E-02 1.29683065 -0.378912240
 185 1.15940177 1.40607238 5.65007664E-02 -1.63335657
 186 -0.121089876 -1.46098149 0.888273358 0.333099246
 187 0.765812159 -0.332486898 -0.226389423 -1.35916209
 188 -0.830049634 0.346135825 -0.530887485 -4.12078090E-02
 189 7.82045871E-02 0.204767495 1.54448748 -0.371872008
 190 -0.597701550 1.42551231 0.165925711 -0.115508400
 191 -2.37576628 0.874681175 1.45530128 -1.78593183
 192 0.985161602 -1.35710239 -0.454068661 -0.138192698
 193 -1.44924212 -1.58988452 -4.29889113E-02 -0.491497666
 194 -1.23739950E-02 0.113513947 0.968173683 -0.102000810
 195 -0.293479323 1.22703862 1.00488949 -0.857434988
 196 -1.00366092 -1.89597189 0.761343479 -0.783813536
 197 -1.31828845 0.201659590 0.706343114 0.499728799
 198 -1.22188401 0.827632368 0.565186262 0.740763307
 199 -1.45152104 -1.94124568 0.454003334 0.214683056
 200 -0.611599326 1.67988849 0.132605672 2.15338245E-02
 201 0.538582027 -9.49135423E-02 0.450599283 0.391654462
 202 0.131546661 1.77902126 1.51078749 7.33230039E-02
 203 -1.11649394 -0.192676663 1.04155719 -0.241317913
 204 -1.05203295 1.12796986 -0.458304286 -0.931389034
 205 0.928159654 2.88122797 0.306787193 -2.64248624E-02
 206 -0.278300196 0.589786172 0.291067481 0.474291474
 207 3.64248678E-02 -9.71097946E-02 -0.500259042 1.03716695
 208 6.54037446E-02 0.483851820 -0.884584010 -0.216399416
 209 0.394807220 0.995342612 0.138210759 -0.232012570
 210 0.704142690 0.830672741 -0.321557403 -0.348815620
 211 -0.823540151 0.239365637 -0.485619247 -1.26225603
 212 -1.04726553 -0.515524805 0.678599060 -0.343632907
 213 -0.413156092 0.966548324 -0.357628405 -0.630562663
 214 -3.54024097E-02 -0.518131495 0.430905372 -8.10315758E-02
 215 0.537716329 -0.378071487 -0.191278011 -0.838109970
 216 -0.133565277 -1.45909905 0.241484791 -0.463643491
 217 -0.522599697 2.47727919 -0.890494406 -0.578038692
 218 0.290819287 -0.236385047 0.565680206 -0.137245297
 219 -1.28521770E-02 0.395438671 -0.537813425 -0.152510986
 220 -0.184265718 1.05100048 -2.14702344 -0.541509211
 221 -0.450347483 -2.39027905 -1.58360672 -1.35900569
 222 -0.296981990 -0.277822435 0.650327742 -9.61115658E-02
 223 -1.28519368 -0.587782204 -0.382075906 -0.803277552
 224 0.204890609 -0.462451160 0.324463069 4.27800119E-02
 225 1.18994451 1.15060890 0.244422853 -1.35778916
 226 -0.165115476 -0.162951052 0.196301609 -0.880112052
 227 0.205555305 -0.776660621 -1.06691623 0.215542331
 228 0.740209818 -1.62926912E-02 1.25194979 0.104399361
 229 -4.10597287E-02 0.270391554 0.482935846 0.442654401
 230 0.223939791 -2.68806458 1.03053153 -0.441974729
 231 -2.57240236E-02 -1.52672541 -1.56092644 0.413197279
 232 -0.493669420 1.33860540 0.438217580 -0.318077952
 233 -0.161952704 0.824416757 1.11019135 -0.113392502
 234 0.515854657 0.442544281 -1.08889592 -0.566981256
 235 -0.246461481 -1.41821826 0.474049300 0.110699348
 236 -0.461584300 -0.779557824 0.582797885 -0.750998616
 237 -1.38705325 0.253686041 2.08059102E-02 -0.201919168
 238 0.573059380 -1.78857386 1.27704537 -0.595439315
 239 -0.831704795 0.793669105 -0.235495046 -0.104289226
 240 0.177528590 1.42023396 -0.592817366 -0.382653415
 241 -9.59194005E-02 0.257239223 -8.17918256E-02 -9.34342146E-02
 242 -1.24723434 -0.245446116 -0.213260978 -5.14306687E-02
 243 0.868595481 0.929010034 0.893050671 -1.42726851
 244 -0.614485145 -1.08630478 -0.722322941 -6.43472224E-02
 245 -0.683782220 -1.85976052 0.819465637 0.489033282
 246 4.63708639E-02 -1.19047546 1.45078397 -1.24064577
 247 -1.51519328E-02 -1.44988465 1.16824734 0.599414170
 248 -0.529921710 -1.09141803 1.42283022 0.148851469
 249 -1.73020732 0.105789959 0.189400077 0.428963840
 250 0.959604144 0.120942682 0.188245609 -1.47937560
 251 -1.00153220 0.643569469 0.333839476 0.644397318
 252 -0.675008953 -1.30117571 6.49849027E-02 4.54364344E-02
 253 -1.07147145 -1.21155918 0.446218431 0.727497220
 254 -0.726561785 1.18737650 0.457941860 -0.196865261
 255 0.463041037 0.500939012 -1.42002833 -0.104681134
 256 -0.532265306 -0.352847755 -1.23485506 -1.28074145
 257 0.418093860 0.660097599 0.409476936 -0.679539263
 258 0.918920398 0.578431427 -1.05376601 -0.965197384
 259 0.526319087 -0.450029731 0.333609730 -0.988990247
 260 0.417281091 -5.62374108E-03 -0.790300786 1.22892201
 261 1.36348164 -0.508859336 1.58926618 -0.695526361
 262 0.258265525 0.408393532 -0.561797619 -0.292931557
 263 -0.579380453 -1.03919423 2.01255226 -0.288356662
 264 0.894451499 0.451759934 -2.86514293E-02 -0.367057264
 265 -1.92712247E-02 0.717506945 0.341831416 -0.998122275
 266 -9.82529223E-02 1.44212532 -0.720541000 -0.127621323
 267 0.777178466 -0.977595448 -0.225097165 -0.743967772
 268 -0.798890710 0.545949697 -0.603393376 0.678499579
 269 -0.521608472 0.157914907 -0.188944906 -0.233596444
 270 -0.989035070 0.652478933 1.37885809 -0.848497927
 271 -0.123874664 -0.888669014 -0.424973130 -1.05333459
 272 1.30767512 -1.03571367 -0.984088898 -1.32419944
 273 0.796181083 0.798112392 -5.57146221E-02 -0.562832594
 274 1.20540750 -0.852226436 0.979638219 -6.09365813E-02
 275 0.443734765 -0.727609277 0.945355237 -1.08254147
 276 0.935734689 0.676136255 -0.234153435 -0.169086114
 277 0.136849418 -0.966661692 2.06384945 -0.820114613
 278 0.555653870 0.541766942 0.339908659 -0.442989647
 279 -1.38423741E-02 0.790806115 -5.30774146E-02 -0.765274405
 280 0.390433311 0.153651774 0.911297917 -0.690201402
 281 0.621689200 -1.16684425 0.891867042 -1.63877642
 282 -1.22458684 -6.51586503E-02 1.26473761 3.77368629E-02
 283 1.43316507 0.721894562 0.192837879 -0.601054370
 284 -1.33695602E-02 0.919023275 1.23064935 -9.53874588E-02
 285 0.459240884 1.18517077 -0.848826349 2.48001795E-02
 286 0.584669948 -1.54751468 0.532836139 -0.588287473
 287 -1.68310702 -0.203646228 0.218618870 0.973671317
 288 -0.121088043 2.44948936 -0.264725506 -0.431261957
 289 0.256656051 0.427699983 -0.410856098 -0.680459797
 290 0.257609755 -0.883531332 0.593433619 -0.776620507
 291 -1.68669367 0.438927948 0.525742829 0.724237144
 292 -0.481079251 -0.870661914 1.40722036 -0.193632498
 293 0.744009972 -1.01845896 -0.835255682 -0.209463224
 294 0.473985463 0.412762791 0.411141992 -0.219579548
 295 -1.71339929 1.87296951 -0.616695940 -0.553501070
 296 1.45290709 -0.164606750 0.391433179 -3.94084528E-02
 297 1.77010942 0.721599817 0.183790088 -1.32142067
 298 0.196668208 0.641593695 -0.123569772 -0.700584769
 299 1.24679589 1.51927876 -0.324595511 -0.695089221
 300 -0.581926525 -0.329622030 0.362626135 0.438337862
 301 -0.171910197 -1.37045777 0.407686174 -4.13884372E-02
 302 0.275446951 -2.26137090 -1.07204545 5.65216411E-03
 303 0.414822817 0.137278885 9.41670984E-02 -0.123340964
 304 -1.36073101 1.48391938 5.05922213E-02 -1.49085331
 305 -0.303226411 1.30127692 1.73627996 -0.836355686
 306 -0.974191546 -0.959125519 0.182120815 -0.995854437
 307 -1.92644501 9.76067781E-03 0.271930665 -0.756629705
 308 0.581472695 -0.736139774 0.204916596 1.06777775
 309 0.655570745 -1.15114057 1.32375848 -0.353252500
 310 -0.721560955 0.654297769 1.64917850 0.715899467
 311 -0.121855304 -0.321376145 0.201274633 -0.158476546
 312 0.887203932 -1.36790788 -0.958087504 0.200602904
 313 0.185586601 1.78559458 0.222721219 -0.758865237
 314 -0.910749137 -0.773433149 1.04385662 -0.654491544
 315 -0.862700224 -0.852639794 -1.03161335E-02 -8.10268223E-02
 316 -1.04286611 0.211521164 -0.683144927 -0.528536797
 317 1.10171378 -2.06959319 -0.608047485 -0.750851810
 318 1.99618196 -0.701889753 -0.377060235 0.459383249
 319 -0.354285926 -0.113391943 -0.160887837 -1.56690574
 320 0.420987993 -0.800607920 0.524294674 -0.327850908
 321 -0.650188923 -0.718531668 -0.307217300 0.169290364
 322 -1.11670280 0.531476974 1.53548527 -3.56527157E-02
 323 1.26441646 -0.353173971 -0.509740829 -0.854455471
 324 -0.601644397 0.719334185 0.152993292 -0.527761817
 325 -8.72686505E-02 -2.61952615 0.479336053 -9.28910896E-02
 326 1.43279910 -0.266665995 0.118748568 -0.771919668
 327 -0.255036265 0.268205553 1.27500010 -1.28336680
 328 -0.756963372 -9.23896432E-02 -0.567590475 -0.187214360
 329 -0.894330859 -6.33762330E-02 7.15692118E-02 -0.647774041
 330 0.235992804 1.68709850 0.939630091 0.442077845
 331 -8.00076127E-03 -1.33255649 1.06874859 5.67643195E-02
 332 -2.09708762 1.00374711 0.835040033 -0.481293857
 333 -1.27064562 -1.20298302 0.369611919 0.806950092
 334 0.296828777 -3.75366434E-02 0.299931347 -0.711367905
 335 0.535128772 -0.720887542 -8.52903575E-02 -0.750573158
 336 -1.40891969 -9.78382900E-02 -0.208086967 0.358079314
 337 0.111172557 -1.36014235 -0.442714244 -0.752316892
 338 1.45071423 0.581231415 -0.679055214 -1.78805590
 339 0.502675116 -8.44048485E-02 0.500220239 -0.849200368
 340 -0.289193332 1.15013683 1.16463077 -1.43274605
 341 0.455946743 -0.754804671 -0.756380320 -0.828588605
 342 0.201637059 -5.26116490E-02 -1.83095050 -0.242940277
 343 0.624603152 0.629801869 -0.557019711 -0.289128512
 344 0.957134008 0.363888144 0.671695530 0.840006173
 345 -0.484373331 0.731507957 1.29269624 0.535675168
 346 -1.45253360 -0.515728712 -2.01844430 -0.688323200
 347 0.501503944 2.85053515 0.682999730 1.13143897
 348 1.11855078 -0.583777606 -1.07898998 -0.579201758
 349 -3.80694866E-03 -1.43629253 -3.46789137E-02 0.329832673
 350 1.78186452 -1.64472723 0.353104055 0.110032417
 351 -1.01180184 0.781609654 -2.00148869 -0.812085629
 352 -0.287180573 -0.829756021 0.211220562 8.25544596E-02
 353 1.00465751 -0.999508917 -0.729744136 0.679728627
 354 -0.289818645 -8.71023461E-02 0.447867125 0.324747562
 355 0.991531610 0.281351119 1.12294984 0.635212779
 356 -0.587296486 -0.338827103 0.742149234 1.02678812
 357 0.356067240 0.697896242 0.859256506 -0.479948282
 358 -1.23990202 -0.649043858 0.954312921 0.793324769
 359 0.914930046 1.27429247 0.674207151 -0.354640424
 360 0.607603669 -1.41794884 -0.876606464 -0.767719984
 361 -0.458136618 0.636636853 1.44587266 -5.67525625E-04
 362 -0.594989538 0.220969737 -0.592169225 -1.08679271
 363 -1.00255096 1.76630151 0.459722847 -0.512771606
 364 -1.70833492 1.67198265 -0.471099913 -6.66810274E-02
 365 -1.08407521 -0.149225533 -0.537858069 -0.566635251
 366 -0.485776007 -0.649944186 -1.77510595 0.583502948
 367 -2.25973463 0.571544468 0.981942654 -1.14882231
 368 -0.863229394 0.380738586 0.405769438 0.340540946
 369 -2.29675984 0.772877574 -0.877519250 -0.862651765
 370 2.61224842 0.695312023 -0.853617609 0.299083382
 371 6.12706244E-02 1.10601473 -8.56471807E-02 -0.542273939
 372 -0.355739951 0.392455876 0.662270725 -2.83536352E-02
 373 -0.355890185 -1.31637955 -0.822518706 -0.754200339
 374 0.985030115 -1.85657501 -0.630456746 0.603929996
 375 -2.17179775 0.360081077 -0.835693836 -0.233418599
 376 -0.649646044 -1.67413116 -1.13142538 -1.26699436
 377 -1.55184424 -0.881227851 8.95108208E-02 -1.42479753
 378 -1.22143435 -0.872569263 -0.206720814 -0.744489431
 379 0.288134515 -0.593930960 0.245689660 -0.381681383
 380 -1.33172262 -0.135402709 -0.163726673 -1.12757671
 381 -0.203940511 -1.80242836 -0.849013150 -0.181972831
 382 -0.147124693 0.309275687 -0.532742381 -1.49847996
 383 -1.61956024 -1.56807184 -0.748462737 -0.709227502
 384 0.793795347 1.08466411 0.554940164 -0.971030354
 385 -0.609394670 -0.417255372 8.41940343E-02 -0.254723936
 386 -0.752876997 0.110036016 0.383887082 1.23178613
 387 -0.751187027 -0.654041290 -0.254491419 -0.774571717
 388 0.172837377 1.89791775 -0.486504734 -0.822759807
 389 -0.499366134 -0.691920757 -0.981221378 -1.51758194
 390 -1.03061724 1.60727108 0.535927057 -0.949983478
 391 -0.468560517 1.83319747E-02 0.461794019 -1.14715123
 392 -2.13203621 -0.225676388 0.242203206 -5.84656447E-02
 393 -1.11892712 -1.60941243 0.300805688 -1.47139728
 394 -0.796088219 1.46050489 1.40248311 0.303067386
 395 1.33870649 1.25200045 0.769371271 1.22324300
 396 -1.13405490 -7.50864148E-02 0.477922380 -0.676225781
 397 -5.01756147E-02 -0.493084967 -0.276078910 -0.277063757
 398 -0.799650609 0.814072192 -0.188003972 -0.577982306
 399 -0.132091478 -0.963857174 -0.510608852 -1.43374395
 400 3.49053368E-03 -2.12404370 -0.350163639 -2.10706890E-02
 401 -0.778230190 -1.95795262 -0.188809514 -0.191315919
 402 -1.51610947 -0.940373659 0.146162450 -0.454875946
 403 0.727657914 0.114357904 -0.855392456 -0.349855572
 404 -0.757197499 -0.915244401 5.09591661E-02 -0.873849869
 405 1.10203528 -1.03301203 0.847046852 -0.316918939
 406 -0.837367475 0.496441573 1.88897049 0.517313480
 407 -1.29914272 0.327803016 0.339700878 -0.159856424
 408 -1.57924449 -0.190014511 0.620563447 -0.772348344
 409 -0.371687859 -0.707089722 -0.791545391 -0.644041061
 410 -5.48587181E-02 -0.529496312 3.78353894E-02 -1.51326215
 411 -1.04097152 0.117815576 -0.473760098 -4.77350652E-02
 412 -0.235716492 -0.111388355 0.840799510 -1.72321212
 413 1.83888078 -1.14687264 0.665955305 0.423318863
 414 -1.23319936 7.57861137E-03 -0.546087086 -0.867012084
 415 -0.658220649 1.48040259 -0.928189099 -0.378525674
 416 -1.67835259 -0.825971842 -1.19878912 0.646641374
 417 0.526529193 0.197299495 -0.542347789 -0.584039330
 418 0.857315779 0.571075439 0.218483254 -1.30541062
 419 0.734235525 -5.85471466E-02 0.251721114 -0.607649803
 420 0.302954882 -0.868352413 0.426272511 0.497572362
 421 -1.66610789 -0.104347162 0.713397264 -0.171293765
 422 -0.447569400 -4.79024351E-02 0.228946880 -9.35438350E-02
 423 -2.20266366 0.189729601 -0.861348987 -1.42733335
 424 1.39233917E-02 0.148664564 0.964174926 1.20705116
 425 -0.643545270 0.134120822 -0.299732596 1.21952808
 426 -0.348907530 -0.532352328 0.562122464 -0.753803492
 427 -1.61701858 -8.86891633E-02 -6.19561523E-02 5.17957956E-02
 428 0.322274983 -0.147086322 -0.853858888 -1.04648411
 429 -2.94611640E-02 -1.02774978 0.449567616 -0.620765269
 430 5.49554005E-02 0.744829535 -1.18411851 0.343566269
 431 -0.822118223 -1.70436001 -1.27872181 -0.844047427
 432 -1.59123743 -0.244645685 1.42043102 -0.133679271
 433 0.492596626 0.164088324 2.08298373 1.02790773
 434 -1.12001240 -0.809476912 -0.586330175 0.406595916
 435 -1.07248545 -0.141559005 -0.112710379 -1.02402639
 436 -1.02710891 -0.957860768 -0.947527885 -0.669093966
 437 -1.21856022 5.00546210E-02 0.736418664 -0.910905480
 438 -0.950265765 -0.379661322 -0.403121114 -0.576257110
 439 -2.02190518 -0.802667856 0.455345333 -0.799855292
 440 -1.64117122 -0.473522276 0.330371618 -1.83078063
 441 0.350741208 1.79457188 0.304289103 -0.213112772
 442 -0.289740354 0.240256310 1.39209390 -1.15279615
 443 -0.785604298 0.176041067 -0.874151170 0.398412168
 444 0.235892445 -0.619789183 -1.26910496 -0.330805719
 445 0.652976155 0.242544174 0.242307231 -1.88203108
 446 -0.647676647 0.933334649 0.385478735 -3.36798579E-02
 447 -0.540890992 1.89044714 -1.10155499 -0.306156784
 448 -1.10148311 1.47039235 1.45997703 -0.981101036
 449 -0.424954116 -0.105960816 1.16369677 -2.11394453
 450 0.513277411 0.673576772 0.327521801 0.483923435
 451 -0.577927351 1.61483574 -0.154615596 -0.930665374
 452 -1.31263864 -0.672589779 -0.227489099 -0.927958727
 453 -0.265008271 -0.709406316 1.88521218 -0.105931461
 454 -0.316748530 -0.307035625 -0.509102225 -0.115809307
 455 -1.01408613 -0.998442292 0.512528300 -0.223769099
 456 -1.14483631 1.31758022 -0.314934671 -0.280845314
 457 -2.28736210 0.685745180 -0.113986254 -0.951781750
 458 0.560260296 -0.600266099 0.601605296 -1.42374635
 459 0.593449354 0.342545092 -0.393346965 -1.47432101
 460 -0.710329294 -0.163204193 -2.17016265E-02 -1.33543146
 461 -1.02015555 -0.302664161 2.15229607 -0.146258116
 462 -0.178000495 0.591802895 1.71570086 -0.186553508
 463 -1.18818986 -1.00984418 -0.160925880 -1.51676154
 464 -1.56212616 -0.164953947 -1.09053874 0.229316860
 465 -0.465326250 -0.386413395 -8.34733695E-02 -1.44395018
 466 -0.565985620 1.08678901 1.13568914 -1.02481917E-02
 467 -0.159783214 -0.690367818 0.335023284 -0.322378963
 468 -0.208836898 -1.89646840 0.297351390 -1.14080906E-02
 469 -0.423361927 0.168718070 -0.906014740 0.862938881
 470 -0.634691417 1.84532255E-02 -1.38080859 -1.41211259
 471 -2.70744634 -0.221728459 -0.345368207 -1.01134753
 472 -0.668007791 0.144417897 -0.614860892 -0.149576545
 473 0.704116166 -0.453714788 -1.65430009 -0.354597658
 474 0.864576817 -0.546581745 -9.08106640E-02 0.735140681
 475 -0.746913016 1.42928195 -0.622244239 6.02764860E-02
 476 3.83662581E-02 -1.77748501E-02 0.870454371 -1.30748117
 477 -1.34814262 -0.283578247 -0.423268646 -0.524669051
 478 -0.394864500 -0.937953949 1.01155353 -4.53105271E-02
 479 7.28430599E-02 -0.924323499 -0.437527925 0.642336607
 480 -1.13001037 0.476049274 0.198187217 -1.49336922
 481 1.07958055 0.385197997 0.110896051 0.620995104
 482 -7.54416585E-02 1.15238953 0.761850893 -0.912128985
 483 -0.574211478 -1.20234394 9.57908332E-02 -0.883944631
 484 -0.966871023 -0.106068835 -0.602974772 -1.30994630
 485 -0.185119197 2.15865374E-02 1.10514128 0.908933222
 486 0.784275770 -0.686634004 -0.930205405 -0.276175439
 487 -2.12076569 -0.606645823 -0.943471551 -0.645429015
 488 1.04058325 1.14457285 0.268782079 -1.40668905
 489 -1.45698738 0.709776700 -0.933057189 -0.335983396
 490 2.38930607 -7.74437487E-02 -0.339981377 0.480922997
 491 -1.77243662 1.75840366 -0.299627930 -0.238028407
 492 1.30429316 0.492969334 1.29074562 -1.33325934
 493 -2.51933742 -0.823782682 -1.05918705 -1.34048700
 494 0.173234731 -0.783760190 0.223191336 0.338786066
 495 0.690600455 -1.33520746 -0.434695840 -0.801089942
 496 -0.168140590 0.856457531 0.790948868 -0.838313103
 497 -1.05186737 -0.474556684 -7.22953677E-03 -0.297912896
 498 4.73923385E-02 0.520890534 -0.361391217 -0.512036681
 499 0.246223420 0.238874108 -0.181312323 -1.43883562
 500 -9.44519937E-02 -8.92258212E-02 -0.999172211 -0.853671968
 501 -0.673478007 0.136628717 -0.735530615 -0.891764164
 502 0.126572013 1.01910281 0.507836342 -0.838266432
 503 0.638875842 -0.325287253 0.655613899 -0.785372913
 504 0.186977044 -0.174486309 1.06341672 -1.17390025
 505 -2.26027179 -0.250292689 -0.930189013 -1.54217744
 506 1.46657968 0.450045109 -1.12716711 -1.26166284
 507 0.501664639 -1.01591444 -0.634089828 -0.274930358
 508 -2.12229109 -0.379939586 -6.63048327E-02 -0.980964422
 509 -0.400013983 0.721149504 0.896730661 -0.181701899
 510 0.828696609 -2.98849195E-02 1.04064512 -0.185665444
 511 -2.67486215 -1.08623254 -0.455197841 -1.03620267
 512 1.01454508 -0.905401468 -1.08239388 -0.223706082
 513 -0.523830771 -0.231993705 0.720931590 -0.374154121
 514 -0.764909387 -0.150742516 -7.43490458E-03 0.930941999
 515 -0.316552132 0.869108438 -0.115322083 -0.993987620
 516 -0.648194373 -0.411899030 6.21181875E-02 -0.259362847
 517 2.40220129E-03 1.61916840 0.674878359 -0.180517286
 518 0.846331179 0.798005998 4.23215926E-02 7.31915385E-02
 519 -8.14527422E-02 -0.238094077 -1.59655547 -0.577711523
 520 0.529525220 -0.826927662 0.390811265 1.14400411
 521 9.47210640E-02 0.749009371 -0.965194345 0.134908378
 522 0.257399827 0.509214401 0.510124683 -0.224420816
 523 -0.384771466 1.74846983 -0.210083276 -0.264382780
 524 -2.20320034 -0.986520350 -0.731501341 -0.694302857
 525 0.686406016 1.29522967 6.06182665E-02 -0.448943973
 526 -9.00125057E-02 -1.87310958 -1.21132588 -0.559046507
 527 -0.112127706 0.147899911 -0.673163295 0.275868505
 528 -1.22063124 -0.179867029 0.147119105 0.373141557
 529 -1.02256417 -0.365293205 0.400607407 -0.620247841
 530 1.14294899 -0.253342777 -1.34458029 -0.257008225
 531 -0.471065760 -0.112248458 0.172635138 -0.130814955
 532 0.919052839 -0.371807128 0.583059192 0.261492908
 533 -0.287374228 -0.561896980 0.948017180 -0.849904537
 534 0.243944004 -0.398056477 8.49632621E-02 -0.850719810
 535 -1.09551144 1.01134229 2.31269550 -0.665786326
 536 -8.22606683E-02 -1.21807063 -0.282401085 -1.19269681
 537 -0.539759696 1.65970278 1.36462104 -0.290140927
 538 0.634587169 1.30431890 1.70882285 -1.28180587
 539 -0.453602612 -0.630482197 0.211766496 0.432813823
 540 -3.92106697E-02 0.532179892 0.114790395 0.518363237
 541 0.324097693 0.976459742 -0.904100239 0.993378520
 542 -0.839329720 0.109924227 1.35265088 -0.424118727
 543 0.657360673 1.35482776 0.773065031 -0.759197414
 544 -1.36984479 -0.152443126 0.538332105 0.580218434
 545 -0.695345402 0.547015727 -1.64681625 0.816868305
 546 0.172523081 7.13473856E-02 1.71775699 -1.46934593
 547 -0.503396094 -1.31078684 -1.41135299 -0.787730277
 548 -0.308163732 -0.433246911 2.08891928E-02 -1.26775277
 549 0.376426965 -1.96042931 4.91842628E-02 0.101465806
 550 -0.495014012 -0.398192376 -0.844593048 -0.856065214
 551 -0.363657087 -1.71438074 0.440579653 -0.245403022
 552 -0.990588784 0.794200778 1.47040868 -0.386461347
 553 -1.49611807 0.261637241 -4.53821197E-02 -0.893852353
 554 -0.253397316 0.617228150 0.529195130 -1.27207732
 555 -1.19682598 1.20251226 1.17514884 -0.654279828
 556 1.62420070 -1.18321180 0.571879089 -0.113675758
 557 0.458381116 -1.27434731 1.06115186 -0.433177888
 558 -1.19653821 -1.18453515 -0.213440374 -0.217820346
 559 -0.176411301 -0.856292307 1.56761873 2.72388309E-02
 560 -0.663926423 0.600279927 0.137933820 -0.575509012
 561 -0.714809000 0.947071671 1.59758973 -0.746839464
 562 -0.944499373 0.298906207 0.106376037 -1.15763330
 563 -0.543425560 -1.00364518 -0.834031224 8.57050419E-02
 564 -0.604733586 -0.258768141 0.811802864 6.77299872E-02
 565 2.15306449 0.860798836 1.74679542 -8.21277350E-02
 566 0.792128325 -1.21583891 -1.06851375 3.73669863E-02
 567 -1.02683425 1.07821512 -1.15040338 1.42609024
 568 0.378703803 1.00425863 -6.90371767E-02 0.853875399
 569 0.208759546 -1.23271441 -0.428627551 -0.976804912
 570 -1.70662522 1.03634048 0.401995063 -1.81400967
 571 -0.359848261 -0.423423380 -0.531806290 -0.578297019
 572 -0.166223079 -1.06330037 0.552992940 -0.270559400
 573 -0.645199656 1.03031290 1.44446099 -0.993446708
 574 2.22311163 -1.46877420 2.50814891 -0.893598378
 575 1.41882217 -0.617509007 -0.429559112 -0.719765723
 576 -0.162971973 2.01204252 0.899963260 0.117958002
 577 -4.15491909E-02 7.94382319E-02 0.800647497 -0.794902384
 578 4.54364121E-02 0.344782054 0.466180980 -2.11428106E-02
 579 -0.909008026 -0.664312601 -0.130141452 -0.486810416
 580 -0.235654771 0.501602173 0.957724988 0.547413826
 581 -2.53251314 -0.175782412 0.180376723 1.54364014
 582 -1.32561171 0.204019397 0.378342330 0.800993681
 583 1.92239892 0.240358442 6.44279420E-02 0.310721546
 584 -1.52855599 0.279661596 -0.265030712 8.32051337E-02
 585 -0.540574193 0.133825868 0.291315198 -0.247042894
 586 -1.35723686 3.30033898E-02 2.33903074 -2.18107009
 587 -0.142580509 0.309278250 -1.45652914 -0.264256984
 588 1.27900505 1.88149917 0.306472421 -1.14408731
 589 0.481837988 -0.442468822 -0.899822593 -5.48544563E-02
 590 -0.145852700 0.893250346 3.11324410E-02 -1.24823558
 591 -1.59793758 1.31808090 -1.31008077 -0.114426091
 592 -0.302121460 0.161063552 0.353483915 -0.178270459
 593 -0.793597400 0.163285479 -1.29831028 -6.83216453E-02
 594 -0.656156659 -1.52694452 -0.971449018 0.480038285
 595 0.287011713 0.306094348 -0.958547413 -0.275497824
 596 0.179810941 -0.856998444 1.08213222 8.56452063E-02
 597 0.454470575 -1.34392178 1.51517904 0.463768721
 598 1.22292352 1.55409908 0.909213901 -1.21044075
 599 -0.534164548 2.29736638 0.868643999 -0.384545237
 600 1.40857112 -0.463214457 1.18236279 -0.696751058
 601 8.39025080E-02 -0.499370694 1.71387148 0.194514409
 602 -1.27446616 -0.215620637 0.975214064 -0.531400561
 603 0.971015036 -1.71161973 0.436616659 0.607191265
 604 -0.417905450 0.675721467 0.996924877 -0.591634870
 605 -1.58944404 2.68301320 -0.120038196 0.682978630
 606 -1.11058009 -0.176279753 -1.47325718 0.721221566
 607 1.10263646 -0.256650448 -0.368689477 -0.755440533
 608 0.598574936 -0.955594242 0.626825094 -0.906047761
 609 1.24444866 -1.06317425 2.49250793 -0.389187574
 610 -0.778509974 2.31738496 -0.207203209 -3.09323221E-02
 611 0.473667890 1.41162682 0.603498697 -0.971268237
 612 -5.70057631E-02 -0.285588026 1.16828585 -0.197999507
 613 0.952678382 2.09687567 -3.30984890E-02 -0.398397475
 614 0.492076635 0.349060655 -0.374840170 0.560460806
 615 1.24049401 -0.674988806 -2.65647316 -0.144185275
 616 0.209574252 0.393723071 0.477307230 -0.710853577
 617 -1.97028577 0.920730114 0.294459343 0.812026262
 618 0.134856969 -0.554743707 -0.218551934 0.403596252
 619 0.587322950 0.750459433 1.68014812 1.65782487
 620 -0.360543281 -1.50541008 1.76769841 0.407456666
 621 -0.814383686 0.377404213 0.391104311 -0.543515801
 622 -0.375731617 2.63316035E-02 0.271026194 -0.796161473
 623 0.250695825 0.213321716 1.06774127 -0.836028874
 624 -1.52774429 -0.776571333 -0.243448138 -0.715544999
 625 0.130531341 -0.310288042 -0.336744815 -0.631232917
 626 0.557685494 4.51421291E-02 1.03254080 0.926399946
 627 1.11753070 -2.52324939 -0.359945178 -0.583540916
 628 0.703797340 1.04599261 -1.09630302E-02 -0.392347872
 629 -0.279994547 0.626985013 0.439425558 -0.541125774
 630 -2.32841992 -0.748412609 0.456909448 -0.843005180
 631 -0.729848921 0.757310867 1.77860570 0.452248394
 632 0.704252422 0.461856782 0.251027644 -0.638520062
 633 0.902985930 0.827248573 -0.602106452 1.13018453
 634 -0.355961531 -0.316986769 -0.812936723 -0.634854674
 635 -1.20290303 -0.715426147 -0.206654966 0.117326729
 636 -1.01131248 0.205206931 0.804129720 0.293128669
 637 -0.491376221 -0.363068104 1.47441137 1.28623235
 638 -0.974839866 0.623273730 0.345581412 -0.484962463
 639 0.248834774 6.59455806E-02 -0.233432427 1.05161631
 640 -1.09606361 0.977096677 1.52121818 7.79331774E-02
 641 -2.20564413 -0.506402135 0.128789857 0.628822088
 642 -0.602661192 1.57356262E-02 7.00978786E-02 -0.813728094
 643 -0.905852616 1.70199502 -0.273235440 1.63728857
 644 -1.53329706 -0.888472319 9.04308036E-02 -0.474852294
 645 -0.401766181 -0.810218334 0.835594475 -0.170683950
 646 -1.09534979 -1.39820647 -0.790022314 -0.100433365
 647 -0.488985419 0.808197856 1.22214627 0.130404741
 648 -0.331257641 -0.687460959 0.828859568 0.497760504
 649 0.425698310 -1.50981903 1.53106129 -0.810027301
 650 -0.527803361 0.343171567 0.926295638 -0.976600289
 651 0.260604799 1.32930076 1.93963563 -0.870328665
 652 1.38358808 0.736365914 0.362413526 0.541509748
 653 0.804335058 0.105466738 -1.50219297 1.21501672
 654 -0.725695610 1.65154386 -0.238665283 -0.471896440
 655 -0.336478412 0.527164221 -0.138411835 -0.309638947
 656 -2.68241763 0.595252514 1.05481589 -0.199532598
 657 -0.205882475 -0.474962652 1.01046205 -0.686407566
 658 -0.199949741 0.226684913 0.165844142 -0.312500119
 659 -0.917519927 1.58677888 -1.10553277 -1.53968608
 660 -1.62825286E-02 6.59774542E-02 -0.408670843 0.456722200
 661 7.04354122E-02 -0.785595179 -0.560797751 1.22847736
 662 0.695114255 0.749801576 -0.179266870 -1.37838399
 663 -0.263458341 -0.283123255 -0.178393722 0.541306198
 664 1.37971354 1.00996113 -0.439199328 -9.78235751E-02
 665 -2.17849350 -0.854091048 2.62345970E-02 -6.10547625E-02
 666 -0.903166234 -0.383891344 0.676181674 -1.05338657
 667 -3.70321721E-02 -0.558920741 0.753805041 -1.68727124
 668 -1.37015271 -1.12427092 0.732420504 -0.303782970
 669 -0.509882629 -0.607735276 -1.02214348 0.174461007
 670 -0.262627274 0.450086921 0.501117766 0.569395781
 671 1.57380772 -0.158376828 -0.262201697 0.953269064
 672 -1.50654626 0.149259821 -0.280968457 -1.18625307
 673 -0.977449238 -0.183885247 0.141236544 0.342755556
 674 -0.749040127 2.47680694E-02 0.473948836 0.466380596
 675 -0.515161932 -0.416839659 1.54273844 -0.785338759
 676 6.02304451E-02 3.10731554 1.19863302E-02 -0.207337588
 677 0.172803879 -3.63695621E-02 -0.824198484 0.561289489
 678 -0.941317856 0.965576768 0.509754837 -1.40918815
 679 0.511556864 -0.287197053 -1.24994665E-02 -0.636200607
 680 -1.49097681 0.229989514 0.361765683 3.36218178E-02
 681 -1.08952188 -1.22348940 -3.99066508E-02 -5.04130870E-02
 682 -0.389302790 -0.252425641 9.02435184E-02 0.559977889
 683 -0.667322159 0.867439032 -0.879592180 6.30225390E-02
 684 0.250614524 7.73404911E-02 -0.373889774 -0.199471325
 685 9.29948390E-02 0.689934909 0.449304223 0.407334864
 686 -8.02602172E-02 1.56839859 0.693832099 -1.64061499
 687 0.371359825 1.53806281 -0.981640816 0.352746487
 688 -0.134702563 0.560001910 -0.407686055 -1.04594100
 689 0.368260801 -0.811878502 2.26484299 -0.142834529
 690 -0.281121254 -0.873437047 -0.455785394 -0.851958692
 691 4.67379466E-02 2.21301627 -0.125380084 0.525786459
 692 0.777830005 -0.179354414 0.488890231 -0.195676133
 693 0.721548438 -1.17033648 0.628272355 0.495530993
 694 0.866187096 1.77871108 0.376293540 -0.898833334
 695 0.138439134 -5.46973646E-02 0.376989990 1.52281402E-02
 696 -1.08327329 0.297768146 0.786860704 -0.115459681
 697 0.143719167 -0.473497480 -0.445291549 -0.948909581
 698 -0.119707003 2.16315484 1.70237827 -1.90323138
 699 0.889821172 1.11770988 0.592320979 -0.840121686
 700 -1.17274547 -0.127962992 -1.50770807 0.645342469
 701 -2.60916090 -0.167295426 -0.125447080 -0.981407881
 702 -0.776334524 -1.91838801 -0.499948740 0.421709269
 703 0.538218379 0.344997287 -8.56783912E-02 -0.338439345
 704 -1.26615298 0.819283724 -0.393612653 0.396948755
 705 -0.113490954 -0.394713998 -0.297287941 -0.212355703
 706 -1.23093796 -0.122009218 -0.908348918 -1.53884888E-02
 707 -0.412372589 -1.14167786 1.02327192 0.427799195
 708 0.804565310 -0.418176144 0.291290849 0.410055906
 709 0.239723191 1.11765242 -0.129737914 0.907601774
 710 0.706752717 0.617312312 2.75232315 0.439568609
 711 -0.915837467 -4.45161387E-02 -0.253801554 -0.724455357
 712 0.147583991 9.61017683E-02 -1.15799618 0.355886698
 713 0.580988824 -0.538767338 -1.62091637 -0.329617590
 714 -1.58611310 -0.630260587 0.721402764 -3.65907699E-02
 715 -1.30100501 1.93422008 -0.346484631 0.543925464
 716 -0.324403524 1.16763496 0.918742299 -0.798685193
 717 -1.11940515 0.416662723 1.61906099 -0.123029426
 718 -0.952198029 0.960351944 0.255539358 -0.183108613
 719 -2.17181969 0.100740522 0.970132947 -0.563008070
 720 0.397669882 1.06365669 -1.31629682 0.149835348
 721 -1.07644391 -0.120906249 -0.683498383 -2.67865136E-02
 722 -2.39884877 -1.73247445 -0.278584301 -1.30387056
 723 -1.41561604 0.823976874 -0.594275117 -0.833108842
 724 -1.30230188 0.451138347 -7.49763623E-02 -1.40767765
 725 -0.844303608 -3.11297297 -0.771974206 -0.146733299
 726 -0.369391024 -1.83881307 0.176283553 -0.918172956
 727 -1.20366406 -1.07771754 0.709261954 -0.148308516
 728 0.477343351 0.907021284 0.379398048 0.428840280
 729 -0.917125285 0.192592919 -0.295878172 7.53899589E-02
 730 -0.524899721 1.82068634 2.53792834 -0.281688929
 731 -0.251425773 0.266931713 0.459911466 -1.05734980
 732 -0.454231381 0.827324748 -0.493389726 -1.39032757
 733 -0.989589095 0.454476178 1.08460999 -0.171713978
 734 -0.324770391 0.198796630 1.57423913 -0.294055939
 735 1.82399011 -1.17607617 1.02090788 -6.54439535E-03
 736 -9.51429456E-02 0.500180364 -0.171280563 0.491219044
 737 1.98824489 -8.83947909E-02 0.109199598 7.97361415E-03
 738 -0.527060151 -0.808369517 -1.09464490 -1.35912263
 739 1.26741004 0.998202503 0.227212965 0.282785654
 740 -0.698421061 0.614601851 1.53124619 -1.22997558
 741 -1.15636611 0.421118319 0.754346788 -0.211184651
 742 1.09799433 0.430812806 -0.352993727 -0.917488396
 743 -1.02559471 2.91961360 6.03572279E-02 -1.39335823
 744 -0.350393593 -0.558729947 -0.128075361 -6.43019155E-02
 745 -1.40285420 3.42050493E-02 0.383885294 -1.05510783
 746 -0.294578463 0.617025495 1.39102030 8.52037594E-02
 747 -0.829126120 0.625767946 -1.40814137 -2.60709375E-02
 748 0.649822593 1.42509723 1.01680720 0.488016963
 749 -0.156841934 3.41286063E-02 0.174765602 -0.272634089
 750 -6.78789169E-02 1.13081276 0.643451452 -0.156664580
 751 8.41478631E-03 -1.50954270 0.296276897 -0.591343045
 752 -0.690180004 0.489825308 -1.14694870 -1.35298836
 753 -0.194251284 0.235132724 0.655084610 -0.270161629
 754 -1.10508311 -0.565586269 1.50665092 -1.30175197
 755 0.840380728 -0.738385677 -0.433770686 5.52026629E-02
 756 -5.57611138E-02 -0.727195859 0.963872075 -4.06280309E-02
 757 -0.910372019 0.674376309 0.897897005 -0.782833159
 758 -1.67619705 0.301953226 -0.826817036 0.342153788
 759 -2.33984327 -1.19524181 0.640191913 -0.870211959
 760 -0.632744610 0.382081151 5.65202013E-02 -0.239861637
 761 -0.125701010 -1.06562948 1.27433860 0.997120738
 762 -0.561442256 0.441998184 1.59077477 -0.980534792
 763 -0.141613320 -1.01486588 0.218902379 -0.799934804
 764 -1.64093971 1.24341059 -0.369343281 -1.21631718
 765 -1.56846440 1.39452493 -5.53869456E-02 -1.13894653
 766 -0.254819512 0.938031852 -0.980750799 -0.799646676
 767 0.732544661 -0.591495574 1.26444662 -1.28486681
 768 0.753996491 1.71243846E-02 -0.738790989 0.180239588
 769 -1.61239493 -0.429329723 0.370342910 -0.473795742
 770 -0.478050530 -1.33891118 0.213338196 0.464428961
 771 -0.434502900 2.26461315 0.902559280 -0.663164973
 772 0.878912210 0.679945648 -4.07751165E-02 -0.488731742
 773 1.47979248 -0.195773035 -0.247384876 0.186934024
 774 -1.07279658 -1.11469817 -0.246402726 -0.725954294
 775 4.49844450E-03 0.157278270 0.201793462 -1.21042132E-03
 776 1.27417371E-02 0.382082880 8.23123083E-02 -0.389179826
 777 -0.320575774 0.850565314 1.19833505 -0.929571688
 778 -0.317641139 -0.269228399 -0.319537222 -0.710355818
 779 -0.249983326 0.603493094 0.619443297 -0.884166539
 780 -2.08193779 1.69573939 2.29971933 -0.357925445
 781 -0.781948030 0.413767874 -4.15486097E-03 -0.144981593
 782 -0.274838865 0.171390578 -0.130939126 0.420387864
 783 -0.820773602 2.54800487 1.04892242 0.519452393
 784 1.60133243E-02 1.62971401 0.120204985 -0.505283177
 785 -1.70655203 0.814628124 -0.804610610 -5.14739044E-02
 786 1.80758908E-02 -0.952745795 -0.548137128 -2.17364579E-02
 787 0.723778427 1.32488346 -0.305553615 -0.894968092
 788 -0.104450889 0.579254329 -0.544401824 -2.02927113
 789 0.551799595 -5.42556345E-02 8.24419707E-02 -0.892567337
 790 -1.40020561 -0.106059529 0.225638479 -0.600019932
 791 -0.888145268 -0.549119651 -1.39872944 -0.246368170
 792 -1.09836602 -0.389711469 -0.631767154 -0.238872573
 793 -0.427754879 0.791949332 0.368667543 1.68909514
 794 -0.242559969 -1.15524805 0.109509036 -2.54533254E-02
 795 -0.675377369 1.24143183 0.441100061 -2.82489881E-02
 796 0.488086879 1.10549033 0.359238923 -4.58196178E-02
 797 -0.218989551 0.336345136 0.591639221 -0.118419483
 798 -1.29642737 -0.163990319 6.69543743E-02 -0.589880168
 799 -1.15194678 -0.388951123 -0.365843296 -1.67952800
 800 -0.184216172 -1.39967096 -0.319319129 -0.166220352
 801 -0.779994786 2.32113338 -1.18159127 -0.484421164
 802 -0.952706933 0.277798235 -0.438351929 2.04494372E-02
 803 -0.552564859 -1.55755484 1.02883255 -0.981296778
 804 -0.997985303 2.23092580 -1.13999915 -0.578806996
 805 1.04578805 1.89347625 -0.160583586 -0.195243254
 806 -0.787769198 0.962013960 0.527407646 -0.311744094
 807 -1.56703770 -0.107031912 -1.02147126 -0.646940589
 808 0.705599725 0.341539741 -0.672063708 0.170244798
 809 -0.674784124 -0.812241971 0.877685726 -0.435278922
 810 -0.943267167 -0.398748845 -0.998489559 -0.131425336
 811 0.797510505 0.399457276 -0.252944469 -0.773742974
 812 0.144278914 -0.565386772 0.159969062 -0.292606026
 813 -0.227314860 -0.771976292 -0.566270709 -0.394181728
 814 -0.302644581 -1.07165408 2.69404203E-02 -6.43969923E-02
 815 1.45603967 0.841320515 -0.253248513 -0.237464845
 816 -2.56554270 -2.52040457E-02 8.49967301E-02 -0.862423718
 817 -1.22607613 1.44418359 1.14521825 0.451236993
 818 -1.35692894 0.226271346 0.931670129 0.529657602
 819 -1.06213462 -2.63785195 -0.250220895 0.194566309
 820 1.01890612 -0.450893581 1.26605272 0.234253615
 821 -0.826138914 -0.174434915 -0.302792817 -1.55970573
 822 0.674283326 -6.80874586E-02 -0.543662310 -0.251820803
 823 0.373000711 0.617736936 -0.150091887 3.98014784E-02
 824 -0.726032615 0.837697625 -0.610532761 -0.149308324
 825 -1.32749748 0.266428798 0.486723363 -0.297471285
 826 -0.573417246 -3.54888886E-02 1.60962212 -0.475950062
 827 0.443961203 0.797137141 -0.647038817 -2.64679641E-02
 828 -0.687095940 0.164656371 -0.560577154 -0.215227962
 829 0.365829855 0.636768222 0.202645004 0.274809182
 830 -0.530748665 0.270934284 -0.740988553 -0.618966579
 831 -0.255825102 0.228478312 -0.872736752 -0.112383276
 832 -1.39555943 1.12733364 0.824823380 1.14651167
 833 -1.54848289 -4.31477576E-02 -0.152182728 -0.639773607
 834 0.345856816 -0.806942999 0.465866089 0.458769828
 835 6.93669915E-02 -0.253612757 0.557365417 0.562122405
 836 -0.171448842 0.598225534 -0.468777984 1.15729344
 837 -0.941949785 0.392094553 0.817288995 -0.170379966
 838 -1.19530284 -0.323767722 0.233547881 -0.142852694
 839 8.84674788E-02 -8.91457945E-02 0.615382254 -1.10092771
 840 -0.219654009 -0.609708190 -0.770576000 0.378043920
 841 -1.00769413 1.78853703 1.03789020 -0.887213111
 842 9.95499045E-02 0.541352510 -0.651532769 1.07494664
 843 0.354686499 -1.06384134 0.574086487 -0.145940810
 844 0.146052241 -0.974809349 3.47961187E-02 0.876873493
 845 0.249087900 -0.960515380 0.548840940 -0.320326805
 846 -1.28502512 -0.514758527 0.508426607 -7.55757689E-02
 847 0.361696362 -0.520206034 2.82012033 -0.652012229
 848 0.215454668 -0.125935897 1.18079102 -1.88031942E-02
 849 -0.557380259 4.95078117E-02 0.994204521 0.655075610
 850 -2.47903243E-02 1.58016634 2.18933463 -1.13096952
 851 -0.114007682 -0.120864779 0.149716213 0.777281165
 852 -1.88121819 0.934640169 1.95639634 -0.569907725
 853 0.648240447 -1.83311379 0.409500867 -0.128182471
 854 -1.01618600 0.744762719 -0.325673372 -0.262054801
 855 1.45232439 0.710295200 1.13187897 -1.12501454
 856 -0.534368396 -1.07962728 -0.571101725 -0.273979306
 857 -0.398962110 -0.671655834 -0.487067133 -0.206459314
 858 0.778000593 0.362569898 0.592117667 -0.512426198
 859 -0.503827929 -0.328311056 1.53200591 0.373391062
 860 7.73645267E-02 0.505062103 1.00557411 -0.827150106
 861 -0.916299939 4.74533737E-02 1.32605171 -4.93040681E-03
 862 -0.183162332 1.25793493 -0.238786340 -1.17114949
 863 -0.626313806 1.06401324 1.74390376 -5.30186892E-02
 864 -1.51611912 1.82264400 0.583938777 -0.700863600
 865 -0.265087664 0.725124955 1.04458964 0.806244731
 866 -0.555394292 2.15815854 2.05442762 -0.850448370
 867 -0.315719157 -1.35506058 -0.195064455 -5.72315417E-02
 868 -0.201727539 -1.27665913 1.63911438 0.483512163
 869 0.155969679 -0.697336018 -0.370901942 -0.657769978
 870 7.27938563E-02 -0.991626024 -0.737853348 -1.76398373
 871 -1.74636805 8.97129625E-02 0.821658373 -1.13730919
 872 -0.350486279 -1.61873841 -0.889188170 -0.685169995
 873 -0.641260445 1.27760530 0.436438054 -2.79908627E-02
 874 -1.16983056 -0.182733119 0.535197735 -1.86171889
 875 0.459950298 -0.492141873 -0.407904565 0.240791142
 876 -0.405838341 -0.310939193 1.83560324 -0.589848280
 877 -0.844347775 -0.249418661 -0.455729067 -0.962950826
 878 -0.279603899 -0.638734043 0.160899818 -0.620481133
 879 -1.57250023 -1.19117761 1.17715693 5.48988655E-02
 880 -0.750738442 -0.255279154 0.751484156 1.59451514E-02
 881 0.394522429 9.87990648E-02 2.43478584 -0.619422674
 882 -0.503422141 0.670883775 0.558993995 1.05006397E-02
 883 -0.360227525 1.68349636 -0.209609836 -0.676044881
 884 -1.07488680 -0.623856604 1.36057580 -0.104725748
 885 0.851600707 -0.194224685 0.314061940 0.373531878
 886 -5.08974195E-02 1.72089195 -0.902629614 -1.26704741
 887 -1.01680994 -0.204672322 0.714150965 -0.503768802
 888 -0.882743776 0.972963095 0.198180318 -0.211801469
 889 -1.78627086 -0.239726618 -0.429634601 -0.902733564
 890 -5.10812253E-02 0.345321417 0.868075252 -1.30211890
 891 -0.474158525 -0.957791209 0.578168631 -4.42746393E-02
 892 1.14550674 2.79901600 -1.46371853 -0.468717307
 893 -1.07330394 -0.558303058 -1.42102098 -0.925180197
 894 -0.167187646 -1.11788714 -0.639406919 -0.276020408
 895 0.171457902 -0.351715952 1.97074723 -1.83324599
 896 0.793111563 1.68983316 -8.85205045E-02 -0.405130565
 897 -0.229549065 2.45480061 1.36051023 -0.227042183
 898 -0.797209382 0.863689899 0.198333293 -1.31912839
 899 -0.394048452 0.465090483 0.762850523 -0.311367333
 900 -0.462518096 -1.97414494 8.82427692E-02 1.04637277
 901 -0.572583675 -0.510877252 0.816923976 -0.956518769
 902 -0.869992316 -1.44606209 1.21285689 0.571556449
 903 -0.545467913 0.998980165 0.372871935 -0.808162332
 904 0.981363833 0.377062023 0.221403673 0.676836967
 905 0.337658823 -1.22534215 2.10827470 -1.45225334
 906 8.92055780E-02 -0.414269745 0.323137462 -1.25669539
 907 -1.52540171 1.09358025 -1.00417185 -0.731221676
 908 0.336667955 -1.53927135 0.419677079 -0.548866808
 909 -0.774372697 -0.857685328 1.24943089 9.97076482E-02
 910 1.40179622 -0.546924055 1.29424810 -0.128966093
 911 -0.425149053 0.493429065 1.98743248 -0.858579934
 912 0.557242990 -1.06793654 0.430781573 0.354148597
 913 -1.35583663 -0.499567002 -0.180789143 0.152922481
 914 -1.38541126 -0.446326733 1.93938541 -0.658347785
 915 0.465886354 0.508513272 -7.53129646E-02 0.483665258
 916 -1.36777568 -1.02579451 1.66508758 -1.41155016
 917 5.79497665E-02 -1.78265154 -1.01308489 -0.912837386
 918 -0.539014935 -0.742290378 0.192610189 0.563421726
 919 0.830428421 2.98530385E-02 -0.518086433 0.171638086
 920 8.92780721E-02 1.72448039 0.169966191 -1.43442118
 921 -1.55377781 -0.647287130 -0.128668383 -0.781230807
 922 -0.474094838 -0.846814990 0.427374840 -0.808595002
 923 -0.181903720 -0.452424943 -1.29078579 -0.940724850
 924 -0.941228926 -1.98865080 0.384684801 0.113130234
 925 -0.725639522 -1.33947647 0.169879422 -0.455483139
 926 4.47957665E-02 1.20508587 1.18906963 -0.937492371
 927 -0.685332477 -1.65742230 5.03071845E-02 -0.659321010
 928 -1.01583064 -0.760119259 -0.221634552 -0.652870655
 929 -1.46019220 1.51037443 -0.605749846 -0.998845100
 930 -1.56368101 -1.44347596 0.403760225 1.11241055
 931 1.36208022 -0.360671937 -0.173650056 -0.138929009
 932 0.452427745 0.630108476 0.366553664 0.474424005
 933 -1.05601287 -0.292736351 0.139940634 -0.726887405
 934 0.861921251 0.253172219 -0.561009526 -0.507441163
 935 0.294593185 -1.71218503 7.10100904E-02 -0.102206260
 936 -2.01168823 -0.776531577 -0.135800615 -0.462526441
 937 -0.193519950 -1.13149011 -0.303801447 -1.31196606
 938 0.348168939 0.899963856 -0.249479830 2.39638686E-02
 939 -0.163871929 -1.42252243 1.27146888 0.381238222
 940 -0.359759450 1.33717620 0.361284733 -1.44688368
 941 0.293802172 -1.04822910 -0.785522342 0.507534623
 942 -2.74122879E-03 -0.249356061 0.825671136 -1.94689322
 943 -1.29722571 0.710688770 -5.48899993E-02 -0.941918135
 944 -2.10088301 0.798828244 0.331416875 -0.166782603
 945 -0.196092904 -1.80320716 -0.416250318 0.455683231
 946 -0.570085526 -0.643709838 1.01167417 -0.227236032
 947 0.331702262 -0.165987253 0.697689652 8.90081897E-02
 948 -0.843242168 1.29983854 1.69146931 -0.305700272
 949 -0.593500257 -0.403215080 6.68294281E-02 -2.71487087E-02
 950 0.812391579 -9.66463163E-02 -0.178459764 -0.294509411
 951 1.51006591 -0.983120441 1.57172751 -0.563987017
 952 0.593535960 0.436722606 -0.447240055 0.238585278
 953 -1.09977090 -0.439623356 -3.31548005E-02 -1.75012779
 954 -0.352059394 -0.638865590 0.966230392 -0.611950874
 955 -1.39805508 0.431207895 1.54449213 -0.406264812
 956 3.00774649E-02 -1.10424066 0.306240559 -0.248289958
 957 7.55100101E-02 -1.42068708 -0.748197615 -0.217768177
 958 0.506010056 0.244044006 -0.652808070 -3.30061205E-02
 959 -0.717143774 -1.96594083 -0.738523841 0.102976963
 960 0.168268234 -0.870785356 1.27654541 -0.769369960
 961 -0.648826241 -0.574648619 -0.135954082 -3.70407961E-02
 962 -1.87158239 1.08072412 9.94993299E-02 -0.820414662
 963 -0.733552635 -9.32919085E-02 0.365876824 -0.846583962
 964 -0.196856648 1.07639921 0.948047757 -0.658459842
 965 -0.231708467 -1.68299913 -6.10176474E-02 -1.91478062
 966 -0.769298375 0.784614921 0.914371669 0.392153859
 967 0.187155560 -1.38963914 0.240236923 -0.315075576
 968 -1.56740403 -1.25607717 0.622947037 -0.561741650
 969 -1.14191973 0.631847322 0.219251826 -1.71687639
 970 1.69508159E-02 0.871291280 0.316557288 -0.904979110
 971 -0.263573229 -0.626798630 0.454958022 -0.654611945
 972 -7.90198296E-02 1.78328848 0.814280748 -0.671818256
 973 -9.08762068E-02 0.529386640 -0.591638148 -0.750830233
 974 0.689091206 -0.457910180 1.33488953 -0.709949613
 975 -0.351495236 -0.147674128 2.67095995 -0.232746556
 976 0.106820561 1.44608593 0.835244536 -2.08386111
 977 -0.373701692 0.473635525 -0.795680463 -0.276407659
 978 -0.298184842 0.666780055 1.92207301 -0.616366148
 979 0.273418278 -2.40488935 8.24017003E-02 7.12401792E-02
 980 0.453062981 1.53301668 1.28399825 -0.631576717
 981 1.19562054 -0.755350173 -5.15732020E-02 -1.83479857
 982 -0.239214450 -1.33860183 -0.264339149 -0.317625344
 983 -0.859460056 2.70636153 -1.13348866 1.06755733
 984 -0.639549017 0.163366079 0.630859196 0.228220701
 985 -0.955813527 0.819913924 0.225124255 -0.798721611
 986 -0.217208475 1.61382508 1.59673285 -0.147402555
 987 -1.20510924 0.844103992 -3.00422311E-02 -1.66162443
 988 -1.84059811 2.33947188E-02 2.77438015E-02 0.787531734
 989 -0.707960248 0.383139670 0.149394661 -0.146602035
 990 -0.161225706 0.361341715 -0.248037800 -1.39578819
 991 0.829961419 -0.513615370 -0.370282829 -0.247566298
 992 -0.940515518 -0.738630712 -0.590021729 -1.97668648
 993 1.42960697E-02 -1.85443974 -1.88356912 0.597719848
 994 0.617220163 -2.29432631 1.25847614 -0.949743509
 995 1.07419419 -0.991271675 -0.244042814 -0.693142593
 996 0.245146811 1.18973529 -0.836671472 -5.91600798E-02
 997 0.321198910 1.46230412 1.62763989 0.398847699
 998 0.666411102 -0.595937610 6.53740317E-02 -1.34849250
 999 -0.163608745 -0.401971906 -1.57729173 -0.860205054
 1000 0.350003660 -0.254429489 4.92126048E-02 -0.643220901
 1001 0.428717881 -1.05846357 -0.158121437 -0.733752012
 1002 -1.05290937 0.583521843 0.250693977 -1.36364138
 1003 0.989258647 0.464634806 -0.397326201 -0.790823638
 1004 -0.889560044 0.992987752 -0.849404633 -0.594242096
 1005 -0.899128735 -0.255354613 1.39674020 0.681218624
 1006 1.26992011 1.57990944 0.938678205 -1.24705458
 1007 -0.843232393 -4.91975881E-02 1.10534453 -1.13766527
 1008 -0.514778078 -1.45267105 -0.119786687 -0.230648562
 1009 -1.51316357 1.39926243 0.562785923 -0.843814731
 1010 -0.177953959 0.184582934 1.23223674 -0.761244774
 1011 -0.489579588 0.989140809 -1.06272423 -1.19389081
 1012 -2.21322465 -0.151924878 -0.904047430 -0.778991759
 1013 0.494279027 1.28501844 1.52315831 -0.701749563
 1014 0.398940176 1.75899899 -1.09384048 -1.06516361
 1015 -0.947844028 -1.30632594E-02 -0.842779815 0.158381939
 1016 -0.318099767 2.62884998 9.72976536E-02 -0.743735611
 1017 -1.34532547 -0.294208884 0.543905258 -0.601374865
 1018 -1.43398046 -0.897021532 -0.357003242 -0.645770192
 1019 -0.132853210 0.550452411 0.603385866 0.228539258
 1020 0.590466857 1.10488462 1.58808976E-02 -0.845880568
 1021 -1.04686403 0.626444399 -0.838234901 0.206638947
 1022 -0.435604781 0.376687557 1.33147490 -0.540145516
 1023 1.02489328 0.302999526 2.30588615E-02 7.63233826E-02
 1024 -0.631801665 -1.44277620 0.468880296 -0.156402767
 1025 -0.536381543 -1.78452849 -0.869086087 -0.167469352
 1026 -0.957569838 -0.477975130 0.457998335 -1.16942310
 1027 0.656886756 -1.74844706 1.05902243 -0.271355987
 1028 -1.01179123 0.999792576 0.631873786 -0.802119732
 1029 -1.11356151 0.358712107 0.389295489 1.20530915
 1030 -0.334748805 0.119836152 1.07441700 2.81130783E-02
 1031 -0.378217131 0.586795092 -0.167015195 -1.77871823
 1032 1.08938861 0.408417076 2.06907105 8.01993534E-02
 1033 -0.388640821 0.149372518 -7.83263072E-02 -0.169480160
 1034 2.25144792 -0.551591158 0.957741380 2.15832281
 1035 1.66766548 -0.837856770 0.208631203 1.98659718
 1036 -0.924567044 -1.18561983 1.22752476 2.54064465
 1037 1.48814058 -1.52679753 0.358327746 2.04277658
 1038 0.492769122 -1.39803720 0.570017874 2.48710704
 1039 0.530205786 -0.906228065 0.417217314 2.51423693
 1040 0.928371191 -0.890834808 1.59252429 2.77854085
 1041 0.850164890 -1.04867220 0.655864537 2.34296250
 1042 1.04965174 -0.290285766 0.250991285 2.16461539
 1043 1.29505563 -0.610268295 -8.98425654E-02 2.62044191
 1044 1.37845302 -0.798913956 0.453262627 2.45231199
 1045 0.909119070 -2.22263885 0.980036676 2.49454594
 1046 0.159171224 -0.742495000 1.23510814 2.45625424
 1047 0.433738440 -0.866605461 1.02263880 2.67166495
 1048 0.564818323 -1.32263124 -0.382531077 2.16342163
 1049 -0.618033290 -3.90470028E-04 0.308200121 2.40480542
 1050 2.02050924 -0.746327221 -0.484447002 2.58541703
 1051 1.22865522 -1.22355258 0.735006094 2.47358274
 1052 -0.222526699 -1.97678328 0.945181251 2.50876188
 1053 1.12875032 -1.98551786 0.460625947 2.52340722
 1054 0.519974649 -1.71913362 1.20098221 2.23645735
 1055 1.32528627 -0.937352598 0.609231889 2.34399891
 1056 1.74481070 -1.33047891 0.324209958 2.59390163
 1057 1.67544806 -0.915873468 -0.356060475 2.50104475
 1058 0.265682966 -1.12194753 0.424998879 2.46501374
 1059 1.94880056 -1.41531348 0.689852655 3.08821535
 1060 -0.229947820 -0.310085058 1.41043901 2.78954411
 1061 0.793297231 -0.957285285 0.123476028 2.16235757
 1062 0.822330713 -0.169183522 -0.128262773 1.62279713
 1063 1.95922518 -0.908153534 1.68715668 2.20639682
 1064 1.46050191 -1.92419362 0.754709482 2.72466278
 1065 1.55013525 0.148237899 8.96688327E-02 2.46568775
 1066 -2.86144614E-02 -1.83985221 -2.04626732E-02 2.19399619
 1067 -9.35816690E-02 -1.40605164 1.10616446 2.16181779
 1068 0.672480047 -0.736866951 0.706923485 2.33198810
 1069 1.29322100 -0.713840723 0.750560164 2.14964581
 1070 0.407066971 -0.801505566 -1.22247326 2.23515868
 1071 1.56780541 -0.591854990 1.96137083 2.36703491
 1072 0.478692591 -0.781161308 0.590264440 1.83034980
 1073 2.87578082 -1.02555561 0.908229887 2.85864162
 1074 2.29123926 -0.527788520 0.655205607 2.30970192
 1075 0.308200777 -0.447459042 -0.434671521 1.96912146
 1076 2.39758468 -1.93695045 0.392589450 2.01170611
 1077 1.43267274 -1.87432933 0.341235965 2.47853613
 1078 0.934553206 0.773844004 1.46989000 2.45543194
 1079 2.08613944 -0.442504108 0.385374606 2.06865096
 1080 0.684524894 -0.745072782 -0.435724467 2.17186737
 1081 1.20579445 -0.465787411 0.685797513 2.19346404
 1082 1.45311189 2.26700753E-02 0.385270238 1.84381509
 1083 0.631856501 -0.720474362 1.06085181 2.17851424
 1084 1.00648594 -0.744158447 0.404533327 2.24381375
 1085 0.673012733 0.669568956 0.176307738 2.31145787
 1086 1.56063616 -0.111012831 9.58773941E-02 2.19408512
 1087 8.72869566E-02 0.225992948 -0.320919842 2.22326970
 1088 2.32492328 -1.19036973 1.86378932 2.37282491
 1089 0.819120944 0.406979740 0.303024679 2.06756496
 1090 0.767599404 -1.14320552 0.140937671 2.25394678
 1091 -0.418169945 0.194060504 1.81349683 2.46222925
 1092 0.979229867 0.444888771 0.378964007 2.13262081
 1093 0.464051396 -0.432247341 1.58512449 2.50846124
 1094 0.710080206 -1.07718909 1.94742894 2.35603809
 1095 0.681803584 -0.401111394 1.55534935 2.20635724
 1096 2.83651042 -0.304395080 -0.416123629 2.10545588
 1097 1.23531783 -1.48356044 0.604321241 2.41646171
 1098 1.24337411 1.91817582 -0.460546255 2.04089522
 1099 0.656115711 -6.36968911E-02 1.23313797 2.56143093
 1100 0.482946694 -0.225360394 -0.694929600 2.27297473
 1101 -0.656485021 -1.61687148 -1.04440522 2.14388347
 1102 0.650758982 -2.71565366 3.08721876 2.50085235
 1103 -0.447555780 -0.773984730 -0.209679812 2.28766584
 1104 1.19725919 -7.28353262E-02 0.605528414 2.31559277
 1105 2.71227551 -0.949543595 0.775894523 2.21245670
 1106 2.35556793 -1.82953334 -0.959847629 1.85556650
 1107 0.414272040 -1.19763303 -0.624001443 2.73788190
 1108 0.650633633 1.70938182 1.38838542 2.05904627
 1109 1.10325074 -8.49413276E-02 0.229324669 2.33216500
 1110 2.32438135 0.870057762 0.209099934 2.11819649
 1111 -9.76438522E-02 0.433725715 1.64999616 1.91423404
 1112 0.852501154 3.01141553E-02 -0.277171940 1.78686011
 1113 1.49434435 -1.19474185 0.378504813 2.36599731
 1114 1.65388441 -0.825685143 -0.126771823 2.19747496
 1115 1.81640697 -1.98622906 0.435330689 2.28650594
 1116 2.63103819 -0.970923781 1.61515236 2.35060716
 1117 1.20997655 -2.47497916 0.655452430 2.20823026
 1118 1.22910702 -0.954658091 -0.147909462 2.03457165
 1119 2.50971603 0.113041550 0.208340362 2.30237937
 1120 0.673265457 -1.02804971 0.827072799 2.09183049
 1121 0.654132187 -0.112229928 0.735178769 2.32613945
 1122 -0.363276720 0.975619495 0.449210554 2.47579050
 1123 -0.645805061 0.641240001 0.566025853 2.52593470
 1124 1.64542806 3.23534608E-02 0.812985301 2.17984247
 1125 2.23634315 -0.410972714 1.58811378 2.33766723
 1126 1.63265896 -0.797959089 0.944003880 1.99611425
 1127 -0.259844691 0.199133232 1.38655901 2.19343400
 1128 1.40287745 -1.30484450 1.44859052 2.26330256
 1129 -0.283538967 0.407090455 0.581022501 2.39321756
 1130 0.945535243 -1.44352996 0.181986421 2.28115988
 1131 3.77948433E-02 -0.670409679 0.844269395 2.45905614
 1132 -1.23577118E-02 -0.919500530 -3.82509530E-02 2.19465470
 1133 0.799649179 -1.24104667 1.36403918 2.48274064
 1134 1.18519831 -0.588900328 -0.474773526 2.54524946
 1135 1.23406351 -0.459011942 1.56661153 2.10562634
 1136 0.240059987 0.163287267 0.416952074 2.25942373
 1137 1.72830510 0.355474263 -0.638797283 2.71498108
 1138 -5.86885735E-02 1.37925434 1.45575178 2.27989936
 1139 1.35899818 -0.403239757 -0.834429502 1.02540433
 1140 0.503801465 0.479093909 -2.06324267 0.925905049
 1141 1.93078709 0.865846336 -1.50817752 0.463638484
 1142 -0.534898400 -0.651573956 -3.18315887 0.978264272
 1143 2.22504115 -0.863981366 -1.63142633 0.702408910
 1144 0.534302711 -0.585833430 -0.869536757 0.934892833
 1145 1.27353597 2.01482630 -0.861913383 0.868645787
 1146 1.87940955 -0.819779038 -1.24314976 0.840970814
 1147 1.32175934 3.03312615E-02 -0.739720345 1.01908457
 1148 1.92362213 -0.447638214 -1.78317022 0.996465743
 1149 1.33423817 -0.408749551 -2.60344911 1.00029910
 1150 0.737956822 0.554016829 -1.21412802 1.24205828
 1151 0.584154546 0.165408701 -2.84970331 1.47623110
 1152 -0.237697005 -0.229065210 -1.27124906 0.610611856
 1153 -0.721686542 -0.438838065 -2.89495444 0.378557295
 1154 2.22189116 1.71489787 -1.54809260 1.14378536
 1155 9.04555917E-02 0.654120862 -2.05605578 0.993993282
 1156 1.14674449 1.16987467 -1.75822234 1.06322920
 1157 1.07826948 0.144304872 -3.26126170 0.310885251
 1158 1.88138545 1.49217796 -3.45140910 0.822760761
 1159 -0.325630367 0.538653851 -3.01124191 1.17997205
 1160 1.06139076 0.578978837 -2.51957560 1.14303803
 1161 1.45718682 0.836154342 -0.967896402 1.18921816
 1162 0.399198174 0.526463032 -2.32272816 1.07329941
 1163 1.69106138 -0.282513678 -2.56524038 0.431278884
 1164 1.49245465 0.124684691 -1.96873474 0.329736084
 1165 1.62844300 -1.10505450 -1.22860491 1.18870032
 1166 0.437879950 2.18316913 -2.14249158 1.09975970
 1167 0.451207131 -1.21269643 -1.32600236 0.329196662
 1168 0.319564700 1.49189818 -2.71615839 1.68222535
 1169 2.70664525 1.17394435 0.397795647 0.639165401
 1170 0.990781963 9.97400880E-02 -0.740809917 1.17060626
 1171 2.24504566 0.501869440 -2.25034046 0.319129169
 1172 1.22537374 -0.275369048 -1.56613684 0.979226589
 1173 -7.33454227E-02 0.370377809 -0.465303540 1.65963912
 1174 0.644693911 0.180468202 -4.82553281E-02 0.559624016
 1175 1.34609234 -1.75455248 -0.302763999 1.55150175
 1176 1.68154144 0.731119990 -1.18308604 1.03605878
 1177 0.809887946 -0.235974804 -2.05730200 0.293693066
 1178 2.07996082 0.248283476 0.544332922 0.831092477
 1179 0.915301681 -0.867272258 -0.120783642 0.687016547
 1180 1.15672696 -0.412350118 -1.79233241 1.36418390
 1181 1.09961689 0.413280964 7.56807774E-02 0.507286727
 1182 1.09255993 1.07680845 -1.26606631 1.57326210
 1183 1.98766506 5.12335300E-02 -0.841632485 0.657061577
 1184 0.829867482 -7.53483251E-02 -1.46498644 1.08511782
 1185 2.13582397 -0.894476771 -3.34641957 1.04219925
 1186 0.303956419 -0.176423058 -1.83389342 0.275566787
 1187 3.12711453 1.25124800 -0.784528911 1.15207660
 1188 1.82353067 0.564940870 -0.471732974 0.496289611
 1189 1.97636318 -0.262351960 -1.56877744 0.465135336
 1190 1.55813420 0.209490418 -3.48473239 1.11565816
 1191 0.442610353 -0.238977730 -2.46600485 1.19138288
 1192 1.15500295 -0.592146635 -0.478216052 0.723100245
 1193 2.08780003 2.45543766 -0.480306745 1.72542763
 1194 0.718808293 1.16267073 -1.84753060 0.777727365
 1195 2.32049656 1.84340179 -0.395831764 0.702917337
 1196 4.33155745E-02 1.04970264 -0.954352379 0.463381797
 1197 1.72656000 -0.238642097 -1.54543710 1.04039621
 1198 2.44605875 1.83584881 0.324525833 1.12575591
 1199 1.27410412 -0.792797029 -0.799759805 1.16192555
 1200 0.371195555 -0.165335342 -1.85029292 0.960307896
 1201 1.95459628 -1.98971605 -2.26982880 0.919800162
 1202 0.231536627 -1.64679885 -2.44338465 0.628287196
 1203 1.13882637 -1.27646041 -1.90299511 1.19892263
 1204 1.34295499 0.265048921 -2.17397451 0.486068219
 1205 2.14630890 -0.656701088 -1.84204924 0.780118883
 1206 0.439361483 -1.09312558 -0.521483958 1.37978315
 1207 1.65252936 -0.624732316 -0.652533829 1.03700471
 1208 1.95290409E-02 -0.586856365 -1.98246098 0.503432512
 1209 0.872477949 1.23146009 -0.872379780 1.14777887
 1210 0.810878098 -0.412537187 -1.74172294 0.813098848
 1211 0.291574657 1.09537578 -0.946847975 0.543423176
 1212 1.19660246 0.193931520 -1.71112883 0.982562721
 1213 0.643608153 1.23464274 -2.02252603 0.567756534
 1214 1.82262111 -0.843007565 -1.25629044 0.666767776
 1215 1.44048750 -1.65595913 -2.12772918 1.05606771
 1216 1.71167397 -8.91608894E-02 -0.427199006 1.13315749
 1217 -0.197812080 -1.37106216 -2.67695045 1.18908405
 1218 0.801365376 -2.43500590 -2.70754886 1.40511346
 1219 0.167804301 1.23525453 -1.40096617 0.802359283
 1220 1.71028435 0.701231718 0.631434500 1.32405996
 1221 0.146184921 -0.550065517 -2.09840488 0.492274731
 1222 1.86798048 0.790109754 -0.853131354 0.940535486
 1223 0.994656980 -0.171418220 -8.27250183E-02 0.697642803
 1224 -3.75513732E-02 0.603008211 -1.08666253 0.467919856
 1225 0.864851058 -0.101739705 -1.73539698 1.18830740
 1226 2.20804620 0.113897443 -0.611844242 0.879450619
 1227 1.43113494 -0.626927257 -2.16898131 0.711237788
 1228 2.07045889 -0.411944538 0.663253307 0.269807667
 1229 1.04101193 -1.27885091 -2.46224833 0.744720459
 1230 1.39163136 -0.282644510 -0.912635863 0.700208306
 1231 0.664807320 -0.333094060 -2.25808930 0.979988456
 1232 1.81387126 -1.60993469 -2.01131535 0.510514319
 1233 1.40004158 -0.646218956 -1.57334137 1.30128813
 1234 -3.46303023E-02 -8.33617896E-02 -1.98168635 0.977928281
 1235 1.54259908 -0.245077744 -3.34129500 1.13610291
 1236 1.25179958 0.744471729 -3.39567304 1.71033835
 1237 1.60822368 -6.72442317E-02 -2.30418086 1.18936753
 1238 2.12310600 2.49652155E-02 -2.53705645 -2.14128196E-02
 1239 2.43332648 0.462284654 -1.31737697 0.877560437
 1240 1.88421392 -0.356269717 -2.10088396 1.18373740
 1241 -0.300880015 -0.457260430 -0.756931543 0.648371935
 1242 1.55132413 0.255160838 -1.40471601 1.01323175
 1243 1.51662683 0.583820224 0.450323313 0.528956175
 1244 1.48667741 0.190447390 0.371841967 0.349653006
 1245 1.20322692 0.156215385 -1.58864915 0.837798059
 1246 2.72225094 1.12729740 -1.07306159 0.611574709
 1247 1.60924339 -0.264166534 -2.20412755 1.23190236
 1248 -0.716179371 -0.254983574 -2.39989591 0.832442462
 1249 1.04841006 0.504826248 -0.369216353 0.881905794
 1250 -9.90683138E-02 0.862290382 -2.01760173 0.680428267
 1251 1.11580420 0.941878140 -2.23343873 0.552873611
 1252 0.424639702 0.376156956 -1.76193190 0.804082096
 1253 2.28260374 -0.267079473 -0.102449089 0.374640226
 1254 0.466706514 0.400944203 -1.73576927 0.774993718
 1255 1.98753923E-02 -0.793623030 -0.797751546 0.253515065
 1256 0.986242414 -2.86554813 -3.09523988 0.803078175
 1257 1.05582571 0.895684659 -1.21245623 0.838582397
 1258 0.143947810 -0.671824038 -1.67278528 1.09268105
 1259 -1.40560567 -0.738441050 -1.20512009 0.774950802
 1260 1.65806746 0.652831674 -1.48323822 1.06564474
 1261 -0.468708456 1.38980520 -1.23872662 1.47116208
 1262 2.46025944 0.338619083 -1.34677517 0.669363201
 1263 1.82468772 0.334481329 -1.24575317 1.58725786
 1264 0.943144977 -0.638466358 -0.356667459 0.957583547
 1265 0.229373842 -7.92673826E-02 -1.09289598 0.801323235
 1266 0.493375510 0.822165191 -2.23555064 0.480500758
 1267 0.678686678 0.465289325 -2.04468441 0.744572639
 1268 1.39061642 2.01190472 -1.41768026 1.08486104
 1269 1.70013368 -0.400393337 -0.708264947 1.03592038
 1270 1.45355880 0.284409493 -2.65628171 0.915454209
 1271 1.59115732 -0.340942025 -2.70028806 0.858711720
 1272 0.537801743 -9.74833965E-03 0.460233897 1.01123059
 1273 1.23589885 0.739224017 -1.86956024 0.550453782
 1274 0.816967726 -0.443201900 -2.48781919 1.12857628
 1275 1.36782122 -0.141408369 -0.497981757 1.31326151
 1276 0.380751133 -0.296967775 -1.58385563 0.777397990
 1277 2.07134938 2.14015412 -1.63082647 0.687400818
 1278 1.16801989 -0.925251186 -1.38836408 0.494040370
 1279 0.757078826 -5.73455691E-02 -1.00568259 1.08587563
 1280 7.01113567E-02 0.971572280 -0.746544719 0.465993792
 1281 0.125453889 -6.54143840E-03 -2.06677723 0.683140278
 1282 1.31002736 1.57141900 -2.42764902 0.184881061
 1283 0.577050567 -0.503424585 -2.97178745 1.28591835
 1284 1.47135150 0.490432680 -1.65220845 0.921858668
 1285 0.632878006 -0.877223730 -1.19958270 0.821048558
