 1 0.825100422 -0.581262410 0.337785721 0.377724707
 2 0.983500600 -0.628274798 -0.621887684 -0.943155348
 3 0.679256082 -1.28799331 -0.440052629 8.03313553E-02
 4 -0.286635637 0.979293227 -1.23698497 -0.699071467
 5 -1.89410424 -0.590407133 -0.200135693 1.02767634
 6 9.55746099E-02 0.816996276 -0.682809055 0.723901808
 7 -1.47462428 1.30348909 0.886528134 0.149280563
 8 -0.735229194 0.815684140 0.620355904 -0.673505485
 9 -0.595433235 -0.926425934 0.698991835 0.385744393
 10 1.14344585 1.05452728 -2.39026919E-02 -0.991284311
 11 1.94358754 2.17087722 0.263617456 -0.572722673
 12 -0.611873746 0.884212792 -1.42655671 -0.647073567
 13 -0.153134435 2.05920029 0.803660512 -0.600548387
 14 -0.678383708 1.25818622 0.215954244 0.764200687
 15 0.496363819 0.285680711 0.261258513 0.607921839
 16 0.705000937 0.479702473 0.123440862 -1.84894335
 17 -0.633799732 0.299291164 -0.846875429 1.12359524
 18 -1.13087428 -0.516926646 -1.80772662 -0.820653796
 19 1.42148709 -1.09280014 -1.07107818 0.967703462
 20 -1.41699636 0.723547161 -8.38755071E-02 -0.598776340
 21 1.32927895 0.780293047 0.500160575 -1.31297684
 22 -0.889937282 -1.76935053 -1.17499828 0.382807016
 23 -0.429297775 0.207469001 0.597635627 0.756065249
 24 -0.253147572 -0.928970933 -0.283880949 2.52005768
 25 0.928820908 -0.530117214 1.06975317 -0.448573798
 26 -0.358298451 0.630139351 -0.894038916 1.41610980
 27 -1.10852683 6.51153922E-03 0.132293358 1.95506513
 28 -0.621085405 0.887653053 -0.658596337 0.650493085
 29 -0.124025814 0.269412607 -0.607233584 0.636267006
 30 1.11884046 -0.630168438 -0.799111784 -2.23599195
 31 1.24591136 -0.498524159 -1.29544914 -0.778021336
 32 -0.345361292 -0.243799046 1.87459700E-02 -0.483394444
 33 1.27499926 0.326427698 -1.15887153 -0.592519104
 34 -0.405433625 -0.316104084 -0.701386929 0.272480011
 35 6.60320222E-02 -8.59703422E-02 -0.990210414 0.786113203
 36 1.67793548 -1.22764933 -0.772247016 2.42106748
 37 0.614047289 0.534562707 -0.521075249 -0.949165165
 38 -0.775134385 0.685870707 -0.861343563 0.236536205
 39 -0.100766316 0.112603620 0.629689991 -0.327593654
 40 -0.886117041 0.909753203 0.117294177 -0.691021860
 41 0.235870034 1.58685595E-02 0.915208042 0.165021062
 42 7.68211409E-02 1.44723821 -0.546243012 2.11478209
 43 -0.496580511 9.02622789E-02 -2.13730741 -0.835570097
 44 -0.690196872 0.617781162 1.15401268 0.686474085
 45 0.538610637 -2.82719154E-02 -8.03042501E-02 -1.24588525
 46 -1.45325291 0.153592139 -0.529138386 2.62633777
 47 -0.589201093 -0.244812042 -1.52774549 0.815832496
 48 -1.00292587 -0.225250259 -0.470348775 -0.156830072
 49 0.158541679 -0.964570880 -0.200882256 -0.179838911
 50 -1.21990728 -0.507402718 -1.51388037 0.870576680
 51 -0.299202770 -0.294037282 0.467231244 -1.11775553
 52 -0.240127683 -0.682350874 -0.928809464 -1.09314561
 53 -0.962568521 -1.35646927 -7.99005181E-02 0.553868651
 54 -1.18169403 1.78972876 -0.586879075 -0.111613899
 55 -7.29728192E-02 0.943519533 -0.602287710 -0.384346843
 56 -0.559198916 -8.23374093E-02 0.349026203 -0.492420167
 57 3.53793800E-03 -1.44043052 0.697668314 0.154840589
 58 1.53570247 -1.79628277 -0.920586169 9.72591899E-03
 59 2.76912880 -1.19058943 -0.514919698 -1.51249838
 60 -2.01555800 3.11007261 -1.15861559 -2.01815367
 61 0.126023725 -1.39057183 -1.14941978 2.21035123
 62 -1.68938506 -0.228544712 -0.604326308 -0.125262648
 63 -0.881543159 2.23317966E-02 0.286650896 -0.193503529
 64 0.311949074 -0.440336496 0.897879899 -0.456437021
 65 -1.12396049 0.236141652 0.723866761 -1.56622815
 66 -0.556891322 0.523687840 -0.677976131 2.31128693
 67 -0.444153845 0.858179271 -0.706773877 0.488531142
 68 1.71710694 -0.539353967 -1.32971787 -0.354559928
 69 0.972832859 0.732069135 -0.633165240 -0.282701254
 70 -1.06911862 7.24059269E-02 -0.459349990 1.60051310
 71 -1.29611254 2.34189928E-02 -0.543591142 -0.891914845
 72 0.478428245 -2.23231292 9.31040794E-02 1.66411805
 73 -1.42018068 -0.361277878 -1.38889170 1.04486358
 74 -0.725418448 -0.799224377 -1.02625740 -0.477652103
 75 -1.60709441 -3.25219184E-02 -0.998131633 1.06769502
 76 -1.46055651 0.634120405 -0.213114604 0.742900133
 77 -0.935461700 1.21202576 -2.08912563 -0.962914467
 78 0.386656284 0.546778083 0.371232629 0.320984364
 79 0.519855499 0.503811300 -0.828584254 2.00757124E-02
 80 1.34376669 0.857092440 -0.593740940 -1.18929505
 81 -0.588367999 -9.01688635E-03 0.270767510 0.844035029
 82 0.473650604 -0.472013324 -0.587117612 -1.28815711
 83 0.399383396 -0.377103329 -1.47563720 -0.210484833
 84 -0.358100146 0.792746723 -0.881581485 -0.141542315
 85 0.737919331 0.685809135 -3.89599651E-02 0.600775957
 86 -1.06737924 0.669520855 -0.140201837 0.421000600
 87 0.833615124 0.199267864 -1.57357717 -0.286015332
 88 -0.303522468 -0.878851175 0.256989777 -8.62603486E-02
 89 -2.18288398 -0.171213657 0.722840488 0.841599703
 90 -4.65944037E-02 -0.940430522 0.323782533 1.07093024
 91 -0.306694776 -1.20964909 0.406822294 0.858188391
 92 2.58155084 -1.12858224 -1.36188793 -0.729215264
 93 -0.366665184 -1.41763067 -0.481702536 2.80413771
 94 -0.880585551 -0.879465580 -0.683175087 -1.09644330
 95 0.414902747 -3.00583653E-02 0.292284101 -0.396979213
 96 -0.407503664 -1.96886384 0.703324676 1.87938297
 97 0.374563396 -0.491008639 -1.09007907 -9.96387899E-02
 98 -0.792595267 -2.24838400 -0.510300159 1.74083996
 99 0.166407824 -0.326624602 0.418442011 -1.00302660
 100 -0.457608134 -0.568392932 -0.242891341 0.615992188
 101 0.661843240 -0.350179493 -0.888398528 -0.690821707
 102 -2.87725091 0.960890651 -0.105008245 0.902259827
 103 0.172679991 -0.682024300 -1.05637980 1.01301122
 104 -2.16608346E-02 -0.286691576 -0.402329147 -1.46310294
 105 0.295156658 0.319002122 0.847304583 0.237392440
 106 -0.648124218 -0.243442640 0.216578901 0.303962231
 107 0.366139621 -0.781840324 -0.318711787 -1.11189008
 108 -0.956851184 0.559022605 -0.209352061 0.842078209
 109 1.44863915 0.412732393 -0.928691804 1.05784845
 110 -0.609684587 0.879041433 -0.156588301 0.706664145
 111 -0.849643826 -0.700743973 -0.432714552 1.25871253
 112 -0.859673738 -0.401995271 -0.611155331 -8.95573795E-02
 113 1.17895329 -0.503375113 0.440620422 0.957250893
 114 0.301346511 -0.704360127 -5.65591045E-02 -0.765768707
 115 -1.94056451 -0.462815642 1.56855381 2.25368190
 116 -2.35080576 -0.771486044 1.46104300 0.188140154
 117 0.440161943 0.553899944 0.112229690 -0.229408264
 118 -1.71080828 0.419541836 -0.664975345 0.697344661
 119 0.867488921 0.275553823 4.41407710E-02 0.884219944
 120 1.24156594 -0.503326178 -1.32019734 -0.940189064
 121 -0.225216553 -0.231709629 0.386930406 0.193071783
 122 -0.706826389 -0.625386119 0.871623099 -0.346635312
 123 0.539775133 -1.16437864 -6.13068342E-02 -0.396723628
 124 -0.438059360 0.464049906 -1.93228614 0.236379728
 125 -0.179620206 -5.98410964E-02 -1.09572995 -0.255946189
 126 -0.494279146 -1.16506732 0.547461271 -0.112916566
 127 -2.02522779 0.282712728 -0.160758898 8.00296292E-02
 128 0.125345409 -0.283350766 0.384667069 -0.868215919
 129 -0.591771603 0.853684723 0.412150800 2.33161998
 130 -0.506429017 0.287561029 9.62709561E-02 -0.200356841
 131 0.938390493 1.43702638 -0.212840199 -1.28424954
 132 -1.39056027 1.27567685 -0.210772038 -0.420935571
 133 0.847922862 -0.818140864 -0.823952198 0.851400256
 134 -0.470191389 1.70309532 0.260030597 -1.11957383
 135 1.53935480 -0.713706255 -0.141780093 1.01476026
 136 0.108496927 1.77639461 -0.978732288 0.276530772
 137 -0.416237265 1.72811401 -1.68728077 -0.743260384
 138 1.55427847E-02 -0.612200320 -0.292289853 0.891467690
 139 0.772415638 -2.55905938 0.928320885 2.19516468
 140 -0.438322425 -4.72109392E-03 0.605365872 0.221127942
 141 -1.74663341 1.00922227 -0.140682220 0.645494342
 142 -2.29280353 1.15345013 -4.75638807E-02 0.631062388
 143 -0.327236801 -1.89144397 -0.859403968 1.93143511
 144 -0.134672835 -1.50046158 0.558341384 -0.615660191
 145 -1.40419042 3.27353738E-02 0.187758550 0.127873227
 146 -1.98034990 1.33529401 0.527499080 -1.89454329
 147 -0.462129682 -0.685456455 5.31652868E-02 1.13266134
 148 -1.41841233 0.620988429 7.76154101E-02 -4.21620496E-02
 149 -0.420229435 -9.86846611E-02 -0.789281130 1.03850007
 150 0.756429911 -0.754211664 0.773064911 0.802358508
 151 -1.64135265 1.07672071 0.325377196 0.528206348
 152 0.781569779 -0.319313198 0.327101886 -0.183261946
 153 0.904979348 -2.13476276 -0.558887243 0.754875481
 154 -2.33249187 0.943136513 -0.355625421 -0.825501442
 155 1.37076259 1.15903020 1.28994882 0.400220990
 156 -0.455958724 1.04288757E-03 -0.332088143 -0.863832772
 157 -1.22140610 -0.394156873 0.878060877 -1.90040541
 158 0.436835110 1.76142597 -1.16532099 -0.588580966
 159 0.216224313 -1.47903252 1.00732803 1.80072784
 160 0.359781355 0.561761081 0.897990882 -0.427125514
 161 -0.621529222 -1.47461522 -0.693234980 -0.453695804
 162 -0.432640910 -2.27923155 -0.644108117 2.83042836
 163 0.106970891 2.72242725E-02 -0.455785573 -0.692760825
 164 -1.21009350 1.46300673 0.794647694 0.472551137
 165 -7.64065310E-02 -1.48987818 7.23885894E-02 1.31016731
 166 0.193472296 8.88087377E-02 0.626406610 0.984431207
 167 0.379547656 0.581906736 -0.176186442 -0.810487628
 168 -1.83322859 -1.01835942 -0.945747852 0.443469465
 169 5.18478006E-02 3.72325778E-02 -0.738895178 0.259538502
 170 -2.00794578 2.52106413E-02 -0.266311914 -0.959381461
 171 0.361459434 7.28719234E-02 0.692695737 -0.974692404
 172 0.295025378 0.510351300 -0.673649907 -0.148804262
 173 2.37629676 -1.37876153 1.88912058 -1.44377685
 174 -0.334568143 1.44389439 -0.160320565 -0.510896444
 175 2.16233015 0.571239769 1.03529739 0.245687351
 176 -0.399918437 0.441785425 -0.277036071 -0.459382474
 177 -2.33137250 0.721723378 -0.749637306 5.25790304E-02
 178 0.804614961 -1.28557086 -0.367324114 -0.356021941
 179 -0.378456891 0.239573151 0.482798398 -0.571615636
 180 0.270279169 0.599488914 -0.361858040 0.643429399
 181 -1.97340357 2.24572825 -0.713846028 -1.08055639
 182 0.921080351 -1.07706809 -0.215713859 0.976008654
 183 -2.61499286 0.502308249 -1.25632882 -1.21762502
 184 0.662967563 -0.247975349 -0.183463141 -0.649174869
 185 -0.498089314 0.538190901 -3.94176021E-02 -0.956301272
 186 1.26205087 -0.236985207 0.511112690 -0.139657319
 187 -0.142633408 0.787533820 -1.79171360 -0.155440748
 188 1.40293360 -1.79342020 0.388967454 1.50017738
 189 2.41928458 0.818767309 0.871650875 -0.642138004
 190 -0.277535260 -0.514994681 0.650820792 1.64018404
 191 1.12492895 1.13644397 1.08776164 -1.67708635
 192 0.429926813 -0.698767662 1.07385802 3.01935561E-02
 193 -0.138271704 -1.93345010 1.27586854 -1.68193889
 194 -0.126608238 0.824990869 -0.345941037 -5.33597246E-02
 195 -0.391329587 -5.16521335E-02 0.279438913 -0.833054423
 196 -0.441459686 0.491925061 -0.519592166 -1.41945601
 197 -1.14493978 -0.252360672 -0.668756723 -0.218280524
 198 -0.751082182 -0.774031222 -0.404710352 0.241112933
 199 0.524495602 -1.37917709 -4.17135358E-02 0.481146336
 200 -2.49280834 -0.258949429 0.149198279 1.47792566
 201 0.816263497 0.507614851 -1.83339095 -0.449597925
 202 9.50068831E-02 -1.00303960 -2.30737031E-02 1.83084726
 203 0.819705963 0.919016242 -0.519881725 0.923965335
 204 1.38746190 0.132901952 -1.65657198 -0.222309232
 205 -2.43774772 0.447454989 0.236883521 0.861500919
 206 -1.52892458 0.288598537 4.08840775E-02 1.32281542
 207 -0.529620528 -1.18315935 0.898631930 -0.639636636
 208 2.87919492E-02 1.45808125 -1.01700950 -0.847351253
 209 2.14319006E-02 -0.813463092 0.120565206 5.83076999E-02
 210 -0.295775145 -0.198656201 -0.292396069 1.11401808
 211 2.27474570 -1.01067498E-02 0.639789164 -0.430502594
 212 -0.127139032 -0.271010160 0.674050689 1.67065895
 213 -1.18140697 -6.51115924E-02 0.779495776 1.26450133
 214 3.05791521 -1.11893713 -0.289120317 1.12432587
 215 -0.548418164 0.431762725 -3.69407460E-02 -0.502189934
 216 1.59550738 0.629969597 2.03268677E-02 -0.154550359
 217 0.852087617 0.370845556 0.939247072 1.14309537
 218 0.863366663 0.452345461 -0.398976445 -0.803352714
 219 0.551805675 -0.176510870 0.865379810 0.200015366
 220 0.579793990 -0.255451858 0.384978116 1.20162964
 221 0.143173188 -0.151558504 0.737240434 1.01201057
 222 1.73722959 -1.96961927 -6.86718524E-02 0.367358536
 223 2.19633651 -0.748348355 -0.260454834 -1.01257658
 224 0.621447682 0.587733328 8.73210728E-02 5.28999940E-02
 225 -0.455284297 0.605550885 -1.73283732 0.382504910
 226 1.34080172 -1.38090467 -0.654166639 0.598486722
 227 -0.206995159 0.247788683 0.352060974 -0.778338194
 228 1.02777350 -1.82621551 -0.937545538 -0.374048084
 229 -0.657481313 -0.441809088 -0.368261456 2.29037356
 230 8.61683860E-02 1.33377719 -0.199476019 -0.740607262
 231 1.45894766 -1.01005125 0.248874411 -0.918004692
 232 0.707815468 -1.16098893 -0.388368368 9.41774026E-02
 233 -1.00557315 -0.650816858 -1.37209797 1.01821744
 234 -0.515925705 -0.265555620 -1.34393561 0.150479510
 235 1.04763818 0.355974704 -0.706790507 -0.201284826
 236 1.40407383 -0.252659053 0.480767667 6.97874427E-02
 237 6.80921972E-02 7.56047070E-02 0.414849341 -0.449346304
 238 -0.930807352 -9.17465389E-02 0.967260659 2.07889080
 239 1.37054181 0.266115993 0.180765718 0.598735511
 240 0.835016847 9.14666504E-02 -1.83816361 0.519279480
 241 0.498375654 -1.03383434 -1.41094244 -1.19301379
 242 1.21400392 0.186198354 1.39155746 -0.754027069
 243 4.69207764E-04 1.37642121 0.132476777 -0.773783207
 244 -0.930891216 -0.165894926 -1.60486007 0.454478979
 245 9.34937522E-02 -0.523450375 -2.84582898E-02 1.27736712
 246 5.41427955E-02 1.85870051 -1.52124512 -0.656144857
 247 0.766538799 0.597247362 -7.36757517E-02 -0.318195075
 248 1.19260168 -7.14908540E-02 0.331246465 -1.67469239
 249 1.26286340 -0.538460314 -0.464326113 -0.975611091
 250 -1.71698523 0.725890696 -0.921765208 -0.175097689
 251 2.01803970 0.366753995 -1.28831530 -0.110415995
 252 0.453676999 3.19009125E-02 0.145013511 0.938463867
 253 1.52451265 -0.147027358 -0.714148581 2.07562923
 254 -0.163650915 -1.18987393 0.281427354 0.758424640
 255 -1.70879483 0.625731170 -0.889521778 -0.822619677
 256 -0.116307959 5.61752468E-02 0.214015260 0.198451579
 257 -1.07462013 -0.168037191 -1.60681534 5.44384122E-02
 258 -1.01010942 -1.35095501 -1.00276434 0.959344923
 259 0.274007499 -0.129513383 -1.00871468 -0.162583917
 260 0.761068285 1.65269053 0.690378785 -1.19390166
 261 8.30482394E-02 0.594603121 -0.792264938 -1.54087985
 262 -6.54463172E-02 -0.327243298 -1.35862565 0.645690441
 263 -0.761903644 0.356512606 0.394055665 -0.827627122
 264 -0.496178806 0.386065692 -2.02546334 0.385802150
 265 -7.87496194E-02 0.437270314 -0.300104052 -0.948881626
 266 -1.04865074 -5.79665080E-02 0.466234982 1.44326496
 267 0.407943726 -1.91799402E-02 0.248766243 0.942290187
 268 0.697281718 0.101059064 -0.925535381 1.02637231
 269 -0.152968258 -0.665093422 -1.28203893 1.95925522
 270 -0.815405369 0.496593297 7.78274983E-03 -0.859612823
 271 -2.32115436 -1.01610684 0.419462860 1.96355855
 272 -0.863051713 0.816494226 1.13423467E-02 0.386953890
 273 -0.743476748 1.13317883 -2.17700052 -0.326354861
 274 0.148993105 0.615177155 1.28049576 -2.13765144
 275 -1.48937142 0.441828817 -0.471268147 0.621743500
 276 0.533730030 0.584885001 0.809328198 -1.46415925
 277 1.19047666 0.491305947 -0.743511975 0.322119296
 278 1.11868525 1.06916738 -0.920573592 -0.382057875
 279 -0.738503337 0.255375296 1.12718427 0.751090407
 280 0.857603431 -0.329388469 0.198394299 -0.510529160
 281 0.969335854 0.722380280 0.497622132 -0.580664873
 282 -0.320219725 -0.623296201 -1.72370994 0.597264349
 283 0.223370254 0.985757828 -0.133707851 -1.48911691
 284 -1.06390262 -2.41585040 -7.83796012E-02 1.26461339
 285 1.18958068 -1.07324970 -0.706990123 0.685632944
 286 0.108271420 0.811003745 -0.320861727 -1.44280624
 287 0.285706908 -0.940277100 6.02758825E-02 -0.462911725
 288 -1.04635096 0.784126759 -0.116907641 0.763855338
 289 0.787111402 -1.28610551 0.770479441 1.64152312
 290 0.826581478 0.520762324 -1.08290720 1.18020117
 291 -0.887363851 -1.27221012 0.417096168 1.00593531
 292 -0.123906553 -1.50391412 1.03079474 1.31767857
 293 1.01802790 0.647330880 1.95070648 -0.362464249
 294 -1.72080183 -3.94035280E-02 2.40702629E-02 0.609259248
 295 -1.26918125 -0.125300735 0.132705003 -0.702253222
 296 -0.603271902 -0.289686978 -1.34986436 0.990105212
 297 -0.563727617 -0.151622981 -0.803820968 -0.361870289
 298 7.46723935E-02 0.843044698 0.841129839 -1.17846835
 299 -0.799346924 -3.81185859E-02 -0.113104194 -1.03480268
 300 1.24707472 1.08039379E-03 0.627120078 6.36236966E-02
 301 -0.434252381 0.214787513 0.313478231 0.897169471
 302 -0.578210056 1.56817031 0.497587591 -1.02704430
 303 0.630751848 -5.77592850E-03 0.939485967 -1.59548950
 304 0.378443867 0.352508634 -0.386486202 -0.395775735
 305 -1.28148878 -2.63110161 0.462122351 2.59589100
 306 0.633162081 -0.338044345 0.712755859 1.82370377
 307 4.88444045E-03 -1.17124653 -0.675690889 -1.05552149
 308 -0.314261228 1.83828831 0.643258631 -0.623484552
 309 -1.07862198 -0.555845737 -0.249512330 1.83931124
 310 -1.07365179 0.177610010 -0.904358149 -0.790564477
 311 -0.657556832 -0.756479442 -0.352136135 1.23515260
 312 -0.926162899 0.694841683 -0.438715696 1.42668283
 313 -0.341107428 -0.385509402 1.18302083 -1.25571561
 314 0.285078406 1.13646746 1.33948743 -1.23103940
 315 -0.172215521 -1.25819063 0.469021648 2.29735041
 316 0.643219411 1.02683580 0.244467467 1.40439224
 317 -1.72852206 0.603102148 -0.917586207 0.570390821
 318 -0.576884151 0.755865932 -0.385200053 1.27502227
 319 1.23519373 -1.04304624 -0.281357467 0.335700989
 320 -1.18254757 6.65762797E-02 -0.382403374 1.67547619
 321 1.69300592 -0.968226075 -0.220576435 0.677937329
 322 -0.786818862 -2.25662875 0.417721152 0.773815274
 323 2.39989805 2.20202374 0.364730924 0.439514309
 324 -2.57711315 -0.250213683 0.850039542 5.81465364E-02
 325 -2.35441804 1.83351111 1.45813751 -1.17921805
 326 -1.23510218 0.598627150 0.397884876 0.689475060
 327 -0.612810791 -0.256583244 -0.309439182 1.67553704E-02
 328 -1.20260286 0.343868256 -0.861200273 -0.766053438
 329 0.107968837 -0.808489978 0.708683074 -1.20789564
 330 -0.146094471 -0.489265800 -1.00995612 -0.240126282
 331 -1.06575692 0.881614983 -1.07496715 -0.712802887
 332 -1.49491596 2.32573080 -1.20779407 -0.871709585
 333 1.00988007 -0.345337659 -2.97930837E-02 -1.72172952
 334 0.731518269 -0.241693184 -5.42642102E-02 1.83359373
 335 0.558001041 -0.905793011 1.49337280 -0.363947213
 336 0.278343499 -0.716387212 0.497665167 1.23496532
 337 -2.05312777 2.41472387 -0.871453643 0.892153859
 338 -2.04436255 -2.42312980 0.813941538 -1.38704431
 339 -0.173383743 -1.05212545 -0.174327880 2.84208357E-02
 340 -3.56900692E-03 -0.301601768 -0.918104529 -0.419898421
 341 -0.610378563 -9.97492820E-02 -0.962866187 -0.212293327
 342 -0.225689590 -2.06482077 -0.752931476 -0.422826946
 343 1.45989501 -0.752407849 7.61543065E-02 -0.101335078
 344 1.02924252 -0.712863088 -1.54281092 -1.01255977
 345 0.303511828 0.812213778 1.37680995 -1.04049635
 346 0.930139065 -2.06937289 -0.619584799 -8.81234705E-02
 347 -0.384623796 -1.45442915 -6.29124194E-02 2.09919143
 348 -0.368225604 0.658350050 -0.824039221 -0.490261197
 349 -0.320637554 -0.851644397 -0.998997569 -0.270878851
 350 0.828355432 0.576655507 -0.930498421 -1.31141019
 351 -0.810217798 -1.70528686 -0.464851558 -1.36796033
 352 1.38221681 4.40142266E-02 -1.18980503 -2.99797153
 353 -0.325937569 -0.636330962 0.551078141 -0.424268991
 354 0.963768721 0.101191878 -0.631492734 0.501837671
 355 0.912485361 2.05483139E-02 0.192062572 -0.793262482
 356 9.04827341E-02 0.505838513 -0.198777452 -1.04727840
 357 -0.665518224 -0.136678711 -0.932947516 2.05117536
 358 -0.271399438 -0.538855076 8.51644576E-03 1.54732490
 359 -0.222637087 -1.83004177 0.585734367 2.56112146
 360 -0.658393621 -0.866667211 -0.734128296 1.17723179
 361 1.29704785 -0.272318810 -0.360805064 -1.06790316
 362 -2.13338256 1.17338061 -0.505015552 0.791418016
 363 0.892734587 0.632457018 7.33931586E-02 0.239064574
 364 -1.04468203 -3.23461629E-02 -0.406988293 0.160620406
 365 1.32075202 0.310719401 -0.413344383 -0.373055965
 366 -0.910471320 0.335925043 1.00090241 -0.437267959
 367 1.67603970 -1.39655566 -0.202402666 1.41461372
 368 1.97215676 -8.73538554E-02 -1.43319654 1.58338034
 369 -0.145676762 0.362104177 0.141903043 0.830752671
 370 -1.51721919 -2.04752183 5.00931367E-02 -0.753441274
 371 0.551490843 -1.98931408 -0.372262895 -0.331159592
 372 -0.983017266 -0.214856386 -0.963214636 0.482010394
 373 0.586573958 -0.624551475 -1.09380805 -0.446655422
 374 0.701760650 -0.137340590 -3.41169238E-02 0.796093225
 375 0.727653980 -0.672349811 -1.20608854 2.79735708
 376 0.121682324 0.731632888 -6.74261749E-02 -0.185247868
 377 -1.10444665 1.74210179 0.191934630 -1.94460797
 378 8.22679326E-02 -2.23815227 -0.800816536 0.942711949
 379 -1.31343424 -1.21906614 0.540464282 -0.981604218
 380 0.585042953 -1.26575017 -2.46693119E-02 0.360160589
 381 0.213379204 -0.233045161 0.217889369 0.471798778
 382 -5.00854850E-03 0.995618582 -0.832997441 -0.950035989
 383 0.415994465 0.503784776 -0.899547696 0.139498949
 384 -1.49725389 1.45077157 0.160825133 -0.722175241
 385 -1.35846269 -0.260735095 -1.50961375 0.250517517
 386 2.78411657E-02 -1.46069527 -0.669497609 -0.904959857
 387 -0.790981770 -0.361085147 -0.935923100 1.18287253
 388 -2.16664958 -0.743953288 -0.989237189 -0.466281056
 389 1.42474556 -1.94777238 -0.355727732 2.00100899
 390 -0.671758592 -0.265903771 -0.961827755 -0.750137925
 391 1.30439687 -2.42110014 -1.86348891 0.904136837
 392 1.73507905 -1.27935517 -2.13067913 0.906874061
 393 1.17169523 -1.56316137 -0.909046054 -0.276964545
 394 -8.79888684E-02 -0.592084527 0.294472724 1.04961562
 395 0.151509330 -0.161161751 9.63559598E-02 -0.555742741
 396 -0.268379390 -0.226936638 -0.644239545 -0.779699445
 397 0.201906651 -0.103212908 -0.988366663 1.39721191
 398 -0.794360042 -2.27374697 -0.710425913 1.45259595
 399 -0.793304026 2.74274659 -0.296683550 -1.41150510
 400 -0.344047725 -0.180889577 -0.114047170 -0.682654500
 401 -2.11940527 -0.148480400 -0.166646570 1.44150615
 402 -0.810490906 -8.28892589E-02 -0.465838194 -0.559407949
 403 -1.52457941 0.395748556 0.107734859 -0.211338744
 404 1.36829829 -0.530289531 -0.384770930 1.98056161
 405 0.611053109 -0.882890940 0.629860699 1.20052147
 406 -0.166292503 -0.155063033 0.808136106 0.677276373
 407 -0.515220523 -0.479034871 -0.645895720 1.29930842
 408 1.19721925 -1.09415305 -2.11822033 -0.390964568
 409 -1.03917968 0.152715385 0.971854806 1.15355265
 410 -2.59466124 0.864126325 -2.95606256E-03 -0.427300036
 411 1.45689487 -1.18360376 -0.860131204 0.695858240
 412 -1.03724217 6.57289475E-02 -0.107521757 -0.665760696
 413 -1.86888659 -0.278133750 -0.374160290 -1.01891816
 414 0.438883066 -0.547194004 -0.318975538 -1.27161658
 415 -2.04170513 -1.71541166 -0.913175941 0.768385947
 416 0.406095684 -1.42880011 0.288980305 -1.03404403
 417 0.647993565 0.765417159 -1.45198929 -0.980115294
 418 0.405789882 -0.174775809 1.76878422E-02 0.468830585
 419 0.989213645 0.114697017 -0.638967633 1.68772185
 420 -1.01713467 -0.789906025 -0.333153516 0.239340350
 421 -0.528970063 1.58455670E-02 0.595960677 -0.147074968
 422 0.804724276 -0.748792231 -0.120378584 0.266833544
 423 -2.99806744E-02 1.15577364 1.23647010 0.494254619
 424 -0.980799854 0.893650293 -0.325935572 -0.115770437
 425 0.822148979 -8.78292918E-02 -0.379409373 -0.682203829
 426 0.412923098 0.914940715 -1.34486043 -1.14421093
 427 2.76551080 -0.755523860 -1.97624302 -0.795596898
 428 -0.408685893 -5.91352358E-02 -0.111217380 0.758722007
 429 -0.796023250 0.248358518 -6.54318333E-02 -0.544347584
 430 0.486648887 -1.12489319 0.431714594 1.72848523
 431 -1.68403101 -1.07827532 -0.287393212 1.21560073
 432 0.337211132 0.105512589 0.994015217 1.23227549
 433 0.439524651 0.275962710 -1.31753266 -1.03791761
 434 -0.206299961 -2.89400125 -2.17557716 0.595636487
 435 0.426862419 -1.21685135 -0.423898846 1.08092797
 436 -0.708031833 -0.605000913 -1.77282166 0.130441323
 437 1.47570781E-02 1.37103415 -0.655046046 -1.48451865
 438 -0.763518393 1.66777015 -1.27616382 -1.63448644
 439 0.424479157 -0.616565287 -0.972388923 1.31192994
 440 1.30421710 5.23052141E-02 -1.55117309 -0.670429707
 441 -1.83763790 0.100389346 -0.841781855 1.34106743
 442 1.32795072 -1.77828038 -1.62430632 0.697166741
 443 -1.16385984 -1.25075364 1.08886564 -1.36165619
 444 -1.85033166 -1.20725822 -1.06572223 0.609269440
 445 1.63190114 -0.651766539 -0.904266715 -0.879175663
 446 -7.07605630E-02 1.42092025 -2.10145330 -0.844010115
 447 -0.541225433 -2.88361001 -1.79128861 2.82014847
 448 0.364523143 -0.594601274 -0.412900001 -0.531226695
 449 0.358442843 0.205909684 1.30225503 -0.397034794
 450 0.204583064 1.71370292 2.33235598 -2.36477852
 451 -0.443625450 -1.70618749 -1.80032146 -0.213327467
 452 0.587196946 -0.810083032 -0.397306532 1.30420816
 453 0.769146919 -1.10323513 -1.04552257 -1.17528546
 454 1.22942626E-02 -0.796410561 0.475127161 -0.671591640
 455 -0.316030651 0.289325833 -0.225039780 0.705875874
 456 0.142712757 -0.625705242 1.55531681 0.188955560
 457 0.485983104 -1.49188352 0.324070811 -1.02225816
 458 0.920977712 -0.764187396 -0.306425065 0.461252213
 459 -0.386205792 0.980352640 -1.49876118 -0.992428422
 460 1.32522500 -0.286403924 -0.939784586 0.303647339
 461 -0.347081721 0.735587478 4.38543260E-02 2.19522548
 462 -1.92353570 1.02495503 0.255944073 9.58891511E-02
 463 0.606674433 -0.502604246 -1.23731709 -1.29536140
 464 -0.367886841 0.488401353 1.16999781 1.28161132
 465 -1.18752956 -0.897998273 0.658325016 1.32396770
 466 2.13253927 -1.07986712 -1.07649076 -0.503750741
 467 0.625489473 -1.31803274 -1.36983109 -0.350136518
 468 -0.541482687 -0.419064045 0.391493469 1.54270089
 469 -0.497049063 0.380134046 -0.146683201 0.631605208
 470 -0.825544238 0.662908673 -7.52308965E-03 -0.783661366
 471 -5.01230657E-02 0.172872305 -1.28725147 0.869347632
 472 -1.32353842 -1.11849713 0.608128786 -1.68864501
 473 -1.24290109 0.379777640 -2.15211201 -0.575145125
 474 2.24550534E-02 0.252624363 -0.355932891 0.405382097
 475 0.312429965 0.335789561 -0.760342956 0.393587232
 476 -0.922859013 -1.07931256 -0.678431630 -0.577571154
 477 0.605911374 -0.886438429 -0.127424419 -0.471964300
 478 0.769287348 1.33352196 0.654961944 -0.448148429
 479 0.121023074 -1.19335055 -1.76964974 0.398161680
 480 0.387343943 -1.14335048 -7.77480006E-03 -1.97709692
 481 7.56407306E-02 -0.637485802 -0.322074592 2.69909978
 482 0.142574057 -0.650775552 0.238737047 -8.71317983E-02
 483 0.152401477 -0.292441159 1.59050524E-03 -0.214861616
 484 0.528565705 -3.30708933 -2.56820059 1.15461886
 485 0.581439793 -0.681156158 0.267326862 -1.74759507
 486 1.29444170 0.114632890 -0.450891495 -0.137574524
 487 -0.482075065 0.367668658 -2.08464384 -2.10502481
 488 -0.820531547 0.775106668 -0.426714897 -1.06151485
 489 -0.942476094 0.621892691 -1.36109757 -1.49489725
 490 -5.84553666E-02 -1.03699887 -0.531214237 -1.38159490
 491 -0.466973901 -0.584750950 -0.143790483 -0.692007899
 492 -0.592379570 1.28332305 0.130796567 -0.774662256
 493 -0.165425509 -0.977888942 -0.602799833 0.938982010
 494 -2.12484598E-03 -1.66735017 -1.58616447 1.14018393
 495 -0.311267316 -2.21273685 -0.105698295 0.406625926
 496 -1.22114086 -0.172500670 6.47092611E-02 -0.663280010
 497 1.45700920 -0.827436626 -1.18267739 -0.735891938
 498 0.824004889 -0.337196529 3.07359695E-02 -0.959301233
 499 -1.52019143 -0.482257366 0.223032609 1.05455971
 500 -0.790167332 -2.70694208 -0.677935064 -0.103131466
 501 -0.936438501 -1.21751916 0.654717326 0.626837015
 502 -0.396846473 -0.427376330 -1.17860007 -0.413568556
 503 -0.737004101 2.90869623E-02 -1.99584246 -1.51892328
 504 -0.809359729 -0.251805305 5.17626628E-02 -0.793993115
 505 0.207737640 -0.596352935 -0.701118529 -0.804986894
 506 -0.876474500 0.306977749 -2.59810972 -0.811311007
 507 -7.12774098E-02 -1.73600936 -1.79147780 1.02863121
 508 1.52635527 -7.13105798E-02 -0.744285762 -1.79378140
 509 -1.49014556 1.14609885 -1.29333687 -1.72195995
 510 0.749890924 -1.42262912 -0.130697981 -0.918591022
 511 0.772818446 -0.245607704 -0.902381778 -1.71700501
 512 -0.319400430 0.437135994 2.36804113E-02 -0.977698326
 513 -0.399302155 0.925714612 -0.819302201 0.966985762
 514 -1.88382792 -1.54071164 0.419445872 -1.90491259
 515 5.14772236E-02 -2.01869106 -1.82073903 1.93433797
 516 -0.808080733 -1.06901419 -0.717189908 -1.29392660
 517 0.232457817 0.675283194 -0.885859728 0.297186613
 518 1.94567513 0.426826119 0.923387647 0.306087613
 519 -1.68825746 -1.48689651 -1.75045669 0.590970159
 520 1.86453021 0.675340533 -0.907086849 0.415209979
 521 -0.867231548 -1.02329147 -1.82582378 2.03839874
 522 0.167534366 -7.51587674E-02 -1.14846385 0.852851391
 523 -1.04405117 -0.236110434 -0.407510459 -0.226889074
 524 0.355261803 -2.70819592 -1.16276121 1.69198644
 525 -0.671472073 0.901392758 -0.996140718 0.516515970
 526 -0.476278991 -0.940332532 -0.395480990 0.439263225
 527 -0.981458485 0.558365941 -2.06628513 -1.64496171
 528 0.402338922 -0.705766261 0.461158544 2.30906796
 529 0.357161820 -0.887500405 2.30199695E-02 1.48070185E-02
 530 0.252566844 -0.518604159 -0.568107426 -1.36619520
 531 0.853677809 -0.998933494 -1.59483266 0.796205044
 532 -0.580696523 -1.05376744 0.346266896 0.859208822
 533 -1.54987383 -1.34539700 0.297287941 -0.578491867
 534 -1.27928948 -1.00193906 -1.40236378 -0.872181654
 535 -1.68489790 1.45034957 -0.341951460 0.771666646
 536 -0.316254824 2.26923376E-02 -0.638211787 0.609098554
 537 -1.34823108 1.72495484 -1.46616793 1.06281269
 538 1.07200217 -1.18546927 -0.375919402 -0.919957459
 539 -0.522653103 -1.94070292 -6.33567721E-02 1.27602017
 540 1.93961167 -0.391548634 -1.38978457 -0.710249782
 541 0.935041130 -0.191607699 -1.64229298 -0.846058011
 542 0.992278874 1.26972425 -1.20698118 -0.894627333
 543 -1.53213310 -1.39616513 0.369287431 1.40362394
 544 1.10990739 -1.63192391 -0.690436959 -0.717637479
 545 1.31318855 0.583359480 -1.27860582 -1.20456433
 546 -0.363314986 -0.659630716 0.251929641 0.988022447
 547 0.466620028 -1.43760133 0.251452059 -6.82205260E-02
 548 0.247128278 -0.877435327 -0.940917313 -1.34528553
 549 0.261381954 -1.06480348 -0.160040915 2.59626341
 550 -0.457572758 -0.471262336 0.631419063 1.06274629
 551 -0.915652454 1.28206587 0.140231863 -2.18495989
 552 -0.189552590 1.45995951 1.09152412 0.841300964
 553 0.677532971 -0.111786604 -0.130165517 2.51177931
 554 -0.191113800 0.397617131 -0.910900116 -0.160565615
 555 9.62264985E-02 0.123914316 -1.06760514 -1.59574866
 556 -1.15859044 0.859872818 -1.13051677 -1.02058363
 557 2.08443093 1.37329197 -1.90287399 -0.668373466
 558 1.91766620 -4.39464748E-02 -1.12903214 -0.744092882
 559 0.809315264 0.474927306 0.423851788 -2.45706654
 560 1.91692281 -1.54497492 0.780663729 2.02518821
 561 0.623907626 1.23172426 0.750332177 1.19068849
 562 -0.830836058 -0.560724378 -0.665551782 -0.871067762
 563 1.24198830 0.613006830 -0.478791654 0.531018496
 564 1.86922002 -0.141465589 -0.208832234 0.988872766
 565 -1.48231840 -0.819205523 -0.555989087 -0.265393436
 566 0.320164710 -2.12529135 -0.455098242 -0.272389621
 567 -0.227637976 -0.345609933 0.641910791 -1.07994473
 568 -0.425010711 2.62028670 1.79437006 -0.512793481
 569 -1.46203446 -0.920591533 0.571974516 -0.916964173
 570 -0.232259288 0.708569825 9.57971811E-03 -0.329600036
 571 0.416668296 0.148366660 -0.802431703 0.989254653
 572 0.951673865 0.150720164 -1.55069578 0.452028096
 573 0.140731081 -1.24049807 -1.37489212 5.55390120E-02
 574 0.146253407 1.71348774 -2.69746669E-02 -0.589951873
 575 1.21362233 -0.140392318 -0.370148897 -0.648724437
 576 -0.749654591 -0.133477807 -0.265309721 -2.64431572
 577 -1.47019911 -0.824269652 -0.631038427 -1.62696779
 578 -1.13016033 -0.584406972 -1.96822512 -0.508327305
 579 -0.325570345 -1.20423806 -0.833708167 2.25888991
 580 0.637591481 -0.162084639 0.548121631 -1.21048701
 581 2.27734709 0.636606097 -4.84644324E-02 -0.383035123
 582 0.494807571 -3.03655937E-02 -1.38830984 -0.741509676
 583 -0.183163851 9.24245343E-02 0.220232025 -1.22356009
 584 -0.531219363 -1.96302223 -0.426449180 1.21683407
 585 0.617730975 -0.274460793 0.267436922 -0.362648249
 586 -1.28513622 3.18592095 -0.854482293 -1.08713293
 587 0.327987432 1.53182745 -9.89659727E-02 1.16560149
 588 -0.656829476 0.896196783 -0.843647480 0.974193752
 589 0.382412642 -0.122974962 -1.77739215 -0.927501798
 590 1.49299502 9.95247886E-02 -1.57940078 -0.422996402
 591 2.12853789 -0.341919243 -1.53786373 -0.795330763
 592 0.509040594 -0.143989831 -0.779760122 0.557400465
 593 -0.821771085 -1.39457428 -0.281926364 2.69395900
 594 0.528029978 -0.510799646 -1.07969725 -0.315754652
 595 1.04060078 -0.646552503 -0.933743715 1.35757303
 596 -2.46302938 -1.24558771 -0.358242393 -5.06052710E-02
 597 0.463514090 1.15204477 -0.365573168 -0.229152858
 598 -0.580056310 -0.446446389 0.790790677 -0.194694638
 599 -7.74833858E-02 -0.772579551 -1.81317949 0.988961577
 600 -1.13748169 0.710237086 -0.333260030 0.333573580
 601 5.76218367E-02 -0.805931747 -0.263609707 -1.96545589
 602 -0.345194876 1.62890387 -0.633102536 -0.580455244
 603 0.811677814 0.116355523 0.467199117 -0.843585908
 604 0.426520228 1.63113105 -1.15127969 -1.38886011
 605 -0.274392277 0.858434856 0.502676547 0.138608158
 606 0.371364385 -0.614534974 0.411544383 -0.922644615
 607 -0.250218958 -0.785042286 0.880036712 0.638571620
 608 0.238660738 0.828222752 -0.738887429 -0.162886709
 609 0.828027368 1.83038175 -1.29707348 -0.594064593
 610 -1.98451430E-02 -0.103466794 -0.175588369 -1.04298699
 611 -1.62078810 -1.52701128 -0.762890935 -0.414040685
 612 0.668836653 -0.379902095 1.87714398 1.38002968
 613 0.135084853 0.932428241 7.58301690E-02 0.517178893
 614 -0.122475073 -0.546491385 -8.37186724E-02 0.151830003
 615 1.07451737 9.14221257E-03 -0.289286673 -0.135404944
 616 0.679213762 -0.371022761 -1.04516208 0.926086903
 617 1.73533511 0.791188836 -0.867943108 -1.70241261
 618 0.799549758 0.494247198 0.918021142 -0.437546074
 619 -0.861398399 0.547202647 -0.467399061 -1.42744029
 620 6.99919984E-02 -0.942128778 4.11010198E-02 1.64155364E-02
 621 0.669354916 -1.84557021 -1.72958696 1.33808029
 622 -0.748650610 -0.407540202 -0.417318910 0.219919622
 623 2.22405291 0.817133665 -0.381641746 -0.569921076
 624 -0.623988926 -0.201629490 0.525503278 -0.620617151
 625 0.273961008 -1.08141100 -8.79318565E-02 -1.57828450
 626 -1.57439327 2.55573839E-02 -0.428942323 0.688719511
 627 -0.189955711 -1.60871375 -0.717877150 1.04666364
 628 0.569523215 -0.920572758 -0.966147304 -0.776938677
 629 0.740338564 0.635547161 -0.959884703 -0.630300820
 630 1.46593487 -1.19657457 -7.70803094E-02 0.314538479
 631 1.22788370 1.05847192 1.02824557 -0.153066397
 632 4.59584072E-02 -0.575677633 -0.687151074 0.162022620
 633 -0.265158504 -0.509333909 0.172296345 0.939988673
 634 1.33393312 -0.554645538 -0.305174679 -0.873473167
 635 8.58039483E-02 1.62208021 0.503181756 -0.297035813
 636 -0.644554734 0.757953405 -1.12538791 -0.273716271
 637 -0.290519506 -0.931195140 -0.510353148 -0.317566216
 638 0.707193375 1.70434976 -0.371123791 -2.36740327
 639 0.161597237 -1.23013973 0.780472398 0.680015385
 640 -1.47777474 -0.200997472 -0.608759940 1.05846691
 641 1.83485067 0.767415881 -0.868983030 -0.226975560
 642 0.834322333 0.431419909 -1.36514413 -1.30689836
 643 0.207911357 -5.85929193E-02 -2.25570202E-02 0.191112161
 644 1.22434378 0.567868173 -1.36013460 0.449723423
 645 0.316952616 0.916363776 0.309319794 -3.39981914E-02
 646 -0.746082425 -0.537233472 -0.131965771 0.985985100
 647 1.15145051 6.31109923E-02 -5.59325963E-02 -7.83925354E-02
 648 0.295065999 0.780240953 -0.249692500 -1.90552878
 649 -0.371945977 1.32223201 -0.751494884 -1.84044957
 650 -0.432739973 -1.01516747 -0.868345797 0.279881865
 651 4.46875244E-02 -1.69841957 -0.734053612 0.382748634
 652 0.870780528 -0.227735028 -0.692872643 -0.917326629
 653 0.386472404 0.452624142 -1.05956471 -0.254444689
 654 0.990248263 -1.14633965 0.108095385 1.32020307
 655 0.263788044 -0.949977279 -1.32410276 0.609917402
 656 0.969096541 -0.555753171 0.116116405 -0.126076564
 657 1.04684687 -0.649265647 0.506440043 0.244183198
 658 0.303753287 0.621616602 -0.430404663 0.151450902
 659 7.97384977E-03 0.201461688 -0.585537016 -0.543886960
 660 1.64737070 0.961188674 0.335086584 -0.665443778
 661 0.948950350 -0.760491967 -0.251413494 -0.247575939
 662 0.886856556 1.71875775 -0.669044733 -1.06058919
 663 8.24676752E-02 0.257662326 0.855802894 0.313280016
 664 -0.380547047 -0.184868753 0.821915329 -0.208923787
 665 1.15804076 1.34929264 -0.715799809 -1.42061234
 666 -0.398175389 -0.447776496 2.72654369E-02 0.574747384
 667 0.595237672 -0.712787867 -1.66700542 -0.198451981
 668 0.807735741 -0.235117778 6.68110549E-02 -0.781775475
 669 0.856253028 0.570013881 0.127944455 -0.440810710
 670 0.131892815 -0.413674682 -0.211697519 1.11738122
 671 0.141990617 -0.670726180 1.22644877 -0.913201451
 672 1.19682693 1.70161867 -0.276768208 -0.697926164
 673 1.41080153 0.497375786 0.285192132 -0.493247807
 674 0.693236232 -9.06950980E-02 0.819451928 -0.897670925
 675 2.13807178 0.425075084 -0.112221636 -1.55648899
 676 0.516552567 0.352939248 0.838200569 -0.437126160
 677 -1.28952563E-02 -1.35447514 -0.154472589 -0.806881547
 678 1.53520370 -1.08736372 -0.336486757 -0.489958405
 679 -1.79774809 0.352255046 -1.22580361 0.647899985
 680 1.16156662 -1.56194520 -1.00028586 0.848697603
 681 1.21719253 -5.64344376E-02 0.149509743 -0.705490351
 682 -0.570175350 -0.289602965 0.295274079 -0.369447589
 683 0.707526684 -0.157631308 -0.229307771 9.92532223E-02
 684 -0.406531125 0.787317872 0.649475694 1.12898326
 685 -1.28749096 -0.974920452 9.80075076E-02 1.49211395
 686 -0.379047185 5.30552566E-02 0.306459844 -0.491596282
 687 0.553305984 0.551963627 0.252193302 0.650879025
 688 1.25402570 -0.723976851 0.149231225 -1.35492122
 689 -1.14892924 -0.600025475 5.60266674E-02 2.02422500
 690 6.88770115E-02 0.696211338 -0.731307328 -0.559381068
 691 0.637445569 -0.598482013 -5.99672180E-03 -0.844620764
 692 8.34736526E-02 -0.832912564 0.363904595 1.44432712
 693 -0.648620129 -0.580356777 -0.335112929 -0.632406771
 694 0.640232682 -0.354251057 0.882015467 -2.61174083
 695 -0.851665854 1.02551734 -0.721501291 -1.50009191
 696 -0.686803818 -0.948434711 -0.524788499 0.734622240
 697 7.69295916E-03 1.19204831 -0.172766149 1.63378203
 698 -1.45152617 1.19869876 -2.07208228 -0.982872605
 699 -0.416168809 -3.04078609E-02 9.74758156E-03 -0.580883980
 700 1.03083575 1.65494025 -1.06162083 0.383813083
 701 1.93349111 -1.26424563 -0.139884546 -4.80999686E-02
 702 -0.270326287 -1.96097052 -1.59324276 -0.735463619
 703 0.205630228 9.18489695E-03 -1.63231766 -0.385571122
 704 1.14197052 -0.988469005 -9.14073139E-02 -0.318253666
 705 0.126165688 -1.85752273 -0.449247420 -0.616618156
 706 -1.09776080 -2.01133871 1.84957790 2.08241510
 707 -1.28563094 -0.816831768 -1.05686605 -0.771359086
 708 1.92928386 -1.57558930 -0.623806357 0.821101248
 709 1.21335971 -0.523932993 -4.05278951E-02 -1.50150800
 710 -1.17519927 -1.30563164 0.233459800 -8.32905471E-02
 711 1.22198391 2.89197302 -0.830779076 -1.13997543
 712 -0.407576352 -2.05069995 -0.683556080 1.19778049
 713 0.529156625 -5.17971516E-02 -1.64915848 -1.04323947
 714 0.577026129 0.759344697 0.484492302 -0.953988075
 715 0.103073992 -0.324079990 -0.427271664 0.734474182
 716 0.453152359 -0.175474793 -0.861481786 1.26625741
 717 -0.502858818 -0.198945582 -0.428084731 1.46901298
 718 -0.955642700 -2.27229214 -0.980503440 -0.329531670
 719 1.08824396 0.381337404 -1.46182370 -0.368247151
 720 -0.301398635 0.641881466 0.713264346 -1.37589717
 721 0.179899424 0.481228352 -0.301553369 0.761522353
 722 1.59433234 1.06271005 0.526201189 0.355481535
 723 0.376191318 -9.19634104E-03 0.382332385 -1.18466151
 724 0.455278218 1.09016490 0.706338525 0.695536494
 725 8.57080594E-02 6.59824014E-02 -0.670491815 -0.466419101
 726 -0.734601796 0.735787868 0.533256412 -0.529844403
 727 -1.84207189 -4.88562584E-02 -1.05688739 -1.61196148
 728 -1.10896611 0.478831947 -6.18435442E-03 -0.565043092
 729 0.482525229 -0.928524315 6.68664277E-02 -0.738504767
 730 0.556894422 -0.323304296 -0.700981021 1.74696708
 731 -0.405129135 -0.738481343 -0.684228599 -2.87815857
 732 -1.65339744 -0.665000021 1.51389158 0.940394938
 733 -0.639311671 -0.601927519 -0.905086219 -4.83432636E-02
 734 1.85419238 -0.126795202 0.807682455 -1.24008226
 735 0.666650712 1.45975089 1.58730721 -0.924967289
 736 1.20117974 0.477071673 1.03768516 -0.832645297
 737 0.195208758 -0.273732334 -0.680934131 -0.271632016
 738 2.20451427 -0.309523463 0.407839358 -0.499059379
 739 1.95094335 -1.03950846 -0.417543739 -0.232647806
 740 -1.62496591 -0.119537488 0.475615382 -0.830882430
 741 1.19060540 0.848245203 -1.22796726 0.488742918
 742 -0.230390087 -0.984280586 -1.21606815 1.56059945
 743 -0.220181495 -0.833616793 0.604115486 -0.593244553
 744 1.34897208 0.812683403 0.429905117 -0.658135176
 745 3.20435643 -1.70150769 -2.43832088 -0.631051183
 746 0.621884227 -0.768865466 -0.209430471 -0.496652722
 747 -0.538996875 -0.245934904 0.958848119 -1.53007150
 748 0.332340091 -1.85549688 0.191532925 0.103114434
 749 0.655690730 -5.10079861E-02 -1.23313761 0.904827297
 750 1.84395123 0.116489440 -0.653299272 -1.64566898
 751 -0.310664117 -0.171017051 -0.483812332 -0.725550652
 752 0.658517957 1.73283613 3.39620411E-02 -1.08638144
 753 -0.500067890 -0.838914335 1.95290484E-02 1.45415807
 754 0.456988245 0.984125793 -0.113241412 0.813000083
 755 -0.105221204 -0.607363999 -0.489304543 0.580360174
 756 0.774835110 1.02925909 -1.32309926 -0.448345363
 757 0.553412139 -0.653205693 -0.843392730 -2.36907792
 758 0.312084138 2.40757242E-02 0.163543552 -1.36316705
 759 0.326810926 1.83108997 0.929385543 -0.546318948
 760 0.981905937 -9.80781764E-02 -1.60865796 -0.932811141
 761 1.25016224 -0.978950381 -0.531624079 -0.749295831
 762 1.00246048 0.955381036 -1.14703941 -1.23617780
 763 2.09299183 6.72570169E-02 -4.43874523E-02 -0.397572249
 764 1.56849778 -1.12691140 -1.04664385 -1.97205126
 765 1.90239048 -0.881700873 -0.896262586 -1.70064199
 766 0.629715085 0.749695361 0.859852672 0.859609842
 767 -0.213655442 0.957937539 -0.823782682 -1.00004840
 768 8.09594542E-02 8.66915360E-02 -0.293012828 -2.18909311
 769 0.643599868 0.517773628 -0.420775622 -0.496702075
 770 0.539843261 -0.827356040 -1.25815928 1.07093179
 771 -2.62012668E-02 -1.59411359 0.191107199 0.555237353
 772 -0.801890552 -0.410232484 -1.62025321 1.35412502
 773 -0.457297117 5.27635813E-02 -0.774955511 1.01933813
 774 0.768706381 0.472694159 -0.224243581 0.400606930
 775 -0.222280294 -0.710861921 -0.773734391 1.91664672
 776 -0.792090416 -0.674321771 -0.619693041 1.95241439
 777 0.299508721 0.613779426 0.787162542 -0.972324908
 778 1.20585847 -1.39535856 -1.37750101 1.17070830
 779 0.967290878 0.306736052 0.187948391 -1.26194715
 780 0.726914108 -0.713292897 -2.03997064 0.958272994
 781 -0.708043814 1.77453244 -0.166698009 0.459908009
 782 0.246982515 -1.78013217 2.28783190E-02 1.43299401
 783 0.823636949 -0.137077630 -1.19611919 1.19302213
 784 1.19734240 1.25164342 1.17633641 -0.689007759
 785 2.14157748 2.27899027 -0.525589585 -0.414633602
 786 1.33561647 0.379534155 0.309423298 -1.12239873
 787 -0.562815309 -7.14476332E-02 -0.704909384 0.791162848
 788 0.908465266 -0.261783332 -1.01612282 -1.27648890
 789 -1.21496892 -2.88861895 0.255284607 -0.296956658
 790 0.397832274 1.22865689 -0.514962614 0.643390775
 791 0.707361996 0.484886795 0.409081817 -0.966466367
 792 0.481130451 -0.504055858 -1.20864558 1.15103602
 793 1.04069734 0.891663074 -0.876237810 0.328996181
 794 0.495708853 1.04227853 -0.604570687 -0.516459525
 795 -0.509719133 0.653228283 -0.485033870 1.01180482
 796 0.740093410 1.30787349 -0.142596126 -0.609245539
 797 0.968172789 0.470149994 -0.400246859 -0.889552057
 798 0.821207643 1.29185057 -0.133007690 -1.03459024
 799 1.58998382 0.188978195 -0.506470680 -0.950765967
 800 0.285985172 -1.57913852 -0.996493816 2.49833965
 801 -0.261459261 -2.33864594 -0.692470372 1.08598530
 802 0.510428786 2.36927104 0.763445318 -1.23315752
 803 -5.11407107E-02 -2.05459452 1.52367830 9.69921798E-02
 804 -0.586174726 -0.259384513 -0.270667464 -1.58917689
 805 -8.85001197E-02 -0.423914790 -0.547320962 -1.07859659
 806 0.793706179 0.428550780 0.333419055 -9.79553536E-02
 807 -1.58433890 0.662539721 0.101941094 -0.320886314
 808 -0.695082068 0.188716680 1.01165664 -0.639666677
 809 0.939935625 0.619428456 -1.65341878 -0.280359060
 810 -0.252332211 -1.49986339 0.782854915 1.70885324
 811 1.14072919 0.932915509 0.258569568 -1.62537718
 812 0.169181943 0.524634302 0.216522574 0.393127501
 813 0.619581401 0.136625648 -0.127699703 -1.27628827
 814 -0.350636542 -0.294073582 -0.487990558 0.846149325
 815 0.395687044 -0.609583795 -1.11712623 -1.03648627
 816 -7.49820471E-03 -0.897454441 0.702486396 1.23903799
 817 -0.833512485 0.528262556 -0.440875232 1.16310453
 818 -0.689769685 -1.62031829 -0.492031574 1.10403049
 819 9.65534225E-02 -0.308496267 0.393571824 0.907702029
 820 1.71400714 1.25953054 0.668488622 1.79224980
 821 0.806204498 0.885966837 0.123686060 -0.289308548
 822 1.53875041 1.11009276 -1.29109669 -0.742256463
 823 -0.798280478 0.494563401 -0.312290728 -1.29388249
 824 -0.826229513 -3.32645583 -2.02407026 0.632080793
 825 -1.51965097E-02 -0.456233680 -0.854829729 -1.82963741
 826 0.113731705 -0.372840315 0.336461037 1.59534669
 827 -1.01982915 -2.81064725 -1.50273681 -0.132897645
 828 0.171294779 -0.878592491 8.83670077E-02 0.388204366
 829 -0.498556376 -1.07477486 -0.283416390 -0.551768899
 830 0.827084661 -0.896719694 -1.57761621 0.328217268
 831 1.06605446 -0.341477513 0.881755471 -0.417211592
 832 -0.761903346 0.213372529 -0.267516136 1.01850533
 833 0.141185164 -0.489136934 -0.943799496 -7.54753500E-02
 834 0.192755222 -0.548749387 -0.178321034 1.56397796
 835 -0.835870743 -1.10530901 -0.555478096 1.08072293
 836 -0.296166897 -0.520637512 -0.352961719 -4.45094518E-02
 837 -0.598369479 0.432934165 -1.21740937 0.941680431
 838 1.32939374 0.279562533 -0.229206681 -1.04315782
 839 -0.276931375 -0.744486690 -0.462989211 0.308479607
 840 -0.233105063 -0.532579362 0.196165070 -0.577361345
 841 -1.68923867 -0.358416468 -0.490843445 1.30084467
 842 1.98708391 2.77673006E-02 0.250217617 -0.575244129
 843 -0.169919342 1.05331159 -0.462882280 -1.17028160E-02
 844 -0.815449238 -1.41894114 -0.210217014 0.960101604
 845 0.961358368 -0.794422925 0.525444448 0.592629552
 846 0.552422702 1.86659670 -0.155166492 -0.562401056
 847 1.24798822 -0.124741703 -1.17394710 -0.681262255
 848 0.670491099 0.832221568 0.880614281 -1.37479043
 849 -0.729668260 6.85942769E-02 0.841500759 -1.10357255E-03
 850 0.641111195 -0.624691129 -1.53084195 -5.07579073E-02
 851 0.285698175 -1.04807830 0.627762616 0.430331618
 852 1.28884041 -0.707709253 0.644928396 -1.26980817
 853 -0.443856776 0.932813883 -1.34587181 -1.54798412
 854 0.284124881 0.659961700 0.114462316 -0.597216308
 855 0.348657519 -0.501840413 -1.44311023 6.75958693E-02
 856 0.941044509 -0.469503671 -0.790802956 -0.489957452
 857 -0.910732567 0.367120385 -0.456484616 -1.24746633
 858 -8.19024369E-02 -0.895870626 -0.452728510 0.293619394
 859 1.47257280 -0.980308771 -0.466271162 0.801067829
 860 3.66462953E-02 0.862725794 -0.679653287 -0.240398854
 861 -0.331614614 0.293358803 -0.195881590 2.07259965
 862 -0.239841193 -0.523714185 0.475112051 -2.05778766
 863 9.44519043E-03 -0.268756777 0.185131401 7.11458325E-02
 864 1.77134717 2.37075138 0.205974549 -1.99290025
 865 2.03443408 -0.920170665 -1.25324059 1.85654223
 866 -0.731421828 0.471859425 5.35966903E-02 1.04436874
 867 0.952129543 -0.154031783 -0.973331094 -0.332497388
 868 0.165128559 -2.14834511E-02 -0.327463597 -0.666684151
 869 0.339843035 1.10981941 -0.263028622 0.992365777
 870 -1.27526319 0.658811450 -0.943275571 -0.731665850
 871 -0.128746599 1.61214805 0.120214842 -1.50588679
 872 1.24575043 -0.298084378 0.418094099 -1.04872799
 873 0.707877219 -0.772366285 0.412783325 -0.322562933
 874 0.508236766 1.08679557 0.416702777 -0.994150221
 875 0.194777369 -0.113288254 0.690398574 -1.25834525
 876 0.727597058 -0.464830816 -0.921696544 0.749087334
 877 1.14121258 -0.575457454 0.411398232 0.253167212
 878 -1.51585257 -1.03350568 -0.546752810 0.928377807
 879 2.66329575 -0.315731227 0.743498683 -1.12689102
 880 -1.00345623 -0.518185139 -1.08662224 0.290363133
 881 -0.272435069 1.67653298 -0.222318709 -0.286802948
 882 1.06803548 -0.281056225 0.798508346 -6.59417063E-02
 883 0.272684276 -1.25905406 1.07397568 -2.49465871
 884 -0.246416390 -0.769286811 0.983293414 1.35311639
 885 -3.11793834E-02 -1.36924350 -1.56407285 -0.258631676
 886 0.317483962 -0.916157901 -0.417110562 1.07665038
 887 0.384306669 0.548366427 -0.253564686 -1.05326664
 888 0.908668756 -0.491150856 -0.963349581 0.489081919
 889 1.68895662 -1.32434356 1.56670284 -0.301117003
 890 -0.473491192 -1.36387423E-02 -0.379626185 -6.70936704E-02
 891 1.98217046 0.690096378 1.25798106 -1.19992852
 892 -0.733706951 -1.09249246 -0.716848850 1.27054489
 893 -0.238594592 -0.636877775 -9.89602506E-02 -2.24205852
 894 -0.173266023 -0.921723723 0.654681921 -0.185385421
 895 0.946520150 -0.290570647 -0.888844728 -1.83310330
 896 -0.583465457 0.500370204 0.108749866 0.790186465
 897 0.858418822 -1.95616913 -1.50804543 2.13868427
 898 -0.489940315 0.313898295 4.66731414E-02 -0.305504143
 899 -0.454156697 -0.118753701 0.247238547 0.538207948
 900 1.84391308 1.11678755 0.763039351 -1.31102753
 901 -0.389869303 0.228128687 0.410290033 -0.140148520
 902 -0.425293237 -3.05610597E-02 0.355720073 1.05771315
 903 -5.16565591E-02 1.75151622 -1.72432375 0.567186236
 904 1.33572304 1.53088295 -0.571651578 -0.455576152
 905 0.129235953 -1.05447364 -0.413068235 0.741479635
 906 -1.15763080 -0.237604395 -0.198406935 0.163957641
 907 0.909648776 1.29102576 0.199875891 -0.849856079
 908 0.607759714 0.927176714 0.963536084 -1.83844662
 909 -9.13085490E-02 0.494091660 -0.784035325 0.462690979
 910 0.740936339 -0.363072336 2.09537411 -1.87223566
 911 1.06725246E-02 0.599041760 0.136120886 -1.46163464
 912 0.175524086 -5.70872314E-02 0.939689279 0.715529442
 913 -8.71395022E-02 -1.59083092 -4.52304929E-02 1.16577399
 914 1.01837635 -1.09304762 -1.06462801 -0.415918320
 915 0.188702792 -2.18208957 1.59755731 0.669067860
 916 1.74550009 -1.19906509 -0.927373588 -0.218564332
 917 5.15817702E-02 0.758209884 0.632675946 0.664154053
 918 1.33900297 -1.41944289 0.767854452 1.62587988
 919 -0.159656435 1.25231481 0.573942006 -0.832255483
 920 0.470886558 -1.18853056 -2.06750107 -0.943098485
 921 1.73788214 -0.554644823 1.23545241 0.287821352
 922 -0.305483758 0.160291359 0.119558074 0.376197755
 923 -0.782478392 -0.550005376 -1.09291375 2.04710340
 924 0.237540632 -0.597792149 2.09803772 -1.09547961
 925 1.49432611 0.746848464 0.313588738 -0.662182629
 926 -0.234343112 -1.07686877 -2.04467249 2.46693110
 927 0.220690444 -0.518009901 -0.143818408 2.11706305
 928 1.05364704 -0.389485478 0.580098391 0.336044878
 929 1.44927788 -0.472611815 -1.73550844 -0.672988653
 930 1.44767416 0.793989062 1.51536596 -1.27005529
 931 -1.37485600 1.39776337 0.247628197 -0.655689359
 932 -0.628738999 -1.16069078 -0.424008787 -0.580192626
 933 -0.281294048 -0.678537905 4.85052764E-02 -0.835892618
 934 0.823053777 -0.269081056 0.372216076 -1.36347139
 935 1.09411263 2.21653032 0.658728182 -1.09204304
 936 0.477522314 -1.52119350 -1.33903229 0.653761148
 937 0.708918691 -1.44067967 -1.57414973 0.118113697
 938 -1.12641287 -1.37455451 -0.878239393 -5.73304296E-03
 939 -0.266538024 -1.16119504 -1.38286865 0.844785929
 940 -0.530621648 0.871518016 0.138196334 -0.786220670
 941 0.233741164 -0.964123666 0.463283718 0.695867658
 942 3.26281190E-02 5.78023940E-02 -8.91155601E-02 -0.412434429
 943 -0.121135361 -1.34392214 2.33992934E-03 0.923014045
 944 0.413840741 0.728935540 0.701454103 0.205907643
 945 0.801122189 -0.344389856 0.657433629 -1.68995905
 946 0.781468451 -0.538665771 -0.813363671 4.11234498E-02
 947 1.94162512 0.581219375 -0.111761987 -0.960280597
 948 2.41421080 -1.21354795 -1.36494350 -0.667901814
 949 0.301685184 0.350652516 1.25920510 -1.75743222
 950 -0.680890024 -0.804692864 0.451719970 -7.00264275E-02
 951 1.05154383 1.25579119 0.332296848 0.854494274
 952 0.169944912 -5.82485497E-02 0.367586523 -0.369918287
 953 0.279145837 1.10264397 0.251396060 -0.526536345
 954 0.770372570 -1.07270563 0.889466465 -7.74062425E-02
 955 -1.58209693 1.64037287 -1.39390707 -0.657238841
 956 -1.68277574 0.557221055 0.823376596 2.11398816
 957 0.879587829 -1.01842821 -4.06160392E-02 -1.49518132
 958 0.801744580 1.72708714 -0.153265700 -1.36146879
 959 0.118135452 1.05451334 -0.454295039 -1.01257467
 960 -0.306179047 0.776143193 -0.265005618 -1.12174988
 961 0.471729815 -4.07338552E-02 1.07619023 0.619399726
 962 1.03131759 -4.85863388E-02 0.800706863 1.00030601
 963 1.23574257 0.128123254 0.269668013 2.33936459E-02
 964 -1.72110740E-02 -0.751710713 -2.05870438 1.06593752
 965 -7.62626827E-02 -6.31104410E-03 -0.951723576 -1.62192500
 966 0.542244792 0.576677382 0.618203163 0.210058093
 967 -0.429527819 -0.367681324 0.765490651 -1.46519911
 968 1.00630045 -0.212440014 0.449530959 5.22202859E-03
 969 -0.220021129 -0.339981198 -0.794044316 -0.609435320
 970 0.389846832 1.40488100 0.209489137 -2.68397617
 971 0.509464324 -2.77688718 0.926576853 -0.146220788
 972 -0.984991789 -1.81388652 -7.17315301E-02 1.51739395
 973 0.482642531 0.346583664 -1.32549226 -1.18174493
 974 -9.04982239E-02 -3.68676707E-02 0.198024333 2.51586676
 975 1.44830060 -0.981188774 -1.01260328 0.208434954
 976 1.19253099E-02 5.34972548E-03 -1.22550869 1.52035570
 977 0.505458891 -0.487452596 -1.37903118 -0.571343720
 978 0.493258595 6.35143295E-02 -0.416065991 0.821115434
 979 -0.521985292 -1.73973417 0.479542792 -0.785407066
 980 -0.317723721 0.481144935 -0.899102688 -1.15443182
 981 -2.05271029 0.854745448 -0.524401784 -0.605083823
 982 -0.835587740 -1.78929639 0.114021331 1.10208070
 983 2.42804050 1.14968514 2.11453295 0.463574588
 984 1.88200188 -2.37717414 0.389504641 0.668764472
 985 1.27813172 -1.02211022 -4.13812548E-02 2.07709146
 986 -1.30091727 0.477916598 -2.40277624 2.66969538
 987 0.280496627 0.594880164 1.10649180 0.335320830
 988 1.99953043 -0.998280644 -9.23782885E-02 4.85632867E-02
 989 1.49307084 1.33557725 0.265122890 -1.00024092
 990 -0.250006914 -4.92984317E-02 -0.395150602 -0.613910794
 991 0.923656464 -0.671673656 1.43093193 -1.91071200
 992 -0.312078804 -2.01665685E-02 0.699965417 -0.198482350
 993 0.834106445 -6.18379712E-02 -0.757885218 -0.112896092
 994 -0.100453414 -2.61518061E-02 -1.50539565 -8.68889391E-02
 995 -9.52605903E-03 0.890269995 -0.601652980 -0.519740939
 996 0.470895737 0.246645302 3.54116336E-02 1.04611373
 997 0.881116629 0.301589966 0.231570691 -0.848026276
 998 1.60748506 0.447262794 -1.59845281 -0.737726688
 999 2.05412579 0.146565139 -0.435981750 2.14055467
 1000 -8.88007134E-02 1.40725815 1.77787507 -0.370544195
 1001 2.53231674E-02 -1.27800846 -0.933075607 1.44557238
 1002 0.215657473 0.210447028 -0.696773052 -0.563046634
 1003 -0.687593460 0.113485008 1.28293586 -1.66443038
 1004 6.88553229E-02 1.34349966 -0.270072222 1.04430282
 1005 -9.96951759E-02 0.896047413 -0.792443752 -0.705325723
 1006 0.323430866 0.186370000 0.438965440 1.15114832
 1007 -0.638765454 -1.56180382 -1.77204669 1.53411973
 1008 0.321223289 -0.443946242 1.04145980 -1.36741984
 1009 -0.262333930 0.178427309 -1.05186272 -0.221613109
 1010 1.04172814 1.27888691 -0.701846004 3.48521471E-02
 1011 -2.75760436 0.949229598 -0.219715580 -0.784810305
 1012 -2.23103666 -0.720715404 -6.75162002E-02 1.90133214
 1013 0.473853648 -1.35943067 -0.487678885 0.434150785
 1014 0.366358161 -0.326638818 5.79559505E-02 -7.22579751E-03
 1015 4.31420505E-02 0.130720064 -0.306143165 -1.04072571
 1016 0.282935023 0.398892343 -0.270263553 -1.36186910
 1017 0.151751488 -0.838781178 -0.750472248 -0.939335048
 1018 -0.301215768 1.34891224 -1.25522935 -0.358223140
 1019 -1.34200442 0.369557083 -0.268683851 -1.49638641
 1020 1.74642658 -1.40706623 0.870490313 -0.668748379
 1021 1.21332371 1.11751926 0.984955430 0.869258761
 1022 0.377952635 -1.32795691 -1.07809138 0.701993942
 1023 0.417053640 0.329701722 -0.428476214 -0.200504884
 1024 -0.149007201 0.457229614 -0.210792214 2.19371700
 1025 -0.295882493 0.192569882 -0.221675783 0.462204278
 1026 0.986947358 -0.878745437 -0.311008513 0.793833792
 1027 1.75413668 0.328812718 -0.501897752 1.26377225
 1028 -0.801606476 -0.374390572 -1.33130312 -0.982146621
 1029 0.675968170 -0.561672330 0.807946563 -1.83369839
 1030 0.803628743 -1.22982800 -0.639634073 0.923710346
 1031 -0.473562449 0.967637658 -0.672269642 -0.463100314
 1032 0.599097729 -1.23413706 -0.412128091 -0.437123835
 1033 0.895868719 0.851470172 -0.756614089 1.49019039
 1034 0.754539549 1.38816428 1.68916535 -0.962220073
 1035 -0.809249163 -0.210197255 2.42628741 0.622136295
 1036 1.21765733 1.65801537 3.34797120 0.286362618
 1037 1.14037561 -0.178437352 2.63382816 -0.209288761
 1038 0.346287191 2.67325377 2.40381289 -1.44559479
 1039 -2.00337124 -0.398641229 1.31723344 -0.113659069
 1040 -1.37619019 0.469554484 1.66619217 -1.09150112
 1041 0.330446303 2.55737615 0.711943865 -0.713147283
 1042 0.455424786 0.958668113 2.27683973 -2.36092806E-02
 1043 0.226940855 1.00646496 2.91229320 -0.353115141
 1044 1.15969682 1.47832561 1.53750074 1.67542696E-03
 1045 0.625031471 1.53618431 2.71075869 -0.900368154
 1046 0.107876688 1.87111712 1.89499462 0.104216546
 1047 -1.28660750 -0.145494014 3.21588850 -1.20847845
 1048 1.18973243 0.365449220 1.34497213 -0.343796581
 1049 3.04197297E-02 2.20288253 1.04526460 -6.04494438E-02
 1050 0.536437511 0.862600088 2.97694612 -0.452583075
 1051 -1.13026428 1.90413201 1.07671022 -0.749827087
 1052 1.43287504 0.724217653 1.54279637 -1.66313899
 1053 -0.663811088 0.868724704 2.27922153 -1.62351573
 1054 -0.705098510 1.84768844 1.83937895 -1.22919500
 1055 -1.23895502 1.77148414 2.36389971 -1.71690154
 1056 0.134633571 1.96096492 2.19573188 -1.58822739
 1057 0.378943890 0.270043671 1.81872511 -1.42315781
 1058 2.26463962 0.197079197 1.85323596 -1.23906052
 1059 -0.999355555 0.929300785 2.88669229 -1.57876086
 1060 -5.42532131E-02 1.93723297 2.51969075 -0.397921294
 1061 -0.249615014 -1.76280271E-02 3.09366250 -9.11177099E-02
 1062 -0.908955336 1.12046278 2.04254174 -0.749938011
 1063 0.115631267 0.675243676 1.46472037 -0.889037490
 1064 -7.37919211E-02 1.70725083 2.41197371 -1.22354758
 1065 0.311242938 1.06374562 3.09959078 0.793258965
 1066 0.351547778 2.72918606 2.43846178 -0.779736936
 1067 0.842734516 2.06423664 3.67648482 -0.705209851
 1068 -1.54120326 2.65947962 1.65918171 0.108317293
 1069 -1.92959452 1.51529944 2.12924981 -1.59989524
 1070 0.738220334 -0.753055334 2.10356998 -0.741118193
 1071 0.382265687 2.75006604 1.74312317 -1.32782567
 1072 -0.887126982 0.161621213 1.75596702 -0.514179468
 1073 3.32733393E-02 0.502155423 2.86032557 -0.564683437
 1074 0.290050328 1.60648453 2.29378867 -0.326733351
 1075 -0.536746264 -0.469325006 2.91969347 0.130141050
 1076 0.534657598 1.11728644 1.48807573 -0.550042748
 1077 -0.106210455 1.06661344 2.87271643 -0.991482437
 1078 -1.49206471 1.03967166 1.53050816 -0.805847883
 1079 0.120261848 0.553002834 1.36466682 0.195161149
 1080 -0.204847783 0.340698183 0.104582272 -0.143439397
 1081 3.15363050 0.416666240 1.63292503 -1.15436482
 1082 1.72907829 0.657009602 1.46241665 -1.13835907
 1083 1.22868943 0.805192888 1.83878839 -0.173157766
 1084 0.734647214 1.29897904 2.54709768 -1.34262061
 1085 0.611027837 -1.03386569 2.02871180 -0.917506337
 1086 0.425588876 0.294353008 1.79079092 -1.56463194
 1087 0.278666437 1.39438772 0.569117367 -0.426469207
 1088 -0.717183352 1.56736505 1.38342559 -0.677618027
 1089 0.910973549 3.08114839 1.26187074 -5.33271804E-02
 1090 0.945731819 -0.573368371 1.00239599 -0.771777332
 1091 2.27809858 0.527639925 2.13198686 -0.749643624
 1092 2.45291138 -0.957723320 1.30445504 -0.817142010
 1093 -0.326777726 -0.110564522 1.86795354 -0.247614592
 1094 1.63253140 0.651603401 1.50379860 -0.684160948
 1095 0.431803942 0.508210659 1.40371430 9.68124568E-02
 1096 -1.02493882 0.838816345 1.47830045 -0.716531396
 1097 0.188480645 1.30562782 1.83371806 -1.53959334
 1098 1.50723433 0.709707439 1.50376105 -0.171420917
 1099 1.18077230 -0.284787655 1.81373334 -1.83568203
 1100 1.52623355 0.584054887 1.35098028 -1.28531337
 1101 1.00097847 7.32657015E-02 2.11859775 -0.707056761
 1102 -0.417467415 2.27839327 1.40160334 -0.885954976
 1103 -0.786744833 0.896870375 1.00047421 -0.963182092
 1104 3.23145318 -1.56273603 1.83203781 -1.29584599
 1105 0.619101167 0.616378427 1.63732266 -1.19232476
 1106 -0.406253278 1.03048229 1.41569889 -0.715109468
 1107 1.22142386 0.176660687 1.90268481 -0.165297002
 1108 0.360214740 0.492679358 1.24112606 0.138956517
 1109 0.103770204 2.68900585 0.507073164 -0.459924161
 1110 -0.397770256 1.17523491 1.74573159 -1.70733833
 1111 1.66174865 1.93190110 0.192242265 0.297634691
 1112 0.625938714 -0.743899584 1.03428102 6.38256073E-02
 1113 -1.48731852 1.30035305 0.865072250 -0.848573923
 1114 -1.17124212 0.946679473 1.03508484 -1.04276371
 1115 0.277888298 1.42869806 1.99054301 -0.430816591
 1116 -0.965302408 -0.681778133 0.934842706 -0.415349722
 1117 -0.873648405 1.91440344 0.960210204 -0.867549539
 1118 -3.45455110E-02 0.859962463 2.56712151 -0.100660019
 1119 -0.941466928 2.02050161 1.87581754 0.317915499
 1120 -0.689088643 0.322431386 1.10163844 -1.10469675
 1121 0.468193233 1.95868933 1.95498514 -1.06756270
 1122 0.659236670 0.346357167 0.930149555 -7.82548189E-02
 1123 2.05852056 1.09078348 2.11670542 -0.679700375
 1124 0.330499828 1.01748323 2.71301866 -1.10430491
 1125 0.318235368 1.28226519 2.79292750 -0.223364472
 1126 0.988561928 0.315997243 0.273478389 -0.941395402
 1127 2.74742007 -0.116668776 1.48416960 -0.566124558
 1128 -0.244699970 1.69816172 1.12915874 -0.996248662
 1129 -0.935554564 1.10571158 1.10997891 -0.844259322
 1130 -0.141296327 0.225484088 1.83430552 -0.716098785
 1131 1.29537749 0.545361400 1.29984140 -0.454657972
 1132 0.247196153 0.155405015 2.64684272 -2.01737404
 1133 -0.212687254 1.76079917 3.83288074 -0.370708823
 1134 -0.131199598 0.418184072 2.14758968 -0.896024704
 1135 1.13258314 0.950344801 1.49588943 -0.919582844
 1136 0.327578425 0.360118330 1.25555325 -1.34045398
 1137 0.578071713 0.646729469 1.41882503 0.319175363
 1138 1.53026402 0.625127733 1.33488405 -0.231500998
 1139 -1.37304187 1.78347719 1.29926157 1.58583903
 1140 -0.676423907 0.161240980 2.93431830 0.304532379
 1141 -2.15789270 0.275433779 1.69949710 0.234277874
 1142 -2.28311563 0.591173291 1.19507909 0.137223452
 1143 0.310623586 1.74432611 1.03991234 1.18332827
 1144 -0.416535139 -0.234229058 1.41377079 -0.160438865
 1145 -0.512720823 -0.383338630 0.755536675 0.209582150
 1146 3.67565751E-02 5.99344224E-02 0.604771495 0.816472054
 1147 0.119334139 -0.472412586 0.217301846 1.09076762
 1148 -0.132631302 1.36498106 1.16068196 -0.421609581
 1149 -0.359831095 -0.712711453 0.309546441 0.792366982
 1150 -0.242746085 1.16761947 0.926405132 0.723350823
 1151 -2.37968493 0.946565926 1.03960609 -0.305010021
 1152 0.700314224 -0.420605481 -3.61457244E-02 0.209271878
 1153 -0.182399064 2.51135850 -0.971740544 0.185860395
 1154 -1.20484769 0.158401921 0.257112950 0.600771070
 1155 -0.378743768 0.554830015 -0.347942412 7.12215900E-03
 1156 -0.956573129 0.252616256 1.36806631 1.04393506
 1157 -1.08140218 -0.226482108 1.37093461 0.953812957
 1158 -1.36025107 -9.93627757E-02 0.945151925 1.60472047
 1159 -2.14452028 -0.930920780 0.894635439 5.48436940E-02
 1160 -0.892514169 -1.17421150E-05 -9.50169563E-02 -0.699692249
 1161 -0.354174376 0.989678681 0.187211081 5.34552969E-02
 1162 -3.19838476 0.187612265 1.15498245 1.35862017
 1163 -0.160783008 -0.891025603 0.765008330 0.427474022
 1164 -1.45181251 1.37536216 0.755498290 0.340860397
 1165 -0.714785457 0.919193983 0.693403840 -0.172018051
 1166 -0.782204509 -0.515310764 1.36803770 -0.206814647
 1167 -1.64393616 1.25081742 0.661759973 0.991528451
 1168 -0.434321791 -1.82642627 1.42460620 -0.125759915
 1169 -0.748611450 2.44651937 0.878913283 0.306922287
 1170 -2.45525002 -0.330523133 1.05292249 1.06669819
 1171 -0.786705256 -1.12601197 0.836519599 0.348576158
 1172 -0.129956633 -0.684937179 -0.283122927 -0.204536259
 1173 -0.448096573 0.409454226 1.35255456 0.549680114
 1174 -0.975672722 1.08941758 1.42810082 0.803014636
 1175 0.161852837 0.670698643 1.49384952 0.321128696
 1176 0.533113599 1.81800723 -0.258614302 0.961566210
 1177 -1.33928430 -1.12144947 0.626767874 0.136889070
 1178 -2.06175148E-02 1.11969352 1.12478185 0.477111787
 1179 -0.183807433 2.08766341 0.901384830 -0.233940661
 1180 0.168225080 1.02626705 1.20711482 0.250579596
 1181 -0.443772376 1.72760153 0.510781109 0.576936662
 1182 0.339998007 1.84013963 0.817683101 0.440113276
 1183 -8.43557566E-02 -0.239361852 0.729568899 1.20234466
 1184 -0.485344648 -3.85396034E-02 0.663659215 -0.514953375
 1185 -0.234362900 2.75695491 0.659303367 0.904270530
 1186 -1.04217196 0.417298108 -0.287045032 0.502844572
 1187 -0.603636384 1.57272005 -0.127338260 1.23340023
 1188 -1.00671518 2.34963596E-02 -0.748116076 1.04452205
 1189 -1.27848852 0.372310191 0.387777030 6.23203963E-02
 1190 -1.30092227 -1.51817155 -5.12009859E-03 -0.670109868
 1191 -1.03959525 -0.763370574 0.218410775 -0.719840646
 1192 -0.130562499 1.09287071 0.751360416 -0.263056874
 1193 -1.33039975 1.24448740 1.90323927E-02 -1.65347382E-02
 1194 -0.596692324 -0.740481138 1.37187803 0.919878066
 1195 -3.08467187E-02 3.42116952E-02 0.550634444 2.11391640
 1196 -1.46965683 0.582069516 -0.227240443 1.43359601
 1197 -1.58224106 1.42968488 0.684728563 0.460402668
 1198 -3.63375992E-02 -1.13837004 0.237563640 0.746386707
 1199 -1.21292150 0.308820724 0.120714575 -2.98091769E-02
 1200 0.124403074 -0.278206229 -0.152020127 0.292215139
 1201 -0.311006278 0.811684966 0.807996571 0.189385891
 1202 0.657080054 2.51512504 2.46814442 0.159391880
 1203 0.145854592 2.66586995 0.660085082 0.449870110
 1204 -2.51589584 -0.263437867 1.24157202 1.01907766
 1205 -0.240007177 1.97119319 1.23685908 1.51333392
 1206 -1.56528819 0.564461887 0.434646189 0.528741717
 1207 -1.05762172 0.300662130 1.11529219 1.12731385
 1208 -1.16253579 -1.16771054 0.505368531 -0.115425825
 1209 -0.705075383 1.20027810E-02 0.164129913 0.466177523
 1210 -1.52509141 -0.143482506 0.932428062 0.901524127
 1211 -0.207226366 -1.20302022 0.423725903 2.01857448
 1212 0.793839931 -0.125052691 1.54456720E-02 0.271821231
 1213 -0.751855552 -1.37215316 1.53896499 -0.224712640
 1214 0.520781398 1.76719868 1.37571084 0.799847782
 1215 -0.250617355 0.713708401 1.07936442 -0.630063713
 1216 -0.793396175 1.99492431 0.154119790 1.56375694
 1217 -0.486716896 1.52633655 0.844044089 -1.31468922E-02
 1218 -0.766493142 -0.352532119 1.23614442 0.615364313
 1219 -1.48104870 -0.875431716 1.80593073 0.183664039
 1220 -0.923655868 0.331117868 1.14564514 7.93989450E-02
 1221 0.106000945 0.308314830 -0.287163973 0.932291627
 1222 -1.83510637 -9.66842473E-03 1.35175741 0.787469327
 1223 -0.903213501 -0.612827718 0.815964103 0.280671746
 1224 -1.68394065 7.57109746E-02 0.425346911 -3.99357826E-02
 1225 -1.53687131 3.37209553E-02 1.08278716 0.944832683
 1226 1.10150230 5.62754273E-02 0.742277801 0.825993598
 1227 -1.31619847 0.295598835 2.33947015 1.00776887
 1228 -0.384117037 1.57468545 0.171748698 1.55635524
 1229 3.04285288E-02 -1.41827059 -1.28943622 -0.330864161
 1230 0.303870261 2.12914228 0.237853438 0.323081493
 1231 0.408532560 9.41215008E-02 0.664761782 1.22956431
 1232 -0.684891939 0.444587857 1.14179766 1.02002764
 1233 -2.61374521 -1.14065230 0.927448869 0.940213442
 1234 -0.122287378 0.497839868 -0.356907874 0.730929494
 1235 -1.33242536 -1.85860336 0.868926823 0.234409049
 1236 -1.57979393 -0.514226556 1.03349054 -0.393516481
 1237 -0.752579749 -1.24003601 1.22273004 0.378028482
 1238 -1.34458673 0.654163539 0.650277317 -0.203056127
 1239 -7.36863464E-02 0.514365494 -0.771651149 0.504232764
 1240 -1.06162453 0.803243339 -0.105030306 0.772231519
 1241 -1.18295252 -0.360605359 -0.977836847 1.68923187
 1242 -0.152975380 3.71301286E-02 1.22479236 0.350960732
 1243 -1.19954014 -5.86447418E-02 1.72242391 1.11387515
 1244 8.49617422E-02 1.94370854 -9.04253423E-02 3.89257967E-02
 1245 -0.601448774 0.392501354 2.37857628 0.823201716
 1246 -1.52245545 -1.62854457 1.26946795 0.553235054
 1247 -1.10007191 -3.95379253E-02 0.778810978 1.32272553
 1248 0.384415686 -1.83498412E-02 0.283955365 1.04399478
 1249 -1.39417899 0.738737822 0.705141842 0.523048818
 1250 -0.850381494 0.436057001 -0.924370885 6.76816851E-02
 1251 -1.34351969 -0.561573505 1.63002563 0.804909348
 1252 -1.25770521 3.75863016E-02 1.71073389 0.306961268
 1253 -7.49930739E-02 0.142885998 1.30548036 0.367828369
 1254 -0.208253905 -1.16700661 0.756362855 -3.96012291E-02
 1255 0.836888790 0.524647951 0.959273100 0.187025696
 1256 -0.586847126 2.36284328 1.42740703 0.455503404
 1257 -1.02478850 -0.198433951 0.418255091 0.540758967
 1258 -0.666861534 -1.77439499 6.74926937E-02 0.349409223
 1259 -1.70772541 -0.805077195 -0.702449799 1.82193744
 1260 -1.57108796 1.96091485 -0.601559401 0.833281875
 1261 0.258436561 1.64287353 0.231673419 -0.626062036
 1262 -0.181997091 -0.247471556 1.22756505 1.56648827
 1263 -0.891498506 0.144284502 1.65925753 -9.25427601E-02
 1264 -0.351646423 0.873375416 0.443395615 0.618771315
 1265 -0.614485621 1.06613445 -0.387368232 0.946455300
 1266 -1.14256942 -0.294866115 0.127460599 1.51010036
 1267 -1.67449617 -1.31021702 -0.824680865 0.156515419
 1268 -1.17771649 -0.228197381 -0.685882270 1.72095728
 1269 -0.669653535 0.224789739 1.40951347 -1.50485486E-02
 1270 -1.85646415 -0.248448208 0.307441711 0.600744247
 1271 -0.661200285 0.160379037 1.48375833 0.201148897
 1272 -0.612580299 0.868969321 -0.372426659 0.306718200
 1273 0.724823594 1.56124246 1.90854406 0.563560665
 1274 -0.442167997 -0.131155148 1.11370361 0.284685940
 1275 -0.252563268 0.408215582 -0.210202277 0.629582822
 1276 -0.714813769 0.502288699 0.294291466 1.01096451
 1277 -0.478923440 -0.327847898 0.799554586 0.505665064
 1278 -2.07506442 0.963940918 -0.593228340 0.731626511
 1279 -0.547781706 0.350809425 1.82285762 0.696215272
 1280 -1.52437592 0.952797711 -0.381348610 0.101913452
 1281 -1.47803760 -0.410135955 0.491535187 0.295583367
 1282 -1.67012215 0.520402610 0.812690735 0.996069551
 1283 -1.20607746 8.97008181E-02 0.643823087 7.62543529E-02
 1284 -0.674180925 0.482677251 -0.472270519 0.616880536
 1285 -0.714282393 0.779288590 9.28166807E-02 1.49004650
