 1 0.635469794 -1.15870738 -0.661189795 5.41365519E-03
 2 -1.38915420 -8.54318142E-02 -0.561615050 1.57669604
 3 1.62016821 1.32271504 -0.665953338 0.573059380
 4 6.54196292E-02 0.384088576 0.374343574 2.17436171
 5 -0.791236579 -1.78983879 0.621443689 0.298732221
 6 -0.458548665 3.02771282 0.106149539 -1.32276249
 7 -1.61041188 -1.14860010 3.56956720E-02 1.96041179
 8 0.455139667 0.410948634 -0.423522651 0.395105362
 9 -0.164802358 0.470834970 8.97139311E-02 0.299211502
 10 0.418187141 1.05612540 -0.675808489 0.564844012
 11 -1.18411481 2.57868767 -0.555121124 -0.952277303
 12 -0.498567313 0.203661799 -0.547906995 2.02886319
 13 1.69895470 9.38633382E-02 0.391536087 -1.17647779
 14 1.15478373 -0.294499397 -0.611911535 0.390665293
 15 -0.827192605 0.348257363 0.254325449 0.392223805
 16 0.829886675 2.07981324 -0.895456076 -1.06511128
 17 1.37114084 0.696456671 -1.35066795 0.782421470
 18 0.465511799 0.926573932 -0.781175435 -1.13287306
 19 -0.203633636 1.72367907 -0.656945229 0.227885246
 20 4.97268029E-02 1.58036613 -0.784967303 0.881857216
 21 0.600921452 0.526006222 -0.561204314 -0.912975073
 22 -0.395769179 -0.846179187 0.584488750 -1.98564219
 23 0.168281138 2.32035923 0.478008658 -1.36808515
 24 0.522909641 0.984969258 0.960632503 0.133591324
 25 0.861078858 0.813514709 -1.63613927 1.73445940
 26 -1.05158699 0.791605592 -0.923475087 1.92241335
 27 1.58658969 1.56512642 -0.623347044 -1.44911695
 28 0.679008305 -0.625631273 -0.771743178 -0.975603461
 29 0.391693205 1.77560449 0.352667242 -1.61956549
 30 8.65837634E-02 0.835749865 -1.05146015 0.470048010
 31 0.880390167 -0.815508902 -0.607909083 -0.830744147
 32 -1.39454401 -1.78626013 -0.359557122 0.620752633
 33 0.982638061 -0.533871412 0.350210905 0.226301581
 34 -1.98357511 -0.896825552 0.151446149 -0.234665543
 35 1.23918223 -0.834741056 -0.498175025 0.563874722
 36 -0.808280826 0.895357966 0.889506340 2.36274246E-02
 37 1.24866056 2.08209252 -0.137303084 0.286872238
 38 -3.07476234 -0.747424901 -0.804608822 0.377556115
 39 -1.90704036 1.43636823 -0.814269423 -1.22215581
 40 0.838402748 1.48182833 -0.582465172 0.720919073
 41 -1.12796998 0.492000639 -1.59372282 -1.51232886
 42 0.418461502 0.826395035 -0.251346707 -1.08575189
 43 0.118878365 0.800555944 0.713360190 2.31421971
 44 0.659673035 0.120863736 -0.622179806 0.447254479
 45 0.534830272 -0.533480883 -1.03195584 -1.23674989
 46 -1.08741343 0.714612186 -0.396427095 -0.110572979
 47 0.806315124 -5.69777489E-02 -0.221950829 0.807751238
 48 -1.47901785 -2.31215805E-02 -0.920292616 0.733343244
 49 1.22549689 1.41622591 -1.40500426 -1.75191605
 50 0.984886050 0.202598006 -1.17652535 -0.939738393
 51 -0.430493444 1.08563101 -0.239521772 -1.10141599
 52 -2.31788307E-02 1.37666845 -0.459427565 -1.50837541
 53 0.752551079 -0.394399464 -0.619038999 1.52320135
 54 7.58262426E-02 0.781340718 -0.499612987 -1.25632155
 55 -0.430426896 -0.904136479 -0.225989193 1.83541846
 56 -6.66014999E-02 -0.301177055 0.378976166 -0.648213863
 57 -2.25164700 0.974612296 0.808825135 0.413954675
 58 2.21618128 -0.725900233 -7.43803978E-02 0.432994366
 59 -1.95080650 1.31295717 -0.577215433 -1.60170901
 60 -0.291705191 -0.407259375 0.765738249 -1.29621971
 61 -2.32541132 1.08684802 -1.14999938 -0.281052858
 62 0.405296028 0.491947830 -8.33486319E-02 -1.26026332
 63 -1.11281323 1.06442595 -0.475263238 -0.975513756
 64 1.48004591 1.22219741 -1.38447261 1.86946380
 65 1.06906021 1.14634740 0.943171322 1.78582752
 66 1.85328662 -0.741214573 1.08471119 -1.34291399
 67 0.738509417 -0.880262792 0.188471824 -1.50592637
 68 -0.784249544 -5.36051765E-02 0.415780306 0.469602168
 69 -1.14529788 0.506615162 -0.700335741 -1.24584532
 70 -0.402767301 0.548160791 -0.653003037 -1.32414734
 71 0.159215465 0.561238289 -0.572335005 0.686997056
 72 0.988931775 1.63089681 -2.43039578E-02 0.165809616
 73 -1.19634521 1.24883568 0.656903386 1.62844718
 74 0.604515672 0.732571840 8.36349800E-02 -1.75827825
 75 -0.452133983 4.80347425E-02 0.521353543 0.162308574
 76 0.972401500 0.289036244 1.45771086 0.126516953
 77 0.495690882 1.12748885 -0.850482345 1.56965494
 78 1.75067902 0.310804904 0.546254635 -0.249725357
 79 -0.951776803 -0.314060271 -0.161480203 0.383937240
 80 1.58124661 -0.384338349 0.476803243 -0.638686299
 81 0.687398434 0.642510533 -0.271664143 0.417959630
 82 -1.13766956 0.544461906 -1.07644522 -0.196319193
 83 -1.00372601 0.658346772 -0.341561079 1.24232137
 84 -0.106731176 0.932747364 1.37006140 1.69751823
 85 0.569004893 0.779913425 -1.20266044 -1.32161403
 86 1.88340342 0.848159492 -4.22654450E-02 3.42413634E-02
 87 -0.472739100 3.74578238E-02 -1.20194244 -0.181486577
 88 0.402036786 0.190169424 -0.944809616 -1.98380053E-02
 89 -1.09850907 0.720180750 1.23329020 0.177837536
 90 -1.48136318E-02 1.66627347 -0.733566225 -1.39193809
 91 -1.15656590 -0.467149347 0.177443087 -0.459803045
 92 -1.99527335 1.04067838 0.417423964 -3.64638232E-02
 93 0.634905994 0.446242362 -0.712360263 0.193606600
 94 -1.11851370 1.56624508 -0.938918173 0.572805166
 95 0.938830256 0.877382159 0.386393845 1.69974661
 96 0.319926441 -0.177013785 0.294938654 -1.18586731
 97 0.988108754 -0.464047194 -7.43979961E-02 0.782878041
 98 -4.79146615E-02 -0.505913138 4.47125733E-02 2.11154008
 99 -0.686649382 0.481791317 -0.733232498 -4.97535504E-02
 100 0.315771639 0.526614845 -9.17607024E-02 0.164188385
 101 0.720750511 -0.270844549 -4.58628908E-02 0.158521891
 102 0.540053904 0.855797529 0.945343137 0.312062025
 103 0.346175045 0.808850348 -0.172332078 -1.22377765
 104 -1.31978524 0.255817205 0.210685298 0.339613467
 105 5.75090349E-02 -0.812364936 -1.28295863 -0.590252817
 106 0.610452890 -0.673847556 -1.40354264 0.183164716
 107 -1.22197437 0.609651089 -0.663914084 -1.26414895
 108 0.323590964 1.10378575 -0.805567563 -7.31601715E-02
 109 -1.05654597 -0.110457972 -1.37563157 7.08206594E-02
 110 0.489908874 -0.330994219 0.867749035 0.177802756
 111 0.124469154 4.67625260E-03 -0.275142014 0.348818660
 112 -0.208709911 -0.177603722 -0.144192040 -0.979884207
 113 -0.563140392 1.17392087 9.44734663E-02 0.347052336
 114 -1.51411295 1.11235309 -0.272876024 -1.14027727
 115 -0.416369766 -9.53877866E-02 0.782167614 1.93522465
 116 0.509247422 0.602135539 0.449236184 1.36769485
 117 9.88119245E-02 -3.58734131E-02 1.05171418 1.87194955
 118 -1.42575157 -0.341417581 -0.643763065 0.188169211
 119 -0.522823870 -6.58012480E-02 -0.966588020 -4.41110134E-02
 120 -1.26487625 2.24472451 0.191603482 2.02863836
 121 -1.82712615 2.30328292E-02 -7.91722536E-02 1.44985986
 122 -1.18820238 0.105997629 0.651038706 -1.37200260
 123 0.796289802 -0.661036491 0.329165548 0.484258175
 124 -0.936008811 -9.26423967E-02 -1.31964958 0.233802140
 125 0.877393425 1.15866220 -1.17627728 0.708948016
 126 -1.04739344 8.03737640E-02 -0.509630919 -1.02245331
 127 0.804315567 9.75684077E-02 -5.58886081E-02 0.581892490
 128 -0.246992856 -0.234967262 -0.218511045 -0.990691245
 129 0.218223065 -0.580247462 -0.259826243 -4.69905138E-03
 130 -0.641519606 -0.991534531 0.336504519 0.388161182
 131 0.972622156 -1.25892437 0.129202619 -1.62379205
 132 -0.266645193 -0.217984498 -0.825924158 0.131686091
 133 1.26163685 -0.588082433 -3.85290086E-02 0.279946953
 134 -1.35225320 0.793996572 -0.351330400 -0.305159301
 135 2.74685597 -0.252555490 -0.701778531 0.499813169
 136 -1.44241357 -0.207997084 -0.588994205 -4.12325375E-02
 137 1.10063434 1.37625611 -0.504579604 8.46235231E-02
 138 0.140894949 -0.637127399 0.263976753 0.360438526
 139 0.441796124 -1.08395004 -0.101523601 0.263066769
 140 -0.409547508 0.578814268 -0.459626108 -6.92741051E-02
 141 -1.29174316 -0.605797529 -1.02243733 4.92145680E-02
 142 -1.73891675 -0.206693262 -1.11168611 -0.231134087
 143 -0.800998509 0.692359388 0.153976217 1.58179784
 144 0.824731529 -0.842443287 -0.404119968 2.16629481
 145 -1.63671005 -0.684712768 -1.34500849 -1.66758478
 146 -0.833415389 -0.273583949 -0.151411027 -0.835892439
 147 1.36283338 0.361131370 0.691242933 -2.57844292E-02
 148 0.960081875 0.439972103 0.344390363 1.66299415
 149 7.55012035E-02 2.94630194 -0.461556643 -4.85178046E-02
 150 -7.12680444E-03 8.87399763E-02 0.499410242 0.117807180
 151 1.41619921 0.574884593 -0.996714354 -1.51948929
 152 -1.61636865 2.30593443 -0.768088520 -1.31017697
 153 -2.04470754E-03 0.315218866 -1.31609273 0.303395540
 154 0.690981150 0.618327260 -0.212134615 0.319935739
 155 1.55573833 1.68119931 0.666637003 -0.642488778
 156 0.476129889 1.66092062 -8.72468054E-02 -0.966636956
 157 0.410202414 -0.681401968 -0.385130882 0.180382967
 158 1.05406761 0.267905265 -1.36235416 -1.45666170
 159 1.40817440 0.222827718 0.561839521 0.225092113
 160 7.45115876E-02 -1.18335724 -4.50739749E-02 8.00056197E-03
 161 7.08833486E-02 -0.880944312 0.646669209 0.361915141
 162 0.335930765 -8.44151974E-02 0.164481431 9.51278284E-02
 163 0.793995559 8.96157622E-02 -1.03513372 -1.12733638
 164 -0.139085844 -0.397511214 -1.28402340 1.78519762
 165 -1.37586784 -0.295807302 -0.600256443 -1.09851050
 166 1.43706501 -0.890595794 -1.56814253 -0.821488559
 167 -0.713482916 1.56560689E-02 -1.11920118 -1.74821353
 168 1.00651097 1.67069590 0.302612990 0.661496878
 169 1.86348617 0.442967683 0.570261300 -0.116872579
 170 -1.27987123 -1.44755268 -0.329829484 7.46580958E-02
 171 0.357025146 0.278762072 -0.681883574 1.53469217
 172 -1.02047706 0.555657387 -1.12766421 -0.716767907
 173 -5.87007143E-02 -0.388378710 -0.527644634 1.43180239
 174 -0.840709567 -0.206358925 0.692047119 0.124426097
 175 0.735546350 -0.944674671 -0.918877482 1.84584320
 176 0.697688043 0.222173378 0.898867667 0.276169300
 177 1.04460800 -1.29143786 1.88013685 2.23605037
 178 -0.977104545 -1.10079813 0.684879720 -1.69090950
 179 -1.02034473 1.47240984 0.218718231 0.910521507
 180 0.426197588 -1.57297969 -0.698209345 0.282363772
 181 0.360278070 0.366320968 0.497040004 0.119208962
 182 3.77286226E-02 -7.02323914E-02 -0.674492419 -1.09587765
 183 -0.442113072 -0.114832893 0.712429643 0.124240443
 184 1.49201310 -1.48129416 -0.862049639 -1.60878503
 185 -0.359008491 0.376201093 -0.405985892 5.76913655E-02
 186 -0.566548228 1.77881122 -0.625294089 -1.18427837
 187 0.691202641 -7.07212090E-02 -0.397406459 -1.18351388
 188 0.979982615 -1.73427105 1.65396249 0.239477322
 189 -0.588752627 1.10977423 -0.317754626 0.456806332
 190 1.24148810 -0.890075147 -0.881262660 1.70454872
 191 -1.85301566 0.369765639 0.424774885 1.66875386
 192 -0.197339609 1.58857095 -0.743561625 -1.18184400
 193 -0.406213760 1.31535423 0.576088428 -1.19319379
 194 1.08721125 -0.362017810 -0.215811655 0.330403984
 195 -2.93251014 -0.636242688 0.155365050 0.567721188
 196 0.638217807 0.756801128 -0.816321611 0.386156887
 197 -1.80488539 2.58215475 0.300185323 0.275496215
 198 -2.37450075 2.21009707 -5.27224988E-02 -1.57933474
 199 0.980637550 0.351285517 -0.810432851 0.313336730
 200 0.413172334 0.524361610 0.231325537 0.143743411
 201 0.512873888 2.52306533 0.665912151 -1.39900780
 202 0.386497200 -2.26797128 0.764174998 -0.950341821
 203 0.401781023 -0.284688443 -0.521381915 -0.976342201
 204 -0.462737352 -0.614710927 0.390250236 0.175523713
 205 -0.264108181 1.22268236 0.419349492 -3.42789665E-02
 206 9.79450792E-02 -0.152720362 -0.708188176 0.442780435
 207 1.29576504 0.779638767 0.389445245 0.156812325
 208 1.25767779 0.482418865 -0.796181858 -1.50090706
 209 -0.913066149 -0.120309889 -0.603960752 -1.03499758
 210 -1.72266591 -0.306770027 -0.882869720 -1.40805554
 211 -2.01975536 -9.11472961E-02 0.201166481 0.561230600
 212 7.86303133E-02 -0.809293985 -0.987767935 2.49728060
 213 -0.958044648 -0.309415996 -1.33227193 0.252298653
 214 -1.31674492 -1.09219146 1.03560781 0.406777263
 215 -0.742133796 0.370448738 -0.727289259 1.18624616
 216 -0.278451949 -1.39321983E-02 -0.359470159 -1.13440955
 217 0.731748044 -0.786877930 -1.08757830 1.97730637
 218 1.29479146 0.243431479 -0.779442966 1.44165504
 219 -1.27147782 0.914715350 0.435751379 0.365849912
 220 0.270301521 -0.887366951 -0.676363707 -1.94682801
 221 0.483948052 1.06477726 0.255579442 -1.17499042
 222 0.954205990 7.04672411E-02 -2.30948424 0.358309954
 223 -1.29259467 -0.277174771 0.770747542 0.433342129
 224 1.46551323 1.20688760 0.173579723 2.33384013
 225 -1.16330338 0.547280848 7.13581741E-02 -1.12943780
 226 -0.255914778 1.57032385E-02 -7.83263892E-02 -0.228006765
 227 0.637211680 -0.241584271 -1.41239929 -0.872636676
 228 0.672548234 0.345393032 -0.875574529 2.14669776
 229 0.199873954 0.126698330 -5.24099320E-02 1.71831977
 230 0.153292045 0.857796550 0.541890621 -0.779468894
 231 -1.73693562 -0.377276719 0.902786076 5.51963151E-02
 232 1.22511208 1.20032299 0.416634262 -1.64249754
 233 -0.163032725 0.668664098 -0.409410626 -1.04746544
 234 1.27325691E-02 -0.439141810 0.554280698 1.68941522
 235 -1.66927683 1.80673730 -0.427947879 -1.42300582
 236 -0.537644029 -0.137600765 8.43957663E-02 -1.38380587
 237 -0.920417190 1.37447548 -1.31330442 -1.40236306
 238 -0.244372457 0.580306649 -0.416823089 -1.45470488
 239 -0.628302455 1.01575863 -1.06763434 0.395810038
 240 1.43732727 0.333697557 -0.471589327 1.61064899
 241 -0.439353973 1.49508464 -0.760538995 -1.11915708
 242 1.60829139 0.792853415 0.367646158 0.512555540
 243 -1.79960978 1.15053964 0.380832553 0.407137692
 244 -0.813822269 0.544315636 -1.09031165 0.266650379
 245 -0.791083097 0.895527601 -0.168200105 -1.13520110
 246 -0.522920907 -0.373466730 0.151727855 -1.45244300
 247 -3.73436093 1.80234742 -0.296274602 -1.69371068
 248 -0.183836639 1.01822412 -0.553630531 6.00650609E-02
 249 0.652562201 0.944789648 0.225457981 -0.101332225
 250 0.992085040 0.100699246 -0.452707559 -1.16845858
 251 0.867497444 0.405696213 -0.636135697 1.70667160
 252 -0.749752045 2.29518890 -3.84598821E-02 0.199618548
 253 0.711220264 -0.874517918 0.228278846 0.383827657
 254 -0.670653641 8.54287446E-02 -0.203160718 7.14226514E-02
 255 -0.998328269 -1.02858019 0.332266241 9.25789773E-03
 256 5.37072867E-02 0.739989877 0.289392173 0.144814342
 257 -0.813357651 -2.05426478 -1.38154089 0.357240528
 258 -0.761279821 -0.247919112 -0.678179145 1.86206937
 259 -1.62413883 -0.761174798 -1.01163709 0.505868793
 260 1.07187700 0.740542054 -0.469186425 7.50005320E-02
 261 3.96289937E-02 -0.525564969 -0.721611798 -1.12417877
 262 -2.02619657E-03 0.721584260 -0.519125164 0.357740283
 263 0.270516515 -0.131553307 -0.631791532 -1.08523118
 264 -1.35603452 0.382533431 -6.29533082E-02 2.11612487
 265 0.618476808 -1.35689938 0.614175141 -1.16854537
 266 -0.179196626 8.41647387E-02 -0.362478226 0.310670823
 267 -1.17735362 -0.132960901 -0.501361370 6.90840036E-02
 268 -1.28755510 0.674089909 0.386339664 0.107897043
 269 1.62706125 2.36323476E-03 -0.636829078 0.850181341
 270 -1.12686491 1.20366931 -0.833575547 0.422077537
 271 -1.63852429 -0.511877418 -1.13199329 1.77221775
 272 -1.37756717 2.21165395 -2.28518009 0.282102644
 273 -1.48381662 0.761354923 -0.113466471 0.369074196
 274 1.88720381 1.34207034 -0.267806411 -1.27979374
 275 -0.519918084 0.278397083 0.108089387 -0.913636208
 276 7.38291442E-02 0.397531122 -0.908315063 0.247375757
 277 0.920130908 0.532533526 0.403284729 -0.574555874
 278 0.127481848 0.516448617 -0.310729891 1.70670700
 279 -0.686451077 -3.26032639E-02 -0.495549381 -1.15088737
 280 0.493571132 0.128295153 -0.928074300 1.03792250E-02
 281 0.854122579 -3.86283398E-02 -1.59344196 0.828015208
 282 1.18663549 -2.10482788 0.516061127 0.124857605
 283 1.94085431 -0.494916260 -1.05117369 -7.73312617E-03
 284 0.582705736 0.573522985 0.957137465 -1.26176190
 285 0.411848009 0.880154133 -0.205949530 1.71554673
 286 0.493114114 0.207112625 -1.97809803 -0.360180378
 287 1.51612723 0.713357210 0.821169376 1.82534671
 288 0.170934871 -0.428851992 0.929204464 0.248135194
 289 0.237469941 -2.93330662E-02 -0.686741352 -1.50773799
 290 0.408597112 0.328703910 -0.776078403 -0.521939456
 291 0.887224019 -0.122902162 1.61296165 0.150163025
 292 -0.573339581 0.551978111 -0.602105856 -1.18320620
 293 1.73618865 0.756239414 -1.57239997 0.291986048
 294 9.81885195E-02 1.14669728 1.45263302 0.125958622
 295 -0.876550078 9.79222059E-02 -0.153639212 1.66136563
 296 -0.876252174 6.76201284E-03 -1.19846404 2.24924111
 297 -0.732233465 0.447930038 -1.02131581 -1.31015134
 298 -1.57231307 0.686454713 0.588773906 -1.26559222
 299 -0.119464777 -1.17514324 1.23697579 5.08959442E-02
 300 1.38270617 0.717982531 -0.589499176 0.481278926
 301 -0.429140657 -0.506548345 -0.763114631 0.275339872
 302 -0.474131167 0.573889971 -1.81696582 -1.32647586
 303 -1.48030519E-02 1.07604122 -0.201028794 1.39144087
 304 -0.267983496 1.22097421 0.537250280 1.85098004
 305 -0.373636961 -0.954697251 1.52368093 -1.13168275
 306 -0.902958632 -0.523522377 -1.20279849 0.122708991
 307 -0.930966258 0.252301335 -0.176274270 0.410898864
 308 -0.497606158 -0.317269921 -1.89001381 2.01404357
 309 0.405456007 0.484646529 -0.123110190 -1.25071895
 310 -1.73544180 -0.675272465 -0.737571061 2.44050646
 311 9.39815342E-02 0.273993462 -1.23834348 -1.44539680E-02
 312 -1.21632719 6.64492548E-02 -0.799475908 1.98440695
 313 0.555959225 0.520716250 0.296799898 -1.60803282
 314 -2.49812508 0.755916476 -0.623036563 -1.32279158
 315 -0.356692612 -6.93467259E-02 -0.586352110 -0.123140357
 316 1.23753631 -0.875095248 -1.33583760 0.221553057
 317 -0.391311854 -0.533368230 -1.04673588 0.645048499
 318 -1.60865688 0.310194433 -1.12464595 1.79490650
 319 1.11762965 -0.273118675 -0.736203074 0.113669097
 320 1.83112931 -1.00901783 -0.898299456 0.141643137
 321 1.80872011 0.106830418 0.230978638 -0.960530221
 322 -0.120994255 0.258113027 1.01670504 0.400929034
 323 -0.799013019 0.527227342 -0.590347767 1.53012669
 324 -0.878625810 0.840983987 0.349657714 0.829941034
 325 0.883077562 -0.814728200 -0.771716714 1.75645089
 326 -2.47976422 -1.82979858 -0.666344047 0.302103221
 327 -1.76892531 -0.839429855 -0.789414644 -1.41745949
 328 -1.90408397 -0.858954430 -0.843634248 1.82880878
 329 -1.41607225 -0.599994421 -0.938758731 1.90642607
 330 -0.268196613 1.12087572 -0.425770491 -1.52023339
 331 1.26105690 -0.136333302 -1.39476049 0.361255467
 332 0.374468625 -0.828751504 0.360225201 -1.45089936
 333 0.555303752 1.20287514 -1.80036640 -0.130897477
 334 -1.60209787 -0.457221597 0.230916023 1.58193652E-02
 335 1.89978683 0.353714317 -1.14183724 -0.931932330
 336 0.208645329 0.978623033 -1.61656725 0.334714741
 337 -1.02852023 -0.181705028 -0.954735994 0.461703360
 338 -0.988600492 -0.398709863 -0.869484544 2.10742950E-02
 339 0.284684628 -0.493154377 -1.08893895 -1.67747664
 340 0.960243285 -0.741099298 -0.958733559 0.441720366
 341 -0.236413002 1.84329975 -0.131557480 -1.44276559
 342 -0.674125791 -0.508405089 1.96790516 -1.41440940
 343 -0.315953612 6.12840056E-04 -1.24506712 -0.147327602
 344 0.885927200 -3.87016460E-02 -0.448017657 0.561275840
 345 -2.35404348 1.59483266 -0.381090939 -0.747005522
 346 -0.467768639 -0.144244373 0.149087906 0.499897063
 347 0.193457723 1.63990152 -0.186748236 -9.19168368E-02
 348 1.02030742 0.745379806 -1.25091875 0.400501966
 349 -1.08710444 1.43103445 -0.957430720 -1.17477417
 350 0.560582161 1.79011929 0.307664514 -1.33282018
 351 0.351785809 1.06410658 1.49188960 0.230381429
 352 0.869709790 -0.717778325 6.69514835E-02 0.163135529
 353 1.60263777 0.229036912 -1.08562851 -0.765298724
 354 1.63190615 0.889584303 -0.258335561 -1.29169059
 355 0.432402134 1.00537837 -0.428655863 -0.703565121
 356 -0.580507338 1.40636373 -0.393564850 0.143323764
 357 1.04472339 -0.271163791 -0.139524296 0.210112512
 358 -0.470312744 -0.879879475 -0.189894482 1.74728918
 359 -4.74259406E-02 -1.39482784 -1.07573366 1.73756742
 360 0.205353886 0.515068769 -0.187293068 0.292636007
 361 2.50356245 -8.01832303E-02 1.35722208 0.593000174
 362 0.334218830 0.712865114 -1.09674478 2.24970794
 363 0.825759411 -9.08714980E-02 -0.834097743 0.488858819
 364 -0.862584829 0.610661209 0.473366499 3.59860808E-02
 365 -0.847246408 0.760620952 -0.280679345 -0.313828081
 366 0.310267985 1.28807104 1.53793299 -1.22521496
 367 0.227091238 1.19192624 -0.678722978 -1.30253589
 368 0.590661049 -0.563550770 0.164829746 0.180137575
 369 -6.89787716E-02 0.516950488 -1.57665026 2.06218815
 370 -1.23832893 -0.580738306 -1.87183547 -1.16507351
 371 -0.534115314 0.209476188 -0.203739375 -1.73264515
 372 -0.727124572 -1.16672552 0.568166316 3.57838869E-02
 373 1.91374063 -0.444091916 -0.624695063 1.24158883
 374 0.413077295 0.780986428 -0.641030073 -1.64145613
 375 0.314060092 1.31489635 0.417212695 -1.43910909
 376 -1.12951779 1.07915056 -0.316654801 -1.31005716
 377 -0.365638614 0.155570030 0.709834993 0.445358098
 378 -1.37841833 0.525341749 -6.53949827E-02 0.145466521
 379 0.724350512 2.37056184 1.00397325 -0.641889453
 380 1.10887301 -0.908758759 0.346479595 0.354234099
 381 -2.85974145E-02 4.65059280E-03 -0.813786626 -0.539002597
 382 0.312896311 -1.57697248 1.39404678 -1.09583922E-02
 383 2.27203798 0.273878276 -3.62729430E-02 -1.14037251
 384 -1.60484672 -0.309101194 0.338509202 -1.12011993
 385 -0.810890615 -0.315028846 -0.901194811 -0.338411838
 386 1.57583344 0.916635513 -0.378241539 0.582223654
 387 -2.36697650 -1.10284710 -3.99497040E-02 0.321868211
 388 0.612709641 0.101116255 -1.05890429 -1.61103523
 389 -1.30981255 -1.56084907 -0.384059489 0.387016326
 390 0.913975358 -0.979366899 0.431446731 -0.123158872
 391 2.10052490 0.730954528 -0.270909488 -0.497315347
 392 1.34748876 -0.857033074 1.10395932 0.562103391
 393 0.995922089 -1.03778481 0.112131253 8.53721946E-02
 394 -0.174385786 -0.549671531 -0.516138554 -0.418307543
 395 4.38467562E-02 0.754053116 -1.15454984 0.908205986
 396 -0.206049576 -0.237845689 -0.877613783 0.467680812
 397 4.05581594E-02 0.246403709 -0.385875434 -0.349033207
 398 -1.26457465 -0.948989153 -0.956926346 -1.52998972
 399 -1.13708675 0.135580510 5.28243780E-02 -1.17118788
 400 0.246009246 -0.119420134 -0.727210045 0.204202503
 401 1.93211746 0.281351984 3.04726809E-02 -1.42351556
 402 -0.257984698 -1.36355245 -5.50116971E-02 0.318969190
 403 1.27426434 0.102135897 0.166527301 0.255969793
 404 1.04972100 -0.197468370 0.462273300 0.516132832
 405 0.310460597 1.19390726 -1.55195808 0.188337564
 406 -2.56591201 0.166940197 0.436773658 -1.11136484
 407 -0.843664587 1.17940736 0.412047088 -0.815776944
 408 2.11184549 -1.29587150 0.688024700 0.840176344
 409 0.944888353 1.64894664 -1.30854392 0.322750002
 410 -1.75002718 0.351181865 -0.549787879 0.545711577
 411 0.763060451 0.333566487 0.467095971 -1.41929889
 412 0.865575254 -0.599407732 0.673028171 0.173096836
 413 -1.56959605 0.128779963 -0.380963326 -0.653421879
 414 -1.34634149 8.89937431E-02 -0.878965139 1.10509157
 415 -0.214718372 0.919444561 -0.900794744 1.17707253E-03
 416 9.50663090E-02 1.19876564 -1.17221582 -0.221458137
 417 -0.502203643 0.133110732 -0.166482627 -1.24923706
 418 -0.747504175 -0.200229585 -0.247777998 1.49670887
 419 0.572973847 -0.317794204 -0.847189307 -1.25628352
 420 -0.289978266 -1.15493071 0.129730508 -1.01613462
 421 -1.46986163 -1.04653239 0.138385475 0.295141250
 422 -0.809198916 2.12608504 -0.216637269 0.347027183
 423 0.325906277 0.289296687 -7.03824833E-02 2.30151266E-02
 424 0.742646754 1.98575115 -0.670018554 0.322852582
 425 -0.172268972 2.03724933 -0.365907103 -5.80374114E-02
 426 -1.09801972 -0.842638493 0.547323763 0.469653606
 427 0.577117622 0.192270294 -0.311236233 9.43371058E-02
 428 -0.508116424 0.291560650 -0.388938606 0.178967595
 429 -0.309482664 0.165839076 -0.148591042 0.361395985
 430 -1.00477135 -0.607567668 -0.515597284 -5.54478988E-02
 431 1.46277893 0.461698681 -0.199055642 -1.10717952
 432 -1.54665160 -1.84641469 -3.33970487E-02 -1.08066481E-02
 433 -3.57331038E-02 2.42300844 -0.214957699 -1.42286730
 434 1.62860441 -0.579593182 -0.450209856 -0.704619110
 435 0.118665792 -0.609993756 0.829124391 0.545277417
 436 -8.83270949E-02 -1.11323047 -0.267048061 0.438685119
 437 -1.15601635 0.264534473 -0.124341950 -1.55728614
 438 0.359732389 0.774915636 0.357095957 -1.65299976
 439 1.60092854 -0.787294745 3.94405983E-03 0.636267304
 440 0.435469151 -0.209670261 0.843418121 0.571215212
 441 -1.32912779 0.327820092 -0.423744738 0.441956848
 442 -1.11326110 -0.504375219 0.249094278 0.118147798
 443 -0.383878112 0.509531975 0.229107395 0.459801167
 444 0.843066454 -0.346576244 -0.507757783 0.257545888
 445 1.15708971 8.75951499E-02 -0.238858640 0.253336400
 446 2.18052053 -2.17894506 1.20949185 -1.22298324
 447 0.142001495 -1.28836811 0.553182602 -2.72553731E-02
 448 0.592646480 1.10217774 -0.642216444 1.57949615
 449 -1.41082120 -0.802644193 -1.51374340 1.14692545
 450 0.112432197 2.61746788 -0.181023106 -1.56129360
 451 0.603402853 0.477282435 -0.855829775 1.35258126
 452 -2.72912812 -1.75137925 0.769731462 -1.25501907
 453 -0.707517505 0.373110950 5.00682741E-03 0.630126834
 454 0.691119730 0.685007870 -0.679898858 -2.06755066
 455 -1.92091107 0.491836250 -0.541589439 1.80142629
 456 1.64337134 1.06751931 -1.29877102 -0.185536593
 457 0.379050732 1.34187996 -0.955563486 1.66604161
 458 1.17074525 -1.31746912 0.958842874 -0.172931746
 459 -0.541324019 0.975717008 -0.316782832 -1.75650239
 460 1.16540980 -0.328960061 1.39991295 0.182752326
 461 0.527186036 -0.244554907 -0.108739056 0.787503779
 462 2.13425279 1.07774806 -0.808417559 2.01417708
 463 -0.564216018 -0.723474503 -7.25081563E-02 0.405942619
 464 0.161902100 1.85555327 -1.32452920E-02 -1.15684915
 465 -1.65382254 0.256604046 -0.946612477 0.114595398
 466 -0.325616539 1.78315163 -0.101918548 1.19021833
 467 -2.95957029E-02 0.937251925 0.109088607 0.277001381
 468 -0.696153104 0.512442708 -0.475670964 -1.07387459
 469 1.27422988 1.12266910 9.81326252E-02 0.597764730
 470 -0.485705703 4.73652780E-02 7.75648654E-03 1.06302574E-02
 471 -1.02559662 -0.110954061 0.496598721 -3.62753868E-04
 472 -0.806975484 0.355643451 0.797114849 -0.283625156
 473 -5.92318662E-02 1.90774947E-02 1.24918795 0.329585016
 474 0.902901173 0.286338925 -0.252019465 0.655744195
 475 -0.534305751 -0.221993923 -7.45315403E-02 1.80115926
 476 0.410353363 -0.615631104 -0.840215147 -1.23871624
 477 1.47674906 -0.620818138 0.428200185 0.275177300
 478 -0.363793194 0.629633367 -0.130788028 -0.619265318
 479 -1.25829995 -7.61521086E-02 -0.122688711 -1.13963914
 480 4.62051034E-02 -1.82503843 -0.879873097 4.41560484E-02
 481 -0.210648388 0.204092950 -0.135793969 2.27468872
 482 0.929202676 -0.254983366 0.310947597 -1.46415675
 483 -2.51830268 -3.48557532E-03 -0.666239262 0.293535113
 484 -0.146949321 -1.50790906 0.330629766 -1.52979565
 485 7.96146840E-02 0.753206432 -0.457535088 -1.02260721
 486 -0.746561229 0.723327577 -0.819292068 0.566653430
 487 0.271073908 -0.270564735 0.284963071 6.30612150E-02
 488 0.493613452 -0.213292331 -6.86895326E-02 -1.52228808
 489 0.821188092 -0.364479780 0.486120462 -1.63131058
 490 0.937415838 0.243176877 0.130515277 0.252126843
 491 -4.64964546E-02 -1.48368001 -0.566554427 1.76953030
 492 -0.122281253 0.532319069 -0.324498177 -0.575921953
 493 1.48439145 -0.959616005 -6.13718480E-03 -0.948323131
 494 -2.57214792E-02 1.13540244 -0.915246725 -1.25588620
 495 -1.92745030 -2.71704234E-03 0.451590985 5.53252622E-02
 496 -0.316097945 0.850344419 0.820903957 0.329468787
 497 -0.968535066 -0.536989570 1.81325483 0.210933194
 498 -1.23205137 0.113923557 0.588172317 -1.84037173
 499 -2.09237814 0.193588749 -0.491420805 0.236537427
 500 -1.47545576 -1.18003500 -3.91891003E-02 -1.78483760
 501 0.786141753 -0.616352260 -0.566976786 -1.15750527
 502 -1.45283377 -0.431511819 -0.169937983 0.345297277
 503 -0.281321287 -0.429588020 -1.10584712 -0.401739627
 504 0.808065116 -0.156024948 -0.741185546 0.719921231
 505 1.59030426 -0.867945552 -0.807582855 0.519097269
 506 -0.969669640 -0.876999736 -0.597218931 -1.55903864
 507 -9.55776945E-02 0.241412744 -0.710264683 -0.871986389
 508 -0.940329671 -0.424490809 0.618590713 -1.38187742
 509 -2.20194012E-02 0.844583154 0.176809266 -0.174667865
 510 -0.955508471 1.15443802 -7.08435625E-02 -1.61014497
 511 -1.97988200 -0.199489087 -2.16566133 1.55872059
 512 -0.917489290 -1.32531786 1.00251064E-02 -1.35618329
 513 2.20085621 1.36415875 -0.468521655 0.422364950
 514 -1.26017404 -0.337061137 -0.421347260 -0.381528407
 515 -1.58957469 -0.657344520 -5.92951402E-02 0.832027793
 516 0.528064668 1.01762474 -0.331072539 0.101886198
 517 -0.578745186 0.825974703 -0.601404607 0.782177329
 518 0.365818053 1.17994642 -0.420226991 -1.10625148
 519 1.93613780 0.478437275 -0.350921512 -7.97590613E-03
 520 0.433140486 -0.334243774 -0.480491519 1.38886881
 521 0.601986170 0.535540879 0.644010544 -1.67814541
 522 0.377479404 0.237985656 -0.109728575 -0.433463186
 523 -1.03495991 -1.33662879 -1.44396424 1.86989796
 524 -7.82166123E-02 -0.561065078 0.579960287 -1.31005669
 525 0.441155404 0.599602938 -0.268782645 -1.20895767
 526 -0.277881682 -0.453229547 -0.665193856 0.545544267
 527 0.170769513 2.09869051 -1.35375583 0.169165567
 528 1.70508909 0.834745765 -0.978284955 0.330115795
 529 -0.341857761 -0.294249356 -0.905101717 1.83094907
 530 0.637721837 0.244358271 7.07411319E-02 -1.53194726
 531 0.534405351 0.191893607 -0.530491769 -5.31011224E-02
 532 1.29779279 0.838109374 -0.461160988 0.623635471
 533 -1.86895263 -0.551467359 -0.834708929 0.491358787
 534 -1.96917522 -0.970158219 -0.302105576 -1.57370830
 535 1.00695467 -1.13034725 8.97158533E-02 -1.39002085
 536 1.92936659E-02 0.299620628 -0.226304665 -0.880621374
 537 -0.898117185 0.394111067 -0.686924040 1.73824358
 538 1.47764301 -0.166449010 0.289311409 -1.03501129
 539 0.137092456 -0.290379345 -1.18372548 -1.22972322
 540 -2.31375694 0.290690571 -0.180682480 0.596459746
 541 1.78131211 0.808895290 1.19503188 0.401405215
 542 -0.508270264 1.50913870 -0.218240395 -1.43356359
 543 0.975521207 1.28427732 0.298960209 1.76801825
 544 1.10872543 1.04888582 -0.208045036 -0.970657766
 545 -2.60475230 -0.590725839 0.277749300 -1.60419190
 546 -1.98230457 -0.285666406 -0.459335268 -1.24122047
 547 -0.575656235 -0.353040904 -0.250393927 -0.255126834
 548 -6.11775815E-02 0.512082398 -0.449060112 -1.50277305
 549 1.87129453E-02 -0.947892427 -1.14602041 -0.553331971
 550 -1.11545336 -0.966367126 0.566443205 1.05714512
 551 0.131053492 -1.40249264 -5.19201905E-03 0.394304544
 552 -0.328730494 -0.355894029 8.69369730E-02 -1.46849191
 553 0.258878171 0.940675080 -0.210198790 -0.999279737
 554 -1.22138429 -0.371641845 -0.515643477 0.425123692
 555 1.01047575 1.45622849 -0.686912715 2.12346888
 556 -0.283819824 -0.587313890 -1.51570940 -1.18321168
 557 3.56607080 5.10824099E-02 0.204216093 -0.777673721
 558 1.87451041 -1.37862861E-02 -0.864877045 0.544057548
 559 -0.676623583 0.868956447 -0.218614116 -1.30851209
 560 -0.562966943 -0.499348253 -0.434340596 0.350500882
 561 2.00434732 1.66527545 -0.428241909 -0.796335459
 562 -2.20293617 -0.209624797 -1.69085062 5.47623914E-03
 563 2.10039711 1.34616899 -0.586430013 -0.901411951
 564 1.99850047 0.258345217 -0.839393556 0.845770717
 565 -0.620535016 0.443866789 -1.35095572 0.245542035
 566 1.90606654 1.44710922 -0.388899207 0.163384229
 567 -0.465976596 1.55403244 -0.726822317 1.59065366
 568 0.452064157 3.39290476 0.495243907 -1.48518503
 569 -1.47205651 -6.05700761E-02 -0.736620307 1.05218329E-02
 570 -1.03030324 2.62646079E-02 0.126834199 -0.231372252
 571 -0.610944331 -0.327222109 -0.970042706 -1.46012342
 572 -1.54012632 -0.793322086 0.224050388 0.132660240
 573 1.19323206 -1.42070580 0.208653286 -1.01809204
 574 -9.14304554E-02 0.720478535 -0.704230547 -1.56621885
 575 -1.29419160 0.831767023 -1.34348488 0.181538671
 576 1.03935599 -0.773482919 -0.483331114 1.57698023
 577 -0.456858188 0.208074525 -0.594268441 0.507815719
 578 0.542049587 -0.194916815 -0.940124989 0.662753701
 579 1.02171028 -1.35164893 8.25547874E-02 -0.337827593
 580 0.767399132 -8.91313329E-02 -0.787023664 1.63628829
 581 -0.324728817 0.174092025 -3.49996984E-02 -1.17569923
 582 0.351399004 0.230273217 -0.425242692 -1.41600823
 583 -1.33869493 -0.166342467 -1.56765580 -1.02608526
 584 -0.100831956 -1.16852784 -0.413736820 1.74170613
 585 3.31731510 1.45662808 -0.902393937 0.169826582
 586 0.291417122 -1.60035098 -1.23700571 -4.49514389E-03
 587 4.46372330E-02 1.90132499 -0.322628886 -0.264193386
 588 0.599808335 0.499194652 -0.314163685 1.02119815
 589 0.457601130 1.41844785 -0.836521149 0.124351963
 590 -0.110009462 -0.375325918 -0.111787945 0.719636500
 591 1.25469327 0.185588017 -0.850819230 -1.14483610E-02
 592 -0.483849287 0.339496315 -0.982441068 0.247058526
 593 0.198415011 -1.90897202 2.78427750E-02 1.43915820
 594 -1.02266526 0.179567382 0.159251198 1.75553477
 595 -0.648755193 -0.671420038 4.94271219E-02 -1.19583082
 596 8.42098594E-02 0.130919307 -0.879070938 2.37255740
 597 2.65426493 0.478520542 -0.990341246 -5.76700568E-02
 598 -2.25508976 -0.648520350 -1.49891174 0.378468245
 599 0.936564922 -1.42403889 0.737176120 -1.67670178
 600 -0.651548326 0.722038627 -9.03784409E-02 1.61816335
 601 1.48567247 0.605529964 -0.209391534 0.409131467
 602 -1.19757259 0.528873444 -1.26374638 -1.21670723
 603 -0.881945491 2.04103041 -1.07930171 -1.18210721
 604 0.230359674 -8.85654986E-02 2.99119093E-02 0.751139998
 605 -0.736206889 -1.03188455 0.728250921 -0.160040975
 606 -0.175262511 -0.325583339 -0.678538263 0.345002443
 607 1.51612818 0.252641231 -1.26972139 -1.37037230
 608 -1.24709368 0.410562128 0.219050497 -1.10890651
 609 -0.487391561 0.719269037 -0.555325627 -0.919104934
 610 -0.730995417 0.575078726 0.506479442 1.72400975
 611 0.702463567 -9.81877446E-02 -0.835652411 0.332967103
 612 -0.859714448 -0.301628172 -2.89759785E-03 -0.115666412
 613 -0.778654277 1.13335228 0.130510062 1.64564073
 614 1.12215352 0.124114320 -0.493609726 0.529862881
 615 1.63225007 0.441406012 -0.366934657 2.20038676
 616 -9.90911424E-02 0.635322928 -9.04748291E-02 1.39746964E-02
 617 0.419384390 0.255821347 -0.100604862 0.334288120
 618 0.980194330 0.278501987 0.471407592 0.231786877
 619 -0.118396059 0.718593061 0.201837480 1.60855615
 620 -1.25673795 0.231801748 0.356000096 -0.145927951
 621 0.291772068 -0.469746143 0.162061185 1.27661824E-02
 622 0.813609362 0.526319265 -7.61673301E-02 -1.06256413
 623 -0.422238499 1.03199863 0.736017406 0.595103085
 624 -1.10097384 -0.807279706 -0.213214561 1.73394680
 625 0.659702480 -0.514819801 -0.759226084 0.309475660
 626 0.525270641 1.00784636 -0.275204837 2.22453046
 627 1.51684928 -1.16655278 -1.91661231E-02 -1.65541542
 628 0.415186882 0.514463365 -0.714813232 0.341772854
 629 -0.624717236 1.73918772 0.541733205 1.93355072
 630 -6.43743277E-02 -0.506437659 0.134336233 -0.175999552
 631 -0.548932731 1.62000871 1.24908102 -1.54372382
 632 -0.477063656 -1.12804592 0.239805922 -0.991698444
 633 0.440026850 -0.236702785 -0.845287144 1.91491032
 634 -0.500931025 -5.21313101E-02 -0.673034906 1.79885554
 635 0.441588700 0.734522462 -0.964205563 0.293083161
 636 -0.894170284 1.59410930 2.62627304E-02 -1.38602853
 637 -0.801697075 -0.252183825 0.136922613 0.733662486
 638 1.37307549 -0.488302290 -1.41036665 3.14676985E-02
 639 -1.61362216E-02 0.299809963 -0.968262672 1.30683470
 640 -0.328993648 -0.972380161 -0.531577528 1.87527108
 641 0.855207622 1.51323545 0.560043752 -1.58111012
 642 0.574123383 0.177343667 4.76861000E-03 8.28416944E-02
 643 0.779263258 0.149050802 -0.235519081 1.53192055
 644 1.39011598 -0.661413431 -0.748921990 -1.24951017
 645 1.52627492 0.579074979 -1.18057966 0.427775621
 646 -1.88136959 -0.546750009 -0.960023582 0.238883406
 647 0.944522858 1.44252646 -0.468541414 5.38927875E-02
 648 0.507214606 0.502146780 -0.186761469 0.507446289
 649 0.456398547 1.38941014 -1.20029211 1.04495645
 650 -0.424716949 0.514241457 -1.30223203 0.239109769
 651 -0.963207960 -0.577599525 -0.659833014 -3.99748087E-02
 652 0.448330522 -0.158720449 -0.362019479 -0.969576836
 653 0.896289468 0.828923702 -0.795541763 0.249767751
 654 0.908013582 -0.208935499 -0.606618404 1.12867856
 655 0.609888315 0.161458284 -0.659823656 2.11874747
 656 1.33253300 -0.444707334 1.26845777 0.508358419
 657 0.949758470 -0.973701477 -0.245802075 -0.738279581
 658 0.229388401 1.07856369 -0.216506511 -1.05364418
 659 -0.821868539 0.692278862 1.15756318E-03 0.449774832
 660 -0.510193169 -0.694968998 -0.752408147 -1.52015090E-02
 661 1.59772980 1.43013287 -1.27692997 9.84526277E-02
 662 0.869606018 1.01243353 -0.985690892 2.25650716
 663 1.88045788 0.837762117 -1.49224925 -0.868175685
 664 1.91489506 -0.263822287 -1.77144659 9.91823226E-02
 665 -0.156628758 2.25056767 -0.338695616 1.44162524
 666 1.47356331 0.970676363 -0.908112526 1.71619904
 667 1.11570048 0.321479499 0.354649127 1.55974281
 668 1.79811609 0.116213508 -0.842188001 -1.41042125
 669 -0.623150170 -1.13208389 -1.49239779 0.789708138
 670 -0.488955885 -1.49460435 -0.582833171 -3.86597477E-02
 671 -0.161234662 0.427354038 0.468506545 0.226869926
 672 -1.72694373 0.495308340 -0.691411674 -1.24566746
 673 -2.25858521 -1.03924799 0.251083791 0.262010425
 674 0.588840961 0.204579756 -0.483193219 0.576295137
 675 1.57781327 0.923841476 -1.59006166 -1.17894423
 676 -0.130869001 0.211783737 -0.712342680 -1.41463888
 677 -0.328464329 -1.11083400 -0.368336201 0.321058154
 678 1.08386564 7.34403431E-02 -1.51593924 -1.46521461
 679 -0.734579802 0.173857823 -0.944643259 1.78943479
 680 -1.02669036 0.408978581 0.815125227 -1.25412059
 681 0.550731599 -4.22343276E-02 1.24194002 -4.36710231E-02
 682 -0.154842064 1.88955438 -0.597568750 0.499127567
 683 -0.769615471 0.166309327 -0.156345427 -1.41243422
 684 2.11902332 1.82643926 -0.240614906 -1.49015641
 685 0.916222036 -0.106946185 4.94808406E-02 1.85008836
 686 -0.353433013 -0.116560966 -0.197490364 0.789429426
 687 -6.76607490E-02 1.56822670 -1.54905188 -1.25044894
 688 -0.627308130 0.561956942 -0.175908476 0.336576819
 689 0.315432459 0.690676093 -0.506241143 0.574345052
 690 0.595674038 2.52850723 -0.115590006 -1.49227822
 691 4.71369326E-02 3.06913853E-02 -1.17462575 1.30824506
 692 -0.200477973 0.597595632 -1.56332791 -1.59979367
 693 -0.209694684 1.51579881 -1.30744886 0.326811492
 694 1.44596970 -0.227349490 -1.32270491 0.199307948
 695 -0.359090626 -0.857176721 2.55434439E-02 0.239396095
 696 1.11947763 0.835509837 -1.67337227 -1.26407611
 697 0.865112662 0.225129336 -1.23968756 -1.35401177
 698 -0.511027694 -0.751613021 -0.283350825 2.45303035
 699 -0.149099842 1.01685011 0.857778311 -1.07281840
 700 0.334191322 -0.890850365 0.170744225 -5.52285984E-02
 701 2.25328732 0.270621747 -1.18249154 0.200088799
 702 -0.240049109 0.316111028 0.228704259 -1.53761792
 703 7.78037906E-02 0.340029180 -1.43401420 0.495440781
 704 -0.556351900 -0.220830649 -1.10141158 1.45572662
 705 -1.39952958 0.163151160 -0.646204114 -1.25349164
 706 -0.220243722 -0.418934107 -6.59399331E-02 -1.33537686
 707 0.309787512 -0.610344529 0.383486509 0.691698968
 708 -4.16230559E-02 7.33857751E-02 -0.892212093 1.85507107
 709 -7.72525743E-02 -1.15407038 0.718795061 0.203768492
 710 0.882008553 -6.73668906E-02 -0.849752784 2.32072949
 711 0.470757097 -0.184682131 -0.746877253 0.164193705
 712 2.36301589 -0.438558996 -0.463180542 6.40789121E-02
 713 -1.42942560 0.915141582 -0.770141840 1.74395275
 714 0.783994019 0.847430766 -5.21699041E-02 8.71238708E-02
 715 -2.09049582E-02 -7.66580477E-02 -0.316221505 -9.73759443E-02
 716 0.243363202 0.745412290 -1.14621282 1.58382976
 717 1.29714298 -0.853929162 -1.49741983 -0.147550583
 718 0.361915886 0.877472699 -0.744351327 -1.23516381
 719 0.422121346 0.375403494 -4.95127589E-03 1.77379990
 720 0.243240520 0.466214329 -2.19847822 0.299043804
 721 -0.263514549 1.33715308 0.234027416 0.548438132
 722 0.162815571 2.09454274 -0.798064113 -8.27031732E-02
 723 1.18029058 -0.654849470 -0.314797759 -1.01871419
 724 1.43002784 0.183179200 -0.255102813 0.199269891
 725 3.21641231 -0.758644998 5.93950152E-02 -1.31488085
 726 -0.927820385 1.32188010 0.333149999 -1.37392807
 727 1.11537409 1.51382232 -1.69588804 1.77743900
 728 1.40736556 -0.179033786 -0.328180909 -1.19753098
 729 -1.33280396 -0.290155411 0.373344332 0.252728254
 730 0.791962683 -0.164954439 0.449566334 -1.47921133
 731 5.86254932E-02 -0.437372506 -0.507439017 1.33220673
 732 0.455664009 0.185712278 -1.33210456 0.680837512
 733 1.03609037 -0.668516636 -2.01890302 -1.17769670
 734 0.155456379 0.434756100 -0.878014565 -1.34819448
 735 0.807482362 1.80645728 0.256125182 0.819514811
 736 0.995845437 1.01492059 -1.00048196 0.504397392
 737 0.261255950 0.296983510 -0.701450109 -0.607566476
 738 0.620761037 0.766064882 -0.537056208 -1.07451391
 739 -1.01965368 1.27394533 -0.705319405 2.04844999
 740 -9.65180174E-02 0.357214004 0.135269046 0.361492068
 741 -0.797193766 1.35011280 -0.533234477 -0.862184286
 742 -1.32896471 -1.00270116 0.816886127 -1.29645839E-02
 743 0.192394465 -0.589312673 -0.102704920 2.08273888
 744 -0.144781798 -9.85692441E-02 -1.88176930 0.436275631
 745 0.749729931 -0.634712756 0.307039887 0.392922103
 746 -1.22886646 -0.810057402 7.17580169E-02 -1.54637897
 747 0.481466115 -0.957984805 -0.402960658 -1.60341966
 748 -0.687730670 -3.63693610E-02 0.276443452 1.55406034
 749 0.337742686 -0.342444330 0.695049405 1.84398115
 750 -1.09707677 0.914533019 0.152182639 -0.167671099
 751 -0.426707685 -0.372860223 -1.41405380 0.567813456
 752 -5.02746291E-02 5.74541390E-02 0.186135530 0.160395473
 753 2.44060659 -0.156978339 -0.270466328 -1.53049099
 754 1.33543169 -0.790823758 -0.684900045 0.402691364
 755 0.879792452 1.20595586 -1.33333361 -1.18618560
 756 0.950119257 1.58315825 -0.447113484 1.46190810
 757 -4.09532487E-02 -0.355624110 -1.28708959 1.54265404
 758 -0.298347443 1.05946398 0.187520713 -0.111353822
 759 0.694406152 0.312827170 -0.584385335 1.74409318
 760 -2.72827744E-02 0.629063785 -1.35943198 0.598130405
 761 -0.648938715 -3.37234735E-02 -2.02589512 -0.260769546
 762 -1.33865941 1.29322243 -0.378006279 -0.454026997
 763 -0.130123198 1.17068875 -0.643790483 -3.25289369E-02
 764 -1.22345972 1.05662239 -0.198689133 0.590810299
 765 -1.10644889 1.03550088 -0.146878347 0.349750966
 766 1.15914524 -0.240709901 -0.141564280 1.28074968
 767 1.43616235 -0.487014323 -0.216669768 2.11052108
 768 0.143886849 0.790861011 -1.85943389 0.420105994
 769 1.57201445 -0.131003052 -1.39493597 0.701519549
 770 0.352998286 0.614249229 -1.19493580 -1.20372534
 771 0.153937057 -0.446465403 -1.87087274 2.57037902
 772 1.35727072 -0.692512274 -0.380639195 1.47137940E-02
 773 -0.370550513 1.12903929 -0.681012392 0.274845600
 774 1.49580181 2.04665065 -1.46195865 -0.176876560
 775 1.20925641 -0.942528129 -1.67772710 0.616687894
 776 1.21203053 -1.03549695 -1.68501472 0.376489073
 777 -0.139928952 -0.568625450 -0.640960455 0.177389979
 778 -0.636838078 0.986785173 0.682999372 -1.31660759
 779 0.323189467 -0.447661757 0.307879806 -1.50432539
 780 0.765157044 -0.924550533 0.138769269 0.446309865
 781 0.370961338 0.339497030 -4.67399582E-02 -1.29447126
 782 0.712244689 0.292353362 -1.00743365 -1.20847654
 783 -0.184731171 0.161123052 0.138618171 -0.132938892
 784 0.876243114 1.47412801 -1.41132975 0.682815552
 785 0.341521442 0.192686543 -0.122984633 0.323380083
 786 1.24993348 0.373646498 -1.39844370 -5.17359152E-02
 787 1.62996340 -0.218567207 -1.69068742 2.20817208
 788 -1.38444614 0.937657118 0.891726136 1.77947700
 789 1.99830103 1.89657629 -1.24422646 -1.51413500
 790 1.69537759 0.474401087 -0.846061409 -0.441063643
 791 -0.966662049 -0.253942877 -0.648221731 0.144724265
 792 0.173559874 0.769330680 -0.251929939 -1.19923186
 793 -0.683703363 0.784398854 -0.664565384 -0.118018806
 794 -0.149722904 0.662102461 -1.04546833 0.581346571
 795 0.207424790 -1.34756565 -3.49892862E-02 -8.37836321E-03
 796 -4.22694571E-02 9.04380381E-02 -1.09553730 3.35145779E-02
 797 1.85158932 1.26374125 -1.89891815 0.348093122
 798 0.750637710 0.411069214 -9.78810489E-02 2.21477079
 799 1.27093470 -0.186532706 -0.415261507 0.137441278
 800 -1.50657058 -0.771122932 -0.545108974 1.51955676
 801 0.736470878 0.188306436 -2.03377652 1.95856977
 802 0.377992541 0.716119051 -1.38587725 5.99329323E-02
 803 0.627582490 0.703578234 -0.374435246 -1.56129217
 804 -0.233262032 0.786962986 -0.328105330 -1.06439531
 805 -3.39273000 1.83744752 1.61401480E-02 0.558834851
 806 -2.43423200 0.499048054 0.402280420 -9.27190185E-02
 807 0.933950782 7.23565519E-02 -1.18058884 1.78178489
 808 0.337890416 1.74321663 0.136979833 0.236502454
 809 5.92093468E-02 2.12017536 -1.17981493 0.130835921
 810 0.895875990 0.642071545 -2.17383504 0.361105710
 811 1.72087467 -0.255080402 -0.677109182 -0.927431822
 812 1.41126597 0.815935850 -2.03882360 1.51142561
 813 -0.115365565 1.75208092 -0.586563826 -0.157805577
 814 -0.288587898 0.201601237 0.780591428 -0.706370473
 815 2.45433092 -1.22708011 -0.746630847 -1.07311237
 816 -0.720164001 0.358078450 0.412221253 -1.50545895
 817 0.164948881 0.351469815 0.778477013 -1.54251659
 818 -2.98906565E-02 0.325151443 0.522157311 -1.39935935
 819 0.165237039 0.103151709 0.881581128 0.703796864
 820 2.99282521E-02 2.58820367 -0.498053163 0.220643967
 821 0.972476721 1.01534498 -0.150785148 1.72673392
 822 0.189964429 8.08345899E-02 -1.96294904 0.271095365
 823 -0.550959587 -2.69856751E-02 0.632344842 0.576833189
 824 -0.552138925 -1.91520035 5.96895069E-02 1.84098923
 825 1.15741456 -0.491220534 -0.584755123 1.74479866
 826 2.95477700 -1.11630559E-02 0.546579838 -1.03480852
 827 -0.570059776 -0.908955634 -0.579196274 3.46528739E-02
 828 0.308048576 0.186476335 -1.21865749 0.412855685
 829 -1.57008922 0.349275351 -0.100212783 1.61751580
 830 0.592080653 0.592090487 -0.867393374 0.460440099
 831 -1.27259374 0.465050817 -1.07369637 -0.394897133
 832 -2.12141275E-02 0.458058625 1.03303480 -1.44356418
 833 0.406976819 -0.751325965 -1.93256629 0.172850490
 834 0.153647050 1.09269893 -1.23885286 -1.72614992
 835 -0.494645506 0.913569570 -0.548254490 -1.40038466
 836 -0.462636203 -5.45633212E-02 -1.24554062 0.198157817
 837 -1.57739222 1.28074646 -0.482629001 3.80538255E-02
 838 1.46144629E-03 0.794504642 -0.891337872 1.49363470
 839 -4.87990379E-02 0.364435375 -1.13082075 1.57164705
 840 8.57370123E-02 1.98312247 -9.69700888E-02 0.183583036
 841 -0.740130305 0.232429594 -0.799247682 -8.06241408E-02
 842 6.92320317E-02 0.618567884 -0.583639979 0.288440138
 843 -1.23203492 0.559036314 -1.01641202 0.398344219
 844 0.195304289 1.07494664 -1.30027533 -0.176654205
 845 1.36810863 -0.228414774 -1.46260047 -1.21031094
 846 1.91323292 1.80288005 -0.253128111 1.60352635
 847 -0.374754488 0.706056595 -0.300421566 -1.02193964
 848 -1.06280124 1.43167329 0.432778984 -1.61267006
 849 -0.601770461 0.344311714 0.165797397 1.90723324
 850 -0.443569094 -0.924830973 -0.375538051 -1.13795114
 851 -0.115685701 0.572744071 -0.375361562 1.30961692
 852 -0.291623116 1.69032216 -0.328239143 0.402682662
 853 -7.59063959E-02 -0.477588415 -0.256182969 -1.15871298
 854 0.288376778 0.695511341 -1.73354101 0.316879392
 855 5.65573648E-02 1.06233048 -0.887261808 -0.737390280
 856 -0.359547585 0.891642690 0.572927475 -0.157931566
 857 0.481841773 -6.43469244E-02 -1.27712357 -1.18377233
 858 -0.582668304 1.46491897 -0.508145332 -0.178040206
 859 0.825757146 0.217163146 -1.07681835 0.715553224
 860 -1.30715001 0.825596392 3.44506428E-02 1.56527936
 861 0.473546982 1.38300228 -1.38551474 0.410414875
 862 0.573188305 0.965511501 -0.577489078 0.501349270
 863 0.742642641 0.358052164 0.106146619 -1.36419380
 864 1.42143071 -6.26138896E-02 0.289891779 -1.06864297
 865 0.795171738 -0.732873023 0.832738817 0.956930399
 866 0.704296291 -0.618196011 0.344795883 -1.69650126
 867 0.743301153 0.246384412 -1.38601077 -1.04717445
 868 -2.55314898 0.819288313 0.343139082 0.381574929
 869 0.375913411 -0.160623372 -0.480969012 -0.600934744
 870 -0.386176348 0.570700824 -0.520498991 -0.984497547
 871 -0.332178831 -0.176033586 -0.513378799 -0.967907131
 872 -0.124738976 0.837171912 -1.05408692 0.938672066
 873 -1.32081175 0.709838152 -4.22776900E-02 5.48617691E-02
 874 -5.44209853E-02 0.892477930 -0.535710931 5.34396768E-02
 875 0.919440091 1.38179100 -0.278179199 0.200582132
 876 0.623295844 0.607231557 -0.470686227 5.37183583E-02
 877 0.988284171 -1.12583029 -1.05768549 2.18021441
 878 0.684688210 -0.931289732 -1.01185310 1.28917336
 879 0.834170222 0.534589708 -1.37597993E-02 0.386586607
 880 1.11128354 0.954623699 0.598545074 0.424849689
 881 0.873494148 -0.244794324 -4.66531888E-02 -0.727892995
 882 -0.188071996 8.50818753E-02 -1.28759384 1.59499788
 883 -0.194155872 -0.217260689 -0.355108202 1.56820023
 884 0.862880111 -0.742414474 -0.177358896 0.542092085
 885 0.557856619 -0.615584016 0.216729879 5.37720323E-03
 886 -0.825941145 0.680737913 -1.06421065 -1.26666725
 887 4.26191092E-03 -0.831572175 -0.856222570 1.42496741
 888 0.389583796 1.42649055 0.795497298 -0.753026962
 889 -1.41026330 0.155945152 0.649035573 3.57121080E-02
 890 0.731539309 -0.159733102 -0.666156054 0.337145984
 891 0.982115507 -1.57652259 0.617965400 0.639687300
 892 -0.933438540 1.85462761 -1.05793262 -1.67250192
 893 1.53315306 -0.251248330 -0.673627198 -1.39291370
 894 0.485609621 -7.60570765E-02 -0.744090021 -0.134000301
 895 0.823722720 1.10302925 -0.970480144 0.600143850
 896 -0.404714882 -0.948466122 -0.381805867 -1.19559574
 897 1.55851579 -7.51187354E-02 0.432819337 0.358628452
 898 1.17685783 1.63144386 -0.500162601 -1.25592017
 899 0.842021346 -1.05638456 -9.75763500E-02 8.98571312E-02
 900 0.778984666 5.21652102E-02 0.278378993 -1.02239132
 901 0.207391307 -1.03336251 0.890495420 -3.27524617E-02
 902 9.65164900E-02 0.730292916 -0.547669768 0.323360085
 903 1.33595586 -4.49169278E-02 0.535591722 -1.29171968
 904 -0.149455369 2.00032282 -0.792744398 0.165500984
 905 0.101718985 -0.317508340 -0.370984674 -1.27817655
 906 -0.285107702 -0.407729149 -0.255120486 0.550837874
 907 0.943170428 0.487615407 -0.175609455 1.88640988
 908 1.16715968 -0.545314014 -1.28217375 0.408472806
 909 0.535383999 1.15685189 0.439237684 -1.49380195
 910 -0.973334789 7.94653594E-02 0.138580129 -1.39569890
 911 -0.904934049 -3.84002700E-02 -0.112274513 0.251569629
 912 0.907921195 1.19966912 -0.633666754 -1.39597631
 913 1.69335103 0.794475734 0.416207552 -1.98084116E-02
 914 1.00123286 -8.76694769E-02 0.542618930 0.194087267
 915 1.88809824 -0.990117073 -1.60086620 -1.23507130
 916 1.61924505 -1.48592365 1.91497318E-02 -1.39714992
 917 -0.162125796 -0.588673055 -0.335722774 5.04995137E-02
 918 0.395913541 -0.684725463 -0.756224871 1.34766674
 919 -0.101364918 0.649912477 -1.00028014 0.514862776
 920 -0.649107575 -0.776901245 0.377352268 -1.18105698
 921 0.192453563 -0.553644300 0.902434409 -1.58959723
 922 1.06594479 -1.21832347 -0.487750798 0.197587192
 923 -0.685484290 6.98806792E-02 -0.958003044 -4.37756293E-02
 924 1.55881023 0.905557454 -1.11580062 0.168420300
 925 -0.413074732 0.104769498 1.17075539 -0.919440866
 926 -0.861500800 -0.415938854 -0.524380684 -1.08178103
 927 0.461066484 -0.140270203 -0.578840852 5.57722747E-02
 928 0.149973124 0.230226681 -0.567764282 0.297916681
 929 0.292197198 0.131726310 0.183525652 0.246461704
 930 0.772859752 -0.565893590 0.457322538 -0.853445411
 931 7.69823715E-02 0.835854292 -0.176387057 8.69528949E-02
 932 1.30452013 -8.99365097E-02 -0.605621576 0.350527912
 933 1.97877049 -8.10912102E-02 -1.18172657 1.51363766
 934 0.698030353 0.172299832 0.100254469 0.237692937
 935 -0.856226504 0.864990890 9.91712511E-02 0.296260148
 936 1.06977010 0.716763556 0.607798398 -1.44571912
 937 -3.11577320E-03 -1.45363259 -1.03799546 -0.894743919
 938 1.64553320 0.379758835 -1.41124868 0.413572729
 939 0.425178409 -0.121203065 -0.620347023 9.53052640E-02
 940 -2.93483511E-02 1.13919461 0.529841959 -1.71784353
 941 -0.279875159 -0.679450333 0.280244410 1.95582199
 942 0.850843072 0.292111427 -0.203258336 -0.831631362
 943 1.24206626 0.337653220 -0.514402509 0.321866989
 944 0.793990672 -4.48431373E-02 0.217705995 0.404546320
 945 1.10302687 0.288633972 0.621261060 3.18804309E-02
 946 1.14508653 -1.02708113 -0.406890750 -1.37642407
 947 0.440526932 0.962348640 -0.616639137 0.591187179
 948 -0.557801723 -0.475227267 -0.251157939 0.125032052
 949 0.675144553 -1.04411888 -1.25044680 -1.17439902
 950 0.619014621 -0.972208500 2.87670605E-02 -8.57564062E-03
 951 -1.88208532 0.980110765 -0.999627352 -1.26347160
 952 -0.244951755 1.06997240 0.551163018 1.80130839
 953 -1.56231809 -0.347434878 -0.427389383 -1.04692292
 954 -5.53375930E-02 1.62476814 -1.37533987 2.42748260
 955 -0.314337552 1.00927794 4.62639406E-02 -1.26056850
 956 1.13692129 -8.91959667E-03 1.48316883E-02 -1.01896560
 957 1.70106590 -1.09231389 0.112304270 -1.28349841
 958 -1.34755409 -1.00576246 -0.650898814 0.308228791
 959 0.784444332 1.45282662 -0.575123370 -0.694355309
 960 2.15332198 -0.406960845 0.229617119 -0.604024887
 961 -0.296015203 0.624188662 0.802498400 -0.811586142
 962 0.888893664 2.48049796E-02 1.02322686 -1.82832349E-02
 963 8.13414529E-02 0.734091878 0.130440429 7.93382302E-02
 964 1.22358966 0.227116480 -0.183367491 0.330042332
 965 0.548093319 -0.821319580 -0.385785908 -1.42656744
 966 1.57760358 -7.99162090E-02 -1.43320644 0.942461848
 967 1.58746874 -0.584416389 -0.426310301 0.193678558
 968 0.300767004 0.324960351 -0.894457519 -6.14838600E-02
 969 0.961402237 0.775341749 -2.92305201E-02 -1.26337624
 970 1.16374421 0.285131037 -1.32808614 0.729558110
 971 -0.616745234 0.234675243 -0.548357010 2.22956777
 972 -1.75196230E-02 4.33203578E-02 -0.248842493 -0.324280351
 973 0.177668974 0.273327947 0.353668332 0.127108902
 974 1.88295889 1.34254360 -1.15103257 0.512663245
 975 1.74244535 -1.18610907 -0.890432298 -0.918363094
 976 0.382306010 -1.41523555E-02 -9.67656150E-02 -1.27847600
 977 -0.149423242 0.152387038 -0.930696249 -0.323831111
 978 1.73169994 -0.277914107 0.585010409 0.447031498
 979 -7.51004070E-02 -1.53990090E-02 -1.07866549 0.379409850
 980 1.19815731 0.587068617 -0.375967622 0.768209159
 981 -2.68830657E-02 0.519412041 -0.920715034 0.319304317
 982 1.31563139 0.421483040 -0.167689785 -1.53484654
 983 -0.261328995 0.684268653 -0.708021164 0.263226807
 984 0.893304765 -6.05958551E-02 0.493772507 0.155664861
 985 1.17991149 -7.17115998E-02 -0.156791642 0.193866059
 986 1.72168231 1.36548728E-02 -0.647609174 0.318707526
 987 1.23926258 1.11059952 -1.59721220 2.09876585
 988 0.283583790 2.01876616 0.171668142 -1.38607240
 989 -0.110152692 5.98674826E-02 0.161632270 4.33954895E-02
 990 -0.674851239 2.12938499 -1.21303189 -1.29592943
 991 -1.89762855 1.07653201 2.52738297E-02 1.82181227
 992 -0.443477511 0.579152822 -0.865373850 0.313113838
 993 0.521640956 -0.162102744 -2.11515522 -5.39958477E-04
 994 0.900015891 1.03896618 -1.27646232 0.239363790
 995 0.872552454 1.37649310 3.87834087E-02 -1.48264205
 996 1.98062861 5.55076972E-02 -0.933398485 -0.764741004
 997 -0.255230784 8.29846412E-03 -0.460212052 2.30173564
 998 -0.519324839 0.275738597 0.287767649 -1.05974674
 999 -1.82632589 -1.63562453 -1.05210173 8.35074186E-02
 1000 2.00781250 0.344232559 0.427663863 -1.03916848
 1001 -0.970031381 -0.770366788 -0.237659901 0.274909019
 1002 0.658609867 -0.633935630 -0.544180810 1.81691897
 1003 1.64764798 1.47492361 -3.54287475E-02 0.576969743
 1004 -0.609026372 0.659481585 -1.34151232 -0.913288593
 1005 -1.06904840 0.557578802 2.27360725E-02 -1.10176730
 1006 0.182624415 -0.851735771 9.04152393E-02 0.381285220
 1007 0.391620517 -1.30665326 -0.100800298 3.91536206E-03
 1008 0.524949431 -0.988485992 -6.10707626E-02 -1.32060695
 1009 -0.822805047 1.40868175 0.165049925 -9.18757729E-03
 1010 0.446709871 -0.612147391 -0.213509157 -0.142685443
 1011 -5.49829006E-02 0.518369079 -1.43720955E-02 1.30461907
 1012 0.297311634 -6.14419729E-02 -0.431571126 0.245713457
 1013 -4.42801379E-02 -0.619163156 -0.864856303 1.02187705
 1014 1.17972398 -0.267598271 -5.98573983E-02 7.73901716E-02
 1015 0.277445316 0.274178296 -9.53516662E-02 0.287559986
 1016 1.52835774 1.50815642 -0.659224272 -1.20987093
 1017 -0.172839925 -1.14154443E-02 1.15046179 -1.32517338
 1018 0.740349889 0.752349854 -0.729110718 -1.53595710
 1019 -0.234060258 2.09332657 -1.24238253 0.442167222
 1020 -0.835898995 -8.82142484E-02 -1.00246119 -1.26330674
 1021 0.793445110 0.460322559 -0.599152088 -0.123811319
 1022 0.937097013 -0.207281351 0.271875829 4.82692719E-02
 1023 -0.101845741 -6.23568296E-02 -1.70682561 -1.12936997
 1024 0.207334131 -0.807237387 -0.892618954 -1.48906064
 1025 0.888569951 0.910932660 -0.843069434 1.96851015
 1026 1.50118804 -2.63703322 -0.305930167 0.267505229
 1027 -0.130877450 -0.417179018 -0.990954638 -0.908618867
 1028 0.751671553 -8.50039721E-02 5.63616306E-03 -1.29574716
 1029 0.710395873 -0.138413459 -0.537556648 1.76020575
 1030 9.75131541E-02 1.07981730 -0.793803751 0.241729960
 1031 0.423126966 1.21853411 -5.49233630E-02 2.13966203
 1032 -0.133793920 0.706185162 -1.06488013 0.272117704
 1033 -0.617220163 0.546173453 -0.380120367 0.166399479
 1034 -1.07147312 -1.97901547 1.47170413 0.915807605
 1035 -0.520959616 -2.18903327 2.19740391 -0.504421711
 1036 1.39526799E-02 -0.612146854 0.317684710 -1.33099508
 1037 0.943767726 -1.75316644 1.03639364 -2.02663612
 1038 -1.83685219 -1.24372458 0.433678925 1.21023107
 1039 0.978659034 -3.48266983 0.482509702 -0.225032866
 1040 -0.634134591 -1.63801694 7.98588917E-02 -0.556445777
 1041 -0.411474824 -0.414164484 1.03412116 1.66844916
 1042 -0.155934066 -2.89852524 1.19048071 -0.352715641
 1043 -2.18746781 -2.80181265 2.08429742 -0.700941443
 1044 -1.10835350 -0.152071655 2.02431893 1.63974392
 1045 -0.767631590 -1.50310826 1.44574511 -0.306744635
 1046 -0.741841793 -0.400253952 1.22066522 0.315128326
 1047 -1.60045326 -1.38902986 1.48189676 2.89888680E-02
 1048 0.633357823 -2.30406570 1.54395556 1.13967335
 1049 -0.659081817 0.416821480 1.26471305 4.33219522E-02
 1050 -2.33383656 -2.98698068 0.595213115 -0.472304583
 1051 -0.709067285 -2.19091463 1.26853514 -0.345354140
 1052 -1.01780295 0.145401806 0.988492906 1.10024762
 1053 -0.987349689 -1.52072537 0.533269703 -1.37079799
 1054 -0.825456083 -0.631255209 2.06361461 -1.49105275
 1055 -0.515637159 -1.34850693 1.10519791 -0.122255720
 1056 -1.18503857 -1.38177407 0.649232984 1.21999824
 1057 -1.52378058 -0.911648393 1.92495894 -2.96256002E-02
 1058 -7.58796930E-03 -1.02495241 2.25559664 -0.359007418
 1059 -1.03701842 -1.77141392 1.56179869 -1.96287870
 1060 -0.324158460 -2.77986431 0.861995339 6.01748228E-02
 1061 1.16962540 -2.59631491 1.64205575 -6.94512427E-02
 1062 0.482354283 -1.37758946 1.38157737 -1.17031801
 1063 -0.911267102 -2.77819228 1.40878928 -0.288972497
 1064 -1.89067292 -2.00449491 0.716373980 1.15537417
 1065 -2.06687188 -0.889806032 1.35269916 -9.51133743E-02
 1066 0.536961615 -2.75208664 -0.187608406 -1.28062308
 1067 -0.139357239 -1.43965507 1.07635534 -0.413681805
 1068 -0.360978514 -2.17955041 2.53698349 -0.302828938
 1069 -1.26050007 -2.02404332 0.325488210 1.65598488
 1070 -0.308730334 -2.59118152 1.35753453 -1.47215331
 1071 -1.89468932 -1.49129343 2.01286745 1.35330760
 1072 -0.205226108 -2.72217417 -0.274412543 -5.53594306E-02
 1073 -1.99145067 -0.450831354 1.25643373 -0.120908864
 1074 -1.91974556 -0.835475445 -0.131854713 -4.94908392E-02
 1075 0.249822363 -1.74936557 1.10355890 -6.38279766E-02
 1076 -9.27856490E-02 0.527209878 2.14183497 -2.08783746E-02
 1077 -0.664894581 -0.394404411 1.57122564 1.21136808
 1078 0.142088592 -2.84141994 -1.03713945E-03 1.08120394
 1079 1.06256270 -2.60744500 0.554017425 0.792483926
 1080 -1.98867172E-02 -0.775351822 1.48507881 -0.307889581
 1081 -0.321397126 -1.28894532 1.19103372 1.47928572
 1082 -1.04601562 0.871656299 2.01662898 -0.244837016
 1083 -0.631007731 -1.51025033 1.10884571 -0.221301466
 1084 1.44937742 -1.70986128 0.161605984 -1.32955074
 1085 0.577578127 0.347331792 1.79073036 1.02647662
 1086 -0.977121711 -0.809702277 1.69549298 1.18999946
 1087 -0.444666743 -0.399063110 1.38149452 -1.69786716
 1088 -1.01521838 -0.258133799 2.08549666 -0.163801551
 1089 0.770094335 -2.20060110 0.112235278 0.317303121
 1090 -0.450312763 -0.198341116 1.16277730 0.981919050
 1091 -0.256201267 -2.22757483 1.08875418 -0.359954774
 1092 5.13777025E-02 -1.34260917 1.14636993 -0.269903928
 1093 1.50599122 -0.926755786 0.799079061 0.897010684
 1094 -0.623779655 -1.34867406 0.445362091 1.02971113
 1095 -0.269223988 -1.75040269 0.661932528 1.35116327
 1096 -0.347171605 -2.40430593 1.44649887 -0.159762084
 1097 0.368261278 -0.996072650 1.37483323 -0.145158440
 1098 0.748058081 -3.10830569 1.43934059 2.87120342E-02
 1099 -0.472251952 -0.226313040 2.41620064 1.01196933
 1100 -1.57909620 0.571768403 1.85673070 -6.90828562E-02
 1101 -1.20048416 -0.454879999 0.497140586 -0.246504426
 1102 0.169254005 0.617923856 2.43346310 1.13356304
 1103 -0.307341576 -1.29056299 0.281194270 0.334427565
 1104 -6.52551651E-02 -0.762426257 1.48349345 0.882433355
 1105 4.17861640E-02 4.90466207E-02 2.32959986 3.17747705E-02
 1106 0.675999284 -0.781901360 2.95258760 1.27491796
 1107 -0.797674894 -1.75253868 1.15648901 1.10043859
 1108 -0.374489844 -1.62663579 1.53483331 1.25248027
 1109 4.72762883E-02 -0.812406957 1.92757535 1.39811754
 1110 -0.317323834 -0.372563243 1.34321809 0.100112751
 1111 -1.00821185 -0.986112118 0.429633617 0.342020631
 1112 -0.418210626 -1.53489113 1.82045984 0.152868882
 1113 2.52660811E-02 -0.607347369 1.38029802 1.11017323
 1114 -0.997751415 -0.216722995 1.74811661 0.116946101
 1115 0.772922754 -2.05695748 1.39428711 -0.584889531
 1116 -0.787893593 -1.10852396 1.77680910 1.12157214
 1117 0.138897836 -0.691854715 1.37793124 -0.331086576
 1118 -1.02154112 -2.25213957 0.784568548 -0.119222790
 1119 -0.488998652 -0.742942333 0.829312801 0.269809723
 1120 0.805806875 -0.832491577 0.661808431 -0.106773138
 1121 0.106383711 -1.33474195 -1.07208252 0.946315467
 1122 0.796006560 -1.71642315 2.00335979E-02 1.19104946
 1123 6.48486316E-02 -1.28206754 1.34275115 0.996718347
 1124 -1.05327141 -0.557536244 0.585001230 -0.298713505
 1125 -1.09682941 -1.58443940 0.857699037 -0.314176589
 1126 -0.160698012 -1.12527525 1.67574883 0.964466214
 1127 -0.355327576 -1.15354443 1.05537224 1.38208950
 1128 -0.816288054 -2.77718282 2.02178168 -0.537363410
 1129 -1.29405129 -2.74543738 1.05033588 0.977811694
 1130 -1.35823500 -0.481997848 1.37166548 1.15357769
 1131 -1.54409504 -1.53483319 1.03685129 0.734300852
 1132 -0.847455144 -2.26260662 1.51820815 -9.28908288E-02
 1133 -1.64040983 -2.38544774 1.23149836 -0.197725773
 1134 -0.760019124 -0.541554272 1.42783582 1.09326720
 1135 -0.293686926 -1.45064950 0.671167672 -0.112860851
 1136 0.768037319 -1.45932925 0.857336581 0.713546932
 1137 -0.934892654 -1.59448195 2.05416632 -0.123803660
 1138 -1.02313995 -2.09007454 0.818182111 1.00989413
 1139 -0.277069926 -2.23417431E-02 0.560556114 0.484071910
 1140 0.439256817 -1.53713429 0.692901969 -1.12717450E-02
 1141 -6.55258894E-02 1.52711719E-02 2.57617974 0.306399554
 1142 -0.709546208 -0.112460494 1.45241296 -0.620429397
 1143 -0.541629851 -1.67514956 1.35647070 -0.157488078
 1144 -0.206926346 1.97953917E-02 2.86808181 0.114342555
 1145 -1.03333855 0.145755723 1.35970116 0.228633761
 1146 0.522623181 0.128569603 0.901956737 0.150636777
 1147 -1.07525742 -2.23245168 3.40008624E-02 -4.28776145E-02
 1148 -0.852751315 -0.674649954 1.04811609 -0.118760943
 1149 -1.44094360 -1.05718470 1.98471797 0.801153958
 1150 0.328071058 -1.69608498 2.14490986 0.561577559
 1151 1.25162983 0.297982693 1.96877682 -0.401180297
 1152 0.444713622 -0.301583409 2.16225314 -1.11578095
 1153 0.341127843 -1.59708893 0.922908187 -0.206134051
 1154 -0.215457365 0.622071981 2.80459023 -0.728370428
 1155 -0.753008962 0.826874852 1.74462938 -0.337779284
 1156 -1.40295696 1.31441581 1.67817378 0.909855664
 1157 -0.738281906 -0.789687872 2.85501170 -1.94161093
 1158 -0.183176681 -0.442869544 2.73514962 0.382386744
 1159 -0.721567988 0.224033862 3.22847176 0.152520433
 1160 0.566740990 0.140988201 2.10751343 0.660875738
 1161 0.429219633 -0.448656440 0.705251098 -1.18863904
 1162 -2.42156577 0.200728893 1.23492026 1.02523673
 1163 -1.01961195E-02 -0.358946800 2.36058378 0.721194863
 1164 -1.64639544 -0.965220869 1.15289462 -0.902605057
 1165 2.17451975E-02 -0.925703168 1.43389523 0.502935946
 1166 -0.105703503 0.261034012 1.91974020 -1.47288549
 1167 -0.636685550 -1.18323994 0.718491137 -1.86657286
 1168 -2.19712114 -1.57670975E-02 2.04772162 -2.24773958E-02
 1169 0.203126118 -0.943443298 1.09574389 -8.03749859E-02
 1170 -1.44672859 -0.210120469 0.738119841 0.273440212
 1171 -0.496781170 -2.08483386 0.839594424 0.922177076
 1172 -0.362465620 -0.553016782 2.31638074 -0.282411337
 1173 -1.14430213 8.15168321E-02 0.629028440 0.114670731
 1174 1.36496174 -0.344183326 2.28329396 -4.24534976E-02
 1175 -2.11195970 0.374463499 1.24727964 -0.987983704
 1176 1.37850714 -2.05245066 2.65657544 -1.21303630
 1177 0.949117064 -1.26490438 1.26630974 -1.88323736
 1178 1.52849734 -0.859886110 2.20910454 -0.637002468
 1179 -0.190795451 -0.655556917 0.679243088 -0.843787313
 1180 -0.808103085 -0.825687170 2.26015282 -1.73848271
 1181 -1.37621915 -0.881740093 1.48397255 -0.321581185
 1182 -0.911873221 -0.813495815 2.86552644 -0.611587405
 1183 -1.16759062 -0.745443463 -0.705101371 1.01554596
 1184 -3.24882939E-02 0.681863785 2.64708543 -1.31401098
 1185 0.909013987 -2.25629187 0.626732528 -0.508355141
 1186 1.07576418 -0.848009765 1.50338304 0.201620668
 1187 -0.731707036 -1.87990093 0.981556952 0.419641137
 1188 -0.783371627 0.327296793 0.703183830 -1.01059341
 1189 1.46667802 -1.63602114 1.37837875 -0.569300234
 1190 -1.30464160 0.650869608 2.94007683 -0.803605080
 1191 0.291540384 -0.584981680 1.23647356 -1.78112781
 1192 -0.197639301 -2.80448794E-02 1.70175242 -0.708854735
 1193 0.515386283 -2.90649986 0.639643788 -0.334811717
 1194 -1.52522171 0.521848381 0.892852724 -0.454351008
 1195 -0.875289977 -1.49579978 0.543061733 0.411987722
 1196 -0.832644522 -1.48180604 1.81728745 -0.149439692
 1197 -2.94776857E-02 -0.481801540 1.32830095 -0.954082787
 1198 0.156009957 -1.00896752 1.44083214 0.997765779
 1199 0.382790923 -1.12809443 1.66314590 1.14176857
 1200 0.217696473 5.71088493E-02 1.75964260 -0.255241632
 1201 0.716950595 -1.50828314 2.26702094 0.188915104
 1202 0.374524117 -1.17864931 0.302983940 -1.15979576
 1203 0.380921662 -1.12082481 1.25825799 -0.686899126
 1204 -1.04441047 -0.321147174 2.27344561 -0.277845591
 1205 -0.805709124 -0.606373727 0.549932599 -1.17552114
 1206 0.501162350 -2.36835384 2.27624846 -0.929732323
 1207 0.785015404 -0.583035827 2.02872276 5.97423613E-02
 1208 1.39658344 -1.12211204 2.33791423 -0.866883516
 1209 -1.29316270 -1.28000677 1.00424242 0.187948331
 1210 0.658475876 -0.948348522 1.45375681 0.528781652
 1211 -0.647530496 -0.716864467 -0.483602077 1.19239879
 1212 -0.772501349 -0.174214751 2.59915400 -1.74887240
 1213 -1.24006200 0.842187107 2.39822459 -0.190976173
 1214 0.456979215 -1.12115359 0.473210633 0.223181203
 1215 -0.726822555 0.204243973 1.17881143 0.960615039
 1216 0.114557326 -0.478696793 -0.636181056 -0.286455065
 1217 1.20526063 -0.208881900 3.25546288 -1.68158877
 1218 -1.41900051 -7.51721561E-02 2.08759761 0.223318189
 1219 -0.634514332 0.821364284 1.59419680 -0.165269941
 1220 -0.253144056 -0.456465662 1.13717389 1.31822491
 1221 -0.335859746 -1.01930010 1.49301958 -0.560293853
 1222 6.90287054E-02 -1.32168698 1.00727868 -0.226305023
 1223 -1.60940027 -0.926575959 2.05825472 0.562199831
 1224 -0.656031907 -0.900213718 0.552892864 -0.732138872
 1225 -0.712927222 -0.146029741 2.84300852 0.544824362
 1226 -1.20736301 -0.178010210 0.413146824 1.11581409
 1227 0.977153480 -0.831144750 1.81765640 -1.57770836
 1228 -0.188295901 -0.564780474 0.744338989 -0.674954295
 1229 0.345270216 -0.395519435 0.531325161 0.559593260
 1230 -0.193073601 1.35641205 0.724755287 -0.257565767
 1231 -0.495850682 -1.24612880 2.33947206 0.115232840
 1232 -0.144508302 0.300339699 0.614097416 -1.36073709
 1233 -0.567916572 -2.16110730 1.94885588 0.310783684
 1234 -1.85734165 1.26636851 2.02435184 0.493095666
 1235 -0.502740860 0.671635270 2.28081727 1.10564375
 1236 -0.379331231 -7.53100365E-02 1.62970388 -0.153549135
 1237 -0.438008547 -0.782336831 0.374091059 -0.496689588
 1238 -0.127891570 1.46634102 2.70697355 -0.418504924
 1239 2.57149637E-02 -0.710055649 0.640010536 -0.656374931
 1240 -0.444662005 -1.19384849 -0.876429677 0.346663117
 1241 -0.280745983 0.483404040 2.61955643 0.324226081
 1242 -0.147896111 0.948529899 2.01413703 8.99143666E-02
 1243 -1.63105285 -0.182911709 1.96246552 1.38185823
 1244 0.620555699 -1.36375213 1.42556489 -0.199176714
 1245 -0.860454679 -0.597433865 0.131969512 -1.04264402
 1246 -1.36833191 -1.64509284 -0.432115585 0.972034812
 1247 -7.02842623E-02 -0.376448035 0.778351307 -0.265630275
 1248 -0.346045583 -1.15044844 1.50357246 -1.49702704
 1249 -0.186775118 -1.39329934 2.35588980 -0.155911431
 1250 0.116344690 -1.52151084 3.09545040 0.595550418
 1251 0.251726657 -0.391344696 1.92560506 -0.830970883
 1252 0.342833757 -0.740027308 2.61920786 -1.84737873
 1253 1.88286805 -2.04848790 2.46867943 -1.50573814
 1254 -0.533656657 -2.57075691 1.13344646 -0.169284686
 1255 -0.227295503 -1.54434562 2.47560596 -1.01321244
 1256 -0.189016193 -0.470620215 2.47250485 -0.552111447
 1257 -0.890527010 -0.684760392 1.81546569 -0.295026779
 1258 0.531080246 -1.92891240 2.60269833 7.29712844E-03
 1259 -0.270835459 -1.18540585 2.07535458 -0.967887521
 1260 0.163079172 1.31604743 2.61661267 0.841116428
 1261 -6.10036664E-02 6.59648329E-02 1.59135270 -1.02680540
 1262 -0.675808191 -0.978809237 0.439382493 -4.06295061E-03
 1263 -0.638820231 -2.61141539 0.361195832 0.792367756
 1264 0.139223456 -0.955360830 1.52246058 -1.31598365
 1265 -1.39878404 1.30399656 1.31152797 0.938951135
 1266 -1.16179550 3.61312926E-02 2.21517038 0.676565886
 1267 -0.321161300 -1.55741787 0.966535151 -0.829220355
 1268 -7.95939267E-02 -2.08337498 0.461108238 0.331393927
 1269 5.79228252E-03 -2.59742260 2.35259104 7.13183582E-02
 1270 -1.25615931 -0.954458952 1.68129015 0.569054425
 1271 0.572444558 -0.434385389 1.04487705 0.185456365
 1272 0.386864930 -0.389305681 1.47359192 0.714545965
 1273 -1.53192115 -0.531066597 1.90852821 -0.146584183
 1274 0.110654294 0.253168255 0.845169544 -7.30953217E-02
 1275 0.831251323 -1.19513345 0.575545907 0.650102258
 1276 -1.42602861 -0.312039852 0.221990466 -1.31174064
 1277 0.363745630 -0.384265363 1.26508152 -0.869720995
 1278 -0.141392931 2.47848183E-02 0.975140035 0.975720942
 1279 -0.273436606 3.89101803E-02 1.39827311 -0.583158255
 1280 -0.752604008 -0.184399605 2.14188409 -0.183841869
 1281 -0.304375917 0.638275445 2.27123666 2.38483883E-02
 1282 -0.242941216 0.487008870 2.49626136 0.221727386
 1283 -0.826438308 0.264610082 3.50788474 -0.621565640
 1284 0.359140754 -0.744894028 0.680394769 0.585559487
 1285 -0.138773888 -0.998157203 1.43289781 1.14268434
