 1 -8.01245868E-02 -1.26884413 -0.127186462 -1.15896928
 2 0.405802995 0.333393455 1.42205048 -1.26056957
 3 0.290339202 0.349466473 0.848179579 -0.905758321
 4 0.714510918 0.787441194 0.896732330 -1.56427324E-02
 5 0.256001413 1.24462736 0.130008757 3.30129266E-02
 6 0.836627245 -1.87760627 -0.609949350 0.565139294
 7 1.56622934 0.297117531 1.07931697 -0.314650238
 8 1.28082597 0.510055542 -0.561629534 -0.823510408
 9 0.322493285 -0.318053991 -0.362311184 -9.55491886E-02
 10 -1.95222907E-03 1.38815165 1.50370336 1.14285958
 11 -0.391461492 0.357176185 2.76977801 1.24112320
 12 1.29044390 -0.678902388 -0.276399553 -1.44920552
 13 0.115348019 0.612935424 4.38542366E-02 0.277373075
 14 -1.01385057 0.427709192 0.346204042 1.07167721
 15 1.08536875 1.10573673 0.406869709 -0.737777412
 16 9.12297592E-02 -0.419066131 0.991182208 0.767547905
 17 -1.28910565 0.503666639 0.461683124 -0.778483450
 18 0.247237146 1.93439317 1.24961662 0.740953267
 19 0.124376416 -2.47767782 0.533760250 0.460419476
 20 -1.05439913 -0.722469509 -1.31429601 0.475897074
 21 -0.320423096 -0.819942474 0.939711094 -1.09955859
 22 0.308855891 0.467987388 0.240339816 -0.398906112
 23 0.458706886 0.606609344 0.400169760 1.31328917
 24 0.878828645 0.835730314 -0.276722074 1.13971472
 25 0.968504906 1.10141826 -4.97289002E-04 -4.92466390E-02
 26 1.42161024 -0.438786030 -0.491678715 0.274386913
 27 -0.436354339 0.401392221 0.305645257 -1.15539289
 28 -0.940092146 0.265411794 0.269830465 -0.449030638
 29 0.952371299 0.785476029 1.54340017 0.111446232
 30 -0.800116837 -0.972712457 -0.499128431 -0.217926160
 31 -0.605993450 0.961326361 0.884391367 -0.495696485
 32 1.43458152 0.807527244 -0.506722629 -1.11323166
 33 0.301791072 0.795292974 1.19324803 -1.44910359
 34 5.88321388E-02 0.706305981 0.674407125 -1.48743474
 35 -0.809821248 0.440269858 -1.01411080 -1.79456270
 36 0.359471083 0.766668797 -0.809734285 0.579034448
 37 0.388442576 1.39240670 -0.235469803 1.68470359
 38 0.540558934 -0.963276148 1.40464354 -0.201301113
 39 0.781717658 -0.653142750 1.05997157 -3.78657877E-02
 40 0.436895907 0.836552382 0.500950217 -1.04047489
 41 0.568915725 -1.09867311 -1.16814923 -0.582608223
 42 0.240622938 0.210517779 0.408382416 1.88267517
 43 -0.894612849 -1.27072394 0.553592801 0.534350038
 44 -1.83844650 1.03922844 0.817369342 1.33038938
 45 -0.796759665 -1.71813965 -0.847926140 9.18172896E-02
 46 -8.67333263E-03 0.295160055 1.14892292 -0.100441918
 47 -0.581988752 -2.37164855 0.859501481 -0.656846762
 48 -0.556283593 0.871300876 0.123330951 -0.759464502
 49 0.758707285 0.166339770 -0.671494544 -0.490952194
 50 -2.87853813 -0.429263890 5.90533167E-02 0.418554217
 51 0.792760611 0.451967120 1.99121535E-02 0.616574883
 52 1.32756031 -0.278263628 0.569577217 -1.34277320
 53 0.464511335 1.01650798 1.14620829 -0.475737572
 54 -0.413251400 0.796213984 -1.16700971 -0.579632878
 55 -0.287213326 -0.473590016 0.793277979 -0.826976299
 56 0.845296443 1.19224882 1.18157685 -0.117251694
 57 -7.86476433E-02 -0.464408100 1.19995463 -0.792069674
 58 0.420588672 0.921134412 1.62395298 -0.934444070
 59 0.333754271 1.65063918 -8.21973607E-02 -5.26301861E-02
 60 -1.32178664 -1.36067700 1.05819976 1.17580414
 61 0.585792542 -0.818643570 2.27806401 9.47856903E-02
 62 0.511351466 0.278642118 -0.354880363 -2.24376297
 63 6.07067943E-02 0.738454103 1.17853427 -0.310020953
 64 1.34815931 -0.768027127 0.447843969 0.184941500
 65 1.06613445 -7.65881240E-02 0.415284872 -1.45945978
 66 -0.593803704 0.360113174 -6.99124932E-02 -0.692291856
 67 -1.42218792 0.636367202 -0.201224923 -0.252284586
 68 1.55114686 0.386078238 0.643788517 0.564670146
 69 -0.200400695 1.40164042 -2.16176271 -1.37775505
 70 0.246727422 0.872944951 0.408647120 0.778041601
 71 -0.482836634 -2.21308899 0.257225633 0.103671819
 72 -0.571917832 -0.642042994 0.845552325 -0.374350935
 73 0.331166685 2.50749373 0.998606861 -0.874748051
 74 -0.810276270 0.341644883 -1.76212215 0.368682474
 75 -0.296465099 1.16062367 0.991094530 1.24498725
 76 0.731137693 0.753257096 0.211292565 -2.35312462
 77 0.462182313 -1.08829319 0.124458730 0.934120655
 78 2.94875130E-02 1.02551889 1.08497608 4.66200858E-02
 79 0.875172436 0.502461553 1.71966362 0.605820596
 80 1.18513882 9.49323326E-02 2.43428493 0.666947961
 81 -1.49844623 -0.420029908 1.08841515 -0.641812801
 82 0.149944067 0.715446234 -1.49777055 -1.24625766
 83 -0.378575712 -1.46288228 0.324271619 0.808331728
 84 -0.885472476 0.759658992 1.29139745 9.46011618E-02
 85 -0.139487609 1.40832555 1.47978270 0.347404867
 86 0.971343338 1.33035338 1.34185219 -0.764624000
 87 -0.387436926 -0.732132673 -1.60650611 -1.07041264
 88 1.47829306 -0.425288916 -0.320379406 -0.116704531
 89 -1.04687679 -7.63358474E-02 -0.447316825 -1.38888288
 90 0.529667079 0.528412521 1.39794850 -0.108646438
 91 0.299986392 -1.31904197 0.619733095 0.647632360
 92 -1.60406256 -1.16041517 0.627416849 0.425579190
 93 0.223239452 0.197172910 0.381083518 -0.755752742
 94 0.880657852 1.17771435 1.13077784 1.17815876
 95 0.799259782 -0.456864029 2.16025662 -0.777017713
 96 -0.565503120 -0.837617218 1.24629140 -0.360426456
 97 -1.03867090 2.80583119 0.795132160 0.825180709
 98 0.154832497 0.991016626 -0.355698168 6.29485101E-02
 99 0.500777364 3.08212900 0.562910020 -0.426616877
 100 -0.535620093 0.335739374 -0.107312560 -1.30260861
 101 0.233927429 0.297102571 -0.974998116 -0.362409025
 102 -0.778605103 -2.46406603 -5.04172891E-02 0.741045177
 103 -0.845618069 1.14113581 -1.13539398 -0.678086936
 104 -0.985706270 -7.30365515E-03 -0.578754842 -0.436782241
 105 0.257407695 0.702840805 0.367091656 -1.61204946
 106 0.716973245 0.524426639 0.570747614 -0.466489345
 107 -0.600471377 -0.141286433 -1.55452275 -7.80094862E-02
 108 1.45993793 1.34544730 0.755612493 0.563785434
 109 -0.719562471 0.826667666 0.221484378 0.282856166
 110 1.72928917 0.509984672 0.421609968 -0.539612889
 111 0.280604780 0.991661906 -1.49230480 -1.29834938
 112 -0.492254555 0.581830025 -0.213994876 -0.658580959
 113 -0.295872271 0.746781111 0.611329794 1.58980370
 114 -0.722165585 -0.112474948 -0.595715821 0.862167120
 115 0.523899913 -1.62059343 0.980615139 -0.141819373
 116 0.955106974 -0.533220351 0.399987578 -2.31880116
 117 0.942854583 -1.66716599 1.21093392 1.74271595
 118 0.158978090 -0.132416964 -1.89075112 0.570020795
 119 -9.79440138E-02 -0.269230187 -6.53954595E-02 -2.76340580
 120 -1.33799708 -1.77650440 -0.765009284 -0.268568248
 121 -0.190631673 0.580872416 1.22478187 1.24625158
 122 -0.685168266 9.32034850E-02 -0.357124507 -0.389939964
 123 6.87471628E-02 -0.295506299 0.867847085 0.782796144
 124 1.62137437 0.514008403 -0.658338547 -1.85428452
 125 -1.38084292 -1.53970671 1.04642606 0.643742502
 126 -0.954472661 -1.52749479 0.804586112 0.832460225
 127 -1.06549203 2.99454704E-02 1.09488976 -1.74554396
 128 0.395156533 -2.67561603 0.162603065 -8.57944191E-02
 129 -1.21897173 0.466401726 1.05355632 1.93081021
 130 -0.771102548 0.570541382 -0.322011411 0.566148341
 131 -0.501417279 0.219555259 -0.303258300 -0.492326975
 132 -1.13955522 0.731481314 -0.270863831 -5.00631928E-02
 133 0.241709545 -0.247692928 1.49494827 0.688116670
 134 -0.377561301 -0.780512333 3.30968797E-02 0.666096687
 135 9.83674824E-03 -0.878993988 1.11666477 0.632116199
 136 -0.180861235 -0.420841515 0.325790524 0.671468496
 137 -0.671659410 2.29074001 0.640106797 0.781522274
 138 0.996319532 1.84233725 -0.821332574 -1.36212134
 139 0.253410697 0.302264720 0.964969873 0.165256187
 140 -0.903490424 -0.676485598 1.03412664 1.19640291
 141 -1.20688128 -9.23693329E-02 -2.28295183 -1.63423896
 142 -0.280887604 -0.595589101 -0.623105228 -1.00885928
 143 -0.433195680 0.625018597 2.06559253 -0.288187742
 144 1.31554592 0.222808138 -1.09732056 -1.49148881
 145 0.357649982 0.440972716 1.00228930 -2.01875329
 146 -1.02216506 -0.947028577 0.463123053 0.752013505
 147 0.696842492 0.576017022 -0.362266779 -0.460748345
 148 0.171931416 -1.11997640 0.160169721 -1.22107840
 149 -1.26405072 -0.559828460 1.09945238 1.05359161
 150 0.274449378 -0.897356629 0.899492502 1.15563428
 151 0.884286761 1.35944462 -0.802070916 0.231862113
 152 0.336938530 -0.406188428 0.930535853 1.31067467
 153 6.17487207E-02 0.131480411 0.350271434 0.499431521
 154 0.691627979 0.750619411 1.20644331 -0.471961468
 155 -0.347067952 0.233054668 0.814622402 1.71517885
 156 -1.19906127 -1.35393476 -1.02718294 -1.15748751
 157 -0.791509628 -1.88146329 -0.585591316 -1.12992704
 158 -0.145970643 -3.27305937 -0.232369244 0.555210233
 159 -0.595439255 -0.716618955 2.06056118 -1.29949367
 160 0.671894908 1.59794903 -6.52157068E-02 0.616908431
 161 -5.92763871E-02 0.758962870 1.52942932 -0.533847630
 162 0.802659631 -1.22208869 2.47943044 -1.16965890
 163 0.744952738 0.972086787 0.505832911 -2.29779172
 164 1.11383581 -0.320654929 -1.10325313 -1.61938095
 165 -0.809575498 -1.01602542 -0.958093166 -0.924481690
 166 1.48157811 0.100202501 -0.973281622 -0.624435127
 167 0.658485055 -0.709995627 -1.00673485 -1.20533264
 168 1.80478442 1.07514548 -3.60664353E-02 -0.178232372
 169 -0.428460479 0.146842241 -0.634600043 0.199116141
 170 -0.494686335 0.193546787 -0.685508311 -0.746150553
 171 1.61350060 -1.03468883 0.105817877 0.604588211
 172 0.771224260 0.805394888 0.272665411 0.647084236
 173 0.562107086 1.21996069 0.632810533 1.09916735
 174 0.581145763 1.14592695 -0.374045551 -1.00588799
 175 1.02057827 -0.516421795 -0.626504481 -1.07196593
 176 1.56469417 1.61686945 1.64808607 1.38756001
 177 5.71897626E-02 1.14494115E-02 0.137681723 1.87114954
 178 0.511326432 0.485578954 1.71293795 -1.25170934
 179 0.185771823 -0.925344944 0.679489017 -0.786578953
 180 1.35293078 1.76021135 -2.64942312 -2.36200476
 181 0.197777569 0.246940881 -1.57325077 1.17793810
 182 0.107468218 4.68163304E-02 -9.10897180E-02 0.259676933
 183 -0.444899380 0.271956444 -1.09146893 1.37946403
 184 0.166811585 1.16106105 -0.529235959 -2.37804270
 185 -1.26677513 0.429898560 0.669916153 1.65985012
 186 0.885882318 1.45784235 -0.578205705 1.81035101E-02
 187 1.56213045 1.76790357 0.396514505 -2.35734534
 188 -0.426064968 1.77854884 0.262344927 -2.33716917
 189 -0.414368510 1.13438416 0.603446722 1.00853622
 190 2.05003858 1.07401288 0.607485473 -1.55565274
 191 0.643577993 0.620502234 -1.14073062 -0.339284420
 192 2.29471850 1.04063332 -0.259435952 -0.366012692
 193 -0.544492364 0.168531358 -2.79215479 3.39062512E-02
 194 -0.290752798 -7.53718913E-02 0.802581728 0.321089923
 195 1.56369579 0.420199394 0.931799948 -2.53240752
 196 -0.638062596 -0.613022685 -7.44202435E-02 6.75785244E-02
 197 0.918087006 0.254599184 2.38557160E-02 7.63221756E-02
 198 0.315506935 1.13982487 -0.299737573 1.18990099
 199 5.78319430E-02 0.363275409 -0.311213225 -1.44555843
 200 0.179791600 0.110318661 -1.25380903E-02 1.18648708
 201 -1.55298960 0.140425265 1.14103305 -4.36492264E-03
 202 0.261827052 1.20709121 -0.156285286 -1.81123137
 203 -0.580453992 -1.49960947 -7.77503401E-02 -0.605397105
 204 0.761997938 1.53278613 -3.37783992E-02 -1.80579090
 205 0.113144644 0.611107469 -0.406477183 0.159117997
 206 0.349162936 1.85936201 -9.16631073E-02 0.331985593
 207 -0.876062632 -1.33356738 1.71809649 -3.19034308E-02
 208 -0.596080959 0.950368941 -0.154200912 0.104975834
 209 -0.608179569 -0.341690093 -1.71861243 -0.137446582
 210 0.988299668 0.886042953 -2.16228867 -0.887096405
 211 -0.203632340 -0.591806412 1.08061492 0.266385227
 212 0.703511178 1.90921378 9.81682986E-02 -0.630460203
 213 0.942106307 0.267298400 -0.391560823 -0.292073697
 214 -0.553909898 -2.13259816 1.84114718 1.32205582
 215 0.597437084 -0.565018773 -0.292524755 -7.26351589E-02
 216 1.44098020 0.303107262 -0.342732936 -0.597128034
 217 1.27740777 1.75399709 -0.653179765 0.389484465
 218 0.241486505 -1.30613291 0.550638497 0.902589262
 219 0.598599613 -1.67457676 0.876112700 0.250652999
 220 -0.311284870 0.440794528 -0.933058262 -1.00140226
 221 -0.540389299 -0.341048837 0.960098267 0.344681442
 222 0.742780805 1.18840599 -0.414251715 -0.625827372
 223 0.847333133 -0.857972145 2.08650112 4.40222472E-02
 224 1.85604763 1.34681249 1.29633594 0.983453989
 225 -1.10146022 0.175098494 -6.82787299E-02 -6.96540028E-02
 226 0.282584667 -0.924215078 0.443580449 0.312214822
 227 -0.705248833 -0.460516483 -0.430509865 -1.01221967
 228 0.612255335 0.155618936 -0.432628334 -1.06471145
 229 -0.946312070 -1.16364193 0.872742593 0.789636552
 230 -1.89095438E-02 1.52796280 1.23261845 -0.662637949
 231 0.692973733 -0.716614783 0.435829818 1.43914664
 232 -0.354232967 0.831585050 -0.601793826 -1.13134241
 233 0.181223840 1.24619770 0.352656066 -0.195542142
 234 1.25651693 1.00710797 1.50713444 -1.38698983
 235 -1.58415973 -0.575269878 -2.54481244 -0.820472002
 236 0.192896932 -1.09143806 1.40087676 0.478407204
 237 1.33634472 1.68141103 0.234280765 -7.48905540E-03
 238 0.554746032 1.42663264 2.40018964E-03 1.52818918
 239 5.64355999E-02 -1.11483705 1.09716117 0.126742139
 240 0.633464336 -2.15702844 -6.69949353E-02 -1.28419673
 241 0.201624855 0.252271354 -1.37296820 -0.949328899
 242 -1.42669117 -1.49896276 0.598243654 1.25066781
 243 0.667720556 -0.969064593 0.387182474 1.15253365
 244 2.09270263 1.09880157E-02 0.112275705 -0.863457084
 245 0.451795071 0.618120015 1.16514611 0.630519927
 246 -0.316608965 3.22529173 -0.880461454 -0.379659832
 247 -5.82547188E-02 1.69815719 0.189477995 0.253234297
 248 0.144513518 0.297205091 1.19652796 -1.21142161
 249 -0.233313918 0.311656892 0.977222681 -2.00065672E-02
 250 1.34002006 -0.175928801 0.581467211 -0.425822198
 251 -0.279547155 0.564567745 -0.634458601 -0.984053791
 252 0.531564116 -0.101775840 -0.403472245 0.365300119
 253 -1.21358335 0.374312937 1.34434736 -0.250842065
 254 0.675053000 1.86914265 -0.462285638 -0.726555705
 255 0.832607985 -0.531271636 1.65538919 -1.34628212
 256 5.32387197E-02 -0.113997862 0.497370332 0.679771602
 257 0.431402087 0.399290711 1.34438014 0.367416501
 258 2.21514702 0.673044503 2.24797344 0.927999616
 259 -0.341593176 0.260394514 -1.33056819 -0.608396113
 260 0.251428455 -0.954849482 0.144268975 0.428683192
 261 -0.474389017 -0.627997339 -1.52574539 0.535886109
 262 0.864008188 -0.165985763 0.341269493 1.89413428
 263 1.44710386 -0.224975348 0.126633361 0.955761671
 264 1.36907518 -0.127336904 1.92766297 0.126617923
 265 1.01435721 -3.65574658E-02 -1.01780844 -2.02786851
 266 0.361421108 1.54189169 0.301051199 1.29192114
 267 2.22376776 0.772636175 -1.09331226 -1.92302465
 268 0.741408229 -0.802714527 1.71005273 0.208194941
 269 -0.405913472 -1.89553213 0.776066482 0.512954593
 270 -0.580745339 -0.883536398 1.58420956 0.453889191
 271 -0.359513938 -0.616500914 -0.255477816 -0.915601492
 272 0.867539883 -0.315894932 -0.622084796 0.142385274
 273 -1.83233583 -0.775415897 -1.97558665 -0.222010463
 274 0.625635684 -0.542955816 2.02508664 1.76357818
 275 -0.272429466 -0.463758945 2.27316730E-02 -0.353989482
 276 -0.123592064 0.525993109 0.710276723 0.829212189
 277 0.382664889 0.394229442 0.487599730 -0.126806557
 278 1.05083299 0.157958448 0.810784459 -0.255052239
 279 -0.162874490 -0.357826531 0.348939478 0.562316656
 280 -1.15312219 -0.756916165 0.618918955 -0.822583497
 281 1.25590682 0.323140264 -1.05626738 -0.630254626
 282 -0.668935418 -0.880300879 -0.366251737 -1.42603779
 283 8.18533599E-02 0.604385495 -7.53472596E-02 -0.276711702
 284 -1.04619920 7.08928704E-03 -0.773099661 -1.32060516
 285 0.356469274 -1.39437425 1.27878463 0.412515342
 286 0.192405313 0.837294817 -1.36088884 -0.842103004
 287 3.96158174E-02 -0.826277614 1.20310855 -8.45484436E-02
 288 0.337310910 1.29150003E-02 0.898853838 -0.507981420
 289 1.11330104 0.384597480 0.823054969 0.528314888
 290 0.156016245 1.53447866 -1.38283420 -0.507021427
 291 -0.244079083 -0.292055786 0.122980259 -0.831251860
 292 -0.262219012 1.02510095 1.31108749 -0.320567191
 293 0.694837928 0.760027766 1.03202319 0.535200238
 294 0.124312177 -0.193491623 0.555030286 -1.10259950E-02
 295 -0.322251678 0.257244051 0.908841670 -0.943863869
 296 -0.644298017 0.821629941 -0.143578589 0.815372109
 297 -0.286085725 -0.119598240 -1.42408848 -1.93981242
 298 0.824788868 1.70813060 -8.96704346E-02 2.22305655E-02
 299 0.569911718 0.582262754 0.779288828 -8.08284879E-02
 300 0.860164404 2.61648750 -0.762875557 -0.580583572
 301 0.577234268 -1.28291523 0.142614290 1.37327313E-02
 302 -0.195587203 -0.496652424 -1.06765378 0.418484002
 303 -0.114376150 -7.25463033E-04 0.365052581 -0.856005907
 304 0.505992234 -0.243219003 0.132558048 -1.23755014
 305 0.384593666 0.910614133 -1.15537047 -2.61587214
 306 1.00806880 -0.580375731 -9.04070027E-03 -0.557759345
 307 -1.30499995 -1.30414200 -0.308273643 0.460279286
 308 0.177425727 -0.829523683 0.188819900 0.356306434
 309 -0.277930140 1.78763711 -6.72228858E-02 0.945018530
 310 -0.586440563 -2.00650191 -0.394590020 0.699147701
 311 -0.162506104 3.13982368E-02 -0.720097661 -1.07258368
 312 0.740206420 -0.909761012 1.07835782 -1.56857681
 313 1.02257490 0.940677166 -0.133105978 -0.996245384
 314 -0.658541203 1.67031121 -0.338308483 -0.292324692
 315 -0.365837038 -0.658806741 -0.754497588 -1.28669941
 316 2.12714839 -1.20856547 0.830379307 -0.737187862
 317 -0.589984119 -1.40462565 0.885313630 -0.617461085
 318 0.687610030 0.111339688 0.774482310 0.468161523
 319 -1.04068065 0.890520334 0.669319153 -0.853583455
 320 1.18311501 -0.426611841 -1.05723298 -0.837814212
 321 -0.467741698 0.554007530 2.07263589 -1.30816400E-02
 322 -0.514068484 0.332746089 -1.26111484 -2.10646582
 323 0.926522732 1.30292308 1.09486568 0.238806799
 324 -1.59571171E-02 -0.347427219 0.700696826 0.241177738
 325 -0.295939565 0.248074710 1.61293566 1.31511796
 326 -0.238531277 0.221841156 9.42289084E-02 0.842862070
 327 0.398172081 1.16961575 -0.769214988 -0.347691417
 328 -3.57947648E-02 -1.07001090 0.674078465 -0.950189352
 329 -0.111192085 -0.827290535 1.71698952 -0.171278894
 330 -0.921756923 -0.786751926 0.215507522 0.806752264
 331 -0.804634809 -1.46362352 -0.483130217 8.20949674E-04
 332 0.453278869 0.652244747 0.486694515 -8.59146267E-02
 333 8.94518793E-02 0.187805980 -0.413341641 -0.263455689
 334 -0.689885259 1.47800863 -0.622710288 -2.35380220
 335 0.556847334 0.995752811 0.483636677 0.498925328
 336 -0.430844724 -0.194156349 -0.164469644 -0.989512801
 337 -0.329329342 -0.133643165 4.44060266E-02 -0.981618881
 338 -1.13709080 1.53010714 -0.940347314 -2.40210962
 339 -2.38884687E-02 0.777062833 -1.93503201 0.144270539
 340 0.814177454 1.48156857 1.29423785 -0.452396989
 341 -0.401201725 0.549124300 -0.726152301 0.129350379
 342 0.961782098 0.416954160 2.74920106 -0.991129160
 343 0.362536192 0.713968337 -1.47609591 -0.858843148
 344 -1.12353671 0.658610940 1.35275173 -0.529914379
 345 0.937514782 -0.438275993 0.339142740 0.477253497
 346 0.566956222 1.84231591 1.30291998 -0.922764003
 347 0.476640463 -1.32486320 0.882439613 -0.122596808
 348 1.27289283 1.45898104 0.472767651 -4.97832894E-03
 349 -0.696225822 0.230639547 -0.965822101 -1.10124886
 350 -1.78489017 0.975946665 0.758344650 1.22534323
 351 1.04624009 1.41555786 0.722357512 0.397858560
 352 -0.746399999 1.09948564 0.753082633 0.604607344
 353 1.36708868 0.986512959 0.834385157 -0.135672987
 354 -1.59801221 -1.05456889 0.792909384 -0.533994198
 355 -0.150866523 0.858093381 1.70436800 -0.123764947
 356 -0.555774271 -0.523005009 2.19463205 0.508594215
 357 -1.06087375 -0.623379171 7.96553306E-03 0.297570348
 358 -0.756897926 -0.704172790 0.528355837 0.161504745
 359 -1.92448437 0.356092930 -0.550095558 -0.359484136
 360 1.67513025 1.59152770 1.38198185 -0.132354617
 361 0.463425100 0.680437803 2.12029386 -0.344278574
 362 0.351409674 -1.24071229 0.621569753 -1.03842747
 363 -0.469096959 -0.750116229 0.271620750 -1.87469697
 364 0.954461992 -0.214377850 1.02076066 1.18205607
 365 -0.997812152 0.746069491 7.26749152E-02 -0.343170941
 366 0.387488395 -7.66595006E-02 0.986660957 -0.455058694
 367 -1.35278440 0.720379114 3.07701230E-02 0.400878549
 368 -1.34892344 -1.27602351 -0.191031963 0.302276909
 369 1.53770721 0.596696138 1.17881036 -0.536492348
 370 6.27939552E-02 0.445593238 -1.13989067 -0.339196146
 371 -0.228002667 0.856204152 -0.689694166 -0.820438921
 372 0.361915350 -0.491438776 0.708731771 -0.203487888
 373 1.32182252 1.01172137 0.386858433 -0.672787905
 374 -0.123812467 7.38659203E-02 0.313822567 0.548761904
 375 0.828255653 -0.586062968 1.17471135 0.621629238
 376 -0.604245782 1.42658889 -0.193092555 -0.341297030
 377 1.84633350 1.36353254 1.55109620 0.477187037
 378 0.559726954 1.93110704E-02 -0.149780124 -0.651533306
 379 -0.601952910 -1.13772774 1.06879878 -0.300000459
 380 0.395274103 0.709705651 0.485636890 0.108802468
 381 1.26818430 0.494411469 0.276329726 0.411383927
 382 1.08072364 -0.851158798 0.351734489 -7.21886903E-02
 383 -0.388632268 0.511167645 0.309047163 0.228517741
 384 -2.22176313E-03 -0.568697393 -0.764349282 0.864688814
 385 -0.877649784 0.476337910 -1.15644717 -2.49464536
 386 -1.08196592 -0.704431891 -0.903577328 0.100655481
 387 0.468216687 -1.29968524 0.677602530 0.992533565
 388 -0.881833017 -0.586435795 -0.382082969 1.40986025
 389 -0.184056863 0.293807566 -0.713454187 0.352068216
 390 0.854537547 0.167365536 -0.559685051 -1.40367007
 391 -0.487144560 0.631728172 0.218174785 0.132579818
 392 4.97120395E-02 0.118935458 2.31768918 1.15766084
 393 1.02616715 0.637294829 4.16326523E-03 0.875766277
 394 0.760810494 7.79536664E-02 0.182265118 -0.836449623
 395 -0.991247416 0.193345070 -0.320753336 -0.698173106
 396 -0.985978961 1.76739192 -1.68626416 -0.845330954
 397 0.291942179 1.15688324 0.939201415 -0.581330299
 398 0.213872194 1.21440470 0.267287612 -0.325834155
 399 1.28451550 -3.90067622E-02 1.96535158 0.883337617
 400 0.658864915 0.332584560 -0.843700767 0.468961120
 401 -0.274431497 1.01139092 -1.24887419 -0.841766775
 402 -2.86740136 0.545180321 1.14752054 0.279338479
 403 0.260920167 -0.846195340 0.108971208 1.30308938
 404 0.362929374 1.29698312 -0.504412949 -0.146416619
 405 0.605249405 -0.474104345 0.820203066 -0.143194467
 406 6.28149807E-02 0.282002628 -1.42279804 -1.61692595
 407 0.706585646 2.55378270 0.384204686 -0.242473960
 408 -0.327838719 0.114213094 0.849825501 -0.362023711
 409 2.01490116 0.818840444 0.129283607 1.05630851
 410 7.48748630E-02 1.28977299 1.50225258 1.54028034
 411 -0.330851138 -0.508601785 0.809716046 -9.98629332E-02
 412 -0.692374170 -0.599904776 -3.10230255E-02 -0.684884906
 413 -0.942795992 -0.208789021 -0.384907275 -0.222435862
 414 -0.706334472 3.28089893E-02 0.446432650 1.11244702
 415 -1.12132668 -0.204205304 -0.717303634 -0.915605187
 416 0.833392501 -2.43767053E-02 -0.317390412 1.22862494
 417 0.317563832 -0.283268631 0.202631280 -1.78284121
 418 1.08636129 0.626426637 -0.782458127 -1.80646181E-02
 419 -1.23108685 0.583714068 -0.700374901 0.269571573
 420 -1.29780877 -1.03020084 -0.438211262 -0.253514439
 421 -1.33085716 0.123012789 1.54100990 -2.15941072
 422 -0.101044327 -5.07251620E-02 1.76968431 -2.52801776E-02
 423 0.967465460 -0.930754483 1.83844519 1.79576826
 424 -0.278079361 -0.866480052 0.284046531 0.714048505
 425 -0.599688172 -0.117247939 0.430024385 1.63001072
 426 -0.862217844 0.661605060 0.836306214 0.318052471
 427 -0.717645228 -0.460747898 0.831606686 -1.51373684
 428 -0.705751181 -2.07092071 -0.715523422 1.02523184
 429 -0.259697348 0.429871351 1.46109700 1.24765086
 430 1.65460885 0.169237971 -1.79511654 -0.337576747
 431 1.69162154 0.629399359 1.17541146 1.38239813
 432 -1.15075886 -0.848852754 -0.730400980 -0.765105605
 433 -0.666855037 -0.107634544 1.04721248 0.361216933
 434 -0.298495740 -1.12554550 -0.611159861 0.225368559
 435 0.485953748 0.440433443 1.17807460 1.17159724
 436 -0.946143746 0.121465057 0.544603348 0.514951527
 437 -0.594581008 -1.13045120 -1.58371031 -1.04142392
 438 -0.551236987 -5.35328239E-02 -0.233942226 0.243398055
 439 -1.40593708 -0.428429663 0.485252202 0.129156977
 440 0.760684848 -0.365542799 1.07606590 -0.315509170
 441 -0.289110541 -1.35539770 -0.595314741 -6.17185906E-02
 442 -1.87581456 0.852986515 -4.32526767E-02 -0.664409518
 443 -1.49766397 3.21692228E-03 1.92774236 5.17212078E-02
 444 -0.884364545 -0.604106545 2.08893323 -0.659574926
 445 -0.763971388 1.05104351 1.95735109 0.198044181
 446 1.27439797 -5.59072532E-02 0.839209080 0.143021375
 447 -0.250079900 -5.17165139E-02 0.353223026 -6.79124743E-02
 448 -6.80418015E-02 -0.421749949 -0.452560723 1.79228663
 449 -0.288016468 -0.142085284 1.55992663 -0.889190614
 450 8.19464028E-02 2.12206207E-02 0.114871070 1.61054599
 451 -1.44733930 -1.82184029 5.05889356E-02 0.579301238
 452 -0.973721564 5.82854152E-02 0.166319937 -1.14120054
 453 0.687656760 3.40042663 1.04527962 0.155114293
 454 0.666982532 -0.174773917 -1.23032355 0.811644852
 455 0.676522017 1.13529897 0.492975593 0.318666309
 456 0.916361690 -0.567842305 0.783120275 1.37804747
 457 1.46729457 0.634916484 0.605362117 0.523936093
 458 8.57190937E-02 -0.258142024 0.184103355 -0.494170606
 459 1.42546809 0.957898736 -0.981922269 0.126091883
 460 -4.17851508E-02 1.50302196 2.37017751 1.00567174
 461 -0.405659854 1.13050985 1.83916223 0.603887141
 462 1.35216570 -0.192860425 2.04314208 -0.830210268
 463 1.15534794 -0.175869390 -0.494097710 -0.179410130
 464 1.94868898 0.438991696 1.45498800 0.617826283
 465 -0.339564919 -1.02524185 -0.160962865 0.569989085
 466 0.213713408 0.596377075 0.524771214 -1.57429254
 467 -1.10077560 1.39606166 -0.705815792 -0.367675006
 468 0.716066480 -0.657184005 -0.859380960 -0.305850416
 469 -0.803812861 -0.744730711 -1.12878941E-02 1.26399386
 470 -0.426450193 0.825841069 0.393549532 1.18519485
 471 3.30412276E-02 -0.368547976 0.523981035 0.581790686
 472 0.672195315 -0.176222801 0.637707412 -0.281279922
 473 -1.63398385E-02 0.548390806 -0.224844187 -1.71546340
 474 -1.57843614 -2.74207816E-02 -0.622150421 0.692068875
 475 0.842721999 -0.330597579 1.09591091 0.924496710
 476 -1.82534957 1.74133170 -2.26404381 -1.64295268
 477 -0.131718189 0.627301455 -0.362826705 1.57626379
 478 -1.64337158 -0.797286928 0.632552087 -1.17802191
 479 -0.183254525 0.184674561 0.667147338 -2.51824474
 480 0.661355853 0.357504517 0.504862070 -0.533111215
 481 -1.25888002 9.54186916E-03 1.64606702 -0.476508796
 482 -1.26890278 -0.284259796 0.981172681 -2.30268908
 483 0.273938626 0.325096130 -1.46973991 1.09247327
 484 -0.960247278 -0.298200905 -2.00010777 -0.878246367
 485 -0.466453761 0.124325156 -0.347790420 -2.25914717
 486 0.690814674 0.769066572 -0.988785386 1.09895897
 487 -1.16376746 0.125750139 0.296100736 -1.39671814
 488 -0.748322427 -1.01676321 -6.74061477E-03 -1.88350606
 489 0.313626409 0.479640543 0.272450447 -1.39447904
 490 -8.38399827E-02 -0.367966741 0.437179655 0.220870614
 491 1.68918526 -0.161706269 1.11951959 1.06112337
 492 -0.565725744 0.803724766 -0.625363171 0.181009561
 493 -0.255220473 0.537621498 1.82690883 0.808440268
 494 -4.33794409E-02 -0.296741247 -0.901610374 -0.877453208
 495 -1.60133672 -5.17917052E-02 -0.417680651 -1.08579290
 496 -0.735011399 -0.893727839 -0.111509532 -0.977250755
 497 1.38910627 -0.450656414 -1.37348580 -1.09627771
 498 -1.44072604 1.09732246 -1.30925870 -2.44985032
 499 0.595336616 0.522380471 -0.512529850 -0.420554399
 500 -0.543602109 -0.351264834 -0.826947868 0.404665351
 501 2.37329677E-02 -7.89351463E-02 -0.285023153 -0.319295585
 502 -0.359547198 0.185008541 -1.16717470 -0.163700476
 503 0.511422634 1.60013938 -1.75970316 -0.767134190
 504 0.455946088 1.18620753 -1.28696895 0.123433888
 505 2.55300570 0.807438493 3.34185457 -0.638865292
 506 -2.18591475 0.574660242 -2.04665995 -1.74186468
 507 -0.383460939 0.894430101 -2.15063071 -2.20755982
 508 2.27355647 2.11197639 2.60536838 1.15455258
 509 -0.538197219 -1.15403450 0.570928931 0.780139804
 510 1.01122320 -0.108012944 0.244100869 1.21958399
 511 0.264816940 -0.655730247 0.176747620 0.920744777
 512 1.12459624 -0.184867889 -0.955722690 1.08604753
 513 -3.58594209E-02 0.579099655 1.25154054 1.02475882
 514 -0.232514545 -0.125200391 0.598355234 -0.801121652
 515 1.23801970 1.45018790E-02 0.679299057 0.172246844
 516 0.454187185 1.11756241 -1.11219275 -1.45766652
 517 0.948857069 0.244451046 0.770780325 0.708609104
 518 0.252750844 -0.309833646 1.53434706 1.10078418
 519 0.973126411 0.558906376 2.25618184E-02 -0.458919793
 520 0.559757829 -0.843517363 0.481326759 -0.881527543
 521 1.33678889 0.208295584 -0.986868680 -3.31763625E-02
 522 -0.788872182 -0.440698326 0.721014023 0.858544230
 523 1.57957113 -1.17831385 0.941565037 0.490442306
 524 0.350471497 -1.53134000 1.18515491 0.537145376
 525 -0.937970757 0.245610625 -0.846553206 -0.664364934
 526 -4.05191183E-02 -1.24321496 0.871978998 0.522198439
 527 -0.733638942 9.74410176E-02 -0.734788895 -1.17535806
 528 0.182435945 1.04721582 0.161133438 0.609449029
 529 -1.00825167 -1.06202781 -0.753853440 -0.261289597
 530 0.774253249 0.911237717 0.135247260 0.544923425
 531 -0.161829114 -0.776900470 1.39342213 1.14935577
 532 1.30305421 0.273061275 -0.631868362 0.575671554
 533 0.332601488 -1.17462254 0.477307647 -4.23471332E-02
 534 -1.16437173 -0.377414793 -1.78974712 0.515359163
 535 -0.824144483 0.973710418 1.73810709 1.04477417
 536 0.144333988 -0.266049564 0.441919267 -0.489372253
 537 1.43011701 -1.40269089 2.03342295 0.890751958
 538 -0.189370319 3.84801030E-02 0.209981024 -0.527709246
 539 -0.788304508 -0.784515619 -1.16906953 -1.57643700
 540 -0.530387402 1.39011812 -0.685283303 1.12719345
 541 1.39926469 -0.557667613 1.43450367 -0.548481464
 542 -1.25141692 1.05209470 -2.31249881 -1.13366818
 543 1.54938912 2.13583755 0.165317938 0.673663974
 544 -1.02521420 -9.87283289E-02 -1.66196477 0.475637794
 545 -0.948072553 4.12381329E-02 1.34917212 0.315513045
 546 9.23358425E-02 -0.443214476 -1.37000060 4.05125618E-02
 547 0.343685418 1.78602827 -0.733188748 -0.347511113
 548 -1.13792801 0.421959579 -0.392744660 -1.53385174
 549 0.179223165 0.400673687 -2.03658390 -2.01175117
 550 1.07369435 1.34547555 0.170479059 0.530307829
 551 1.98493850 7.19640404E-03 -0.400394797 -6.97920322E-02
 552 -1.14483356 -1.00716388 0.783142090 -0.958235264
 553 -1.35547602 -0.336928278 -0.374997944 -0.641541779
 554 -0.197998971 0.408568084 2.46858597E-03 0.583387971
 555 -1.25685692 -0.593184948 1.03137267 0.724573135
 556 -1.71721447 -1.40779924 -0.800558805 -0.355416119
 557 -1.05311203 -1.42595005 1.80577850 0.319348127
 558 -0.795824885 -0.170537159 0.538830400 0.414672852
 559 -0.258514941 -1.16787589 -1.31672609 -1.94302320
 560 -0.425398111 0.252559960 -6.04519695E-02 -0.839434743
 561 1.03345573 0.955866158 1.12953627 1.64954257
 562 1.31091404 -0.450410783 -0.237944737 -0.294253141
 563 -0.874638855 -1.95578635 0.238066137 -1.46658969
 564 -0.663326442 0.367941678 -0.636701345 0.255219817
 565 1.77439010 1.43950129 3.16843092E-02 -1.14273775
 566 0.400647014 0.544246554 -4.43685502E-02 -0.943193376
 567 0.453632593 -1.18974662 0.166675001 -0.906039298
 568 -0.943631411 -1.48471880 -0.631914616 1.28324091
 569 -1.11398208 -1.11185622 -0.107669353 -0.358820707
 570 -0.572648585 0.569148779 0.221263960 -0.422739923
 571 0.609163880 -6.16112649E-02 1.25917840 -0.736925662
 572 -0.678980231 1.57100689 -0.153267488 0.830826104
 573 -0.246105105 0.126927763 -1.74161935 -1.74058306
 574 0.452867121 8.94612968E-02 -0.259761274 -0.660565853
 575 -0.712374806 0.845392525 -0.352100343 -0.448761612
 576 2.04623055 -0.250633299 1.00573289 -0.636121094
 577 -1.06702530 -0.468029678 -2.63717604 -2.13978791
 578 0.197334528 0.534588695 -0.434169888 -0.257362217
 579 0.132125825 1.03381288 -0.214207768 -2.25718975
 580 2.41142440 0.410250604 0.431756824 -1.92220211
 581 -0.429818332 -1.04017842 1.52460909 0.860500693
 582 -0.841971159 0.227649599 -0.971314549 -0.466382980
 583 0.493023902 -1.22881436 -1.54338849 -0.336057454
 584 -0.184653640 -0.512710631 2.02630353 -0.687593043
 585 -0.152470589 0.394073159 -0.274732172 -1.43776965
 586 0.972840190 -0.866080046 1.33023560 1.41910625
 587 0.250130951 -1.33709943 -0.599022627 0.177254871
 588 -0.537047267 -1.54058230 -0.348090231 -0.109187730
 589 0.126598701 -0.951049268 -0.158052504 0.585784137
 590 -1.20284617 0.480598152 1.47867441 0.199305296
 591 -0.163423032 0.388311625 0.746752739 0.858734608
 592 0.916562676 0.587931037 -1.04672670 0.606002927
 593 0.972819805 -0.320080757 1.77935898 -0.307738662
 594 -1.44563210 0.587976933 -0.122124016 -0.811913133
 595 0.905960202 0.766164243 -0.185503811 -0.137494400
 596 -0.425669402 0.792135119 -0.320432365 0.894477963
 597 0.624814749 2.31493378 -0.462533772 -0.345785350
 598 1.05361116 1.00057781 -0.373742908 -1.63626885
 599 0.759766102 1.27461219 -0.384795785 -0.897802055
 600 -0.294357121 0.394471675 -1.53188729 -0.631926417
 601 -0.114510059 0.536420226 -1.86757731 -2.10655928
 602 -0.641337574 -5.78067377E-02 -0.345281005 -1.46399939
 603 -0.787469685 -1.36433816 -0.713915706 -1.61781907E-02
 604 -0.685110569 -0.233429581 1.40107751 -8.46656859E-02
 605 0.460176110 -0.266893268 -0.398726434 0.696924329
 606 1.45368147 1.75965297 0.696308196 0.816116095
 607 1.41999626 1.66943860 0.764868498 8.86896998E-02
 608 -1.89656401 -0.334344059 -1.73357129 -0.416391909
 609 -0.446888328 2.07753801 0.467602044 1.89826965
 610 1.42709982 -0.370205879 -9.37174261E-02 -1.71968079
 611 1.30659831 0.242137089 1.38543594 0.237710655
 612 -0.874629378 -1.23968244 -1.26834083 -9.92272794E-03
 613 -1.37179613 0.412739873 -0.509385288 1.28350580
 614 -0.176396489 -0.925687134 0.214875668 -0.257162154
 615 0.514617622 1.17935872 0.134167343 4.76027131E-02
 616 -1.62829709 -0.578454137 0.945765138 0.509737074
 617 0.635433197 -0.837837815 1.15509295 -1.28920853
 618 1.37704754 0.557781100 1.25981367 1.39377415
 619 -1.03059924 0.299236506 0.297393054 0.326793671
 620 0.961557508 0.432252407 1.13250446 -1.37957299
 621 -0.133771092 -0.409849882 -1.69168186 0.119432777
 622 0.316947371 -0.217207164 -0.261273116 0.238549352
 623 -9.08308476E-03 1.80454028 -0.435372174 0.965612710
 624 0.362634987 0.183953568 0.821974397 -0.185768172
 625 0.178181484 1.57095873 -0.201536357 0.176987916
 626 0.431148201 0.837387204 1.25650406 -1.65276778
 627 -0.962405860 1.84588075 -0.334232479 -2.24166918
 628 -1.25904131 -0.814544916 -0.849971533 -1.34028184
 629 -0.767102718 -0.183335006 0.920195222 0.412891150
 630 -0.232833833 0.976220250 1.68241012 0.218375653
 631 1.15814888 1.79522192 0.378280252 0.152377114
 632 0.244486868 -0.758132935 -2.20745826 0.472885400
 633 0.641362906 -0.132181570 0.525184512 0.357202142
 634 8.57487321E-03 2.18165827 0.471172780 -1.37513268
 635 3.03231859 1.93371940 1.75517440 -0.654436290
 636 -0.285787344 -0.363042474 -0.895107687 -0.310622036
 637 -0.369039953 1.10936236 0.383870304 -1.19262576
 638 1.31382811 0.489500254 -1.41475964 0.233696043
 639 1.46831143 -0.802220166 1.16488457 -2.30674446E-03
 640 -0.439461350 -0.339299202 -6.96418732E-02 -1.43541408
 641 0.602310836 -1.79461432 2.22500420 0.273491412
 642 -0.354361892 -0.425540984 1.47716522 1.17511845
 643 0.133896381 -0.150736094 9.85778347E-02 -0.110472344
 644 -1.23347294 1.75436401 1.27112269 -0.226637065
 645 0.742253184 -1.57633543 -1.04331017 -0.168032378
 646 -0.603855610 -1.51981723 0.683130801 -0.164707825
 647 -7.08887503E-02 -0.622249842 -0.252058595 -0.854436040
 648 -1.07590079 0.427088171 -7.99710974E-02 0.429077923
 649 -1.33086991 -1.86716962 -0.890241086 -0.309693724
 650 0.863868117 -0.637508690 -0.469854414 -0.844280124
 651 -5.79295158E-02 7.34167919E-02 5.65331690E-02 -1.06602573
 652 0.384793162 1.82344902 6.18072152E-02 -0.310650051
 653 0.368567705 0.768276751 -0.889456987 0.189090967
 654 0.483167112 1.05069315 -0.642794907 -1.20768380
 655 -1.67387092 0.414296806 -1.18537784 -0.309311986
 656 0.293355405 9.72208381E-02 -0.412694156 1.45494819
 657 -0.769013524 0.773454010 0.207656756 0.191727847
 658 0.540238142 -0.476045728 1.79779625 0.966189384
 659 -0.252796024 0.588996828 0.367643923 0.573740125
 660 -1.35115886 -0.155731291 -0.610415220 -0.406351358
 661 -0.892376661 -0.248512998 0.427439213 0.605198145
 662 -0.717480659 0.260740846 -0.947249770 -0.633056164
 663 1.00547731 1.35610843 -0.577099442 -4.29395139E-02
 664 -0.422145039 -0.947039485 -0.410892487 -0.987857282
 665 -0.944526017 -0.109542333 0.331019282 0.784851909
 666 -0.151040137 -1.84029722 0.553209186 0.729262948
 667 0.157542720 1.07569897 -1.50330126 -1.61501658
 668 0.187332213 0.895750403 -0.211506471 -0.308207750
 669 -0.141056374 -0.673276365 -1.02724147 -0.250890642
 670 0.507127643 0.407815069 1.96548557 -0.406790823
 671 -0.924812078 0.910181522 -1.58838141 -0.570402980
 672 1.05469477 0.990680873 1.20153713 -0.445782632
 673 -1.58380091 -1.24411035 0.268668056 -8.30054283E-02
 674 0.430530071 0.192840204 0.448986948 -2.30210423
 675 -0.327633560 -0.977219164 1.09146285 0.407838345
 676 1.84751880 -1.27786696E-02 0.573337793 -9.89817381E-02
 677 0.185754076 0.114975944 -0.544267833 -3.25190616
 678 9.00113136E-02 1.50870252 -0.398495853 0.679951429
 679 -0.564932883 0.393540293 1.55577314 -0.698683381
 680 -1.19292152 0.896867275 0.619016051 -2.16239953
 681 1.12331283 -0.527007759 -7.34166503E-02 -0.579553723
 682 2.17730427 -1.71682429 -0.520038128 -0.932865381
 683 -1.74061179 -0.360350549 -2.06026077 -1.57251620
 684 -1.86024511 -1.97969639 -0.181363255 -1.01411843
 685 -0.114996985 -0.697378695 -0.841434240 -0.832380235
 686 0.762145936 5.59985638E-03 1.30385220 -1.02011883
 687 -5.87014854E-02 8.28185678E-02 -0.593374550 0.997551441
 688 1.15448368 0.828918159 0.413244605 -2.45750761
 689 -0.626650095 1.04696953 -0.989614010 0.156447798
 690 1.25846553 0.736183345 0.167086139 1.16600966
 691 1.15743732 -0.589983761 -0.340754688 -0.985571265
 692 1.75006044 0.262940645 1.52009523 1.28273642
 693 -0.338904858 -0.466531664 -0.582985103 0.709444702
 694 1.57938910 0.343858689 0.513570189 1.02785110
 695 -1.67832184 -1.27304792 2.22864635E-02 -0.491196305
 696 -9.69449431E-03 -1.26043904 -0.333780795 -0.710422516
 697 1.04437220 0.606061816 -0.766564965 -1.36439228
 698 -0.227503449 0.976433694 -2.34668517 -1.89589190
 699 0.350871891 0.494239092 2.71226430 -0.445281357
 700 -1.18890214 0.492382467 0.246088862 -0.369212061
 701 0.844285667 -0.830113411 2.10201764 -0.205097973
 702 -0.111242875 0.447134972 0.539985240 -0.754761577
 703 0.566636801 0.166824013 -0.745899498 -1.34255183
 704 1.00005484 -1.07728958 0.327461213 -1.06844389
 705 7.46030957E-02 0.637521148 -0.346611798 -1.23811400
 706 -0.481506884 -0.201893687 0.863178670 -0.155240491
 707 -1.08721033E-02 1.01208210 -0.362510145 0.255767912
 708 4.03041989E-02 -0.643985569 0.898453116 -0.527634621
 709 1.20665956 1.58971715 0.132596582 0.326975942
 710 0.736144662 0.988766909 -0.211033911 0.805441916
 711 0.379404128 -0.907982707 0.742304265 1.62649500
 712 -0.582777202 1.36790979 3.93460691E-03 -1.22862780
 713 1.14427793 0.995503128 1.63162553 -1.57363653
 714 1.53534305 -0.386691242 0.390360177 -2.43697929
 715 -1.02124202 -2.70434785 1.02489376 0.588493824
 716 -1.04018664 -1.31398249 -2.27601552 -0.861273229
 717 -0.336085320 -0.909302473 0.344317257 -1.47192895
 718 -0.462445617 -0.200792938 -0.588594079 8.38894248E-02
 719 -1.45383823 -1.09152460 1.13575399 0.976790071
 720 0.870032310 -0.572209179 1.45502388E-02 -0.425594568
 721 0.113533989 -0.784606338 -0.630769432 -0.691618919
 722 0.338454336 1.03784025 1.34160113 0.402570724
 723 -0.609558225 0.109376036 1.48221552 -0.190739602
 724 0.925308347 0.482332289 0.799576521 -0.366348565
 725 0.987775803 0.477438331 -0.312513947 -0.398279190
 726 0.759145498 0.530985951 1.08062184 1.62558818
 727 -1.07431149 -0.460917145 -2.49033952 0.921588361
 728 1.37061012 -0.407125145 0.918573856 0.178343400
 729 -3.91459242E-02 0.990738392 1.30475712 -0.776161253
 730 -0.510107756 1.07000589 0.350687891 -1.57977974
 731 1.52661014 1.15712905 -0.280630946 -0.706058383
 732 3.06838608 1.15570235 -0.387692928 -2.00384712
 733 0.162349433 1.22288525 -1.09635758 -1.16277575
 734 0.342768133 1.06718624 2.46800828 -0.134373933
 735 0.515803993 3.14394069 0.470699638 0.950858951
 736 0.139049441 -0.531054854 1.89776707 1.25914371
 737 -0.265607774 1.01421142 -1.05396712 -1.27402103
 738 0.492388427 1.03311980 0.369531929 0.944863558
 739 2.69803452 1.03753304 0.503431678 0.788713515
 740 -0.993552387 0.752191007 -0.509119511 -6.96479976E-02
 741 0.976608753 0.826590180 0.162812859 -0.942567170
 742 -0.697740316 0.147777289 0.691917837 0.355349839
 743 -0.903266370 0.319030792 -1.04005754 -2.09606433
 744 1.17234814 -1.13588583 1.09699559 0.339672834
 745 -1.61379004 1.23844171 2.56509073E-02 -1.30550170
 746 0.803877234 -0.745245099 -0.194605112 -1.20146978
 747 0.350372493 -1.94850254 1.30156529 0.370466113
 748 -0.340663254 0.377844989 -2.25815558 0.713988185
 749 1.36547238E-02 0.192840979 -1.00089180 -7.99611658E-02
 750 0.142288879 -1.16654944 -1.10002816 -1.27373040
 751 -0.924256563 -1.80746531 -1.21863198 -0.902099192
 752 -1.67314482 0.226990253 -2.24080396 0.146961570
 753 0.433409750 -0.765749574 0.370273322 0.576858103
 754 -0.487801194 9.63224173E-02 -0.874569476 -0.747052670
 755 0.443436593 2.52420008E-02 -0.900603116 -2.30134416
 756 0.505047143 0.689329088 -0.545958817 -0.124305844
 757 1.14330387 4.81363907E-02 0.662160397 0.120766848
 758 0.922527075 -0.335070640 0.744824052 1.24295104
 759 2.54566479 -1.18351400 0.693885088 0.938081384
 760 -1.81586742E-02 0.359020442 -8.50084424E-02 -0.187146872
 761 -1.18261623 -0.619643092 -0.699467480 -1.08761132
 762 1.33765435 1.45993984 -5.83699346E-02 0.403766811
 763 -1.09110773 -0.129664391 -0.305674016 0.304356039
 764 -1.21513557 -0.443277240 1.47721076 0.619486809
 765 -1.68987930 -0.542928040 0.871255994 0.648156047
 766 -0.567429483 5.04879802E-02 -7.23633021E-02 -0.131133050
 767 -1.68153548 -0.228599638 -1.07777882 0.400254428
 768 1.41920412 -6.82953000E-03 0.528626978 0.340895891
 769 1.46212554 0.816523612 -0.480372310 -0.301467001
 770 -0.970611215 0.354895592 -0.876584709 -0.251113296
 771 0.281230420 0.573248029 -0.134108245 -1.51244926
 772 -0.259909600 0.122528978 -1.44550943 -1.24064052
 773 1.02391350 0.258344173 -0.155563802 0.527331173
 774 -1.02230430 -1.07158709 0.683334112 0.360413790
 775 -0.559306800 0.719195962 1.85616171 -0.870711088
 776 -0.415397555 0.334798187 1.57345295 -0.556383610
 777 0.513114631 0.696895242 -0.661341071 -0.230542079
 778 -0.432761431 1.55239952 0.114523821 -0.457110286
 779 -0.327620804 0.758063674 -0.618476272 -1.51202345
 780 -0.617463052 -7.38784969E-02 -1.83474672 0.268940598
 781 1.75431073 0.487747103 -2.95537263E-02 -0.741394877
 782 -2.01230264 -0.995296657 -0.926988363 -1.38374639
 783 0.165389970 -1.20208383 0.395810783 -0.183212847
 784 0.878508270 -1.91921033E-02 -0.771813035 0.553155720
 785 -1.62378347 0.135722220 0.542473972 -1.57503259
 786 -0.469332457 -1.48776042 -0.288827598 -0.880273700
 787 0.187378928 -1.64757228 -0.627080560 -0.908672094
 788 0.219770938 1.92125142 0.208659559 -0.913604319
 789 -0.662957311 -0.962372303 -0.555424690 0.160041675
 790 1.16580844 -1.10813475 1.10764337 -2.15825152
 791 -1.41513646E-02 -2.15157938 -6.25447631E-02 -2.72320604
 792 -1.19890571E-02 -1.17794907 -1.07638597 -7.05815256E-02
 793 1.61264634 0.893816471 1.36349511 0.921012700
 794 1.89156508 1.16630530 -0.493666679 -2.19079947
 795 0.159700528 1.47245431 -2.01565409 -9.68097895E-02
 796 1.40931773 0.115222871 0.228140712 -0.334987819
 797 -0.605502605 1.09159589 -1.60087526 -1.20891380
 798 1.36306167 0.537211955 -0.305876255 -1.82100224
 799 -0.195871681 0.940909743 1.30773950 -0.840535998
 800 -1.54546678 -0.553744376 -0.659978390 -0.769554138
 801 0.800292432 -0.216613322 -0.241978720 -1.06742978E-02
 802 0.400212944 1.41854513 -1.16483605 -0.102462001
 803 -0.541773021 0.217509404 -1.60376966 3.75573337E-02
 804 0.110457882 -0.362331182 -0.203826874 1.50079274
 805 1.81277966 -0.394732326 -0.953535318 0.793101013
 806 -0.540273607 0.318184108 0.380881846 0.802627683
 807 -0.799427152 -1.52309513 1.19023883 0.958230853
 808 0.933132172 0.942476630 0.897260547 0.749081671
 809 0.315315366 -1.10597038 -0.508704782 0.575616300
 810 7.50024319E-02 0.705497384 -0.218427539 0.122609690
 811 -1.34500802 0.490310609 -0.450730622 -1.21165514
 812 6.69085979E-03 1.22067785 0.611616552 -0.648053229
 813 -1.79871988 0.409374535 8.14966559E-02 0.790585220
 814 0.679501474 -1.20384538 -0.105240941 -1.33484674
 815 -0.326157063 -0.128300071 1.02721190 -0.969900131
 816 -0.923554659 1.67766583 -2.75708735E-05 -0.420711100
 817 -1.25284457 0.308420330 -0.626723945 -2.08590269
 818 -0.848221183 -1.24562335 -0.492158651 -0.487575293
 819 -0.662955701 -0.134981304 -1.19045687 0.817034423
 820 1.15298665 0.321037382 -0.723865271 0.964867711
 821 2.36847854 1.27830374 -0.157094151 -2.48987865
 822 0.189579114 -0.153485268 -0.547364771 -0.649813175
 823 -1.14976144 0.294568866 0.689573407 0.309094518
 824 0.218014330 -0.774331152 -1.67187715 -1.40177870
 825 -7.12213963E-02 -9.19416547E-02 -1.83255468E-02 -0.515366673
 826 0.355691791 -3.59824002E-02 1.93556535 1.15325177
 827 0.253728628 -2.12128711 -8.17470253E-02 -0.913509846
 828 1.97930062 0.412148893 0.799690962 0.250019550
 829 1.69215584 -1.29530168 -0.212797269 0.888175726
 830 -0.669111311 -0.113164514 -0.762573481 -0.130315706
 831 0.713118613 -0.113624886 1.04345560 0.434229255
 832 -1.04613411 -0.518996656 -0.911738098 -0.838643551
 833 0.901463866 0.899157286 0.162497029 -0.250059098
 834 0.633319259 -0.466792643 -1.16849351 0.324853033
 835 -1.03915071 -0.231463343 -0.414558232 -0.377798378
 836 0.279177666 0.832421362 0.219158068 -1.33261442
 837 -0.850497305 0.456060708 -1.76164305 -1.23687398
 838 0.466020197 -1.31555283 0.885947049 4.87998128E-03
 839 1.31517696 0.913969576 1.62472475 -0.805147529
 840 0.432961851 -0.354395866 -0.141130880 -0.197636575
 841 0.526454270 -0.327025533 0.332499266 -0.831065655
 842 0.103856027 -1.02056372 -1.46362138 -2.17991567
 843 1.93671310 0.124672942 -0.252502799 -1.73877203
 844 -0.977027178 -1.01647377 -8.30830932E-02 -1.03813219
 845 -0.275288045 2.55711365 3.76844928E-02 -8.41780305E-02
 846 5.80984205E-02 -0.183734402 1.05498755 -2.16566110
 847 -0.805521727 0.878217101 -1.06001985 -1.33715081
 848 -0.817468047 1.70178497 -1.06518924 1.63441205
 849 -0.855329454 1.06806326 -0.508203268 -0.734034300
 850 0.876690269 0.550732315 1.86178017 0.446452528
 851 -0.957478404 -1.05001211 -0.426944554 -0.194392428
 852 3.10412049E-03 -9.19019878E-02 1.51148188 0.654311061
 853 0.597729981 5.64505607E-02 -1.66129911 -9.85685140E-02
 854 1.81011772 -1.34499431 0.916816890 -0.958749473
 855 0.444320500 0.547413409 1.54209805 0.182812154
 856 -0.130815536 2.13136268 -0.524508476 -1.25168908
 857 0.663153768 -1.47160029 -0.773708284 -1.74987113
 858 -0.741585970 -1.22194386 0.519286752 -1.06774402
 859 0.546377897 0.907521605 0.945494056 -1.55499077
 860 0.740117669 0.639364004 0.332386732 0.398114443
 861 2.11008358 1.46568358 -3.21713053E-02 -0.393207848
 862 -0.254652351 0.535492897 -4.71572839E-02 -0.128191859
 863 6.89173043E-02 0.478132904 7.17479587E-02 -0.874764442
 864 0.194087401 1.19781959 0.963520408 0.858287096
 865 0.943585873 0.704996943 0.661425531 -0.826629043
 866 0.188198507 0.572749496 -0.567465365 -1.12994623
 867 -2.22392392 -1.45220041 0.119803444 -0.733173251
 868 -0.105325967 -1.60428405 -0.937300861 0.161319613
 869 1.45858598 0.622276485 -0.473656118 -1.15642095
 870 -0.333907247 0.909527421 -1.32312357 -2.51648664
 871 1.58130312 1.58026814E-02 0.389996678 0.113314256
 872 2.04155564 0.566371858 -0.514923513 -2.03021383
 873 0.388207465 -0.176231369 0.517054319 0.326927930
 874 1.07544792 0.840696454 1.23811233 0.913540483
 875 0.726707339 1.92445540 0.249593198 0.523842156
 876 0.168948412 -0.597416103 1.41731513 -5.37162572E-02
 877 0.367222071 1.77123725 1.22885942 0.204179719
 878 -0.739737034 -0.175084144 -0.358809382 1.22571671
 879 -0.520297647 1.46245980 -0.459354162 0.896021366
 880 0.645528078 -1.78772914 1.76097023 -0.299231619
 881 0.954443574 -0.308466017 5.42055368E-02 0.872948349
 882 0.212050438 1.66002119 1.11313629 -0.539622188
 883 1.48134243 0.629066885 0.873682380 -0.279019266
 884 0.696447730 1.16718471 0.281797737 -0.243506759
 885 -0.990922093 0.942548513 -0.391502708 -1.32997584
 886 -6.12968914E-02 -1.99221325 -0.448532373 -1.23258209
 887 -0.308283716 2.00676942 1.44246447 -0.802061915
 888 -0.126076221 -0.646943092 0.472825378 0.154377833
 889 1.19302142 1.15109789 1.21750486 0.471601069
 890 1.04723406 -0.456843615 0.558086753 -0.961412787
 891 5.18929064E-02 0.918828845 -0.364102900 1.37527251
 892 -0.112036467 0.316591233 -2.62740731 -1.03918636
 893 1.00752831 1.83383918 -0.794954658 -0.379205585
 894 1.13469005 0.265030593 0.166120127 -0.457638919
 895 -0.796088457 1.46201706 0.282928079 0.470384538
 896 -1.29595387 -1.68896168E-02 -0.683702886 -1.13871968
 897 0.631495357 -1.17213559 1.46680999 0.814737439
 898 3.12588477 2.62665892 0.647037148 -0.183201119
 899 -0.520180106 1.61758113 1.00746369 -0.226425052
 900 0.525960624 -0.406989247 3.81074473E-02 1.35648012
 901 -1.58183134 0.663780034 -4.16678190E-02 0.221502662
 902 0.429790735 1.19340372 1.23961508 -0.111535050
 903 1.33128011 -0.552098572 0.427522093 -9.38736945E-02
 904 1.33880067 0.556143582 7.33778812E-04 0.987974048
 905 -0.932545483 1.55815804 0.147311553 0.162283689
 906 6.50753081E-02 0.898513913 9.37563181E-02 -0.258364677
 907 1.26750231 -0.397497714 0.694612443 0.654563069
 908 7.42217600E-02 0.272467226 -0.107776314 1.81231350E-02
 909 1.04813266 -1.38818264 1.71908593 -0.360656977
 910 -0.677118659 -0.113121986 -1.39686906 -1.23266912
 911 -0.862313926 0.211001188 0.931579113 1.06175137
 912 -0.684647441 0.743586361 -1.14874649 0.920725822
 913 1.63350201 1.13003433 0.605124056 -0.196548536
 914 -6.60213828E-02 2.14350033 1.81846738 9.67665017E-03
 915 -1.17660117 -0.342404634 -0.867188454 -0.393633425
 916 -2.49845791 1.29776132 -0.844482303 -1.09643459
 917 -0.932109296 2.59617114 0.146337450 9.15226638E-02
 918 -0.134107918 0.842361629 0.813095570 -0.863016427
 919 -0.348353565 1.95409966 -1.42892957 -0.350831658
 920 -0.850448370 -1.27967393 1.45397973 1.33096337
 921 -0.306047827 1.45490038 0.468645811 -0.305019587
 922 -0.141977817 0.992344439 8.75314623E-02 0.797753096
 923 -0.571514130 4.10684198E-02 1.17018342 1.06023490
 924 1.92768860 0.327474803 0.637889922 -0.921655178
 925 -0.480929971 -8.26874524E-02 -1.11352897 1.82150126
 926 -3.60347331E-03 -1.61045337 -4.40683961E-03 -0.856078267
 927 1.02741420 -1.56756341 1.68815756 -0.282312214
 928 0.386472762 -0.152510136 1.25469327 -0.454665184
 929 0.147731707 -0.556753635 0.582267821 -1.38255298
 930 0.350018591 2.89136767E-02 -0.325059950 0.495797873
 931 -1.80830145 -0.504985750 -1.56509948 -0.775466979
 932 0.537287116 -0.457150221 0.155972719 1.21063721
 933 1.08791292 -2.36261654 -1.42653370 -1.29627860
 934 0.931526184 -0.385713756 -1.66037142 0.754908264
 935 1.81416941 0.354757160 -1.38325512 -2.17433381
 936 8.33523944E-02 -2.68689585 2.48775768 -0.230567306
 937 -0.467975140 1.54965234 -0.598803282 -1.41874850
 938 -0.499711275 -0.637008071 -2.42814231 -0.971917510
 939 0.888154149 0.886131287 -1.64356625 -2.05475950
 940 -0.420047224 -0.239718199 1.15013552 0.804295003
 941 0.499091446 -1.31964433 0.576018214 -0.647812545
 942 1.83764243 1.18903804 -9.08330455E-02 0.734703302
 943 -0.912269652 0.311711758 1.09593117 -0.268505245
 944 -1.36827379E-02 0.447552204 1.71027315 -9.22555998E-02
 945 1.08424187 0.919241190 0.372398406 1.13655007
 946 0.570405364 0.920168638 0.428743720 1.24738848
 947 1.04569340 1.95968926 -1.14695120 -1.75010872
 948 -5.44893891E-02 0.758167326 0.510565162 -1.53577948
 949 -0.480394691 -5.15411943E-02 0.113047592 0.845046997
 950 -8.78289789E-02 -0.275660425 0.489702404 1.27866054
 951 -0.738475144 -0.380591571 1.38464057 0.169454396
 952 -1.57861672E-02 0.277757615 4.70795818E-02 -0.212516993
 953 0.193607718 1.12699318 -0.529706478 -1.28994131
 954 1.07813239 -0.790930271 1.05548489 -0.191979513
 955 -0.358860075 -0.272783011 0.519676387 0.148660153
 956 1.91884816 0.489056587 -0.842954516 -1.01449060
 957 -0.562906861 1.87431991 6.33316934E-02 3.47536206E-02
 958 -0.925284505 -1.46080565 -0.695453644 -0.411728770
 959 -2.40366149 -1.29328108 -1.15971601 -0.844616234
 960 -0.570559382 1.32872105 -2.45289254 -1.07720029
 961 1.05094695 -0.353098631 -0.916361928 0.200076655
 962 0.976098418 0.179426819 8.99577886E-02 -2.01657414E-02
 963 7.24336356E-02 1.24038458E-02 -0.499522597 -0.352875441
 964 -2.64389777 0.970165014 0.448376328 -0.633161843
 965 -0.207901210 1.12376964 0.815216184 1.78686333
 966 2.49629784 1.38354659 0.729698002 -1.48738158
 967 0.373148173 -0.569802165 -1.89914727 0.718293428
 968 0.491495728 -1.80497181 0.875566363 -1.27791953
 969 -0.381284773 0.206114501 -0.335230380 4.08377647E-02
 970 0.151847720 0.178204730 -1.68937039 -0.742144227
 971 -0.110539794 0.391789407 8.18455890E-02 0.475941598
 972 -0.276884943 1.11915839 -1.68863952 0.347711265
 973 -0.384668350 1.24787319 1.65723658 -3.19719017E-02
 974 0.219529003 9.15608257E-02 -0.268914521 -3.26941162E-02
 975 -0.538301051 -1.42306912 0.620678127 -6.37325794E-02
 976 0.166242316 -0.106205374 0.692170620 -0.406595647
 977 1.38588464 0.693034649 0.345154196 0.320264965
 978 0.475543678 0.281213641 -0.603773177 -1.20321739
 979 -0.590223730 -0.644988000 -1.08167231 -2.22002316
 980 -9.73844007E-02 1.30489576 0.744314849 1.08905995
 981 -2.37761950 -0.106545478 -0.918835282 -0.609879375
 982 0.533902943 -0.610430658 -0.366385579 0.102878660
 983 1.71172702 -1.53222859 1.41988635 0.283409387
 984 0.313882977 0.637814999 0.182923779 -0.931639314
 985 -1.26068461 1.18799305 -1.68177485 -0.235403150
 986 0.491383493 -1.55553651 2.39999127 3.76293361E-02
 987 2.21015596 0.421780974 1.31800377 0.248481736
 988 -1.07938433 0.885863543 0.406511635 0.437483728
 989 0.167507008 -0.597518384 -1.77736306 -1.30500281
 990 1.32663965 1.70634353 -0.384201676 0.829634666
 991 -0.927083373 1.34903014 0.439104557 1.03191090
 992 -0.167166203 -0.274633288 0.497751534 -0.407026291
 993 0.385419399 -0.112378567 0.176122978 -0.586923540
 994 0.317993999 -0.755326033 0.259338200 -1.86779082
 995 2.30502224 1.28578767E-02 -0.269705921 -1.65683866
 996 0.641076922 -6.46597147E-03 -1.05941105 -1.38558304
 997 -1.20282841 2.78780580 -1.22949159 0.286614120
 998 1.00608850 1.47143495 1.10388744 -0.531990886
 999 0.829979002 0.490242541 -0.833326459 -0.686680794
 1000 -1.75284123 0.600528896 1.02346778 7.08008781E-02
 1001 -1.52861381 0.472366393 -1.92993617 -0.512112796
 1002 -0.254144907 2.11215067 -0.730625153 -1.06705034
 1003 0.520077705 -0.272713155 0.475319207 1.02680349
 1004 -1.01536930 -0.537980199 -0.883403063 0.266836524
 1005 0.442783356 -0.567927778 1.26008868 -1.09263027
 1006 -0.432749540 -0.175117910 -1.10473967 0.515229344
 1007 0.841135859 0.808791459 -0.503651619 -8.37252364E-02
 1008 -0.384522319 -1.21446085 0.430028051 0.167718872
 1009 -1.53003776 0.745583177 -9.52553302E-02 1.21901906
 1010 -1.00496018 0.362255901 -3.48762178 -0.681702495
 1011 0.883414984 0.990356326 0.641870201 -0.584453762
 1012 1.62343681 0.976264656 0.829037905 -1.27371514
 1013 0.431654155 6.30400181E-02 -1.12583268 0.133950919
 1014 1.35429084 1.74182200 1.37119269 0.722350359
 1015 -0.493920982 -0.126643866 -1.01022291 -1.27343345
 1016 -0.232069552 -0.316660374 -0.599388897 0.187838644
 1017 0.398264766 0.771452904 1.00675046 -1.68239868
 1018 0.607872307 -0.232613415 -0.816022158 -1.03137887
 1019 -1.69484925 -1.47686875 -0.579007328 -0.632772267
 1020 -4.63818312E-02 -2.71609426E-02 -1.11699581 -7.72446245E-02
 1021 0.634984851 0.711541474 -0.839656591 -0.384479940
 1022 0.605002403 1.09803534 1.79964483 0.550805151
 1023 -6.49124011E-03 -1.11552596 -1.90326667 -1.20359695
 1024 -0.789677262 -0.442671895 -2.63178134 -0.917738199
 1025 -0.874697268 -0.307480067 -1.45393419 0.452783585
 1026 0.829788923 -0.627694964 -0.380650997 -0.781173348
 1027 -2.81897521 0.342267513 -1.30215526 -1.21230531
 1028 1.32164276 -0.245158076 1.02811098 -0.173344716
 1029 0.357601285 -0.769136190 1.36703324 0.625983953
 1030 -0.439440697 0.261882901 -0.619611859 -0.755880475
 1031 2.33779454 1.46829963 -0.134054855 -2.06915998
 1032 -0.436303288 0.321296781 -2.75861174E-02 -0.403923571
 1033 0.227662385 -0.418465167 1.60972834 0.548851490
 1034 -1.00965726 -6.47125840E-02 -0.114863977 -0.794568479
 1035 0.262828708 -0.202110037 -1.75682545 0.795880198
 1036 -1.71225202 -2.03915143 0.151150435 -0.969159424
 1037 -1.92932534 -3.23870802 -1.43028629 0.337831289
 1038 -1.31648564 -0.633766949 0.284904420 0.226386502
 1039 -2.71996307 -0.492087811 -2.04902124 1.45260358
 1040 -0.846959114 -5.04665598E-02 1.73680377 1.94234133
 1041 -1.37794495 -1.76849711 -0.644370794 1.57494640
 1042 -2.22396660 -1.71863067 -0.973295152 -0.641199768
 1043 -1.20589197 -0.445697278 -1.68603623 0.369569927
 1044 -1.77122188 -1.51095092 -1.20967650 1.81773901
 1045 -1.53929746 0.502057970 -0.561053693 0.341992944
 1046 -1.74607468 -1.17475367 1.99473143 -0.887882531
 1047 -1.73914444 -0.821522415 0.798941374 7.32094049E-03
 1048 -2.28656054 -0.939166009 -0.184546337 -0.128933132
 1049 0.287847579 -1.41958141 0.263045639 1.60075569
 1050 -3.24170470 -1.01308620 -1.75635290 0.194750875
 1051 -0.787384331 -1.04396093 0.394074172 1.33849120
 1052 -1.76833940 -0.581952572 0.586179018 0.165902928
 1053 -0.386296690 -0.554802656 -1.03325117 0.505794466
 1054 0.248017818 0.685215473 -0.106223121 2.01343346
 1055 -0.201618522 -1.49297273 -2.66166925E-02 0.510434031
 1056 0.355065525 0.209789306 1.16239119 1.71518040
 1057 -1.12233603 -1.49888802 7.58819431E-02 -0.684504926
 1058 -0.939188421 -0.331249058 9.92931724E-02 4.33097929E-02
 1059 -1.20885670 2.26522237E-02 -0.424339533 0.352818251
 1060 -0.973178446 -0.539941967 -1.41259062 -1.15529191
 1061 -1.61061370 -0.899463058 -0.975784779 3.92298922E-02
 1062 -1.27343094 -1.59389985 5.28875664E-02 0.181290433
 1063 -0.159662202 -0.885113120 0.317194730 -0.692748308
 1064 -0.933606982 0.556927979 -0.253291667 0.259105444
 1065 -2.21648836 6.34018332E-02 0.224150479 1.83204865
 1066 -2.47663021 -0.893902898 -2.60657358 0.697269261
 1067 -1.16368115 -0.778117657 -1.76572168 -1.00922763
 1068 -1.29107475 -0.308785349 -0.155615970 0.343064666
 1069 -1.11236095 0.807912648 -2.82129169 0.199818775
 1070 -1.13523233 -1.01509237 -3.97236198E-02 -1.24705839
 1071 -1.60106683 -0.495776296 -1.04230213 0.284882963
 1072 -1.56546378 -1.41001868 -0.140729234 0.570397735
 1073 -2.26478219 3.89791280E-02 -0.108817235 1.99250937
 1074 -2.28001165 -1.35902357 -0.516482234 1.88404167
 1075 -1.37755978 -1.34990549 -8.34764838E-02 -1.12350500
 1076 -0.311503291 -0.964011490 -1.63802063 0.249851614
 1077 -0.918494284 -1.40293777 -0.476544797 1.64068830
 1078 -1.29299974 1.41597772 6.61128014E-02 0.617827892
 1079 -1.64242995 -0.612032175 -0.685390711 -1.40978265
 1080 -0.651578486 -1.69875455 -0.269419849 0.808907747
 1081 -1.50278258 -1.76051366 0.508469522 1.77338743
 1082 -2.19438624 -2.46081901 5.27658165E-02 0.288133860
 1083 -0.715940416 -1.69744217 0.472581089 0.425590128
 1084 -3.17134142 0.178000897 -2.59505153 1.98616600
 1085 -1.17367291 -0.489497960 9.84481722E-02 1.64859939
 1086 -1.18193436 -1.30199075 0.515214682 -0.827291965
 1087 -1.34269249 0.236006767 -1.22855115 0.469425201
 1088 -1.46863949 -1.28925097 0.928135276 0.175457984
 1089 0.520370305 -0.987447739 -0.679158032 0.266904235
 1090 -0.417721152 -1.61792517 9.61042643E-02 0.928679883
 1091 -3.76208138 -0.113434583 -1.85588622 1.42346644
 1092 0.624146760 -1.58789229 -0.351933748 -1.33551288
 1093 -0.694192529 -3.78576517 1.45291173 0.108534157
 1094 -0.972995102 -0.213500053 -0.133378536 1.47583508
 1095 -1.91222310 -1.29424703 -0.549075842 1.81357241
 1096 -2.30192685 -1.02090096 -0.420232952 1.71993792
 1097 -1.36965179 -0.349961907 -2.71952844 0.405066907
 1098 -1.97890234 -0.576187670 0.308447957 2.03086305
 1099 -1.19196522 -0.975192785 0.377387077 1.71005189
 1100 -0.193523139 -0.271522462 0.762081742 -8.35051201E-03
 1101 -0.567947209 -2.17332506 -0.844557941 -0.136317417
 1102 -0.408201426 -2.88683677 -0.631703258 -1.65661359
 1103 -5.18962853E-02 -2.41667080 -1.02789855 -1.13789845
 1104 -0.813267112 -1.42492986 0.426078916 1.33894730
 1105 -1.80462396 -2.48793936 0.241316989 0.351891607
 1106 -0.647262633 -0.597753227 -1.50732875 0.232386231
 1107 -2.33156323 -2.72736645 -0.830254972 1.42497444
 1108 -1.55144358 -1.65063047 0.107887536 0.428318143
 1109 -1.00053990 -0.824105442 -1.40438604 1.54307795
 1110 -0.466174722 -0.522310495 0.690416753 -0.345776886
 1111 0.663535714 -2.03897905 -0.142635360 0.123192810
 1112 -1.33241904 -1.42123771 -1.26342857 5.55986091E-02
 1113 -1.76585984 -1.70343995 -0.376757294 0.885479450
 1114 -1.39524722 -2.46100211 -0.635374665 -1.22596264
 1115 -1.44347417 0.488142192 -1.97008574 1.19618177
 1116 -3.47263122 -1.72774923 0.987359345 1.61713600
 1117 -0.263129026 -0.102930173 0.530018330 0.260261059
 1118 -2.72546530 -1.54193640 0.364944518 0.310025185
 1119 -1.74811161 -0.168931186 1.40748322 -0.978131354
 1120 -0.545697331 -1.49601460 -0.400145531 4.09549475E-02
 1121 -1.79665804 -0.884737253 1.07620513 0.237317666
 1122 0.225588083 -1.36253083 7.25549161E-02 1.19217038
 1123 -2.31883478 -1.81140351 0.400622994 0.377843022
 1124 -0.789757192 -1.23188257 1.51299918 3.36591005E-02
 1125 -1.92085063 -0.126354471 0.476036668 0.155719399
 1126 -5.82347810E-02 -0.704192817 1.11480224 -0.475579649
 1127 -0.279172957 -1.47227609 0.503979206 1.48277843
 1128 -1.93579888 -1.08474803 -0.148911923 0.242510676
 1129 -1.03648055 4.11721170E-02 -1.46865559 1.76818562
 1130 -1.43252063 -1.87073040 0.335901231 8.61122012E-02
 1131 -0.503286779 -1.44281852 -1.20222104 -0.115523331
 1132 -1.39763856 -1.76524282 -1.63230395 2.37659775E-02
 1133 -1.68891370 -1.72960579 -1.17178512 4.19516750E-02
 1134 -1.66257977 -1.29325616 -0.102040611 -0.107013889
 1135 -2.11708212 -1.22101057 -1.28753173 0.349441260
 1136 1.41736197 -1.39319479 5.59025370E-02 0.150062382
 1137 -0.843259037 -0.725683868 0.350026101 -1.19660079
 1138 -3.07999325 -0.746522844 0.287898183 1.55348325
 1139 1.48112476 0.607687771 -0.724607110 0.598091364
 1140 0.732084990 -0.993283749 -0.886715889 0.582675219
 1141 1.67634201 -1.50021589 -1.42680466 1.72346747
 1142 0.201307416 0.403265208 -0.601565182 1.02967191
 1143 -1.35862720 -0.514911175 -4.53331210E-02 0.786877513
 1144 -0.820754707 0.985350966 0.569372058 0.657781422
 1145 -0.665974557 -1.16232121 -1.08368301 1.24869430
 1146 1.42162347 0.808121741 0.781516850 1.20967484
 1147 1.43138421 -0.228201285 -0.915425301 1.22330701
 1148 1.11512840 3.81773263E-02 -0.727783859 2.32314467E-02
 1149 0.321663916 0.908179402 1.39661574 0.745282829
 1150 0.880384088 -0.622265399 0.414270580 1.12171388
 1151 0.764683545 -0.459635973 -1.11440241 1.88165355
 1152 1.78924084 0.131612539 -0.897779107 1.68192577
 1153 -3.67030650E-02 0.694667995 -1.34588528 1.51238966
 1154 0.126053587 -3.31718996E-02 2.51408741E-02 1.86738598
 1155 0.101224124 -0.199801311 1.23860314E-03 1.20844543
 1156 -1.88274533E-02 -0.749808073 -0.882079840 1.45723760
 1157 -0.162914902 -1.22999918 6.06239215E-02 1.23015308
 1158 1.33585525 -1.17163658 -1.14770067 1.65729547
 1159 -0.474375755 -0.687091053 -1.24000442 1.67951643
 1160 1.13193047 -0.197559416 1.08059096 0.819806516
 1161 1.25901282 -7.52973929E-02 -0.125927776 -0.498980463
 1162 -1.66046834 0.400039732 -1.22987843 1.91904294
 1163 -0.294975251 -1.16726673 -1.40534258 0.932213962
 1164 1.01982594 2.23129964 0.444983482 1.89978826
 1165 2.64584589 0.819133103 4.27219570E-02 0.853389978
 1166 -1.60048231E-02 -2.42980011E-02 -0.277295768 0.927011847
 1167 1.10360575 -1.76515293 0.948004305 0.728206873
 1168 0.473919809 0.261892051 -0.672217965 1.51170301
 1169 0.473158777 0.134736180 -1.05830729 1.61886680
 1170 -0.196609378 -1.68259621 -0.506879807 1.31854701
 1171 -0.757874131 -0.673024654 0.169236377 0.951637626
 1172 1.15294921 -0.503872037 -2.34481311 1.36124349
 1173 -0.927044809 0.406494558 0.803581119 1.36537492
 1174 0.251476347 -0.147982106 -0.911862552 1.90336514
 1175 1.14889133 0.954831183 -0.847899437 0.172515452
 1176 -0.922953606 -0.442970932 0.216027454 1.11358726
 1177 1.75295401 -0.286022395 0.827492476 1.43831360
 1178 -1.47665215 0.658804774 -1.21430981 1.35404420
 1179 -0.278062940 4.13229540E-02 0.708314061 1.29117584
 1180 -1.71383250 -0.630459249 -0.804534078 1.29115474
 1181 1.14870131 -1.85637677 -1.38261688 1.81363821
 1182 -0.176294535 1.34926593 -3.31640579E-02 1.10115731
 1183 -1.00907183 0.327286869 -0.253285110 1.26332700
 1184 -2.66170949E-02 -0.254794270 -1.88459587 0.992398083
 1185 -1.16075861 1.70086837 -0.606594801 0.743395805
 1186 0.337126732 -0.762986183 -0.423330128 1.53106260
 1187 -9.65809971E-02 -0.130429074 -0.461807489 1.32485890
 1188 0.927159905 -0.556016624 -0.266931355 -0.534556270
 1189 0.943122029 0.174842864 0.366030872 1.40472615
 1190 0.793099165 -2.06002641 0.490299344 0.330519915
 1191 1.00610518 -1.37892890 2.96699703E-02 1.92201328
 1192 0.816062689 0.832874179 -0.131814480 1.47889459
 1193 -1.11594892 -0.152127013 -1.13237739 1.30783594
 1194 0.652703822 -0.141148508 0.428917348 1.02483475
 1195 -0.984717309 0.535577357 -1.38505220 1.65094650
 1196 1.42038727 -1.80047154 -1.11240089 0.993510365
 1197 0.940035045 0.635727465 0.481587470 1.48937488
 1198 0.312303662 -0.175619483 0.336092830 1.24823833
 1199 1.01964390 -0.746101618 0.626354396 0.425439149
 1200 0.822928369 0.141327977 6.17331043E-02 1.34932196
 1201 0.831042528 -0.328237653 -0.516169310 1.70042253
 1202 1.49045789 -0.730903387 -1.23082256 0.299332291
 1203 1.80999649 0.991721511 -1.06523919 1.34730065
 1204 1.24695683 -0.669684827 -1.21119368 1.66331768
 1205 1.17180872 -1.25559831 0.441759527 0.681493998
 1206 -0.225472957 0.200139523 -1.24346793 1.61797166
 1207 0.663179457 0.902973831 -1.19093478 1.04515922
 1208 1.15203750 -0.981253386 -2.32187891 1.78604364
 1209 0.274081945 -0.912677824 0.606574655 0.782396317
 1210 1.24149370 -1.05746746 -1.10725033 1.45727050
 1211 0.681749761 -0.652808905 0.527252913 0.381782383
 1212 -0.850687981 -1.05176497 -0.293669939 2.02162814
 1213 0.285925865 0.183124542 -0.957975566 1.53773248
 1214 2.43744445 1.09624052 -0.544489145 0.212119311
 1215 -0.132885963 -0.560928047 -0.686194658 1.57533622
 1216 0.160089254 0.972712278 0.377807289 1.09646809
 1217 -0.663851619 -1.61733830 -1.02652812 1.52232265
 1218 0.665699124 -1.74736202 -0.299417853 1.02364302
 1219 0.100272149 -1.57946730 -1.39360929 1.73311996
 1220 -0.277866125 0.621214509 -1.49822712 1.57125962
 1221 0.565651476 -1.93985820 0.189951271 0.638543904
 1222 -0.462082595 -0.273429036 -0.994836271 0.774285138
 1223 1.33684623 -0.333858997 -0.220400363 1.75182831
 1224 1.84617436 -1.47904193 1.00045681 0.986029208
 1225 -0.249044508 -0.705356181 -0.562614322 1.23816335
 1226 -0.484096110 1.34670699 3.05964798E-03 0.769686878
 1227 0.937670767 -0.376109660 -0.624855042 0.902437508
 1228 1.31677973 1.18573904 -1.91614556 1.01652837
 1229 -0.306698591 0.445327491 -1.60620201 1.12731540
 1230 0.543476343 0.813780069 -0.715503156 1.56748867
 1231 -0.439892471 -0.143831819 -0.489884317 1.52473402
 1232 1.36674762 0.115237355 -1.45491588 1.38881409
 1233 -0.132613584 1.34572029 -0.447040200 1.44201171
 1234 -0.561987579 1.84628212 0.338251710 1.39879131
 1235 -0.168803245 0.668033719 -0.951248705 1.43322968
 1236 0.333406389 -1.20677137 -1.75607133 1.91994190
 1237 -0.317682743 1.02093148 -0.742247760 1.79621756
 1238 -0.939508319 0.469728351 -2.20795059 1.56690407
 1239 2.22207952 -0.999333262 2.33561695E-02 1.34463024
 1240 -0.349120080 -0.134290427 0.660441935 0.805996299
 1241 0.193541571 -0.274287134 -1.09827709 0.991594255
 1242 -1.32019591 0.890651643 -2.01604128 1.28469729
 1243 1.25470161 -0.290202469 -1.03761876 1.10035753
 1244 0.288409024 -0.418675721 -1.30165482 1.74696302
 1245 3.20173502E-02 -0.349722862 -1.01975417 1.28513873
 1246 -1.00755882 1.62480628 0.647970557 0.762826204
 1247 0.644750953 -0.875641406 -1.27009451 1.15126002
 1248 1.06484962 -1.28086650 0.442718685 1.18198824
 1249 0.908568203 -0.962159514 -1.71255481 1.00982070
 1250 0.649484158 -1.50772536 -0.937026858 0.971224725
 1251 1.87989593 -1.67239892 -0.238286346 1.26314652
 1252 1.13718677 -1.44424105 0.234470725 1.58154547
 1253 0.747262836 -0.616656721 -1.23934734 1.31913483
 1254 0.576479197 -1.91790664 -0.391442329 1.87296975
 1255 0.792245626 -0.970135391 -0.151588187 0.494922280
 1256 0.890464187 2.12525725 -2.03701806 1.23230898
 1257 4.95313480E-02 -1.43433166 -1.07467353 0.847402394
 1258 -0.568649530 0.632426381 -0.370458364 1.56816983
 1259 0.614988327 -0.574295878 -0.565098166 1.62417090
 1260 0.179582596 0.317383707 -1.49804795 1.03999245
 1261 1.92542601 0.370167255 0.226514488 2.21493292
 1262 -0.884570777 1.02654040 0.974203408 1.24387848
 1263 1.12023056 -0.625360250 -0.209689721 0.806104898
 1264 0.417927086 -0.184417158 -0.710216403 1.77022398
 1265 1.01832128 0.325127304 -0.116062790 0.898129940
 1266 -0.464119017 1.18667841 -1.48916495 1.62429678
 1267 1.75493097 -1.85740471 0.954858184 1.81665301
 1268 -2.09222555 -0.381999314 -1.35841084 1.13787150
 1269 -0.223452508 -0.339081377 -0.197134033 0.927395105
 1270 -0.951327562 -0.526054084 0.128117591 1.01201820
 1271 -0.359448135 -0.650706351 -0.324999839 1.78881788
 1272 -0.236331463 0.452006906 -1.39863360 -0.354579926
 1273 0.751392961 -0.126674473 -0.767793536 1.56454277
 1274 1.22546434 -5.67798875E-02 -2.43787909 1.76915777
 1275 0.702141881 -0.384532243 -0.767200828 0.616544127
 1276 -9.77829248E-02 -0.750434399 -1.36330056 0.802730143
 1277 -1.51070619 -8.52863118E-02 0.136148274 1.69490182
 1278 0.455330431 -6.64778352E-02 -1.93396747 -0.124998346
 1279 -0.210718527 2.43946457 -0.763443708 1.06129432
 1280 0.196392447 -2.11176276E-03 -0.200869024 1.63293254
 1281 -0.668793082 -0.951092124 -1.49185932 1.54013312
 1282 0.255628526 0.999547005 -2.06809306 1.80630744
 1283 0.980869949 -2.54761887 -2.09431148 1.37521005
 1284 -1.50346613 -0.380300343 0.543184817 1.61534977
 1285 1.08077955 -0.240555823 -0.439414531 1.12226152
