 1 1.57654560 0.264034569 -1.14838576 0.214614004
 2 -0.575631976 0.509041786 -0.138124421 0.830502212
 3 0.249439791 1.94798648 -0.311973572 0.918951631
 4 -0.489737749 -1.15646982 -0.168335795 1.20185745
 5 0.998963654 0.134366438 1.26791120 1.45177305
 6 -0.129749417 -0.121261880 -0.466372311 1.12501645
 7 0.800456941 0.668966532 -1.33301115 1.46187067
 8 -0.495989859 -0.226165473 -0.251021147 1.10271239
 9 0.674773991 1.23853183 -0.977947652 1.26774585
 10 -0.222133115 1.08686841 -1.91804543E-02 0.154425383
 11 0.333230168 0.547697425 1.19382381 -0.266424537
 12 0.451899886 0.274219155 0.437964410 -0.537728071
 13 1.00328755 0.773530364 7.16327727E-02 3.46498936E-02
 14 -0.805953324 -1.01386845 -0.368074656 1.11777020
 15 0.180595487 0.382778764 -0.474648893 -0.258222252
 16 0.752099276 -0.249758378 -0.490834683 1.60944927
 17 1.70165634 0.363644302 -0.914752960 1.13700569
 18 1.22615981 1.09398746 -0.322594076 1.08122122
 19 1.03550112 2.13400459 0.132924989 -1.24985671
 20 1.80717313 0.163770586 0.862488389 1.61898267
 21 -0.392019331 7.33569264E-02 -9.27078128E-02 -0.368749261
 22 9.93151367E-02 0.555251479 -0.135949165 1.11012959
 23 -0.838224173 0.855973303 -0.529775620 -0.360803008
 24 0.151626736 -0.776800275 -0.834995508 1.36068594
 25 0.236111909 0.183505177 -0.961295426 -1.25432169
 26 1.53108692 0.607550502 -0.946478188 1.48374903
 27 2.91375089 4.77995872E-02 -1.02153516 1.06110406
 28 -0.825143337 -0.682388246 -0.327726007 1.23744059
 29 0.947127819 1.15710032 0.119658530 1.40242982
 30 0.584254146 0.832833886 -0.965472877 -0.327446461
 31 1.03426135 0.435879350 -0.147834241 -0.277226925
 32 0.769167244 -0.684399068 -0.294438988 -1.83359337
 33 0.165629342 -0.436957955 -0.609343052 -0.551542699
 34 0.132439703 0.458425283 0.979828537 1.39415491
 35 -0.432848275 0.387727380 0.256358236 1.30216944
 36 0.477035671 -0.718779922 -0.864272833 0.910034657
 37 2.07654524 1.19335175 -0.145047292 1.13015199
 38 0.294910729 -0.590316176 0.965873837 1.40463459
 39 -0.832531035 -0.368971378 -1.19337285 1.22786844
 40 0.339553714 0.649880290 -0.180833191 1.14039719
 41 -1.97955000 -1.65312433 -1.28621602 1.53092432
 42 -0.588795185 0.180521995 0.156265825 1.38506186
 43 1.24716067 -1.06124949 -0.247655720 1.36041558
 44 0.154119983 1.15029907 0.401438832 1.27703750
 45 0.353346437 -0.722027421 -1.21043992 -2.04221249
 46 -0.412464529 2.01132393 -1.06174541 1.10511756
 47 1.34809685 -0.226169124 -0.814119101 1.08295679
 48 1.21307349 1.87153530 -0.387184560 -1.87798893
 49 -0.983065605 -1.14864826 0.479891151 1.41649425
 50 0.570669115 -0.125862077 -0.597540379 0.258798063
 51 0.986006737 1.12647855 -2.16001868E-02 1.20966947
 52 -0.752132595 1.64724644E-02 1.53380549 1.27941597
 53 9.32390094E-02 0.385286003 -0.818413496 0.188028485
 54 0.351687193 -1.04914331 0.508452535 -0.298538238
 55 0.485228002 -0.751849711 -0.308378696 1.44076216
 56 9.36463624E-02 0.577075839 -2.64284760E-02 1.08233070
 57 0.431414276 -1.10614061 -1.24269998 1.33860469
 58 0.510698974 0.466060966 -0.354107827 -6.52173609E-02
 59 -0.226495042 -1.21734929 -0.746210933 2.45961249E-02
 60 1.50897563 9.72818732E-02 0.278099567 0.175606608
 61 0.931738138 -1.09584844 -4.38521057E-03 1.54079604
 62 0.383853048 -0.220089599 8.94337893E-02 1.51851285
 63 0.263690323 -0.802752674 -0.449472249 -0.240826696
 64 0.104887456 1.00728476 -1.23826385 -1.69298053
 65 0.758748055 -1.11353338 -0.397154629 1.12376392
 66 0.256803691 0.290392429 1.73229724E-03 1.34394765
 67 0.752351284 0.403935730 2.05704346E-02 1.75306511
 68 0.989711404 -5.29603660E-03 -0.164101869 1.34750092
 69 -0.593541622 -5.84726632E-02 -1.27814300E-02 -0.124301195
 70 -1.41613626 -0.238210350 -6.43765926E-03 1.24758077
 71 0.420423269 -0.746322274 -0.766230226 -0.112433627
 72 0.737953663 1.29552925 -1.50119722 1.55106890
 73 -5.89716807E-02 0.719324529 0.777094424 1.66377044
 74 0.379170954 0.311417401 -0.615788758 0.134541929
 75 -1.39741731 1.24415398 9.70120877E-02 -0.126325771
 76 0.435980618 -0.188710809 -0.474904835 1.24139786
 77 0.965265512 0.104869097 1.01811385 1.27760267
 78 0.155434772 -0.327289790 -0.560955346 -1.99329853E-03
 79 -0.826414704 0.289734602 -1.11520553 -1.39971459
 80 1.09498203 0.428738892 -0.648724318 -0.349381298
 81 -1.15821707 0.327325344 -0.310498238 1.55952013
 82 0.431945562 1.11337268 -0.897673726 3.37744951E-02
 83 -1.20281470 0.136564061 -1.04152513 1.21090305
 84 -0.700644433 -0.123227030 -0.792396903 -2.21851170E-02
 85 0.764425278 -0.666351080 0.304785371 -7.61186555E-02
 86 -0.461265028 -1.50380552 0.288303643 1.27114093
 87 1.79599202 1.20190752 -0.426620811 -0.517570257
 88 0.552056670 1.89892912 -4.69080806E-02 -0.185259163
 89 -2.56209159 -1.62641835 -0.913199961 1.43010306
 90 -0.862521827 0.680581748 -0.280475438 -0.118475758
 91 0.128846988 6.40103221E-03 -1.19509912 1.21363878
 92 1.29641104 1.57943571 -1.18460524 -0.145040065
 93 0.105733618 0.418832302 -0.523074269 1.53549588
 94 -1.71284866 -0.241742939 -0.122584112 -1.78952825
 95 0.379414886 0.290623754 -1.70218408 -0.586870134
 96 -0.775654197 0.451515853 0.152077585 1.61477375
 97 0.539256692 0.689669132 -0.405786097 -0.112981834
 98 0.301403761 0.965231001 -0.553111315 -0.544063210
 99 -2.61501204E-02 0.309584618 -0.724776924 1.06094289
 100 -1.19398355 0.287057102 -1.25696290 1.82240200
 101 0.767470777 -7.53414258E-02 -0.765742123 1.78927183
 102 1.29599857 -1.04283881 -1.91710770 1.07283914
 103 1.27893817 0.534208834 -1.20590341 -0.208035961
 104 -5.28501272E-02 -0.921832919 -0.520692945 -1.63825822
 105 -0.823498487 -0.672521830 -0.649769604 0.851181805
 106 -9.83138084E-02 1.29674315 -0.680674076 -0.154634774
 107 -7.43727982E-02 0.500858307 -0.712785661 1.28721881
 108 -0.850306034 3.47948894E-02 0.788401127 -0.339251041
 109 -0.100200817 1.12701750 -0.259858340 -1.65519702
 110 -0.331647038 -1.21180797 0.204235196 1.24748659
 111 0.544988692 -8.97893459E-02 -9.50478762E-02 -0.102394052
 112 0.803468108 -2.00536698E-02 -0.616962016 -0.365766078
 113 -0.531132221 1.91585040 -0.625245333 -1.88373315
 114 -0.620432138 0.228514314 2.92997435E-02 0.113631427
 115 0.446871966 -1.01321256 -7.73283765E-02 1.24263275
 116 -0.946528912 -0.459383190 -0.820799351 1.57129908
 117 0.615621924 0.762214005 6.24926686E-02 1.52407348
 118 0.141964272 0.488259554 -0.494143158 -0.115437903
 119 0.923048913 -7.02874735E-04 9.01018232E-02 -0.252777040
 120 -1.37073874 0.754411936 -1.03845119 -1.81255496
 121 -1.07974815 1.05354238 -0.143420681 0.901462197
 122 -2.19543338 0.368357092 -0.626412332 1.48105228
 123 0.386651218 1.00949287 -0.455917865 1.26066589
 124 0.342173606 0.733660877 -0.797970176 -1.86370420
 125 0.416953862 0.401045710 -1.84999216 1.37493122
 126 -0.870202839 0.157285571 -0.897511840 1.71760988
 127 -0.861527145 -0.707459331 -0.445495546 1.08039546
 128 0.576037645 -0.340584993 -1.16998947 1.24561799
 129 -0.366364002 1.79467833 0.211325765 -0.133209065
 130 8.58667046E-02 -4.72618937E-02 -0.908354580 1.25995243
 131 0.639200330 -0.887865782 0.834093928 -1.80543995
 132 0.612322569 0.284320503 8.99044573E-02 -1.42604589
 133 2.41910267 1.00480533 0.278442860 -0.133204013
 134 -0.254719317 -0.338083118 -0.903698564 1.34170330
 135 0.888539612 -0.700326979 -1.19784248 1.45376074
 136 -1.30038929 -0.576493919 -0.695057809 -0.584649324
 137 -1.01058233 0.982378602 0.946077585 1.19773304
 138 0.690121770 0.601126254 -0.129752964 1.04694343
 139 0.346859932 0.644562781 -0.397035331 1.26406133
 140 -0.725310028 -0.242447704 -0.795617819 1.14793324
 141 -1.13353920 0.440014541 -0.783259213 -5.05879521E-04
 142 -7.31965303E-02 -0.355565280 -1.02594221 0.988267958
 143 -0.180972785 1.15439165 -0.652967393 1.22307086
 144 5.39059490E-02 1.29266727 -9.40390825E-02 -2.37570852E-02
 145 0.760733187 0.417520225 0.331639349 0.200767756
 146 0.910774469 -0.693153918 -0.273614019 -0.212691173
 147 0.678041041 0.518347442 -1.85875130 -0.491075516
 148 0.878294826 -0.468211532 -1.06951725 1.52602243
 149 -0.292106241 -0.150649145 -0.745061159 1.22993040
 150 9.18321311E-02 -1.03672850 0.451605409 1.49463844
 151 0.603439629 -1.01100552 0.966078818 0.866493464
 152 -1.47809303 -0.301997483 0.181590468 -0.274405599
 153 -2.23241663 -0.748391032 -4.43646312E-02 1.13960218
 154 0.313323647 -1.26742554 -0.959782720 1.25546885
 155 -1.04192519 -5.43066561E-02 0.434710711 1.21986568
 156 -0.639798641 -0.441501856 -0.728538871 -0.879536450
 157 -2.69125867 -3.52099761E-02 -0.410792381 0.938745737
 158 -1.28925967 -0.515920758 -0.171567291 -0.189922258
 159 1.18231499 -0.142222419 -0.572902203 1.36278820
 160 4.80955094E-03 1.06562924 -1.38716280 -0.140262529
 161 0.113227040 -1.05554616 -0.934998274 1.14838743
 162 -0.679895997 -0.425058633 -0.959360957 1.36842811
 163 1.74175215 0.204480559 -0.831509352 -0.133320481
 164 0.344330341 -0.300263643 0.462472469 -0.404686660
 165 -2.08776641 -2.34801769 0.180129781 8.26979876E-02
 166 0.246943280 0.239903867 -0.234155506 5.45002222E-02
 167 0.529230535 -1.67489266 0.319034278 -1.66709518
 168 -1.66157043 0.223177463 0.622968376 1.52874303
 169 3.21691930E-02 -0.709222078 -0.207555681 1.09192050
 170 0.992215514 -5.61878458E-02 9.74907875E-02 -1.57942688
 171 0.436589062 -0.673879981 -5.20711020E-02 -1.14468920
 172 -1.72336781 -0.916407585 -0.492436349 -2.20731199E-02
 173 -0.347294807 1.11747646 -0.790606916 1.44908667
 174 -1.07718980 -0.982563555 -0.721725941 -0.141976058
 175 7.32389390E-02 -1.36528921 0.171733350 -1.68520379
 176 1.63966157E-02 0.145322442 0.736112893 1.03633702
 177 1.09783399 -0.402929008 4.04994190E-02 -0.128423393
 178 2.09853435 -1.66882002 0.148368269 -0.443591118
 179 0.377782404 -0.448632300 -0.330382884 -1.08232796E-02
 180 1.01827335 1.26931393 -0.367497265 -1.85888481
 181 1.73554158 -1.33437291E-02 -1.68456018 -0.334106207
 182 -0.294575155 -0.446253657 0.625056446 -5.53701818E-03
 183 0.159852669 -0.773304105 -1.36510563 -6.78750128E-02
 184 0.561354399 0.335401624 0.103474580 -1.81967831
 185 0.333843499 0.703069687 -0.845034957 0.227350265
 186 0.727776468 0.960353792 0.821425140 -0.309302777
 187 0.237618282 -0.530203640 -0.563390732 -1.75145125
 188 0.331180871 1.63924527 0.150182486 -0.535671473
 189 0.734180510 -0.827074170 -0.577514291 -0.293250352
 190 -0.112420268 0.971852541 0.352895617 -0.292316437
 191 0.451496482 8.10093284E-02 -0.683466554 1.07667923
 192 -5.58224544E-02 -0.369879782 0.369770050 1.34187877
 193 2.01608610 0.510329127 0.312767684 1.32956052
 194 0.540352702 0.320833981 -0.776341438 1.08246565
 195 0.953357875 0.796161890 -0.322287261 -0.266006023
 196 -1.03190625 0.227857798 -0.422854334 1.13676000
 197 0.787023127 0.346674800 0.203928843 -0.391249776
 198 0.955651224 -1.17695332E-03 0.735074103 -0.438252687
 199 -0.558002830 -0.574220419 0.123781547 0.844555557
 200 0.535245061 -2.18094885E-02 -0.762404561 1.06467688
 201 -0.885064363 1.61007082 -0.625819683 1.17553902
 202 1.08725142 0.126021251 -9.60643739E-02 -1.41278803
 203 2.00337267 -0.468606681 -3.69869769E-02 -1.02051663
 204 -0.182926342 0.472429156 -0.162471324 -1.77172756
 205 0.642474830 -0.231747702 -0.462908775 1.38517570
 206 -0.711750388 0.598212838 -7.35082030E-02 -0.524151802
 207 0.609657943 0.364212751 0.582053423 1.12350464
 208 0.300143182 0.881364107 -0.274274528 -9.94865820E-02
 209 -0.193133429 0.472046107 -1.21148348 -0.753688455
 210 -0.831176877 -5.31690419E-02 -8.99516717E-02 1.08716333
 211 -6.64325058E-03 -0.125153601 -0.143142954 0.415572822
 212 4.79179323E-02 0.137900874 0.775633097 -6.44347221E-02
 213 -2.17301202 -0.515062451 -1.36839366 1.42318428
 214 0.220284402 0.222964138 -0.965650320 1.42068553
 215 -0.949357629 1.89493263 -0.282227755 0.883916795
 216 -0.480274856 -1.22695863 -0.904850066 1.14645803
 217 -0.869561672 2.59706283 -0.386280209 -1.61174726
 218 0.293099165 1.40686762 -0.482028127 -0.116110936
 219 0.619842887 0.459820092 -0.613763332 1.14613736
 220 -0.829443932 1.54818034 -1.67930913 -1.80818963
 221 -0.622023165 0.706837416 -0.892958581 1.44206953
 222 -0.386575699 1.03700221 -0.374338210 -1.77333772
 223 1.36493301 -1.45170832 -0.905765653 -7.17207491E-02
 224 0.815246463 0.810005367 -0.248873204 -0.286673516
 225 -0.732797384 -0.227031142 -2.68413275E-02 9.44698453E-02
 226 -0.257329792 -0.956430793 3.71683389E-02 -0.623700261
 227 -0.426235139 0.906191349 -1.06557131 1.24472368
 228 0.302433491 1.41346645 -0.827885687 -1.43073392
 229 1.97263801 1.19678259 -1.03607273 1.38811886
 230 0.155031711 -0.622614205 -0.230791464 1.22245514
 231 -0.416522682 1.39899254 0.309002340 1.40974891
 232 0.500967860 -0.194389462 -1.55003071 -0.315144628
 233 -1.60907423 2.14423895 -0.905523241 0.833498597
 234 0.773155928 1.36085999 -0.673852444 0.128789872
 235 -0.609492540 0.921958506 -0.574764490 -0.641269445
 236 0.577575862 -0.195664406 -0.144399434 1.41832376
 237 0.644843161 -0.971262217 0.630407751 -0.280302644
 238 -0.373367012 0.449840695 -0.588717997 1.17062068
 239 -0.378490210 1.80992675 0.650926292 1.32420790
 240 0.745862603 0.123853162 -1.38044631 1.52344084
 241 -0.334346861 -1.25564563 -0.266582727 -0.260722965
 242 -0.316248596 1.19313586 -1.07297301E-02 1.34746170
 243 0.761779487 -0.921832979 -1.26260567 1.17754757
 244 -0.890049040 0.124517635 -0.743891120 -0.441994220
 245 0.709603846 -0.535966277 -0.851774752 1.30423474
 246 -0.670295060 0.153726071 0.293955386 -0.527607799
 247 0.608623624 1.08291268 0.684084833 -0.617285311
 248 0.973216355 0.349410564 0.945538759 -1.49636972
 249 0.796434760 0.570268631 -0.261474013 -0.441080272
 250 -0.644262552 0.302278161 0.390372783 1.31629813
 251 -0.541796446 0.858387828 -0.314001918 -1.43965149
 252 0.236573189 -3.34027410E-02 -0.902659774 -1.49626955E-02
 253 1.09247732 2.28284240 -0.731487632 -0.581630826
 254 -0.494012564 -0.872149467 0.317876756 1.38790560
 255 0.140333608 -0.487842828 -0.526884735 1.35773528
 256 0.785582244 0.369557589 -0.440580875 1.35711741
 257 1.60454762 0.403803438 0.627059758 -0.223965943
 258 1.09209871 -2.00943947E-02 -0.932148874 1.03083730
 259 0.622469425 0.444251835 -1.27603495 -8.59713554E-02
 260 0.480924010 -1.87996292 -0.569511294 1.51665306
 261 0.150506601 -0.113865182 5.80105782E-02 1.01142430
 262 -1.95333362 0.291340530 -0.882061899 -4.60298806E-02
 263 0.299751312 0.428279161 0.180982858 -0.602454185
 264 -0.128817797 1.04824436 -0.876610816 1.34758472
 265 0.910107493 0.178775311 -0.970240235 -0.312728107
 266 0.695388675 -0.742782593 -0.235757530 -0.272561252
 267 -0.388075978 -0.826610267 0.846813738 1.12728924E-02
 268 0.393979996 -0.667811513 -0.412770212 1.39028621
 269 -0.929549158 0.809018314 1.33670461 1.51259291
 270 0.719119191 -0.164405763 -0.480630755 1.41119885
 271 0.755066931 0.793731689 1.21097937E-02 0.808173001
 272 -0.302076310 -0.303087473 0.608082891 1.26162684
 273 -1.38050973 1.16150749 -7.77792782E-02 1.00109005
 274 1.09000230 -9.53356326E-02 -0.420417488 1.74946547
 275 0.925709546 -0.197872370 -0.648814797 -0.186371386
 276 -0.379954100 -0.347453088 -0.434176594 1.33285964
 277 2.03218699 0.720079243 -0.709882200 -1.50552070
 278 -1.34262502 1.35488379 -0.351283014 -0.112277485
 279 -0.979457736 0.356843352 -0.171552628 -0.234170705
 280 -0.101974756 1.12441027 -0.355547845 -5.57612926E-02
 281 0.343507081 0.489403456 -0.522292137 -0.274293929
 282 1.77639818 -0.371089101 0.114763603 -0.194564044
 283 -5.04706837E-02 -0.484903634 -0.647090375 -1.77395558
 284 -0.958735704 -0.406051725 -1.02885306 1.38058555
 285 -0.380732536 1.18223548 -0.870559573 -1.36596298
 286 0.388373226 0.788145185 0.430066258 -1.79877543
 287 1.23842084 0.308406472 -0.792832375 1.50706196
 288 0.437455237 -1.04548025 -0.186615765 1.33924174
 289 -1.65169501 -3.85282701E-03 -0.940122783 -0.318767160
 290 -0.355695516 1.47986722 -0.948007524 -0.311416179
 291 0.401061445 -0.102804512 -0.736079991 1.36831808
 292 -0.743974686 -0.887753069 -4.03791443E-02 1.20539916
 293 -1.14131761 1.01949561 -2.25681886E-02 -0.278666377
 294 -1.25370109 -0.455853879 -1.30225706 -3.23034972E-02
 295 1.21382248 -0.941417217 -0.880519450 -0.121289246
 296 2.00802159 0.811364233 1.50198722 -1.53196549
 297 -7.22155571E-02 0.679603517 -0.868806422 1.55989444
 298 -1.26124370 0.532767355 -0.699963331 -0.298958719
 299 -1.12041497 0.119130179 -0.457975179 -0.217625096
 300 0.631318808 0.652923584 0.722012639 -5.96571714E-02
 301 1.45792437 -0.676587939 -0.483597219 -0.150934398
 302 0.281681418 -1.26119840 0.855066955 8.80634487E-02
 303 -0.128414512 1.32016838 -0.560895920 -0.149139196
 304 -0.744294405 0.343994528 -1.00959682 1.39066899
 305 -2.36323103E-02 -0.352644503 -0.545593739 -4.33582664E-02
 306 -0.193250954 -1.09568417 0.208145380 1.26610446
 307 1.25277972 0.648637533 -0.547527552 -1.71257949
 308 0.294139653 -0.201302350 1.01239121 0.128674597
 309 0.207607254 -0.759300292 4.94157076E-02 1.51195288
 310 1.45965767 -2.14944077 6.77958801E-02 -0.174468532
 311 0.876328707 -7.18880370E-02 -0.189256087 -0.142833903
 312 2.36713243 0.740744591 -0.210782245 -0.550063133
 313 2.08363700 0.159099221 0.446803451 1.16749048
 314 0.437255412 -0.747595310 1.07305443 -0.257882893
 315 1.28559089 -0.898003042 0.343444228 -1.59929693E-03
 316 -0.151698679 -0.669271290 -0.122327171 1.20849979
 317 0.833961070 -8.57568979E-02 -0.378356785 -0.140557766
 318 0.586255312 0.222610235 -6.23556301E-02 -9.42826793E-02
 319 -0.294050783 -0.415670246 -0.434930235 -1.48471761
 320 0.350859463 -0.182530090 -2.49121785E-02 1.36079526
 321 0.649716139 9.58279297E-02 -0.950888157 -1.89379764
 322 0.884935379 -0.265318722 -0.867004156 1.14853215
 323 -0.425079703 4.32600081E-02 0.511999190 1.09336579
 324 1.96477306 0.295638829 0.797511697 1.13656878
 325 1.70107818 1.26481414 0.146326751 1.20656502
 326 1.97780490 0.486341029 -0.438809872 -0.416613221
 327 1.66537613E-02 -0.712600231 -0.499701917 -0.357131511
 328 1.16432106 9.02252868E-02 -0.841112137 -0.295301676
 329 -1.27218366 -0.158727348 -0.365038395 -0.357120216
 330 -0.302443355 0.270687014 0.433745563 1.11794043
 331 2.39279199 0.410031855 -1.03771102 -1.50783420
 332 -0.170556396 0.590769053 0.548813522 1.52293849
 333 0.979654074 -6.34602010E-02 1.62767041 1.24754548
 334 -0.485526919 1.49160922 0.213937566 -0.159224272
 335 0.155293271 1.62638795 1.08978003E-02 -0.495372862
 336 -0.301934183 -0.306988537 -0.112009861 -0.312888622
 337 0.535362124 0.216981560 -0.156174064 1.08123577
 338 7.43153915E-02 0.788726211 -0.920593381 1.38168740
 339 -0.975395799 0.456353843 -0.295917749 1.31479216
 340 -0.517807126 0.358211219 -0.296429336 6.77567422E-02
 341 -0.942322910 -0.645995975 0.272412658 -0.377500474
 342 0.791468263 -4.15698811E-02 -1.28549254 -0.102231145
 343 -1.60336375 0.861437559 -1.01406741 -0.582605720
 344 0.285594225 0.347804755 -0.125389531 1.27554679
 345 0.328320473 -0.165342182 0.583641291 1.49876201
 346 -0.602165699 1.42758095 -7.35814348E-02 -1.87555480
 347 0.519327641 1.16371357 -1.68049169 1.24818277
 348 4.75516096E-02 0.405807734 1.14924216 1.33084702
 349 1.23468995 0.153651565 0.669249892 1.02844918
 350 -0.195305586 0.100695282 5.33275306E-02 -0.515706003
 351 0.100744762 -0.791528881 -0.493145078 1.28024566
 352 2.72518769E-02 -0.745246351 -0.152115703 -0.255050659
 353 0.402479440 -0.179690301 0.201618329 1.40733671
 354 0.424678743 -0.869162977 -1.08481038 -0.346228570
 355 1.03200889 0.248499990 -0.480326861 1.33872902
 356 2.05591083 0.762819409 1.62555087 -0.282540619
 357 0.947346449 1.49631417 -0.140564293 -0.275192827
 358 1.05357838 1.06734526 -1.11965561 -0.106889300
 359 0.333995879 2.15815258 -0.806803584 -1.86817980
 360 -0.273566753 0.814947009 -7.04658255E-02 -5.32258675E-02
 361 0.520571709 -0.442850113 -1.11686325 1.51892304
 362 1.37083578 0.504871666 -0.368727177 0.984729648
 363 -0.517932177 0.330186218 -0.418836594 -1.41513312
 364 0.400761247 -0.643096566 2.31683403E-02 1.34311903
 365 1.05627680 -0.560194016 -0.131916553 -1.83169103
 366 -5.00133336E-02 -0.738402963 4.74038720E-02 1.86704421
 367 0.302617341 -0.484418154 0.131645352 -5.71823418E-02
 368 -0.683800220 -0.835309625 -0.748192251 6.30655885E-03
 369 0.421443045 -0.577814221 -0.511418939 1.43503344
 370 -0.322733492 -0.171958372 -0.498793036 -0.203814372
 371 1.60079040E-02 0.477930218 -1.57456350 -0.292834222
 372 -0.159371555 0.129808336 -0.501765668 1.26864350
 373 0.942358315 1.09458804 -0.357191920 -0.160777912
 374 -1.14507103 1.21639574 -0.244538516 -0.137337446
 375 0.405045211 0.563336670 -0.458722889 1.70017076
 376 8.38437825E-02 0.205683649 -0.116840631 -0.290596992
 377 0.871403635 0.828879058 0.457130194 1.30767488
 378 -0.925006866 0.674637675 0.182158574 -0.173725083
 379 0.678534150 -0.527182102 0.556659579 1.25858343
 380 1.66358316 1.47487497 -1.15704608 1.24771535
 381 -0.178170383 0.416077703 0.326346338 0.146201938
 382 0.477880239 0.296303779 -0.776218891 1.55312967
 383 -2.11503291 -1.02207232 1.11028373 1.42438757
 384 1.91899002 -1.39557910 -0.470971107 -0.224152774
 385 1.36195588 -0.581365049 -0.809264421 -1.64662278
 386 -0.285911441 0.413552821 -0.671016395 1.31622517
 387 0.731586695 -0.697569549 -0.413278669 -1.56128669
 388 -1.24188888 -0.447559893 0.665952325 -1.44181550
 389 0.792848408 0.840329170 -0.793504298 -0.322417170
 390 0.623693049 -1.47378981 -1.01223469 1.14694214
 391 1.00077093 0.368844122 -1.22407269 -0.364113063
 392 1.00321603 0.996924996 -0.639618456 -1.37363577
 393 1.20543504 -0.861481786 -0.688891470 1.13897622
 394 0.168658003 -0.495579541 -1.24586940 1.04869843
 395 -0.585712254 0.155809909 -0.570196390 -0.137368977
 396 0.127346113 0.409456253 -0.324832976 -0.327399790
 397 -0.708485126 0.977814913 -0.728449583 -2.17712474
 398 -6.42993301E-02 1.57692945 9.88483354E-02 -0.316264093
 399 -1.02384067 -1.17763019 -0.206567347 1.34857690
 400 -0.707748055 0.431784928 0.592947543 -7.12069869E-02
 401 -0.132357791 0.499903023 0.655046344 1.20136261
 402 1.34584999 0.514176548 -0.395182073 -1.70044518
 403 0.221385568 -0.481968492 -0.726427078 1.31190288
 404 0.961054623 0.700147331 -0.592144489 1.37873304
 405 -2.11006594 1.03924453 -4.69757915E-02 1.62473261
 406 2.05828643 -0.788665533 -0.805099428 -0.347928762
 407 -0.182867929 0.450394988 -0.334105939 1.40972495
 408 0.907105923 -1.19848943 -1.39857793 -8.94704759E-02
 409 -0.540773690 0.170903012 0.138507456 -0.278613925
 410 -0.390426219 -0.200981587 1.52515960 -0.256149352
 411 1.46638751 -0.326523066 -0.485956013 -8.16442668E-02
 412 1.14675128 -1.09779668 -1.18072116 1.68216205
 413 -0.398188323 0.181152657 0.616563022 1.25137687
 414 -0.344903290 0.492811710 0.531252503 1.30788779
 415 0.687163889 -0.257190675 8.44393820E-02 0.793626368
 416 -1.95219350 -2.27115154E-02 6.84941709E-02 0.921733737
 417 -0.666396141 -1.37048101 -1.39336300 0.911776304
 418 -0.341139555 0.273211271 0.176636517 1.13632381
 419 0.637948930 -0.114476576 -3.91093791E-02 -0.226451337
 420 1.03549278 1.67934549 0.395410985 -1.55184484
 421 0.552276969 4.68966886E-02 -0.937187850 -0.102410406
 422 -0.543177128 -1.29654258E-02 -3.77189517E-02 -1.96205139
 423 -1.33869624 1.29228437 -0.540550828 1.36816669
 424 1.00961733 1.72929811 0.523619592 -1.60213137
 425 1.92017245 1.50074387 2.48378366E-02 -0.326841384
 426 -0.147010505 1.12832510 -0.442417473 -1.62869763
 427 -0.126861066 0.389439434 -1.65756083 -1.69819307
 428 -0.786408782 0.805066645 -0.363229305 1.13612258
 429 1.90127552 1.14309084 -0.615086555 1.26498616
 430 1.21634555 1.22550261 0.423753142 1.21813345
 431 -0.567927837 0.123342648 -0.465469658 1.15377796
 432 2.05610943 0.956871331 6.96351007E-02 -1.50894701
 433 1.27318096 -0.890336990 0.417163968 1.32846761
 434 -0.103883505 -0.476625890 -0.803907514 -0.298740208
 435 0.522009194 1.05979228 -0.612534761 -0.627818346
 436 -1.13720822 0.445144653 -1.09291589 -1.66131109E-02
 437 0.125546172 0.591390908 -0.666279256 1.23819482
 438 -0.975139856 0.266101271 1.41826713 -7.08925128E-02
 439 1.27980208 -2.03658640E-02 -1.25022721 0.909348488
 440 1.26954174 -0.630220890 -1.64084363 1.19421768
 441 -0.905797482 0.142626137 -0.675292611 1.60858512
 442 -0.223804265 0.186125904 -0.838673353 -0.188833803
 443 -2.02217078 1.58381648E-03 -0.229036972 1.28473544
 444 8.75961334E-02 -0.612554073 -0.471474916 -0.457011461
 445 -0.487760574 0.606682003 -0.618363261 -0.309091121
 446 1.55828929 -1.30873215 -0.950819492 1.39700675
 447 0.955959022 0.333937913 -1.44722354 -0.432939321
 448 -0.231353059 -0.577491999 -0.377186775 -8.90249386E-02
 449 -9.22940075E-02 -1.12813556 -0.574224591 0.928781390
 450 0.137589976 0.878226638 -5.46895787E-02 1.40957165
 451 0.651983261 1.70631921 -0.453612804 -0.161719948
 452 -4.31413613E-02 9.85575020E-02 -0.680620790 -0.106066123
 453 1.11836934 0.211588845 0.259714127 -0.389480203
 454 0.429025620 -0.234871700 -0.852787018 1.30335331
 455 -0.496751964 0.634294271 0.677677870 1.45521438
 456 0.537945032 1.20320761 -1.60158658 -0.495690644
 457 0.911774099 0.286878049 1.68989711E-02 -0.235522330
 458 -4.14619930E-02 -0.123933375 -2.92746425E-02 1.00596499
 459 -0.686169744 0.105965465 0.386388898 -1.48845315
 460 2.08919263 1.76508832 -1.41449964 1.24090266
 461 -0.141392648 0.285774142 0.229936525 1.26784384
 462 -1.21414590 0.211136296 0.330877513 1.68452215
 463 0.728737652 -1.04344916 -0.625540257 0.955590010
 464 0.644479692 0.837151527 -0.275549471 0.823932946
 465 -0.303221524 0.637015522 -3.33127379E-02 1.20316100
 466 0.212512001 0.888117313 -9.78954285E-02 -0.178933322
 467 1.09998751 0.319297105 -1.36729836 -0.296297103
 468 0.916643620 1.30679548 2.46217996E-02 1.01202250
 469 -0.380883515 0.821714997 -0.944246471 -2.69448161E-02
 470 0.124148652 0.740575671 -0.247310594 0.134629697
 471 -1.56117713 -0.159832984 -1.32086670 -0.273981631
 472 -8.14186931E-02 0.287273765 1.32639372 -1.66421688
 473 1.95461750 -0.315472007 -1.02589118 1.29106736
 474 -1.01273906 0.574245930 -0.483579934 -0.238731638
 475 -8.87806267E-02 0.107224338 -1.02974427 -0.304231286
 476 -1.19035435 -1.43392310E-02 -0.514451683 -0.263021469
 477 0.848022580 1.71441364 -0.864620090 -1.66356158
 478 1.70125771 0.246827871 -0.204181194 -1.61875284
 479 -3.66069376E-03 -0.997735023 -0.863835871 1.28931761
 480 2.15786982 -1.15509641 -1.23042774 1.04398870
 481 1.83047140 0.852353930 6.96377158E-02 1.51487577
 482 -0.232237175 0.914129496 -2.76175812E-02 -0.441624701
 483 -1.06605315 -0.921912074 4.69953381E-03 0.896875381
 484 1.42780387 0.433268040 -1.19976902 -0.219246924
 485 -0.419898540 0.260353059 -0.218459204 -0.128405616
 486 -1.12788010 0.821269631 -0.215162978 1.66033697
 487 1.48685730 1.10122073 -1.37365377 1.03891993
 488 -0.648242831 -1.32258058 -0.646933675 -4.85581160E-02
 489 0.278965652 -0.453120947 -1.06443524 1.35764492
 490 0.691322803 0.250516415 -0.125438273 1.11556387
 491 0.213433385 0.722705662 -0.257740885 -1.35949004
 492 -1.08568060 -0.591493368 0.410874248 1.06075430
 493 -0.136639640 1.16007650 -0.101750471 0.175877243
 494 0.478594989 -2.87304446E-02 -0.725291133 1.04720914
 495 0.347438335 0.508516669 -0.813564897 -0.194379628
 496 0.998437107 0.104928017 -1.40213978 1.44790828
 497 0.329825312 2.24724817 -0.630132914 1.11646342
 498 0.890970409 -0.271375805 -3.16734612E-02 1.38188183
 499 -0.170584291 -0.496193916 -0.410568118 0.912116170
 500 -0.320839286 -0.318008870 -0.550359488 -1.40227711
 501 1.13782436E-02 0.489460886 -1.15005302 0.993405044
 502 -0.469212860 0.553309977 -0.629679322 -1.75943816
 503 -0.733731627 -2.94050276E-02 -1.07554603 -0.241839930
 504 1.31646848 1.78512979 -0.298539132 1.36086249
 505 0.976781428 -0.289629936 -0.215308368 1.03186214
 506 0.688724041 0.298357964 -0.787575960 1.54197192
 507 0.580971360 0.360842049 -0.844761610 0.169593304
 508 0.406844020 -0.601132274 0.298320442 1.20677805
 509 0.408717155 0.980311990 -8.61285627E-03 -2.79164165E-02
 510 -0.465332150 -0.153345063 -3.19572985E-02 1.30912507
 511 1.28654790 -0.676651299 0.694196582 -0.245262384
 512 -1.61029041 -1.92189252 0.334156454 -8.62256587E-02
 513 1.61609745 0.937810004 0.241559163 1.40140963
 514 0.846528530 0.354426622 -0.134303018 -0.292181343
 515 0.852828205 -1.01736832 0.356872499 -0.453305542
 516 -0.523359239 0.378236830 -8.73583704E-02 -4.71824035E-02
 517 0.673421323 -0.561247468 -0.550062478 6.59291744E-02
 518 -9.23206732E-02 1.12549877 -0.497220516 -0.155474916
 519 -6.60058260E-02 -0.219821870 -1.38542950E-02 1.48372602
 520 1.70408654 0.606998801 0.214782894 -1.55820549
 521 -0.882188499 0.803374410 0.293925822 -1.80454731
 522 -1.08197677 1.08656704 0.445261240 1.10283518
 523 1.76658607 -0.252436757 -0.702861071 -0.383133709
 524 0.413139403 0.589635015 -0.930906773 -0.250213355
 525 0.343349755 -0.472029418 0.280718744 -0.316030949
 526 0.394244999 -1.06625605 -0.294231534 -0.243038565
 527 0.211122289 1.66029954 -0.679699361 -0.262459010
 528 2.40230203 1.01789856 -0.410549670 -0.322624773
 529 1.39123392 1.34329033 -0.274308115 -0.301450491
 530 0.512143493 1.10005248 -0.446382105 1.12154377
 531 -1.15951192 -6.74710870E-02 -0.963412702 -2.15797973
 532 -1.59435511 2.47285628 -0.964893758 -0.186834633
 533 -1.95670021 0.698668122 -0.371683836 1.15357244
 534 -0.264088452 -1.36742485 -0.415241420 2.97815502E-02
 535 1.06393921 0.419228077 0.393705070 0.100356221
 536 -1.23679745 -0.381547064 -1.27358413 -2.82825679E-02
 537 0.402126849 0.396317244 -8.99321586E-03 1.37742603
 538 0.309797078 0.217933491 -0.554396927 1.22856820
 539 0.799773812 -4.12068069E-02 -0.567286074 -0.369447291
 540 -1.43349254 -1.58310473 1.10257518 -0.230774477
 541 4.71926630E-02 -1.91922164 -0.337710470 -0.156928301
 542 0.239826053 0.222540796 9.82599035E-02 -0.108653322
 543 -1.84097302 2.33827922E-02 -0.347386569 -0.501683593
 544 -0.319047481 -0.571322441 -1.06051505 -0.404503107
 545 -0.534890711 1.73789728E-02 -0.502825141 1.80818641
 546 0.262257874 -0.616705060 -1.07503390 1.10433018
 547 -0.342390388 -0.233134061 3.99532914E-03 1.29281580E-02
 548 0.906831324 -0.573987007 -1.01878166 -3.94668952E-02
 549 -0.900411963 -1.78034806 -0.224014401 -0.222684681
 550 0.305381805 0.151327297 1.74667537E-02 0.132144958
 551 -0.227322191 0.385267884 -0.809381187 -1.68315160
 552 -0.147231460 0.899688244 -0.120300099 -0.109416604
 553 -0.205845758 -0.711789012 -0.870921373 1.37221479
 554 -1.03151608 -0.461081535 0.623160005 -8.54114145E-02
 555 0.422675341 0.416677296 -1.36272335 -1.65701962
 556 -0.781725109 -0.316762060 -0.580031157 1.29196429
 557 0.344250858 0.406134844 -0.165151179 -1.62493193
 558 -0.205005676 0.746322036 -0.882712901 -0.301752776
 559 -0.488663316 0.725124002 -0.303841263 -1.83817530
 560 7.51764476E-02 7.80922920E-03 -0.120286934 -0.216664195
 561 -0.959896147 -5.15392423E-02 -0.223549172 -0.110753439
 562 0.964563966 -0.215081230 -0.888192117 1.63199615
 563 -0.520148873 -0.876608074 -0.226357222 -0.165483400
 564 1.59219468 3.79225910E-02 -0.133913085 1.53000653E-02
 565 -0.634389997 -4.56853807E-02 -0.297541142 1.72980809
 566 -0.883728385 1.90391159 -0.759124577 0.971363902
 567 0.433303237 0.828894675 -1.18508279 -1.63469994
 568 0.320211381 3.28389406E-02 0.332775533 1.13728678
 569 -1.71759558 0.237520188 -0.434347689 -0.685840964
 570 2.14271808 -0.593521416 -1.31095886 -0.302374631
 571 1.99802804 0.923607230 -1.49547482 -0.181885526
 572 -0.799669266 -0.682153881 0.299489051 2.07314044E-02
 573 0.644017220 -0.264191926 -0.875562668 1.01723135
 574 1.21193218 1.38077009 0.492045343 1.74092960
 575 -1.20863748 -0.471269131 0.713252962 -0.481614977
 576 0.742052794 -0.939126372 -5.86017817E-02 -0.216144308
 577 -0.815433979 -0.733045340 0.399411917 1.18077457
 578 -0.120998025 -0.917314410 -6.29887879E-02 -0.188040912
 579 0.441918194 0.385390401 -0.333154231 1.43340898
 580 0.376997709 -0.558833599 5.22588491E-02 1.36310422
 581 1.31597161 0.345579684 -0.235805258 -0.358777136
 582 0.914814293 -0.560411453 -0.228921294 1.19310796
 583 0.176516682 0.371609479 0.293394923 -0.216347381
 584 3.43614817E-02 -0.168136314 -0.318868488 -8.35815817E-02
 585 4.77860384E-02 0.251975745 -0.820172250 -0.258155972
 586 -0.521644592 -0.415664196 0.748196542 0.115690172
 587 1.67920876 -0.956848919 -5.33888042E-02 -0.170428365
 588 -0.416507810 0.507071197 -1.31185055E-02 1.67336559
 589 1.34620571 0.979580641 0.366922319 -1.02580488
 590 0.168315455 -0.478436977 -0.457119167 -2.45304555E-02
 591 0.922063887 0.259002894 -0.766211033 -0.467913389
 592 0.663800836 -1.45236552 -0.407946289 -0.363883018
 593 0.895556092 -9.31379199E-02 -1.38263702E-02 -8.35135281E-02
 594 0.814935565 -0.227841377 -4.05678302E-02 1.37009573
 595 -0.814011991 1.46525371 -0.748206079 -1.82951260
 596 -0.436629266 0.333191574 -0.554282486 0.867304444
 597 7.57586509E-02 0.426860064 0.940710187 -0.325708091
 598 0.400691241 -1.61945474 0.448290855 1.85567212
 599 1.43430030 0.280866206 0.290439427 -0.228853211
 600 -6.98961318E-02 -0.739989519 -1.01043892 1.15064478
 601 -0.912682772 1.15824795 -0.455321968 -0.853210449
 602 -7.67961293E-02 -0.349189967 -0.891469121 0.103340447
 603 0.684011459 -1.13705248E-02 0.209391251 0.998773456
 604 0.539142966 1.36310410 -0.666392505 -0.242242366
 605 3.27976495E-02 -0.705619276 -1.23466194 1.15465331
 606 0.906349421 2.09418559 -0.198667198 -1.30766356
 607 -0.911401987 -0.541594982 -0.350762069 1.10219085
 608 -1.93076515 -1.03097427 2.17690021E-02 -2.01796532
 609 -0.868014514 -1.84466314 1.53760719 -1.54526091
 610 0.686990261 -0.655885994 -9.67216864E-02 1.35559320
 611 0.883320630 0.266344756 0.364181906 1.23310852
 612 -1.83544660 -3.97374481E-02 -1.51017833 -0.431724697
 613 -0.309704006 1.10137236 3.54948044E-02 -0.613078356
 614 -0.264852643 0.487439275 -1.79537833 -1.69689608
 615 4.71298322E-02 1.42760444 0.704798698 1.26925552
 616 0.183327496 0.197916463 -1.14052880 4.53713536E-03
 617 6.51821792E-02 0.225449964 1.95783749E-02 -1.39572895
 618 0.988287687 0.284204274 0.313751429 1.23631227
 619 -0.731119156 -0.470716715 -1.18063450 0.743272305
 620 -0.160713285 -0.406193018 0.194311216 1.41876614
 621 0.662741244 -0.250006676 -0.711567283 -0.388558298
 622 -0.103786185 -0.189087749 -0.658553302 1.68951416
 623 0.957535982 5.10684922E-02 0.101039499 -0.441055417
 624 0.776960015 -0.606032014 0.671978295 -5.28546274E-02
 625 1.74215031 0.937868893 -0.147935212 0.714251995
 626 -8.20928663E-02 -1.06612170 -0.665987015 1.05204511
 627 -3.68396230E-02 -0.204339027 -0.332110554 0.730486393
 628 -0.515887856 0.262723148 -0.645848989 -3.92365903E-02
 629 0.256375790 0.919581652 -1.13180196 -1.75387657
 630 0.649725854 1.47614837 -1.38965416 -0.184544608
 631 0.366995037 -0.439819068 -0.158303797 1.49450684
 632 0.110795610 0.762701511 -0.643923938 -1.20613611
 633 1.02086520 0.118683949 -0.211400032 -0.592676640
 634 0.257499158 -0.402285844 -0.371690392 -0.183515415
 635 0.488224417 1.45129478 -0.193354741 -0.660395980
 636 1.38507187E-02 -0.529178500 -7.65829384E-02 -0.299562871
 637 0.631598532 -0.332989782 -0.313160032 1.00596392
 638 0.932978690 0.320129216 1.31303787 -0.231180251
 639 0.816958785 0.196871981 3.59529778E-02 1.44499910
 640 0.684200883 0.286447406 -9.74873081E-03 0.947549224
 641 1.32070518 -0.526283979 -0.388867706 -0.597083449
 642 1.09199953 0.201540887 -0.677887201 6.32584095E-03
 643 0.323213190 0.920308948 -0.880664706 -1.76946402
 644 0.725886941 -0.189913779 -0.845104158 -0.162755042
 645 1.28581405 -0.225051790 0.242342651 1.55649233
 646 1.43562114 -2.83235237E-02 -0.891014040 -0.353387624
 647 9.86524373E-02 1.74874079 0.467324466 -0.357756555
 648 0.647909403 0.744710863 -7.48706609E-03 -0.276255339
 649 -1.37335563 0.415202498 9.58405510E-02 -0.436656356
 650 0.409027606 0.439868778 0.137129292 0.373095542
 651 0.476276696 -0.293816507 0.785933077 -0.578485370
 652 -0.288538575 0.928858221 3.02548371E-02 1.04364169
 653 0.668054760 1.39935136 8.73700529E-02 4.75536287E-03
 654 -1.32077515 0.816422164 -0.676588595 -1.96190715
 655 -0.332123846 0.362920642 -1.09567106 -0.149428189
 656 -0.345385551 -0.400335580 -0.348200858 -1.47226083
 657 -0.207122758 -4.97579426E-02 0.650204539 1.48614573
 658 -1.49720716 -0.165951848 -1.41254580 0.171424717
 659 -0.992915273 3.16893905E-02 -0.405109704 7.25684762E-02
 660 1.69417262E-02 -0.602992058 0.589373112 -1.86012411
 661 0.552149892 1.66748297 -1.02440763 -0.353833169
 662 0.307817250 0.547103703 1.35265207 0.981299758
 663 9.67719257E-02 -0.472745717 -1.00479710 -0.140956551
 664 -1.50946283 1.17300773 -0.340308636 -0.313548595
 665 -0.346969098 1.38942504 0.360197753 -1.29055262
 666 0.531769753 1.96866846 -1.05342007 0.120763838
 667 0.366212785 3.94631624E-02 -0.272241861 -3.37067693E-02
 668 -1.08736980 4.92949300E-02 -0.715592504 -0.430032611
 669 -0.663219273 -0.708199561 0.540026367 -1.18594480
 670 2.95444632 0.863394558 -1.59352708 -9.61010307E-02
 671 -1.35590923 0.371888429 0.189467251 1.31687534
 672 2.50131607 -0.458300591 -0.118180148 1.15174925
 673 0.569063127 5.29832691E-02 -1.67849863 -1.83317232
 674 -0.168960944 8.45186487E-02 0.597019076 -1.68457735
 675 1.45923138 0.433113575 0.677714109 -1.59655809
 676 -3.68334800E-02 -1.60827363 1.41492859E-02 1.40964234
 677 -0.167632341 -1.31663716 -0.519521832 -1.73439670
 678 1.31747532 -0.212399423 -0.827456772 -5.99677935E-02
 679 0.256033391 -1.24335372 -0.502111733 -7.84659460E-02
 680 0.361730546 1.18747044 -0.570333242 -0.389798105
 681 -0.157179266 0.512961507 -0.764850020 -4.02570069E-02
 682 4.14414033E-02 -0.144872680 0.514094770 0.119178653
 683 0.679521799 0.367661417 -1.00778008 -0.195044547
 684 -1.34251082 -0.354109883 -0.409499347 0.674937963
 685 -0.123591490 0.291196913 0.840217769 -0.212340862
 686 0.398458511 -0.501676083 -0.424009562 -0.145993650
 687 -0.590741277 0.889003754 0.624505937 -0.620806336
 688 -0.226620048 -0.378951609 -0.601759434 -0.197912097
 689 -0.612653494 -0.431409478 0.250866622 1.24572504
 690 0.930260658 0.697256088 -0.290897965 1.13190830
 691 1.02158833 -0.702915251 0.697371244 -2.12227416
 692 0.448867112 0.749231935 -0.128863975 1.51959515
 693 0.569674909 1.51725078 -0.108811781 1.39180422
 694 0.523865044 0.405453146 -0.908712864 -7.57988468E-02
 695 -0.101474926 4.86769676E-02 -0.112250775 -0.500288188
 696 -0.211161375 -0.300894052 -2.00168061 1.26700294
 697 -2.07302332 0.890143514 0.369741380 1.20674038
 698 -0.434141845 0.741310596 0.385196090 -1.27201128
 699 -0.943726182 -5.81647232E-02 0.556685209 -3.31321806E-02
 700 -0.844989657 -0.103222847 -9.28622633E-02 -1.53464067
 701 1.66156185 -0.436668456 -1.67057633 1.10417688
 702 -0.671459258 -2.41641855 -0.627239347 1.30053568
 703 1.24401462 1.18629706 -0.511023998 1.32008767
 704 0.396015763 0.525581300 -7.35837966E-03 -1.99467254
 705 0.285857141 0.928620696 0.575096905 -0.488368869
 706 -0.115754284 -2.00770497E-02 0.268786252 -0.305336118
 707 -0.198496222 -0.454389036 -0.392936409 1.26318085
 708 0.400055707 -0.331075191 -0.436526477 -0.332977295
 709 0.212814748 1.26721048 6.26041368E-02 -2.83668935E-02
 710 -0.817155063 1.23180294 0.429080546 -0.381743073
 711 -0.723445654 -0.855351567 0.935924590 -5.88994920E-02
 712 0.166639999 1.45845032 -1.32017720 -0.786079645
 713 -0.280526876 0.450651288 -0.391898125 -0.636788726
 714 1.71264815 0.449312270 0.180620775 -1.55911756
 715 -0.676314831 0.359082967 0.331747353 -1.82191932
 716 0.315058082 0.679175079 -0.415645778 0.774698853
 717 -0.675473034 -1.15990639 0.551815569 1.36464548
 718 -7.99234882E-02 5.28841317E-02 0.863096476 1.28940749
 719 6.50595725E-02 -0.377851993 -1.75189233 -0.118596390
 720 -0.621198356 0.673002243 0.118223377 1.40017688
 721 -0.975030661 -0.135426983 -0.630423188 5.18859327E-02
 722 -0.796311975 1.24872727E-02 0.403074324 -2.06019616
 723 -0.159816384 0.233066767 0.435818970 1.22778630
 724 -0.333684355 0.853425980 -0.206356198 1.46912062
 725 -0.283878863 0.859397411 0.175018460 -0.307246625
 726 -0.276517808 0.617933154 0.354007691 1.10349619
 727 0.855869472 0.323841274 -0.676042259 1.09875894
 728 2.91198969 -5.47930300E-02 -0.498301834 1.11178291
 729 1.58602202 -0.143430963 -0.940306902 5.86225688E-02
 730 0.680681348 -2.52883285E-02 0.626558721 -1.55724883
 731 1.30819619 -0.445726722 -0.511783600 1.22129643
 732 -0.195987374 0.349110782 1.48752108E-02 -0.372510731
 733 3.81657630E-02 0.328809440 -5.79012632E-02 -0.499647677
 734 0.214161217 1.46831536 -0.908835590 0.996172130
 735 0.749537826 -1.22106242 -0.519940853 1.16168988
 736 0.703801692 0.611495912 -1.25690436 1.17096472
 737 -0.374552846 1.28575623 -1.10076535 0.801435649
 738 -7.74507746E-02 0.940113068 -0.701064408 1.09744918
 739 0.210000396 1.69715405 0.400182605 -0.124648675
 740 -1.59784734 0.653001547 0.280272424 -1.50374341
 741 -0.491237462 0.506323159 -0.441306472 -1.34605318E-02
 742 -0.834404707 -0.378441125 0.369313926 1.21142566
 743 -0.786789298 1.08852708 9.94906574E-02 1.12203693
 744 -0.431150138 -0.254576683 -0.158851013 -1.53654957
 745 1.23348761 0.408203453 7.60283694E-02 -1.54972184
 746 -0.655709743 0.346499860 -0.513900936 -1.55345893
 747 0.441902131 -2.44525149E-02 0.271923393 1.17232382
 748 -0.636872411 -0.781113267 -0.347118944 -1.65144551
 749 1.13916147 1.61839533 -1.40167391 -1.77268839
 750 -1.24579608 -0.450197518 0.347312033 -0.334888399
 751 -0.995612860 0.457749695 5.70273697E-02 -1.78726006
 752 -0.104276583 0.435398251 0.413610697 1.63402689
 753 0.449970961 0.558598876 -1.18902576 -0.669855475
 754 -0.912366509 0.503069043 -1.92704260 1.27135837
 755 -0.537506878 0.793440580 -0.405504167 1.25017154
 756 1.57424438 1.57317030 -0.636463821 -1.92015398
 757 1.20974874 -0.577280641 -7.60140270E-02 -0.130045101
 758 0.545719385 -2.89674699E-02 1.55169606 1.07670939
 759 -0.962036252 7.04213679E-02 -0.151270315 1.28762901
 760 -0.339266837 -0.794905901 -0.117058165 -1.64572883
 761 0.795898080 0.924940586 -1.38591385 -0.734581828
 762 1.98090255 0.182914704 0.775913715 0.198802829
 763 0.321056098 1.64973974 -0.178051546 -2.00964022
 764 -1.31720746 0.402634501 -0.332049847 -1.77872026
 765 -1.13328040 1.55228376E-03 -0.212796122 -1.59293664
 766 -0.947138667 1.35432982 -0.367012620 -0.334340155
 767 0.610772789 1.20522034 4.00106013E-02 0.152513653
 768 0.270507216 0.122595213 -0.101239614 1.18571794
 769 -2.17360711 1.36988556 -0.116294071 -1.65723276
 770 -0.594227016 -0.295030266 -0.877582848 -0.107447334
 771 -1.29826808 0.726876676 -0.286320925 -5.36687300E-02
 772 0.508236885 -0.163553029 -0.215060398 0.172284156
 773 0.248682752 2.63835825E-02 -0.363174081 -2.83643901E-02
 774 -0.704891622 0.978056848 -0.571969807 -0.386991650
 775 -0.324147105 0.229581922 -1.06205940 1.33608675
 776 -0.635352314 -2.96178833E-02 -0.318952292 0.940201879
 777 0.447792917 0.357543319 -1.02088526E-02 0.886642098
 778 2.78370529E-02 1.70123255 -0.665900350 -0.565083802
 779 -1.57629466 8.13585669E-02 0.185820937 -0.261687994
 780 0.861005545 0.720448554 -1.32211435 0.299208373
 781 0.140191585 1.02367473 0.147024617 -0.418287009
 782 -0.289695144 0.838349402 -1.19462800 -0.290686160
 783 0.467485845 0.404927254 0.335125566 -0.467935473
 784 -1.20469785 0.825121582 -0.151721284 0.976607740
 785 1.51177979 1.82444453 -9.38187912E-02 -1.84625053
 786 0.682503998 0.137885988 0.143798083 -0.216088191
 787 -0.406700432 -7.90024996E-02 -0.559508085 1.32873118
 788 2.08006883 -0.384973943 -1.05806959 1.15165114
 789 0.915456235 0.229907095 0.666569710 1.05902994
 790 -0.184847683 1.20336175 0.649848104 -0.498697817
 791 -1.01271760 0.550968468 -0.490294069 -1.99907839
 792 0.223207772 0.845334053 -1.19835317 0.955554843
 793 0.462435633 0.739555061 0.644858658 0.133545399
 794 -0.557549179 7.64573961E-02 0.369026423 -3.74651700E-02
 795 0.557306588 0.311733603 -0.397696406 -1.37261391
 796 0.985054076 6.11625537E-02 0.862416565 -1.41901731
 797 0.427487671 1.10106683 0.611648321 -1.51645637
 798 0.878909290 -0.536224186 9.51939225E-02 4.38977778E-03
 799 -0.116619930 -0.152234674 -1.05870211 -1.74050033
 800 -0.474734753 0.966399491 0.373660952 -8.74789059E-03
 801 -1.55286217 1.34624064 -1.42635512 -0.333804131
 802 0.360019803 -0.139316261 1.02531886 -0.164444998
 803 -1.22864950 0.924591899 0.873011887 1.21905410
 804 0.654882312 -0.576909423 -0.269304186 -0.440535158
 805 1.33372891 -0.788323879 -3.41999233E-02 4.55448329E-02
 806 1.51737642 0.310437590 -1.58158910 -0.118606947
 807 0.704089463 0.483447492 -0.158576801 -0.226202458
 808 1.72168112 0.748947501 -1.34833193 1.09588277
 809 1.31553042 -4.61662747E-02 -6.37508482E-02 3.12423110E-02
 810 -1.20255423 0.819929481 -1.14139938 -0.269169599
 811 -1.52715838 0.458219439 -0.155229017 -1.61183572
 812 1.77096999 1.13411987 -0.490273237 -1.81966591
 813 1.06392181 -0.358322799 -0.958762884 1.45604038
 814 0.120178267 -0.862520754 -0.497818828 1.28590584
 815 1.57337976 -0.476890415 -0.248233110 1.29987812
 816 -0.985959649 2.12075114 -1.24469519 -0.375087082
 817 0.834595144 -0.138466075 -0.276907742 1.40857399
 818 -0.746876836 8.82316455E-02 -0.988222837 1.60118175
 819 -1.67770910 0.683096886 -0.755357504 -2.00744319
 820 -1.13347423 0.103609659 -0.300949693 -0.404020548
 821 -0.324648529 -0.723499537 0.919076145 -1.56250370
 822 -0.716111958 -0.765322447 0.184918612 -0.593331397
 823 -0.185657620 1.53199816 0.483740658 1.32140362
 824 -0.786914825 0.337253809 -0.253826678 -0.292809993
 825 1.69959128 -0.343361080 -0.546120644 1.15943444
 826 -0.627861917 -1.14502764 -0.145499766 0.479170740
 827 -0.691928267 -0.274839193 -1.32584774 1.20445740
 828 -1.37787318 -2.13384032E-02 -0.693190634 -0.741228938
 829 1.17892051 0.285426915 -1.05423808 -0.454435706
 830 -0.117565483 1.02181005 -1.42342269 1.39377820
 831 0.319150060 0.470337689 -0.629369915 -0.187278822
 832 0.430686772 1.14417481 7.13282526E-02 -1.85604072
 833 0.127227902 0.498512894 -1.61552024 1.65231621
 834 0.607884347 0.484045744 0.522127509 -0.250008941
 835 1.13261414 0.300277233 -1.74249518 1.21809316
 836 0.637263834 -1.07471108 0.330011487 -0.585051000
 837 1.28936851 -0.631045163 -0.388194531 1.43113148
 838 1.45818222 0.560698211 -6.06560111E-02 1.57185912
 839 1.04227066 -5.94771802E-02 0.377673745 1.13400078
 840 -0.612044632 0.269985914 -1.10849369 -0.750060439
 841 0.696905971 0.559212089 -1.19284260 1.55649030
 842 2.57965922E-02 -0.399075121 0.415371925 -1.10989690
 843 -8.70501697E-02 1.21570396 -1.08509326 -0.513894439
 844 -0.326917470 0.196273148 0.214616269 -0.432696760
 845 2.45054078 -0.169286504 -1.30931461 -3.22331488E-03
 846 0.255947769 0.976694703 0.450294405 -0.137835637
 847 1.28800941 0.449548364 -0.214207292 -1.24690318
 848 -0.162314326 -0.489013582 -0.675853729 -1.29999161
 849 -0.825211942 5.88094220E-02 -0.164149687 -0.535362840
 850 2.46978211 -0.534272790 0.857611120 -0.368532181
 851 0.815363169 0.435288042 -1.17604887 -1.47333169
 852 0.127318472 -1.91090703E-02 0.913084269 -1.72048926
 853 0.988820076 0.366742224 -0.127026483 -7.94741958E-02
 854 0.385672271 0.408189535 0.285337567 -0.524825096
 855 -0.532611191 -5.66485524E-03 -0.853278697 -0.246394813
 856 -0.848853111 0.569170535 -3.30414325E-02 -1.57201517
 857 0.442051232 0.158287406 6.50162846E-02 -0.502561092
 858 -1.61664677 0.466868341 -0.149276122 1.47682619
 859 7.64833838E-02 -0.668993592 0.542825341 -0.238953531
 860 -1.34982026 -0.744822562 -1.08074641 -1.60728037
 861 0.397362888 9.14482772E-02 0.489865303 1.34777200
 862 0.769726634 0.810557663 -0.250150561 1.46673310
 863 -0.189963713 0.248578325 0.197914273 1.19231522
 864 0.956383348 -1.13094676 -1.55484283 1.03672361
 865 2.79562092 0.982740045 -0.593768120 1.63846087
 866 -1.34434831 1.06545913 -9.93605629E-02 -0.262830913
 867 -0.441108048 0.533894300 -0.462179482 6.62544072E-02
 868 -0.904745102 0.126422226 -1.92486644 -1.47682190
 869 -0.803972661 -5.13810255E-02 -0.659839451 0.944527030
 870 -0.628637314 5.51591963E-02 -0.125495493 -0.498976946
 871 -6.68134838E-02 -1.09176862 0.857611179 1.32167757
 872 -1.03076422 -1.00407505 0.348340452 -0.334636807
 873 2.25151293E-02 0.667885959 -0.497832507 -1.81876171
 874 0.903328359 0.349973321 -1.15331686 -0.559701502
 875 1.88744080 0.944472313 -0.159456909 -0.475326508
 876 1.19852722 1.28401041 -0.654774606 -6.41760230E-02
 877 0.347029746 -0.188099146 -0.560031354 1.01299500
 878 -0.331615806 1.58148170 -0.284541190 -0.173162982
 879 1.14966857 1.84302676 -0.412278831 -0.108463898
 880 1.55120933 1.42113364 0.274172246 1.22322512
 881 -2.34913516 -2.74657869 -9.76868793E-02 1.24058735
 882 -1.38502419 -0.863361835 0.613695920 -1.64408612
 883 0.452102840 -0.765848994 -0.255357683 -3.71325016E-02
 884 0.767041862 -0.363111913 -0.337664127 1.15379870
 885 -1.07417750 0.293114066 -0.441455305 -1.46366370
 886 -1.10142148 0.826357126 0.663225889 -0.407160223
 887 -0.188283578 -0.435502648 -1.29819977 -0.433305889
 888 0.443864197 0.125739932 -0.413503826 -1.70321584
 889 -0.404370427 0.439489186 7.06528723E-02 -1.78108549
 890 0.905550480 1.25112057 0.233154863 -5.61541542E-02
 891 1.25318825 -4.12765145E-03 -1.19298315 -1.47372377
 892 -0.983447969 0.482745588 -0.355228186 1.40379500
 893 0.226993322 -0.360645831 -1.66795695 -0.217217356
 894 -1.41115561E-02 -0.227460712 -0.424981505 0.386394799
 895 -0.539333105 1.26366234 -0.178747326 -0.559050202
 896 -1.37891769 0.454337925 0.414910674 -1.68832839
 897 1.24825656 0.799923003 -0.528344035 -0.580781698
 898 0.688741922 -0.642266750 -0.746504724 -0.546150804
 899 -8.10094476E-02 -0.791267335 -1.62284374 1.05895925
 900 0.972879887 -0.863305449 1.11690915 -0.203737363
 901 0.177683592 6.49667978E-02 -0.970772386 -0.370057076
 902 1.38855147 0.948037982 -0.264309704 0.964590549
 903 -2.40805205E-02 0.616600811 -0.135686442 -0.101698242
 904 2.65260148 0.492293358 -0.275679618 6.69550896E-03
 905 1.84325039 0.840785027 -0.452526867 1.14522207
 906 0.564704120 0.945130229 1.75353968 -0.332714379
 907 0.224975318 1.10915852 0.511074007 -1.88617051
 908 1.04792058 -1.79184228E-02 0.100710511 1.32994568
 909 2.42050576 0.720006764 0.802363575 -0.649551153
 910 0.119555891 -1.48126531 -0.791408658 -1.89597797
 911 2.41181326 1.02230549 -6.19772784E-02 1.28184283
 912 2.09278154 2.09475279 -0.481942713 -1.69946444
 913 -0.206516355 0.619812131 1.10263765 -4.04443368E-02
 914 1.57331276 1.06456506 0.349927753 -0.196958765
 915 -1.66404593 0.862586617 -0.167598188 -0.271664619
 916 1.90797806 0.699709654 -0.944519877 -1.84047031
 917 1.09853721 0.925906658 0.994026184 1.63725019E-02
 918 -0.708944142 -0.212486550 -0.336560726 -0.429368377
 919 1.36518741 0.770812035 -0.840912640 1.52075613
 920 -0.142066538 0.773985505 -0.140099615 -1.17053688E-02
 921 0.585641623 -1.06852090 -0.810554385 -1.52375460
 922 0.712572515 1.03958082 0.169485971 -0.472210228
 923 1.12609756 1.77476084 -0.465500772 -0.324827999
 924 0.960812688 0.130210936 -0.365113854 -8.32622200E-02
 925 1.09088767 -1.11610043 -0.714594066 -1.58809161
 926 0.191962346 0.371013284 -0.123298943 -0.122856751
 927 1.04270267 0.608726025 -0.611261845 -0.268349320
 928 -1.27261841 -0.781976283 -0.624744415 1.15554237
 929 0.117337279 0.510907352 1.07752752 -1.75681639
 930 1.53682244 -0.462507367 -0.397210628 3.95112038E-02
 931 -6.93613291E-02 -3.51949483E-02 8.34318772E-02 -1.17215872
 932 -0.570808709 1.08213842 -0.792923927 -0.157775342
 933 -0.537360430 -0.623146653 -0.331930876 -0.154963285
 934 9.97634381E-02 -0.275065035 -1.13719833 -1.51614261
 935 0.247483641 -1.46511197E-03 0.379011482 -0.103774451
 936 -0.482076764 -0.127939209 0.314239115 -0.571612298
 937 0.957106531 -1.16298246 -0.945320368 -2.64632851E-02
 938 -0.808147132 1.32562840 -0.714512289 1.18545413
 939 2.95368731E-02 0.139275476 -0.755417585 -0.226677656
 940 -0.531975031 -0.751909554 -1.18978643 1.05573356
 941 -0.250430524 -1.51293838 -0.973968983 0.122462392
 942 0.864864886 -0.248335540 1.53774214 -0.454847276
 943 1.76147008 -0.132770494 -0.638621688 1.28439450
 944 0.227187276 -0.753556132 0.294911802 0.928182125
 945 0.153166205 0.203162909 -6.09425604E-02 -0.345008820
 946 1.34312201 -0.918574870 0.874404907 0.986803174
 947 3.08358967E-02 -0.268616974 -0.493798792 -0.487791657
 948 1.18275702 0.506930351 0.290977597 -0.162670925
 949 0.733707905 0.887115717 -0.479119807 1.22838366
 950 2.42741013 0.283640295 -0.892635405 -0.231242537
 951 2.12484145 -0.198103666 0.854834318 1.50555706
 952 -1.91399646 -1.76669514 -0.374981284 9.11964774E-02
 953 1.78058434 -0.391133487 0.378342509 0.104965299
 954 1.36461198 0.444768548 -0.747631371 -0.217771471
 955 1.97723281 -0.995371819 -4.93440405E-02 1.11229730
 956 -0.321187645 -0.185015172 -0.415460289 -0.210443333
 957 0.227480784 0.434348911 -0.870473027 -0.456850648
 958 1.01944077 2.78125703E-02 -0.859087467 -0.275077254
 959 1.11644483 0.349709779 -0.509825945 -0.237853587
 960 -0.543540597 0.959658146 0.804458618 3.96270454E-02
 961 -7.97384977E-02 1.20976675 -0.886570811 1.16273320
 962 -0.558648467 1.09129715 -0.767389476 1.44739604
 963 1.08959305 -0.788637459 -0.552881300 1.13916051
 964 0.622018635 0.427232504 3.20987552E-02 -0.474851876
 965 -0.339478493 -0.498997241 0.578330457 1.16384578
 966 -9.39878374E-02 0.680162489 0.763308108 -0.507711172
 967 -0.128410518 1.22510418E-02 -0.441729635 -0.379345953
 968 -0.567368805 1.46303904 -0.186417833 -1.85345745
 969 0.600165606 0.853240132 -1.14158595 0.447110862
 970 -0.875194967 0.146274611 9.29464698E-02 1.84587985E-02
 971 -1.14450788 0.339452684 -0.689783454 -1.43100750
 972 -1.29385495 -0.117579147 -1.31992912 -0.230154619
 973 1.05633175 0.224737465 -1.42733765 -0.169533268
 974 0.393493533 1.07903028 -0.638793230 -0.207570508
 975 1.30110991 -4.00833189E-02 -0.190125644 1.04293078E-02
 976 -0.997975111 0.108454525 -0.214619473 1.05319357
 977 -3.27086598E-02 6.97231591E-02 1.20433640 -0.218873575
 978 -1.50197601 0.185354665 -4.73365188E-02 -0.609604359
 979 0.626622021 0.543933809 -0.975777864 -1.62366283
 980 -0.495383054 -6.25090823E-02 0.688853800 -1.54879010
 981 -0.379287720 -0.516342998 -0.495039016 4.78903353E-02
 982 -1.14289045 -0.162508339 -0.501982689 0.229737669
 983 -0.326100081 0.568482816 1.49444294 1.11777318
 984 3.36492610 1.64678991 -0.624757588 0.851334035
 985 -0.235319942 -3.01846117E-03 0.476705670 -1.62370074
 986 0.917497754 1.00433576 -2.70582512E-02 1.23672223
 987 -1.25733280 0.348567307 -0.520700514 0.284153908
 988 1.65900922 0.146158412 0.477896094 -1.32377791
 989 0.689992070 1.23888063 0.606386423 1.27336752
 990 -1.59159315 -6.69063330E-02 -0.119840056 1.12870860
 991 1.39531374 0.734083652 0.136787608 -8.31014812E-02
 992 -0.793038607 1.11389589 -0.861072659 0.922618151
 993 1.29945397 0.716759562 -0.399984658 1.67537403
 994 -0.428123415 0.212318152 0.292885602 1.29973733
 995 0.855513990 3.32236588E-02 1.34627378 -1.45997715
 996 1.94497204 1.00319743 -0.669435382 -0.222891167
 997 0.972102463 -1.01671576 1.12152874 -1.83728611
 998 -1.36542797 -0.717505813 0.922975481 -1.85992622
 999 0.124788262 0.142754525 0.396399587 -1.35712481
 1000 -0.442404866 0.114279516 -1.27790082 -0.491499484
 1001 -0.292184532 0.695406199 -0.430935383 -1.67538548
 1002 -0.207555369 -1.15625238 -1.11761534 1.02796781
 1003 -0.860671997 -8.64124522E-02 -0.158220753 1.09806561
 1004 8.16494226E-02 -2.23646760E-02 0.823647380 1.33595002
 1005 -0.135319844 0.260431588 1.15614450 0.993028164
 1006 0.973408282 0.523494363 -1.27632129 0.911334991
 1007 0.252806097 0.348815441 0.135258347 -0.476994395
 1008 0.486696571 -0.480263531 -1.25737977 -0.225798190
 1009 -0.991415024 -1.00067019 -1.34728074 -0.490292609
 1010 -0.375613540 3.08477879E-03 -0.418583333 -0.112370774
 1011 0.866359770 -0.168324590 -0.503368616 1.40132105
 1012 0.489698440 2.33066940 -0.297633559 1.12889516
 1013 -5.59205711E-02 0.547268748 0.315337569 -1.55211866
 1014 0.620818198 -6.31463006E-02 -0.295602441 1.14420474
 1015 -0.433199674 0.474028885 0.294352651 -4.02867198E-02
 1016 -0.881601870 8.93796608E-02 -1.41958091E-02 1.50628984E-02
 1017 0.639127016 -0.915822029 1.18621737E-02 1.23872638
 1018 1.56551290 -0.165756196 0.266188860 -0.301889420
 1019 -0.896121621 -1.77059770 0.226666778 -0.322091371
 1020 -2.55981684E-02 0.485221982 -0.531297922 -0.229682803
 1021 -1.15838671 0.415216297 0.691760361 -1.72273302
 1022 0.391561538 0.492896199 -1.21510899 1.12047529
 1023 0.859123111 0.474356920 -0.593790054 -1.47841763
 1024 5.21838889E-02 1.68351531 -0.529493988 -8.28367025E-02
 1025 -1.20608330 1.31134069 -1.71680069 -0.450014889
 1026 -1.16872048 -0.642883420 -1.43097210 -0.221153259
 1027 0.147756323 0.525192320 -0.155895099 -1.91358948
 1028 1.50521505 0.452974826 -0.301865876 1.04531610
 1029 2.20400333 0.826597035 -0.971954167 -0.274812996
 1030 -0.433974326 0.564972818 0.545428276 1.55831575
 1031 0.523595810 -0.463940293 0.572872043 1.37613022
 1032 -0.235961840 -0.634131551 4.62853611E-02 -0.535829425
 1033 0.266490459 0.718045831 -0.793880880 -2.41404176E-02
 1034 -0.992660403 0.916225791 3.76191831 -0.785920441
 1035 -1.42170072 -0.296161920 0.702982008 -1.37686193
 1036 -1.47762263 -0.834746361 3.08176613 -0.519385695
 1037 -0.139963061 0.508988142 1.21923101 -0.534419715
 1038 -0.859413266 0.747940302 3.35292482 -1.07667637
 1039 -1.24660802 -0.652437925 1.31402934 -1.46149611
 1040 -2.28767514 1.67053294 1.26208532 -0.676980197
 1041 -1.91185534 -1.61132503 2.19829559 -0.817864597
 1042 0.667673230 0.534040689 2.09128571 -1.33006084
 1043 -1.31252551 0.762089014 1.57466698 -4.04371619E-02
 1044 -7.99540132E-02 0.727775991 1.63962221 -0.941182911
 1045 -3.21599317 1.34184456 2.21205282 -0.494597912
 1046 -1.80783391 -0.994338632 2.31388497 -0.351893097
 1047 -1.38947856 0.841457546 2.27765226 -0.661002398
 1048 -0.322928697 -0.266265869 1.04924452 -1.53746855
 1049 -2.17608523 0.488900274 1.80473220 -0.380956531
 1050 0.419457912 -0.298336118 1.33745050 -1.42294490
 1051 -1.26583886 -7.38147572E-02 2.92454362 -1.72153163
 1052 -0.212450296 1.86811292 3.52872324 -0.622052550
 1053 -2.77358007 0.187278569 2.92512965 -1.48466790
 1054 -1.86009967 1.74448502 1.78198743 -0.427108258
 1055 -1.35310173 -1.50980520 2.28505540 -1.50181592
 1056 -1.75270021 1.13304532 2.78649163 -0.919535160
 1057 -2.04319859 0.103421211 2.86991024 -0.594224274
 1058 -0.797614634 0.901911438 1.56922007 -0.423046798
 1059 -0.457008690 -0.480403095 2.47244596 -0.281029224
 1060 -1.02007580 -1.48533702 2.23411584 -0.258595318
 1061 1.38276577 -0.964287341 1.20142651 -0.554999948
 1062 -2.17202973 -0.853454590 0.404442132 -0.401276708
 1063 -0.122489400 0.605683684 2.01140261 -1.12428319
 1064 -0.442988694 0.301412731 1.79251361 -0.812682271
 1065 -0.553805292 -0.611077487 2.19982839 -0.686111867
 1066 -2.39296055 1.85747850 1.59399295 -1.37127864
 1067 -0.148453325 -0.466588020 2.14582968 -0.714623511
 1068 -1.47588265 -0.593400121 1.30471265 -0.728667259
 1069 -2.15216660 0.699486852 2.20380402 -0.629333436
 1070 -7.47578964E-02 -0.789913297 0.780881822 -1.40302360
 1071 -1.78073919 6.23640567E-02 2.50181341 -0.558635116
 1072 -1.35179198 -0.805280030 1.59173203 -2.38440418
 1073 -0.764825761 -1.27658129 2.24478555 -0.872022510
 1074 -4.92843091E-02 -1.51553249 2.57652879 -1.07997024
 1075 1.07728100 -0.165692165 1.09381354 -0.480506390
 1076 -1.20306265 0.160757095 2.60331273 -0.764495850
 1077 -1.72095156 -1.74020088 2.90188885 -1.21261370
 1078 -3.26251006 -0.603490353 1.79533172 -1.60353541
 1079 -0.141923994 -0.257590771 1.36686158 -0.588924170
 1080 7.35173076E-02 -0.449294984 1.41658199 -0.843336701
 1081 0.622785747 0.806467950 2.19670820 -0.151787266
 1082 0.401540935 1.62848890 2.55449772 -0.535787106
 1083 -1.63713229 0.936410487 2.47682977 -0.760400176
 1084 -2.34895444 0.762443900 2.46578240 -0.200767651
 1085 0.115528196 1.64686656 2.32195592 -1.43754172
 1086 -1.13793886 0.860403657 2.35049391 -1.15621090
 1087 -0.851920128 -0.599433839 1.37122655 -0.615665913
 1088 0.489863038 -0.612740517 1.98309028 -1.26830256
 1089 -2.46028209 -0.643537164 2.35626197 -1.17571831
 1090 -0.567751706 2.35867786 2.43448019 -0.732054114
 1091 -1.54946744 1.37991130 1.50998306 -0.812288880
 1092 0.464351356 2.60563922 1.32721007 -0.470170259
 1093 -0.772002816 0.580580771 2.81720853 -0.528609097
 1094 0.603310585 1.01559556 3.20371366 -0.634821892
 1095 -0.319256008 -0.357477993 2.95597172 -1.11628640
 1096 0.543098509 0.882445812 2.06525731 -0.355188489
 1097 -2.51536083 1.71932399 2.71220994 -0.520977616
 1098 0.247373492 2.15546918 0.217763886 -0.596770704
 1099 -1.31784165 2.18450069 2.63878798 -0.184491277
 1100 0.365355760 2.37117052 2.75757408 -1.39592099
 1101 -0.695806026 -0.358673900 0.841523945 -0.882560015
 1102 -2.64939618 -0.851514399 2.25245118 -0.804855704
 1103 -2.45267940 0.357713014 1.21977687 -0.970288932
 1104 0.234512776 1.73721206 3.40325570 -0.670396626
 1105 -1.48701572 2.78905678 2.71353507 -0.899934828
 1106 -1.77888346 -1.80708969 2.32012677 -0.395848721
 1107 0.792411387 1.42692292 3.21639967 -0.403807580
 1108 0.423760861 2.39691639 3.42003965 -0.939626038
 1109 -2.53995275 0.501167119 3.04671884 -1.12862372
 1110 -2.04352045 7.42955208E-02 2.66268921 -0.753761649
 1111 0.260447860 0.716749787 4.46448898 -1.39938021
 1112 -1.17003417 1.34790266 0.992308915 -0.780452847
 1113 -1.18912876 2.41875648E-02 3.26717401 -0.955061495
 1114 -0.885135233 0.627461076 3.06351519 -1.14848566
 1115 -1.52438879 -0.454026818 1.84854281 -0.903373957
 1116 -1.36056614 0.551900387 2.61764693 -1.05338144
 1117 -1.07931459 -0.788160026 3.11626768 -0.966350853
 1118 0.635739088 -1.06802833 0.849490166 -0.475620389
 1119 -1.02970970 -1.23378801 2.15980768 -0.935052037
 1120 -0.462465674 -1.55778229 2.04425144 -0.984676898
 1121 -1.89387071 -1.96991289 2.98924541 -1.75423288
 1122 0.138914078 -1.74943721 4.25041485 -0.476920694
 1123 1.62696087 1.17678857 2.41707063 2.17182916E-02
 1124 -0.399072468 0.113921374 2.55392265 -0.981955349
 1125 -0.811666369 0.124004781 3.35402203 -1.02618265
 1126 -1.98746562 0.484024912 4.92183971 -0.385616571
 1127 -0.793696642 2.94894338 4.35267448 -0.446043849
 1128 -1.54588068 -0.742715299 3.09571815 -1.00957441
 1129 -3.35667849 0.803230882 2.37069583 -1.47066331
 1130 -2.84758854 7.21112639E-02 3.17866421 -1.02300715
 1131 -0.976883292 0.940910280 2.92204356 -1.02564716
 1132 -2.28048301 2.60182667 2.56741738 -1.69699502
 1133 -2.22346377 0.288408428 4.04526854 -0.797560155
 1134 -1.59266770 0.488629639 2.11360812 -1.39562571
 1135 -1.93671775 1.03993964 3.12301302 -1.49904585
 1136 -0.456838280 -0.283276677 2.53392816 0.529302716
 1137 -2.82643437E-02 0.136171281 0.595915675 -1.53154278
 1138 0.275775194 1.49528337 1.79952276 -0.959250450
 1139 -0.306805044 -0.424545944 -0.724721611 -2.16635275
 1140 -1.88129771 -1.63861585 1.34712279 -0.852664471
 1141 -0.496883065 0.271920025 1.24970722 -1.19699669
 1142 -0.497595310 -3.04772115 0.989673495 -1.01862025
 1143 -0.331522912 -2.32854033 -0.348738849 0.251133561
 1144 0.204458624 -1.20793068 -0.789932668 -0.508995056
 1145 -2.10861015 -0.530075490 2.26644969 -0.688098013
 1146 0.163639843 -2.88462687 1.20369220 -1.11772299
 1147 1.06506693 -2.57432032 3.47095653E-02 -2.00264931
 1148 -0.599828362 -2.34644485 0.392501980 -0.968099952
 1149 -1.54212487 -1.85722995 -9.74189937E-02 0.362562597
 1150 0.201287434 -1.79641640 -0.331834614 0.342950433
 1151 -2.23400092 -2.37096095 0.907201767 -0.433355719
 1152 -0.822443783 -3.65166783 0.641712248 -0.859507322
 1153 -1.51324868 -1.81299949 -0.634083807 -1.42928672
 1154 9.38162208E-02 -1.20745182 0.921522737 -0.419416010
 1155 1.15763474 8.89731646E-02 -0.156642616 -3.60700935E-02
 1156 -0.294799656 -1.61747551 -7.54282176E-02 -1.83132780
 1157 0.748640954 -1.16464758 1.06956780 6.30624369E-02
 1158 -0.253257364 -0.538933694 -6.06078207E-02 -0.755365372
 1159 0.258288085 -3.47959042 0.672974408 -0.245377928
 1160 -1.32521296 -1.53976977 1.82820415 1.03639090
 1161 -1.62348306 -1.14265430 0.745633602 4.17775624E-02
 1162 -0.415127575 -2.41075563 -0.322226524 -1.77421153
 1163 -1.98135078 -1.17466640 1.11145961 -0.932260573
 1164 -0.505010486 -7.62190390E-03 -0.208797336 -2.02394319
 1165 -1.55854452 -0.529193819 1.98711228 9.83095989E-02
 1166 -0.451985836 -3.12364984 7.45936781E-02 -0.282171160
 1167 -1.86185014 -1.84157300 1.52301049 -0.738968849
 1168 -1.66883469 -1.12222910 0.786568165 -1.78843951
 1169 0.282665491 -0.776144683 0.668463528 -1.23822832
 1170 -1.62292469 -1.74928057 -0.151142836 -0.840213001
 1171 -1.16352832 -1.55851758 1.05209041 -1.08818102
 1172 -0.944067001 -2.30515766 0.151806936 -1.88027620
 1173 -0.154605255 -0.944366038 -0.514151990 8.68899003E-02
 1174 -0.854150712 -0.543075442 -0.105420619 -5.52692786E-02
 1175 -0.800979912 -2.32539868 0.513948441 -0.236672282
 1176 8.35714564E-02 -1.62834203 0.655504525 0.580644488
 1177 -9.57984477E-03 -0.973055720 1.49712193 -1.44020030E-02
 1178 -0.144035846 -0.772412419 0.541343570 -0.189643890
 1179 0.286553323 -0.682982326 -0.327792645 -1.92641258
 1180 -0.746568203 -0.752151847 1.53948283 -1.30233514
 1181 -1.03882587 0.575477779 1.68984854 0.219713897
 1182 0.941353142 -1.05210245 0.466252387 0.536882401
 1183 -0.721268594 -2.06083179 0.495302588 -0.684669018
 1184 -0.175744355 0.200649962 1.51174998 3.12274955E-02
 1185 -0.960548401 -1.15030444 1.32960689 -0.315509647
 1186 -2.14231229 -1.23598945 1.96586657 -1.84546971
 1187 0.374285102 9.47151557E-02 0.677482903 -0.678259790
 1188 -0.548326373 -0.144424707 0.582551599 7.67085999E-02
 1189 -1.96875405 -0.988165319 2.76257110 0.181203753
 1190 0.715689600 -1.28832006 0.459917068 -1.06686008
 1191 1.69104934E-02 -1.97839153 1.48508298 -9.65937376E-02
 1192 -2.90547311E-02 -1.51459897 1.30787218 -0.672233105
 1193 1.73594046 -1.86547649 -0.375061452 4.68920730E-02
 1194 -0.140889913 -2.43422270 0.184959725 -0.153158233
 1195 1.59258151 1.07083273 0.411121517 -1.68698561
 1196 0.135211006 -1.08504748 0.506117821 -8.32917467E-02
 1197 -0.728251338 -2.24864721 0.289734602 -0.627308249
 1198 0.383886814 -0.555863976 0.251516342 0.166589737
 1199 0.242590770 -0.102386191 0.611269057 2.51925178E-02
 1200 0.345900089 -1.57379568 -0.487030983 -0.918446600
 1201 -1.22954869 -2.62141418 0.982220888 2.28235126E-03
 1202 -0.537206411 -2.28673816 2.43340874 -0.451621562
 1203 1.02017522 -2.27165866 1.00589037 -0.820711315
 1204 -1.13282824 -2.75786209 -2.45745182E-02 -0.334580064
 1205 -1.96972573 -1.24803829 0.922777057 6.08398356E-02
 1206 2.57789850 -1.60914218 -0.424017727 0.134829968
 1207 0.874455035 -1.75795114 1.10333753 0.219275326
 1208 0.173910052 -1.30310750 0.101099350 9.15179402E-03
 1209 0.612568438 -0.486970037 -0.550292313 -1.75918527E-02
 1210 -0.447096884 -1.90905035 0.283363074 0.224937245
 1211 -0.202137977 -1.55247390 -8.46575871E-02 3.69518846E-02
 1212 -1.63548481 -0.419250190 2.60224581 3.89313251E-02
 1213 -1.29928899 -2.13051510 -0.140417099 -0.886949062
 1214 -0.321468472 -1.29299092 1.11864138 -2.03486490
 1215 -0.504838824 -3.01599431 0.275113344 9.50226840E-03
 1216 -1.08448410 -1.74879503 -0.174972028 0.219979897
 1217 -8.70609805E-02 -6.67425692E-02 1.30981910 2.55679525E-03
 1218 -0.623026609 -2.69805098 0.748261809 0.111356974
 1219 -0.695499837 -2.40592647 -6.33003488E-02 -0.348782212
 1220 0.132817388 0.853493690 -0.849561691 -0.179471076
 1221 0.514699936 -0.299305975 -1.00422728 1.26436388
 1222 -0.264699936 -5.40077090E-02 -8.19367617E-02 -0.154480040
 1223 -1.82821012 -1.23499393 0.243087336 0.317875832
 1224 1.12151790 -0.923290372 -4.72434610E-02 4.72348519E-02
 1225 0.745128453 -2.70809555 -0.236548692 -0.199887395
 1226 0.101189300 -1.55966091 -0.740340471 0.195782572
 1227 -1.97466910 -0.627284467 1.33918142 -1.80299628
 1228 -8.76441225E-02 -1.36557364 1.15812945 0.233340204
 1229 -0.179653674 -0.978654921 3.14676613E-02 -0.418805957
 1230 0.418200344 -0.963396490 0.767216504 0.328587234
 1231 1.62539929E-02 -3.25928140 -0.247569576 2.12068856E-02
 1232 -4.46453243E-02 -1.68716908 2.55274534 0.289307654
 1233 -1.58934915 -1.50975525 0.894965231 -0.837944686
 1234 0.592366517 1.10683048 -0.196547687 -0.541718841
 1235 -0.697187901 -2.93333578 0.616502225 0.207846001
 1236 -2.20626450 -2.37920427 -0.206279337 -1.36686826
 1237 -1.40498543 -2.54473901 0.803314745 -0.669761777
 1238 -0.105878703 -1.96089113 2.00732636 -1.61154401
 1239 -0.240047649 -1.45921981 1.30120015 -0.383197397
 1240 -3.17548895 -1.18027651 0.835421741 -0.155356824
 1241 -0.515381634 -0.371162504 0.366276652 -1.60007060
 1242 0.618148625 -2.13843465 -0.558923960 0.153505072
 1243 0.183233291 -2.19477296 -0.443127483 -0.907735467
 1244 -0.228371590 -1.81079412 0.312391341 -1.45778310
 1245 0.101119936 -1.27777672 -0.198883921 -0.914471030
 1246 -1.47762406 -2.55649972 -0.290192425 -0.600876093
 1247 -2.53723383 -1.64463377 1.31212890 4.74694259E-02
 1248 -0.128795609 -2.39067650 -2.21190006E-02 -1.40837347E-02
 1249 -0.302356035 -2.06706572 0.230162039 2.66756080E-02
 1250 -0.286759257 -2.35417938 7.23740682E-02 -0.726030469
 1251 -1.20265603 -0.881870568 0.563139141 -1.20385766
 1252 -0.354292810 -1.98164797 2.11682510 -0.976583123
 1253 -1.05214250 -1.47205591 0.404050350 -1.00796092
 1254 -1.10973752 -1.25486922 1.04752553 -0.467271090
 1255 -0.312067389 -2.08142805 -0.350726634 -0.938105404
 1256 -0.475231409 -3.49699593 0.680369198 -1.08761692
 1257 0.492168963 -1.42643535 6.55715913E-02 -0.135358602
 1258 -0.232361779 -1.85278928 -0.655270100 -0.697775424
 1259 -0.765490711 -1.48711061 0.111986369 -0.954238653
 1260 -0.631881416 -2.81215906 0.226221710 0.840558589
 1261 0.399005115 -1.72281194 -0.233485788 -0.807886362
 1262 -2.14492178 -1.64672577 0.244238630 0.347179592
 1263 -0.493461251 -1.03544343 0.110509999 6.96645305E-02
 1264 -0.605026126 -1.38158524 0.379396439 -0.678032756
 1265 5.98574951E-02 -2.03517509 -1.37360597 -0.288291931
 1266 -1.52992034 -1.53171885 -0.179429352 -0.973153889
 1267 -1.03824508 -1.38459301 0.995696306 0.455775738
 1268 0.219834164 -1.00297058 0.723592401 -1.97839987
 1269 -0.588493586 -0.381958544 -5.07853925E-02 1.15327239
 1270 -2.81514153E-02 -1.77735746 -0.980905950 0.122364677
 1271 -3.43346484E-02 -1.87841702 -4.66205478E-02 4.53309417E-02
 1272 -0.280911267 -1.31441665 0.173762396 1.12769532
 1273 -0.579125166 -2.34935546 -0.582662344 -0.543439388
 1274 1.12890470 -2.62428141 -0.452069193 -0.998464584
 1275 1.23214793 -2.19420290 0.103856578 -0.596275806
 1276 2.20981503 -2.02061653 -0.715830207 0.300530970
 1277 1.75239205 -1.47779405 0.337337017 -8.69603828E-02
 1278 -0.810055852 -1.39250278 0.138887644 -0.506531894
 1279 0.474609196 0.323798567 -0.477349728 0.227132559
 1280 8.65220875E-02 -1.56473064 0.130057260 -1.42968157E-02
 1281 -2.30801034 -1.80523801 -0.411095917 0.502729475
 1282 0.375104427 -1.23856306 0.267355382 1.38090587
 1283 0.441067040 -2.16817522 -0.228721216 -0.673546195
 1284 -0.511100531 -1.44470835 1.67183292 -0.999679089
 1285 -0.665127575 -2.36767602 -0.604118407 -0.182433411
