 1 0.101826340 -2.44139880E-02 -0.932208538 -1.52262068
 2 -0.937567532 0.307035863 -2.14690733 0.698210180
 3 0.871311128 -0.845476627 0.502325058 -1.64273596
 4 -1.26104665 5.79495206E-02 -1.32190263 1.36377144
 5 1.56448507 1.95224059 -0.542987466 0.297831416
 6 2.27303028 0.930814087 -0.226786211 0.837567806
 7 -1.01871991 0.255331576 -1.91287899 1.72717679
 8 -1.18137360 1.90086424 -1.44286966 1.81034911
 9 0.572951317 0.756996393 -1.49685049 0.597765148
 10 -1.80656254 -0.125717968 2.97793746E-02 0.206624255
 11 -0.911262691 -0.848475337 -0.746411681 -1.50640535
 12 -1.03028476 1.54413569 -1.48313105 0.495595187
 13 -0.653547347 0.514675021 -0.313997418 0.483083427
 14 -0.950425863 -0.191430375 -1.50240850 0.405987084
 15 -1.03774846 0.623669028 0.213564277 4.23126072E-02
 16 1.20431292 -0.515524924 -0.947898865 0.376874119
 17 0.470517993 0.124184310 -1.32037675 1.69754577
 18 -0.442775697 1.74327397 2.74165177 0.466157794
 19 0.848418832 -1.34724081 -1.09390867 -1.39819503
 20 -0.657767534 -0.575364947 0.138991356 0.190134048
 21 0.564773738 3.86066288E-02 -0.150924027 -1.23522651
 22 1.14348960 1.48753011 0.137394667 -1.02806115
 23 -1.25762272 0.825476885 -1.86654544 1.86447048
 24 -2.10794806E-02 -1.85791588 0.917002678 0.213514969
 25 0.163974345 0.331415325 0.223710448 0.437568396
 26 2.95763063 -1.97067451 1.01545191 0.151276350
 27 -0.918891668 1.48172045 -6.29852414E-02 1.47433972
 28 0.129050419 0.644779563 4.49513346E-02 -1.27458525
 29 -0.184403211 2.26662612 -0.512646735 1.70439994
 30 -0.228671134 0.465905875 -0.829934835 2.12280893
 31 0.650796533 0.559428394 0.309434772 -0.890677869
 32 -0.387903780 -4.00780216E-02 1.15861046 -0.907452583
 33 2.79809795E-02 0.513765574 -2.16194797 4.24778759E-02
 34 1.36496496 1.03092194 0.581741214 -0.111580193
 35 1.06613886 0.420023799 -9.39502120E-02 -1.27948415
 36 0.303331226 -0.427980989 -0.668585598 0.571241617
 37 -1.65088713 3.59582305E-02 -0.216254503 2.01543760
 38 0.550208688 -1.55403399 -0.338960290 0.235616803
 39 0.711653709 0.734972417 0.392286271 0.464496553
 40 -0.953897357 0.690182149 2.05315948E-02 -1.13355100
 41 1.90287685 -0.190559760 1.11584556 -0.914139032
 42 -0.745236397 1.11901534 0.411941767 0.640730560
 43 1.52879989 0.465249956 -1.12308395 0.357539624
 44 -0.194855243 -5.23606539E-02 1.03430343 1.73693252
 45 1.41589630 -1.59752369 0.725532293 0.390586048
 46 0.325330734 -2.11897232E-02 -0.762376368 1.91549587
 47 -0.446835369 0.468015462 -1.70069587 0.125192046
 48 3.49689722E-02 -0.110077471 0.785421014 0.634417892
 49 0.677478313 0.153879970 2.36753130 0.184378862
 50 1.62014151 -1.23162842 -0.181327999 -1.13272190
 51 0.743778229 -0.372377515 -0.424283624 -1.02522695
 52 0.732977450 0.875915289 1.36208487 -1.35882294
 53 -0.132443830 0.582619429 0.263150573 1.85837781
 54 0.522795618 0.360786229 0.732525766 -1.13677824
 55 0.609225869 0.558478892 -2.08960676 -1.82827711E-02
 56 -0.971554101 1.30661869 -0.930265307 0.556449771
 57 -1.47101629 -0.589820862 -0.651115656 1.77478147
 58 0.117503017 -0.928990662 0.100415692 -1.09410727
 59 -1.14333117 -0.662968576 -0.990859270 -1.06160331
 60 0.196964368 -0.523006797 -0.792658031 1.77139819
 61 0.120781392 0.677518964 1.60492492 0.437750280
 62 -1.18402672 0.998016894 0.624357939 -1.05889153
 63 0.303186238 0.534185767 1.30691421 -1.22232985
 64 -1.75343180 1.13754153 -2.74908543E-03 1.83073747
 65 -1.16568029 0.682991266 -1.73668969 2.10038185
 66 -0.644053459 -0.338187397 0.913531542 -1.34749198
 67 -0.673565149 1.08379936 -0.653159261 0.542155564
 68 -0.167850211 1.43952394 -1.13949895 0.571605682
 69 1.06625879 -0.599956095 1.47957802 -1.22981477
 70 -0.272314966 0.719392002 2.23824048 0.256859183
 71 1.95803809 -2.37574267 0.554321289 0.575136781
 72 1.49498749 -1.29786384 1.41176152 1.80505955
 73 -1.56241000 -0.140668124 -1.11611032 0.111234009
 74 -0.971093118 -0.556301355 1.90357304 0.416837573
 75 0.396981478 0.567437351 -0.129034787 1.60756838
 76 -0.921441674 0.500884175 0.581439674 6.59158826E-03
 77 -0.955420852 0.103845909 1.47437465 0.855917931
 78 -6.36762381E-03 -0.148185641 -0.290304422 9.21717137E-02
 79 1.57032311 0.364735216 1.26441491 0.829856753
 80 -0.642663300 0.300116628 0.239272654 0.431879193
 81 -0.168329567 -0.362296551 -0.283531636 -0.722249389
 82 1.01122010 -1.12685645 -0.766935229 0.296686083
 83 2.18499565 0.221952945 1.47006154 -1.30846417
 84 -0.747696936 -1.28878713 1.71038640 0.461153924
 85 -0.483852744 1.96889567 0.893975735 0.621765196
 86 4.79527116E-02 0.947209418 -0.309461504 0.410379708
 87 -0.130184487 0.243422896 -0.853478789 -1.32096267
 88 -0.417670667 0.544820607 7.15143085E-02 0.455460310
 89 1.81038928 0.162052870 -0.442352355 0.540204287
 90 -0.790232003 -0.116094165 -0.434313208 -0.974583030
 91 1.69041181 -0.713809013 -3.92617732E-02 0.171955824
 92 0.377061754 0.589838624 -2.17104053 0.197998032
 93 1.89160085 -1.09076166 -0.476705879 -1.89326167
 94 -2.17061019 -1.17518902 2.02551484 -1.30327690
 95 0.459148884 -0.560552299 -2.23511052 1.61065495
 96 -1.21840763 -1.52205789 1.01444924 0.172285303
 97 -0.872659206 1.03855133 -0.361183345 1.88939214
 98 -0.690833569 0.563496709 -1.85394418 0.462155044
 99 0.184131667 -0.883718193 -1.69169855 0.403105795
 100 1.25059772 -1.35144877 -2.31221318E-04 0.146073699
 101 6.51684105E-02 -0.938852906 0.738529384 -1.13622081
 102 1.88531375 0.193707734 1.51618123 6.98208809E-02
 103 -1.10309505 0.320695251 -0.251310706 1.71185720
 104 0.882401824 3.80922221E-02 -0.838908851 -2.78421342E-02
 105 2.22551608 -1.82569385 -0.272061110 0.118546709
 106 -0.633941174 -0.304168582 -0.278140187 -1.25119460
 107 1.31367695 1.33282483 -0.930710673 -1.32699764
 108 -1.23044157 0.714143157 0.664787054 0.807327926
 109 9.96104181E-02 0.559474707 1.44618583 0.151495740
 110 -1.68229771 -2.43586683 -0.147570729 -0.108545125
 111 -0.742951751 -1.03255665 1.15817761 0.112340644
 112 1.41318464 -0.615475535 0.403318793 0.382559955
 113 -0.463575184 -0.399372190 0.322281301 1.64664984
 114 1.18594015 0.718860388 -7.95674995E-02 0.231714502
 115 -2.00448537 -1.09187174 1.16595709 0.535297275
 116 -0.986954331 0.539857030 -2.12591982 0.377478838
 117 1.73918855 -1.67767692 -2.19875741 1.97562671
 118 0.660992801 -0.305843413 -0.920389056 1.82900977
 119 -0.383262217 -2.69119787 -0.880148649 1.75445819
 120 -0.906080723 -2.09341168 -1.77327371 2.26207495
 121 0.920683444 -0.613629520 0.733545721 -3.75097990E-03
 122 0.967369914 -1.08002663 0.529836297 -1.12489951
 123 1.38965940 -0.981854260 0.221181139 0.378489941
 124 0.182952657 -1.48197484 -6.90627843E-02 0.360332876
 125 -0.426461399 -1.16769600 1.41083932 -1.11597669
 126 1.52097249 -1.11074376 1.74118257 -1.22110796
 127 -0.141544461 0.112015083 -1.89241469 0.339494020
 128 1.16973102 0.355907500 -2.12200117 0.925067365
 129 1.35525024 0.396560848 0.523178995 -1.51476490
 130 -6.68020025E-02 1.11709428 2.35260034 -1.36754906
 131 -0.134510845 0.352734745 -1.63317323 0.144960359
 132 1.44233239 -0.211684287 -1.03210652 2.22771478
 133 0.681290627 -0.962550342 -1.80459797 1.88725722
 134 1.68743134E-02 -0.174543634 -1.18916190 0.617286325
 135 0.327493101 1.54779935 -1.69318306 0.266806036
 136 1.66862273 -2.28753649E-02 0.766714454 -1.36068642
 137 -0.758300245 1.56035352 -0.823053658 2.26046228
 138 -0.661032081 -0.722863078 -1.24091434 -1.06091297
 139 -0.395819098 -0.739542007 0.176731259 0.851282358
 140 -0.268177003 -0.456476837 0.273339808 0.467405051
 141 -8.23063552E-02 0.103054248 0.426424593 0.601103365
 142 0.256411225 1.37908459 0.566887498 0.486629486
 143 -0.616584778 -0.631562769 -0.399223328 1.96176267
 144 -0.357173741 -0.180072725 -0.950897336 0.135102406
 145 0.737567186 -1.81948984 -1.32652760 -1.26442623
 146 0.668750942 -0.731423497 0.199071363 0.177275315
 147 9.80784297E-02 -0.540716290 -0.462985069 0.202902943
 148 2.09632516E-02 -0.607935548 0.356732219 1.77605152
 149 1.57195711 -0.245782971 0.553240359 1.85369742
 150 2.51103830 -1.34388876 -1.85304010 0.217199758
 151 -1.24683678 1.39008546 0.120479375 -0.241839290
 152 -1.14713311 -1.17424726 1.07705665 -1.04933333
 153 -1.14492738 -0.266110718 1.06391048 -0.945577502
 154 0.299337834 -1.09283721 -0.665975392 0.448784292
 155 -0.553796411 0.469954580 -1.15077043 1.56704652
 156 0.256417334 0.149687335 -0.750427246 0.327027410
 157 1.37988174 -0.804948151 -1.25500250 -0.951005816
 158 -1.51647985 1.40212059 0.872909963 0.701436520
 159 -0.741658151 0.859551907 -0.605304360 -6.48978353E-03
 160 -0.916398287 0.273685634 -1.23561358 0.608850837
 161 -0.761125386 0.297701836 -1.39022064 0.401378304
 162 -0.830255091 -0.452389926 0.636692107 0.332253993
 163 0.690067947 -0.340310305 4.31047231E-02 0.649947166
 164 -0.844098270 1.63706887 0.831932187 -1.00868297
 165 0.624885976 -1.01660025 1.13690007 -1.40260994
 166 -0.406089276 1.42412806 7.14333653E-02 -1.16363335
 167 0.111946270 -0.133137345 -1.10948241 -1.39621556
 168 -0.508019805 0.438182056 1.11586928 0.229055732
 169 -0.556753397 0.183007807 0.376242459 1.99631643
 170 -1.88725948 1.92984223 -0.154506713 -0.989757359
 171 0.683588982 -7.24398345E-02 -1.05236423 0.122950703
 172 0.584375381 -0.813972414 3.52809578E-02 -1.23963571
 173 -0.745460153 1.19105983 0.449125499 0.352945536
 174 -0.514023900 -0.562311053 0.432317138 -0.953903675
 175 0.393501669 -3.87832224E-02 0.628332376 0.335007101
 176 0.459092319 1.17770743 -7.64228702E-02 -0.999069393
 177 0.845219731 -0.972083449 -0.359908193 1.92215610
 178 -0.674628794 0.565485060 -1.11576653 0.131700069
 179 -0.160413027 -0.164557308 -1.15872061 0.280488372
 180 -0.733327627 1.03157806 -0.516367972 -1.16164601
 181 9.11028590E-04 1.04034019 -0.728230536 0.561568201
 182 1.28030419 -0.491590202 -0.283714563 0.247551560
 183 0.651441574 1.45076203 -1.19331443 5.30506372E-02
 184 -0.416094959 0.198352367 0.838803530 -1.29089665
 185 -1.35368180 -1.22108090 -1.08704710 1.78498447
 186 -6.33979142E-02 0.411914438 -0.736814320 3.37674618E-02
 187 -0.731003940 -0.510110080 -0.974524379 -1.16578281
 188 0.136275575 0.753298998 -1.87787867 0.578923583
 189 -1.71318853 0.686311841 -0.813234568 1.75085390
 190 -1.01540256 0.677858591 -0.212650433 0.415418208
 191 -0.216868371 0.851618350 0.866910994 0.384393334
 192 -0.418122053 2.34151125 -1.05150509 -1.04529452
 193 -0.490299016 -0.590597212 0.811228991 -1.05602956
 194 0.500748396 0.678241670 -0.773422718 1.94495785
 195 0.792895973 0.648128927 -0.528049171 0.210299611
 196 0.580509841 -0.194181368 0.138671219 0.246069431
 197 -0.535791993 0.574715853 0.434787363 6.02607727E-02
 198 -0.979977906 0.732174158 -0.103823036 0.461729437
 199 1.06130624 -0.495560467 -0.760497093 -0.651427984
 200 0.912232399 0.783331156 -0.172289729 0.129215270
 201 2.54478741 -0.430017263 0.103049412 0.337259680
 202 0.272605091 1.23738444 -0.273900867 0.389124632
 203 -4.80035841E-02 5.19689247E-02 -0.789819539 5.81542850E-02
 204 -0.918338299 -2.33757210 1.85103309 0.356778920
 205 0.492258191 1.02533221 0.476025611 1.73089004
 206 -0.451468378 -0.136734277 1.25542676 -1.01050675
 207 -0.605123281 -1.28403711 0.363753617 1.65975809
 208 1.65879321 -0.393264234 0.853763282 -0.231079847
 209 1.57477415 -0.323052973 0.623970389 0.187702686
 210 -0.403188378 -0.157608390 0.163802862 0.114534169
 211 0.163869739 -1.62585223 -0.799611926 -1.49111259
 212 0.247673988 -0.314191341 0.534857035 -1.08648193
 213 -4.29095440E-02 7.80944303E-02 0.502565861 0.588883698
 214 0.894358575 -1.70291996 0.941627860 -1.07324743
 215 0.446291089 -1.12383056 -0.953934073 5.32734841E-02
 216 2.69447708 0.695409894 6.91775233E-02 -1.19217157
 217 2.05602193 -0.261441499 0.481488883 -1.11284757
 218 0.389914185 -0.430452675 -0.940839350 0.243136242
 219 -0.238681555 -2.56871653 0.349609852 0.452942610
 220 -0.182467043 -1.24585056 0.602647841 0.335637957
 221 2.46988988 -1.94540811 1.22032988 -1.08554733
 222 0.459179848 -0.802517772 0.885568142 -1.47794747
 223 -0.635820150 -1.66672945 0.236061633 0.502695084
 224 -0.884351432 0.298414171 0.766655266 0.420129389
 225 1.24102187 -0.769465804 -7.86792636E-02 -1.18049669
 226 -2.54295282E-02 -1.71904552 -0.221488371 0.138009414
 227 -0.134446934 -0.192441061 0.677290797 0.479796618
 228 -0.262963235 -0.474411845 -2.28631496E-02 0.478512466
 229 1.12006521 -0.829363763 -1.31312203 0.217834413
 230 -0.803368628 -0.519989192 0.694302320 -1.05211341
 231 1.12122178 -1.35935009 -0.935227990 -1.25642395
 232 -0.685469627 -0.995337725 1.97684693 2.26106930
 233 -0.479202271 -0.631750166 0.896276712 -1.01337910
 234 -0.582447410 -0.421270818 -1.11764097 0.885413945
 235 1.47222412 -0.627216101 1.76882362 -1.20207608
 236 0.506507993 -3.13338661 0.684468150 -1.06816721
 237 -1.32294655 1.70302248 6.24975413E-02 -0.170161128
 238 -2.46680617 2.20297694 -0.289587170 0.193104416
 239 -0.692558110 -1.06420434 1.08290923 -2.74125636E-02
 240 1.28012836 -1.09358943 0.377042472 0.677576303
 241 0.159092054 0.754296184 -0.856739938 -1.32349968
 242 -0.490370482 -0.230297908 -1.07367814 -1.31781960
 243 -0.459551424 -2.53249621 -0.251417577 1.71976793
 244 0.318182498 1.50163972 0.624691963 -1.00320768
 245 -0.679976225 0.983621001 1.49655080 0.124589965
 246 -1.71939075 -0.149957106 -0.498942107 0.233270645
 247 -0.119075611 -1.00024164 0.347348183 4.15935814E-02
 248 -0.517078340 -0.934052885 -0.164864287 0.622432113
 249 1.35070848 -0.918574989 -0.654376030 0.540572822
 250 -0.429554045 -0.489608467 2.04124165 0.611755133
 251 -0.773044109 -0.249822229 0.401549637 1.97910833
 252 1.10855365 0.906820416 0.533047855 0.415526867
 253 -0.512832761 -0.217503741 0.455045044 0.631562114
 254 -1.34228206 -0.146507859 -1.14211667 0.436646938
 255 0.556187928 -0.112149708 1.41722977 0.369101018
 256 -0.864244461 -1.06024528 1.08238256 0.116130114
 257 -0.546548188 -1.17958164 -0.160065353 -3.19409668E-02
 258 -1.12181318 1.01054573 1.56395602 0.644578576
 259 0.266658336 -0.711165011 0.392841339 -1.20410502
 260 2.26083064 0.997670889 -0.162207156 -6.86734915E-03
 261 0.895087004 0.315689176 -0.602163672 -0.681617737
 262 -0.357815892 -0.310108304 1.74236345 1.63919234
 263 0.447743684 -0.725543618 3.93541902E-02 -0.759923935
 264 -1.56452990 -1.51715291 0.198395669 1.74054229
 265 1.65807414 1.66643751 0.393505096 -1.22810984
 266 -0.457387328 0.618341148 1.93076420 0.233673036
 267 -6.64721355E-02 -0.861025393 0.192438141 -1.09126842
 268 0.869881392 -0.575086594 6.77941069E-02 -0.938754737
 269 -0.214382946 -0.826444268 -6.44284487E-03 -1.21034372
 270 0.345835268 0.432340026 0.181936175 -1.31934631
 271 -0.308260620 1.00855911 1.75432754 -1.56545544
 272 0.408424765 1.03206289 2.05563116 -1.17088926
 273 1.18318522 2.43862486 0.321774155 -1.31999087
 274 0.125467390 0.425831676 -1.51704717 1.64695990
 275 -0.363896936 -0.320545733 1.48979521 -1.01577461
 276 5.95543832E-02 2.03660536 -0.870786309 1.02434009E-02
 277 -1.03680062 -0.150984064 -0.274700165 5.46278358E-02
 278 -0.547104418 0.323717177 0.365980744 0.314555228
 279 -0.237491906 -0.789796233 -0.660722613 -1.14935255
 280 -1.44537377 0.413812459 -1.30686808 -1.14290929
 281 1.42939460 -1.03013623 -5.44267148E-02 -1.15290499
 282 0.795581460 2.10562420 3.93815935E-02 9.52869356E-02
 283 1.09331489 -3.06316465E-02 -0.891595900 0.206425652
 284 -6.25756904E-02 -0.527180016 4.48211357E-02 -1.38923395
 285 -0.469032347 0.633851886 -1.05670726 4.01473194E-02
 286 6.24069721E-02 -0.118837401 2.22912788 -1.08847058
 287 -1.60063004 -1.38235474 -6.38852715E-02 0.186303347
 288 -1.30517209 9.92431864E-02 0.456546217 0.199498191
 289 0.143371210 -2.04211175E-02 -0.813142419 -1.13365078
 290 0.947822630 -8.42714906E-02 2.17044640 -1.28473377
 291 -1.45547557 -1.89882684 -0.661782324 0.187090427
 292 -0.408115864 8.74867737E-02 1.41439688 7.22420365E-02
 293 -0.746207058 9.27500054E-02 1.29161239 4.70960140E-03
 294 -1.30730808 -2.20286107 0.224263847 1.79572713
 295 0.334873855 0.664024532 -1.05330944 0.162098870
 296 -2.14941192 -0.286936104 -0.413967669 0.161355719
 297 -2.13992633E-02 2.86311531 1.27980804 -0.765287995
 298 0.610228181 1.07779968 1.20796216 -1.07804012
 299 0.672345936 -0.418500423 0.175199091 0.414387107
 300 0.608905256 -9.74622369E-02 0.665268064 -0.970676661
 301 -1.15269256 0.821175337 0.413851619 0.209840968
 302 0.615866899 1.39236522 0.300658882 0.600744665
 303 -0.461729765 -0.587228298 -0.239773512 0.685965776
 304 -0.280935258 -7.10549355E-02 0.678399265 1.78688931
 305 -0.831049025 -0.240142122 -0.530379176 -1.51719570
 306 0.901666820 -0.852896690 1.48728466 -1.41637588
 307 -0.612788618 -1.13958704 -0.371014446 0.350601882
 308 -1.60777307 -1.19486725 1.39335740 9.71383303E-02
 309 0.141901225 -0.502087712 0.436468184 0.283311337
 310 0.371988595 0.542879820 -0.677778959 -0.954494834
 311 -0.562059760 -0.378501505 1.78765500 -1.33474910
 312 -1.01308095 -1.22882915 1.19358337 -0.105216086
 313 0.152162224 0.494211137 -0.200678110 0.553907633
 314 -0.453099132 0.832015932 -0.373984098 9.51430202E-02
 315 0.694636345 -0.410376668 1.73503590 -0.790877640
 316 0.473605692 -0.284480184 0.744027019 -1.28473794
 317 0.515921354 0.813441098 0.989995599 -1.23521066
 318 -1.16899812 -1.34568930 1.06521845 0.463040173
 319 -1.13988483 -0.798598528 -0.729932189 -1.25765336
 320 -0.832510114 0.242525905 2.68498659 -1.29648018
 321 0.423208356 -1.36547315 -0.813192725 0.281698644
 322 -1.02787507 0.765279651 -0.598492503 0.108935803
 323 -0.906491935 1.08888412 -0.514848411 -8.80756974E-02
 324 -0.752324700 -6.45499527E-02 -0.406167358 0.549877763
 325 0.455666333 1.53971946 2.57360315 0.196405292
 326 -1.06583536 0.653820276 -1.37769306 -1.00046015
 327 0.606509805 -0.391669005 1.72393155 -1.25583863
 328 -0.113520741 1.00138998 0.579584360 -0.242705166
 329 -0.256137073 -0.990839660 -0.371830106 5.06196320E-02
 330 -0.185879663 0.363017380 -0.563979149 -1.26404059
 331 -0.348300606 -0.181663632 1.56960273 -0.231980622
 332 0.753337026 2.42292595 1.13572538 0.102717340
 333 8.53524357E-02 -0.440386802 -0.834965706 0.359891534
 334 0.545991719 -0.345037401 1.64975190 0.415340841
 335 0.765587509 4.51301821E-02 -0.321193069 -1.35481024
 336 -0.586404085 0.558066845 1.09950721 -0.892203808
 337 0.926834345 -1.59265339 1.25084543 0.508946657
 338 -0.686457276 -0.125363320 9.59056616E-03 8.41133147E-02
 339 1.16021907 0.288678944 0.364742547 -1.00698006
 340 0.742704511 -0.812760830 -0.526432514 0.616768956
 341 1.15597630 -1.05346835 0.711351871 0.500408471
 342 -0.634449959 -2.75567055 -1.81112099 0.319680870
 343 4.86246645E-02 0.213122368 0.784707546 -1.28984666
 344 -0.345662773 -0.329825461 0.129897550 -0.999777436
 345 3.99370337 1.02897871 1.12153256 4.27673459E-02
 346 0.171274349 -0.586606026 0.772164822 -1.08715534
 347 0.572417319 -8.41027796E-02 -0.792538881 0.206620589
 348 1.13994658 -0.242713749 0.382736862 -1.10377753
 349 1.20936334 2.69140303E-02 1.33992338 -1.23869872
 350 2.04219818E-02 -1.37624693 -0.293061554 0.443868697
 351 0.285979301 0.404922694 -0.849860072 1.90309870
 352 -0.241048113 -0.924089551 -0.936730802 -1.11672187
 353 1.12914681 -3.69056240E-02 0.253902435 -1.03843045
 354 0.519560814 0.648139477 -0.439332306 0.576096296
 355 0.467659026 0.930173874 -2.22197771E-02 -1.26842952
 356 -2.30101609 -1.47257447 -1.06552780 0.275872737
 357 -0.527121603 -0.841670573 -1.18759918 4.89810109E-03
 358 -0.248251334 -8.29546824E-02 0.478748769 0.435490191
 359 -1.01091814 -0.676476002 2.83990055E-02 -1.52248371
 360 -1.30578244 -0.696160316 0.907908976 1.73523569
 361 0.907306731 -0.496659577 -1.13311529 0.826482356
 362 -0.327944010 0.737794340 0.211145699 8.00848007E-04
 363 -0.484175861 1.55610263 0.433858186 -1.48548079
 364 -4.84933704E-02 1.92829406 -0.460887045 2.07015920
 365 -0.988963068 -7.56629258E-02 1.85780835 1.96113944
 366 0.247014493 -3.93832028E-02 -1.53911996 1.00527740
 367 0.172931582 -0.491476536 -0.925432920 0.504517019
 368 0.186925426 -1.23139310 0.357435733 0.135014981
 369 -0.498131633 0.789458811 1.15013957 -1.33119583
 370 0.707997680 0.156408116 1.95471466 -1.27381885
 371 1.44239426 -1.02332997 -0.431315631 3.31905484E-02
 372 -0.906260133 1.21437705 0.232664302 -1.05710244
 373 -0.611065567 2.11954117E-03 0.349905014 -0.985223889
 374 -2.02648664 -0.938796580 0.897886574 4.26620245E-03
 375 1.36160493 1.82831764 2.05322576 0.447847545
 376 1.03565586 4.71582338E-02 0.606209517 3.80856693E-02
 377 0.386470705 1.98564482 0.713224292 0.397757500
 378 1.27347982 0.588162243 0.356848985 -1.08580112
 379 1.06995606 -0.328003079 0.453012228 0.333986521
 380 -9.47571099E-02 1.61644244 0.113189295 0.512077630
 381 -0.610993743 9.93348360E-02 0.553791642 1.81835639
 382 1.05432022 0.545007706 1.31720531 0.196956038
 383 0.147089869 0.256693333 2.64685512 -1.09259582
 384 1.43995249 -0.881358325 1.00653028 0.135987818
 385 -1.35680401 2.34954643 2.02702475 1.42481923
 386 -1.39999998 0.931473494 -1.05882525 -1.39447713
 387 0.439550161 -0.618062854 2.83521461 2.37471104
 388 0.684269905 -1.14105856 1.75332117 0.165902406
 389 3.43826246 0.493071616 1.22504282 -0.994211435
 390 9.95478183E-02 2.08298397 -0.590413570 0.598255455
 391 1.48570824 0.944800735 -0.296003014 1.89108896
 392 1.24303913 -1.39943933 5.65817952E-02 1.92216718
 393 -0.424843490 1.12291348 1.99499667 1.66944814
 394 0.657466710 -0.130074233 0.602972269 -0.991876900
 395 -2.21718103E-02 0.719506204 -0.599226534 0.395350069
 396 0.742841363 -1.88320231 1.00428891 -0.814480960
 397 1.27330478E-02 0.212888360 1.46204376 -0.827655792
 398 0.628170788 -1.30766678 0.539840400 -1.01785326
 399 -0.182320595 0.954194665 2.09192276 -1.04046893
 400 0.240352511 0.323885441 1.84310532 0.362255454
 401 0.473354727 0.984173536 0.812924981 -3.64859104E-02
 402 0.785681129 0.288289487 -0.526847005 0.666375041
 403 -0.494664609 -2.22625065 2.67656374 -1.16100466
 404 0.699537098 -2.47321558 0.440352857 -1.66099882
 405 1.49158752 -2.06427193 0.731413901 -1.42550015
 406 -1.64293200E-02 -0.410293281 1.02905381 0.304757625
 407 -1.44369149 0.440149486 -0.116140887 0.874029398
 408 1.35837889 0.637867689 -0.561809182 -5.91644645E-02
 409 -1.51339781 0.311423182 7.92689919E-02 1.65844011
 410 -0.212874115 -0.279060721 -0.705898345 1.80484223
 411 2.28702593 0.219248667 0.675995529 0.415101796
 412 1.65658438 4.82006073E-02 -1.21032238 0.647709072
 413 -0.422977090 1.22937000 0.753715396 -1.30675900
 414 -1.63516772 -0.104385823 1.14408362 0.426652879
 415 -9.11178514E-02 -0.503930569 -3.30453888E-02 -1.65411842
 416 -0.321840227 -0.675115228 2.05238175 0.599027991
 417 0.601150453 2.69860482 0.923253834 -1.10286629
 418 0.571123481 7.47114122E-02 -0.486814559 -1.24940646
 419 -0.694234371 -0.589298785 0.596665859 3.10989618E-02
 420 0.708746314 -0.652835131 0.102237649 0.251248538
 421 -0.559048176 1.02814174 0.916476011 9.90654528E-02
 422 -1.40230393 -0.279991359 0.115976021 -1.19349849
 423 -5.58009595E-02 0.937668860 0.374004304 1.64594293
 424 -1.16431725 -1.25556421 0.259839565 1.94437230
 425 -0.845844507 -0.316878438 -0.343338877 0.303489983
 426 0.172875077 0.872870445 0.910275757 -1.31791127
 427 -0.704046309 -0.809485137 -1.11937344 -0.997205377
 428 -0.482777596 0.244939953 0.391268522 0.308313370
 429 -0.132092625 -0.124517784 -1.20148706 0.113200396
 430 1.51647556 1.03806555 0.544780791 -1.29050028
 431 -0.276490897 0.255933881 0.832842112 1.49189115
 432 1.63625038 1.40771794 0.435887396 -1.13708305
 433 -0.156464368 1.17637241 -0.641623259 0.466573477
 434 0.840848684 0.267329693 0.353523880 -0.787019372
 435 0.745176852 -0.689185441 -0.488789141 1.41391754
 436 0.534104466 0.707263350 0.790922344 0.257434756
 437 1.99718142 -0.121426195 0.759304762 -1.67777920
 438 -0.360853195 2.92689085 0.101573527 -0.159251004
 439 0.687615514 2.22265887 -0.748357713 0.559215307
 440 2.11546707 1.37607849 -0.998634815 0.260361016
 441 0.412383974 1.68188989 0.693476915 -0.965813935
 442 -1.16674566 0.174003601 -1.89489377 0.290440679
 443 0.330715120 -0.130181536 -0.402409345 0.112105772
 444 -0.529257059 -0.824273765 -0.182468399 0.182455525
 445 -0.224434167 -1.00648177 -0.838085711 -8.17293227E-02
 446 0.518323541 0.573184252 0.139311165 0.296103716
 447 1.69985056 0.525321007 0.623033643 0.408587605
 448 -1.82190228 0.385458261 -0.648121655 0.462473512
 449 0.194744974 -0.642417789 -0.723373115 1.08810663E-02
 450 1.62479246 0.655170977 0.304702818 1.90509260
 451 -1.41621494 -0.684225976 2.88613737E-02 1.88735557
 452 0.821803093 -0.314598203 0.239986598 0.486146331
 453 -3.02650166 8.87999833E-02 -2.25209892E-02 -1.09625292
 454 0.110466421 0.553509891 0.861374855 1.95763743
 455 -0.462351888 -0.160193667 0.356338710 -0.808135390
 456 -0.485193700 0.831417441 0.426786721 1.81054318
 457 -1.64866257 -0.377059907 0.421199679 2.18022346
 458 -0.217261150 0.785051346 -0.144433886 -1.06221294
 459 -0.209378153 0.103696406 -3.89015079E-02 1.66354287
 460 0.530478358 2.03060031 -1.09271967 1.91642320
 461 -2.43465590 -1.66208696 0.117195219 0.332742453
 462 -2.23783684 0.648570299 -1.70904553 1.82564998
 463 0.732709467 1.53493464 2.21687889 1.67782784
 464 1.15917599 1.90530407 1.54778790 1.74183285
 465 1.08955169 0.378538251 -0.394977570 1.54362059
 466 -1.78734136 -6.14486672E-02 0.895577908 0.594510615
 467 0.806524158 -0.242119387 0.745193005 -0.997040093
 468 3.70272249E-02 1.16323674 0.988693058 0.303120732
 469 0.164048299 -1.33201873 -0.832509041 0.387399375
 470 1.81213069 -0.347149163 -0.886480987 0.637681961
 471 0.149521977 -1.09634531 2.88776779 0.294784486
 472 -1.75793052 0.238117918 0.569078684 0.335761905
 473 0.563283503 0.375747293 0.620581627 0.481662869
 474 0.245469332 -0.335324198 -1.76773393 8.07162821E-02
 475 -1.76396191 -0.158880264 -2.32034349 1.97516978
 476 -0.236483768 4.30695191E-02 1.97844470 -1.43196845
 477 1.86268568 -1.34810746 -1.11173379 1.86810768
 478 0.913641870 2.28988230E-02 -1.07197165 -1.35751045
 479 -0.322454274 0.940639198 0.903656721 -1.11783803
 480 0.219252840 -0.244214430 -0.697178125 0.293023229
 481 1.95439458E-02 -0.978687167 0.693631649 0.245340571
 482 -0.259391159 -1.55372843E-02 0.371909320 -0.933184147
 483 1.78855550 0.801717162 3.10994482 -1.37106478
 484 0.887178183 -0.427045077 4.83684093E-02 -1.15816617
 485 -1.41698194 -0.293687463 0.688918054 -1.43504274
 486 1.95538390 0.693828881 1.71573126 -1.25100851
 487 -0.205185741 1.42347610 1.70286810 0.394635141
 488 1.00896895 -2.03424740 1.03520775 -1.33109593
 489 -4.51823324E-03 1.98805094 1.02605879 0.951666176
 490 -0.860663354 0.772810459 -1.61975527 1.82529843
 491 -0.817772508 -0.346506566 2.79289484E-02 0.224137098
 492 -0.344227463 0.734822989 1.91282785 0.585060954
 493 -0.112918377 0.803767920 0.138878047 1.82834613
 494 2.32018495 -0.623428524 1.29395902 -1.17125440
 495 -0.485332221 -0.481994838 0.172541767 -1.40505648
 496 1.01533979E-02 1.77619529 1.16235971 0.295075387
 497 1.27087212 0.345391631 -0.769316554 -1.27042711
 498 -0.428046644 1.12316477 -0.317923248 -0.727197111
 499 0.214742005 -0.689039230 1.25976110 7.38044679E-02
 500 0.558497071 -2.81051540 0.366955340 -1.08362019
 501 0.253905654 0.915329337 -0.272726506 -7.49459863E-03
 502 -0.513877392 -0.357801259 -0.204376608 0.623413801
 503 -0.463693142 5.62102795E-02 1.43847060 -1.50678611
 504 -1.51904273 0.456504852 0.517977953 3.78229618E-02
 505 1.32869577 9.59096625E-02 1.02480721 -1.10484493
 506 -0.221459359 1.02533233 -0.432402760 -0.935735404
 507 0.561276197 0.424382031 7.34163523E-02 -1.05578351
 508 -7.11556002E-02 1.09909904 0.311583579 0.271089047
 509 -1.32676530 0.398380071 0.825986862 1.87999892
 510 -0.109413818 -0.932323694 -0.602809012 6.80640340E-02
 511 -1.10169005 -0.188333765 0.859441578 0.464968026
 512 -1.04904222 -2.61064243 -0.771198511 -1.56205392
 513 -0.868943155 0.580739379 -0.215554178 1.71074390
 514 -0.533180475 -2.01634502 -0.285232723 -1.09669614
 515 0.532480717 -0.441187322 1.29022300 0.317857176
 516 -0.649375916 -0.307122171 -5.01996167E-02 0.360408455
 517 -0.302617282 -0.133501738 0.859845221 0.495587856
 518 0.360588044 -0.907696247 -0.951474190 -1.12612391
 519 2.87739635E-02 0.166047126 2.05148888 6.27886504E-02
 520 -0.964647710 -2.21531105 -0.313117087 3.16285491E-02
 521 0.103344589 5.58399111E-02 1.49239266 0.576118886
 522 -0.779529929 -7.65926689E-02 -0.693291843 0.210130855
 523 -0.460390091 -8.59563053E-02 -2.03475547 0.365412503
 524 1.97175252 -1.00430405 2.46616268 0.515129328
 525 0.280658603 -0.298192501 0.208901763 0.295068085
 526 1.30253530 -1.19276226 0.666666031 0.473187476
 527 -0.645520270 -0.295899481 1.37339449 1.72223639
 528 -0.311278224 0.210269034 -2.09682202 1.73052835
 529 -1.14412785 -1.38581872 0.644486606 0.513866663
 530 -0.860020041 0.991723180 0.187929660 -1.46456194
 531 0.335299075 -0.171825990 -0.525968671 4.59628403E-02
 532 0.654290557 -1.00218809 -0.187826216 1.31537437
 533 -7.43140578E-02 -0.348211318 1.56726301 -1.39316726
 534 0.370971590 -0.773130715 -0.641263187 -1.08579493
 535 -0.618539095 -0.389194727 0.104092456 -1.39883530
 536 0.303560764 -0.705263674 1.17079854 -1.26897359
 537 -1.62964582 0.877875686 -0.504486561 0.640065014
 538 0.174544662 -0.618742943 -0.193252340 -1.24885881
 539 1.71167457 0.114327155 0.462772191 -1.19695377
 540 0.513560593 -1.67639840 1.18088293 -1.11603487
 541 0.158723831 -2.31314635 -1.05260849 1.85916817
 542 0.598167837 0.455882847 1.09454298 0.274571210
 543 1.32118499 0.486141711 1.03332114 0.542521119
 544 0.859132409 -0.402863801 0.101377934 0.196761638
 545 -4.11387384E-02 1.67376947 0.774054050 0.224517137
 546 1.88751650 1.12463295 1.34351611 -1.07041478
 547 0.789021850 -1.58891702 3.75486463E-02 0.157029212
 548 2.33758688 -1.06056643 0.300489783 -0.486145258
 549 1.33783770 2.28250647 2.41644025 -1.06756961
 550 -1.33510804 -1.01640391 -2.18786454 0.404527277
 551 2.37225890 -0.669570565 1.03150380 0.189331844
 552 1.14734960 0.297028750 0.608056188 0.470875829
 553 1.12205505 0.294129699 0.959923565 0.803803861
 554 -0.924073517 0.987212300 1.28086042 -1.07735932
 555 -1.25346518 -1.01880348 -1.19735456 1.62654352
 556 0.151068360 0.333188117 0.164686590 -0.863618374
 557 -0.817608893 -0.619297981 -1.84811294 -1.09489632
 558 -1.92604661 0.516193867 -1.06439495 -1.17435455
 559 1.50171471 -0.824285984 0.373369396 -1.33147967
 560 -1.21067524 -0.309234560 -1.09322417 -1.01576376
 561 0.104271144 -1.91618681 -0.612608731 0.620604694
 562 0.141394064 0.340705872 -0.697942853 0.227978915
 563 -0.622766137 -1.26026094 -0.133917093 -0.860071301
 564 -0.172332853 -0.432387561 -0.879055619 3.46850157E-02
 565 -0.646466911 -1.32353306 -0.704162359 0.338918954
 566 -0.759734750 1.24985695 0.804848790 1.97627687
 567 -0.621232390 1.44684684 0.737483621 2.11478996
 568 -0.265196562 -1.16310835 -0.946268320 -0.108617306
 569 0.566964924 -1.60766375 -1.34341431 0.373480052
 570 -1.64973307 0.883293271 0.192877769 1.88564873
 571 1.16169691 -9.15628672E-02 0.826889157 -1.26405442
 572 0.812999666 -0.877661288 0.215849936 -1.27835262
 573 0.279589415 0.234357625 -0.774463058 -1.10085869
 574 -0.449447274 -0.833612919 -0.974518955 -8.59178305E-02
 575 0.849863887 -2.46595144E-02 -0.152295038 -1.19715571
 576 -8.85894448E-02 -1.48914790 -0.279094696 1.68971407
 577 -1.39261043 -0.231986195 0.217960268 0.153271481
 578 -4.81869578E-02 1.53213072 -1.72127807 2.01560330
 579 0.299188644 -0.515457690 0.631804347 -1.24090290
 580 -6.51875883E-03 0.225791961 -0.240050241 -1.39648092
 581 -0.846908212 0.445822865 -0.145115957 2.16289115
 582 2.11892748 -1.01964748 0.315088749 -1.16889441
 583 0.641114950 -0.893848181 -0.548277974 0.529068410
 584 9.88298506E-02 -1.13631845 0.202375025 0.593103170
 585 -1.19409096 5.95530272E-02 -0.702292979 0.125997692
 586 -2.39939094E-02 0.799652100 4.98247594E-02 -0.899073303
 587 -0.828784168 0.418882698 0.195951909 0.524707079
 588 6.56743646E-02 1.22392237 -0.786208451 0.339372158
 589 -0.634071112 -0.299337596 -0.969560623 1.71354651
 590 -1.14683521 -2.15623045 -2.77780032 6.03201687E-02
 591 -0.668184459 -0.333527237 5.61108589E-02 1.85723460
 592 8.82750675E-02 0.550549328 -1.52840769 -0.989595950
 593 0.397870034 0.259802490 -2.05418873 0.288936049
 594 2.11325717 0.977542877 0.266770512 1.91553831
 595 1.07740176 -4.07367647E-02 1.77773297 -1.34383380
 596 0.792875648 0.390701234 0.456663162 1.81707013
 597 -0.872679472 -0.364090860 0.803639889 0.480856776
 598 -1.86557090 -1.70633173 0.420660019 -1.22482157
 599 0.442308873 -1.15432179 0.160960197 -1.37612975
 600 0.283705890 0.756911278 -0.399304330 0.207273990
 601 0.149294123 -0.956481695 6.88844174E-02 0.554332852
 602 -0.999085128 0.272837102 1.60129869 0.191250622
 603 2.18959236 0.300894439 -7.30797425E-02 -1.49842632
 604 -1.14273918 1.17539167 -1.09714377 0.150153667
 605 0.686344385 0.482960522 -0.644551754 1.78391421
 606 -1.20875609 0.703436613 0.176442087 1.87783098
 607 -0.465547055 -0.844666243 -1.25501263 0.231880724
 608 1.32913506 -0.536148071 0.717939734 -0.948070288
 609 -0.840934753 -0.317025661 1.04253387 -0.652286232
 610 0.307887197 -0.701175094 -0.662656307 0.921583772
 611 -1.38789821 1.56241310 -0.660053670 1.91223478
 612 1.48415959 -0.911023378 0.685933769 -1.13266706
 613 -1.55643475 -0.339991152 1.09059334 0.714451849
 614 -0.561552167 -0.652973294 0.809747458 0.244200647
 615 1.50759482 1.05745673 -0.345183611 -1.32247734
 616 0.827196717 -0.485253036 0.568999887 1.38592160
 617 -1.72965598 0.134895712 0.710663557 0.488009721
 618 -0.720790505 -0.781272054 -1.61591232 0.293006718
 619 -0.267226607 -0.245173573 0.135979876 2.18080902
 620 -1.40758383 -1.70056534 -0.290019900 0.279583961
 621 0.206463858 -1.08450568 0.383957744 -1.20139635
 622 0.230336711 2.11114645 1.10907352 0.503793657
 623 -1.42668855 -1.84578443 -0.995330393 0.476705849
 624 0.305900067 -2.23827648 -0.476440877 0.457433105
 625 1.13879275 -1.03422999 -2.02740359 0.166892365
 626 -1.18877006 0.275310695 0.704186141 2.17025423
 627 -0.473597676 0.661892176 7.34273493E-02 -1.21037447
 628 -0.565059662 -0.894824266 -0.423146218 0.138009042
 629 -0.568612933 1.25422502 -0.955737174 1.39177954
 630 -1.07002544 -0.743401945 -0.889757931 0.527311742
 631 2.75170541 -1.14903998 -0.708043575 -1.09861398
 632 0.406013578 -0.226390988 0.244864419 -1.23821294
 633 -5.34725115E-02 -0.542251647 -1.39726233 0.414770573
 634 -0.733210385 0.901807904 -0.460685164 0.239074856
 635 -1.24536467 -1.05255282 0.199097037 0.506925225
 636 -4.99433689E-02 0.732130647 -1.58546603 0.256529599
 637 0.752196789 1.12238896 1.38007903 0.471459866
 638 9.11446661E-03 0.158807635 -0.177774459 1.72989297
 639 9.93391499E-02 0.553986430 -4.43951376E-02 0.197261333
 640 3.94344330E-03 0.120730497 0.696718097 0.169396639
 641 3.03765908E-02 -0.954959333 -1.13068211 -0.443563432
 642 -0.866640210 0.805039883 -0.952566266 1.95244968
 643 -0.940041304 7.37653673E-02 -0.724988222 0.630307019
 644 -1.99454165 -0.717469752 -0.562361777 -0.996081054
 645 -0.629321396 1.41121483 0.896694183 0.306615263
 646 0.651471496 0.275729656 0.160484806 0.396484524
 647 3.20771635E-02 -0.194178656 1.01063883 0.389108837
 648 -1.25394464 1.50869584 0.489061534 0.505923867
 649 -2.06132460 -0.114108235 0.307541609 -0.919149399
 650 -0.133644924 0.103558019 1.15883327 -1.19821358
 651 0.230232880 -1.58981764 1.54162967 -1.40367115
 652 0.603263974 -0.924859166 2.02391338 -1.28861845
 653 0.643859982 1.29539657 1.08950591 0.196284994
 654 -0.496202379 0.935035586 9.74348634E-02 2.34985352
 655 -0.694555521 0.468586832 0.531307280 1.85900640
 656 -1.50388324 -0.165529490 1.54980898 0.417034626
 657 -1.14288116 -0.755043089 0.226851970 -1.23038769
 658 0.449868202 1.38627625 0.766879499 0.382942140
 659 -0.733435512 -0.564601481 -0.132527292 1.48086333
 660 0.880080223 0.146588251 0.643894494 0.158852696
 661 -0.349784672 0.615048289 -1.16614437 0.417822480
 662 -1.82973099 1.74162519 0.888538837 1.67032766
 663 -1.95512581 1.07754338 0.627197504 0.734428048
 664 1.22900224 0.413596421 0.853310525 0.358322233
 665 -2.01770353 0.183114395 1.51997566 2.83263028E-02
 666 0.633790255 -0.411270082 0.725212157 0.117262289
 667 0.992221296 -1.00880086 -5.52206300E-02 1.57669640
 668 -1.52244449 0.381614268 -0.115809619 0.227351502
 669 0.562258840 -0.396643251 0.454329580 -0.948628426
 670 -0.354986280 -0.549644768 -2.18264127 0.757700682
 671 -1.39274746E-02 1.18972278 0.163766444 -1.27789712
 672 -0.822618246 -0.742688775 1.25069582 -7.02011585E-02
 673 0.665670037 -1.18223155 -0.932905912 -1.02946067
 674 -0.508859396 -0.606219828 0.639795303 0.223353893
 675 1.06211245 1.34722042 0.398750275 -1.13266468
 676 -1.54637325 0.558152556 -1.06805396 0.361714065
 677 9.10821855E-02 -2.74429154 -0.866636813 -1.07140434
 678 -0.376048684 -0.981489420 -0.836961687 0.493546516
 679 -0.844913840 0.128835320 -0.567581952 0.305483580
 680 0.293673098 -1.86719048 0.508566618 -7.15264976E-02
 681 -1.39490306 0.403171897 -1.07936096 0.576297164
 682 -0.910264015 -0.562247813 -0.783957183 9.47107822E-02
 683 1.59308767 0.586476445 0.609331906 -1.02740419
 684 0.556449950 -1.66239750 3.28829551 -1.47523630
 685 -1.51026917 0.398057997 0.677930593 9.26972479E-02
 686 -0.998690128 1.07585144 -0.988869071 -0.238514751
 687 0.554458559 0.575752854 -0.170422643 1.52866840
 688 -1.46404326 -0.418483853 0.435895443 0.470925361
 689 0.694912016 -0.860046625 0.139590681 0.150065005
 690 0.186666995 -0.823732853 -0.469824374 0.392214745
 691 -1.09171879 0.384297431 -0.722600222 0.441118687
 692 -2.30705380 -1.03036797 1.46102905 0.289654493
 693 1.43560576 0.713276505 0.988728464 2.25422478
 694 -1.20814168 -0.657637358 -1.57972407 1.96731925
 695 1.17014635 -0.608787417 1.28518379 -0.847424626
 696 -0.464492321 0.449718475 0.513251722 7.34392256E-02
 697 -8.24252963E-02 -0.110119700 2.74718547 6.16816878E-02
 698 -0.770081401 1.28374612 -0.807106137 1.97080708
 699 0.307131171 -1.06057346 -0.409333616 2.29113126
 700 -0.871148109 -0.266185731 1.25824654 0.347186506
 701 -1.08202505 2.56747454E-02 0.503905296 1.60151601
 702 -1.64879441 1.17282546 0.605819881 -1.54105473
 703 0.337923050 -0.298430055 1.63976038 0.175317451
 704 -0.131430715 -8.50210786E-02 0.797516048 -1.05675900
 705 -0.839853525 -0.176681489 0.381913126 0.348815143
 706 -0.628407478 5.40083386E-02 0.230450183 0.661034346
 707 0.249159575 -0.420550972 -0.929047465 1.75227594
 708 0.907020986 -1.02226663 5.55761755E-02 -0.866311789
 709 1.92803144E-02 0.384796232 1.47679985 -0.806871653
 710 -0.597669661 0.989279270 2.69161367 0.365422636
 711 -1.63792336 2.02736998 -0.172122106 0.146107674
 712 0.246360317 -0.305213332 -0.569123983 0.385491490
 713 0.583213329 0.564948201 -1.16672063 2.41557431
 714 -1.94762325 -0.273297668 -0.337535501 -2.82025635E-02
 715 -0.714482725 -2.91035771 -2.21617150 0.293766975
 716 0.312957108 1.44112206 -0.483719587 0.208763063
 717 -0.293486297 -1.18345380 1.81787169 0.223704189
 718 -1.05572808 -1.36992335E-03 0.847759366 0.571038306
 719 -0.667621970 1.33390927 -2.20859766 1.58699322
 720 -4.70871627E-02 -0.313327283 -0.520137489 0.729753375
 721 -0.786493421 0.694320202 -0.371241599 -1.24194872
 722 -1.28343463 -2.73160768 1.39871335 1.73152494
 723 -0.622908950 1.22207248 0.274203539 0.443293393
 724 -0.334670484 0.721570969 0.222429588 -4.20508087E-02
 725 0.593963325 -0.564236641 -0.588959754 0.559298575
 726 0.170375615 0.851018488 -0.273764640 0.464885086
 727 0.250042558 -0.519530296 1.36772478 2.11177468
 728 0.334691197 -0.121343374 -2.20762300 0.577629566
 729 0.810144663 0.161838204 -0.656657755 -0.759577870
 730 -1.57963395 -0.251662374 -0.729913712 -1.37400651
 731 1.10498655 1.21859920 -0.800455868 0.246776029
 732 -1.34486115 0.680607498 -1.69192708 0.809347689
 733 -0.627331316 -0.382485807 0.489451319 -1.24422801
 734 0.286679566 0.428775698 -0.396997482 0.533848226
 735 0.287464738 0.811396480 0.229099914 0.544419646
 736 -0.131343693 8.28382596E-02 4.92526591E-02 0.129789248
 737 0.553181291 -1.30826366 0.661042929 0.138213113
 738 -1.14544964 -0.813705802 -0.469578713 0.368134916
 739 -0.193828106 0.319417119 0.720470250 -1.23007166
 740 -1.18040705 -1.19495261 -0.892751455 0.354016393
 741 -1.07684243 -0.351335943 -0.156942576 -1.12629426
 742 2.79625440 -0.612260461 1.87814105 -1.26778638
 743 -0.384009480 1.12648201 -1.26212144 1.42924392
 744 0.619904041 -1.00014114 -1.17069983 -1.35560203
 745 -1.40048742 0.219555646 -1.86269951 0.290549159
 746 0.324655533 -1.18620765 -1.73121428 -0.972184777
 747 0.289067149 1.39824808 -1.70339143 0.487809390
 748 0.427103877 -1.01257670 -0.884027243 -0.111404926
 749 -0.284656465 0.565802753 -0.815094769 1.79115474
 750 0.784612477 -0.288843572 -0.953032374 0.182600349
 751 -6.00772239E-02 -3.11458039 0.590408325 -1.38834727
 752 -0.452828139 -0.941639602 -0.700085461 -1.29236960
 753 0.259694725 0.624242306 0.689039826 0.208432019
 754 0.535150468 6.46340847E-02 -0.695192993 0.459406346
 755 0.543426752 -0.455663294 -0.426206261 -0.818624258
 756 -1.11623919 0.719034314 -2.22793865 1.62494421
 757 -0.815846026 -1.16952562 -1.50762284 0.145396128
 758 -0.532556951 1.34025514 1.03331840 2.05413723
 759 -2.41749436E-02 0.312883288 -0.247981817 0.248090416
 760 -1.49458659 -1.61986208 -2.03419423 -1.38845253
 761 1.65674829 0.998412251 -1.56670809E-02 0.309416860
 762 0.212700874 -0.596510708 -1.74479246 0.343108535
 763 -1.08518314 -0.464318633 -0.393990934 0.530594349
 764 -0.463861525 -1.19065857 -0.653095245 1.74903858
 765 -0.719178498 -1.38233721 -1.08197522 1.97913396
 766 0.259584755 -0.430241555 -0.525273561 0.297231197
 767 -1.13246226 -0.344610751 -0.117555805 0.227611661
 768 0.848899722 0.550970376 -0.601184189 4.63983119E-02
 769 -0.164114296 -1.54861712 -0.715836048 -1.44082046
 770 -0.112430349 -0.390011847 0.652718306 0.365322769
 771 6.11421205E-02 -0.960503578 1.00104880 6.57156110E-03
 772 -2.21742034 1.33554840 0.567431211 0.175290436
 773 -0.366486073 2.58294463 -1.34961820 1.48241723
 774 -0.236152619 -0.862745523 0.980226278 -1.20796919
 775 -0.845634460 -9.94372368E-02 0.245442331 -1.43095541
 776 -0.749176681 0.677683532 2.43983641E-02 -0.887534022
 777 0.718758821 0.608099163 -2.02031422 0.232055113
 778 -0.416422367 -2.05230045 0.492130578 7.76257515E-02
 779 -0.623324275 -1.32580948 -0.250493646 -4.77276742E-02
 780 -0.786362767 1.88282359 -0.314651102 0.416477293
 781 -3.42147872E-02 -4.48046327E-02 0.188815698 -0.886737287
 782 0.584483624 0.274082720 0.436385036 0.608211994
 783 -0.544798613 -0.363456935 0.844411850 0.542857349
 784 -1.49511564 0.166615248 1.75925255 0.157036901
 785 -1.51437283 0.737088501 0.446767092 1.45867765
 786 -1.82954943 -0.358273149 9.44845900E-02 0.181169048
 787 0.157271519 0.578809381 1.09790111 0.471934080
 788 -0.635437131 0.170917913 1.07817590 1.94606555
 789 0.510946631 -0.276515365 -0.288314819 0.531291127
 790 6.36399537E-02 -1.71670675 -0.450243235 -1.37829971
 791 0.212859169 -1.24349141 -0.795708358 -1.37624216
 792 0.110960931 -0.342340022 0.296996355 0.155513689
 793 -1.13441789 0.347902358 -0.783540487 -6.03731275E-02
 794 1.96461880 -3.10791321E-02 1.18940246 -1.59685075
 795 0.388557255 -1.00691473 0.525313318 -1.05647635
 796 -0.131656095 -1.02635098 1.32756805 -0.997065544
 797 -1.13476002 -0.783545196 0.467598975 0.162450418
 798 -1.48319888 0.410173595 0.141884625 0.124488264
 799 -1.78660774 1.03904450 -1.45866084 -1.16627181
 800 1.31572473 -0.522776604 2.38547587 -0.919788957
 801 -0.492559403 1.31838763 0.175827563 0.290539861
 802 0.153641671 0.452716947 -0.813916266 2.09500766
 803 1.07475019 0.525020957 1.14846408 0.555808365
 804 -0.632439375 1.77494049 -2.14156580 1.76289284
 805 -1.41725230 -0.558160007 0.546024323 0.223465547
 806 0.578661203 -0.363264889 -1.93118060 0.318369627
 807 -2.22127080 1.85319567 -0.281157970 1.35405564
 808 -1.59652340 0.222731829 0.301559269 1.99839807
 809 -0.781202734 -1.27468586 -0.559588611 0.568578422
 810 0.203236252 -1.03061914 0.803133905 0.324175298
 811 -1.46824110 0.188252777 -6.32823110E-02 -1.12605631
 812 -0.719857156 -0.868037045 -5.06210774E-02 0.367388904
 813 -0.282336324 -0.115962833 -0.400973499 0.403020382
 814 -1.45878494E-02 -0.270389885 -0.834507406 0.430369854
 815 0.288017869 0.673783064 -2.79372644 -0.967334926
 816 -0.951658726 3.54240835E-03 0.955663979 0.405844241
 817 1.49899399 -0.146897539 -0.733201146 -1.43533134
 818 2.00214601 -0.146591634 0.553913355 2.79664397E-02
 819 1.52752852 -0.108116098 -0.451123238 -1.35571218
 820 0.597782969 1.12264204 1.98298526 0.591819227
 821 -1.66896713 -1.30090821 -0.410811722 -0.723633528
 822 0.409645498 -2.43094826 -7.20508769E-03 -1.13330209
 823 -1.46427703 0.382071912 -2.27188420 -1.18501091
 824 -0.411908388 0.974156380 0.213417709 -1.11522341
 825 -0.992352366 1.24709308 -1.50785136 1.73783481
 826 1.86617422 -0.770868957 -0.405730724 0.452149153
 827 0.984036684 -0.129013315 1.44342351 -1.37929296
 828 0.358462512 -2.02514553 -1.07697272 -0.824435830
 829 0.774180174 -1.46532488 -8.84223804E-02 0.455624700
 830 -0.831426144 -0.189028382 0.679724395 1.71003509
 831 -0.760407090 -2.25025129 -1.72946489 0.178070337
 832 0.826715946 -0.577987552 -0.803584218 -1.19013643
 833 1.01347733 4.92021367E-02 2.23938203 0.312602967
 834 -0.284641176 -0.955752194 0.174425289 0.327239782
 835 -0.295087457 0.251353681 -0.474668741 1.92895830E-02
 836 -0.202601701 -0.748152733 -0.757884204 -1.06993234
 837 1.08398306 -0.842255652 -0.399300128 0.507623971
 838 -0.627488256 -1.54676342 -0.836869299 5.89531064E-02
 839 0.202289820 -0.332817733 0.854059696 0.481002539
 840 -0.533321977 -0.100957796 0.323745847 0.889302194
 841 0.425815552 2.05896683E-02 0.205554515 2.15729356
 842 0.600381970 -1.71218920 -1.56911981 0.414178550
 843 -0.740852118 0.322755337 2.16744471 0.456368536
 844 0.372622669 0.446999788 0.344650835 7.85990059E-02
 845 -0.274039894 -1.77048802 -1.00333965 1.24888086
 846 -0.681205690 2.69469209E-02 0.656647563 0.392143935
 847 -2.03455973 -4.36054170E-02 -0.640442014 4.16162908E-02
 848 -0.909929276 -0.104371853 -0.952414930 -7.68423378E-02
 849 0.277094901 0.102477804 -1.07958972 0.160998568
 850 0.545019686 0.108251691 0.132214546 -0.695955992
 851 0.215043843 -0.478672951 -0.879649401 1.51599324
 852 -1.43484962 -0.251243860 1.90748823 -1.15565670
 853 0.680599570 -0.572076619 -1.71068025 -1.10827494
 854 -0.632228076 -2.24441385 -1.46873188 -1.16466689
 855 -0.173189551 -9.98414829E-02 -0.895626724 -1.20245278
 856 -8.25875103E-02 0.461829245 0.617795944 0.371464193
 857 0.502680182 -1.52965224 -0.883779228 0.151924998
 858 -0.648457289 -1.03029907 0.131382719 -1.48777437
 859 -1.08676529 0.506725490 -9.43270028E-02 -1.26681066
 860 -2.63763881 0.518054843 -0.166390628 6.90555573E-03
 861 1.69824457 -0.971905410 1.82719624 0.604721189
 862 -0.361606568 1.51163161 -1.78332055 7.82150924E-02
 863 -6.83211982E-02 -1.15548897 -1.04877818 -1.66946912
 864 -2.28831959 0.348443568 -0.782038927 0.453987300
 865 0.805075169 -0.561495781 1.01016533 0.190407738
 866 -0.682417870 9.90622789E-02 -0.102806062 -0.794829011
 867 0.632996798 -1.93379474 0.478199005 0.352639288
 868 -1.05543780 -8.37440044E-02 0.564542472 0.490041256
 869 0.381734282 0.458425581 -1.61314726 -0.900547028
 870 -1.59872103 1.67028201 -0.984270871 -1.38634324
 871 0.930267572 1.12771535 1.23712659 0.296842456
 872 -0.367012352 -2.31393600 -0.468234777 -1.33302391
 873 -0.114168078 -1.08396363 -1.32809019 0.424467027
 874 -0.956586242 -1.67328215 -0.856915832 -2.32647061E-02
 875 -1.85764933 -0.526574731 -2.27452111 2.18686342
 876 -0.856248856 -1.08271635 0.893921733 0.120439291
 877 0.330477238 -0.207925767 -0.598906338 -1.21668351
 878 -0.651061118 -0.387284815 -1.11186743 0.141877577
 879 -0.857689440 7.88890719E-02 -1.10147560 0.378215134
 880 0.201162875 0.214772642 1.54958808 0.481258094
 881 -0.961508155 -0.985659957 0.581431031 -1.20574653
 882 -0.382640123 0.127099276 -0.548769593 2.21426320
 883 -0.778581500 0.824636161 0.325171381 1.86758602
 884 -2.46664429 0.542785227 1.02413929 3.40756774E-03
 885 0.178056836 0.133081451 1.29196250 0.663757205
 886 -0.361772478 -0.921482563 -0.854978323 0.297148049
 887 -0.294802517 -0.645460129 1.10985994 0.501969874
 888 -1.41258144 -0.485270113 -0.831364632 -0.913583577
 889 -0.701022565 -1.40522838 1.01437008 -1.09925485
 890 5.22231460E-02 -0.391508341 1.25086808 0.524668813
 891 -2.69739106E-02 -1.68418109 -2.29365468 -1.18260980
 892 -2.03862548 -0.781806469 -6.53647184E-02 1.47669172
 893 0.820886016 -5.36707491E-02 -1.00170982 -0.916834176
 894 0.420432806 -0.228680313 0.248457253 0.257071435
 895 -1.52136290 -1.79004312 0.248870045 2.94532180E-02
 896 0.241026253 -1.99007154 -2.51479244 -1.19649994
 897 0.237451792 1.14040947 0.898510218 -1.00244427
 898 -0.716213703 0.608865619 -0.804047465 0.505405486
 899 -1.44733381 6.36768043E-02 -1.08618844 -1.42122722
 900 0.554242849 -0.355208218 -0.967223048 -1.00069046
 901 -0.540053368 0.115961969 -0.612816274 1.80738199
 902 -1.33199155 -1.05112517 -0.690164149 -0.243985653
 903 -0.137998968 -0.336020470 0.594077468 -1.26404452
 904 -1.70703793 -0.113696843 -1.33207607 1.33109963
 905 -0.749731362 0.202425584 0.129722536 -7.97435343E-02
 906 0.310395986 1.05679059 -1.82319880E-02 -0.904800832
 907 -1.14714074 -1.67214942 -0.641204059 0.602679610
 908 -0.591247082 0.925598264 -0.506728232 -1.19777489
 909 -0.707856894 -1.03920901 -0.324949026 0.247608781
 910 -1.20420432 -0.966140509 -0.149189204 -7.04754293E-02
 911 -1.10718274 -0.429016262 -1.08803403 -1.07665253
 912 0.481363475 -0.211788595 0.683382273 1.60631657
 913 -0.651692510 -0.356692761 0.791484594 2.04358697
 914 -1.81488907 -1.25983024 -0.412202179 7.10463524E-03
 915 1.36494255 0.326623142 0.226597250 -1.14190817
 916 -1.24761140 -0.305908501 0.424072087 -0.891732097
 917 -1.00124145 -0.244043887 0.675831199 0.404882073
 918 -0.639922023 -2.24112415 -1.01647758 -1.22176337
 919 -0.650201917 1.49205041 -0.415015280 0.486287177
 920 -0.100840181 -0.525635958 -0.758854389 -0.849615991
 921 -1.52926958 -0.175026387 -1.15022147 0.526698828
 922 0.203329369 0.320643008 1.36344504 0.441167653
 923 0.302051187 -0.887709141 0.339890063 0.187613696
 924 -0.747809947 -0.360189974 0.160156578 -0.144740701
 925 8.37934166E-02 -2.08342457 -0.554642200 -1.30970597
 926 1.78587461 -0.224106967 0.626637697 -0.870682955
 927 -1.21606612 -0.863885164 0.322351754 0.512019694
 928 0.632530034 -3.17446515E-03 0.599970818 -0.948245525
 929 -1.04068267 1.04783499 -0.800073862 0.271611691
 930 1.02170253 -1.99821842 -0.476995647 -1.22646809
 931 0.902042091 -1.67065406 0.185943872 -1.16372645
 932 0.879004061 0.341333151 -2.71605372 -2.51400769E-02
 933 0.470668674 -0.163355187 1.01826835 1.54835904
 934 -0.551415622 -1.20425725 -1.05750632 1.60675907
 935 -0.554568887 0.318958789 -0.336675793 0.627832890
 936 -0.769781470 -1.00471807 0.684718490 0.450990826
 937 0.229312479 1.01808786 0.858394384 -0.947061002
 938 -0.488312304 1.97884274 3.32149565E-02 0.892639399
 939 -0.185781226 1.37882733 0.868625343 1.39069521
 940 -0.585278273 -0.356531918 -7.05093816E-02 0.568015277
 941 0.450105548 -1.07005537 -1.36310685 0.127819806
 942 -0.348401010 -9.23755988E-02 0.885654271 -1.03373456
 943 -2.76874375 -4.18141633E-02 -0.820761979 0.446933866
 944 -5.77703714E-02 -1.51149321 -0.891737342 0.489992410
 945 -0.126769856 -1.06971860 0.298830539 0.542432249
 946 -0.893721581 -6.78319037E-02 0.255008370 0.288625270
 947 8.44686478E-03 -1.07029533 0.335115671 0.238789603
 948 0.266650647 0.550600410 6.19302318E-02 -1.02055037
 949 -1.01810086 -1.16516113 0.281196982 0.134424135
 950 -0.727233350 -0.208372056 -1.70875025 0.260646820
 951 -0.663483739 2.17555035E-02 0.143045038 0.428195000
 952 -2.24023128 2.35660076E-02 1.01533937 0.534202814
 953 -2.15841508 -0.132084936 -0.719585299 -1.24881268
 954 -0.639562130 -1.93320692 4.36893404E-02 0.652651072
 955 0.551520348 0.396962404 -1.66150975 -0.915367186
 956 -0.272917688 -6.01619780E-02 -0.467948437 -1.01675320
 957 -1.37178063 -0.570882857 -0.255396813 -1.19391251
 958 -0.243202925 1.96313655 -0.721239448 0.354572445
 959 0.234915555 4.02439237E-02 0.100625902 3.50911021E-02
 960 0.183558136 -0.174097002 -0.891214132 -0.836102724
 961 1.66065586 0.448499650 0.302006900 0.423112750
 962 0.299853086 -0.354737669 6.71360046E-02 0.537433624
 963 1.19583392 -0.457519352 7.29041547E-02 0.440211236
 964 -2.12894511 1.66702795 0.108444601 -6.92743063E-03
 965 -0.556752324 -0.508663177 0.234144107 -0.802235544
 966 -4.93216664E-02 0.569075227 -0.291761190 -1.40731013
 967 -0.982780874 0.772414505 -0.143362060 0.621094286
 968 0.217275381 -1.63062787 0.106737688 -0.893260717
 969 -2.76134586 1.06121886 -0.546726108 0.237042010
 970 -0.534180820 2.26272082 1.59563303 1.78411484
 971 0.106405377 -4.37140465E-04 0.312871635 0.466103822
 972 1.16297412 1.75757408E-02 -0.516492486 0.211607724
 973 -1.42804110 -1.67911112 -0.179570913 1.84576797
 974 2.08255935 -0.841346800 -0.142471358 -6.45605028E-02
 975 -0.339897633 -0.324774295 1.62684488 -0.999972463
 976 -1.76063633 1.48617697 -1.49084747 0.342941761
 977 -0.977380097 -0.724948645 6.35517836E-02 0.486263901
 978 -0.336910218 -0.470100880 0.957145572 2.07421494
 979 -0.958475947 -2.43951106 1.42381263 -0.984316587
 980 -0.344446331 -1.67207086 -0.725061774 -0.135745138
 981 -0.578912854 -0.433564365 0.596065640 -0.814745307
 982 0.676748931 -0.571730673 1.48425806 9.61706638E-02
 983 -0.192685023 0.549524665 0.277727216 1.79481161
 984 -0.998858094 0.939627290 -1.29894876 0.359936416
 985 0.346599638 -0.773985803 -1.01374507 0.456044436
 986 -0.629529476 1.06835246 0.493971914 0.181705475
 987 0.426246107 -1.15205848 0.472244918 -0.818014622
 988 -0.972569704 -0.858831763 8.68063942E-02 1.48629737
 989 -0.581673086 1.70912504 -0.137715876 0.478720903
 990 -0.626716673 -0.546836019 0.882722259 0.576596856
 991 0.780826807 -8.69724602E-02 1.16810167 0.285685271
 992 -2.81623304E-02 8.15644041E-02 0.289269209 1.93002975
 993 0.196776465 -0.126147985 0.253663838 0.347394437
 994 -0.897955120 0.459380090 0.385187358 -1.15217817
 995 -2.15429425 -0.515667140 -2.07710695 -0.901683152
 996 1.12623811 1.86086750 -0.204857886 -0.753056705
 997 -0.404957086 1.09746814 -1.89378038E-02 1.67638588
 998 -1.55022049 -1.13229275 -0.466134727 -1.55481768
 999 0.839224815 -0.254524231 0.798077404 -1.60895109
 1000 -1.73300505 -1.32423556 1.29671204 -1.27272940
 1001 -5.49496152E-03 0.479585171 0.879391551 0.317531139
 1002 0.244259894 2.22813892 0.898580253 0.392472446
 1003 -7.20077157E-02 0.313476533 -0.190716684 0.187775254
 1004 0.388200283 1.55215383 0.984786332 0.353463292
 1005 1.00119269 -0.956343234 0.748049378 -1.13006830
 1006 -0.933125854 -0.514834940 -0.243079007 -0.888221741
 1007 1.55177963 -0.376473188 2.32045984 0.206309289
 1008 -1.44930434 0.746800780 -0.492369711 0.276117563
 1009 0.613728523 1.64438438 -0.298874140 1.52008259
 1010 0.869100630 0.859687984 0.355156273 0.501158655
 1011 -1.33143759 1.96083629 -1.45996487 2.27404571
 1012 -1.11428213 0.631571651 -0.655758262 1.62345397
 1013 5.68062663E-02 0.325466156 0.700699031 0.390507936
 1014 2.38626748E-02 0.664391875 -0.789489210 0.321750253
 1015 0.803837657 -1.15093219 1.42571962 -1.11354923
 1016 0.404783487 0.642467558 0.761807799 0.157154828
 1017 -0.921671033 -0.239161968 -7.04835206E-02 -0.130548358
 1018 0.877427340 1.06688046 1.44298649 -1.05853808
 1019 -0.679992437 -0.480021596 -0.564561307 1.56608558
 1020 -0.952565193 0.392001212 0.220823884 3.71680707E-02
 1021 -0.144615695 0.427331269 0.790756226 1.92979109
 1022 -0.418209255 0.685328782 -1.22091079 0.177609846
 1023 1.35254681 -2.32669473 -0.322017848 -1.35651219
 1024 1.40643585 -1.02882898 1.09460020 -1.35599852
 1025 0.140333086 0.141033888 1.02807772 0.518076420
 1026 -4.10634726E-02 -0.407728374 -0.731645465 4.40801680E-02
 1027 0.554984868 0.109677866 0.597163320 -1.25298107
 1028 0.657861948 0.994356275 0.669448733 0.263120443
 1029 -1.38433671 -1.19335926 -2.81764889 0.389374971
 1030 -1.20785987 -0.430445611 0.119484268 2.74859965E-02
 1031 -0.171897173 -0.204190388 0.392790079 0.358497411
 1032 -1.06696379 8.01344216E-02 -1.00772190 -1.48078287
 1033 -1.53329301 -0.150866061 -1.08940709 0.367963374
 1034 2.64120841 1.07566869 -0.691827476 -0.692252219
 1035 0.739275575 0.509310961 -0.512281299 -1.17858529
 1036 1.42750299 0.612191975 -0.994765401 0.190885603
 1037 -0.636625886 -0.738227308 0.881532252 0.348299265
 1038 -0.263371766 1.51055431 -1.51284075 0.546447337
 1039 -0.160542339 1.92002451 0.553906858 0.326786935
 1040 0.932611585 0.486597925 -1.38463390 -1.18607843
 1041 -0.727229655 1.10477448 0.447355777 0.829256177
 1042 -0.131879970 0.220226169 -1.13726175 0.330406487
 1043 -0.658609092 0.847577512 -0.332581431 0.230807260
 1044 1.10450470 -0.747448683 1.37009192 -1.04620194
 1045 0.560100079 0.874237061 -0.610504627 -1.05227435
 1046 0.935529828 1.81446171 -1.29573786 0.541440964
 1047 -0.993795812 0.410500854 -0.274940431 -1.20152748
 1048 0.883758128 0.927380800 0.259574026 -1.04320002
 1049 -0.154565379 1.39743555 -0.162132829 7.45160878E-02
 1050 0.142075151 -1.39262211 -0.246485651 0.560687959
 1051 0.493130088 2.79414344 -0.965878606 7.24486411E-02
 1052 1.41283643 0.752320826 -0.841580927 -1.10074210
 1053 0.252493858 -2.27017105E-02 0.235604838 0.233386979
 1054 -0.443869740 1.33175778 -0.586005330 0.542234659
 1055 2.01197743 1.40558398 -2.50953436E-03 -0.875251889
 1056 0.825857043 1.81880736 -1.41113818 -1.45438433
 1057 -0.221455008 0.726437926 0.364206553 -1.33578360
 1058 -0.434682965 1.49628246 0.160090297 -1.20531416
 1059 -0.487955570 2.65326381 2.80981660E-02 2.83975899E-02
 1060 -1.71192062 1.64861846 8.00592452E-02 1.37010098
 1061 1.30843449 1.96184182 -2.44625881E-02 -1.35117924
 1062 1.72774076 1.18987358 -0.230806634 -1.26112068
 1063 -0.837519169 2.16632628 -0.402268678 -1.41094863
 1064 0.420092255 0.489493072 -0.388034254 -1.12437284
 1065 0.579285383 -0.370065272 1.07908010 -1.23529541
 1066 -0.995565176 0.651976883 -0.521493375 0.167968065
 1067 -0.818036318 2.03087664 -0.360405028 -1.02049971
 1068 1.28353524 1.08047879 0.387149274 -1.14413869
 1069 -0.981011212 2.12291861 -0.196050197 -0.835663557
 1070 -0.690957904 -1.21861804 0.960815370 -0.957026422
 1071 0.369779497 1.95161247 0.418768972 -1.30722058
 1072 -0.355037659 1.57225227 -0.245444387 -5.78703880E-02
 1073 0.287864745 1.47061276 0.439578831 -1.14468539
 1074 0.171966076 0.775012374 -6.25759363E-02 -0.845616877
 1075 -0.144268975 2.15933681 0.253839254 -0.997765720
 1076 -0.602241874 1.69829655 1.33289075 -0.874096394
 1077 1.91985834 1.48366714 1.25049388 -0.809070110
 1078 0.786712945 -0.409490138 -0.711283684 0.680736184
 1079 1.12619567 0.791195273 0.156056300 0.225644246
 1080 0.522501767 0.748574734 1.33709824 0.136027470
 1081 2.37283540 1.85361540 -0.135971740 -0.916245878
 1082 2.43943405 0.711292863 -1.80613603E-02 -1.05262601
 1083 0.676641226 1.14556754 -1.69088852 -1.46416891
 1084 0.121321261 0.285631835 0.259861887 -0.733089507
 1085 0.705018044 1.42835450 -0.167490333 0.102006987
 1086 2.26143074 1.41455066 0.371396273 -1.17409074
 1087 -3.99530679E-02 0.129532769 -0.908127904 -1.15985167
 1088 0.809471190 0.942036808 -0.527686357 -1.08713627
 1089 1.67185813E-02 -4.41058874E-02 0.431174308 -0.640596867
 1090 0.700887322 0.873085916 -1.02843773 -1.01647472
 1091 1.06372941 0.833645403 -0.482686490 -1.06108713
 1092 1.56010902 0.487153202 -0.533707082 -1.08917320
 1093 2.42680883 2.96952653 0.390100598 -1.04393077
 1094 0.814908504 0.758999288 -1.69221270 -1.33277571
 1095 2.21999669 1.71849442 0.240933418 0.231912389
 1096 1.68198586 0.870850801 -1.99203336 -0.743644953
 1097 0.635153592 1.43380892 0.388129562 -1.09864783
 1098 0.746260881 -0.740695417 -0.454666615 -0.874996066
 1099 2.07343626 1.74026144 0.502648532 -1.23139012
 1100 2.37645793 0.248339325 -0.591825604 -0.944287539
 1101 1.30787885 -0.391620010 3.66708525E-02 -1.02279234
 1102 3.19327736 1.47342455 0.993871391 -1.36912072
 1103 1.14435363 0.272521138 0.779401660 0.417459488
 1104 2.00503731 1.28215790 0.684126556 -0.947894633
 1105 1.00557435 -0.987009048 -1.64903331 -0.899508119
 1106 0.830941677 0.436748147 0.574386954 -0.741993427
 1107 0.596127868 1.22487211 -1.86308813 -0.856439829
 1108 2.14578056 -0.642621279 -0.603590667 -1.28857422
 1109 -1.56930470 -0.871655822 -0.636692524 -1.16401207
 1110 0.878767312 0.557746530 0.225272283 -1.26057899
 1111 0.831077635 -1.71063542 -0.570675254 -1.28588581
 1112 1.01620328 -5.77217638E-02 0.403509825 -1.21363974
 1113 1.64164972 2.12585855 -0.880637228 -0.766305566
 1114 1.63474727 1.08761907 -0.445107430 -0.880657911
 1115 0.315870106 1.63808584 0.540029049 -1.20869493
 1116 0.665666103 -0.572483361 0.301497996 -1.07375216
 1117 1.02685070 1.91160560 1.11035001 -0.844267607
 1118 0.742189646 -0.738250375 -0.755349636 -1.18784678
 1119 1.25834525 0.353523225 0.265348017 -1.43348396
 1120 0.162507877 0.892376244 -0.504182339 0.459151685
 1121 2.60032105 3.19482207 1.27020812 -1.07929444
 1122 1.34736109 3.70043564 -0.284636050 0.449519247
 1123 1.40602362 1.97712970 -0.465824544 -1.15118062
 1124 0.158435374 1.72263193 7.83734620E-02 -1.49233818
 1125 -0.513234794 0.413703263 -1.17205381 -1.18852794
 1126 0.181174427 -0.864743412 0.545310736 -1.29183471
 1127 1.21256804 -1.56511879 -1.31087959 -1.69666624
 1128 -0.638011217 -1.64993751 -9.93973017E-03 0.514041901
 1129 2.00321245 1.29251349 -6.58629537E-02 0.421271861
 1130 0.722305179 1.05165231 1.55823421 -1.14609623
 1131 0.763776958 -0.503230751 -0.590838134 0.574682295
 1132 1.52423441 -0.727973938 3.27154100E-02 0.803459644
 1133 0.349005610 -0.170049012 0.140081912 0.199878931
 1134 1.77271402 -2.77727544E-02 0.154027164 -1.03815258
 1135 0.573850811 -0.924985826 -1.20858526 -1.10543275
 1136 1.57919943 2.76151252 0.304265022 0.658424020
 1137 0.996424496 -1.17522752 -0.270525753 -1.53168225
 1138 1.18564785 0.168863386 -0.509891033 -1.37444282
 1139 1.41048813 -0.359233618 -0.885713100 -2.67535746E-02
 1140 -0.519329607 -9.26278308E-02 1.85744619 -0.833722353
 1141 -0.684963703 -0.982938826 -0.297425985 -8.97815824E-03
 1142 -0.115658402 0.354930371 1.05150318 0.634921312
 1143 0.128101468 0.150212169 -2.18227935 -1.45059812
 1144 0.144448459 1.49838209 -1.39165068 -1.26911712
 1145 -0.681444705 0.849569142 2.09732199 0.254709005
 1146 1.25098217 -1.26059091 -0.382917106 -1.02102399
 1147 0.696071208 -0.155169725 0.931073308 -1.37381387
 1148 0.217443526 5.98476455E-02 -0.400178939 -0.968084753
 1149 0.370787531 0.800061941 6.73584342E-02 -4.92632687E-02
 1150 1.04347205 -1.17210102 -0.159362942 -1.16192091
 1151 -8.88267756E-02 1.24814820 0.750048041 0.718512237
 1152 -1.47159576 -0.691531062 -0.992938757 9.33597982E-03
 1153 -0.168846250 1.33806765 -0.978161991 0.262310207
 1154 0.570232272 0.852244377 0.737601340 -1.29994011
 1155 -0.238775358 0.682619154 -1.37301838 -1.06988776
 1156 -0.918926537 2.62386948E-02 -0.389267385 -9.96038318E-03
 1157 -0.656495631 0.973380625 -1.27229929 0.119791359
 1158 -0.407209992 0.339759260 1.86585891 0.521173954
 1159 -9.31834877E-02 1.15910780 0.594203949 1.94251525
 1160 0.192411959 -1.09111726 -2.46272302 0.367839634
 1161 -0.422216296 -1.53423274 -0.191129461 -0.981726527
 1162 0.403051257 0.451634049 0.297708929 1.75626385
 1163 -0.134762794 -0.770776272 1.48150778 1.78202045
 1164 1.20607162 0.716890812 -1.64383399 0.155839771
 1165 0.908373237 -0.544013381 -1.17638469 -0.868758917
 1166 1.61103463 1.78358865 -1.89189172 0.438460827
 1167 1.18206906 -0.136749461 -1.02008688 0.259911448
 1168 -1.84902787 1.76361454 -7.99745768E-02 -2.40174234E-02
 1169 -1.23411655 -0.479618520 0.214417547 -0.814680457
 1170 -1.24016345 4.36379015E-02 -0.159250855 0.516954303
 1171 1.32258308 -0.984301567 0.373474538 2.33778059E-02
 1172 0.327288836 -1.05554795 0.581609607 -1.33952081
 1173 -1.48130894 1.21291065 -0.918493211 -0.893195271
 1174 -6.34691566E-02 -0.702529967 -0.859944582 0.469198287
 1175 1.10268843 0.452795386 8.12447816E-03 -1.11453867
 1176 0.475805700 -0.261076629 -1.34966815 -0.871761620
 1177 1.27670813 -1.71298832E-02 0.689868808 -1.07900882
 1178 0.623938799 -0.250983834 -0.757177830 -1.29645765
 1179 -0.372452021 0.207061499 -1.97801030 -0.839184582
 1180 -0.471877456 0.755515575 3.41048976E-03 0.344841540
 1181 0.326614022 -1.01083302 -0.511052191 0.348270297
 1182 1.59455895 -0.266089290 -0.304918110 0.274490952
 1183 0.886348605 -0.722102523 -0.960510910 -1.42313635
 1184 0.713748693 1.32204127 -1.73190725 -1.54765844E-02
 1185 0.588761449 0.330684274 -0.185153946 1.67907548
 1186 -0.152323306 1.16600144 0.562600136 -1.09523535E-03
 1187 0.508681476 -0.188166887 -2.69525051E-02 -1.57972968
 1188 0.993570387 -2.10119796 1.01385260 -1.27169800
 1189 0.846390784 0.715889335 6.08537197E-02 -0.703460932
 1190 -0.859535515 1.15273237 0.839166284 0.424604952
 1191 1.53302443 2.16314718E-02 1.41536069 -1.10709846
 1192 -0.848265409 -0.140564755 -1.53136051 -1.11480284
 1193 1.05889034 -0.960356236 -0.591692030 0.655572355
 1194 0.237097412 -6.21224269E-02 -1.05039954 -0.849357486
 1195 -0.446376592 0.587170005 0.349822521 -1.21640944
 1196 0.962919414 1.97475541 -1.51931524 -0.986516237
 1197 1.70408893 0.421367049 -0.955680370 -1.01629639
 1198 0.718314111 0.409975231 -1.65970004 -1.21307898
 1199 0.968795419 0.588050246 6.87092543E-03 -1.42749345
 1200 -6.83990568E-02 5.23495488E-02 -8.19301009E-02 -1.01238477
 1201 -0.533451617 -1.33487117 1.59428477 0.453973174
 1202 2.14811039 -1.38219559 -0.447713494 0.274523556
 1203 0.585840940 0.258183777 -1.78896689 0.429652512
 1204 0.633571386 -0.391302288 1.03555250 1.89953375
 1205 1.17032027 -0.127151534 -1.95093644 0.117449909
 1206 -0.332642525 -1.85949993 0.666382551 0.512276769
 1207 1.37985599 -1.76790941 0.174152255 -1.23093057
 1208 -0.882247508 0.760471106 0.167537510 -0.254095703
 1209 -0.474352300 3.14531028E-02 -1.76517200 -1.14782345
 1210 -1.33779669 -0.527909100 0.171783566 1.31468678
 1211 2.03854370 -0.691180766 -0.966830015 -1.24214029
 1212 -7.52743557E-02 -0.750298560 0.564663768 -1.27713346
 1213 8.28090906E-02 -0.341710448 1.41758311 0.460434020
 1214 2.62297773 -2.08135438 -0.358110815 0.410037458
 1215 -2.07172489 -0.365268111 0.472042680 0.296315312
 1216 -0.276911914 0.370420843 0.339406312 -1.13153195
 1217 -0.143853903 -0.273809046 1.55127120 0.296137393
 1218 -6.06046319E-02 0.697906375 1.00109935 -6.31256104E-02
 1219 -1.11967301 -4.18534875E-02 -8.30209255E-03 1.85836995
 1220 0.301884413 -9.03317332E-03 0.300484806 0.287393332
 1221 -0.203941375 0.251927853 -0.418715507 8.85894597E-02
 1222 1.62277067 0.874662399 -1.81177342 1.90294981E-02
 1223 -5.53763509E-02 -1.56603742 -0.393667489 0.528368235
 1224 0.806768000 -5.50272465E-02 -1.05869126 -1.01378369
 1225 1.01217198 -0.875904202 1.38174817E-02 0.319444656
 1226 0.619744897 -0.397845626 -2.00381517 -1.12891507
 1227 0.210131675 -0.563244760 -0.365296155 0.443622530
 1228 0.361534715 -1.59168851 -1.27815902 -1.17168367
 1229 -0.640473723 -0.295444310 0.460902005 0.442300856
 1230 -0.289459944 -1.04848790 -1.25521052 0.360802114
 1231 -0.466180444 -0.325527549 0.369227588 0.450340658
 1232 0.607995808 0.713119328 -0.308489680 1.85072267
 1233 0.200996980 0.313880175 0.585901856 0.624906540
 1234 -0.700588346 1.95480990 -0.625881433 -1.17412674
 1235 0.185565948 0.337802827 2.29182482 1.58586836
 1236 -0.418709040 1.17319238 2.61348486 1.82555926
 1237 -0.435655892 -0.117524102 1.12321293 0.545306563
 1238 -1.30616224 -0.992050350 0.882024765 1.82240462
 1239 2.12351274 0.204291701 0.310698777 -0.954604626
 1240 1.86271286 1.02431822 0.768194914 -1.10596466
 1241 1.88569212 -0.144424304 -1.86736047 0.800994933
 1242 -0.173306942 -0.991570950 0.270401001 2.18099642
 1243 0.673072696 0.643854558 -0.482052445 -1.41021466
 1244 2.12159991 -1.63040757 0.172880903 -1.27904844
 1245 1.38766170 1.75213408 -7.81753808E-02 0.437953323
 1246 0.504625618 0.207029641 -0.211419821 -0.702052057
 1247 -0.258710623 -1.37170404E-02 1.49634397 0.531429529
 1248 1.13332713 -1.09824657 -1.66541445 0.753241777
 1249 0.964289784 -1.40207171 -0.500566721 -1.00796545
 1250 -0.584507704 -2.22706747 -4.40493934E-02 0.505401313
 1251 0.262202889 -0.871670187 4.20317650E-02 -1.18224251
 1252 5.50700873E-02 0.100907892 0.693429589 -1.37626958
 1253 0.916896105 -0.313994408 1.90889519E-02 -1.24632561
 1254 -1.73165739 0.698062003 -0.929243207 -0.945250928
 1255 0.485281110 -0.620072007 -1.91287553 -1.16335964
 1256 0.784338355 -0.165566325 -0.844116032 2.01197362
 1257 0.738180518 -1.80369806 -1.03587258 -0.970778406
 1258 -0.793622255 0.212312400 1.51348591 1.97387946
 1259 -0.649088740 0.699403822 -0.130814284 0.277074099
 1260 -0.224396974 0.344879448 0.326672733 -0.861735940
 1261 0.653190613 -0.829012513 -2.06762338 0.538721085
 1262 -0.647126436 0.357759356 -0.105552405 -1.23279035
 1263 0.928298354 0.326805353 8.86307359E-02 -1.22777295
 1264 0.830140233 -1.00435126 0.762390912 0.220655844
 1265 0.758993387 0.343045175 -1.34451580 -0.906710804
 1266 -1.59571838 1.13439834 0.788591027 -1.19664824
 1267 1.01254761 -0.263392031 -0.732147455 -0.886001587
 1268 -0.292450160 0.496976376 -6.53699487E-02 8.74033570E-03
 1269 -1.18016827 0.423003554 -0.428626418 0.638845682
 1270 -1.63625121 1.07377243 -1.00904000 2.19291663
 1271 -1.39440298 0.879587412 1.48958027 1.70003164
 1272 7.74248391E-02 0.678007483 1.45442069 -1.17037511
 1273 0.181527391 3.33404541E-02 0.694786370 7.61014223E-03
 1274 -0.478910774 0.163660213 1.18468404 1.52499032
 1275 0.540851414 -0.690475106 -1.16712844 -1.29210806
 1276 0.829333782 -0.205049485 -0.375007272 -0.905644119
 1277 0.318802923 -0.803502202 -0.754539251 -1.55328906
 1278 -0.533318579 -0.816824555 1.42104983 0.123132795
 1279 -2.73524821E-02 1.08767247 -1.20458221 -1.35097218
 1280 -0.194311649 1.74123096 0.315281570 -1.30932152
 1281 -0.708630204 -0.819442570 2.28207588 0.570354581
 1282 -1.13813484 0.433579236 2.91970134 0.557540298
 1283 0.571782470 0.308180183 1.27778816 1.82672477
 1284 -0.456072778 0.795325160 -0.526583731 1.79970634
 1285 0.781112671 0.179606795 0.181685746 0.136055619
