 1 0.621172369 -0.611046195 -0.678433418 1.66434526
 2 -0.725115418 2.34694433 -0.364394128 -1.23877072
 3 -1.04817688 -1.33007503 -1.41359389 1.57569826
 4 1.43614507 0.778805494 -7.26327375E-02 0.829403222
 5 -0.579871595 -0.470269561 -2.18794274 -1.58968794
 6 -0.706976891 -0.120643437 0.362923533 1.47757149
 7 -0.142125577 0.857277751 -4.49763834E-02 -0.462399185
 8 0.334083796 0.356694072 -0.668123066 1.31716096
 9 0.429441273 -0.252920866 -0.125831157 0.353871644
 10 -0.243304014 -1.50885415 0.968442500 9.23459157E-02
 11 -0.187886447 0.747252226 1.02259958 1.10450828
 12 0.525513828 0.592661738 -0.953543603 1.69575012
 13 -0.584429383 -0.498342752 -0.616742253 1.28737748
 14 5.38930297E-03 0.497519255 -0.107272506 1.34205723
 15 -1.35198820 1.12418652 -0.765776992 -0.991888762
 16 0.226270571 1.86812556 0.552960157 -0.137268975
 17 1.96158552 1.33579159 0.682281673 -1.07189703
 18 1.02564251 -9.93543863E-03 -0.336402863 -1.20014691
 19 7.34736174E-02 -0.339155436 -0.131597668 1.55499983
 20 -0.760039330 0.322248697 -2.34930944 0.527940810
 21 -0.169751734 0.392260224 0.384484559 0.293395489
 22 0.733219504 2.00874639 -1.67952001 -1.55968952
 23 1.02534628 -1.48990440 1.45747769 0.237889245
 24 0.276468009 -0.965724885 -1.43220425E-02 0.164996415
 25 1.23187937E-02 0.850327730 -0.719700575 -1.07675612
 26 -1.56435382 0.133216634 -0.543133140 -1.28787589
 27 -0.762392282 0.507367432 -0.134962380 0.550638556
 28 0.642649531 0.172600210 -0.368882984 0.354947746
 29 0.706298411 1.74362934 -1.19891918 0.377741009
 30 -0.266950011 1.42685747 -0.167368412 1.41297460
 31 0.703727067 0.664535582 -1.10840690 -1.33224142
 32 0.893347025 0.194667742 -1.50736010 0.212263599
 33 1.50433052 1.06125367 -1.51417994 0.400923669
 34 -2.09572601 2.79507422 -1.14148784 0.255675018
 35 -0.295320481 -0.558984756 0.915333331 1.35233605
 36 0.889141142 -1.28553295 2.62369251 1.69606018
 37 1.20149338 -0.572467387 1.60045779 1.21524215
 38 -0.921053171 0.300367981 -0.440820068 -1.54965246
 39 0.472186148 5.36322594E-03 -0.302301526 0.225332156
 40 1.19175136 0.854085505 0.493267179 1.32777786
 41 -1.30797732 -0.307639301 -1.01936007 1.55646765
 42 0.433642149 0.905483305 0.718311310 0.364886880
 43 0.476186782 5.16379178E-02 1.28033853 -1.05472589
 44 1.21868014 1.49806273 1.56084132 -1.56776071
 45 -1.61271143 3.40484232E-02 0.607879519 -1.27322471
 46 -0.282599837 -0.437832326 0.926120996 -0.137650251
 47 1.53323913 0.446009099 -1.76004457 -1.32783413
 48 -1.59329605 -0.663285017 0.869740963 2.08469629
 49 -0.282659620 -1.47655034 -0.716088831 0.357348621
 50 1.62957728 -0.373758435 -0.427043438 0.182064235
 51 0.397126228 0.480656058 -0.165670261 1.45009339
 52 2.09452248 0.470728397 0.449010611 -0.878890991
 53 0.405417442 1.99641466 -1.22267270 0.244023830
 54 0.789533973 -0.495436579 -0.649046957 0.570206344
 55 -1.26290202 -2.92782933E-02 -1.52412295 0.174774826
 56 1.60541475 -0.277773857 0.179105029 1.31566978
 57 0.456062734 -6.68589771E-02 -0.144253924 1.66011786
 58 0.361160100 1.40295899 -1.49048579 -1.65598392
 59 -0.961980283 -0.744256735 0.690212905 -6.28255159E-02
 60 0.500650525 0.270561874 0.749009371 -0.319769204
 61 0.344978809 0.288753778 -0.471144199 -1.28798711
 62 4.84673344E-02 -0.371219277 -0.187851220 0.413985133
 63 1.01620221 -0.624558747 -1.20900583 -6.44370317E-02
 64 0.276736140 1.29927969 -4.38481346E-02 0.304859400
 65 -0.592234015 1.89628041 0.562362552 0.146910414
 66 1.32487178 0.164594173 -1.82616520 -0.984806538
 67 -0.356224358 -0.896075130 -0.583654702 1.44195807
 68 0.480943173 -0.689653397 -0.190463394 -0.525720358
 69 -0.772548735 0.414455712 -1.12469482 1.46897173
 70 -0.401907325 1.00150585 -0.703180909 5.97026944E-02
 71 -0.693542480 1.72591567 -0.620832682 0.239900932
 72 7.34594464E-03 1.55152702 -0.698685348 -1.24073827
 73 5.40513545E-03 -0.382607102 6.56849071E-02 1.55928600
 74 -2.52394438 -1.37747633 -0.647584915 -1.10924542
 75 -0.378404409 -0.667882025 0.493233502 -0.895785868
 76 1.12631094 -0.255857736 -2.47728300 -1.67267251
 77 -0.519711196 0.322221547 -0.320996344 -1.06683075
 78 -1.79981232 0.999605834 -0.733798623 1.63035429
 79 0.291094303 0.125991166 1.09161174 -1.48010838
 80 0.269080520 1.79641604 -1.55399513 0.550095379
 81 1.28806472 0.819318116 -0.519349813 0.126427814
 82 0.197430328 -0.966564894 0.395680577 -1.44625807
 83 -0.235847771 1.82782209 0.390205830 2.96406746E-02
 84 0.659499884 1.54935455 1.61251640 0.232640609
 85 -0.692090571 -1.45116639 -0.600531042 0.612204134
 86 -4.94556874E-02 1.74096191 -1.09052110 -1.35886526
 87 -0.566105247 -1.22839034 -1.07355320 -0.183086053
 88 -1.13796580 -1.26126909 -0.325490713 -1.45454764
 89 1.10347223 -1.08693135 -0.146668643 1.26353383
 90 -2.77088404 0.649973273 -0.420495868 -0.229842260
 91 -0.118494153 0.980628192 -0.703925371 1.26818395
 92 -1.58110785 -0.339167386 1.32129240 1.35847151
 93 -0.925855041 -0.233507290 5.45629747E-02 1.52165174
 94 -0.657506883 -0.448623359 -0.746742129 -0.756426036
 95 0.381818771 0.816868067 0.256720662 6.16099834E-02
 96 -0.898608387 1.18917584 -1.44646323 -3.25587764E-03
 97 0.871214151 -0.396559626 -8.44726190E-02 -1.43905938
 98 -4.93196249E-02 0.723723710 -1.38685536 0.260994136
 99 1.15014231 1.88922048 0.153890640 -0.325738192
 100 0.471403271 0.557503998 -0.430871725 0.151649877
 101 0.333410710 0.750543654 -0.931580305 -1.58379877
 102 -1.56139910 1.00906539 -0.549165666 0.583393276
 103 0.637483418 -1.98454249 0.166924685 -1.03011048
 104 -0.431415051 -0.133923411 2.72376037 0.331201792
 105 -0.608413100 0.472767889 -0.731526554 2.30123711
 106 -0.167571560 0.736098647 -0.610590816 -1.23720253
 107 -1.13298655 -1.06858563 0.206039965 1.57235134
 108 3.65120429E-03 -1.01475859 -0.359126776 -0.616717696
 109 -0.185251787 0.665432692 8.32633227E-02 -1.27527404
 110 -0.254231185 -0.383170307 -0.291323423 -0.903145432
 111 0.609402239 -0.193499953 -1.90715957 -1.12195420
 112 1.12503159 -2.10935545 5.85476421E-02 -8.20822269E-02
 113 0.172092319 -1.56829977 -7.61758834E-02 -0.253131062
 114 -0.201926470 -0.318593383 1.20844567 1.97937965
 115 0.345177114 0.761495829 -0.972316980 -1.51159632
 116 1.39914405 -1.02005100 -0.702220440 3.00374794
 117 1.51419449 0.547843874 -0.665464580 0.215707123
 118 -9.23495293E-02 0.951577902 -0.180732265 -1.23559666
 119 -0.424378335 1.05110180 -1.86663151 1.27523029
 120 0.690750837 -8.12773705E-02 1.47522318 1.55307007
 121 -2.80913162 0.428249747 0.128355935 1.33111227
 122 0.981621265 -2.08249211 1.04619956 1.89892817
 123 0.132744685 0.884618163 0.626189768 0.821318090
 124 -1.28689945 0.200634703 -0.444988608 0.912197471
 125 7.13010430E-02 0.242339730 -0.122657247 -6.70583621E-02
 126 -0.150561199 0.400812507 1.19840276 -1.59463286
 127 1.90931022 -0.985563159 -0.453927130 0.748934925
 128 4.00131196E-03 -1.29007721 -1.32254839 -0.340294480
 129 -2.28734541 -1.71782613 0.567077756 -0.804705083
 130 -0.314369082 1.54423761 0.818895757 -1.57275569
 131 0.168220505 3.60026658E-02 -0.329988182 -4.38443199E-03
 132 -0.784404278 -0.783239245 0.363309264 -1.61555636
 133 0.910806298 0.488526076 1.84321845 -1.35307217
 134 0.260068119 3.04008985 3.51621509E-02 -0.425016820
 135 0.418856591 0.476371378 -2.52234042E-02 -0.128999934
 136 -1.47441804 0.313120782 -1.89325213 0.117539965
 137 1.57644844 -0.899845481 -0.945119500 -1.20849311
 138 -1.13900816 -1.20384002 -1.57477474 -1.48515630
 139 0.950366974 1.96458101 1.53791440 1.78967166
 140 1.33890772 2.35199451 0.949322402 0.251770794
 141 0.388332963 0.392873675 1.47402823 -2.36522555E-02
 142 0.927608609 1.47463536 -0.152609751 0.396172196
 143 2.08254695 0.221822083 2.29374886 -0.211108536
 144 -8.94561633E-02 0.575890541 0.572303653 5.03302440E-02
 145 -0.425853491 1.16525662 -3.06977406E-02 0.152540356
 146 4.68261540E-02 0.304143280 1.39819014 -1.83828223
 147 7.53596425E-02 -1.12475610 -0.458467901 7.40414038E-02
 148 0.806725502 -3.07747126E-02 -1.09205449 0.255891770
 149 -0.355502605 0.107410654 8.30200315E-03 -0.101836756
 150 0.892470837 1.05263376 1.41483533 1.60086942
 151 0.171154857 -0.718832374 0.289361089 -1.13842893
 152 0.123837829 -1.21834707 0.747358263 1.49333262
 153 -0.334854245 2.42587876 0.550478995 -1.42016470
 154 -0.130506262 0.446799099 -1.12003517 -1.39357746E-02
 155 1.63729668 -4.96235043E-02 0.900479436 0.547510922
 156 -1.52568305 0.209280074 0.279916525 -0.137734160
 157 1.54414749 1.09793103 0.728439450 0.386951655
 158 0.114712954 -0.146129906 0.137611628 1.34537566
 159 0.187161803 1.24218869 0.511449277 -1.18612993
 160 1.09443963 1.49243915 0.124702066 -7.39496052E-02
 161 1.11469984 0.623058438 -1.03655374 -1.38117123
 162 -0.851470113 1.66239774 -0.675560713 0.163479969
 163 1.62488806 1.26046836 -0.797070324 -1.45316279
 164 -0.282088637 -0.552344322 -1.17266917 -0.183546260
 165 -0.914336443 0.796357572 0.881363988 0.110172145
 166 1.75725210 0.444382906 -1.41655695 -0.855416775
 167 -0.930848360 0.719195068 -1.58500433 1.84414124
 168 3.29313231 8.54559243E-03 -0.681693912 0.120751299
 169 1.93892252 -6.90048039E-02 1.02166545 1.37743580
 170 0.372317195 -0.515152812 -0.474693507 -3.97958457E-02
 171 0.483552098 0.939207077 0.655203998 -0.377086639
 172 1.98474836 -2.61685066E-02 1.86875510 2.64889669
 173 -1.09645784 2.23436570 0.574118018 1.78884697
 174 1.21523321 0.573208511 1.27423096 0.167954996
 175 -1.02620029 0.615875304 -1.26024222 0.115199201
 176 3.16324282 1.28855872 -1.06492615 -0.402906150
 177 1.71356559 -1.27238560 0.590565920 0.242604822
 178 -1.04412270 0.840599179 -1.16814816 0.432352781
 179 1.48231483 0.398425013 0.396119833 0.189293936
 180 0.453640640 -0.498140484 -0.602155983 -1.36863708
 181 -0.141370833 -1.32160974 1.29709375 1.60277653
 182 -0.543542206 -0.310333192 1.75820208 6.87960088E-02
 183 -7.24283159E-02 -1.06739938 1.10742581 -0.280271053
 184 1.53881276 0.441898853 -1.02849162 5.23280799E-02
 185 1.15799344 0.465367436 1.74205732 1.30851328
 186 -1.64271295 -2.03392482 2.29224682 0.297603011
 187 1.29147971 0.125223830 0.202855349 -6.76468015E-02
 188 0.875369191 7.99215883E-02 0.571205378 0.270242035
 189 0.353748858 -1.17030525 0.327135801 1.63038802
 190 -9.87770110E-02 -0.348545462 -1.06380546 -1.47853684
 191 -1.14672136 0.468086123 0.245274752 1.31637943
 192 0.749037504 -2.08631897 1.30438197 -1.36278045
 193 -5.67046180E-02 -0.267676353 1.41286814 -0.876882911
 194 0.148039252 -0.699743390 -1.97751319 -1.11350381
 195 1.39823508 5.05206436E-02 0.971367657 0.707253039
 196 0.749681592 0.641086459 0.781334877 -1.72963345
 197 -4.07283604E-02 0.100528285 0.577373683 -0.246681049
 198 -0.785765231 -0.544640303 1.13709319 0.631092489
 199 -2.10480237 7.62405396E-02 0.788521290 1.14002490
 200 -0.112099469 -0.998950005 -1.40111780 2.55427286E-02
 201 0.531245828 -0.364804715 -0.994404614 -1.43426657
 202 1.48111153 0.107987776 -1.21041656 -1.35519910
 203 -0.443666548 -0.612659872 -1.03372252 -0.227224007
 204 -0.583811104 0.401322275 -9.73343402E-02 1.27785730
 205 -0.867325544 -0.379405677 -1.53374171 -1.15289009
 206 -1.42187762 -1.03632164 -0.955638289 2.66635084
 207 0.763356924 -4.15404141E-02 1.26674700 1.28681898
 208 0.375160992 1.48278534 -0.807149947 -0.178329289
 209 -2.16227031 0.743155003 -0.453701377 0.425266623
 210 -1.33250260 -1.89477527 0.415579349 9.16882977E-02
 211 0.302839041 -0.639955759 -1.01337135E-02 1.36574733
 212 -1.09310079 0.561896026 -0.843345046 -1.45058203
 213 -0.654419482 -0.210017174 -0.785529137 0.469323695
 214 -0.384301066 -0.136958271 1.30619597 -0.274897009
 215 -1.02373743 0.265443265 1.25100780 2.50994301
 216 -0.908994317 -1.05097830 -0.109770291 1.33605683
 217 -1.65170097 -2.90495157E-03 0.197965011 1.52697527
 218 0.809946656 -1.47220969 -0.410580277 1.39318776
 219 0.176759750 -0.398918003 0.416897565 1.02930641
 220 -1.05392206 0.245555758 0.116590977 0.126855180
 221 1.20764077E-02 -0.479263872 0.183743745 -0.102059364
 222 -1.59358692 1.26178861 -0.489765733 -1.19352317
 223 -1.29851079 1.09818625 0.426707804 -0.181191251
 224 -1.66626275 -0.898942769 9.71651077E-03 0.734667122
 225 -0.304943442 -0.271671772 -0.937272370 1.43513536
 226 -1.02877080 0.183181435 -0.396832973 0.827656865
 227 -1.82759452 0.573994100 -0.557493806 0.152488455
 228 -1.78548813 -0.101032227 0.408438474 2.96731329
 229 -0.474596679 -1.28369141 0.259597242 -0.132878497
 230 1.35825825 0.258664280 0.544446528 0.316083372
 231 3.51646915E-02 -1.12551343 0.562337995 1.79922080
 232 -1.79041743 0.224869445 -0.171390787 7.47823343E-02
 233 -0.881774664 1.04520714 -0.768074155 0.186479941
 234 -0.287013113 1.20083237 0.127933979 0.914889038
 235 -0.712440014 -0.391520053 -1.08888233 1.36745858
 236 -0.853272438 1.46875739 -0.550114870 2.91243505
 237 2.27825195E-02 -1.03730690 0.954294086 -1.22032917
 238 0.826595068 -1.15504384 -1.07370293 -0.784962058
 239 -1.15064859 -1.17418516 -0.473338217 1.13010645
 240 -0.709587932 -0.907918096 -2.05596399 0.195074290
 241 -2.93802023E-02 -0.883971870 -7.75719285E-02 -1.29359102
 242 0.805482984 -1.52339101 1.17009747 0.233181834
 243 -0.599241555 6.27486631E-02 1.02423549 4.70395088E-02
 244 -0.726822138 -0.204741001 4.02687825E-02 0.314478159
 245 -1.51293719 0.147793412 -0.199714571 1.49859691
 246 1.36730945 1.09669411 0.393532395 1.86403942
 247 -0.109416828 0.123551525 1.20623016 0.408565283
 248 -0.959306955 -0.188562095 -0.642502189 1.24466670
 249 0.248407125 -0.169883266 0.360386223 -2.64424980E-02
 250 0.621250510 -1.03993738 -2.06291676 1.54176283
 251 1.52075052 1.62936473 1.39500463 0.102269843
 252 0.333641112 -1.23605877E-02 0.587050915 -5.93808889E-02
 253 -0.935482860 0.795050561 -1.22321844 -0.426861405
 254 -1.59430611 -0.756256342 0.118439704 0.349356502
 255 -0.255999029 0.616087079 -1.55604184E-02 -1.67979145
 256 0.330820709 -7.32928142E-02 1.08052278 1.67250133
 257 0.829009354 -4.22686338E-02 0.295532882 -1.45823121
 258 -0.125833645 1.84218717 -0.431811005 -0.918017209
 259 -0.226965100 0.213878006 -0.222542912 1.64261833E-02
 260 -1.36750579 0.405563831 0.614033580 -1.16578329
 261 0.304357767 -1.59028041 0.340076715 0.152406365
 262 2.17950010 0.362899095 6.26065284E-02 6.78471401E-02
 263 1.25890219 1.51352835 1.09587312 -1.00141048
 264 0.382146895 -2.04971313 0.440154314 1.88907421
 265 0.856307566 -0.127233505 -1.82824683 -1.22286510
 266 -9.72436592E-02 -1.38633001 0.579182565 0.105008394
 267 -2.20648980 0.210871667 -0.312448412 -1.28710866
 268 -0.554760933 -0.970186234 0.463952571 1.43119574
 269 1.07886577 -0.190067679 -0.393112302 0.101234555
 270 0.440499425 0.477769077 -0.608590364 -0.128177494
 271 -1.22270799 0.925091386 -0.461979508 -5.49790561E-02
 272 -0.612389386 1.87573731E-02 -1.34741414 0.147563189
 273 -1.35313129 -1.65958035 -0.677893162 1.58422470
 274 1.16865909 -0.185718134 4.60225344E-02 -0.118760571
 275 0.247502685 0.638382673 -0.560294092 -1.04925776
 276 -1.58925545 -0.774161816 0.738038361 1.47540557
 277 0.435067832 1.18493462 -1.26581931 0.527661443
 278 -0.953068376 1.16528857 -1.11386704 9.39384401E-02
 279 1.84387696 -0.493964314 -0.625363231 -9.45155695E-03
 280 -0.519138753 0.735138655 0.116306156 1.55862975
 281 1.03618991 2.60548139 1.28941461E-02 -1.10908937
 282 -0.568574131 0.299857229 -1.59104085 -1.44029486
 283 -0.443157822 -1.40600652E-02 0.247563779 -1.55621290
 284 6.57386007E-03 -1.30018437 0.243320629 -1.29211748
 285 -1.53368318 -0.341177255 -1.23907232 0.486418188
 286 -0.265418857 -7.70610571E-03 -1.45304573 -1.09701312
 287 0.351418197 0.456878781 0.836225986 -1.21880579
 288 1.33018887 0.493162930 -0.792359293 0.143782333
 289 3.13813277E-02 -0.589626670 -0.223789915 -0.796866953
 290 -0.209864721 -0.295770794 -0.412207901 -0.101441860
 291 -8.43065083E-02 -0.357675612 0.176508754 -1.59343410
 292 -0.424872160 0.582211256 -0.421823651 2.00675464
 293 -0.530076981 2.64446640 2.66152918E-02 -0.662070334
 294 0.198105246 -0.986075878 -2.33114052 -0.262092054
 295 -1.56511843 -1.39000738 -0.535579562 0.256183684
 296 0.135039702 -0.796687067 0.691379905 -1.56513774
 297 -0.278354049 -1.28331411 -1.05017126 0.323606908
 298 -0.685110331 -7.60338530E-02 1.65466952 -0.439801574
 299 -1.44723773 0.292581707 1.68929851 -0.282719493
 300 0.126319677 -0.553067207 -0.839546978 -1.44071305
 301 -0.700982392 0.957892179 -0.326231092 -1.49186707
 302 -0.654869139 -0.229088426 0.927623034 0.171176076
 303 -0.612816453 -0.262305379 1.42743671 0.278120100
 304 -0.560459554 0.437984705 -1.61473966 0.171540692
 305 -1.38037765 -0.425704420 -1.79691792 1.65236592E-02
 306 -1.19432235 1.06272590 -1.80155528 -1.25636911
 307 -0.595103145 1.17889106 1.83748162 -1.59454322
 308 -6.85637593E-02 1.27441144 -0.789366543 -1.14220023
 309 0.104571298 -0.234905332 -0.813708782 0.212192118
 310 0.380096614 0.821703315 5.67337163E-02 -1.08360088
 311 -0.633548439 1.04056370 -0.772174001 -0.938273370
 312 0.130998507 1.07996345 0.558659196 8.17199126E-02
 313 0.966960192 0.174065441 0.329009801 0.248793393
 314 -1.00509465 -2.14880562 1.28726816 1.88931072
 315 -0.565989912 0.847122490 -0.951256633 -1.10857296
 316 -0.451803923 2.15060401 -1.98620629 -1.47923779
 317 -0.460942805 0.907958686 -0.532777250 -1.28280139
 318 -1.53559649 -0.614022613 2.54193395E-02 -0.112361088
 319 -1.10320449 0.800042033 0.697872400 1.70828760
 320 -1.90543115 0.438785225 -2.57869983 -1.38284457
 321 0.498847544 1.28783584 -0.786306143 -1.49263346
 322 -0.564503372 -5.08968532E-03 -1.22809768 0.188217878
 323 -1.89343452 -0.468205303 -0.417801857 0.507564604
 324 0.806066513 -0.199207798 -0.205415070 -1.36549568
 325 -0.908451676 0.791200042 0.320374072 -1.18116581
 326 0.562554598 -0.315340340 1.41238248 -1.54448605
 327 0.655066371 0.418580353 -0.545645118 -1.39849257
 328 0.572778702 0.894389212 0.425561130 0.419517756
 329 -0.249692693 -0.382859588 0.702202797 -0.975681722
 330 -0.303489417 -0.673279881 -1.10807860 -1.01114976
 331 -1.72431266 0.794285893 -0.117393970 -1.53211212
 332 2.08419228 1.60699177 -1.66568196 -1.37827432
 333 -1.43042135 1.73426282 -0.521199822 3.43694016E-02
 334 -2.18963194 2.72671413 -0.459852755 1.28569043
 335 -2.79809237 1.24987841 0.484560847 1.89990377
 336 -1.48801661 -0.186982021 -0.997236133 -0.984874249
 337 -1.08542681 1.65014625 -2.11346388 -1.00123560
 338 7.20580667E-02 0.333921015 -0.633223236 -5.59691489E-02
 339 0.230230749 -0.783799648 -0.528477132 0.157126695
 340 1.47553241 -0.735025167 -0.649300516 -0.183653101
 341 0.331112027 -0.463342369 -1.23927891 0.472174525
 342 0.637460053 -1.50840616 0.705072522 0.781637907
 343 -2.57869244 -4.97623831E-02 -0.304521680 1.21231341
 344 -1.70591259 0.662916839 -1.11514282 1.56128812
 345 -0.387235463 -0.575585544 -0.464932501 1.38531542
 346 -0.150822118 0.691212118 -0.508596003 -1.21851623
 347 0.430805355 -0.600026727 0.906123638 0.274950296
 348 -1.17353177 0.392670214 -0.204832867 0.271473408
 349 -0.844689608 -0.604508638 -1.11305797 -0.269434273
 350 2.35116744 0.106311463 -0.353711188 -1.41221917
 351 -1.10451913 -0.132369787 4.80852723E-02 -1.64699841
 352 -0.223274007 1.25591135 0.805200219 0.162902057
 353 -0.878710866 1.17755783 -0.235506386 -3.98768038E-02
 354 0.286160916 0.669313073 -0.604852736 0.129048720
 355 -0.494840086 0.233288974 -0.658869743 -1.02774978
 356 -0.206657156 1.20116651 0.158254460 4.23406363E-02
 357 0.240830749 0.232078969 0.676596045 0.504906297
 358 -1.24004650 0.287292629 -2.46882439E-04 -1.10868096
 359 -1.06069791 -1.24520469 0.354623795 -0.345165908
 360 0.853843451 1.01798248 -1.60157335 -1.45461905
 361 1.84899628 1.52313542 -1.70032942 0.160044849
 362 -0.814183116 0.412908792 -1.14118123 -1.35323524
 363 3.72300111E-02 1.41634738 -1.02632904 0.150587708
 364 -0.809143782 -0.397060990 0.194233701 -1.36848962
 365 -0.151728213 1.94892383 -2.22660899E-02 -7.71776736E-02
 366 -0.762968898 -0.122524932 -0.729317904 1.74044549
 367 6.41018078E-02 0.415593535 -0.243702784 0.215290368
 368 1.57770729 1.36062872 8.47424567E-03 -1.10609186
 369 -1.35536838 7.07495958E-03 1.56805086 9.41321403E-02
 370 -0.263932407 -7.35131949E-02 -2.12069035 -0.688432395
 371 -1.58295381 7.60751963E-03 0.325997889 -7.41669536E-02
 372 -0.614075184 -7.72313997E-02 -1.94686830 0.502242088
 373 -1.51035666 2.34118915 -0.743867397 -1.02722025
 374 1.69661164 -0.576576710 0.623617649 -0.123037264
 375 -0.378833532 -1.55938518 -1.86443114 0.106470764
 376 0.782291532 -5.80916852E-02 -0.600402951 -1.34956706
 377 3.62069979E-02 2.83545971 0.645906568 -1.06737602
 378 0.404808581 1.83543301 -0.530345559 0.527199686
 379 1.69074523 1.38648522 0.508870065 1.01788020
 380 0.540016890 2.76532173 -1.52649760 0.128828973
 381 0.299483508 0.452571571 0.509234905 0.301568270
 382 0.160323501 1.24559331 -1.02665234 -2.40782350E-02
 383 -0.563230693 2.38611841 1.40390742 -0.104178339
 384 0.726380765 -1.56614828 -0.818128943 -1.28739402E-02
 385 0.868762553 1.02408218 -1.13516772 -1.09945667
 386 -0.511618793 1.84739172 2.29063320 -9.71667916E-02
 387 -0.547106445 2.02535963 0.395233631 -1.29727852
 388 0.629935622 0.882435143 1.05994546 2.67402291
 389 -2.07802320 -0.105316699 -2.13882178E-02 -5.02871275E-02
 390 0.195944175 0.974578381 -2.43837690 0.232200861
 391 0.283208311 0.539005876 -1.18723428 -1.44242907
 392 2.96585083 1.04512858 -2.49985456E-02 -0.993203044
 393 -0.873869717 1.67149830 -0.632371306 2.04883590E-02
 394 0.401799470 1.12883568 -1.30642772 0.157397509
 395 -0.414018542 0.923544526 0.971290588 0.195206583
 396 -0.902461350 -0.250711083 -0.552666306 -0.574644148
 397 2.64887363E-02 1.03717077 -1.29805529 -0.825068593
 398 0.291641653 -0.774030626 -0.363154173 6.72927797E-02
 399 0.842182994 0.966224492 -0.893960178 -1.28318417
 400 -0.223742992 1.06481791 0.600771666 -0.174690261
 401 1.62133098 -0.894282460 -0.843267083 -1.06449604
 402 -0.680858552 -0.717123389 8.98670256E-02 -0.999925256
 403 -0.209911868 0.792017162 0.353794783 -9.42770243E-02
 404 0.229251683 -0.957892418 -1.51364982 1.54017735
 405 1.84716284E-02 0.348584592 -0.156365648 1.22420192
 406 -2.35420299 -1.80446088 -1.30424523 -8.28041881E-02
 407 1.32340586 -1.94174361 -1.04523993 0.422780752
 408 2.08958244 0.525213182 -1.67468441 -0.891130567
 409 0.901201069 -0.367454231 -0.462325811 -1.27207649
 410 0.307413340 -0.779025197 -0.656021237 -1.46957064
 411 0.707122445 0.540367186 0.136146083 -9.65255499E-02
 412 0.477236211 0.581324875 -1.04618371 6.11182824E-02
 413 -1.65037990 -0.906257093 -0.524832904 0.193256840
 414 -1.14697123 1.62800562 0.771871924 -9.54542160E-02
 415 -0.728467643 0.120751917 -1.66423488 -1.12724471
 416 1.81812608 -1.22991395 -7.13468194E-02 6.27072081E-02
 417 0.400468707 -0.134615570 0.405542791 -1.54832280
 418 -4.00931686E-02 0.205412716 -0.636387229 1.58869851
 419 -3.94578204E-02 -0.163070872 -0.843042552 -1.58918571
 420 -0.803153753 -0.701170564 -0.718062282 -0.228172943
 421 -1.50210679 -0.924190581 0.128636539 0.375709057
 422 0.525529802 0.572663665 1.35645616 1.78009343
 423 -0.862963974 -0.793383956 0.175680071 -2.44773924E-03
 424 -1.72231829 -1.41954875 -0.526738405 7.80596063E-02
 425 1.25188649 0.449460745 1.16088104 0.163472056
 426 -2.00024581 -0.380282432 0.795007348 0.545230031
 427 2.51915979 0.537388742 0.891692758 0.449698269
 428 0.108642943 -1.67477679 2.54803896E-02 1.97183478
 429 -0.451478064 -0.447856724 -0.204652488 0.333848357
 430 -1.65800452 -0.641295195 -0.152610511 0.240354419
 431 -0.325406462 -0.439897060 -0.399980545 -1.51074636
 432 -1.86837471 -0.535183311 -1.11765730 -1.28436351
 433 0.648410022 -0.332747370 0.211100310 0.447681367
 434 2.37135589E-02 0.900351703 -0.269612789 -1.07343304
 435 1.73393750 2.26797390 -0.243230820 0.247304440
 436 1.65759695 0.451981008 -0.588427782 -1.16558802
 437 -0.941761017 0.321355432 -0.698405385 1.61239958
 438 -0.235316977 -1.35343349 0.714494705 0.436602414
 439 -0.441685975 0.148179308 -1.70373166 -1.48417974
 440 0.179621845 0.496675491 -1.80599320 -1.28283679
 441 -0.846160710 -1.26079702 0.442478210 -1.24865496
 442 1.00793624 0.937146962 -0.478533149 -4.68347073E-02
 443 -0.108475089 6.29242137E-02 -7.80794024E-02 -0.967176795
 444 0.376365721 1.19552827 1.23490930 -1.22357857
 445 1.22712314 -9.73004997E-02 0.413294256 -0.183431938
 446 0.909968436 1.16030443 -1.56410718 0.113431707
 447 -7.58811086E-02 0.479422897 -1.41013324 0.196142673
 448 1.96007001 0.200607792 0.725989342 -8.73787254E-02
 449 0.115138605 1.67158520 -1.43959928 0.152918965
 450 -0.356769592 0.107642710 0.983851016 2.56516910
 451 -0.750589848 1.06134272 -0.619020462 -0.428474277
 452 0.309451222 -0.916311920 0.351815730 -5.87922037E-02
 453 9.02278870E-02 -0.864270151 -0.216113299 1.50178337
 454 -0.383489162 0.648866415 -0.712901354 -1.32734835
 455 0.600095630 0.436425745 -0.347211242 0.546124458
 456 -0.861889958 -0.641197622 -0.989754438 -0.864081800
 457 1.54765010 0.221891299 1.41016293 0.307217300
 458 0.314543396 -1.03098071 -1.64005589 -1.33657157E-02
 459 -0.166027173 0.882278085 0.780465722 1.17171252
 460 0.596091628 0.894178092 -0.740482211 -1.65500307
 461 0.188370213 0.683926582 -1.26701999 1.50951540
 462 -0.805305600 -1.23979795 -0.199915498 -1.28030372
 463 -5.65202236E-02 2.41465878 -0.123641580 -1.61722660
 464 -0.873954713 -1.29618061 -1.46071315 1.03203952E-02
 465 0.785414934 1.38670516 -4.41471040E-02 -0.209148526
 466 -2.05848169 1.15478241 0.254912317 1.24787462
 467 -1.72314918 0.455706179 0.279040217 0.195908487
 468 -0.802224278 -0.429041684 -0.763329625 1.87304616
 469 1.06579995 0.465477467 1.49182528E-02 6.96341470E-02
 470 -0.715292394 -0.308611810 0.372565210 -1.38375628
 471 0.841613054 0.323115766 1.09591854 8.49100649E-02
 472 -0.308805048 6.63983226E-02 1.72767639 5.40241599E-04
 473 0.984835625 -0.650511503 -0.586146295 -6.91397488E-02
 474 7.65682757E-03 -0.200615153 0.978743196 -0.276631594
 475 0.637768984 0.157869071 4.60459143E-02 -5.48672825E-02
 476 0.446980000 -1.64263248E-02 -1.13535190 -1.07067674E-02
 477 1.68243563 1.16308630 1.38025928 -1.68054748
 478 -1.74347532 -1.60178947 -0.483029574 0.236023813
 479 0.883543909 -1.03195000 0.248848587 7.66867250E-02
 480 0.327670306 1.72344565 1.58091009 -1.05563128
 481 -1.58574331 1.89347553 -1.15682256 -1.48403156
 482 0.781345725 -1.02795005 -1.33892322 -0.101591527
 483 -1.68984962 -0.359866977 0.499600768 1.31362748
 484 2.08162689 -1.02736557 -1.52681255 -1.21548176
 485 1.00200737 0.700696349 5.85494339E-02 -1.31045437
 486 -0.939476788 8.26181322E-02 0.301758945 1.29348207
 487 1.62030292 0.468463004 -0.875216007 -1.05661762
 488 -0.204340860 -0.328845978 0.390189588 -0.269650102
 489 1.06210041 -0.346950233 -1.00875044 -1.01113629
 490 0.608375311 -1.53860474 -0.606427073 0.367655665
 491 0.565290928 1.21157622 0.716880441 0.287880927
 492 0.361948580 0.482117504 -0.438143969 1.33831155
 493 0.562719047 1.22565222 -0.212301880 -1.33085239
 494 -0.445043892 -0.779595613 -0.710992694 -1.19602835
 495 -0.705544949 0.429709941 2.44674981E-02 1.90508199
 496 1.15184188 0.267122239 -1.43398893 -1.15527165
 497 -1.44403577 -2.03082705 -0.783890724 0.111803137
 498 0.856823981 -0.632804215 -0.745126843 -7.12461025E-02
 499 0.159471422 -0.814657867 -0.771403849 0.937373459
 500 1.00276458 -1.78113079 0.551591098 0.327448726
 501 0.494060814 0.227574646 -2.00341249 -1.08687377
 502 -0.914321244 -1.55327666 -0.351035118 1.55954206
 503 0.917932272 0.191975802 -0.769095063 -0.218156978
 504 2.03672504 -0.798025310 -1.72756493 -1.53087389
 505 0.117124394 1.14121115 -1.39364898 -1.15587413
 506 0.229027689 -0.116510153 -2.22352552 0.478001416
 507 1.19246280 0.225634962 -1.14530969 -0.776090741
 508 0.760967135 1.36725771 -0.184607178 -1.38199866
 509 0.691176355 -1.07357097 -0.595366716 4.88808006E-02
 510 -0.692717195 -1.18777359 0.934403360 1.15197527
 511 -0.870305479 0.413886249 1.86275196 -8.76118690E-02
 512 -0.259972990 -1.15687907 0.554361045 -0.193380460
 513 -0.350808769 0.778885961 -0.824040592 -1.00372028
 514 0.533859968 -1.07077944 0.929234445 1.27393687
 515 0.981928825 0.485441685 -1.08064187 -0.987083316
 516 0.247876167 -1.00090551 0.446626872 1.71730244
 517 0.630900800 -0.764791965 -1.53556216 -1.29760933
 518 -0.324153066 1.98629236 1.21739566 1.28904009
 519 0.586964190 0.391271353 -2.42841315 0.181184232
 520 -0.168223813 1.38123703 -1.21412873 -0.515822887
 521 1.48460650 -1.03387618 -0.906818449 -1.37768483
 522 -7.41130710E-02 -1.33734131 0.367280483 -0.179036781
 523 -1.74326682 1.58491683 -0.104117982 1.38446164
 524 -0.161976501 1.01252258 1.61555894E-02 -1.05799401
 525 -7.79049918E-02 -1.45307088 -0.250332534 -1.40293264
 526 -1.76566148 1.41937971 0.782081604 0.441779256
 527 -0.950630188 -9.74525660E-02 -0.547040343 0.224121109
 528 0.870059371 1.01167274 0.906105280 -1.31598115
 529 6.33700937E-02 1.81638181 0.497365773 0.304088593
 530 0.553144097 -0.708647668 -0.468877435 -1.52056825
 531 1.28246295 -0.230677605 0.667376816 0.143510059
 532 0.139546812 -2.83837318E-03 0.502987444 1.26859272
 533 0.414869964 -0.725695729 0.161166668 0.238247067
 534 -0.203613937 -0.954888463 8.03173855E-02 1.14941859
 535 0.588677108 -1.29911470 -1.11874008 -1.25407040
 536 -1.00393891 0.233576968 -0.713310003 7.96251968E-02
 537 0.884187102 1.59480011 -1.05156302 5.61436564E-02
 538 -0.670660913 3.25518847E-02 -2.17977881 0.466933191
 539 0.560167730 -0.561333716 0.551795900 -1.17422903
 540 2.04095840E-02 -1.12295270 -0.160343587 0.510720551
 541 0.168741554 0.871124446 0.396618843 0.215844274
 542 -0.886829674 -2.31504035 -0.964166880 0.529486775
 543 -1.81111336 -1.71068645 -1.02641606 -1.85898983
 544 1.32713151 -1.30799425 9.66695249E-02 -1.57367527
 545 -0.403401077 -0.207831457 -0.372664988 -1.71056664
 546 -0.966562152 0.259478807 -0.465050817 1.25136256
 547 -0.622346878 -0.564499497 -0.517176032 2.74757218
 548 1.18862033 -0.879856467 -0.508945107 0.340428591
 549 -0.223067641 0.353670895 2.67140865E-02 0.435689926
 550 5.67998588E-02 9.12298486E-02 -0.774978161 -0.969287336
 551 1.32606292 -0.669791996 -0.511204839 0.210453391
 552 -2.19010663 -1.50946343 0.224744380 -1.17727613
 553 -0.993560851 0.594324529 0.445343494 -1.63106155
 554 0.488201052 0.109768353 -6.16463125E-02 -0.237065956
 555 0.147822469 -0.428342968 -0.125528961 -0.323662996
 556 -1.68392742 0.737514853 -0.302659303 6.77737370E-02
 557 0.445580721 0.665994644 -0.329467326 -3.10602784E-03
 558 0.453566432 0.161211669 -0.691468358 0.334399700
 559 0.668307364 0.991010547 -0.435204685 1.17567253
 560 -0.322417825 0.393287569 0.765775323 8.51448178E-02
 561 9.80883837E-03 1.28136158 1.42537904 -1.51274931
 562 -0.448604047 0.809572816 -0.563416719 -0.123487249
 563 0.126445055 -1.72897792 1.22375953 9.71949846E-02
 564 0.756649375 1.63606358 -1.35953534 0.424380541
 565 -0.975661576 -1.05940878 -0.433480948 -0.173243225
 566 -0.782960117 0.522098839 -1.16389453 0.148348197
 567 -0.720138013 -0.119030617 -1.39220726 -1.06718886
 568 2.14671195E-02 -1.34532976 -0.979773045 0.422438860
 569 1.26687717 -1.61686528 1.70524693 1.47368038
 570 0.939517021 1.55273926 -0.448796749 -1.35254073
 571 1.67218482 -0.312246263 1.62489319 -1.77247441
 572 1.69452035 -0.403373063 -0.300896466 5.99454790E-02
 573 9.56486762E-02 0.668732524 -3.97129282E-02 1.56724715
 574 1.48629963 -1.37657261 -0.490968585 -1.27527034
 575 -1.32232285 0.261842996 2.29216361 1.35366857
 576 3.13687634 2.45449400 0.697209716 -1.20184255
 577 -0.774956703 -0.999562919 -0.712360561 4.19096649E-02
 578 2.13212943 0.431221694 -0.850562155 -9.61882919E-02
 579 -0.225847036 1.96332836 -1.39753628 -1.23522890
 580 2.42453068E-02 -1.86717308 -0.264925778 -1.13194132
 581 -0.778192461 1.22532928 0.410382450 0.427968204
 582 0.622627616 0.390895635 -1.12380004 -1.06244123
 583 0.443597734 -1.14711475 0.462535083 3.91259044E-03
 584 0.784200907 1.10852802 6.02340698E-03 0.238836318
 585 0.774125457 0.851395130 -0.303771526 1.96540058E-02
 586 1.44747770 0.533923566 0.194625944 0.269194931
 587 -0.508227944 1.04412556 -0.362007916 0.258599967
 588 -0.369198591 1.38932621 -2.27497220 1.51390696
 589 0.768646121 -1.11940563 -1.34455562E-02 0.616502464
 590 0.741346717 7.30695575E-02 -1.48539782 1.23183608
 591 0.137555420 -0.657106876 -0.909311533 -1.22250366
 592 -2.30452847 -1.23639762 -1.00857425 9.70735997E-02
 593 2.26322818 1.09254026 0.523079753 -1.27362728
 594 -0.514486253 0.890772343 -0.389705420 -2.06513703E-03
 595 -0.382943630 -0.558725357 -0.351002812 6.86022639E-03
 596 2.29116678 1.14119935 -0.579958558 -1.11456716
 597 0.730451703 2.92848498E-02 0.283571750 -9.43105519E-02
 598 1.28781533 1.53090167 1.21995294 -2.03293115E-02
 599 0.215093717 -0.302194953 -1.99524689 -0.965794444
 600 -0.381074309 0.237331763 0.425649971 -1.33862305
 601 -0.100879267 0.878156424 -0.529340446 -1.41825056
 602 0.501928091 -0.397113204 -0.183394462 1.02251863
 603 -0.394366473 1.20564520 9.36499387E-02 1.08575189
 604 1.18076468 0.466655850 -1.25428808 0.314127743
 605 1.00983000 -0.216811135 -1.72198057 -1.23889351
 606 0.376718402 0.196591720 -0.348667562 -1.13646615
 607 -6.31146729E-02 -0.732193291 1.70086563 1.71038020
 608 5.30762374E-02 -0.498310059 0.408437580 -1.02111959
 609 0.186816648 -1.18895078 -0.733909607 1.14113736
 610 -0.835411191 -0.540197968 -1.17382288 1.64738822
 611 1.24655163 0.632726312 -0.891174316 -1.36898935
 612 2.97599435E-02 0.412574947 0.155616120 1.72745347
 613 0.796381176 1.45807362 0.274685293 1.41264939
 614 -0.131132796 -3.42018986 0.534149110 -0.231505856
 615 -1.37705255 1.06520832 0.617794156 1.49243307
 616 0.251054734 1.41961241 0.204227045 1.46344995
 617 1.05441177 8.18075389E-02 0.480728686 -0.331152201
 618 -0.403592467 -0.445030242 0.591639042 0.100792408
 619 -2.17372084 -0.438273013 -0.236757204 0.520874023
 620 0.262493253 -0.140824467 -0.431369185 -1.35028338
 621 -5.40321358E-02 0.436101139 0.398993313 -1.34076130
 622 0.690017223 -0.850616574 -0.908884287 0.174731314
 623 1.07408535 -0.707587957 0.674398899 2.46501017
 624 -0.486389339 2.56840253 0.606147110 0.359676600
 625 0.634214699 0.461256206 0.244623423 -1.32274032
 626 -1.66736186 0.257153749 -2.27524328 -1.24793124
 627 -0.848563671 -0.333802521 -1.30203640 -1.09010744
 628 0.843784273 0.566544175 -0.260368973 2.94581056E-03
 629 -0.392242968 -0.329455435 0.667756498 7.26649985E-02
 630 1.29858637 0.852402091 1.50558496 0.205684423
 631 0.250204176 0.854800522 0.325542539 1.39724493
 632 -0.443136930 -0.706274271 -0.435192168 -0.967625022
 633 0.183511958 0.822356522 -0.566175878 -0.945499063
 634 -1.26996189E-02 1.54165065 -4.98515964E-02 -0.989011228
 635 1.46916080 -3.02966684E-02 0.114738837 -0.142181411
 636 0.240583882 0.313066483 0.225881726 1.48760045
 637 0.634494901 0.438740164 -1.06554234 -1.39379632
 638 0.381153077 -0.642323434 1.70210695 0.283984095
 639 -0.264740437 -0.857912481 1.87905514 -4.22589928E-02
 640 -1.23208094 1.82570004 -1.97739041 -1.31456113
 641 -1.32705522 -0.298180848 3.04979738E-02 0.360823035
 642 -0.452027500 -0.957156539 1.75609350 5.12692332E-03
 643 -1.38975275 9.06534418E-02 -0.732472360 -0.198566273
 644 1.36489594 3.12616974E-02 -0.301204205 0.203956068
 645 0.116524503 0.358428955 1.14164686 0.361224651
 646 -0.847989321 0.573613882 -0.203502446 -1.26007199
 647 -1.20002460 -1.47374094 -1.32679892 2.39530945
 648 0.968381047 -0.870147526 -0.171031117 1.78770959
 649 0.806819916 0.564020991 -0.295254141 0.520664096
 650 -0.401788116 -1.50812984 -0.914386928 0.580551326
 651 -0.454062641 -8.27417672E-02 -0.148101434 -0.888705492
 652 -1.38954520E-02 -1.06447911 -0.556516349 0.198282301
 653 -0.401462317 -2.25369558E-02 0.901268482 2.16780543
 654 1.13083804 2.30209160 2.70299911E-02 -0.185863093
 655 -0.276890248 0.219177395 -0.224573284 0.508547068
 656 1.86876297 0.381906211 7.30581358E-02 -1.18795156
 657 0.616356254 -0.410051674 -0.879621863 0.307660371
 658 -1.51033950 -0.114160217 0.225629374 1.81445515
 659 0.219047427 0.530676067 -0.424045742 -0.103102878
 660 -0.616212964 -1.21212220 -0.688803375 2.89418176E-02
 661 -2.17486572 0.346434087 0.114508271 1.68827999
 662 0.640744686 -0.394277334 -7.64302537E-02 1.50059366
 663 -0.219028190 -1.39122939 -0.315512270 -0.365028143
 664 -0.813344240 -0.676818907 -5.04155904E-02 -2.95828879E-02
 665 1.68212068 0.760497689 0.385603666 -1.51208186
 666 -1.32011819 1.08190644 -0.319619656 -6.89471811E-02
 667 0.674336791 0.478420317 -2.09382725 -1.35594416
 668 1.20848536 -1.61943316 -0.468897521 0.188120887
 669 -1.77611768 -0.270369112 9.03194249E-02 -1.18431342
 670 -1.71336007 -1.12910581 -0.603962481 0.184394777
 671 0.774203122 -0.809460819 9.96702611E-02 -1.40428972
 672 -0.783766270 1.10329843 0.728817344 -1.83669198
 673 -1.90842819 -2.04209185 0.200627550 9.62152630E-02
 674 0.728710532 -1.17336333 -1.96526432 4.44079489E-02
 675 -2.43510580 -1.28762865 1.56265378 1.63145041
 676 -1.81113529 -0.778001904 -1.32581711 1.85477877
 677 -1.04240513 -1.63813949 -0.717808485 0.248498708
 678 -0.183274746 -0.852761328 -1.03482056 -1.27749288
 679 -0.916777134 0.260140002 0.441412151 -1.16615236
 680 0.202993646 0.192319542 -0.619520724 -1.40314698
 681 0.400764555 -0.433637828 -0.807104409 -1.34379661
 682 -1.32499158 -1.12325275 6.35129437E-02 1.41414905
 683 -0.401832581 -1.35372663 -0.369748473 1.51818132
 684 0.225041330 -8.44058990E-02 -0.234738857 1.73299432
 685 0.124799162 0.726897478 -0.768276036 -0.146891728
 686 0.941052079 -0.851259589 -0.123127744 0.459684908
 687 -2.60875750 -0.744321704 0.301117182 1.58199120
 688 1.30799615 0.830130637 -0.536938190 1.59520745
 689 -1.92358196 -7.33632147E-02 -1.79238260 0.298687756
 690 -0.281664073 -1.42657709 -1.41729069 1.53503346
 691 1.79333377 -0.505645871 -0.308896691 0.347090542
 692 -0.579117894 0.164579034 -0.733077824 2.82863593
 693 -0.127650693 -0.758320987 0.352866322 -1.04661500
 694 0.863177598 0.708501339 0.757645607 -1.16673505
 695 0.915169954 -0.883647561 -1.10257542 -0.905978918
 696 -1.50026548 -0.909180522 -1.65821838 -1.31245375
 697 -0.837969840 -0.852726221 -1.63872492 1.79030859
 698 1.40539837 -2.65455469E-02 -1.20949364 -0.124214485
 699 1.46473229 -0.212160170 -0.916992307 0.180126756
 700 0.942714334 1.39048791 -0.491209567 0.171711698
 701 0.221803725 -1.24419427 -0.743469536 -1.05516088
 702 -1.36108351 3.75237316E-03 -0.428743690 0.476841569
 703 0.331785262 0.466913253 -0.485024571 0.121524878
 704 -1.05908322 -0.460721314 -1.77286744 -1.44422174
 705 -0.190672278 -0.963792920 -0.680266440 -5.66595793E-03
 706 -1.91672254 -0.275198728 0.516019583 7.16989338E-02
 707 -0.595406234 -0.109266043 -1.85634184 -1.33032548
 708 -1.79339743 -0.612165749 0.647004485 -1.28117406
 709 -0.203112096 -1.73245907 0.458269894 -0.747619033
 710 -1.30195761 -1.08705533 -1.24074280 0.152224094
 711 -1.63755369 -1.31873643 1.92326212 3.27280015E-02
 712 -1.20542741 -0.792460084 -1.23226118 -1.04485953
 713 4.45513129E-02 0.443304360 0.163439453 -1.04231846
 714 -0.975400925 1.30738091 -0.514139950 7.87036940E-02
 715 6.39042556E-02 -0.427946657 0.338831961 0.144171208
 716 -0.890973866 1.28154361 0.209973842 1.78023028
 717 -0.707370996 1.96739352 -0.240394562 -0.504329383
 718 2.06454706 0.496325433 1.51996255 -0.180936530
 719 2.36842513 0.565933347 -0.251832277 6.38194978E-02
 720 -0.598554850 0.589840651 0.118487105 3.65953967E-02
 721 -1.71641397 0.824838817 0.817072570 1.84641194
 722 3.92958522E-03 0.858884752 -0.831074953 -0.503792167
 723 0.639405251 -0.591630697 0.287759960 0.735671401
 724 -0.915461183 1.27099371 -1.48024094 -1.38451040
 725 0.570753932 0.875023305 -0.789874017 0.137754887
 726 0.278554976 -1.85072529 -1.42011642 -0.363143414
 727 -0.398971856 -0.536440849 0.387997568 2.73021311E-02
 728 0.973771930 0.813029051 -1.92500651E-03 -0.972684741
 729 0.658025742 -0.783700347 -0.573584318 -1.12257957
 730 1.60088038 -0.218348891 -0.994292319 0.150269911
 731 2.74441576 -0.265569896 -0.663501084 -0.732457697
 732 -0.428115934 0.317463934 -0.770626187 1.00077820
 733 0.947800279 -1.92961645 -1.20796895 -1.10807443
 734 -0.791565239 0.515749812 -7.43722320E-02 0.121611163
 735 2.37500072E-02 -3.89682464E-02 0.196324006 -1.38334548
 736 -8.59028101E-02 8.84976014E-02 -0.192120343 -1.10361755
 737 1.11358476 -1.98092127 -1.51072395 -1.12453997
 738 -0.293587506 -0.894524634 -1.11574388 1.47775459
 739 1.06197369 -1.64329183 4.93068248E-03 2.53461289
 740 1.08206344 8.04826021E-02 -0.137655884 0.167476937
 741 1.09854746 0.839729667 0.410434961 0.983253539
 742 0.185900390 0.755638540 0.682000756 1.03219545
 743 3.11173272 -2.40430856 -0.977272153 0.163573340
 744 -1.78461337 2.10984302 1.55257654 2.97205019
 745 1.56351924E-03 -0.530951381 -0.906275153 1.74571788
 746 0.255279988 2.34845066 1.22386491 0.351835907
 747 0.329755664 -0.746881783 1.17411673 1.88800633
 748 0.261164010 -8.12669098E-02 0.419779271 8.81140605E-02
 749 1.26638615 0.823231280 0.406066537 1.50000429
 750 -0.401043206 -0.701179624 -0.429923892 -9.90120322E-02
 751 0.466373652 -0.424476534 -1.31284630 1.19238007
 752 -0.245530188 -1.87750947 0.429657251 0.165919840
 753 -0.892946601 -0.161264122 -0.126990482 1.22176361
 754 3.05864662E-02 0.799515903 -1.02842331 -1.09213404E-02
 755 -0.227145270 0.182011932 -1.14050734 0.865117908
 756 0.381043732 1.66130590 0.413344085 0.180191189
 757 -0.123190284 0.480386525 0.441781878 0.338225484
 758 -0.493644714 1.01477876E-02 2.55931473 -0.130536184
 759 -0.627877116 0.250626445 -7.33278841E-02 1.09092331
 760 0.621825397 -0.755767524 -0.703344166 -0.100320026
 761 -0.428171456 -1.22729588 -0.226798400 -1.71798754
 762 0.369905233 -0.268906772 -0.709339619 1.76548994
 763 -1.98542106 -0.535018146 -0.404857844 -1.07966065
 764 1.41254056 1.79951656 0.862733841 1.53750479
 765 1.35205483 1.65080225 1.26179755 1.87902308
 766 -0.939159036 -0.779746294 1.23226261 1.84971094
 767 5.92345446E-02 0.579941988 -1.15397954 -1.33373988
 768 0.700708687 1.11724627 0.804471552 -0.995209694
 769 -1.27758038 0.370677948 0.589952469 0.348980099
 770 -1.88633537 -0.481221229 0.221822500 -1.28676128
 771 -0.290559232 0.149775028 -0.443383694 0.262067795
 772 0.908778191 -0.959722519 -1.02335107 0.162048027
 773 5.04339486E-03 -0.244391292 0.137609243 0.198163509
 774 -0.627262354 -6.57552630E-02 -1.65624309 1.45004070
 775 -0.766722322 0.351191163 -1.82467842 -1.59459436
 776 -0.628187418 0.237190500 -1.92401111 -1.07111216
 777 0.942402363 3.09220348E-02 -1.24649358 2.52594256
 778 -1.49482620 0.353742182 -0.727527022 0.745665669
 779 1.85308766 0.999105811 0.558817208 0.219829887
 780 0.812002659 0.747973680 -0.495055199 -9.63327587E-02
 781 -0.831899643 1.12999392 -0.685535073 -1.38870609
 782 -1.46216917 -1.16487575 -0.312803537 0.330807239
 783 -0.808219612 -1.76021850 -0.761514902 -1.37250066
 784 0.110492654 -0.618471742 0.223265439 2.47835588
 785 1.98012972 1.34916842 -0.851921260 0.660202980
 786 0.526393950 -1.54966831 0.353891671 -0.154388458
 787 -7.19407946E-02 -0.679145455 -0.789133489 0.426492631
 788 -2.38813832E-02 0.666116595 -0.476064920 -0.362143457
 789 -1.25976360 -0.517532289 -0.827390730 0.234781951
 790 -0.860703409 -1.02205920 -0.354571760 0.270393550
 791 0.180786520 0.901486814 0.727008045 1.00071621
 792 -1.37092972 -1.73886478 -0.906864405 -1.10285783
 793 1.08769393 -0.277983069 -5.42136282E-03 3.29160169E-02
 794 -0.681174040 -2.89957714 -2.39375591 9.30787027E-02
 795 -0.808180213 0.355532855 -0.824179471 -0.660473347
 796 1.76382709 0.274777234 -0.498933226 0.467135370
 797 1.60585880 -0.931216121 0.495916486 0.201634884
 798 0.607515693 0.737169981 -1.25955701 8.48511755E-02
 799 0.810200512 0.515070200 -0.105815709 -1.03575039
 800 -1.91280222 -3.92784476E-02 -0.247183412 0.552792192
 801 -1.04093277 0.741446853 -0.970961511 -0.958842516
 802 0.592828095 -7.00834990E-02 1.53338611E-02 1.76267743
 803 0.160086900 1.11669409 1.23983669 1.41357398
 804 1.39546466 -1.06723273 1.54168618 -1.54543817
 805 1.35898781 -0.785090685 0.905801058 0.847456932
 806 0.364206076 -0.637955785 1.42111456 0.159105688
 807 -2.09405017 1.28344619 8.56600627E-02 -6.50721341E-02
 808 0.548332691 0.787386179 -0.562122345 -0.119391784
 809 0.474175096 -0.399554610 -0.537952304 0.406676292
 810 -1.62171876 8.11399668E-02 -0.139334977 -1.32405448
 811 1.02852464 -0.232996449 -1.14309597 0.297631323
 812 -0.631868541 -0.490476966 -0.385274470 0.570623696
 813 -0.826917231 -0.214240178 0.728318572 1.47640550
 814 -1.10349619 -1.20959127 -1.63076818 0.210666031
 815 0.922686338 0.188280240 -0.637478650 0.296857208
 816 -0.294138879 -0.340502977 3.00518870E-02 1.73420385E-02
 817 0.261404783 -1.23233449 -0.299904972 -1.19722748
 818 0.257336318 -0.631012559 0.444189966 0.523299038
 819 2.11861181 -1.19096994 0.635975778 -1.05546343
 820 0.154082999 1.38454068 0.541272998 1.42058313
 821 -1.03152990 0.427764803 -1.24399722 -7.68665522E-02
 822 8.28119740E-02 -0.642442346 -0.371079236 -2.01013088E-02
 823 0.862265825 -2.13976932 0.175020754 0.463998973
 824 -0.693367422 0.441654205 -0.367009610 -1.35013258
 825 1.63693476 0.708562195 1.15939224 -1.41403317
 826 -6.38590008E-02 -0.896620870 -4.15745899E-02 0.110621482
 827 -1.13022804 -0.325178236 1.66578144E-02 0.222518265
 828 0.329491228 -0.367504597 0.562571466 0.270289123
 829 -0.172694325 0.714610159 0.993034184 0.381922662
 830 0.186905652 0.715556800 0.435461491 -1.14515710
 831 0.260205209 0.269707024 0.256943226 1.24775553
 832 4.62631732E-02 0.153415471 3.28122675E-02 0.160408318
 833 -0.138225779 0.822306395 0.744137704 -1.41504395
 834 -0.565982103 0.781195581 -1.05171967 1.53931510
 835 -2.43530846 -1.08679247 -0.593686104 -0.168566570
 836 -0.819373012 0.732391477 -0.181804091 0.252121031
 837 -0.312443405 -1.07888281 -1.29098153 0.119784631
 838 0.791762829 0.489745498 0.398890406 0.383586764
 839 -1.52202702 -0.371984065 -0.634289920 3.38425264E-02
 840 0.798395932 0.332502693 -0.830977261 0.385882854
 841 -1.07183909 -1.67402732 -1.90357924 0.411755860
 842 -1.20494056 -7.69137740E-02 -0.547689021 0.864558637
 843 0.716862917 -1.44544566 -1.06623435 -1.17974472
 844 0.359423518 2.30170226 0.517762780 1.54313099
 845 1.18510270 0.692699552 0.941369176 -1.45665503
 846 -0.901578426 0.288048923 0.123733073 0.128438890
 847 0.903053224 1.11305249 -0.207171589 0.166093558
 848 0.506914973 0.310919046 2.65256619 -0.209974125
 849 -6.59530163E-02 -0.599595129 -0.593751669 0.118182987
 850 -6.49022758E-02 0.201916918 -1.56897044 -1.04212630
 851 -0.383791178 -0.643687487 -0.469271332 1.48262382
 852 0.775385022 -0.765834272 -0.396504879 -0.806447029
 853 0.659018576 -4.39891219E-03 1.06843495 -9.62680504E-02
 854 -1.89928746 -0.432867378 -0.872936487 1.52535141
 855 0.913457811 0.788652062 -5.52757718E-02 6.11964315E-02
 856 0.126611501 -0.798046529 0.649644077 1.49072850
 857 -0.597080231 -0.696982980 -1.20855010 -1.30457413
 858 -1.18602300 -2.93138362E-02 -0.629563451 1.35174513
 859 -1.70324719 -6.73381835E-02 -0.912415445 -0.128916308
 860 1.76730442 -0.118793786 0.202813894 0.163067564
 861 -2.27593613 0.698144972 -0.397962928 1.32732749
 862 1.81871080 -0.181672558 1.05381584 0.408576906
 863 -1.14158487 6.36973232E-02 -0.689121723 9.94672030E-02
 864 0.673252702 0.633532941 0.345784277 1.39433193
 865 0.548980236 0.507941246 -1.59183598 -0.960660994
 866 -1.00106275 0.366415828 -1.42221034 0.437457681
 867 -0.214765191 0.175664991 0.497552574 0.212528065
 868 1.29828513 -1.27047133 -1.10795414 3.21208835E-02
 869 -0.570365667 -0.576152921 -1.35312712 1.29554653
 870 -1.28674662 0.931693435 -1.06736851 0.165076911
 871 -0.996056139 -2.03816915 0.319714993 1.73181045
 872 -1.51125038 4.97093797E-03 -1.38616228 1.27083468
 873 -0.774228036 -0.163862199 0.690454185 -0.400590003
 874 -1.44241977 1.45281482 6.59951568E-02 1.48815322
 875 0.777134717 0.871019840 0.983504534 -2.80116051E-02
 876 -1.29891562 1.22054040 -0.738754988 0.224599302
 877 -1.78920841 1.41894639 -0.733602464 0.119142428
 878 1.44721973 6.23314679E-02 -0.806593537 -1.05661273
 879 0.296932876 0.159588158 1.06143069 0.212141290
 880 -0.306621104 4.96394932E-02 -1.85277963 -0.404553115
 881 1.20416439 -0.854459167 0.617552280 -0.992568254
 882 1.53694379 1.01129127 -6.23723119E-02 -1.38145995
 883 1.59982717 4.33152765E-02 9.95223671E-02 -1.48384881
 884 1.16212618 0.131434396 -0.543596685 -1.28448653
 885 1.38923848 0.148837477 -0.854639232 -1.28814709
 886 -1.02738738 -1.09565401 -1.73316526 1.04320729
 887 1.45588267 -0.556843758 -7.69949108E-02 1.46731734
 888 0.931279182 -0.778497577 -0.658605218 -8.41329694E-02
 889 -0.381621271 0.295366287 1.40622199 0.278039247
 890 1.00554049 0.557048559 9.98861790E-02 -1.21026719
 891 -0.303175926 1.53180349 1.27158117 -1.59508908
 892 4.63255122E-02 -1.32715154 -1.15625465 1.38540578
 893 -5.09377718E-02 0.205943748 0.222783267 0.767390072
 894 0.671046615 -0.188891739 -0.959829986 1.60561824
 895 0.714313388 1.50815475 0.521089256 0.868919253
 896 -0.754811168 0.385571539 0.565792024 -0.235985622
 897 -1.52045000 -1.55927038 -0.363165319 0.352597296
 898 -0.113724232 0.234858304 -1.35105467 4.29240987E-02
 899 -0.747364819 -0.271722138 -8.54072645E-02 0.173602045
 900 1.22775209 0.593530297 1.44156313 4.61174548E-03
 901 -1.10481429 1.37823665 0.258957714 -1.48651922
 902 0.559387147 4.71033677E-02 -2.01049972 -1.03246272
 903 -1.38239491 0.119950861 8.86455178E-03 0.440006316
 904 -4.57214266E-02 -0.927651465 -5.70558980E-02 0.285452545
 905 -2.56108379 6.40507042E-02 -1.14897656 -1.44810212
 906 -1.78392792 -0.904368520 0.367363632 -3.11278775E-02
 907 -1.65849328 0.124308839 0.184667498 0.210118219
 908 -1.77837992 0.141377360 0.216120750 0.212064117
 909 -1.70642245 -1.06183982 -1.13519168 -1.28821242
 910 -0.247973382 1.33828986 2.25871277 0.117563367
 911 -3.40051949E-02 1.54710746 -0.408747405 0.274632871
 912 -0.448495746 -1.03409123 0.140383720 -1.34659624
 913 0.802552283 -1.63300419 -1.21582854 1.35586929
 914 1.21394193 0.643179655 -1.27717829 0.548046291
 915 -0.341172040 -0.475232720 0.667410433 2.21603811E-02
 916 0.446315706 8.52560699E-02 -0.442984164 -1.51219058
 917 0.331255019 0.325410306 0.138835728 0.176987261
 918 -1.40951014 0.235395372 -0.834241092 0.157851562
 919 -0.301419914 -0.528114855 -0.251088142 1.50111759
 920 -0.683423281 -1.64191818 -0.398780882 1.59084237
 921 9.31723863E-02 -2.72348523E-04 1.03302121 3.59489247E-02
 922 0.254500866 0.902580440 -0.172136083 6.93849027E-02
 923 1.25480998 -0.865269005 0.114548832 2.49599889E-02
 924 0.722301066 -0.405244559 0.570349395 4.24683094E-02
 925 0.455061466 -0.323829770 1.60273671 -1.45843613
 926 -2.14388752 -0.617235184 -1.92066073 0.642135501
 927 -0.963939250 1.11027801 -0.569296896 -3.66982818E-02
 928 -1.52724016 1.02502072 0.163634509 1.77380764
 929 -6.67705089E-02 -0.754381478 -0.174642742 0.494694531
 930 0.336976290 1.65239382 1.01233280 0.122999221
 931 -1.27017152 -0.130529165 -1.58258176 0.199234664
 932 0.443888664 -1.35811222 -0.609345853 0.117058955
 933 9.72790122E-02 -0.402719826 2.95356512E-02 1.63480556
 934 0.745773852 -0.608624458 2.20534706 1.47255540
 935 -1.44579411 -0.856361568 1.21814561 1.27572513
 936 -0.983898222 -0.578207791 1.70313644 1.09540641
 937 1.06932545 -0.747831106 0.412600756 1.51618469
 938 1.15532506 -4.56746183E-02 -1.21444809 1.20052576
 939 -0.801302910 -0.895952761 1.35801876 -1.13374150
 940 -0.130321875 1.22984505 0.115669355 1.46901381
 941 -1.13771462 -0.740791321 -1.51419914 0.401336193
 942 -2.40037346 -0.566788554 -0.890320599 -1.43850648
 943 0.595907032 0.330190241 -0.521722317 7.10686520E-02
 944 0.450847924 0.126035780 -8.11456442E-02 0.218518093
 945 0.466823995 0.489079595 1.12433100 0.130090475
 946 -1.59282899 -1.24174142 -0.385822505 -1.17036104
 947 1.30386412 -0.234952003 1.10507333 2.54538202
 948 -7.69048333E-02 -9.75049511E-02 -7.37676024E-02 -1.12382090
 949 0.423930585 0.885636389 0.151589572 -1.18827438
 950 -0.753838658 0.759017587 1.53247046 0.233864337
 951 0.347837985 -1.12056041 0.288367212 6.80835024E-02
 952 0.872916222 0.664895833 -0.962968886 -1.40143156
 953 -1.18312216 8.19498003E-02 0.306793839 -1.47095025
 954 -0.466185033 -5.02544567E-02 1.32853520 1.42087984
 955 0.943809807 -0.303294331 -0.182442233 -0.155912563
 956 0.523089588 0.139217645 -0.882862210 1.02987909
 957 0.707192779 1.76286018 0.881009638 8.89737755E-02
 958 -0.853741407 -1.38040781 1.12642252 7.50247538E-02
 959 -0.342015326 -0.256834865 -0.498834670 -1.52348351
 960 -0.542724192 -1.18527365 -1.34435678 -0.177873269
 961 -2.48154831 -0.952561140 -1.04327154 1.75345814
 962 1.18763220 0.368351638 -0.726646960 1.34980166
 963 -0.882685900 0.887606144 -0.441018522 0.449233770
 964 0.936381936 -0.329068452 -0.653497219 1.75296915
 965 5.18275574E-02 0.358576894 0.807654858 -0.141041502
 966 0.341650128 1.59023058 -1.58697593 6.62340149E-02
 967 5.52973896E-03 0.272073030 1.65139091 -9.27162468E-02
 968 -0.982829332 -1.24236083 -0.785600066 1.69036353
 969 -1.20138967 1.07874632 -1.68263328 -1.16495574
 970 0.349153280 0.308056772 1.32001531 1.12152314
 971 -1.93737614 1.52633166 1.76480103 1.75981307
 972 0.319190085 -0.547942042 -0.129016310 -1.45243257E-02
 973 1.32491171 1.09520388 0.593710303 -1.71965158
 974 5.83799183E-02 -0.371466815 -0.319261521 0.449009120
 975 -2.55386639 -2.00662827 0.119506896 5.09259254E-02
 976 -0.818744183 -0.844965041 -2.34105349 1.48330629
 977 1.31235588 -1.27716362 3.54686677E-02 -1.09648705
 978 0.274487495 0.998678803 -2.64877789E-02 1.64567089
 979 -1.09611392 -1.16087806 -0.943939447 -1.05465007
 980 1.05057597 -1.99763918 0.161522686 -1.08247983
 981 -1.37283170 -0.297294408 -0.735730648 -1.26914227
 982 0.606859863 -0.613127232 0.175589874 -0.925163269
 983 -1.06663108 -1.06926429 -0.868022561 3.14271021
 984 0.398482740 -0.146607667 -1.25349069 1.34936774
 985 0.418470234 1.92571711E-02 -0.464801133 -0.415033221
 986 -0.740490973 -0.375663817 -2.29677844 0.301884294
 987 -2.42288232 0.569689870 -0.440229803 -0.130635276
 988 1.37140974E-03 -0.684122145 9.85953212E-03 -1.97005570E-02
 989 0.794475138 -0.383046210 -0.242276013 0.338362932
 990 -0.851345122 1.26954973 0.472926587 1.47649574
 991 -1.97044837 2.27124190 1.19061983 2.06344056
 992 0.759673119 0.879469633 -1.13246179 2.93608829E-02
 993 -1.61396837 0.300318629 -0.465763330 -1.39048910
 994 -1.38291252 0.307607621 -1.39144683 0.944923341
 995 -1.11897647 -0.732998252 -0.128109366 1.46878517
 996 -6.15029261E-02 -0.461605489 -1.45899677 0.227129281
 997 0.707008064 1.55071199 0.583143711 1.92241001
 998 -4.02036607E-02 1.47065592 -0.652155876 1.38037348
 999 -1.02313113 -0.685823023 -1.56001580 -1.17122579
 1000 0.827786326 0.543734372 0.511673033 -2.75411904E-02
 1001 -0.984203100 0.157407463 -0.361016870 9.33465660E-02
 1002 6.68803602E-02 1.87169635 -1.32402813 -1.31850255
 1003 -2.61031628 1.83120453 -0.447720528 1.05270445
 1004 -1.47484505 -2.03471780 0.415105432 1.92669439
 1005 -1.96823418 -1.18866706 -0.402834475 1.84201074
 1006 0.197530389 0.961098671 -0.687752128 -1.14519858
 1007 0.259877086 0.995868921 -0.185061559 -1.22152245
 1008 1.30238378 0.752993762 1.20423508 -8.41531903E-02
 1009 -0.407560527 1.45489466 0.913440466 1.50553477
 1010 -0.212450564 2.00817513 -0.782049358 3.91108319E-02
 1011 0.310969949 -0.876891375 -0.823739946 -0.289723814
 1012 9.12639946E-02 0.610274732 -1.11245537 -8.65457952E-03
 1013 -0.226860285 -0.354634762 -1.49932957 8.00127089E-02
 1014 -1.03803992 0.546716034 -0.771109581 1.39598930
 1015 -2.02876449 -2.53124094 -4.68623191E-02 1.24741387
 1016 -1.37729168 0.496396124 0.428531259 1.94480133
 1017 -0.717863142 -0.703828871 -0.322635114 0.459272385
 1018 -1.27952647 -1.05664194 -1.06242836 -2.54833996E-02
 1019 0.680456161 -0.203738451 -8.43195543E-02 -1.08247149
 1020 -0.534776926 0.485332370 -0.497995913 -0.340124309
 1021 0.470518053 -0.459276557 0.385031790 1.93843794
 1022 -0.627792120 -0.938752294 -0.608207345 -0.138856634
 1023 -0.995770514 -0.529002726 -4.29497212E-02 0.559466183
 1024 -0.779184520 -1.35907948 -0.552863896 0.350656211
 1025 -1.10007942 1.55558729 -0.505542755 -1.58512223
 1026 1.30033684 1.85262632 -0.458720744 -0.899790466
 1027 0.647530913 -1.21763504 -1.19954777 -0.135754362
 1028 -0.618469775 -0.787598491 -1.01691186 -1.34475815
 1029 -0.219651788 1.50131857 0.375384629 -0.199975237
 1030 0.541300893 0.721039176 -1.76584470 -1.82984173E-02
 1031 0.418727219 -2.06679678 -0.814787328 1.32711613
 1032 -0.181465834 -0.483683765 -0.633011401 -1.18482375
 1033 -0.635393202 -0.367516816 0.970870256 0.151906446
 1034 0.425143123 -1.16788769 0.834386110 -1.28733182
 1035 1.69076848 0.131489992 1.56644392 0.198674291
 1036 1.04466593 1.35975051 1.83678281 -1.40579689
 1037 1.65096223E-02 -1.69897425 1.79270267 -1.20356369
 1038 1.86426401 3.87843400E-02 2.45647645 1.23208940
 1039 1.17575943 -0.968027174 1.06703103 9.09873992E-02
 1040 -0.552638590 -0.488120794 2.06653523 -0.277003437
 1041 9.15420055E-03 -0.437638342 2.75556850 0.304428816
 1042 1.26747191 -9.16825533E-02 0.942911625 -4.89507467E-02
 1043 0.565258503 -1.19643974 0.801622391 -1.16610599
 1044 0.875201404 -1.46712053 1.44703329 0.276607573
 1045 0.944125772 -0.796908736 0.339260340 6.91319704E-02
 1046 1.71282387 0.292456090 1.82991087 -1.22549403
 1047 0.934380054 -1.79545748 0.863133192 0.118276648
 1048 0.903642654 -1.86211860 0.548354387 -7.63954669E-02
 1049 0.463177770 0.542006850 3.18802524 0.277294040
 1050 2.37765861 -0.336658239 2.11716318 -1.24321616
 1051 1.15107560 -1.13791442 1.93305779 0.259644210
 1052 1.24844742 -1.60003161 0.832560539 0.278520495
 1053 0.324085921 -1.95544410 4.30304193 -0.128214657
 1054 0.129293948 -0.160218865 3.02869749 1.34901798
 1055 -0.468034476 -2.13220477 3.78437948 1.33261168
 1056 1.16305697 -0.821628809 0.636768639 0.211727977
 1057 -1.14103198 -1.62747753 1.95192707 -0.778360724
 1058 1.15965366 -0.568851054 -4.99884337E-02 -1.23998380
 1059 -7.35878944E-04 -2.13072753 1.36437047 -1.11468244
 1060 -1.21591270 -0.274387717 1.77572119 -0.303539336
 1061 0.814307272 -0.741726935 1.25156295 0.136222541
 1062 -0.485643387 -1.66411328 0.408188045 -0.768725991
 1063 -1.28542304 -0.815307796 0.194214746 -1.45013773
 1064 0.938478947 0.769921422 0.879230261 0.128817111
 1065 1.09498823 -4.91674542E-02 -0.240299284 -1.63042098E-02
 1066 1.94008207 -1.45039642 0.281055987 0.622016132
 1067 0.990617514 0.698273242 2.62051558 -1.33591807
 1068 -6.13850839E-02 -3.90623696E-02 1.66227758 -1.59307063
 1069 0.437462479 -0.671977103 0.636725307 0.138197437
 1070 1.95513737 -0.327116668 0.432060301 -0.233021125
 1071 -0.146447092 -1.26330781 2.02265549 -1.13363171
 1072 -0.834008932 -1.25442386 1.26610947 1.55887651
 1073 1.22995520 -0.944407344 1.88379693 -1.12704325
 1074 0.880769312 1.84259415E-02 2.01915765 0.374418885
 1075 0.252689868 -1.32380331 1.73591936 -6.02719560E-03
 1076 -7.44432956E-02 -0.565022588 1.03998005 0.483891606
 1077 -0.400681257 -1.07688200 1.94706655 -1.43534851
 1078 0.724314630 0.296410263 0.846867681 -1.66030347
 1079 1.05253983 0.458281636 1.34307742 -1.30057013
 1080 1.15756750 0.240571618 1.22516489 0.113865361
 1081 0.134907946 -1.15378356 1.00854731 -0.624545574
 1082 0.674316704 -0.848110318 0.864983678 -1.31910574
 1083 0.422039539 -0.914356530 1.13498998 0.267499506
 1084 0.931068957 -0.729581654 1.32983124 1.41634130
 1085 -0.243245855 -0.864390492 3.69718671E-03 0.332045853
 1086 1.18353879 -0.968774199 -0.407523364 -0.148054183
 1087 0.863862634 -0.368419111 1.72434866 1.35074902
 1088 1.40091825 1.22540712 1.05405521 0.224858105
 1089 0.553390205 -6.94592670E-03 2.06369829 -1.12357795
 1090 0.160816103 -0.588007629 -0.526938140 -1.46898615
 1091 0.316544771 -0.130847320 1.51659632 0.144188046
 1092 1.29881883 0.500626683 0.821184635 -1.23639131
 1093 -0.523200870 -1.46605325 0.856890380 1.24651790
 1094 -0.200915903 -0.968458533 0.731099248 8.95099342E-03
 1095 0.457638323 -1.16147375 1.37047291 1.88032556
 1096 4.44380343E-02 -1.61528885E-02 1.55657887 -1.02501702
 1097 -7.01147318E-02 -0.106513634 1.08223057 5.19788638E-02
 1098 1.86722779 -1.88499224 -3.11894119E-02 -1.51850092
 1099 -0.845049202 -0.847676396 1.18350530 -1.10785663
 1100 0.633966386 -1.76981509 -0.511920989 0.559486866
 1101 2.93894315 -0.127579421 1.60263062 -1.59989178
 1102 -0.643972754 1.21627283 0.786688566 -0.167602465
 1103 3.60593498E-02 -0.231686950 1.19822800 0.229384929
 1104 0.277569354 -1.03042233 8.93050954E-02 -1.46827054
 1105 -2.08565891E-02 -0.205772117 0.889005721 -0.153465971
 1106 -0.788735271 -0.800017655 0.567564428 9.67010260E-02
 1107 1.67459118 -0.406317353 1.01928890 -1.05154586
 1108 -0.588507235 -1.76226461 0.785312712 0.501482606
 1109 0.286879271 -2.45590973 1.58870387 -3.81541252E-03
 1110 0.169233263 -0.650241792 -0.262208462 1.23491442
 1111 0.847656131 -2.01970077 0.269358248 -0.242321566
 1112 -0.645269215 -0.404018462 2.22452760 0.144108042
 1113 0.648640156 -8.00032020E-02 0.136025906 -0.151163891
 1114 -0.766819239 5.85250556E-02 1.10748839 -1.07490516
 1115 0.392139912 -1.18194771 0.354775667 1.52433658
 1116 -0.696254730 -1.63214386 1.31840479 3.93367782E-02
 1117 -0.493775368 0.391735554 2.82746673 -1.79565930
 1118 1.75178206 -0.584690988 0.736744046 0.358630121
 1119 1.56670451 -1.00664878 -0.340443254 1.03162777
 1120 -0.687785745 1.21090859E-02 1.73406756 0.338018000
 1121 -0.614259720 -1.33104742 -0.103025332 -1.49259381E-02
 1122 -0.614822388 -0.248253584 -0.687821031 -1.94204524E-02
 1123 0.199302077 -3.61419171E-02 1.19303453 -1.35008168
 1124 2.16172218 -1.17369986 1.06866360 0.103734642
 1125 1.25095880 -0.640450418 0.774830520 0.487347841
 1126 -0.843666196 -0.114221595 -0.248841509 -0.730691552
 1127 1.64274657 -0.584600449 0.832918644 -0.161898538
 1128 -0.798441887 -1.12154019 2.98801923 0.854477525
 1129 -2.64285505E-03 -0.796144426 2.15084743 5.12001365E-02
 1130 1.07888579 -1.13758600 2.02671504 5.61190024E-02
 1131 0.697798133 -0.733542919 3.06116080 -0.111309901
 1132 0.706863642 -2.19499826 0.943240881 -0.389260083
 1133 1.18145227 -1.50704002 2.04950261 -0.237955153
 1134 6.43248856E-02 -0.868038356 2.14131117 0.185401052
 1135 0.182012439 -0.727204561 1.14328456 -4.24121171E-02
 1136 -0.946696103 -1.16980767 -0.578648806 -1.16796839
 1137 0.481376201 -0.297971547 0.347395211 1.38345575
 1138 1.25463367 -0.983639240 0.698637486 -6.09603077E-02
 1139 -0.571047544 0.646388292 0.399883658 -0.178273529
 1140 0.544313610 1.50011706 0.173575476 -4.47364636E-02
 1141 1.02996016 1.17598546 1.46034873 1.50707588E-02
 1142 -2.33104080E-02 0.739372432 0.368434191 -0.125907078
 1143 -0.598497450 1.78245854 0.932771206 -1.07945573
 1144 -1.46601129 1.33660591 -0.419939697 1.29018378
 1145 -0.698524654 -0.890067339 0.855745792 0.237704396
 1146 1.36619711 0.299642533 0.189424768 -1.65648055
 1147 -1.12190521 0.780307472 1.29874039 0.335680574
 1148 1.06891811 -0.950745702 0.357458174 -1.09919500
 1149 0.336414993 0.788258553 1.33249593 0.308828384
 1150 -0.509570897 2.04572082 1.53468418 -5.15492670E-02
 1151 1.08243513 0.647396266 1.53044569 -1.42380095
 1152 4.73634005E-02 0.599182665 0.508423448 -0.949151278
 1153 0.223682359 1.74340248 2.31288767 -1.04226661
 1154 0.738899469 8.77577215E-02 0.119473323 1.35303712
 1155 1.62195110 1.14482331 0.393544316 -0.243103653
 1156 5.43419421E-02 -0.418585777 -0.705619216 1.33023131
 1157 0.811043859 0.856658280 1.27726626 -0.674097717
 1158 0.409934610 -1.78097963 1.31326640 0.273044765
 1159 0.968270898 -1.52110863 0.986042142 0.133309513
 1160 -0.287476569 -0.949315190 -3.76595408E-02 -1.66600966
 1161 -0.149868533 0.814850867 1.08191872 -0.387725234
 1162 -0.669996381 -0.124358401 0.440952569 -0.247302324
 1163 1.52919674 -0.114475049 0.369781524 0.193767101
 1164 0.163340211 -0.912913799 1.24893129 -1.57096231
 1165 -0.288174033 -1.76783395 8.44366848E-03 -0.820444047
 1166 1.27937520 0.762156248 1.42011297 -0.265290141
 1167 -0.770777881 0.625738084 1.01602888 1.57004964
 1168 -0.385491878 -2.47895527 1.35302401 1.27883852
 1169 4.23307195E-02 -1.91728497 0.348196030 -0.101119161
 1170 -0.396784067 -1.99547482 -1.53689289 -0.306927055
 1171 0.362630844 -0.457368672 -0.175274476 -5.63331693E-02
 1172 -1.89293694 -1.19040716 -0.752838373 -2.42414176E-02
 1173 1.13642716 -0.663490474 0.813969374 -1.25372529
 1174 -0.617745996 0.217815310 0.821578264 -0.164623410
 1175 -0.196192831 -0.339398563 0.514790654 6.96104392E-02
 1176 1.67583251 1.27805901 0.726064205 -4.67968322E-02
 1177 1.82131886 2.43395185 -1.64247668 -0.277377248
 1178 0.907574594 1.08067334 0.763250589 -1.00950849
 1179 0.286245018 -1.44748044 0.611284018 -1.12474465
 1180 -0.890568972 0.159833729 0.665100813 0.227132171
 1181 0.277610362 0.192767605 1.14150584 0.822472215
 1182 0.792030513 -0.446005255 -0.526194453 1.49075198
 1183 1.07289600 0.595863223 1.66840398 1.15430510
 1184 -1.26141179 -0.842852354 0.603866696 -1.48925376
 1185 1.24946117 -0.329473734 -0.189334869 3.97039875E-02
 1186 0.120545432 -9.64172632E-02 0.630438089 0.169777870
 1187 -1.08800542 -1.02999651 0.874931037 -0.111587577
 1188 -0.865530431 -0.316732615 1.09983802 -2.57505327E-02
 1189 1.91639268 0.313695580 0.161479071 0.392121762
 1190 1.13029504 -0.928506374 1.85890305 -1.05032575
 1191 0.468361557 1.70113444 9.94598418E-02 -1.19548905
 1192 -0.349597484 -1.20724607 1.19710970 -1.04407847
 1193 1.68186426E-02 -0.893819451 -1.03182566 -1.44264507
 1194 0.195450544 1.78520799 1.31060696 0.291823238
 1195 -1.70066833 -2.70279622 -0.379492223 1.25287509
 1196 -0.436515510 0.887306333 1.68942428 -1.24048150
 1197 0.282346159 1.51005781 -1.29987907 -1.36730695
 1198 -0.796858490 0.723438323 1.53783226 -0.382874012
 1199 0.168791801 1.32936144 0.281567663 -1.26768422
 1200 -0.342204332 -1.34476995 0.615272582 0.324604422
 1201 -0.126991987 0.135673508 -0.787499130 -1.28011954
 1202 0.820433795 1.08094335 -1.62555468 -0.922445238
 1203 0.537467718 0.901350796 -0.444773853 -1.49314857
 1204 0.379491389 -0.799868405 1.55911958 0.922653079
 1205 2.27778530 2.25210714 0.854336500 -1.18147302
 1206 -1.08875537 1.56000268 -0.982865512 -1.20985830
 1207 1.82746625 0.971450627 -0.309025079 -1.57154822
 1208 -0.106344044 -0.944516599 -0.343189329 2.29669023
 1209 -2.36037803 1.16836107 1.60674751 -0.246913671
 1210 0.521005690 -1.07073653 -1.47325182 -1.53146005
 1211 -0.687595248 1.30458868 0.277835041 -0.462900281
 1212 0.154426917 -1.45548892 2.54070807 1.05294073
 1213 0.334179401 -0.303282738 2.36184239 1.13749993
 1214 1.04142976 0.979211688 3.77714187E-02 -0.828264594
 1215 1.03738713 -4.30245884E-04 1.43905115 -0.690427065
 1216 0.699070096 0.231975675 2.16980267 0.427822858
 1217 5.04663363E-02 -0.189332485 0.395934105 -0.293488771
 1218 -1.72776222 0.294043392 -0.178290576 -0.807485938
 1219 0.176095396 1.12203550 1.96344829 0.302747369
 1220 0.600338101 0.133627146 1.58021522 -0.319854558
 1221 -0.765836954 0.945943713 1.06058455 -1.44109011
 1222 0.778513312 -0.329352736 1.57996583 -0.925879836
 1223 -0.688443303 -1.20329297 -0.339806527 -0.323565692
 1224 -7.43120089E-02 1.69633555 1.25398958 -0.118076190
 1225 -1.78369927 0.912607670 2.42706537 0.175659180
 1226 -1.00132799 -0.549835801 2.18685818 0.148013711
 1227 1.28733361 -1.18619871 0.650740147 0.361117899
 1228 -0.728619337 -0.605051398 0.105871566 0.149510086
 1229 -0.657924771 0.756412268 -0.192198947 -1.28656626
 1230 1.77119899 -1.08051503 -0.706469536 0.936720312
 1231 7.04436824E-02 1.68506134 0.100888193 -1.22040582
 1232 1.30840957 -6.89540505E-02 0.568846166 2.21575093
 1233 -1.58451736 0.666934013 -0.147566229 0.154279977
 1234 0.726345658 -0.255376190 1.07043624 -0.263241142
 1235 -0.168410376 -1.34819913 1.10554230 1.09795308
 1236 -1.24789464 0.692606688 0.326451838 1.08495343
 1237 -0.206273302 1.49361658 1.59823120 -0.220422953
 1238 -0.338316739 -0.992527723 1.61665559 1.36057413
 1239 0.536640823 0.423447192 0.745718658 3.96745205E-02
 1240 -0.963998079 0.336850315 -0.250031888 1.43018162
 1241 -0.180059448 -0.569617391 0.842975974 1.18538451
 1242 0.348019958 -2.06521201 0.726001024 1.48495758
 1243 1.15164900 0.323060751 3.03265381 0.159763813
 1244 0.266933113 -1.78453302 0.593015850 0.959361076
 1245 0.535960197 1.77779019 0.199310347 -2.52253935E-02
 1246 -0.336712837 -1.09276819 1.40020573 -2.86981650E-02
 1247 -0.353130877 -4.56697568E-02 -0.183900818 -0.229823887
 1248 0.976934910 1.26382244 0.642059386 -0.961769521
 1249 0.344567448 1.10972178 0.774703741 5.69668412E-02
 1250 4.79291975E-02 0.872882724 0.960488558 -0.113834083
 1251 0.929325104 0.800365627 0.344987661 0.188915342
 1252 0.288193464 2.31311035 0.410400033 -8.87638628E-02
 1253 1.53171360 1.52306366 1.07332218 0.225026429
 1254 -0.192802459 1.50877845 1.40427208 -0.460423052
 1255 0.943879485 0.610254288 -5.82459047E-02 -7.08034188E-02
 1256 0.805520058 0.512100160 0.777132809 -0.961375654
 1257 -5.92031926E-02 1.64030635 -0.203373417 -2.55824849E-02
 1258 1.13511872 -0.256879717 0.796370804 1.18064415
 1259 0.236538619 0.180092722 0.533838987 1.26493499E-02
 1260 0.608314693 1.03570545 2.21447682 -0.234930664
 1261 0.493932188 0.820550621 0.260443330 -1.19792545
 1262 1.09418464 1.78413320 1.67843413 -0.297299773
 1263 0.509029031 1.00756466 -0.185357854 -1.15542042
 1264 -0.545508385 -0.301931560 0.312150896 0.135577530
 1265 0.861152053 0.866444230 0.678916812 1.80993155E-02
 1266 -1.66499567 -1.55354369 1.21512258 8.40639323E-03
 1267 0.107320219 2.33737659 1.56936514 -1.52990794
 1268 -0.774661779 -0.647269487 1.44372630 1.02972257
 1269 0.189608827 1.42174029 1.81019080 -0.338671416
 1270 -0.100364521 -0.377273798 -0.602277458 -1.13169944
 1271 0.905816078 -1.26185679 -0.429924816 0.182831898
 1272 -0.424771607 1.15200448 -0.333728582 -0.137568340
 1273 -0.640994191 -0.996410549 1.37501705 7.49222934E-03
 1274 -0.428048372 -1.38774526 0.808374763 0.334381640
 1275 -1.15692568 0.298035353 1.40254247 -0.498121411
 1276 -0.470374942 0.186447620 1.09839952 1.43540370
 1277 -1.72341871 1.12724721 -0.443728805 -1.20103729
 1278 -0.184457272 -0.336533904 1.08433354 5.08533940E-02
 1279 -0.203614950 -2.05177617 0.258554608 0.107499652
 1280 1.37341285 1.87053454 -1.01827346E-02 -0.293825567
 1281 0.728148699 4.36276980E-02 -0.521434665 1.04570556
 1282 1.10695708 -1.09184361 0.306555569 1.09124136
 1283 -0.661967397 -1.33711517 0.824783921 0.549279273
 1284 0.182972103 -1.87067664 -0.373373270 0.142831787
 1285 0.300689667 1.43108463 -0.166369885 -0.143151969
