 1 -2.47301054 -0.405913949 0.415716857 -0.260823846
 2 8.08529854E-02 -0.250067502 0.474773824 -0.501272857
 3 0.164528370 -1.52362978 0.433468163 -1.26696253
 4 1.04769206 -0.340776056 -0.148861825 -0.448861599
 5 -0.411635578 3.36791229 1.06901109 -0.603923559
 6 1.40111840 -0.411152452 1.19557774 0.385311007
 7 0.386138022 0.918732345 -1.30843842 -0.447287589
 8 1.09905005 -1.85959458 1.73433498E-02 -0.337773502
 9 0.475453436 -0.990273297 -1.50490248 -1.42450094
 10 1.11980236 9.91002917E-02 -1.02811933 0.124769196
 11 -1.00560451 -0.796455741 -0.933791518 0.274197012
 12 1.79423019E-03 -0.668622851 0.205017135 -0.200501263
 13 -0.209813356 -0.348770648 0.534313381 0.503681719
 14 0.225708693 -0.202130675 -0.323284864 -0.631682336
 15 0.948935449 1.22418666 0.153711796 0.310337007
 16 0.821373582 -2.15404034E-02 0.324091196 0.591829956
 17 2.24572921 1.83674395E-02 -1.40572107 0.605296493
 18 -1.55823052 -1.11268461 1.88005257 -1.52563834
 19 0.609060168 -0.178844765 -0.371440440 0.115610629
 20 1.71053076 -2.79701996 -0.825305104 -0.613744080
 21 -0.452402592 -0.507923126 -7.36387447E-03 -0.915338755
 22 -7.40471035E-02 0.707377613 -0.557352245 -0.400755048
 23 0.612154484 0.416895807 -0.161024392 -0.596490800
 24 -0.522262454 -0.952380776 -0.929991186 -0.912309289
 25 -1.21563804 0.464115679 -0.844935238 -1.53514218
 26 -0.716604769 -1.24610198 0.468378425 1.13474905
 27 1.43609691 1.35331368 -0.313612401 4.67482209E-02
 28 -1.01911843 -0.681418896 -2.24369025 -0.247394413
 29 -0.772920012 0.841791511 0.830412447 -1.38238740
 30 0.213176638 -0.465381563 -3.70540209E-02 0.273935854
 31 -0.820816636 0.433082998 -1.02911162 -0.470418900
 32 -0.636782408 2.30898285 0.265253216 -1.13616145
 33 -0.166339219 0.165461808 -0.439922065 -0.581371307
 34 -0.493266344 0.895614266 -0.347816408 0.407239050
 35 -1.36109912 -0.998974979 -1.36104786 -1.42049301
 36 -0.172706157 -1.34709072 -0.154645175 -0.706559360
 37 0.349740505 -0.679588795 0.781028628 -1.03777134
 38 0.145686477 0.300849646 1.22563267 -0.522288978
 39 0.275269449 -1.45994163 -8.72200355E-02 1.74928856
 40 1.09809196 -0.474472463 -0.676558197 -0.629415631
 41 2.07621694 0.319871843 0.679114878 -5.84620833E-02
 42 -1.66352308 -1.61923373 -0.748427391 0.485552549
 43 0.344383329 -0.852222443 1.66054833 -0.320167840
 44 -0.888344705 -1.81446314 -0.884277821 -0.409458011
 45 -1.73013830 0.985333443 -0.301154375 -0.383505344
 46 -0.431375086 -1.25622106 0.471164644 0.411124349
 47 0.735755026 0.342212379 0.143831372 -0.815123916
 48 -1.45789504 -0.891576231 -0.991974235 -0.507407129
 49 -0.518367946 -1.42544520 1.59117925 -0.205093414
 50 0.348047376 -1.98236299 -1.30200768 -0.696450591
 51 -2.19205403 0.299270362 -0.145658284 -0.394047767
 52 -0.243664384 -0.712224841 -1.66150498 -0.327915668
 53 -0.965649009 0.430576384 -3.95836234E-02 -0.370906860
 54 2.96488404E-04 -1.62318778 -0.870193541 -0.885832131
 55 0.760431111 1.08195198 1.38509166 1.86154735
 56 0.678961039 -1.89560556 -0.762712121 -1.73013675
 57 -0.371121168 1.15978694 0.454659969 -1.49097264
 58 -2.24399567 0.280387908 0.329638809 -0.261200666
 59 -1.69505453 -1.37089443 -1.07328999 1.63636470
 60 -1.25670969 0.851243913 -0.263956100 0.764276981
 61 2.36635399 0.788024902 0.805485666 0.494253814
 62 -1.22978091 -0.658029020 -1.82988870 2.69869733
 63 1.11323071 -0.773646474 -0.884639025 0.401201308
 64 5.97584806E-02 1.20972145 0.763749957 0.487231344
 65 1.65871477 -1.08571601 -0.879590273 -0.318139076
 66 -1.38805532 0.737177432 0.303491771 -1.37820959
 67 -0.267765284 1.01703489 -0.280659348 -0.462672830
 68 0.659200370 -0.128052860 1.08660805 -1.03743434
 69 0.846164823 0.608249605 -0.680384278 -1.25734878
 70 -0.616619170 -1.16270685 1.65962458 -4.91122901E-02
 71 -0.207557082 0.228350043 -0.457605302 -0.392588496
 72 -0.856678784 0.428559273 -0.449890554 -0.624408126
 73 1.05614829 2.84003597E-02 -0.835208058 -1.58937430
 74 7.06122816E-02 -0.679068089 3.96471247E-02 -0.487258583
 75 -0.634246945 0.419163615 0.795039356 -0.483685315
 76 -0.695797384 0.720777988 0.393870115 -1.85258937
 77 -0.818545580 -2.52737689 -0.940880179 1.09401667
 78 0.130819514 -0.652489543 2.05013227 0.814467132
 79 -9.60409939E-02 -1.31540036 0.923694074 -0.577613294
 80 0.442746669 1.10899532 -0.165516019 -0.546315312
 81 -5.73188961E-02 -0.646327138 -2.03006434 -0.415166438
 82 -0.360629618 -1.20931089 -1.93224084 0.305637181
 83 1.52069569 -1.41265965 0.774385691 -0.974609554
 84 -0.253966630 5.02825826E-02 -1.46793652 -1.49842906
 85 0.559016883 -0.399462521 0.643199444 -0.814350128
 86 1.73304963 0.894875586 -0.763883650 1.87232387
 87 -5.26379645E-02 0.642313480 -0.795789599 -0.361572802
 88 -8.79312009E-02 0.735063195 0.785304606 -0.898817062
 89 0.927276731 -0.157174200 -0.668910265 -0.657461286
 90 -1.30391109 -2.20676994 0.671341658 -0.234055966
 91 0.234076977 0.681631148 4.99971956E-03 -0.293595463
 92 -0.321012855 1.46162283 -0.181098655 1.18588459
 93 -0.484041005 1.03380859 -1.65467048 -0.328524083
 94 0.178745523 -1.61953235 1.43470085 -0.115730397
 95 0.861453593 0.740371943 0.736935675 -0.391774029
 96 1.62887168 -1.77185714 0.300199866 -0.449762940
 97 -0.255969584 -0.392008901 -4.41259742E-02 1.19048977
 98 1.73532808 0.121136501 8.52492303E-02 0.356476545
 99 1.39568651 -1.03364718 -0.313841462 -0.266216636
 100 0.386267453 -0.192506120 0.776437104 -0.333147079
 101 -0.271719813 1.28984380 5.75223416E-02 -0.624275744
 102 -0.810046673 -2.00841045 2.22703218 -0.515417635
 103 0.649471760 0.148927003 0.978355229 0.352487564
 104 0.451511562 1.22400641 -0.199558720 -0.544940174
 105 0.527357221 -1.11219692 -0.182081401 0.875458479
 106 1.73731947 -1.56854284 0.821361303 0.259638011
 107 0.916408241 -1.25166583 -1.44165087 0.453957677
 108 -0.506691933 -0.915253043 1.16030371 -1.59820259
 109 4.42909077E-02 -0.965404212 -0.669452906 1.79637861
 110 -2.39733744 -1.74799228 -1.07522702 -1.86833906
 111 -0.614657044 6.46854341E-02 -0.276758462 0.976427555
 112 1.01142001 -0.676778138 1.63021982E-02 -0.805107713
 113 -8.71718377E-02 -1.84392095 -0.832462788 2.76806307
 114 0.447802663 -0.652501762 -0.547766984 1.16443038E-02
 115 1.58976746 0.817817986 1.94236219 6.33262992E-02
 116 9.76739675E-02 0.645911515 -0.192388892 0.692967117
 117 0.678523898 1.68881059 -0.826680422 -0.316622674
 118 0.641162276 -0.522182167 -1.85292041 -0.517946541
 119 -0.332192063 1.37058520 0.265998006 -0.603244841
 120 -1.16140723 0.800723970 1.36388302 7.26369917E-02
 121 0.331689984 -1.26484108 -0.461806297 0.894731760
 122 1.04447877 -1.59138072 9.42096859E-03 0.327710837
 123 0.663480759 -0.571082830 0.501432538 0.416700095
 124 0.995125175 -0.191211879 -0.952041924 -0.516256928
 125 1.02146196 -2.80070376 1.13221943 0.869289160
 126 -0.217461631 -1.65969813 1.69043267 1.90494072
 127 -1.31181490 -1.12756681 -0.386497200 0.195130661
 128 -0.810023487 0.846939206 0.766336858 0.293613821
 129 -1.69479775 -0.278593659 0.806650162 1.22876644
 130 -0.691444635 0.195344523 -0.108553350 -1.12524760
 131 -1.65123916 1.67695725 -0.777421236 -0.966996908
 132 -0.222306803 2.84831971E-02 -1.85273528 -0.729218125
 133 0.503028691 0.581023216 0.806131721 0.162630007
 134 0.763279378 -1.02451181 0.620369375 0.120916024
 135 -0.523972988 1.27495897 -0.938563526 0.448010862
 136 0.917692542 -1.68900394 -0.506818533 0.288079381
 137 -1.26180768 -1.34618855 -0.242193460 5.33200800E-02
 138 -1.91272497 1.59747684 -0.491572857 0.460383534
 139 1.07087338 0.364405394 -0.694104075 -0.212988943
 140 1.44311261 -0.105901077 0.715676606 -0.470047772
 141 -8.86251181E-02 -2.10963726 -1.06757843 4.57389653E-02
 142 0.154371664 -2.50895071 -1.11782813 0.504272580
 143 0.879472375 -1.06397927 0.393776804 -0.601931572
 144 2.55794454 0.388942748 0.149997294 0.807232261
 145 1.76546681 0.130530030 -0.655230701 -0.317672372
 146 0.499927282 -1.54756033 1.92074999E-02 -0.856430173
 147 0.740622103 -0.230043948 0.299998909 0.588373303
 148 -1.55595982 -1.58456862 8.43539312E-02 -0.371964693
 149 -1.21915019 -0.593379021 1.53405666 0.771024108
 150 -1.45775533 0.714217544 -1.88714230 -0.875826120
 151 0.414091647 -1.57321119 -0.101535350 0.898754060
 152 0.670280933 1.21706188 -2.16875887 -2.31926703
 153 1.77870452 -5.51473200E-02 1.38107753 -0.766204119
 154 0.317468286 0.780329585 0.200563997 0.129241735
 155 0.337056994 -0.416461974 -0.621020496 -0.185486287
 156 1.14705050 0.133219957 5.07758483E-02 0.348355085
 157 0.597676039 -0.339265168 -2.89972210 -0.319612443
 158 0.633677244 -0.896846950 -0.670700014 -1.02790058
 159 7.83499479E-02 0.687171221 -1.93446076 -0.245161235
 160 1.92380404 -0.620248556 -0.256555557 1.27364790
 161 0.152252510 1.65144658 0.524652719 -0.371549487
 162 1.87564683 0.152582899 0.391267478 -1.45037842
 163 1.31214178 1.21135080 -1.71869695 1.68145299E-02
 164 0.809707940 1.13613379 1.68564773 0.751442671
 165 -0.325275540 1.14526677 0.702814579 -0.670013666
 166 0.551018596 -1.25357676 -0.749988317 0.678883672
 167 -0.789637625 2.01671910 -0.166627333 -0.562257886
 168 -0.871725023 -1.18929541 0.586604297 -2.22900963
 169 -0.715276062 -1.25804543 -4.60889488E-02 -0.120985746
 170 -0.644397736 0.216494352 0.946458817 -3.80080938E-03
 171 6.43745437E-03 0.274210095 1.14356863 -0.428165376
 172 1.69770885 0.310018808 -1.33405876 -0.346178651
 173 1.11893046 -0.949199140 0.420413613 -0.875582993
 174 0.747467756 9.91438031E-02 2.01580811 -0.236118585
 175 0.763986290 0.682502925 1.19769037 -0.894104123
 176 -0.591346860 -0.748021841 1.64770484E-02 -1.58792710
 177 0.901503444 1.27884448 -0.217220441 -0.157890290
 178 0.358261883 0.512667120 -0.696401000 -0.299575925
 179 0.383767188 1.41054630 -0.540610611 -0.504234791
 180 0.328480929 -0.663128018 -3.82272899E-02 0.693302333
 181 -6.29878342E-02 -1.11612856 0.177705646 -1.49399865
 182 -1.84335387 0.378565550 -0.532655597 -0.588615656
 183 -0.250672460 -1.11777949 -0.190677851 -0.227574170
 184 0.914692521 -0.143553555 -1.50985813 1.37864137
 185 0.847438812 -0.362389147 -0.260242999 -0.601574242
 186 -0.107241303 -0.216120973 0.481772244 0.608871162
 187 -0.182014406 1.31199598 -1.94177556 -0.633179665
 188 -4.78559434E-02 0.761592507 0.755250573 -1.11888230
 189 0.485478938 -1.36837435 0.376612246 1.27199888E-02
 190 1.33677983 2.94116437E-02 0.535037100 -0.452808142
 191 1.90126109 0.941752553 0.670305371 -0.620555758
 192 -0.539850056 -1.78039503 0.248729825 1.52414882
 193 2.12480640 -0.768835902 -1.00029242 -0.567871094
 194 -1.73962367 0.843091905 -1.89682078 -0.593873799
 195 -0.586261690 -0.121581160 0.372480810 -2.23936272
 196 0.242125899 -1.53461647 -1.22940779 -0.588825166
 197 0.151897743 -0.341151625 1.08079791 -0.335256398
 198 -0.339163393 -0.862290859 0.748914957 0.984044254
 199 -2.00355196 0.990031362 0.461663008 -0.117141157
 200 -1.39474225 -0.125155583 0.434890926 0.147107124
 201 1.80290735 -1.91010904 -0.505136728 -0.407457858
 202 -0.953599989 0.901568413 1.16217518 -0.559855163
 203 -1.94493681E-02 0.863999486 0.863555372 -0.227199674
 204 0.323452413 -0.245418668 0.318823189 0.170855001
 205 0.120851994 -0.467377812 -0.445152760 0.451387107
 206 -2.26885033 1.09327579 1.02178335 0.847676933
 207 0.339660227 2.20043755 -0.989650369 -1.35158992
 208 0.210834354 1.09214425 0.149383262 -0.499554396
 209 1.23147833 -1.41397774 0.132192463 -0.387729406
 210 -0.157161504 0.703318536 -0.565511048 0.244177297
 211 -1.67690921 -0.185587034 -0.386372626 0.672194242
 212 0.971704125 0.839053035 -0.690139234 1.19778252
 213 2.70745134 -3.17515707 -0.455370486 0.900546551
 214 -1.52931595 -0.212972492 0.106323838 0.892326891
 215 -0.206996694 -1.05551112 -0.918613195 -0.539263129
 216 -1.67583227E-02 7.60287344E-02 0.499213904 -1.53162265
 217 1.54708171 -1.69242883 -0.336458027 0.376415968
 218 -0.877775371 -0.159646958 -0.388859510 -0.720529914
 219 -1.52877462 -1.50319481 1.02859688 0.631935120
 220 -0.870311141 -0.193172172 0.537878871 0.228715628
 221 0.541003942 -0.867474794 0.726699948 0.381166935
 222 1.84089863 0.582666457 0.185965627 0.385194480
 223 -1.68775249 1.48090339 0.120105363 0.677302361
 224 0.455510557 1.99829674 0.802393436 1.31937492
 225 -1.40845644 -4.49538231E-02 -0.323918730 -0.440146178
 226 2.80624703E-02 0.641583085 0.391530514 0.793020904
 227 -1.58401504E-02 -1.10260534 -0.237556219 -0.906994700
 228 -1.26673925 1.56930566 -0.169646382 -0.117786646
 229 0.573028684 5.38216904E-02 -1.52574205 1.23570824
 230 0.381562442 -0.743506074 0.575076282 -0.580757320
 231 -1.06475484 -1.74200106 -1.38487923 -1.33801472
 232 0.211940378 0.182104856 1.69042742 0.288915694
 233 -0.298339456 -8.87741148E-03 -0.180085063 -0.241007715
 234 -0.500941396 -0.158125252 0.396307439 0.581473589
 235 0.465469122 0.150964454 -0.471809626 -1.60404682
 236 -0.809891582 -0.564210236 -0.543271422 1.06156969
 237 0.150920510 0.350007534 -0.330143958 1.28307772
 238 -1.53447533 -0.976158261 -0.478080451 -0.279413044
 239 0.346285522 -1.01431584 0.390464306 -0.781820178
 240 -0.936756730 1.30216289 -1.38643014 0.156826198
 241 -0.538384795 -0.280868411 -0.335183829 0.904477894
 242 0.662326932 -1.11991835 -0.358954430 -0.536513150
 243 0.227966934 -0.386065722 0.467336774 1.54387581
 244 -1.57496786 -0.439626664 1.07987857 -0.685084224
 245 1.52009010 0.614319205 1.06439030 -3.47020701E-02
 246 -0.757378638 1.71632779 -2.44010854 -1.09837914
 247 -1.52394474 1.05347514 -0.195822388 0.368615150
 248 -0.254700899 1.55905807 1.29169917 -1.38704801
 249 -0.455864429 -1.33131921 1.32549870 -0.773765087
 250 0.520879686 -1.24124122 0.359348476 -0.531685472
 251 -3.11240405E-02 1.77107441 0.290005863 -0.464069128
 252 0.350914776 0.204880938 1.18301916 -0.228365660
 253 0.398353636 0.867823243 0.784052789 -1.58554959
 254 1.06498146 -0.675717175 0.704870880 0.177421361
 255 -1.21039248 -6.20031357E-03 -0.867776990 -0.523899794
 256 0.546955585 -1.92464077 0.574498177 0.239133716
 257 -2.27093029 1.80894375 -1.85640323 -1.28176618
 258 -0.870732546 0.849270761 0.228257611 0.299894989
 259 1.11404240 -1.34741557 -0.528075755 2.10500264
 260 -0.858325362 -2.41389465 -0.784883499 -2.28782988
 261 0.279821932 -0.563791215 0.183238447 1.06227851
 262 -0.765349448 -1.22624695 1.22208166 0.395005912
 263 0.122189857 -2.06378937 0.713438153 0.429311574
 264 -0.572561204 0.735142767 -0.500557184 -0.641095579
 265 -0.232718766 0.146396711 0.302258343 -1.29568923
 266 -0.475680888 -1.20320415 0.604391992 1.08297372
 267 -1.38898277 -0.112937063 -0.657874942 -0.988318384
 268 0.666836560 -2.51428556 1.46971846 -6.14596903E-02
 269 -0.495801330 0.122793347 -1.28914642 -1.28961599
 270 1.25523674 -0.766453028 0.224151239 0.173970506
 271 0.661193907 -1.14936554 1.76093566 2.44473076
 272 2.57415271 -1.59202909 0.293375045 9.29233059E-02
 273 0.408130229 -0.951820552 1.48008299 -0.420220703
 274 -1.42252505 0.793644071 0.681376278 1.83657658
 275 4.92142886E-02 -1.57182789 -0.577468514 -0.805588007
 276 -0.941461742 1.50069284 2.39175534 1.80054343
 277 1.72306728 -1.46586323 -6.83126971E-02 1.97868633
 278 0.143035308 1.91104901 -0.996333063 -1.32980776
 279 2.60038543 -2.15470958 -0.234299004 0.290003598
 280 0.798333466 -1.38969946 0.814537942 0.571429253
 281 1.02613080 -0.420003057 1.86950958 0.299072891
 282 -0.241687804 3.89578962 1.06485009 -0.297735333
 283 -0.807920218 0.617607117 -1.13394213 -0.675595343
 284 -0.402855158 3.26531790E-02 0.399109453 -0.668323994
 285 -0.176153660 0.195409462 0.657268643 4.07224798
 286 -5.89333363E-02 0.578255653 -2.60853696 -1.53416705
 287 0.163355768 -0.795143723 0.113400035 0.405469269
 288 -0.821776032 -0.526640654 7.46614784E-02 -1.49796832
 289 1.38458562 -2.16216850 0.544703782 1.54967690
 290 -0.595829844 -2.47201920E-02 -1.27742600 -1.34888220
 291 -1.45791042 0.208655298 -0.431300402 0.303873956
 292 1.88468432 0.610277891 0.239150524 -8.98261964E-02
 293 -1.69838428 1.34670246 0.810744643 2.81684732
 294 -1.22752452 -0.195692360 -0.822176933 -0.471384913
 295 0.471614420 -0.473164409 0.842785060 -0.676086366
 296 0.292660922 -0.681584597 -3.77802327E-02 1.04781878
 297 1.48082554 0.888635159 -1.42119539 -1.30218112
 298 -0.395331323 -1.00877273 0.500957847 -1.20574224
 299 -0.999507308 -0.361556679 0.294897676 -1.22147417
 300 -0.229104966 -0.974404335 -1.89134300 -1.00391769
 301 -0.507826805 0.181465670 -0.424896985 -0.405553073
 302 0.620655179 -1.27264655 2.03193426 0.699814677
 303 -1.27314448 0.384137034 -1.81660056E-04 1.03761482
 304 -2.28788257E-02 0.160865515 0.818476200 -0.593668938
 305 1.53154414E-03 1.46261942 0.189006150 0.488901973
 306 0.748646080 -0.699984610 1.18793964 -0.300295174
 307 0.349552691 -1.07674134 -0.872383952 1.65778422
 308 1.27944136 -0.383698583 -0.649566412 -0.645807385
 309 -1.25486386 -1.12257910 -0.363135904 -0.231404662
 310 6.04328699E-02 -1.12206459 -2.53126025E-02 -8.78915489E-02
 311 6.54346496E-03 0.192175612 0.899169922 0.498854607
 312 0.769995511 1.53386474 0.156547293 -0.493626326
 313 -0.397037923 -1.72324634 0.723639846 -2.26042342
 314 1.27292621 -0.898100734 0.633024335 -0.140128344
 315 1.12043715 -8.68118852E-02 2.10024166 -0.586101294
 316 -0.940265059 -1.69858241 -0.517427504 0.514427125
 317 -5.31545132E-02 0.646695375 1.23163509 1.04123616
 318 0.370410830 1.52379251 -1.22188210 1.00072241
 319 -0.845262289 -0.446810544 0.287450373 1.73040938
 320 -1.46934700 0.313855231 0.785335541 0.161892056
 321 -0.859446883 -0.397114545 0.529784381 0.581507206
 322 -0.458012611 2.18012357 -0.250495374 0.185085028
 323 0.687785208 8.23611766E-03 0.201893121 1.51898348
 324 1.80232811 -0.902685702 0.698164642 0.396647811
 325 -2.06788063 -1.77941358 -1.13284934 1.06076097
 326 0.383649379 0.721493244 -0.123942077 0.579448581
 327 0.986879170 -0.965521097 -0.764247417 -1.47500587
 328 -0.720934391 0.750180364 0.510888636 0.115420662
 329 0.172394425 0.786567390 0.742861152 1.76452315
 330 1.56156194 -0.428504854 6.32109046E-02 1.66110373
 331 -1.59196663 1.04182601 -7.06243515E-03 -7.68172443E-02
 332 -1.86806476 0.769055188 -1.22967577 -0.450812966
 333 0.333322227 -0.865959287 -7.81709403E-02 -0.244491339
 334 0.909132302 -0.308345616 1.31259859 0.924595356
 335 0.105686814 -0.501938879 1.09790766 2.22972369
 336 1.58778691 1.05986381 1.39405739 1.32829475
 337 1.57697594 0.188321054 -0.201826602 0.660574496
 338 -0.620186746 0.612094760 -0.446027696 0.721420050
 339 -0.210454717 -1.59662688 0.316185892 -0.477325112
 340 -1.24354446 1.19102669 -2.00219607 -0.309803516
 341 -0.491256684 0.504901171 0.439024031 -0.459122926
 342 1.28262556 -0.550659001 -0.999866903 -0.551667213
 343 1.67861557 -0.358159274 1.26658392 1.35189128
 344 -2.02847981 -1.35726428 -0.915221691 0.903708458
 345 -0.456848621 -1.55657160 1.62678194 -0.604739189
 346 -0.305334955 0.462473989 0.702001393 2.06940651
 347 -3.01976800 1.64141285 -0.615984499 -1.31907547
 348 -2.40860748 0.568464279 1.69161153 0.937943399
 349 -0.777378082 0.800464392 -0.284380943 -0.550236046
 350 -0.655095100 -0.205718189 0.115057901 0.465039939
 351 -1.08925807 0.100440837 -0.192451686 1.15336645
 352 -1.89436948 0.553438127 0.157455385 1.49504542
 353 -3.04136920 1.18294442 1.97147655 0.745483994
 354 -3.25530887 0.739319444 -1.53893101 -1.35852778
 355 -0.359164864 -1.48299956 0.214234591 0.949227035
 356 -1.07957506 6.68530017E-02 -1.86477757 -0.538307548
 357 0.259565771 -1.53117418 -1.80228794 -0.204661846
 358 0.263542175 0.692793608 8.49015117E-02 0.902598143
 359 0.521118164 6.36601001E-02 0.319032311 0.343185455
 360 -2.10058999 0.611289561 0.941433787 -0.805339694
 361 -0.458975017 -0.478347898 -1.77601075 -1.54965270
 362 2.01392484 0.722139478 1.40997553 0.639250398
 363 1.25740588 -0.604350924 1.00111175 1.02279854
 364 -2.13019681 7.36650527E-02 -1.23334813 -0.129921213
 365 -1.65601563 -0.585028470 -0.651484072 -0.830090284
 366 0.149330318 -0.860534787 0.510977507 -0.650285065
 367 -0.826757312 1.16212153 -0.345220119 -0.505881011
 368 1.47842383 0.859809101 -0.588648021 -0.334346294
 369 -0.960037172 1.53262138 0.648136973 -1.47022629
 370 0.293635607 -0.878736615 1.66133726 0.245763332
 371 -1.34161639 0.653887033 -0.272598505 -0.553222895
 372 -1.88636613 -0.354847580 -0.865048230 -0.666788936
 373 -0.671734631 1.06622183 5.37886769E-02 0.128353730
 374 -2.02282381 -0.668995261 0.887977004 -0.316581905
 375 -0.778632522 0.325082451 1.70656562 -0.748390079
 376 1.43445146 0.192808196 1.50613618 -0.539413929
 377 -0.721073985 1.34255433 -0.561571300 0.227417976
 378 -0.597281039 0.614828110 0.105006874 0.553354800
 379 -0.538629234 6.45928383E-02 -0.326675385 0.478145093
 380 -1.85870504 0.705248952 3.00895423E-02 -0.623064399
 381 -1.48706985 0.239619762 -2.07155228 -0.873715281
 382 0.279509544 0.458205283 -1.51273632 -1.62707376
 383 -4.25199121E-02 -1.97016263 1.90373814 -1.55812716
 384 -1.67721558 -0.889570236 -0.516613483 0.461755604
 385 -9.84069407E-02 1.43443632 -0.522082090 1.73485827
 386 -0.389364481 1.46063948 -1.47541392 0.291821361
 387 0.185066730 0.703423262 0.911748171 0.631617188
 388 -0.675076962 2.30568266 -1.10169339 -2.43923354
 389 -0.917705238 -0.182126105 -1.35858285 -1.68140686
 390 -1.10175610E-02 1.14900339 0.852946937 -0.302455634
 391 -0.586427510 0.975957930 6.18040189E-03 -0.329748809
 392 0.846822262 0.555736601 1.11537361 -4.68133986E-02
 393 -0.409735203 0.268655360 -0.962580919 -1.10608125
 394 -1.29482746 -0.131586641 -1.26209307 -1.40981686
 395 1.89195430 -1.33397675 0.366733789 -0.973557472
 396 -0.744026899 -1.01379037 -1.27604985 1.26168931
 397 -1.88160980 -0.222415149 -0.633796334 -0.492287606
 398 -1.06767938E-03 1.60914063E-02 -0.727566063 -0.320313036
 399 -0.868249059 0.570222080 -0.156971812 -0.613195956
 400 -1.49377418 0.153898716 0.348371446 4.78275418E-02
 401 0.352061510 -0.639854491 1.01333165 -0.586183071
 402 0.221066952 0.347853780 0.151484162 0.373291731
 403 -0.134422898 -1.05435121 1.73941958 -0.436710656
 404 -1.77679920 -2.22297740 -1.97727904E-02 -0.698962390
 405 -1.30333877 -2.35497618 -1.54927063 0.765500426
 406 0.698716044 -0.386833727 1.18084157 1.66870034
 407 1.46163690 -1.10895610 1.14035606 -0.619835496
 408 -0.919513464 2.35718846 -3.01473662E-02 -0.474480093
 409 0.607086658 -1.03491950 1.50045705 -1.58171749
 410 0.281984448 1.68365335 0.243792787 -0.600270331
 411 -0.443860978 -0.297074199 1.12392759 -0.694134057
 412 0.674698234 2.41889119 -0.186596826 -0.530042768
 413 0.405470073 -1.52060533 -1.12720263 0.292327285
 414 2.60330737E-03 -1.16388953 -0.333289921 1.27516651
 415 -0.395862401 -1.20749915 -0.887151182 -0.690616131
 416 -1.21652997 -1.74363208 0.942800283 -0.635663688
 417 0.976248264 0.243889630 -0.565657377 0.269804478
 418 -1.65179229 -1.94681633 -0.911773264 -1.25337732
 419 -1.07086980 -1.28728580 -1.91005051 4.03600931E-03
 420 -1.05735910 -1.10712230 2.57274322E-02 1.27986121
 421 -9.63246301E-02 1.18326473 -0.290091455 0.430359781
 422 -1.52196681 0.459377319 -1.16061592 0.438773066
 423 0.929400980 -1.04530156 0.725172520 -1.39120960
 424 -0.335629404 -0.116216570 -1.00911784 2.91995108E-02
 425 -0.268728852 -1.49511397 -1.86038685 0.295841604
 426 -1.17403436 -1.54565954 -1.06974852 -0.710857391
 427 -1.67393160 0.442588151 -2.01474094 0.150532767
 428 0.135259345 -1.72625303 -0.507386148 0.195115626
 429 -2.20724046E-02 0.682490170 0.537514210 -0.423476309
 430 6.27069175E-02 -0.371506661 -0.805930912 -1.42739367
 431 -0.259211659 0.311771750 2.04595351 -0.727510273
 432 -0.863858223 1.01241887 0.911156416 0.975334883
 433 1.59683895 -0.370535105 8.11140165E-02 1.34392321
 434 -1.90576971 2.10557938 -4.40027788E-02 -0.416341037
 435 -2.02009976E-02 1.06978357 -0.197372884 -1.00381279
 436 0.549850583 0.646069229 5.63160107E-02 -0.752547801
 437 0.759141922 -2.59788704 -0.139050066 -0.815272510
 438 0.748236775 -5.41704893E-02 0.504217267 -0.290653825
 439 0.227108061 0.902460098 1.64467657 -0.109422177
 440 -0.217173234 1.05608177 -3.96206677E-02 -0.500459909
 441 -0.428023726 -0.382868052 -0.636108339 2.89094746E-02
 442 0.802779078 4.27510738E-02 -1.33881068 -0.528612554
 443 0.518005311 -1.29738390 -0.409877360 0.422383308
 444 -1.23233247 -0.305405915 -1.71804988 -0.485714972
 445 -1.26907194 -3.68849859E-02 -1.46112728 -0.538385630
 446 -0.205185279 0.982548118 0.214422062 -0.386728913
 447 -2.00092840 1.00489247 1.57382822 -0.317664772
 448 0.436059415 -2.25796366 -0.282231152 0.366795868
 449 2.56900024E-02 -0.664496601 -0.280448705 0.362055629
 450 -4.73460853E-02 -1.49890614 2.21024156E-02 2.94581354E-02
 451 0.137079850 -0.125390545 -0.186830819 1.15782380
 452 -0.735147119 0.570232153 2.35467172 -0.353301793
 453 -0.309585929 -0.394864887 -0.189600348 -1.26053309
 454 1.51557398 -0.937816978 0.791377068 -0.685206890
 455 0.789890349 0.145989880 0.918289781 -0.975194216
 456 -0.528609991 0.831445336 0.632400095 -1.64889979
 457 -8.77188146E-02 -0.615819335 -0.414066315 -0.639243543
 458 -0.219337285 1.50435126 -1.57375836 -0.635654867
 459 0.306995392 0.341039062 1.10481477 -0.382702768
 460 1.17816664E-02 0.843063116 1.12610674 -0.148624927
 461 -3.98450345E-02 7.83256143E-02 -0.170870513 -1.80756009
 462 -1.21297789 2.34914446 -0.500276983 7.50607550E-02
 463 0.556762159 -1.37766206 -1.54704285 -1.33242941
 464 -0.812405765 -1.69286811 -0.164620653 -2.32904005
 465 1.06555247 -1.46238685 0.258344293 -0.950213671
 466 -0.986619711 -0.921816945 0.226409614 -0.745582461
 467 1.01485026 -1.50728226E-02 -0.590624213 -0.274893582
 468 0.536113858 0.618257284 0.292454898 -1.04683006
 469 2.22431564 -0.517205775 1.79420757 1.14861393
 470 0.495765567 0.883629739 1.08249319 -0.604147196
 471 0.530064881 0.144844830 2.07107782 -0.476580858
 472 -0.560245872 -0.183564231 0.787678719 1.48378408
 473 0.597461045 0.241818815 -1.04709148 -0.572632968
 474 0.742205977 -0.404191643 -9.24654305E-03 0.620759487
 475 -0.899602354 0.359492749 -0.619417071 -0.923887312
 476 0.979322851 -0.880506575 -3.07087207 -0.521671951
 477 0.299270600 2.36905074 -0.531116486 0.676793814
 478 0.464212626 -0.742868125 -0.407254606 1.14453077
 479 -0.794314265 0.117496639 -6.52562082E-02 0.833224893
 480 0.156619072 1.60781980 -0.310165346 0.319562674
 481 -0.788641691 0.485045195 2.02503705 -0.435886502
 482 -1.11805308 -0.121582106 -0.834879160 -0.967090011
 483 -0.170854300 -0.766627491 -0.636699498 -1.32970178
 484 -1.46923733 0.820164561 -0.742179513 -0.622086167
 485 0.399092823 -0.403511047 -0.746262491 -0.609907031
 486 -0.415147275 -1.00343812 -1.01471233 -0.790927052
 487 1.21248737E-02 -1.22640693 0.420887053 -1.50974941
 488 -0.685567141 -0.219302341 -1.40356398 -0.620303512
 489 -0.714086592 -0.887605309 0.533311665 -0.175765455
 490 0.425428271 0.338925987 0.780835152 4.14127970
 491 0.582622647 0.755798101 0.873010814 -1.43978071
 492 1.78290188 -0.890695095 -0.159991845 -1.44848156
 493 0.295764059 0.149702772 1.00802064 -0.363885194
 494 -0.150919795 1.56673408 -0.533157229 -0.804378390
 495 1.28284478 -0.493188560 1.75972879 -1.36335289
 496 0.175047651 -0.862207770 -3.78185511E-02 -0.410895586
 497 -0.917490602 -1.67618537 -0.925128996 -1.41893244
 498 -1.00359476 -0.716707826 -0.559705973 -0.193114877
 499 0.583554149 0.510303795 0.977136850 -0.873561621
 500 -2.28722548 0.777759254 -0.214667827 1.82366133
 501 -2.25866318 -0.403557420 0.781830549 -0.399813533
 502 -0.934391558 -0.666280389 -1.36473262 -0.656179190
 503 -1.44163454 -0.140131652 -1.07658088 -0.420952201
 504 -1.11938751 -0.487802267 -1.59059405 -0.233142346
 505 -0.818842709 1.12131643 0.482482970 -0.180977106
 506 -0.517928660 -0.981343150 -2.56219077 -0.886433125
 507 -0.964966416 0.159371257 -0.228598356 -0.372202665
 508 0.208398879 -0.412763774 -1.43883479 0.899351478
 509 -1.17387378 -0.590218425 -0.660136461 1.48149741
 510 -0.280224204 -0.938916683 1.47044182 2.31989741
 511 0.263603896 -0.374288648 0.508263886 0.548665047
 512 -1.51767540 -2.73904586 -0.448754817 0.815330446
 513 0.407122284 -0.715019345 0.573838532 -7.27234483E-02
 514 2.32912153E-02 -1.27541935 0.826813161 1.89015567
 515 1.39344215 0.666979194 -1.11285079 0.899936676
 516 -1.09784544 -0.628625512 -2.12217522 1.52411819
 517 2.38848591 0.727633417 -0.921090126 2.37116075
 518 0.289413035 -0.596980214 1.80966067 1.03072166
 519 -1.55712378 0.620007157 -0.276058078 -1.19327986
 520 1.18297386 1.34539533 0.273236871 -0.529649734
 521 -0.351966590 0.502137184 -0.116547361 0.490203708
 522 -1.00603545 -1.45977807 -2.01094770 0.524394274
 523 1.11419034 0.732623160 0.521329999 0.519427121
 524 -0.386229038 -0.103768520 2.53592920 -0.359002709
 525 1.80207705 0.899828672 0.206475183 1.58259821
 526 0.223859847 1.38529277 0.694978356 -0.678277969
 527 0.932946086 -1.43814015 -1.21783543 2.46211505
 528 0.471396089 0.690906703 -1.10641575 0.321937025
 529 -0.272394776 -1.05029678 -0.603663802 -0.518322587
 530 -2.11776209 -0.663770795 1.06361818 0.450358331
 531 -0.950160801 1.80313003 -0.513104916 1.84595251
 532 -0.654177785 0.226696596 -6.89941049E-02 -1.35417628
 533 -0.646584511 -0.265016943 -0.668791175 -0.263866007
 534 -0.940515935 -0.248003602 1.19396210 1.03449881
 535 -0.352128208 0.113496676 -0.589876175 -0.459744960
 536 0.443643808 8.22022855E-02 -0.699117303 0.542341173
 537 1.97733235 5.80400825E-02 0.639090896 -0.609936893
 538 9.94334072E-02 -0.530437231 -5.29762357E-03 -0.483070970
 539 -2.26576662 0.741562128 -0.622084677 0.380496174
 540 0.263328731 0.306981474 7.22761452E-02 1.89142752
 541 8.83502290E-02 -0.179871857 0.928520620 -0.951289773
 542 -1.32515550 -1.03807259 -1.22091782 -0.393159091
 543 -1.22287786 0.545205355 1.64488912 0.118451267
 544 -0.763743579 -1.14959192 1.59441245 0.343567878
 545 0.878125727 1.05711985 1.17717981 0.389676332
 546 0.343548506 0.412597954 1.06753695 -8.17608833E-02
 547 -0.306610048 0.119903907 8.10951442E-02 1.02584767
 548 -0.199845850 0.959687173 -0.497620642 -0.509322107
 549 -1.44063938 0.956145287 0.623604774 -0.457026869
 550 1.18159735 -1.81081879 1.41456008 -0.409158289
 551 -1.81842637 -0.526456475 -0.808140814 -1.26466298
 552 3.88348252E-02 -0.666053772 -9.84890014E-02 0.324242741
 553 -2.16746306 1.16991663 -1.79970241 -0.189414978
 554 0.458180189 -1.68654776 -8.36481750E-02 -0.602172017
 555 0.230731368 -1.49295413 0.211543053 0.237615511
 556 0.409476578 0.737889946 -0.468545407 0.354059398
 557 -0.907571614 0.682034254 -1.00949216 -0.688128769
 558 -0.258360267 0.406890690 -0.591607451 -0.304268599
 559 -1.34211528 -0.350030541 -2.40146685 -1.18304205
 560 -3.74661237E-02 0.262405902 -2.67232656 -0.644226968
 561 1.18316174 -0.904100835 -0.555021524 9.39781666E-02
 562 0.832517803 -0.795758188 -0.115827896 -0.643746138
 563 -0.255048633 -2.55985665 1.23614478 0.296320647
 564 -0.111389093 2.23133659 -1.23303962 -0.312534571
 565 0.986171544 0.160297975 -0.234919637 2.11508274
 566 -1.33107913 0.487006783 -2.53424859 -0.703920245
 567 0.985076725 -9.58821103E-02 1.68655229 0.718039215
 568 2.03173518 -2.63663840 2.22980404 -1.03462005
 569 -0.463689536 0.987806797 -2.33209062 0.774620175
 570 -0.461188763 -0.232041806 -0.496223181 0.139297217
 571 0.484750986 -0.225008264 0.561839819 1.19283724
 572 0.176935464 -0.308456123 1.28095424 -0.493666083
 573 -1.74864578 -0.522963285 -2.45843744 -0.184506297
 574 -9.31674391E-02 0.845327854 -0.860077202 0.851284087
 575 1.80198503 -7.96365514E-02 1.15417969 0.332497746
 576 0.866545796 0.664462090 -0.901397109 -0.476468652
 577 0.167697802 -0.740485489 -1.03994417 -0.558363855
 578 -2.65094995 2.15173936 -1.00050139 -0.739006162
 579 -0.826006651 0.988574743 0.168760031 -0.315819561
 580 -0.884778500 -0.816906393 0.707645833 1.14638329
 581 2.86256695 0.210500970 -0.102968909 -1.31523907E-02
 582 1.54150283 1.07024586 1.04342306 -0.231710106
 583 -0.582362354 0.282571554 -0.827196598 -0.572758675
 584 0.274798572 -0.115116380 -1.28750324 -0.732783079
 585 -0.330270916 0.248513043 -0.707038701 -0.339729667
 586 0.857169747 -0.812176347 0.260460794 -0.420648634
 587 -0.137615323 0.280940771 -1.48627436 -1.38897204
 588 7.10805357E-02 -0.675973833 -0.429512650 -0.718202055
 589 1.14048004 -0.889770865 -1.64586186 -0.489190340
 590 0.562682807 -1.78664815 -1.67211211 -0.885519862
 591 0.498439670 0.363337815 0.814204156 -0.678720295
 592 -1.94682634 1.74395740E-02 1.87090456 -0.463357508
 593 3.22404206E-02 -0.294056177 0.387420267 -0.439375848
 594 1.04882371 0.144722044 -1.06285846 1.73562586
 595 -0.964557290 -0.773358047 1.16710496 0.304518640
 596 -0.107088029 1.48965168 -0.271844983 -1.00792658
 597 -0.409622043 -0.264371216 -0.270735234 -0.252286583
 598 0.606854320 0.159897313 -0.531869769 -0.823973358
 599 -0.321630508 2.13246393 -1.27213550 0.922671258
 600 1.23277462 -0.386982530 -0.356387943 -0.455031693
 601 0.644616246 -1.76101542 -1.13047457 -0.263473898
 602 -0.903078437 -1.83023763 -0.547395766 -1.62206936
 603 0.452746600 0.903071761 -0.880939841 0.322908580
 604 -0.514467537 -1.33744705 -0.338110447 -0.275264889
 605 -1.39562774 0.733593225 -0.645526469 -0.449655920
 606 -2.57127261 1.64009368 -2.73422217 -0.808302164
 607 -8.18487853E-02 -0.390259504 -0.364452392 0.313972980
 608 0.929769635 -0.650422215 -0.123732224 0.137653351
 609 0.141365618 -1.11693895 0.358297110 2.09406567
 610 1.65529363E-02 -0.186430737 -0.500522792 -4.45021987E-02
 611 0.467202961 1.15594065 0.290211439 8.88514519E-02
 612 -1.32201290 -0.203576356 -0.586635530 -0.221351296
 613 0.109900534 -0.752105653 0.406316489 -1.13562024
 614 -1.17100823 8.83083791E-03 0.173066616 -0.644830406
 615 -0.307362258 -0.447159946 1.42183828 0.369637698
 616 -0.570086896 -1.00567508 0.423238993 -1.31321847
 617 -0.293430835 0.930822015 0.538206935 -0.103323966
 618 -7.33195245E-02 -1.64039779 -0.327177644 -1.29720879
 619 -1.76858854 -0.218225300 1.96109629 1.08360267
 620 -0.970370710 -0.391078979 0.769928932 -1.08457851
 621 3.78896669E-02 1.03078699 0.777375638 -0.572387218
 622 -0.643166006 -0.342496753 -0.272680849 -0.642236471
 623 -1.12685919 -2.33532262 -8.35772529E-02 -0.562730134
 624 -1.25531828 0.482439399 0.675248384 -0.432262719
 625 -0.138551176 0.680033088 0.572561264 -1.42167521
 626 1.91401470 0.791012526 0.688266516 2.36219931
 627 -0.688889205 -1.18930054 -1.08982241 -0.234273121
 628 -0.789806604 -0.985059857 1.35994279 0.250333846
 629 -1.27973020 0.832327724 -0.408294559 1.49586391
 630 -1.24335933 -1.03310382 0.162432358 -0.405833691
 631 7.48057663E-02 -2.10261917 1.66109478 -1.28786814
 632 -4.27291989E-02 -1.49563789 0.757177055 -0.489535242
 633 1.39606965 1.47701490 0.804758310 0.424276263
 634 0.166757867 1.31458163 2.11066198 0.487903863
 635 -4.79888916E-02 -0.578539431 -1.01319027 -0.315049350
 636 -1.28840661 0.507117748 -0.374028593 -0.496291548
 637 9.40054655E-03 0.260972857 -2.28047222E-02 -0.315827250
 638 0.356334597 -5.77417910E-02 -1.28410769 -0.407714993
 639 1.17047894 -1.18577385 0.385819793 0.981331468
 640 0.851973593 -0.195677727 -1.07414269 0.372572184
 641 0.729346514 0.591462493 -0.285929620 -0.524635136
 642 -0.435213953 0.673139513 -0.309832156 2.31439042
 643 -0.491272151 1.16514933 4.78407443E-02 0.592326403
 644 -0.872548819 -1.31857562 -1.48339820 1.45085847
 645 0.884990335 -1.22975028 0.159779027 0.544562995
 646 -0.821297169 0.874440134 -0.471237808 -0.740360498
 647 0.382242084 -0.477763504 1.81484377 0.429986745
 648 0.930952549 -1.01533830 -1.27483201 -1.06259501
 649 5.85554987E-02 -0.741647720 -6.95474595E-02 1.46299386
 650 0.759520054 0.477204561 -0.235234946 -0.774055362
 651 -1.34967113 0.267741829 -0.228697404 -1.99169368E-02
 652 -0.317942441 -1.74913383 1.60764420 0.764718771
 653 0.551663220 9.42239612E-02 0.685394943 0.552510381
 654 -0.792983115 2.16301656 -0.321556926 0.357363403
 655 -0.438632667 -0.193778098 1.89523578 -0.317781746
 656 3.83088291E-02 -0.713910639 0.236382365 -1.23185456
 657 0.144428849 -2.42124820 -0.591726542 -1.08717060
 658 0.369897634 -0.443445086 0.102526844 0.850945234
 659 0.241970167 -0.656004548 0.786965787 -0.473656446
 660 1.26850843 0.945497215 0.410799176 -0.201269314
 661 -0.264857411 -0.268086374 0.261697680 0.654672980
 662 0.699316859 -1.89869595 -1.09841943 0.988159180
 663 -0.812802732 1.17426646 -1.46486926 -0.601159513
 664 1.30842412 -0.334921509 -0.552538037 1.30007684
 665 -0.630989432 -0.912181377 0.456866682 -1.18269491
 666 -1.40494406 -0.545400739 0.731335044 0.455143332
 667 1.68632221 -0.157420367 -2.59786844 0.240223125
 668 1.04785490 1.45447302 0.944500804 -0.477451146
 669 -0.912822187 1.07386410 0.111815885 7.93276727E-02
 670 -1.29757917 0.431492090 0.579059303 -0.470478714
 671 -0.459234834 -0.144024581 2.10755706 0.376415104
 672 1.40120828 -1.05920672 -1.06106177E-02 0.339735180
 673 -2.12529445 -1.27682173 1.67879426 1.16429269
 674 -1.04940963 0.902491093 -0.423499137 -1.28060138
 675 2.43534470 -0.117222533 -0.254666418 2.33136397E-02
 676 -0.571176887 -2.82809734E-02 0.553599358 0.443936288
 677 0.864203513 0.390092313 -0.809583068 0.632013083
 678 9.54657048E-02 1.41211283 -0.790656805 -0.702970743
 679 -0.458443910 -0.149011865 1.06016076 -1.30212843
 680 0.195476949 1.85944438E-02 1.63905644 0.902375996
 681 -0.744027495 -0.905118406 2.01001692 0.338428766
 682 -0.927543759 -0.771936476 -0.402171314 -0.172700256
 683 -0.154918730 1.10001743 1.34585786 1.69569457
 684 1.34871805 -1.14437628 1.32426631 -1.56314254
 685 1.24518526 1.66177738 -0.395682693 0.275673687
 686 0.206899241 1.44641292 0.372102022 -0.364423573
 687 1.14058542 3.78871858E-02 0.375703543 1.25797963
 688 -2.36616826 0.443942070 1.08155552E-02 -0.679833114
 689 0.909077406 -1.12235451 -0.115739711 1.36876845
 690 0.107549548 -1.25504720 -0.904006362 -0.704032898
 691 1.35216987 1.56097293 -9.20048133E-02 0.542270064
 692 5.99242374E-02 -1.15598547 1.87534094E-02 0.268457383
 693 -1.56615138 0.659563780 -2.49974442 -0.233258322
 694 1.99488795 3.18193138E-02 0.437807739 0.107788146
 695 -1.19612110 -0.209456936 -0.198051021 1.69394755
 696 0.753542483 -1.00375593 1.22743607 2.75809550
 697 3.90387625E-02 -1.95501709 -1.69002688 -2.15906668
 698 -0.925870121 0.429510772 -1.79706168 -0.327635109
 699 1.87377930E-02 -0.170890093 -3.09609175E-02 -0.317440033
 700 -1.32666588 0.167964190 0.995645761 -0.677790642
 701 0.966468990 -0.177947760 -0.396260083 0.633920789
 702 -0.439904690 -1.68673003 0.205674499 0.285856605
 703 0.542563975 -0.400702745 -2.02428985 -0.907469511
 704 0.471804142 1.75738025 1.74584401 0.512115002
 705 0.557681561 -0.533493221 -1.07730329 -0.469726950
 706 7.56037086E-02 -1.20504081 5.08075580E-02 0.452310443
 707 0.241044909 0.500707984 -8.60778391E-02 1.96774912
 708 -0.952071726 -0.589892864 1.47027779 0.220051050
 709 -1.63041174 0.779159546 1.04764032 -0.350536942
 710 -0.494572580 0.179457739 -0.647840261 0.434244603
 711 1.03378725 -1.06383872 1.43082082 0.656773746
 712 5.21996468E-02 -0.188196063 -0.181713164 -1.66267753E-02
 713 0.359319389 1.26414585 1.27835274 0.360130578
 714 -1.59806299 1.19151485 -1.43829703 -0.251873583
 715 0.855470777 -0.805407166 -1.53295088 -0.421827555
 716 -0.448010713 -0.866306245 -1.02119863 0.266607821
 717 -0.712764204 0.146639824 1.13318348 -0.653006911
 718 0.310196012 -2.68552852 -1.35085666 0.671659231
 719 1.62745440 0.512499571 0.295800865 0.973148465
 720 0.683132648 -0.174177542 0.400698602 -2.09714174E-02
 721 0.235274181 -0.375407904 1.09178722 3.28095853E-02
 722 -0.435568810 1.15224218 0.220983908 -0.750762165
 723 -1.17282629 -0.461126506 -0.309088707 -0.395571649
 724 -0.555908322 1.94778037 -1.35167050 0.991126418
 725 -0.460994929 1.78473079 -0.519415259 -0.424883991
 726 -0.837094963 0.428215355 -6.57861531E-02 -1.44031978
 727 0.291406155 -1.45220888 -0.275715262 5.10505438E-02
 728 1.35163164 0.151862383 0.133613646 0.212745950
 729 -1.60236883 -0.285060018 -0.607208848 -0.184863627
 730 -0.286355793 0.524623930 -0.513179064 0.185895383
 731 0.328730434 0.400549173 0.642557740 -0.680103660
 732 -1.08825266 1.90297842 -1.40030456 0.517812729
 733 0.595472872 1.40903115 -1.53246903 -1.46352828
 734 1.58846474 -0.899483204 1.10149467 0.127145603
 735 -0.604846537 0.366913080 1.22356653 1.33034086
 736 -0.428012192 0.920099199 0.149969950 7.08432198E-02
 737 0.792242825 -0.832731843 -7.38302171E-02 -0.228240967
 738 1.58969474 -1.23610616 0.680423975 -0.385412604
 739 1.02765918 0.149627000 -4.88511026E-02 1.77850604
 740 1.19235623 0.772944093 -0.209428146 -0.549368739
 741 0.990098536 0.444110751 -1.04016924 0.961399794
 742 1.30474222 -2.00296354 1.30564892 -0.563851476
 743 -0.829014361 -0.109584630 -0.367296576 0.265916198
 744 0.720387459 0.795963049 0.547123492 -0.627692521
 745 -1.23357570 -0.735933781 -0.546547592 0.935112834
 746 -1.01474416 2.17918086 0.469429344 -0.702035308
 747 -0.219127595 0.786833882 -0.261874974 -0.599798739
 748 0.178126305 1.33676541 -1.14494872 -9.47020948E-04
 749 0.664025784 0.597541094 -0.788467109 1.43955481
 750 8.45349282E-02 1.43840444 0.388138413 -0.450488925
 751 -1.18790007 -0.633291245 -1.80331492 -0.611198187
 752 1.00820875 1.23642921 0.675918937 1.95766115
 753 1.16725683 -0.665108621 2.48713899 -0.319475532
 754 1.26461148 0.837318301 -2.10181141 1.18159723
 755 -0.406726152 -1.75861430 0.452990144 1.12956572
 756 -0.200753391 0.884714127 0.168117285 0.138690248
 757 0.167898074 0.307151228 0.139226228 0.731360257
 758 0.839176774 0.762965083 0.339821696 0.575435996
 759 0.624151587 -1.58467531 0.516532362 0.547638237
 760 0.824557900 -0.308632404 -0.716488242 0.560606301
 761 -0.616454899 0.296082228 1.31075072 0.106396943
 762 1.74025869 1.38432133 -0.967129230 -0.777015924
 763 -1.52366066 1.08436465 0.392142206 0.227270335
 764 0.688751459 9.14842337E-02 0.798860312 -0.258097798
 765 1.01501298 -0.447722882 0.881416500 -0.527395725
 766 1.45482910 -1.54678392 0.167426392 0.129915982
 767 -0.974171996 -0.577479839 -0.432848275 0.583057344
 768 1.67093801 0.217086047 -0.276319057 0.159112811
 769 -0.650228977 1.28283513 -2.14137316 0.254992604
 770 -0.197046548 0.602775455 0.463124633 0.714135051
 771 0.283039927 -1.93464959 -5.81727363E-02 2.16199493
 772 2.72000581E-02 -0.168693006 -0.862016201 0.233185008
 773 0.876829028 0.171450511 -1.54684043 -0.678853035
 774 -0.698676825 -0.108411402 -0.852182806 -0.572693467
 775 -0.228628665 0.960171640 0.305006087 0.569665432
 776 6.62193745E-02 0.695305347 -0.353505492 0.520710647
 777 -0.717031896 0.743917584 -0.120761752 -0.533777714
 778 0.462375104 0.356682032 1.20449972 -0.630087614
 779 0.189315051 0.526959360 -0.793390870 -0.279210389
 780 0.228135467 1.13783383 0.126519352 0.270059258
 781 -0.723317981 0.910389364 -1.84947920 0.826163292
 782 0.814174116 0.460128933 1.30188501 1.31735849
 783 0.187919810 -0.779241681 -0.473567992 0.941966951
 784 -0.296311796 -0.345367938 -0.109700121 -0.358015388
 785 0.415238798 0.294664234 -0.210215360 -0.649262309
 786 -0.415043175 -1.61883378 -1.79428566 0.826232135
 787 1.96453428 -2.74207449 0.233910725 2.75803280
 788 -2.08241606 -0.303432763 -0.386909723 -1.47486436
 789 -0.229768872 2.48855352E-03 -0.332738340 -0.698061824
 790 0.294363558 -0.855904579 -0.358095318 -1.23092020
 791 -0.484509766 -1.10963142 -1.31226635 -0.316977412
 792 0.239060670 -1.66164351 0.258753598 1.85973215
 793 0.224052727 0.666665375 0.209273249 0.358739555
 794 -1.22468877 -0.292829782 -1.17947018 -1.17599010
 795 -0.439532340 0.968360424 -0.176237330 1.73549366
 796 0.155862048 -0.807776511 -1.39772272 -5.70321679E-02
 797 -0.695948362 -0.525188029 -2.06358385 -1.35895276
 798 -0.721375942 3.58687788E-02 0.472719103 -0.300587177
 799 -1.64465046 -1.65000844 -1.50984740 0.179068297
 800 3.52266431E-02 1.31619656 0.842934370 0.249812961
 801 -0.769184768 -0.488048732 1.80600250 3.11173820
 802 1.07407463 -2.07238531 0.644811630 -1.77130878
 803 -6.71642870E-02 -1.25634360 -0.298379511 0.654701650
 804 0.740076780 -0.101241820 1.72987461 1.47673082
 805 1.35189795 -1.40617061 0.859232068 1.66795766
 806 -0.709070385 0.512685835 -0.256873608 -0.308511138
 807 0.530533195 0.691721022 1.03805913E-02 0.348276287
 808 -1.03519082 -1.94107842 1.09680688 -1.77360737
 809 0.216753513 0.174555004 1.41663301 0.993360400
 810 0.153774530 1.34951866 1.14667630 -2.71630883E-02
 811 0.653541863 1.61999452 0.337259352 -0.406752467
 812 -1.59655201 0.647719502 -1.11047077 -0.267725796
 813 0.294737846 -1.40378726 1.56449306 0.895105541
 814 -0.826696336 -1.03592134 -0.493532211 -1.18801570
 815 -0.556410730 -0.129184455 -0.433688790 1.01507831
 816 0.922195613 -0.145585865 1.97179985 0.736760616
 817 -0.259245217 -0.757258892 0.842955768 1.65305686
 818 0.767644763 -0.868216455 1.73479545 1.09989750
 819 0.509542584 -1.44914150 -0.319945037 0.227491200
 820 2.68802834 -1.23812711 0.808869600 0.402667969
 821 0.184854656 -0.189670518 -1.08911741 -1.12188375
 822 1.83863354 -1.28689706 -1.03593349 -0.299077988
 823 0.620487690 -0.347090453 -0.693703175 -1.48302448
 824 -1.80914557 1.24759865 0.679241657 0.905834138
 825 -8.22200924E-02 -0.447127283 -0.379893720 -1.98784769E-02
 826 0.289757907 1.22639155 1.09332895 0.508479357
 827 0.482288778 0.528973341 1.52089489 0.818926692
 828 1.80526257 -1.29254627 1.68974411 2.01722193
 829 -0.681283236 1.35869372 -0.372389406 -1.03748989
 830 0.576677561 -0.548312783 0.357517660 2.09663749
 831 -0.305002421 -0.334671885 8.09109062E-02 0.552311897
 832 1.28957403 0.611093044 -0.722347438 0.576023102
 833 0.151730493 -1.28827798 0.916757762 0.496888280
 834 0.555112004 0.156449109 -0.108495533 0.700805545
 835 6.43253624E-02 -0.297984064 0.609230936 -0.620077491
 836 1.12863469 1.23451197 0.562364399 1.06224692
 837 -0.777055562 -0.617158294 7.84470662E-02 1.94001770
 838 0.723471522 0.388500273 0.308192700 1.16445982
 839 2.47184920 0.718746781 0.851549387 0.202199891
 840 -2.71989584 -2.36485898E-02 0.172041535 -0.265479326
 841 0.335834593 0.207767129 1.32335806 0.251980782
 842 -0.530997038 0.785459161 0.137035251 -0.715394199
 843 -0.424717724 -1.05806494 0.208535030 0.722393513
 844 9.05086547E-02 0.342799544 0.257925391 1.39257812
 845 0.592447042 0.685768247 2.02696919 1.58357942
 846 0.160757020 0.583682179 0.232728392 -1.22552311
 847 0.309010386 0.806575537 -5.77263236E-02 -0.981010854
 848 -0.614552557 0.791863024 -1.11604130 0.657200217
 849 0.765564501 1.18082535 1.12209654 -1.46566939
 850 0.420829505 1.26548505 -0.365172952 -0.961065114
 851 -1.87042844 1.61646998 -0.559347868 1.12182117
 852 -0.271017104 -0.990612090 -0.411668569 -2.48446798
 853 -0.666172683 -0.242354348 0.424079835 0.591595292
 854 1.62009001E-02 -0.606238008 -1.38636470 -1.44408226
 855 0.952867448 -0.398980558 -0.397447705 -0.459728271
 856 -2.11754942 -0.591977358 0.356011569 -0.341621608
 857 1.64402092 0.930476069 1.88341999 1.01352394
 858 0.623337388 -0.160820737 -0.182656750 0.337683618
 859 -0.222577512 0.109823316 0.170146719 -2.17387438
 860 0.418779641 -0.431285262 0.928795397 0.460091680
 861 0.636457026 -1.96453404 1.27463651 0.558783233
 862 -0.834831953 -0.645296156 -0.686549544 -0.571480513
 863 1.22152376 -0.817918122 0.621956587 -1.78061295
 864 -0.490800679 1.19465423 0.550996363 1.23657286
 865 -0.532273352 0.839275897 -0.303116769 -1.22050059
 866 0.459219038 -0.444358826 -0.124965578 -0.378645152
 867 1.26805079 -0.364222795 -1.70438457 -0.379759640
 868 -0.881501436 -0.751146436 1.09363115 7.90515840E-02
 869 0.740796208 2.50918269E-02 0.185865909 0.480129421
 870 -0.204061478 0.251584619 -2.35131884 0.434445649
 871 2.41942430 -0.388100117 -0.497946203 -0.561852634
 872 -0.469967842 0.436442167 -0.659490347 0.311215699
 873 -1.15650690 -0.110940278 1.87782180 0.299056679
 874 -0.770147860 -0.287836075 -0.342767209 -0.706937432
 875 7.87639618E-02 0.341694266 -0.392468810 -0.345971346
 876 0.632089257 0.630048752 0.604927003 -1.59157431
 877 -1.25256729 0.411751568 1.18644893 -0.482625872
 878 0.257639408 0.663038135 -0.215079248 0.334243983
 879 0.431613982 -8.28354657E-02 -9.60514247E-02 -0.524916232
 880 1.13836229E-02 -4.29492593E-02 0.236102834 -1.25279057
 881 0.997533202 -0.727916956 1.35142136 -1.57270539
 882 -2.36299324 1.66051877 1.35630369 -0.661262035
 883 -0.876028657 0.570697844 1.88983500 0.334138453
 884 0.744866490 -0.466682822 0.322846293 -2.38987756
 885 -1.62664783 2.06875253 0.947280109 0.576988518
 886 -0.154803962 0.187154531 0.850847125 -0.594615340
 887 -1.75350881 1.14633882 0.776593208 0.562143147
 888 -0.113294192 -0.565641522 0.204178229 -0.611688077
 889 -1.76818597 0.724363208 1.25058854 0.143368810
 890 1.32235944 1.00878310 0.101739876 -0.935947537
 891 0.373737693 0.236294672 0.897363544 -1.31046820
 892 -1.01613998E-03 -1.01755726 4.84679639E-02 -0.695601523
 893 -0.464136571 0.426952839 -0.407905787 -0.619168758
 894 -0.445015818 0.525576353 1.09970200 -0.753908634
 895 -0.944819927 -2.22781658 -1.14465773 0.281681716
 896 -0.130941227 0.323950052 -0.712556005 -0.638044536
 897 -0.149364546 -1.47580302 2.24236697E-02 0.171473801
 898 1.26835704E-03 0.379166603 0.578078210 0.548720777
 899 1.36475301 0.785594046 -8.25530365E-02 0.913835347
 900 0.216388494 -1.23430622 -0.128958851 -0.658965886
 901 0.961722732 -2.07256866 0.234870762 0.684018850
 902 -0.340231389 -0.171328217 -2.42206939E-02 -1.43586183
 903 -0.337185800 0.460342079 0.575386763 0.237156793
 904 0.406096816 -2.33799458 -5.05065657E-02 6.41512349E-02
 905 0.662263393 1.01176500 -0.191183507 -0.304134786
 906 -1.21341610 -0.101564139 -0.840771556 0.586103141
 907 -2.06922102 0.306422979 0.228646070 3.20181847E-02
 908 0.604720592 2.43932343 0.198874980 0.778859854
 909 -0.160870969 0.982132196 -0.785798430 -0.445783556
 910 0.674901664 2.65495968 -7.31776655E-02 -0.384866118
 911 0.427178800 0.793607831 0.259541392 -0.215027064
 912 -1.71174526 -0.695027113 -0.785984516 0.917810321
 913 0.136459664 -1.31904054 0.596987486 0.975749493
 914 -0.916418314 0.301155865 -1.15406597 -0.945862412
 915 -0.347501457 -0.708125114 1.31527409E-02 0.161578104
 916 -0.919100046 -0.102299497 0.183450192 -1.69456387
 917 -0.258884937 0.187013894 1.20988679 0.280022532
 918 -1.45054460 0.545235991 0.950461507 1.33719933
 919 0.845360994 1.43052316 1.28998208 0.349613875
 920 0.216292500 -1.30083311 -1.12393439 -0.384079158
 921 -1.13673985 0.512164950 1.41991901 -0.177914262
 922 1.36925352 0.985632777 -0.323328614 0.209858477
 923 1.21753883 0.256670147 0.644838929 0.981509030
 924 -1.69490921 -0.898141265 1.74709713 0.270478249
 925 0.869571447 -0.973821998 1.20926797E-02 -0.918645740
 926 -0.986873806 -0.429074883 -1.29918039 -0.691320419
 927 -0.813293099 1.09775066 0.258426696 -0.499505311
 928 1.70951152 -0.978978038 1.87253892 1.34597051
 929 1.14671183 0.163163185 1.68492007 -0.525970340
 930 0.313683182 -0.959851265 0.429214180 -1.62261188
 931 -1.27299285 1.50935805 0.655753076 2.66919827
 932 1.17042458 0.294763446 0.316759825 -0.226361305
 933 -0.563802063 0.800053477 -1.09452069 -1.34540892
 934 7.41765499E-02 2.15870310E-02 -0.526848614 -0.339538515
 935 0.423247129 -0.387647212 -1.48413014 -1.36771762
 936 2.09279704 5.03167883E-02 8.13216418E-02 -0.809082508
 937 -2.05669260 4.44968678E-02 -0.769294143 9.90486890E-02
 938 0.936722994 -0.831355691 0.839223385 -0.464408964
 939 -0.420780361 0.293031096 0.765521586 -8.52220654E-02
 940 1.11733282 -1.29761910 0.923051655 -1.08794439
 941 -0.329367757 0.541869521 8.28270316E-02 -0.342835546
 942 -1.54631269 -0.431788832 -1.04933333 -0.537459075
 943 -0.617905259 -0.126876161 2.80618817E-02 0.279050887
 944 -0.670354843 0.463223159 -6.57196864E-02 -0.290163338
 945 -1.01718366 0.660258412 -0.604800701 -0.113699555
 946 0.305560172 0.308123022 0.565503001 -0.689821959
 947 -1.76203775 -0.412724584 -0.213468522 0.193459675
 948 -0.836111188 0.937813938 0.706251442 -0.356464326
 949 -1.29074621 4.95719463E-02 0.853851140 0.296017289
 950 1.76416683 1.19633925 0.918708622 -0.457538366
 951 -0.514723301 0.726407111 -0.385926247 0.690701663
 952 -1.10563064 0.438695788 2.98568916 0.432452351
 953 0.968042672 0.913248479 -0.958499193 0.854965031
 954 0.281125933 -1.10863471 1.87687933 0.204255864
 955 1.36193287 -0.553939700 -0.815433025 0.467431605
 956 -0.329964876 -0.387064636 -0.957049429 0.928886116
 957 -0.563482523 0.678068340 -0.378390193 -0.313760877
 958 -0.323169827 -0.561097383 0.202152282 0.836575389
 959 -0.963584960 1.25458992 1.33503449 0.681897879
 960 0.269386172 0.749602973 -3.86993363E-02 0.756313860
 961 -8.23013857E-03 -0.457647949 1.28803182 1.93039823
 962 1.91965252E-02 -0.969217718 6.07417524E-03 -0.406850219
 963 0.594096541 -0.494929492 1.51915610 0.486001641
 964 1.62309945 -1.66877365 -0.322181165 0.159517884
 965 0.289723516 1.14835429 0.925312996 0.165531859
 966 -0.881983638 0.304412842 -0.503985822 0.320453435
 967 -1.28332269 1.52671742 -1.34868014 -0.697910964
 968 0.641023517 -1.38363516 -0.561920941 -2.02397871
 969 -0.195938081 -0.826780796 -0.166176587 1.28148293
 970 0.240965456 -1.34720933 -1.74507225 0.791113853
 971 -0.774775863 1.80245900 1.58551848 -0.858777642
 972 -4.93667126E-02 -0.519908488 -0.859162152 0.523407459
 973 -0.986656547 -0.340928912 -0.169761255 -0.521366119
 974 -0.312242836 1.06969559 0.109270692 0.147242099
 975 1.06952882 8.97956789E-02 0.125246614 -1.25407314
 976 0.280435026 6.74846545E-02 -3.46257165E-02 -0.557640314
 977 1.08365262 -0.429872006 0.831057966 1.40003109
 978 -0.135182664 3.59440148E-02 4.58651446E-02 0.626349390
 979 6.91713989E-02 -0.145304561 -0.794459224 0.484140992
 980 1.98396766 -1.17948663 -0.404305637 1.20053709
 981 -0.973000348 -7.83723593E-02 -1.62195873 -0.291145355
 982 -1.07674098 0.737541556 -0.946581364 -0.668718517
 983 1.06728041 0.119814530 1.60783923 1.92743921
 984 0.902320862 0.374765098 1.52814829 0.395311743
 985 -0.619212091 0.431143880 -0.592056274 0.306276977
 986 -0.988666356 -1.94465065 0.180482715 0.224654555
 987 -0.636530936 1.66229885E-02 0.707859278 1.33753276
 988 0.833377123 -0.538878679 1.05546641 1.25896013
 989 1.78750682 0.164568618 -0.228294581 -0.414108694
 990 -1.01763642 -0.629342139 0.952452540 -0.288723290
 991 -4.31120098E-02 -0.397593260 0.132509708 -0.186566800
 992 0.391417384 -1.26169455 -1.43594837 -1.30907190
 993 0.466928303 1.23528123 0.123950988 0.193865210
 994 0.754846632 1.11274779 -0.334886909 0.466254830
 995 -1.33387780 -0.437091827 -1.62988567 0.785299659
 996 -0.140305430 0.292640448 0.698762774 2.96862125E-02
 997 -0.808251143 0.311601222 -0.976502419 -0.651676357
 998 1.09157300 0.104013480 -0.268724412 -1.55193198
 999 -0.205357909 1.03224063 -0.257938623 -0.466595829
 1000 -0.380981594 -0.343330294 -8.46877918E-02 -1.26721263
 1001 2.21390843 0.977122664 -0.537170589 -0.400544345
 1002 1.13492739 -0.182909608 0.669206142 0.738072932
 1003 0.139944211 -0.321970373 0.563525498 0.853201509
 1004 1.39330471 -0.793358922 1.05574775 -0.835244238
 1005 1.35140753 0.540902138 0.908878684 -0.814435780
 1006 1.87662435 -0.149489284 -1.19079280 0.710319400
 1007 1.45422667E-02 -0.840039253 -0.798273444 1.83424926
 1008 -0.297429174 -1.11229980 0.513309896 -0.438534647
 1009 0.379672468 -0.236977100 1.09480464 0.190981090
 1010 1.10696256 -0.298008382 -0.353849590 8.55460763E-02
 1011 -0.350964844 1.13430703 -0.287808925 0.814372659
 1012 0.506537378 0.155276135 0.301210523 0.119307250
 1013 1.10533583 -0.302818179 -1.06904542 -0.501560390
 1014 1.37801683 1.05840242 -4.34184074E-02 -0.594898343
 1015 0.424621373 -0.265260011 -0.674593389 -1.23106050
 1016 -0.701651752 1.78665543 0.931070447 0.276791424
 1017 -0.176923946 0.198012829 0.857773840 2.67960095
 1018 1.81755185 -0.323358834 1.10423398 0.190563545
 1019 -0.542550206 -1.30399287 1.43599403 1.52708590
 1020 -0.515054822 -0.128611103 -0.462698698 0.539422989
 1021 -0.108150512 0.342871875 -0.879935384 -0.484866709
 1022 0.965629458 0.272671312 0.506089866 -0.447724909
 1023 0.164273724 -0.379980415 -1.47375035 -1.23855865
 1024 0.173242092 -0.578679025 1.01362813 -1.20922494
 1025 -1.59064937 0.236074626 5.97396791E-02 0.575083733
 1026 -1.32544386 -0.829932928 -0.530906916 0.476286530
 1027 0.127070606 0.522636592 -1.72953117 -0.506523728
 1028 1.82797027 0.439687192 0.222871825 -1.59058857
 1029 1.53512645 -1.21204221 -0.579815209 -1.27083063E-02
 1030 0.295867801 -0.197279990 -5.85657880E-02 0.417725503
 1031 0.395626247 0.693622887 0.507156730 -0.565290093
 1032 0.526351035 0.895022452 0.639531970 -0.139780015
 1033 -1.75097787 0.387878507 3.13569605E-02 2.58790016
 1034 -0.393939912 -0.920646012 0.965689600 -1.55248272
 1035 1.71352386 -0.405507684 -1.27154505 -1.58675957
 1036 1.47020304 0.446560472 -1.36983466 -0.307282984
 1037 0.372072935 -0.300643504 -1.13945854 -2.32860017
 1038 -0.119794421 -4.66304645E-02 -0.623421073 -1.57091832
 1039 0.108426392 3.97723913E-03 4.10682559E-02 -1.43960488
 1040 -0.164774060 4.18025255E-02 0.232679248 -0.539184988
 1041 0.969681084 0.561508656 -1.11770236 -0.437304378
 1042 0.811217606 -0.466534495 -1.37314487 -0.557399094
 1043 0.562868774 0.989011824 -2.36815619 -1.23577762
 1044 -0.493826866 0.541900516 -2.92950678 -1.29605985
 1045 -0.565812051 0.195690155 0.444451809 -0.635728419
 1046 0.680656672 -0.896896720 -1.02855432 -0.451950252
 1047 1.60666084 1.62051547 -1.36788809 -0.693911433
 1048 -1.34539831 0.495281637 -2.76063633 -1.43694532
 1049 0.731812954 0.449595630 0.151973337 -0.651126564
 1050 0.658162773 -1.54088593 -2.71044040 -1.22891319
 1051 0.268450975 1.46886933 -2.03894067 -0.403038561
 1052 1.32470560 0.701100349 -1.16241908 0.202522457
 1053 0.744000316 0.748705864 1.04890871 -0.458745658
 1054 5.83696291E-02 0.117677763 -1.39869702 0.211264670
 1055 0.788479328 8.99363905E-02 0.109085716 -0.650348723
 1056 0.220282376 0.993514299 -1.44765985 -0.543416262
 1057 -0.408978581 2.39306545 0.700895965 -1.07303929
 1058 0.934989810 1.43615520 -1.51172030 0.141304448
 1059 1.39120746 1.16148353 -1.52833402 -0.481884837
 1060 2.14093256 -1.38135409 -1.15086436 -0.332000434
 1061 0.546172738 0.160429940 -2.72947931 -1.27442837
 1062 -0.966510236 -1.98044181E-02 0.405725479 -2.15405083
 1063 -1.23735535 1.58048558 -1.47804809 -0.668518543
 1064 -0.603089035 2.03740191 -2.04018974 -0.325556099
 1065 0.226459235 1.39485109 -2.12449002 -1.56114161
 1066 -0.284196436 1.20520973 -1.53453350 -1.69154000
 1067 1.88605165 0.466112614 5.10838032E-02 -1.50568318
 1068 0.523892045 0.124779105 0.584841132 -4.26282287E-02
 1069 -0.212792367 0.373554111 -2.15828204 -0.665992975
 1070 -1.11564696E-02 2.66406369 -2.38450217 -1.11007607
 1071 0.385143965 0.619900167 -1.99291313 -0.124350190
 1072 1.04500151 0.172687858 -0.392673552 -0.448559791
 1073 -0.588671446 -0.120285973 -1.23031473 -0.469989240
 1074 1.05945778 1.28628731 -1.88239527 -0.215325385
 1075 -1.71277153 1.76493347 -1.13852203 -1.32341933
 1076 -0.257447839 1.02466118 -1.25408542 0.373096317
 1077 -0.818007708 0.743432045 -1.54677665 -0.435048044
 1078 1.94322932 7.86515176E-02 -0.885447562 0.257787704
 1079 -1.82407093 0.408648640 -1.53588760 -0.582442641
 1080 0.181381881 0.308045208 1.47894335 0.168468595
 1081 -1.20312262 1.00452328 -0.354836434 -0.175446689
 1082 -1.54992509 0.890689373 -0.242045164 -1.95938241
 1083 -0.200716630 -1.22385836 -1.26206827 -0.806463242
 1084 -0.105256550 0.524090290 -0.500467539 -2.09202600
 1085 -0.681670427 1.71766555 0.341122240 -2.32097483
 1086 -0.536123812 0.846570492 -0.758066297 -2.04058838
 1087 1.76527083 0.527229548 1.54438353 -0.690632463
 1088 -0.694928825 -8.94956440E-02 -9.18843299E-02 0.415845335
 1089 -0.424383163 0.920835793 1.67543888 -0.401893020
 1090 -0.413232416 1.47203970 0.191261172 -1.57082033
 1091 1.37512088 -0.145086035 -2.01394749 -1.23183715
 1092 -1.61127031 1.50937772 -1.48919773 -0.419185400
 1093 0.775819123 0.935838938 -1.89128518 -0.532538712
 1094 -1.12146771 0.408222586 0.598991334 -0.648407161
 1095 1.30346429 1.00652492 -0.903085828 -0.355589867
 1096 1.30789149 0.117486589 -0.427254200 -2.19137573
 1097 -0.199726984 0.747891009 -0.354788184 -2.40688133
 1098 0.251886219 2.30893064 -1.80824745 -0.696911454
 1099 -0.419494808 1.34766078 0.680292130 0.411664426
 1100 -1.06219065 1.86407435 0.439312130 -0.303802669
 1101 0.195658416 -4.86664362E-02 0.157616779 -2.16831708
 1102 -0.795576334 -1.63420486 -0.987868309 -0.310024679
 1103 -1.34296489 0.739770234 -0.929548860 -1.55526769
 1104 -0.467999995 2.02228689 -0.246351987 -1.35272801
 1105 -0.887051702 1.39025044 1.22990870 -1.26645291
 1106 0.162946552 1.06100309 1.05485797 -0.393703341
 1107 -0.156281471 -0.133111835 -1.09859824 -1.38318372
 1108 0.579918206 1.22547400 1.70859575 -0.335732788
 1109 1.94371068 0.899848342 0.322149843 -1.40241635
 1110 -0.782952189 -0.213711575 -0.419174939 0.756506324
 1111 0.437595338 0.290412366 1.09223747 -1.27202868
 1112 -1.13920450 -0.207414955 -0.980242372 -1.32033265
 1113 0.699888706 0.603184819 -0.565080166 -2.10541797
 1114 -7.54264668E-02 0.663362205 0.155489489 -2.10544848
 1115 -6.48526400E-02 0.214374214 0.463446200 -0.506394446
 1116 0.433339119 1.44096601 0.183659062 -0.231990963
 1117 1.49242961 1.92817891 -0.710015297 -0.363475680
 1118 -0.770778656 0.754355609 -1.20285845 -1.71358585
 1119 1.56771195 7.63889253E-02 0.667562842 -0.677164137
 1120 -0.106182948 1.69915771 -0.396516025 -2.39891148
 1121 -0.313288212 1.26400340 1.53838897 -2.00959826
 1122 -0.380918026 0.540621817 4.86067310E-03 -1.18644977
 1123 -1.20627606 -0.552628338 -1.00632381 -0.767503858
 1124 1.09805620 2.45019412 -2.23772049 -0.497499973
 1125 1.55264604 2.46472621 -0.628604054 -1.42531955
 1126 0.939171612 0.816162050 1.25442362 -1.37921667
 1127 -0.254649401 -0.680402875 0.226661086 -0.590189099
 1128 0.155613571 -3.53556350E-02 -0.984601140 -0.478488564
 1129 1.30360973 1.57500863 -0.624635696 -0.491846174
 1130 0.929629385 -0.592601478 -2.85610056 0.366029054
 1131 1.69878626 -1.40312552 1.00854361 -0.342728138
 1132 0.324334472 0.694057584 -2.28515601 -0.997436643
 1133 0.192086637 0.860290408 -0.620850384 -0.155232579
 1134 0.912165999 -0.221071422 -0.869900644 -0.464351773
 1135 0.499243289 -0.398344696 1.49337649E-02 -0.470914632
 1136 -0.460478961 1.00406957 0.341968626 -0.557521164
 1137 1.57115734 -0.106651708 2.30014968 -7.40689337E-02
 1138 2.12960720 -0.706953049 -0.936751902 -0.330794990
 1139 -1.50216627 1.62580454 -0.420414805 2.07405615
 1140 -0.854891300 0.750022173 0.744085133 0.693598986
 1141 1.93186367 0.899101853 4.31127325E-02 -1.25855398
 1142 -0.265807778 0.144050181 0.573189914 0.615137041
 1143 1.69570279 -0.544625163 0.474384665 2.22482133
 1144 -0.215959311 0.365624726 0.406323612 0.274184197
 1145 -1.00536919 1.88579440 -4.53789532E-03 0.755709767
 1146 -1.29761314 1.63825166 1.68778157 -0.218215615
 1147 -1.67979503 1.56674695 1.28958631 0.465966046
 1148 0.818537474 0.882099509 -0.850897908 0.263005137
 1149 -0.675555587 0.916578531 1.06851625 1.71875060
 1150 0.933660448 -1.98464334 -7.54626542E-02 1.62972426
 1151 -1.88977027 -9.45670158E-02 -0.624521971 2.00381398
 1152 -0.100154549 -0.429799497 1.18450832 1.32557273
 1153 2.25980091 0.221057028 -0.211043879 -3.87699008E-02
 1154 0.781027615 -1.28332329 -0.135364994 1.04677570
 1155 0.812997699 0.494199663 1.03142691 0.624939799
 1156 1.44392002 1.54714942 0.999057710 -0.430306911
 1157 0.962292552 -1.03481972 -1.44782662 -0.370057315
 1158 -0.259325266 0.536618948 1.87363482 0.773746014
 1159 0.635451376 0.850838065 0.566286743 3.00899673
 1160 4.63121086E-02 2.57909149E-02 0.317372829 -0.516215384
 1161 1.95592225 -6.65634871E-03 0.119409882 1.88687134
 1162 -0.917015195 -0.208438724 0.435891688 0.985156059
 1163 -1.01281619 0.471895903 -9.50226486E-02 -0.650755227
 1164 0.847040355 -1.34369195 -0.426928163 0.762544155
 1165 1.22475863 -0.365193903 0.282227486 0.527867079
 1166 -0.322524786 -0.156043589 -0.161240727 2.64559960
 1167 -1.47090507 -0.111755647 -5.47423810E-02 0.347167701
 1168 -5.10831475E-02 0.963771701 8.29704851E-02 0.305170536
 1169 -1.47261679 -0.430207729 -2.75983644 -0.486089081
 1170 -0.603642046 0.847455740 0.626357615 -0.722692311
 1171 -0.375622541 -1.11541843 0.686400533 0.493947148
 1172 1.58637571 1.47393513 1.84875369 0.379193097
 1173 -0.931001544 0.612040281 -1.44199944 -0.501437724
 1174 -0.293636382 2.49516630 2.12805557 0.591224730
 1175 1.21897364 0.313365042 0.655945480 0.631610990
 1176 0.862565577 -1.01945674 -0.129947439 2.01295400
 1177 5.81735969E-02 1.22678077 -0.232273564 -0.777766824
 1178 0.445090115 -0.853466153 0.582876682 0.530712962
 1179 1.41962397 -0.623698115 -1.69533324 0.709588289
 1180 1.63124692 -1.62586093 -0.860828936 1.32240582
 1181 1.60244489 -0.331329405 -0.357594013 -1.00658500
 1182 0.990939796 -1.99984992 -1.96703708 -0.671913207
 1183 -0.249079943 0.915944457 -0.783244431 0.604622006
 1184 0.568177640 -0.718690872 -1.83387363 0.230537042
 1185 -0.693180203 -1.35423422 -1.71930993 1.20140815
 1186 0.437209487 1.41649282 -0.868823051 -0.409791768
 1187 7.79623836E-02 0.347054154 0.624014080 1.11499012
 1188 -0.685211718 -1.27950203 -0.751340628 0.108636945
 1189 1.03767395 0.473691046 -1.41142929 -0.483172745
 1190 -0.959067643 -0.641906738 0.777621210 1.83225799
 1191 0.279420733 -0.553217411 2.72060156 1.11848593
 1192 0.992009997 -1.11167252 -1.35027432 0.331127256
 1193 -0.183340654 -1.97223544 0.917838156 2.71315885
 1194 -1.90263677 2.00669789 1.29096758 -0.389681697
 1195 -0.413315505 0.164723754 -7.62650371E-03 1.62970328
 1196 -1.98169458 2.10131693 1.77740502 1.40953743
 1197 0.712304056 0.224347115 -2.44259548 -0.823743105
 1198 -0.358893663 -0.369207233 1.67664552 1.19523931
 1199 -1.08722329 0.153091758 1.89733934 0.592148185
 1200 0.915093660 -0.846780777 -0.784103990 0.369362533
 1201 1.03255689 -0.324266523 0.727787137 0.452136576
 1202 0.413581550 0.628715932 0.661651790 1.62036705
 1203 8.00895095E-02 -0.103275672 -0.727318823 1.47475803
 1204 -6.27589077E-02 0.632598221 0.550951838 1.73380220
 1205 -1.80269897 1.39428496 9.25269723E-02 1.51215696
 1206 0.578939676 0.728928804 -5.08829653E-02 0.994053364
 1207 0.206119373 0.420779705 0.729804695 -0.630509138
 1208 -0.535074472 1.15485287 0.845642269 1.19668663
 1209 2.10309792 -0.314194262 1.86477470 1.01113617
 1210 -0.289184630 0.124577343 0.747672141 1.42434180
 1211 -0.875979185 0.857058764 0.369681239 -0.392588258
 1212 0.977027595 0.803686142 -1.95377469E-02 -3.47316265E-04
 1213 0.435968310 8.50509405E-02 0.817353070 2.41695118
 1214 -0.980885684 0.398891211 0.661646783 0.740071058
 1215 -1.21690333E-02 0.397180140 1.37429094 0.611386716
 1216 0.188927740 0.107604653 0.617539823 0.784575105
 1217 0.539756954 -0.638357878 -1.88043451 0.661874294
 1218 -0.612213671 1.49080658 0.736511409 -0.404594064
 1219 1.50673234 0.817667186 0.872426271 0.899336994
 1220 8.06114376E-02 0.423044980 1.58316159 2.04212832
 1221 2.22331667 1.13650274 0.125664055 -0.371085942
 1222 -1.33852684 0.932714045 0.879659116 2.50214052
 1223 -1.50808203 1.47664845 1.95459878 -0.526198685
 1224 1.29268646 0.319811940 0.907409728 -1.11325192
 1225 -0.302528203 -0.536886096 1.07203197 2.12498379
 1226 -0.271744758 0.464681506 1.06205010 0.922437608
 1227 -0.637788177 -0.810471177 -0.150096834 2.27910709
 1228 0.531532764 6.51469305E-02 0.456291556 0.472656369
 1229 1.66459274 0.933245599 2.34789658 -0.630522013
 1230 1.89658523 -0.414415747 -2.12539506 2.91431737
 1231 -0.515403032 0.726422787 0.683756769 1.80689704
 1232 -0.417547256 -2.09545517 -1.83265495 1.26069665
 1233 -0.924366891 1.25579619 0.242259890 1.58539379
 1234 -0.802107096 1.78454351 0.734325111 1.08740151
 1235 -0.816647649 -4.02645282E-02 1.29476678 2.98519993
 1236 0.221076533 0.732351542 1.07284212 1.19752312
 1237 -0.117690168 -0.190690517 1.78272450 1.11141777
 1238 0.584050000 0.277354807 1.21786261 1.14943635
 1239 0.306973219 1.83665955 -0.383563250 -0.189919651
 1240 -1.53473270 0.277874559 1.48517871 1.53399670
 1241 0.595466554 0.246205032 1.08380675 2.86864519
 1242 0.834152699 0.587103963 0.574513793 2.83922386
 1243 0.578205109 -3.11413407E-03 0.706647933 2.02392840
 1244 1.63255632E-03 -0.550007641 -1.24512124 3.00353718
 1245 8.16276670E-03 -1.04172516 0.257642657 1.25468194
 1246 -1.76207530 0.529664814 0.908597350 0.306264937
 1247 -1.03783846 0.467817783 0.961936593 0.643715680
 1248 1.00043762 -0.858425558 4.78838310E-02 1.83000743
 1249 2.15287519 -0.504305243 -2.41320729E-02 0.334842354
 1250 0.604964733 0.112175509 2.12986422 0.524638772
 1251 -0.684157610 -1.70396948 -0.381440580 -0.715109289
 1252 0.367575049 -1.32450020 2.58850765 1.28109598
 1253 0.420096636 -1.06677961 0.289414823 -1.04840422
 1254 -1.17237568 1.33673537 0.933377028 -0.350302577
 1255 1.63618553 -0.965893924 -0.915360987 -1.51156855
 1256 0.946727931 -0.749745071 -4.23182547E-02 1.52593136
 1257 1.01649880 1.02333128 -0.587061822 -0.523968101
 1258 -1.77994514 0.528164148 0.489154518 1.35638344
 1259 -1.60362530 1.88720107 0.873606741 1.29094589
 1260 -0.512710929 2.63253450 -0.832719684 1.67174888
 1261 -0.181701198 -0.511952460 1.20916903 1.16093338
 1262 0.178726315 1.96205080E-03 1.06421328 2.38924932
 1263 -0.952990055 -8.48499686E-03 -0.134225696 1.63171160
 1264 1.40138316 -0.424979329 -0.214229330 0.120907024
 1265 1.11380649 -0.173247144 -0.429685265 1.51069868
 1266 0.106368586 1.18234909 0.343895972 0.346772224
 1267 -0.582045674 -0.133950949 0.535851061 -0.388807565
 1268 -0.788773417 -0.166432679 -0.609309733 2.45213151
 1269 -0.674265027 1.03827059 2.16053128E-02 -0.564768970
 1270 0.635989130 -0.206648648 -8.36281255E-02 1.12924981
 1271 -1.13660336 -1.01239896 -0.116399437 1.11928558
 1272 2.48970962 -0.533996344 4.75119650E-02 -0.421776593
 1273 1.39117002 -0.798009634 0.192573994 0.986246228
 1274 -1.47110844 -0.326773256 0.410812616 2.64777684
 1275 0.761496603 -0.714572549 3.38274360 1.63946033
 1276 -0.523880005 -0.210640073 -1.14770818 0.277930111
 1277 0.387452483 7.64606521E-02 5.91237247E-02 0.912070036
 1278 1.70744455 1.11547041 0.271292239 0.431299001
 1279 0.321561962 -0.136214644 0.939566553 1.61600661
 1280 0.977890730 -0.255982339 0.323495626 -1.80110633E-02
 1281 1.00341988 0.446456879 1.91604352 0.443983912
 1282 -3.68194431E-02 0.602668166 1.56779575 0.577096105
 1283 -1.14432085 -0.931650758 0.264416367 2.56175232
 1284 1.66554046 0.602182746 -0.155837297 2.13805819
 1285 0.382213891 -1.26504505 1.29928041 1.00091767
