 1 0.750146627 -1.37225568 -1.17164409 -0.195195854
 2 0.455039680 -1.34805799 1.10829914 0.490405560
 3 0.999555349 0.190691903 0.439873755 0.540309250
 4 -1.34519017 -1.02038205 1.37133372 0.193542629
 5 7.43534639E-02 -0.458030492 0.999621272 0.402010024
 6 -1.89355159 0.901490271 -2.69677448 0.527815521
 7 0.268921405 0.333164603 1.30397725 0.350494415
 8 -0.933551550 0.664937794 -0.350499600 0.649946392
 9 0.171701685 5.47057539E-02 -0.430519223 0.349052995
 10 -0.773527741 -0.864628673 -3.26150917E-02 1.38141954
 11 -1.08125579 -0.297761023 0.231248900 0.761513829
 12 -3.39881741E-02 0.857988954 1.71061218 0.765418649
 13 1.80023980 -1.36147308 -1.15438664 1.27651930
 14 -4.47322652E-02 0.467944801 -0.221762404 0.760174632
 15 0.273135900 -0.174862236 0.851182938 7.57797658E-02
 16 -0.968901694 1.09278369 -3.38096237 -2.22476816
 17 -4.39926982E-02 0.385046452 0.850405633 0.388471216
 18 0.549511433 -1.49522913 -0.679364145 -1.26141143
 19 0.302015901 -2.52608705 5.83324805E-02 0.397847384
 20 0.320436448 1.34601724 -0.619076908 0.609393358
 21 0.801448166 -0.636539817 -0.719025910 0.472251862
 22 -1.47892141 7.97416344E-02 0.201487452 0.326924890
 23 0.242928579 -0.996110082 -2.00972986 -1.63792646
 24 -0.454029739 -0.279159755 -0.691264868 0.445193559
 25 -0.634064913 -0.952664375 0.125778824 0.178422049
 26 -0.170551777 -1.40826821 0.377369285 -4.11654472
 27 -0.186142266 1.09747723E-02 0.811095476 -1.93844044
 28 1.72336555 2.18723059 -0.812886953 0.162241280
 29 1.14341390 1.54433060 -0.845299900 0.441961676
 30 0.492983997 1.93194747E-02 -7.89934248E-02 1.13412035
 31 0.888640881 1.83926821E-02 -1.17527640 0.172721028
 32 -6.35246634E-02 0.532430172 0.154131278 -3.00258398E-04
 33 -3.95558774E-03 -0.519204736 1.25075257 0.467238724
 34 1.17310655 3.65310311E-02 0.113735467 0.567742825
 35 0.231589764 -1.51851714 -1.15205264 0.522302330
 36 -0.227906987 -0.793421388 -1.35236251 0.409274906
 37 -0.505624175 -0.735190868 0.600876272 0.433203697
 38 0.374188185 0.215933800 1.69556832 5.44448644E-02
 39 0.999112725 1.96052182 -0.284407109 1.37274563E-02
 40 -0.825622559 2.27693057 0.757331491 0.178039089
 41 -0.417799920 1.22606492 -0.532678068 0.179104358
 42 0.417789787 0.301002681 -0.312377185 0.111489460
 43 0.118545920 -0.382659018 1.54077148 -1.81483150
 44 0.903431714 -0.385167956 -0.299088567 1.45568073
 45 0.115121216 -1.04834092 0.110295698 -0.253444076
 46 0.677577376 0.262719661 0.830463290 0.454284906
 47 0.386741042 1.10051012 0.775902569 -4.46182787E-02
 48 0.197540075 -1.37303472 3.84404957E-02 -0.332452059
 49 1.49346173 -0.518862545 -0.788673759 0.561948538
 50 -3.19637358E-02 0.606903851 -1.35525894 -0.993761539
 51 0.776015759 -0.999919593 0.244865343 0.308223486
 52 -0.503783226 -0.112620294 -0.461275488 0.421750784
 53 0.382162392 -0.691063404 -0.570076823 -2.63610935
 54 -1.46773303 0.386848778 -0.115021154 0.146089420
 55 -0.288910210 1.17855966 0.788721442 -2.21148920
 56 -0.282663465 0.423758864 -0.723369181 5.24357408E-02
 57 -2.14459109 0.861296654 1.67615843 -4.30009067E-02
 58 1.60051429 -0.807426810 0.215004146 0.199545369
 59 -1.56081080 0.763756335 -1.38182819 -2.44115734
 60 0.619930446 -0.319389552 -1.29824197 2.00536549E-02
 61 1.61733556 1.29243135 -0.396686971 0.535903513
 62 -0.468092978 0.477376938 -0.438786209 0.399101257
 63 0.106243789 0.588477135 -2.09352970E-02 0.198323935
 64 -1.43890560 6.95083439E-02 -1.34556746 -0.375749737
 65 -0.736767590 -0.617258787 0.829124570 0.349910557
 66 -0.519451737 4.71453965E-02 -1.27080286 -0.407778859
 67 -1.41432154 -0.417950392 -0.877160668 -1.72068465
 68 0.853493512 0.547425330 0.625026941 0.728605211
 69 -0.397751629 -1.30813682 -0.392643839 -1.63793787E-02
 70 -0.317429721 0.488360524 0.503555417 0.700979710
 71 1.02079117 -1.93082690E-02 -0.849607289 -5.76502681E-02
 72 0.229343712 -0.924041390 2.85220146E-03 -1.55530608
 73 -0.764738500 -2.47500753 0.587717056 -2.86293960
 74 -8.69841501E-03 0.396281898 -0.433824539 -0.203739524
 75 -7.72072673E-02 -0.256707788 -0.394690484 -0.901744187
 76 -0.801328957 -0.627010942 -1.14954209 2.32734531E-02
 77 7.06200600E-02 -1.52019858 1.44781947 -1.42920828
 78 -0.443519771 1.12102413 -3.43818031E-02 0.256311983
 79 0.564168096 0.288590968 2.36597359E-02 0.156746298
 80 0.760132194 1.07041907 0.405918002 5.14667034E-02
 81 -9.62302387E-02 1.57169020 0.181675941 -8.07038695E-02
 82 -1.35385895 -1.76265514 -1.16506481 0.788576961
 83 -1.17316639 1.31981826 0.361306190 -1.46133244
 84 -0.912044346 -1.60028958 0.456398010 0.598154128
 85 -0.438267410 0.713291407 -0.655708194 0.369304836
 86 -3.28905433E-02 1.08054328 -0.682256222 -3.20258439E-02
 87 -2.07696557 0.106291711 1.70076144 0.591236711
 88 1.82078898 -0.500073552 -0.142371982 -0.358926475
 89 -1.36822307 -1.65830863 2.07620525 -2.64704973E-02
 90 -0.298834622 -1.56288087 7.08252341E-02 -0.210578501
 91 -0.145123363 -0.330493778 0.462217271 1.06027961
 92 -1.52990174 -1.93025291 -1.80684519 -4.09604836
 93 -1.67569578 -1.66883707 0.132904619 0.541829646
 94 0.539410830 -0.348675489 -4.59504575E-02 6.95951879E-02
 95 0.782701194 -0.378902674 3.39820981E-02 3.98659110E-02
 96 -0.511570334 -1.92245364 -0.158380464 0.248005494
 97 -0.593133867 0.528166771 -0.975284040 0.204050526
 98 -1.59549177 0.261902779 -0.708333611 -0.177177995
 99 -1.02441120 -1.27899802 -0.694543600 -4.16625291E-02
 100 0.169148505 0.596575797 -1.72807002 1.08365715E-02
 101 0.276846141 8.25329572E-02 1.93760884 0.444431365
 102 0.731885195 0.685817361 -0.178508446 0.509131908
 103 -2.38742089 -0.671485007 -0.342767566 -2.30637789
 104 -0.574226975 -1.87316287 0.282796681 0.142680645
 105 -0.135784701 1.07923841 -1.19199395 0.340073586
 106 -0.538288355 0.334062427 -1.23322463 -0.217362881
 107 -1.64409089 -0.830573142 -0.969353378 -1.66783762
 108 1.93936837 -2.89864683 -0.617618144 0.726303399
 109 -0.172246128 0.965124547 -0.351543188 0.317689568
 110 0.826276422 -1.52460313 -1.09073520 -7.12136701E-02
 111 -0.367580503 -1.20629895 0.929226220 -0.260648429
 112 -0.949558020 1.30269098 -0.634425461 0.112850174
 113 0.433496058 0.725621223 0.146766737 0.752513349
 114 0.111265481 -2.11209726 -0.511720359 -3.66823959
 115 0.246735021 0.155089468 -0.672556460 5.97921461E-02
 116 -0.335642725 -0.540680528 -3.28243077E-02 -0.388100863
 117 -0.208305478 -0.599848926 2.60682845 0.231582940
 118 -0.339464664 -1.04742122 -0.178076699 -9.92871225E-02
 119 2.24772859 0.454330325 -0.386258543 0.300653517
 120 -0.685472608 0.510578990 -1.33522224 -3.81189775
 121 -1.47381091 0.228214726 0.589749694 0.460372835
 122 -1.59001362 0.431261063 0.710133314 0.444294870
 123 -1.28436708 0.332759231 -0.213682890 0.800452948
 124 -8.03371370E-02 0.819998741 0.490804166 -0.114638478
 125 0.469843954 0.164285868 -1.10062611 -2.15723419
 126 -1.20895576 0.665923238 -1.73088157 0.418644190
 127 -0.612749696 0.342772871 0.286310285 -0.357640326
 128 -0.395356148 0.145176783 -0.112512074 0.848687351
 129 -0.274519295 1.49583113 0.895404220 0.702186882
 130 5.02409860E-02 1.45389819 -1.88036561 0.316251159
 131 0.502069771 -0.746521354 0.312547803 0.280907869
 132 -0.975020528 -0.912054837 -5.77179193E-02 0.327827603
 133 1.63224578 -1.00328374 0.226741523 0.113052979
 134 -0.888473868 0.135686249 0.602485657 -2.09025645
 135 -4.86628041E-02 1.34889555 0.440089703 9.10175890E-02
 136 -1.99182594 0.174188375 -0.434595227 -2.06136584
 137 -0.559579194 -0.378741860 -1.01911092 1.58159947
 138 -9.60112959E-02 -1.51626551 -1.03989542 0.203497052
 139 -0.190140069 -1.28096104 -0.353401780 -1.59796321
 140 -0.109180897 0.489826769 -0.854069173 0.445132226
 141 -1.99661851 0.280550390 -2.06133032 0.269830972
 142 -1.58448184 1.24916553 -0.992842138 9.78460312E-02
 143 -0.590624630 -2.17736769 -1.48321104 -0.195238799
 144 0.241361856 0.260198057 1.12269187 -3.73552963E-02
 145 -0.882937074 -0.682011008 -0.766892970 9.64924246E-02
 146 -0.195087209 -1.20288086 -1.43200195 -0.177726328
 147 0.801259995 0.983763337 -1.16009665 -0.290131569
 148 0.617527127 -0.153725356 0.819398403 -0.391123772
 149 0.844786167 -2.36543226 -1.41715479 -1.16397691
 150 0.720399022 -0.397850484 -1.32747889 0.243298143
 151 0.863134623 -1.74008250 -0.731248498 1.08153892
 152 1.58097255 1.28892803 -1.08383298 -1.32059503
 153 -2.95703746E-02 -0.687390924 -0.581758380 0.368594080
 154 0.540618300 1.26382625 0.159233451 -4.67027798E-02
 155 -1.61406028 -1.19174504 0.224649131 -1.13428128
 156 -1.72470713 1.54603505 -1.03980184 0.465228766
 157 1.25986445 -0.861939371 -9.82361957E-02 0.839007318
 158 0.902248263 -1.09225500 -0.931658506 -0.993028045
 159 0.836280346 -0.636848271 -0.217218548 -1.72364807
 160 -0.971859992 0.468619555 -0.739625216 0.494611144
 161 2.35631490 0.291980177 1.68802738 8.80968571E-02
 162 0.733403444 -1.58132875 -0.165512800 -2.33846402
 163 -1.74592662 1.65390265 -0.487199843 -2.72081780
 164 0.775762618 1.32790577 2.04023170 -0.621160805
 165 -0.247137964 -0.665239930 0.849134564 0.202775151
 166 -1.21011257 2.26749253 -0.793743730 0.683899045
 167 0.411955863 -0.522675455 0.126375079 1.04536724
 168 1.80581927 6.35392889E-02 -1.73331857 0.163599163
 169 -7.87269920E-02 -0.631165385 -0.908600926 4.80360985E-02
 170 -0.477779746 -8.79800469E-02 0.479309559 -5.19927144E-02
 171 -0.283658415 0.782483935 0.238425910 0.678700387
 172 0.858954012 -0.749070466 -0.669695556 -2.04800010
 173 -8.13383833E-02 -0.202737600 -0.644028664 0.291367322
 174 0.289254308 1.93459392 -0.565655291 0.591243029
 175 -0.227361828 -0.602344692 1.53671932 0.727496922
 176 0.454726487 0.696593702 -1.05569649 1.39869356
 177 -0.513114333 -1.54016578 0.884385467 -0.213720948
 178 1.66828501 0.179742515 0.192887694 -3.27127650E-02
 179 -1.19790030 -0.275285780 0.741824031 -2.67982817
 180 -1.70201540 -8.15951824E-03 0.603334486 -0.285758495
 181 -0.748327434 -1.75076604 0.401306391 -3.87875810E-02
 182 0.157727361 -0.204811066 0.338983387 0.581231892
 183 -0.954453707 -1.48996210 -0.272267699 0.986011267
 184 -1.19851184 1.98727226 -1.14538097 -0.179953665
 185 -1.17458296 0.599312901 -0.399026394 0.385207862
 186 -0.911503315 -0.385922670 -0.128059223 0.772091448
 187 -1.92146778 0.191604123 -0.292721063 -0.494516730
 188 -0.588973582 -1.70714593 0.210652530 -6.53713048E-02
 189 -1.95026278 -0.535806835 1.67722249 -1.43267870
 190 0.159899741 -0.260444134 -0.661184669 -9.47854966E-02
 191 -1.26492929 1.46367776 0.158213288 0.173168838
 192 -1.61252725 -0.179877192 1.23605013 0.752497673
 193 0.129029915 -0.522758007 -0.184212908 0.724230945
 194 -0.744678617 1.10769868 0.891557813 0.481944382
 195 -0.611345530 1.16603124 0.147319973 -9.65396017E-02
 196 0.773932993 -0.819877982 -0.223532468 0.443277001
 197 -0.927060723 -0.471987486 0.429085195 0.529523253
 198 -2.65126419 0.998074055 -0.754223526 0.872622788
 199 -0.528193355 1.40630651 -0.927008927 9.47745740E-02
 200 0.739411294 0.339296460 2.58527756 0.314306319
 201 0.676475704 -0.229252160 -0.551930904 0.405916780
 202 -0.556473076 -1.30836344 0.419097394 -2.03291327E-03
 203 -0.588767827 7.24846274E-02 -0.795944989 0.805669248
 204 -0.121119119 -0.827305615 0.155483544 -0.192038864
 205 1.22178388 1.23126435 0.669173539 0.371789426
 206 -0.887583137 -8.44795257E-02 -6.12341985E-02 -2.14324951
 207 0.955457687 1.24935925 1.24019325 0.255870551
 208 -0.748191118 -0.307363927 -1.52780211 0.289451152
 209 -8.83433223E-03 1.57985854 -0.639273047 -0.334375978
 210 -0.306078970 -0.149705619 -0.289893061 0.252149373
 211 -1.39011943 -0.387173146 1.01901603 0.728555202
 212 -1.07629550 1.10437274 0.166654229 -0.453452170
 213 0.224215284 1.54166877 0.595955193 -0.307867885
 214 2.85286903E-02 0.166325063 -1.20847917 0.170870528
 215 -1.13536978 -1.20019519 -0.442995399 0.467118263
 216 -0.146772534 -1.79209697 1.13183761 -1.53019965
 217 -0.519200802 0.434896052 -0.193515152 0.183759153
 218 -0.533441126 -1.64669037 0.872135222 0.761857033
 219 -0.259037495 6.18659109E-02 -0.239659667 0.445040792
 220 0.519740343 0.375194132 -0.439201862 -0.116761409
 221 -1.35023749 0.725550771 -1.17478740 0.405319005
 222 0.116821110 1.30310285 -0.342574120 -7.49969333E-02
 223 -0.420635194 1.15462255 -0.831816137 -1.90039349
 224 0.312460691 -0.865913630 0.434969664 0.512427270
 225 0.767877936 -7.48280957E-02 0.259738564 1.76119709
 226 0.661641717 -0.711705387 -0.724629939 0.457821220
 227 0.523373365 1.83828270 -0.337122530 -0.392285466
 228 -1.15542376 0.552007318 -0.674254894 -2.33604121
 229 -0.679311872 -0.864020109 0.242705166 0.951534748
 230 -0.172693670 0.155828401 0.395706534 -3.35580930E-02
 231 -1.51624310 1.14072971E-02 0.626993358 0.574780107
 232 1.15693891 0.651254833 -1.32382965 -2.37498260
 233 0.999556959 -8.68257657E-02 -0.274539620 0.241027564
 234 0.984624267 -1.49914479 1.23783839 -4.97192293E-02
 235 0.139010012 -0.909152985 -0.500391781 9.55291986E-02
 236 0.293879867 -0.355387509 -0.612867653 0.181610242
 237 -0.274906248 -0.421221226 0.496111512 0.905050457
 238 -1.91559768 0.229626328 -0.200916156 -1.24924290
 239 0.387349248 -0.873694897 0.444295645 0.699538708
 240 -0.105828792 -0.151384473 -0.304585189 0.684729397
 241 -1.04468918 0.272296786 8.57768133E-02 0.335280836
 242 -0.184138969 0.879598916 6.04868084E-02 0.865221858
 243 -1.42444849 0.629106343 0.358743429 0.744562328
 244 0.553206801 -9.98989940E-02 -5.10802492E-02 0.114185244
 245 -0.228416950 9.95703936E-02 0.131242171 -1.81462479
 246 -1.54041266 -0.923541307 0.203889698 5.53017855E-02
 247 -0.718766212 0.188107565 -0.172440037 0.575129032
 248 1.54143465 0.953188777 -0.909662127 -1.29716444
 249 1.03371859 -1.44633627 -0.979055941 0.215087846
 250 -0.702760100 -0.121602342 -0.854894221 0.612204731
 251 -1.42782891 -1.90014803 1.01504910 0.455896854
 252 1.94445169 -0.522771657 0.830267131 0.191408396
 253 0.500385165 -0.102260210 -0.245605886 0.543928146
 254 -1.22672510 1.12979698 -0.224883527 0.382240802
 255 0.274185807 -0.322872132 0.533898592 -1.86444271
 256 -1.33023000 -0.157344937 -0.592048407 -6.31579757E-03
 257 1.64602447 -1.14406347 -0.225142658 -1.86932588
 258 0.229742482 -1.26311517 1.20661807 -3.88217759
 259 0.117413849 0.200529456 0.623723269 -0.216561466
 260 1.08560884 -1.15500140 -1.63029826 0.784834862
 261 0.917769015 0.758978426 -0.944347024 -1.52253973
 262 0.379587919 -0.841961741 0.309838355 0.876672208
 263 -0.162433341 0.768740535 -1.00059295 6.91139400E-02
 264 0.613649547 -1.61977267 1.01152515 0.192424014
 265 -0.713920712 -8.52480233E-02 -1.15887845 -0.237391517
 266 -0.599041343 -0.769500077 -0.739741206 -2.04711771
 267 -0.124635190 -0.339369595 0.173963264 0.503762245
 268 -0.551253736 0.895308018 -0.153528050 -2.40884423
 269 0.392175913 0.752448380 -0.404172480 -0.615509629
 270 0.305901706 6.27092719E-02 7.96155706E-02 -1.85563421
 271 0.557262301 0.958667636 -0.139263421 0.280020535
 272 -0.432219654 1.32221448 0.902468443 0.348735124
 273 0.324986458 -9.40333679E-02 -1.34548509 -1.05056536
 274 1.54337454 3.02004740E-02 -1.59453285 -2.72338176
 275 -0.870483994 0.897922397 0.219335794 1.10720706
 276 -0.332419336 0.677210212 0.108296871 -1.88936496
 277 0.400129765 1.86089778 -0.834223032 0.428220868
 278 -1.19253564 8.86323377E-02 0.878145576 -0.226268828
 279 0.358375847 0.200626090 0.163872018 -2.16575789
 280 -1.35368335 1.39238644 -0.624598324 -2.70817184
 281 -0.158271834 0.570568204 -0.135476843 0.603416681
 282 -6.24716282E-03 2.79969722E-03 -1.19756854 0.402723342
 283 4.26424406E-02 -1.12800920 -0.447067738 0.769157767
 284 0.272478282 0.526327491 -0.442565054 -2.41448927
 285 -0.325485110 0.425360650 7.96996355E-02 -3.93191290
 286 0.824570537 -2.71889828E-02 -0.144023955 0.189717218
 287 0.544607639 -0.711776972 -0.444725633 -2.61371541
 288 0.378910214 -0.258476883 -2.06632316E-02 -0.619813561
 289 0.640859962 1.62028432 -0.111841589 0.580994725
 290 0.650967360 -0.691000462 8.09114575E-02 -0.245933577
 291 0.427295357 -0.228991896 -1.13635063 -2.27550554
 292 -0.452537537 0.333242506 -0.633027315 0.269602358
 293 2.25324440 -0.763819873 -0.290511519 -3.62491608E-03
 294 0.558959305 0.110935263 5.92798814E-02 0.378267884
 295 4.40267697E-02 0.674339414 2.62010837 0.513573050
 296 -1.36760664 0.145588577 1.39603078 0.147973761
 297 0.652637661 1.38078713 -0.868232191 -3.46912444E-02
 298 -1.06020677 -0.354989439 -0.530061901 -2.19277096
 299 -0.587323487 -0.756764650 -1.03555644 -1.92839682
 300 0.769231439 0.166047320 -0.264136314 0.197294846
 301 0.292124510 -0.471057594 0.394535691 0.569805861
 302 0.685277402 -1.23180175 -0.594854951 1.12329459
 303 -0.147825927 0.941344023 -1.61197329 -1.14770281
 304 -1.17634010 -0.940608084 1.95817900 0.680353522
 305 -0.384665906 -0.332355618 -1.15447068 -0.284267843
 306 0.933389544 1.08847952 0.121708155 0.273590207
 307 0.119065329 -1.68273699 -0.771490157 0.430440843
 308 0.543070793 -1.09480393 0.701198637 0.889939904
 309 -1.59054303 -0.453743547 -0.761596978 0.685131490
 310 0.659528971 -0.520274639 1.37326479 0.686854064
 311 0.827761590 1.17193961 -1.60106087 -9.13802162E-02
 312 0.120986506 0.546488702 9.38163400E-02 -2.14592552
 313 0.579925299 0.126927644 1.54665709E-02 -2.43140757E-02
 314 -1.62012482 -2.27840567 0.115470849 -3.98022294
 315 1.61507332 1.28924000 -1.60776591 7.31253922E-02
 316 1.84208882 1.47650361 -0.241749972 -5.15359417E-02
 317 -0.311625510 0.686852098 0.301659882 0.108439818
 318 0.679025888 1.02637112 1.05114877 -1.65815973
 319 -0.775762796 -5.52917868E-02 -0.734952331 -2.58337212
 320 0.521878719 -0.137434289 6.21374696E-04 0.271257252
 321 1.39287627 0.670915127 -2.50724292 -2.62081933
 322 -0.707020283 -0.846713424 -0.702578008 -2.55758500
 323 1.06709719 0.782529712 0.195405319 1.34578168
 324 0.150599390 0.510142624 0.602001667 -1.73355854
 325 1.70659590 -1.09832788 -0.566626072 1.29416025
 326 0.214722484 -0.199731797 -0.404533178 0.197023809
 327 -2.10612941 1.87249565 -0.806458056 0.512182295
 328 -0.402989149 0.710470140 0.788960040 0.155797407
 329 0.384194881 1.16494381 4.91296053E-02 -0.292194217
 330 0.755273938 0.834448814 0.356342196 -1.55828512
 331 6.68964982E-02 -0.975814283 0.217592135 -0.136567101
 332 -1.14712715E-02 1.23924649 -0.116168126 1.10801542
 333 0.554854751 -1.38677669 -0.147586703 -2.07708836
 334 -0.322091669 0.406627476 -0.582547605 -0.517930090
 335 0.130522341 -0.258071393 -1.11926293 -0.137550622
 336 -8.90543163E-02 0.617150903 2.38808692E-02 -2.47388935
 337 0.576864958 1.24653542 1.18344712 0.223813519
 338 -1.01642394 -0.457005978 -7.09999874E-02 7.83140063E-02
 339 -1.93573534 -0.143053681 -0.855120599 0.338445753
 340 -0.994410932 0.833709002 0.587936401 0.506352007
 341 0.130689979 -0.549232125 -1.52775085 -1.49065900
 342 -0.103794150 -1.66896248 4.37123962E-02 -8.18200558E-02
 343 0.664900899 -0.456970751 -0.414136469 0.430446893
 344 -1.20524317E-02 0.629387438 -0.361246258 -2.46335936
 345 -0.207673818 -1.15425456 3.91597450E-02 -1.75690079
 346 0.487405866 0.101237074 -0.271775901 -0.255759537
 347 -0.347087830 0.995822251 -1.07317078 1.08869851
 348 1.19221437 -0.484811902 -0.259326547 -2.03344321
 349 0.128031284 -0.154192537 -0.188281804 1.02097762
 350 -0.884758234 -1.10451102 -1.49582827 -1.23094559
 351 8.45149755E-02 0.403273433 0.246920615 0.229474515
 352 -0.323192537 -0.650542796 -2.26437747E-02 -2.36770439
 353 1.39973354 0.691586196 -1.81769252 -2.17594147
 354 0.574779391 1.03022778 -1.99735153 0.305399954
 355 1.18144727 -0.302598774 -5.13481200E-02 1.41424930
 356 -0.594990969 -1.22411180 0.342116326 0.258772850
 357 -1.06564069 -1.43043470 -0.392172188 0.174275696
 358 1.68801498 -1.36897099 0.509711146 0.210170180
 359 -1.30447829 -7.23815039E-02 -1.88471004E-02 -2.11464453
 360 0.992412329 -0.117522061 -0.523763418 -1.52444160
 361 -0.178064674 0.848376036 1.32994628 -1.67149806
 362 1.52904403 0.830829024 8.66698846E-02 -0.400191426
 363 -1.36212742 0.883250594 -0.372347713 6.58258349E-02
 364 0.542181253 0.979013205 -1.76928604 1.02345479
 365 -0.138142824 0.118119106 0.315579385 -4.27013969
 366 1.38875890 -0.557305932 0.303947747 0.628318369
 367 -0.582930684 -0.869569838 -0.374592692 -2.29869509
 368 -0.231854752 -1.20771110 -1.57979238 0.160230562
 369 0.131437540 -0.699314773 2.08285570 0.637965918
 370 0.251905382 1.62634122 -1.14195204 0.535474002
 371 1.36797953 -1.15972388 -0.863051414 -2.68375182
 372 1.55964017 0.168382183 -0.110063545 -0.309543133
 373 -0.179231420 0.497007757 0.287336588 -2.15442467
 374 -2.01308441 0.145790488 -1.43751502 -1.28530002
 375 1.69519663 0.679075062 -1.57301652 0.272333205
 376 0.899846673 -6.67827502E-02 -2.03936505 -0.802899241
 377 0.445654511 1.17186129 0.788495660 9.75189209E-02
 378 -0.675434649 0.457376122 0.830077827 0.639013171
 379 1.45276153 0.699179530 -0.657778323 0.301913232
 380 1.07105553 0.112869978 -0.456387222 -0.363143921
 381 -0.523003221 -0.542425811 -0.133462161 1.21035659
 382 1.82981682 0.232409626 1.16616094 0.331644714
 383 0.143234715 -0.513709426 -0.825361609 0.259055704
 384 0.188334361 -0.107002512 -1.15532660 0.789466739
 385 -0.794866502 -0.485072434 -1.12415898 8.61093998E-02
 386 -2.52000141 -0.703199983 -0.137605175 -1.88588798
 387 -1.08406508 -9.76868644E-02 -9.96467769E-02 -2.11574340
 388 0.382801831 0.894172311 -2.07429886 0.382824957
 389 -1.48102224 -0.760638893 0.973431289 0.456725776
 390 0.918932438 0.592143476 1.05577743 0.322672755
 391 4.03056443E-02 -0.356153786 -0.769867599 0.139891922
 392 0.997581244 -0.382107615 0.323430270 0.363576770
 393 0.998166442 0.781065404 -8.74088109E-02 0.180844843
 394 -0.735640705 2.63246560 -1.31575513 0.590845048
 395 -1.84839606 0.136152208 -0.488855690 -2.08610535
 396 -1.15110528 -0.744780660 -0.499352515 0.156960666
 397 -0.400311291 -0.114472955 -0.246581391 3.68277282E-02
 398 0.651721060 -0.882550895 -1.31347024 0.308339030
 399 2.07208419 1.81940854 1.77577250E-02 0.276208460
 400 -0.468005210 -1.07748461 0.184191838 1.24681973
 401 0.461322367 -1.02454662 -1.17725921 0.687242627
 402 0.630342841 -0.509579778 -1.73246002 0.715460420
 403 0.610824525 0.542217135 0.411058545 0.199485675
 404 0.794753313 -2.00145721 -1.65239203 0.477415174
 405 0.293882549 -1.53136730 1.32062817 -2.56249404
 406 -0.256882250 -0.831631184 -0.229054108 0.706547499
 407 -1.53674769 -0.152958751 -6.55778199E-02 0.157348230
 408 0.144106090 0.321424365 0.762413681 6.56008571E-02
 409 -0.253960848 -0.273403883 -0.990526199 0.406471163
 410 0.878469348 -1.21651125 -0.286243975 -0.743488431
 411 0.161295354 0.268667668 -0.524717629 0.171036676
 412 0.558416665 -5.27474284E-03 1.42298210 -2.47436690
 413 -0.205566958 -0.310965240 -0.578710675 1.05848444
 414 -0.246152163 -0.982302189 -0.521106899 0.769291937
 415 -4.01080176E-02 5.88088632E-02 -1.29102588 0.300663888
 416 2.47708988 -0.664213240 -0.118070841 0.707125783
 417 -0.696594596 6.63840324E-02 -8.73011127E-02 -0.177913666
 418 1.36893618 -0.722883821 0.604473889 -0.333803445
 419 0.247207716 -3.27038355E-02 -2.77089548 -1.38108373
 420 -1.71536446 -0.271677136 -2.24647093 -1.44109082
 421 1.31827736 -1.42403483 0.716315269 1.19896221
 422 -1.32565296 -1.76855177E-02 5.30201048E-02 -1.18649197
 423 1.67122376 -0.647092640 -7.14761019E-02 1.13466990
 424 0.263611376 -2.40281725 1.81058645 1.09754241
 425 1.17117584 -3.36214423 -0.177462250 0.482213795
 426 -0.333901823 -1.94272995E-02 3.42335850E-02 1.04390073
 427 -2.29057026 -1.67866898 -3.74816507E-02 -2.60755324
 428 -1.07008040 -0.518144131 -0.873367190 0.954689145
 429 0.841245294 1.10034609 -0.447223544 -0.117904007
 430 1.48685813 1.35470712 -0.860031784 1.21712184
 431 0.977328479 0.370523334 -2.13544750 1.08326435
 432 0.808645487 -0.587388575 0.827624261 0.705080330
 433 -0.574833930 2.17289972 -0.281984270 -1.93605685
 434 -0.715702236 0.329088897 -0.430554748 -2.05383003E-02
 435 -0.416805565 0.188857406 0.821379960 0.495625019
 436 -0.945184469 -0.250548363 -0.481388539 -0.526192725
 437 9.49828923E-02 -0.679173529 0.264123291 0.527996957
 438 -0.138573244 -1.17992532 -0.203067571 1.23415852
 439 0.769011140 0.543630838 0.158904731 7.79298842E-02
 440 0.289304793 0.250403196 0.611621916 -2.09083629
 441 0.235226303 0.471219689 -3.56363952E-02 1.15938175
 442 -2.18159628 -0.199169338 -1.24211144 -0.303748339
 443 0.735011637 0.234042272 -0.914580226 0.724342287
 444 0.382545412 7.48942196E-02 -0.802455962 -0.725656986
 445 -1.39132643 -1.29644120 -1.37432241 -2.62753582
 446 1.54119277 1.29210520 -0.281950623 0.268332928
 447 0.273566067 0.112327851 -1.62775350 -2.64210176
 448 0.648731172 -1.21577501 0.343050987 9.56153870E-02
 449 0.403021783 1.02254558 -1.08107352 0.214811236
 450 0.304288000 1.21696043 0.266681850 -3.99384546
 451 0.162207246 -1.14620614 0.313111216 0.932445765
 452 -2.38089681 -0.924508452 0.116790235 -2.36378598
 453 1.32667494 -0.497907132 0.362342298 -0.292459577
 454 -5.21116108E-02 1.26854503 -0.459102213 0.827627599
 455 0.502792954 0.268363029 0.332368016 0.149930850
 456 -0.451269925 8.37556273E-02 -1.14941835 3.46027911E-02
 457 1.18949032 -1.63035977 0.447886020 1.06814957
 458 -0.753017426 -0.795998752 1.41151392 0.409218282
 459 0.434226424 0.690672874 -1.29142928 0.973485947
 460 0.374165833 1.05641747 0.224612743 -2.37051082
 461 0.991708994 -0.130633876 -0.275217444 0.434550047
 462 -0.146727607 0.211796671 0.958209395 0.315044433
 463 0.553122044 0.710712552 6.30032644E-02 0.108679458
 464 3.85615587 -1.06674826 -0.849850893 0.913919687
 465 -0.262736589 -0.442500263 0.367065072 0.365934938
 466 0.211417243 -3.07486653E-02 -0.818674505 -2.04285407
 467 0.811536729 -0.841455758 -0.597717643 -0.216115341
 468 -0.195719957 -0.275497496 -9.33827534E-02 -1.93333948
 469 9.92302597E-02 1.56615722 -0.817895770 1.35785103
 470 -4.28001285E-02 0.165024772 -1.00740790 0.440411806
 471 0.698564529 0.346914589 -1.06522107 -0.140754670
 472 -0.211863980 -0.599501491 1.24388719 -4.60030735E-02
 473 -0.655472398 -0.493095815 1.17208385 -0.239935726
 474 -0.284324914 0.569401979 -0.907006025 0.482980967
 475 0.788208306 0.403772116 -8.72078538E-03 0.460496426
 476 -2.62779474 -0.746708989 -0.199565858 -0.241851300
 477 -1.04421735 -1.76057911 -0.481979668 0.278091133
 478 -0.683937609 -0.235478148 -0.388167739 1.56364214
 479 0.252050012 -1.27465260 -1.27374578 -2.23538232
 480 1.61174190 2.93447971E-02 -0.677378535 -0.175246716
 481 0.420297086 8.34105313E-02 1.76278162 -1.67011285
 482 -1.28918278 0.913648665 0.228120327 0.507658839
 483 -0.443642706 -1.59993219 1.41839671 0.609029949
 484 -1.40076935 -0.173608735 -1.22935939 0.415633440
 485 -1.42849720 0.156278387 0.458263993 0.372552514
 486 -0.126424193 -0.985191345 1.06951833 0.393143475
 487 -0.491797328 0.446966708 1.33871472 0.665231705
 488 -0.405788720 1.69943738 -0.503169656 -0.143746346
 489 0.598511338 0.394319654 0.416325420 0.784724176
 490 -0.986676812 0.142403841 1.07049060 -2.07781720
 491 0.116945952 -0.309983432 0.244843662 0.432575703
 492 -0.411800623 0.936286807 -1.31041789 0.466888547
 493 0.318971336 2.47196779E-02 -0.902600884 0.546879530
 494 0.351883471 -0.894440055 1.05599248 0.541560650
 495 -2.58841515 0.204048723 0.141571939 -0.102055751
 496 -1.44087470 0.462053001 0.614443362 0.350788295
 497 -0.584399283 -0.194366053 2.03148055 0.860129237
 498 -1.28440797 -0.224242508 0.111748517 0.330664784
 499 -0.828425646 -1.07041919 1.68768954 1.14632559
 500 -0.405231714 -1.42005038 -0.331436187 -2.00002813
 501 -0.484064043 0.513301671 -0.963572741 0.210349545
 502 -0.307588935 -0.826522231 0.276779115 0.370619476
 503 -0.626389384 -2.55505991 2.20313191 0.666793108
 504 -0.809007049 -0.145608053 -4.09127027E-02 0.803851664
 505 3.43607759 -0.123299912 0.824959099 0.509361982
 506 -1.93007696 9.46294665E-02 -0.112876549 0.555293798
 507 -3.45553420E-02 -0.535711050 -0.442773730 0.321652204
 508 0.558146477 2.31099725 -0.342208952 0.285634220
 509 0.694508851 -0.115652293 -0.444128543 0.713923156
 510 -1.97161889 -0.241858199 0.229218304 -1.29972816
 511 0.719328225 -0.560991347 -0.370040715 0.681226730
 512 -0.543085098 -0.956722140 -1.34866238E-02 -1.63231182
 513 1.30266225 0.886587977 -0.732280433 -1.69636798
 514 -0.184431270 -1.06753612 0.173114300 -2.37694883
 515 0.152228236 1.22804749 0.153867707 0.765113175
 516 -0.564341247 -1.70460379 -0.327956021 0.172628492
 517 0.193705052 0.685807526 1.97883749 0.748670161
 518 -2.06155252 0.920590341 -2.96704841 -0.324387938
 519 1.85856295 -0.419138610 -0.575223327 0.624206305
 520 -1.35239434 -0.518345833 0.190325648 -0.618111193
 521 0.622378588 0.387744248 -2.74423742 8.78527462E-02
 522 -0.343071461 -1.95394862 1.04885650 -2.08093572
 523 2.16158772 1.03700876 0.877502561 0.523096800
 524 0.161954850 0.441240072 -1.72842729 -0.302814633
 525 -0.948628187 2.34934473 -0.853170812 0.164003268
 526 0.671041369 0.196158484 -0.318600416 0.576785922
 527 0.442466259 -2.19043636 1.89133906 -5.97091019E-02
 528 0.854915321 5.41088805E-02 -0.179894552 7.51273483E-02
 529 2.15835047 -0.358201683 -1.98098278 0.811218023
 530 1.37280810 -1.39549732 -1.24864173 0.935745001
 531 -1.00226438 -0.222870916 -0.250888795 -1.55581093
 532 -8.29778314E-02 4.34373394E-02 -3.37937325E-02 0.260415941
 533 0.974569082 -0.349207848 -0.437481046 0.941178799
 534 -0.530962348 0.446286649 -0.971515656 0.525137544
 535 -0.302065372 0.876372814 0.859995604 0.352800161
 536 0.718818963 -0.314664543 -1.33702409 1.55436993E-02
 537 -0.327472866 0.732075095 0.944284260 1.02055573
 538 -0.346998215 0.560353875 -0.375005752 0.422749341
 539 0.828531623 0.250249326 -1.65580511 -0.175530419
 540 0.184427649 -2.28072929 0.804912567 0.728903353
 541 0.495473444 -0.951442897 0.451530933 0.646629095
 542 0.376733303 0.301184982 -0.224602774 0.568516135
 543 1.95330918 -0.224032819 -0.680796146 1.13607204
 544 -0.828341424 -0.229453206 -0.416921437 0.283338726
 545 1.02960193 1.29312325 -0.272653222 -2.61285830
 546 -0.903297484 1.98450708 -0.660922587 0.344293088
 547 -2.22591972 -1.47437549 1.64531469 0.551155448
 548 -0.521491528 -0.415705472 -0.652763605 -0.414071739
 549 -0.617994726 1.18022382 -1.26342201 0.110134363
 550 -0.550622880 0.467648655 -0.989053726 -4.14786339E-02
 551 0.672422469 5.10367006E-02 0.628449082 6.80759698E-02
 552 2.00809956 0.180877447 -1.10061550 1.02432930
 553 1.40238273 0.452897549 -0.680568516 0.270771056
 554 -0.276613593 1.32224631 0.351362586 0.355717242
 555 -2.48102808 0.331120849 0.935786724 0.364572555
 556 0.266755134 -0.847009838 -1.68671906E-02 -0.342443764
 557 -1.03418624 -0.132314920 -1.79375696 0.316506594
 558 -0.869132817 -4.00154404E-02 0.542740226 -0.165454373
 559 0.284655750 -0.638839900 8.71980339E-02 0.440575331
 560 -0.457554162 -0.448690951 0.272295684 -0.242332250
 561 0.293111920 0.154203996 1.00029123 0.377224565
 562 -0.624420881 -0.239521652 -0.740964234 0.702058971
 563 0.673611104 1.32045102 -0.533825755 -0.405585289
 564 -1.00552249 0.155067891 2.75539421E-02 -0.411082864
 565 0.824949503 -1.51983166 0.574088931 0.631422818
 566 0.571988463 0.171163335 -0.983094573 -0.396604002
 567 0.736998677 1.40339303 -0.120894849 0.328823537
 568 1.96901810 0.880797327 0.164509088 0.803208470
 569 -1.09357369 -1.73872161 0.256239355 0.639280200
 570 2.01909161 -0.551591516 -1.67532682 -0.139078796
 571 0.811933279 0.165765092 -1.24725783 0.578525305
 572 -1.13310480 0.121916905 1.41339028 0.814027011
 573 -1.99427104 0.193611041 -1.13021052 -2.21335030
 574 -0.703957796 -2.60059498E-02 -0.461150765 0.520365715
 575 -6.19955212E-02 1.65335000 -1.20212138 -0.113143802
 576 2.48646760 0.117892683 1.17952573 0.369349867
 577 -1.63290560 -0.269759595 -8.85526016E-02 -0.190222979
 578 0.677295029 -1.10031307 -0.716004968 0.111494213
 579 -0.724736333 -1.73931515 -1.12320626 0.112018153
 580 0.830820203 -1.11871195 0.793162525 0.596268654
 581 0.724680603 -5.81454113E-03 -9.90783274E-02 -2.47178411
 582 -7.98972249E-02 1.90366280 0.417574733 -4.44462895E-03
 583 0.601737261 0.708879054 0.625663698 -1.44239593
 584 1.45743966 0.572238207 0.378417701 0.214987665
 585 0.959305167 1.67757893 -0.606420636 -0.322144449
 586 5.37465364E-02 1.75073254 1.37986040 0.374781013
 587 1.32905793 -7.35526532E-03 -1.38440263 0.711452544
 588 0.710910261 0.412871361 -0.523970127 0.432120323
 589 -0.735356390 -0.754773140 -0.354267955 1.02561975
 590 -0.625501752 -0.773735404 0.375389397 -0.139111176
 591 0.762430191 0.116491795 -0.197934404 -4.24474478E-04
 592 0.239034101 -0.561867297 0.854156494 0.461068898
 593 0.815768301 -6.60338998E-03 0.130830169 -0.266611218
 594 -0.528831005 -0.504955113 -0.520237029 -0.133642405
 595 -0.519106388 1.30653918 -0.327125907 0.545807302
 596 0.599996984 -1.10689127 0.409082830 -0.222433686
 597 0.849377275 -0.156029746 1.69574904 0.676939428
 598 -1.18036902 0.107267290 0.683999658 0.631543159
 599 -1.28011739 1.74254346 -1.93001890 -0.171877027
 600 -1.58243430 -0.652564168 -1.64068437 -2.28226852
 601 -4.99044433E-02 -0.281245232 -7.70266503E-02 -0.271078944
 602 1.02534974 0.105049863 -1.20865607 0.773493528
 603 0.919511735 -0.305716604 -0.568281233 0.774758756
 604 -1.50753975 1.02497292 1.46478546 0.194398254
 605 2.22464919 0.485450208 0.548393011 0.476614594
 606 -0.476432502 -9.93041396E-02 -5.17367721E-02 0.941049635
 607 4.40323465E-02 0.193944722 -0.175262809 -1.83618784
 608 -0.596228600 -0.414354026 0.129823402 0.442735136
 609 -2.08618879 0.705861449 0.777714729 0.307671309
 610 -1.95393980 0.500242174 1.11637926 0.177607983
 611 1.29377699 -1.14211321 -1.80377793 0.153372213
 612 -0.561864138 -1.25151145 -1.92685872E-02 -2.79201126
 613 0.804070950 -0.452674955 0.222125024 0.714082897
 614 -0.375693381 -2.80953646E-02 0.979948044 -2.44901443
 615 2.09505630 0.105212860 0.213337258 0.424531937
 616 -2.30685043 -0.970999002 -0.443069041 0.534579694
 617 -0.940205157 1.61247873 0.345686167 0.168384522
 618 0.751740813 -0.935548306 -1.34349239 -9.05696824E-02
 619 0.749651313 1.48533070 0.295376480 3.93769890E-02
 620 1.20415056 -0.780029714 0.394089997 0.927202940
 621 -0.122259572 0.111587778 1.05351913 0.397306353
 622 -6.16337825E-03 -7.91551918E-02 0.251520932 -4.09244746E-02
 623 -1.24427962 3.86638530E-02 1.27727854 0.681254745
 624 0.152316317 0.967989266 0.121662721 -3.90139595E-02
 625 -0.452625781 0.239399314 0.442032397 -2.89425254E-02
 626 1.07161319 -0.113011390 2.14879755E-02 0.464502215
 627 0.653106451 0.112027518 -0.264583975 -0.176590502
 628 4.11947593E-02 0.542931437 -0.596814394 0.306047469
 629 -0.273289710 -1.24502802 0.851272941 0.912990630
 630 -0.240872055 -0.336741507 -1.37166715 0.299200475
 631 0.238642007 1.69389200 0.368991554 0.196492791
 632 1.71315885 -0.747866273 -0.395015061 -1.61211824
 633 2.40624619 0.870383263 1.25491261 -0.137684345
 634 -0.933535695 1.68057990 -8.45010951E-02 3.66700888E-02
 635 -0.481129706 1.09868944 0.715849638 -0.389865935
 636 -0.701239228 -7.13774860E-02 -1.30113840 0.171348006
 637 1.03066158 2.31404138 -0.166389853 -1.84638798
 638 0.362167984 -0.661786139 0.260793954 1.05654109
 639 1.11520982 0.166456237 -0.444929242 0.285830498
 640 1.77054274 0.912370563 2.09138840E-02 -2.12699246
 641 0.590806723 1.03076625 -0.639443636 0.370251089
 642 -6.86839521E-02 -0.100719139 -0.734613240 1.10768545
 643 0.699366570 1.41362882 1.50744367 -0.128431946
 644 5.21370173E-02 -0.100816406 -0.982451618 -0.160289362
 645 -0.964786708 6.40201271E-02 -0.179609865 0.126713276
 646 0.139657065 0.527068913 -1.52463758 -7.17913955E-02
 647 0.779265285 0.706256449 5.81581965E-02 0.878310621
 648 -9.50272530E-02 -0.350309253 0.579619408 -0.281191140
 649 -0.418322146 2.52288961 -1.67779398 -4.26568222
 650 0.694933355 -0.507890463 -1.10704863 -1.86199951
 651 0.862389147 0.580821276 3.85773182E-03 -5.02758473E-03
 652 0.633979142 -1.63074994 7.87771195E-02 0.431693375
 653 -7.92203546E-02 0.828729033 -0.531681061 1.06446594E-02
 654 -0.920165300 -0.522090197 5.26369475E-02 -0.282096803
 655 -1.10754061 5.11272848E-02 -0.174845815 0.221134916
 656 0.327260792 0.114407688 -0.593221307 -1.95711434
 657 2.16906452 1.51690340 -1.20494914 0.839960098
 658 1.39467621 0.638056815 -1.25736713 -1.58731878
 659 -0.634201288 0.417820930 -1.04896712 1.10515559
 660 -0.140429124 -0.436676979 -0.921441078 -2.01911807
 661 -0.682449579 -0.419014722 -0.212532401 -2.03080940
 662 -0.227037624 -9.96382162E-02 2.13489199 0.709212780
 663 -0.261383742 0.273368418 -0.210275993 -0.391510904
 664 0.846569836 1.59883976 -5.60891032E-02 0.120766699
 665 0.835085869 -0.624909282 -0.279001623 0.373541713
 666 -0.136940166 0.514541388 3.92655656E-02 -0.135814577
 667 6.58920109E-02 8.41633156E-02 -0.430274904 1.10999727
 668 0.899112642 1.02998054 -1.63061643 0.194237366
 669 -0.283249527 -0.403766304 1.26376307 0.565973699
 670 1.16279268 -0.116913244 1.09616148 0.604929924
 671 0.421224087 -0.504254818 -1.25993145 1.02909505
 672 1.90178120 2.01585007 -1.40801311 0.335909069
 673 0.337714016 -1.09690094 -0.418470621 0.874315619
 674 0.467436761 0.786181808 2.34502316 -0.420341730
 675 -1.38985860 4.47569489E-02 -1.11495352 0.617417932
 676 0.434823334 1.02765787 0.668923616 -2.82657668E-02
 677 -2.12596941 -0.499929905 1.74163651 5.51884621E-02
 678 0.646028280 -0.729092836 0.116331875 0.495365888
 679 -1.28692973 -0.927933335 1.00739026 0.491997540
 680 0.464733183 0.745570421 0.334276021 -0.361230165
 681 -1.64713907 1.38059902 -2.30203056 7.30450451E-02
 682 -2.35229731 0.674817145 2.40138555 -0.290684044
 683 3.18781435E-02 0.850818038 0.659698606 8.34874809E-03
 684 0.104077756 1.33586037 -1.41254294 -2.35059929
 685 0.211285681 0.483039320 0.281084090 1.01049542
 686 -1.06918025 1.88805151 -0.476788253 -3.59230563E-02
 687 1.41529703 0.280419379 0.447333872 1.30612445
 688 -2.16649103 0.526287973 0.745407820 -0.265017509
 689 -0.417063296 0.931059778 -2.95759290E-02 0.206197932
 690 0.932533145 -0.545657814 -0.743838251 0.955685019
 691 1.49819660 0.800223231 1.64671338 0.181781590
 692 0.179692134 -0.887068212 0.231844515 7.30038583E-02
 693 2.32712403E-02 -0.710730791 -0.240123317 0.155308068
 694 0.150325075 -0.628894091 -0.216553450 0.688399315
 695 0.164784074 1.14916742 0.470520884 -0.186181903
 696 -0.508491993 1.69457662 -1.28774428 -0.658698797
 697 1.51603174 1.74282706 -0.593909383 1.09147036
 698 1.45935863E-02 -0.457496881 1.43087101 -9.63956714E-02
 699 0.844998896 -9.32829306E-02 -0.138936475 0.441964149
 700 0.982149184 -3.39806601E-02 -0.658175707 -0.178504258
 701 0.419705629 0.230940089 -0.920714855 1.04531240
 702 0.379876822 -1.10716629 -1.23844004 1.44054443E-02
 703 0.734344304 0.837768912 -3.91668007E-02 1.06979561
 704 1.69892752 1.63973498 0.429452777 3.41243297E-02
 705 0.279614329 0.722415686 -0.791871846 0.687881052
 706 0.236085266 -7.40491450E-02 -1.91270447 0.395769387
 707 0.478213668 0.406578273 0.921609282 0.344536811
 708 -0.758570611 0.397467285 -0.169755295 0.118161991
 709 1.58701670 -0.893581390 0.672820926 0.597160041
 710 1.95169818 0.343520880 1.01671374 0.292128891
 711 0.712477505 -0.156103566 -0.582402587 1.26152980
 712 0.563228369 0.508268952 0.345373273 -0.119773895
 713 0.952381372 1.08534253 0.194881231 -0.244342148
 714 -3.95582318E-02 -3.65200043E-02 -0.130395576 -0.419016421
 715 2.16641116 -0.559964776 -0.199742556 0.133038014
 716 -0.822269440 0.946890593 -0.735246658 0.239133358
 717 0.774152040 1.02989912 0.436913848 0.275938213
 718 0.208412111 -0.913753390 -0.270144314 0.528634310
 719 -0.602828979 -0.425040245 -0.785539508 0.466017544
 720 1.42623448 0.996191502 -1.57450986 -0.103464179
 721 -0.627006531 0.840005517 0.127426684 0.459229290
 722 5.17086834E-02 -1.25965464 -1.06790960 1.08452022
 723 -0.681576490 9.94923264E-02 -0.385937124 0.912659943
 724 1.24661124 0.285613298 1.10640228 0.422802091
 725 1.21591258 -0.495608896 -0.653206348 0.808494329
 726 1.30946159 0.409411490 -0.672695994 1.37436855
 727 0.159951732 -0.555995226 1.19826376 -0.122412719
 728 0.801663280 2.99856758 0.484692007 -4.71867472E-02
 729 0.286005050 1.01047254 0.538845301 -0.150612533
 730 -1.37100732 2.38346958 -0.973300874 0.289144844
 731 -0.444563806 1.15365338 2.19259429 0.961514115
 732 -0.509958982 1.74305046 1.06287348 -0.340573400
 733 -0.367107958 2.39561296 -0.792062521 -8.19832981E-02
 734 0.227913976 0.113711327 -0.709668398 0.147433236
 735 -1.20139742 -2.18980169 1.40594018 -0.146665305
 736 0.248264000 -0.467002511 -0.936119378 9.09009129E-02
 737 2.23436579E-02 0.732134819 -1.05292666 0.146439672
 738 0.299773097 0.713021517 -0.927391410 1.23570228
 739 1.34656370 -0.896977961 0.767564237 -1.04403543
 740 -0.991875410 2.29371563E-02 0.893258274 0.701917231
 741 -2.48609805 1.56047666 -1.21306193 -2.40442562
 742 -1.19612992 -1.53631425 -0.959156275 0.534563184
 743 1.43836546 -0.870707691 2.17185736 -1.91674817
 744 -1.30733800 -8.55361372E-02 -0.321042866 0.592313588
 745 -1.42575419 -0.603612363 0.619297922 0.657397985
 746 -0.309635520 1.79839170 -0.192364991 0.447638959
 747 0.417953670 -0.425000697 -0.873570740 -5.10258973E-02
 748 -3.22442031 -0.114200622 0.444552988 0.242392719
 749 -3.36927176E-03 0.212814316 -0.142627314 0.955899239
 750 1.62721109 0.560026407 -0.526421368 0.765507460
 751 -0.594684899 4.66191322E-02 0.309951454 -3.38752866E-02
 752 -0.913188457 0.277000904 0.500469387 0.892316759
 753 -8.13183337E-02 -0.764727533 -1.92853820 -1.92709088
 754 9.70661566E-02 1.35939598 -0.414130211 -0.126110673
 755 0.673131227 1.57889521 -1.40953052 -3.69698703E-02
 756 -1.67210698 -0.986221015 -1.12759805 0.561151922
 757 -1.65019882 -1.43493664 1.77325535 0.487652391
 758 1.19055021 -1.33808005 -0.296990216 0.812810898
 759 1.30970109 1.75250912 2.12297368 0.446674168
 760 -1.67523456 -0.275236785 -6.03856593E-02 0.133398160
 761 1.90227914 0.701519608 -1.74865162 1.54104829E-03
 762 -4.00836058E-02 -1.30766928 0.895976663 0.476045579
 763 -3.42984945E-02 -1.34888101 0.627448022 0.716861427
 764 0.541298985 0.253812522 9.34077799E-03 0.577242434
 765 0.185830086 0.115347221 -8.69927108E-02 0.919728935
 766 -0.712516844 -0.826872587 -0.818823516 1.63257873
 767 -0.882158875 0.346381903 0.384735942 0.123523653
 768 1.77550220 0.265340745 -1.08336496 0.266542047
 769 -1.44281650 0.246819437 1.58823216 0.302789867
 770 0.797414422 0.296123177 -0.111904591 6.10894114E-02
 771 -1.00484288 -0.527921140 1.22207260 0.370564640
 772 0.635476410 0.621698380 -0.529200613 1.11719298
 773 -1.22237444 -1.39174557 0.257062823 0.339216292
 774 1.37636554 -2.57275820 -0.657272577 -8.78860727E-02
 775 0.954564691 2.11005926 0.428223014 -0.427268684
 776 0.839834452 2.05298185 0.423082471 -0.197707564
 777 -0.912128329 -0.953612924 -0.173950493 0.597389340
 778 -8.15761015E-02 1.83279228 -0.712167442 -0.223031506
 779 -0.171273753 2.92624378 -0.325956553 0.118565127
 780 -0.987889707 -0.174298674 -0.682209373 0.384324789
 781 -0.372671306 -0.406776011 -0.308686763 -5.48174381E-02
 782 0.433154047 1.90746546 -0.811665833 -0.295312852
 783 1.03322685 0.698404372 0.634830356 0.809715033
 784 -0.510485053 -0.492607832 1.08098030 -1.01110876
 785 0.771965623 0.859270751 0.758649111 0.148963794
 786 -0.114999652 -0.638565838 0.308152378 0.323926896
 787 -0.506774724 0.673214555 1.05433512 0.730858088
 788 1.29058313 0.199875355 0.900875211 0.536091805
 789 0.995853662 -0.478187859 -6.64218217E-02 0.689017534
 790 0.523762524 -0.249381721 -5.14933206E-02 0.292609841
 791 0.118424825 -0.773014784 0.564189136 0.268763393
 792 0.548040926 -8.30196440E-02 -2.01801944 0.563589692
 793 0.406211317 0.181577221 -0.994481683 0.411602348
 794 0.732587695 2.55896151E-03 0.660864115 0.118885100
 795 -0.662399650 1.97978878 0.350625515 1.95675045E-02
 796 0.514199853 -0.523038626 1.11690307 0.129635632
 797 0.138572752 -1.60280395 1.13369811 0.396403015
 798 -0.907124579 -0.151208550 2.34019756 0.511993349
 799 0.398780048 1.30110359 -0.887393355 -0.257877588
 800 -0.722649455 1.17868352 0.555888891 4.36956882E-02
 801 -1.78949618 0.908271313 -0.220820069 0.325396925
 802 -0.997782469 -0.521638393 1.57693696 0.910855889
 803 -0.764219642 -1.22458935 0.710462511 -1.67700386
 804 1.31778514 0.299224287 -0.877228677 0.336586714
 805 -0.365168840 -0.146520525 1.38332975 1.13688052
 806 -1.90313792 0.938579023 0.490834683 -1.74766052
 807 0.302487522 0.924393177 -1.08839786 1.58849657E-02
 808 -0.717360973 0.289690554 -0.216708720 0.439571857
 809 -0.325983316 -0.787007451 -0.260511309 0.311141163
 810 0.468503565 0.178189784 4.54840884E-02 7.36199170E-02
 811 -9.87369940E-02 0.837536573 0.684584379 0.489230990
 812 -0.517621517 -1.24786341 0.273189187 -2.49285460
 813 -1.33605862 0.802492976 -9.88623649E-02 0.397628188
 814 -0.882446587 2.19067669 0.359628052 -0.214197546
 815 0.333512306 2.22188306 -0.344444633 0.416500092
 816 0.567447424 1.01730621 0.802097738 -0.112553522
 817 -0.400161564 0.549174011 5.52401394E-02 0.141137481
 818 -0.253990918 0.332098007 -1.17004025 0.442295611
 819 -1.25309253 -4.84256744E-02 0.300292760 0.134353071
 820 -0.719369769 -0.899322093 -0.785480022 0.296800792
 821 0.357243359 1.96641684 1.65230465 7.48337805E-02
 822 -0.114063725 0.414074361 -0.559841037 0.168901995
 823 0.148453772 0.115972638 1.17077434 1.02208686
 824 -1.91827714 9.06880796E-02 1.09486043 -7.87546039E-02
 825 5.70084862E-02 -0.244059563 0.632523060 0.763490081
 826 -1.23580790 0.381397396 0.712799549 0.511499166
 827 -0.897476673 -0.483471781 -2.24763298 -2.35860729
 828 -0.140423253 0.238774657 1.01394713 -0.207651317
 829 0.632327735 -0.792160690 -1.09107053 0.244590387
 830 0.289422393 -0.332710922 0.662058353 0.166769683
 831 0.360988021 0.713673770 -0.944157064 0.836850286
 832 -0.973711610 2.12751913 1.15165687 0.667105913
 833 1.04538858 0.881833673 0.698103786 5.75801283E-02
 834 0.740317464 1.07862699 0.502139091 -4.47824225E-02
 835 -9.03106928E-02 1.14190614 -0.370572239 -0.653337955
 836 1.59541953 1.16641879 1.09006619 0.129637256
 837 -1.15229309 0.476006389 1.71208823 -1.57381296E-02
 838 -0.436256617 -0.191425055 -0.371755064 -4.98402938E-02
 839 0.889261723 1.71920753 -1.15503430 0.163553089
 840 -0.670087337 0.640912831 0.752329111 0.548246026
 841 1.90849459 1.16143799 0.195897400 0.243443698
 842 -2.48540998 1.28556371 2.16850853 0.696067691
 843 -0.771894217 0.547111094 0.658705890 -0.388603926
 844 0.250371039 -0.530561090 8.64771754E-02 0.124041632
 845 -0.796791196 -0.637109637 1.09332573 0.941525221
 846 -0.918406427 -1.00883770 1.21403682 0.225393057
 847 -0.632614255 0.306596398 -0.574982405 -0.452068061
 848 -1.66519785 -0.786758780 -0.234012470 0.368485808
 849 -0.400468498 1.25674999 1.05383599 -2.43432403
 850 1.58119857 0.585184395 -0.622963965 0.261253595
 851 -2.02663875 -0.516728699 -0.558094382 -2.27531338
 852 1.22283900 0.930946946 -0.560146928 0.514084578
 853 -1.48719859 -0.334657580 -1.69008029 0.274210185
 854 -1.18190444 1.50566459 1.43667650 0.486177206
 855 -0.825586259 0.572381735 -2.01806545 0.508637130
 856 -1.40409541 -0.672011673 0.777943790 0.533578336
 857 0.921084940 1.47181535 1.86675024 -0.247104973
 858 -0.834672153 1.35140467 -1.44916940 -8.68976116E-04
 859 0.426945299 0.714216053 -3.10067683E-02 -1.15014464E-02
 860 -1.17012405 -0.109489799 0.247188404 0.237492964
 861 -2.27398086 1.73588705 0.123237632 -0.234978110
 862 0.148560628 -1.15862143 -1.02426255 0.717357099
 863 0.562531412 1.30252874 -0.710374355 0.563642621
 864 -0.271811932 0.839950323 -0.684745491 0.256417722
 865 1.44069886 0.272353411 -0.152728111 0.272211820
 866 -0.375899106 2.08054757 -0.355610549 0.653582752
 867 0.582208455 -0.162658364 -1.19161773 -7.87855387E-02
 868 -2.06387305 -0.553863168 -0.200356051 -5.52439094E-02
 869 -0.639124930 0.648733497 0.110152528 0.115044847
 870 -1.72942710 0.899398804 -0.217325091 -0.430792391
 871 2.03232026 2.01612663 -0.339106947 0.860244274
 872 -0.779495656 1.79542971 0.626990139 -4.12959754E-02
 873 -1.21893167 -0.449940830 -0.563957691 -2.27025032
 874 -0.561227798 1.62103450 -0.406858832 -2.24721837
 875 -1.38232052 -1.03532982 -0.330137640 6.47790730E-02
 876 0.553757906 0.440821439 -1.52369773 -0.171189740
 877 -0.371793628 0.130694374 1.04183972 8.48912150E-02
 878 0.338750005 -0.488293022 1.04301012 6.70832694E-02
 879 -0.432425290 0.905777156 -0.560611010 -1.77618042E-02
 880 2.37360930 0.354092598 -1.78902149 -0.138511583
 881 0.682206810 0.917606831 0.113272041 0.416919947
 882 0.806762993 -0.232849807 0.446012080 0.890063822
 883 -1.00237298 -0.375132859 -0.539698243 0.346952081
 884 1.51471090 0.479474694 -0.254356652 0.508343518
 885 -0.266274929 -2.01888275 0.987222731 3.26198339E-03
 886 -1.57919955 0.130109012 -0.322671533 1.18120575
 887 -2.21711040 0.565265179 0.411102951 0.499399781
 888 -0.606615007 -0.240140051 -0.108447343 0.547914684
 889 0.333542168 -5.51977754E-03 0.817308903 -0.187813759
 890 0.964125156 1.30797195 -0.407494545 0.173446581
 891 -0.327649802 0.642858386 0.610560358 0.313892573
 892 -0.711259246 -2.08341718 -0.253808111 0.720040023
 893 0.849960566 2.07028270 -0.361399293 -0.208355933
 894 1.94311690 -0.109810762 0.714901805 2.09928453E-02
 895 -1.95711076 -0.463334799 -0.358588368 0.811315358
 896 -0.667185605 -0.848667860 -0.608212531 0.539535761
 897 2.69956946 1.82867575 -0.925028682 0.308051914
 898 0.168910414 2.27805781 -1.13301051 -0.206222415
 899 0.770897865 1.86667311 -1.17810047 -0.115446821
 900 -0.908617675 0.750579178 0.243003041 0.441502184
 901 0.544421792 0.346922040 -0.430298030 -2.80782342
 902 2.08879948 -4.91980277E-02 -0.731611371 0.192018062
 903 0.759832263 0.398300737 -0.163424402 0.434835076
 904 -0.584360898 -1.32832837 1.53017986 0.794414461
 905 1.66318977 0.833817363 -1.84016478 -0.292879105
 906 0.931002021 -0.295990288 0.806526661 0.818657815
 907 -0.848326743 -1.36949539 1.87599349 0.232403591
 908 -0.141668737 1.48494875 -0.327519000 -2.96769217E-02
 909 2.63952470 0.150467515 -0.331778139 0.600990057
 910 -2.03827071 -0.957297564 -1.88135486E-02 -0.155806467
 911 1.75251317 1.85103285 -0.563196480 0.387255669
 912 0.720561624 -0.165499985 -0.992474973 0.135730982
 913 1.49967718 -2.32299399 0.498579621 0.787742138
 914 0.166078478 -0.384139508 -0.895255446 0.503724337
 915 0.373452932 0.595092535 -2.20392442 -0.179625481
 916 0.343981266 0.962079942 -1.65254760 -0.287596881
 917 -0.434879959 0.739614189 -0.607793570 -1.72136021
 918 1.26939905 0.644972563 0.760544479 -0.315478593
 919 0.534738362 1.42161882 -0.120449051 8.38936716E-02
 920 0.683585882 0.710504532 0.403596848 0.810490131
 921 -1.74165976 0.199940518 9.21855569E-02 2.51594931E-02
 922 1.30269420 2.13325787 -0.841182947 -4.25091237E-02
 923 -2.31236982 -0.996770501 -0.913820505 0.740047514
 924 -2.93198943 1.95407712 -0.871742010 0.492518961
 925 1.06445956 0.739022613 0.106313169 0.547465205
 926 0.523819447 -3.56700122E-02 -1.14922190 0.382397503
 927 0.535184503 0.874550343 -2.43435788 0.202780142
 928 1.41237795 4.68119383E-02 -0.273462206 -1.63636613
 929 -6.83838427E-02 0.761082530 -1.66250885 -0.123673245
 930 0.179544389 1.59174788 -0.348636776 1.15483999E-02
 931 -0.490225852 6.96234703E-02 1.33601952 0.219168276
 932 0.453799367 0.807138622 0.352209508 2.99804807E-02
 933 0.220690742 -0.134653002 0.580743909 0.687100649
 934 -2.43510365 0.475916207 1.32868063 0.164592862
 935 -0.469623238 -1.45469666 0.932575464 0.352249563
 936 -0.934919119 -2.22886729 1.17104554 0.354539931
 937 -1.93008733 1.78286755 -2.33999753 0.397599280
 938 1.53592038 -0.122817829 -1.24557734 0.132209420
 939 -0.778519452 -0.380836159 0.322346866 -5.05982041E-02
 940 0.594584942 3.06086850 -0.237791479 0.337085932
 941 -0.958235443 1.12137651 1.51246476 0.761732399
 942 2.46928000 1.28390002 -0.653400898 0.328768790
 943 0.640113533 -0.180077285 -0.110734612 0.195753947
 944 -0.135774329 0.681760907 0.605490983 0.511704206
 945 -0.169332981 0.896680474 8.73127505E-02 9.21150595E-02
 946 1.50732243 0.884108543 -1.64453113 0.578436255
 947 -0.360717952 0.819748640 0.906225801 0.376566648
 948 0.631165862 0.713367403 0.816835523 0.169075936
 949 9.24451202E-02 -4.18855250E-02 -2.04099727 1.25257075E-02
 950 -0.298771203 1.43204391 1.08804703 -0.250311583
 951 1.25980413 -0.287614197 -1.26864946 -2.28071237
 952 -0.830247760 -0.726553380 -0.502896309 0.347175479
 953 0.271222055 1.62503016 -0.481917143 -3.91287953E-02
 954 -3.16834998 2.43869591 1.09147263 0.469145358
 955 0.645661175 1.65084743 -8.84465873E-02 0.597739577
 956 -0.518023610 2.09378648 1.29001498 0.695328355
 957 -0.579584658 0.680549562 -1.04151475 -0.271883070
 958 0.430864811 -1.62646151 0.460164070 0.272693187
 959 0.817443848 0.262691647 -0.884946406 -0.255707651
 960 -0.858120799 -0.528834879 -6.68237805E-02 4.43706065E-02
 961 -0.141217172 1.50312281 0.334708571 0.710229218
 962 -6.36214539E-02 0.825064778 -1.15210772 0.567047000
 963 1.16104996 -1.50178516 -1.26438940 0.174826607
 964 -0.620245576 0.871452928 -0.495457679 0.113987178
 965 -2.25080347 1.93594158 3.02688777E-02 -0.798080325
 966 -0.467790425 1.91791773 1.67303622 -4.24707383E-02
 967 -1.01469541 -0.850059867 0.155521065 0.108930811
 968 0.839506149 0.552035511 -0.771468341 0.258202076
 969 -0.549327433 1.75099492 -1.37264943 0.371514320
 970 1.23573041 -0.666098237 0.764110923 0.210626662
 971 -0.430098683 0.177316487 -0.171927586 0.412966728
 972 -0.276545703 -0.524071455 -1.38600242 -6.58711791E-02
 973 0.504692078 0.342784852 -0.203869313 -0.206751838
 974 0.357161313 1.79910338 1.17069483E-03 0.524231791
 975 1.83281755 0.437633455 -1.92934358 7.76551217E-02
 976 -0.352210671 1.36334527 -0.568926156 -0.398793519
 977 1.45232427 4.41163629E-02 -1.27770150 0.922994018
 978 -1.79368329 -5.56453466E-02 0.437226295 0.638032556
 979 -1.11039567 -2.19466835E-02 -0.256289482 0.343786359
 980 -0.572683573 -0.321267009 -0.190698922 1.23336244
 981 -1.01219702 -6.08922988E-02 1.83599246 0.104808480
 982 1.26359594 0.504743397 -0.825769246 1.00065172
 983 0.987435222 1.85613263 0.837208688 1.33064711
 984 1.51629746E-03 1.04492068 1.66195083 0.341617644
 985 -0.104610980 -1.10765624 -0.449063003 0.459457576
 986 1.38058221 1.43290126 -0.943372786 0.991370440
 987 9.44852829E-03 2.18953395 1.37241030 -0.136103585
 988 1.25598741 -1.28008175 0.258900642 0.922481179
 989 -7.36666024E-02 1.32508814 -0.148424119 0.473365575
 990 -0.439512193 -1.69322503 -1.75618303 0.808034420
 991 -0.328830123 0.158312529 0.788697660 1.45855951
 992 0.378319889 0.732140183 -0.360354304 0.382055223
 993 2.60016465 0.229239672 -0.930700541 0.204747528
 994 0.170679569 1.42438364 -2.17196035 -1.91000664
 995 -0.873259544 2.34045005 0.596425474 -0.143099159
 996 1.52126801 2.20468998 -0.130181342 -0.420711637
 997 -0.538461149 -0.994591773 3.21569347 0.780821383
 998 1.51413119 0.269941717 -0.755502284 0.321740687
 999 -0.930836141 0.752597451 0.511461198 0.664635718
 1000 0.293613613 -0.220436037 -1.16204846 -0.355263621
 1001 -1.33096147 0.896745563 -0.813619912 -2.31643176
 1002 1.13926041 -0.160657465 0.563615322 5.94014078E-02
 1003 0.933306694 0.444248974 -0.302774906 -1.65596247
 1004 0.511576891 0.540360034 -0.789257467 1.22747028
 1005 1.77609432 0.966220260 -0.703931928 4.99527305E-02
 1006 -0.290150940 2.40507245 -1.75741613 0.154762387
 1007 0.931743145 -0.133298814 -1.01399207 0.151414409
 1008 5.00620790E-02 2.16452837 -1.12879848 -0.117660023
 1009 -1.59884739 -2.30943465 -1.69977403 0.205379426
 1010 0.622118771 -2.06045055 -0.457143128 -1.98141837
 1011 1.38592494 0.756976306 5.13733029E-02 0.142641947
 1012 0.876109362 -0.344560921 0.323794544 -0.272496164
 1013 1.35814440 0.872982144 -0.230724335 0.945683837
 1014 -0.572364569 1.49108350 -1.06504846 9.15664136E-02
 1015 0.423366010 -1.07005179 0.658216834 0.567211270
 1016 -0.580128670 0.704313815 1.15658271 0.628526270
 1017 8.05917084E-02 -0.203752205 0.129827261 5.38409948E-02
 1018 0.690118730 1.53721476 -0.601466537 0.492557466
 1019 -1.44824529 -0.418551952 -0.248608083 0.622191727
 1020 0.396637172 0.749834061 -1.06890750 -2.04962873
 1021 0.540573239 -1.54763401 0.510691047 0.928016841
 1022 1.15727460 0.429644942 -2.51900792 -0.688323677
 1023 0.274756312 -1.09099126 0.220053941 -0.155564994
 1024 0.586569428 0.286583811 -1.48970902 5.35110086E-02
 1025 -1.36057401 0.439332783 0.594681561 -0.226881802
 1026 1.92151260 -0.421182305 -1.36417198 0.317677021
 1027 -1.86649454 0.252156287 -1.13465583 -1.79460764
 1028 2.05920720 0.311100781 0.273407131 0.513078451
 1029 -1.05635345 -0.615197361 1.38404894 -4.10676152E-02
 1030 1.28613222 0.599714398 -2.44546247 1.02028739
 1031 -0.633217454 -0.863221228 1.03444004 0.346541494
 1032 1.19145513 -0.267151624 -1.33212149 0.328154057
 1033 -0.577339113 -1.97092068 -0.331829071 0.671084762
 1034 1.22674477 0.450772703 1.18180561 0.993349791
 1035 -1.57569873 0.327840984 -1.09471476 1.29471898
 1036 0.871276259 0.241604418 -1.04568446 0.746742666
 1037 -1.33580935 -3.42720449E-02 -2.41711736 1.11806238
 1038 1.66688132 1.24366152 0.987748682 0.747759402
 1039 -1.80730867 -0.357694179 -0.640252054 0.576221704
 1040 0.503568888 0.807691216 3.25811207E-02 0.140509441
 1041 -0.656339705 0.222480714 -0.148130730 1.21062291
 1042 -1.63041019 -0.525775671 0.141900688 1.03112221
 1043 -1.31127489 0.940297246 0.873197675 1.20624387
 1044 1.42152750 0.478504181 0.869501173 1.02030718
 1045 0.151604235 0.439521492 -0.303563952 0.744329631
 1046 -0.125696391 0.837556720 -1.28139591 0.767821252
 1047 0.504081964 2.01560926 -1.01449978 0.784251511
 1048 1.05382085 -0.919516027 -0.830525219 1.53062344
 1049 0.112310335 1.56868899 3.87954637E-02 0.640103042
 1050 0.166834831 -0.518540800 -3.59689556E-02 1.14470708
 1051 0.821349978 1.07788992 -0.478072643 0.140847400
 1052 -6.94426894E-03 0.727806032 3.45915779E-02 1.50905371
 1053 1.16453886 1.60207438 0.367550224 1.04147398
 1054 -1.92269385E-02 0.604607940 -0.380537987 0.872621357
 1055 0.563360631 0.350118935 1.54655683 1.26460147
 1056 1.93972504 0.558014631 1.22166276 0.493836224
 1057 1.33231592 0.313305378 1.56062710 1.43580568
 1058 -1.75432992 0.130774736 -1.04972124 1.32691586
 1059 -1.83162630 0.420777917 0.136368960 1.31869066
 1060 -1.03931606 1.65050840 1.85290122 1.05103588
 1061 1.65830016 0.545860708 0.845187783 1.14100873
 1062 0.247313172 0.868348897 0.117068172 0.515518188
 1063 5.44666350E-02 -0.404716134 -0.334442168 0.590873599
 1064 1.65247154 -0.404384971 1.14267540 0.721571743
 1065 0.110652804 0.908309817 -0.362352937 0.301003903
 1066 0.697755218 0.280526459 -1.01432610 1.07160556
 1067 -1.49101734 0.512480319 4.64539528E-02 1.52236629
 1068 -0.642852724 1.46828449 0.129244879 0.634119332
 1069 -0.385196835 0.345246494 1.48659539 0.679474354
 1070 1.19516015 1.71075583 -0.927401841 0.847685337
 1071 0.562728882 0.803011179 0.364496231 0.640603006
 1072 0.205958128 0.283327520 2.03740835 0.492218554
 1073 0.636967897 -1.24993002 -0.953422308 0.876973271
 1074 -0.349834085 0.871384919 -0.255060434 0.420451224
 1075 0.877273917 0.230103552 -0.286989629 1.51135802
 1076 0.449946523 -1.38354647 0.191800475 0.816217482
 1077 1.83792663 7.36914389E-03 -1.09254014 0.719717562
 1078 -1.50457883 -5.40407300E-02 1.26184106 0.284565836
 1079 9.29591954E-02 -0.917711496 0.263613671 -0.304176390
 1080 0.787548363 0.165515706 1.91109979 1.25944638
 1081 1.77986836 -1.17577761E-02 0.439207345 1.71279109
 1082 1.25309455 1.38911456E-02 0.305633366 1.03278017
 1083 -9.70244706E-02 1.23920846 -1.67377353 0.729279816
 1084 8.13334882E-02 0.203239068 -1.27998078 0.807949066
 1085 -0.338207185 0.106242627 -1.69804442 0.805514574
 1086 0.169684753 1.39225233 1.11502838 1.32570481
 1087 -1.70896745 0.674773395 0.120793298 0.370281398
 1088 -3.06043029E-02 9.59534273E-02 -0.972763717 8.96245390E-02
 1089 0.560952067 -0.794922709 -6.26278371E-02 0.763459861
 1090 0.211985663 -3.73338163E-02 -0.697000384 0.585704982
 1091 0.524248719 0.237917408 -1.23933971 1.19558716
 1092 -3.10625434E-02 -0.154982656 -1.01986349 1.45312333
 1093 1.38326561 -0.375709713 0.323938787 0.716826499
 1094 1.17281747 -0.708276629 -0.280614674 1.18411231
 1095 0.307465136 -0.849753380 -0.941386998 1.10259914
 1096 0.530603766 0.465587497 -1.22027373 0.530448198
 1097 0.468267471 -0.203404099 0.539878070 1.07198095
 1098 -1.16242266 -0.979720235 -1.15365446 0.994395137
 1099 0.125138387 0.165639207 -0.831755877 1.13499367
 1100 0.496656299 -0.695067763 -0.625485778 1.64550817
 1101 -6.37095720E-02 -0.515926421 0.377365947 1.09398735
 1102 0.289302647 1.00728798 0.411563009 0.308331460
 1103 0.757652104 0.123627365 -0.150257826 -1.27612484
 1104 2.19240785E-02 -1.68534887 -1.24584341 1.09933162
 1105 0.591449797 -0.315241635 -2.53773630E-02 1.98136163
 1106 -1.09584367 6.90589547E-02 -0.607679546 1.50376582
 1107 1.64441657 -9.39873159E-02 1.26668489 0.808464170
 1108 -0.871479511 -0.299503297 -0.481066436 2.10908890
 1109 -1.00006378 5.68296686E-02 -0.267083377 0.756607294
 1110 1.32605147 -0.276846051 -0.301832467 1.21181154
 1111 -7.50319660E-03 -0.358136952 -1.13589728 1.15062535
 1112 -0.418361992 -0.508353829 -0.310836792 1.78678727
 1113 1.07827520 0.637775660 0.311453432 0.629565597
 1114 0.962730646 0.333956987 1.18372834 1.69951379
 1115 7.95572996E-03 0.753324270 -1.76991844 1.64730203
 1116 -0.942294002 -0.189095408 -0.274267584 1.05408108
 1117 1.34551346 0.832351625 -5.11289015E-02 1.64129817
 1118 -0.119779572 -1.50372207 0.174633712 0.674187720
 1119 0.671311378 0.868385553 1.07598782 0.439235479
 1120 -0.922211468 1.40706348 0.319699496 0.937938213
 1121 1.07011175 -0.504132867 -0.349451065 1.03060341
 1122 0.271440923 0.990496576 -0.437688470 1.51165056
 1123 1.41048777 0.390426785 -0.523953199 1.67663479
 1124 2.12782526 0.436584651 -0.719363093 0.811323285
 1125 1.25724363 -0.716620386 -0.700086117 0.148315683
 1126 -0.831911922 -0.623984575 3.90518680E-02 1.45169246
 1127 -0.335305572 -1.89626443 0.951475680 1.02164161
 1128 0.788704932 0.531517267 -0.147768304 0.970539570
 1129 0.784910202 2.04462790 -0.213968933 0.493702829
 1130 1.58066308 0.274134547 -1.29389405 0.206048459
 1131 -0.213621080 2.71789655E-02 0.987999082 1.13306308
 1132 -0.794796348 0.816898823 -0.598410010 0.816924632
 1133 0.265150011 0.932965517 -0.380271167 0.219393611
 1134 0.280683875 0.300828397 0.492264867 1.17151451
 1135 3.49375606E-02 0.521488667 -2.36781263 0.691439629
 1136 0.372051686 1.26185310 0.882623434 0.775982022
 1137 -1.04946160 -0.344009876 0.327555180 0.702582061
 1138 -1.30605412 1.01177335 -1.36877954 1.01109862
 1139 -1.20227563 -2.10328245 -0.665097356 0.829918504
 1140 -0.416650236 -1.77830851 -0.666496515 -1.27301955
 1141 2.38001800 -0.902248144 0.725669384 -0.453792006
 1142 8.07472169E-02 -0.787963688 1.14783990 0.428424180
 1143 -1.47790885 -0.673147082 7.42737502E-02 -2.21448755
 1144 0.475131273 1.68693196E-02 1.82749367 -4.23821497
 1145 2.30826521 -0.343469322 0.652044773 1.32737255
 1146 0.865387440 -0.154358625 0.189407349 0.202113569
 1147 0.157993406 -1.40445447 0.471040428 0.349096060
 1148 0.643936753 -1.08633435 1.70941198 7.48020113E-02
 1149 -0.458481431 0.501613677 1.30750811 -1.97845960
 1150 -0.323950887 -1.05509388 1.37196732 0.121212319
 1151 -0.428251117 -0.862100363 3.94067913E-02 1.35859692
 1152 -1.42937350 -1.06769454 0.489489794 -0.378061831
 1153 -2.29415250 -0.594250023 -0.240919501 -0.124918610
 1154 0.898310423 -0.938794613 1.80499625 0.315050691
 1155 -0.965793371 0.792047739 2.20948267 -2.49554396
 1156 -0.356466293 -0.158098057 2.40499878 -1.56054783
 1157 -0.763913751 -0.523258209 1.20944595 -1.88044071
 1158 0.389480412 -1.11427808 2.32508826 0.231085479
 1159 -0.938924909 -2.47697711 1.68695760 0.787508130
 1160 0.651146591 -2.01851559 1.46876991 0.351508230
 1161 0.790506124 1.41459227 1.51240635 -0.937366307
 1162 0.315378845 -0.878590822 1.54446173 -0.123783246
 1163 0.997323096 -0.364225507 -0.962939799 1.12473071E-02
 1164 -0.259221137 -0.314639747 -0.225811809 0.778129756
 1165 -3.16254273E-02 -1.76053524 2.34201574 0.576778412
 1166 -1.16622877 -1.26343882 0.719235122 -2.14354515
 1167 -0.260684133 -0.790684938 -0.202978849 0.140469551
 1168 -0.123541921 -1.21333003 0.537577391 0.927256525
 1169 -0.825980961 1.22623205 1.36549520 0.519328237
 1170 0.805172443 0.704122245 2.24723125 -4.11716223
 1171 -0.101728901 -1.08572233 2.07995749 -2.98247504
 1172 0.337760389 -0.455622554 -0.883233368 0.449388236
 1173 -0.622113645 -2.73140669E-02 1.31595111 -1.34601498
 1174 -0.466981888 -2.37256885 0.559667766 1.27515721
 1175 0.194838360 0.141656250 2.06585550 -2.13925695
 1176 -1.39776886 -2.28742361 -1.03822422 0.235164225
 1177 1.61197174 -0.508868456 0.940522552 0.247456804
 1178 -1.43443823 -1.23490965 0.877299547 -2.03065562
 1179 -0.382448107 -0.479066789 2.01054358 -0.214949965
 1180 0.518626690 -0.411110818 1.04032671 0.650230229
 1181 -0.152907759 -0.940838158 0.736729980 0.642068923
 1182 -0.391476184 -1.06459081 0.712511599 0.477398515
 1183 0.261957049 -1.27540326 1.57903886 -6.22942299E-03
 1184 1.13372731 -1.22300637 -0.397265255 0.663661957
 1185 -2.18202615 -1.35641873 -0.168534309 0.670444787
 1186 1.35343874 -0.959441364 2.22570229 1.00148606
 1187 -0.534644961 -1.18893337 0.992788672 0.335071146
 1188 -9.89844501E-02 -0.479804516 0.326151848 -4.46123028
 1189 0.802070498 -1.26324558 1.71336257 1.13463676
 1190 0.882983625 0.159237608 2.45595407 0.759567618
 1191 0.934056222 0.906966269 1.30132902 0.554199874
 1192 -0.905685961 -1.18698585 -0.114966877 -1.91321516
 1193 -1.73935866 -2.01700258 0.752363861 0.315382719
 1194 -1.43058300 0.334725022 -0.723991513 6.88894093E-03
 1195 0.126278967 -0.774914622 0.690671444 0.211161077
 1196 5.41502237E-02 -1.10615396 1.85059571 0.338569283
 1197 -0.212396324 -0.467298388 -1.20809448 8.40459317E-02
 1198 0.273319840 0.538007975 1.59473610 8.29474628E-02
 1199 -0.110400423 -2.43889801E-02 2.51293349 -2.49550486
 1200 1.30425608 -1.28391814 1.16108108 -7.70221055E-02
 1201 0.744942367 -1.71814060 1.13362598 0.142014295
 1202 -0.444391638 -1.95658755 -1.48070621 -0.371664822
 1203 -0.272057593 -3.76762636E-02 -1.61215270 -2.36681128
 1204 -2.52490342E-02 -1.98794436 1.79694366 0.800662339
 1205 -1.49906921 -0.622295141 -2.66101623 -0.337049127
 1206 -0.571236968 0.360369146 0.388646662 0.504658163
 1207 -0.832244277 -9.18923914E-02 0.496502817 0.754553199
 1208 1.18939233 -0.598369122 1.81886792 0.929555476
 1209 -0.266553283 0.436595976 1.54854226 -2.48731065
 1210 2.21241951 -0.459015369 3.24271989 0.648314238
 1211 0.621014178 -1.42948699 1.59199822 -2.38448605E-02
 1212 0.663262248 -2.26078367 0.823458433 1.07896495
 1213 0.580336571 -1.33275735 0.412974775 0.627565742
 1214 1.72793865E-02 -0.637602627 -0.143197775 -0.247398257
 1215 -1.22734058 -0.603872418 1.54601169 0.516752660
 1216 -0.617100537 -0.580144346 -0.954224646 -0.227375686
 1217 1.95651186 0.842247486 2.76439524 -0.899734974
 1218 -0.753897667 -8.89579877E-02 1.71124542 0.123269260
 1219 0.748680890 -0.150996029 1.96400690 -1.93160474
 1220 -0.673614979 -0.896043897 2.05730772 0.703893900
 1221 -0.480833322 -0.821363628 3.27983832 -2.38761234
 1222 -1.50022686 -0.935924709 0.889557004 0.393110573
 1223 1.81841743 0.201182425 1.33423209 0.608948290
 1224 0.862644255 -0.423632681 2.34270000 -2.48148775
 1225 -0.387158483 -0.359083533 1.15426040 -0.239584625
 1226 -1.23332143 -1.49825418 1.17074692 0.295095980
 1227 -0.297965080 -2.67084908 -0.134367317 0.382101178
 1228 1.14480186 -7.77196884E-03 2.10124826 -1.99311388
 1229 -0.360219717 -0.476546973 1.67063880 0.553787112
 1230 -0.277478904 -2.01203632 1.30452883 8.34813267E-02
 1231 -1.85651708 -1.66471446 0.210546494 -0.296176434
 1232 -0.807499647 -2.76414299 0.309197545 0.337870687
 1233 -6.40694946E-02 -2.14111209 1.46743703 -2.12423968
 1234 -1.48242640 0.303314149 0.135272563 -2.24993610
 1235 -0.313747108 -1.70327663 1.82498693 0.688697577
 1236 5.44237494E-02 -2.67189908 1.14163315 3.66978645E-02
 1237 -0.422553897 -1.34641361 0.159042403 -7.37479031E-02
 1238 0.280551195 -1.23935640 1.39662862 -0.947250962
 1239 0.879078746 -0.366209060 0.827022910 0.385238260
 1240 -1.24860108 -1.90285468 -0.119078368 0.196206480
 1241 -0.994576335 -1.33088279 2.63654399 -5.90135232E-02
 1242 0.436954230 -1.75128508 0.720757961 -1.40891480
 1243 -2.15141320 -0.863642812 1.36678910 0.190331459
 1244 1.46858370 -0.279147893 1.64439547 -1.53747320
 1245 0.462233901 -2.59298563 -0.589704156 -0.114565387
 1246 -0.420739770 -1.88205314 0.395828098 0.149860308
 1247 -1.97330618 -1.29452348 1.07485163 -0.399009764
 1248 -1.33376145 -1.81573725 1.15596557 -0.405859649
 1249 0.751792133 -0.489365518 2.26975441 0.742923260
 1250 0.685268581 -0.757162452 1.75903583 -1.30086124
 1251 1.02869153 -0.545596719 0.799494386 -4.56912422
 1252 0.718198895 6.43919706E-02 0.919551969 -1.55029368
 1253 -1.77542210 0.164279595 0.463022113 -1.56319618
 1254 -0.708576024 2.68957317E-02 0.755713642 -2.69215035
 1255 -1.53926229 -2.11950254 0.268970013 -0.164505064
 1256 5.89653850E-03 -1.77689838 0.696602643 0.273167461
 1257 9.32964087E-02 -1.45461833 1.06926739 0.440631628
 1258 -0.718450665 -1.29259515 0.597581327 0.987879992
 1259 8.23301971E-02 -1.21062911 1.01532733 1.07497537
 1260 -1.13860786 -1.74261296 2.59758496 0.303579092
 1261 0.378338337 -0.951195121 -0.511994064 -0.295777082
 1262 -1.14729178 -0.672401488 -1.09783912 -0.103778601
 1263 -0.320818663 -0.991157532 1.94900572 0.301841050
 1264 0.590155661 -0.305402368 1.45414817 0.761676252
 1265 -1.93570685 -2.50883603 1.96108246 5.68855405E-02
 1266 -0.974303603 -0.556433320 2.07281566 0.333330929
 1267 -0.196818113 -1.49486470 -7.67374933E-02 -0.129442185
 1268 -0.215697378 -2.40491390 2.58904648 0.541173875
 1269 -1.64374208 -0.170791626 1.17820787 -1.69626248
 1270 -0.732976317 -0.561421752 2.42777324 -1.97762108
 1271 -0.364488244 -1.63485301 2.50193071 -0.917505682
 1272 -1.75587213 -1.29390621 1.39799726 0.979931533
 1273 -1.18256664 -2.01580811 -0.827084780 0.358184457
 1274 -1.03390515 -2.11425829 1.44002247 0.480270982
 1275 0.789569736 0.391654730 1.59338331 -1.45348632
 1276 0.841081023 -1.47831917 -0.282643020 -0.137387916
 1277 -0.116517320 -1.30935121 1.47166789 0.163900390
 1278 -0.643221140 -0.254874766 1.08858597 0.152889475
 1279 0.826893926 -1.16427481 0.622506797 -0.366677701
 1280 -1.22146297 -0.951343238 1.08892965 0.325566739
 1281 1.59094346 -0.407592475 0.385725498 1.06184804
 1282 0.692333102 -0.562671065 1.46089768 0.643447578
 1283 -1.47401559 -2.04215646 2.49870872 4.68764901E-02
 1284 0.943228006 -1.70281219 3.11552024 0.892987490
 1285 0.712592840 -8.65026638E-02 1.03801274 0.714082181
