 1 0.504286587 1.11467302 0.323299587 -0.340256631
 2 -0.841281533 -1.49227786 -0.711506248 0.416702360
 3 1.12873399 -1.65357459 -0.973125577 -1.31233954
 4 -2.41730571 0.661341667 0.605136871 0.979135871
 5 -0.917505920 -4.21731323E-02 1.95901501 -1.26127231
 6 -0.824092507 0.919702768 1.13278079 -0.728780806
 7 0.978945553 1.54994929 0.400857419 -1.93621039
 8 -1.98409820 -0.842057168 1.13575101 0.682066917
 9 0.445708752 1.29971874 -0.408195585 0.616200030
 10 -1.02990270 0.299610972 -0.279617548 -0.983797431
 11 -1.93887889 -0.406319559 1.48914087 1.06015193
 12 -1.89125550 -0.236868709 0.823498249 0.473440677
 13 -0.803031385 0.247986197 -0.195501268 5.30703999E-02
 14 0.322297126 2.18094897 0.476425439 -0.327338338
 15 -0.387867093 -0.982073307 2.02281189 1.13750100
 16 -1.27642059 0.325614572 2.50721073 -1.11391866
 17 -1.06435275 3.40517610E-03 2.42042565 6.62263185E-02
 18 -0.659484506 0.824949980 -0.344314814 -0.101655237
 19 -1.70564902 -4.08773050E-02 0.258269578 0.183749348
 20 0.468120635 1.38695300 -7.83846676E-02 -0.884010911
 21 -1.10877573 -3.35333869E-02 0.474016845 0.634791374
 22 -0.986234128 -0.723941565 0.137238517 -2.42524892E-02
 23 -0.708934724 4.85117435E-02 1.74477494 -0.459458381
 24 0.742417812 1.11074400 -1.16470242 2.64953971E-02
 25 -1.58899713 1.29088092 2.49267316 -5.16676307E-02
 26 -0.344121099 0.920132399 -1.83909869 -1.79079318
 27 -0.997644186 -2.33331561 2.22017002 -0.317026585
 28 -0.114578985 -0.183286890 7.74236023E-02 -0.629946291
 29 0.819307625 1.03054750 -0.808849394 -0.729585528
 30 -0.400140166 -1.06479502 -1.19621277 0.660667300
 31 6.93237707E-02 -1.17500663 -6.53404295E-02 -0.295322150
 32 -0.399793029 -0.519706249 -0.107838027 1.32236767
 33 -0.564421773 -1.37936580 0.489650249 0.575390935
 34 -0.416619748 -0.651761115 -0.551461637 0.929545760
 35 0.128257811 0.841690600 -0.867158890 -0.477552801
 36 1.80979204 -0.816943705 1.40878296 0.437622428
 37 6.17715716E-02 -0.451801986 1.63294697 1.37095356
 38 1.64093602 0.322450429 1.32841551 -2.35412478
 39 1.68284655 0.332652539 0.919433951 0.492816240
 40 -1.29754996 1.04467058 0.153988793 1.49466360
 41 0.893889010 1.41572618 0.932271063 -1.50622547
 42 1.65406108 -0.546912134 3.62172239E-02 -1.17296028
 43 0.198881984 1.88157463 -0.223848090 -0.500636220
 44 -0.181621909 -1.70018482 0.736907244 0.228771478
 45 -4.32502329E-02 -0.819935441 0.147520527 0.921095729
 46 1.62502325 -4.90169078E-02 0.446466982 1.13567859E-02
 47 0.123749547 -0.809665263 0.702055931 -1.23605406
 48 0.159775600 1.85427153 0.268480837 -0.540813029
 49 1.42778826 -0.497643888 0.322083712 0.455870837
 50 -1.26221824 0.312330246 2.10974169 -0.885016978
 51 0.625870824 -0.108925939 1.69440687 0.680381775
 52 0.685117662 0.385000408 0.880286932 1.17384422
 53 0.409276932 -8.22401047E-02 0.570863605 -1.31953335
 54 -0.716113150 0.389120847 -1.01605058 -0.780072629
 55 -0.876104534 -1.25738657 1.43627465 -0.201706275
 56 -0.721670210 0.519604087 -1.98655581 6.21622130E-02
 57 -1.18848681E-02 0.767114758 -0.253599674 6.00086227E-02
 58 -0.943812907 -0.841045380 0.138453305 0.479419917
 59 -0.227029294 -0.499955773 0.212745517 -2.37910557
 60 -0.726052821 0.867462575 -1.52289736 -1.12699068
 61 2.01990223 -0.419755220 1.10950446 -1.76765680
 62 -0.994720101 -7.42834955E-02 -1.75702906 5.47414795E-02
 63 0.483546257 -4.73164022E-02 -0.305073440 0.172838882
 64 -0.629268765 0.217340976 1.74217486 -1.01163089
 65 0.875602305 -1.45079708 0.997078717 0.735248208
 66 0.669038773 0.308204263 0.509786963 -0.357661098
 67 -1.38226509 0.781873226 -1.07295763 -1.05452001
 68 0.468086898 -0.349650443 0.517266631 0.695186019
 69 -0.160272434 -0.157577723 1.14893019 0.532946825
 70 2.46754861 -0.219342217 1.08049643 0.616157830
 71 0.930623770 -1.13536024 -0.550611615 0.827838063
 72 -1.13628685 -0.268987983 0.625045300 0.419341564
 73 0.535393894 1.02280998 -0.646964788 0.770618677
 74 -0.819537818 -0.361299366 -1.48494244 -0.246827021
 75 -1.92063773 0.734466970 0.445161998 -1.99211323
 76 -0.615507007 0.140863657 -0.338599682 -2.16767645
 77 -0.720560670 -0.504072309 0.427444756 0.177354962
 78 0.438541532 -1.38520801 0.317503601 0.607234001
 79 -1.87427551E-02 -1.23974574 -0.777851641 -1.19442964
 80 -2.36182666 1.36953354 0.817099035 1.15312421
 81 0.187139139 -0.788307905 -0.246579587 0.435251176
 82 -1.41971064 0.469463915 -0.139102995 -1.05267966
 83 0.352084577 1.57863522 1.33343887 0.123208851
 84 1.45705473 0.785115361 -0.963478804 0.375848651
 85 1.34939194 -0.291040838 0.254368424 0.216822118
 86 0.795948446 -1.01934361 0.983478785 1.01388371
 87 -2.41876435 0.623747885 0.549021304 0.677872777
 88 1.16863513 0.489072084 1.29015410 0.739229321
 89 1.29052174 0.522099912 1.96728396 0.912646174
 90 -0.697862029 1.30341899 -1.12417245 -0.429327130
 91 0.251615286 0.247472495 -0.563108146 0.565902650
 92 -0.378857851 -0.334195435 2.74949819E-02 0.677944601
 93 1.75662541 -0.912419260 -1.17035663 0.498072565
 94 -4.20736223E-02 0.102787822 -1.13889408 -4.43197787E-03
 95 -0.102480128 1.19473779 0.422656536 0.998301446
 96 -0.569621146 0.676024139 -1.40490413 1.51811182
 97 0.248974934 -8.97953436E-02 -0.981003106 0.366451442
 98 -0.641115248 -1.34277141 -0.138973430 0.357591450
 99 -1.34293187 0.637537360 -0.377670050 -2.01505199E-02
 100 1.14924073 -0.140434176 -1.15106404 -0.782598794
 101 0.388665736 1.02318096 -0.432774365 0.534192562
 102 1.61724806 -1.56702423 -0.611048937 -1.82244813
 103 0.555029333 -0.134155586 1.35576677 1.11238921
 104 -0.486256957 2.00448465 9.10618454E-02 0.700117230
 105 0.298972934 0.903013349 0.254989058 -1.60059226
 106 -0.751087010 -1.23745739 -0.281518012 -7.47902691E-02
 107 -0.679521143 0.576156437 -0.476209462 -0.394442946
 108 -1.13494349 1.65116966 -0.821020007 -0.564491451
 109 -0.123186164 7.25252032E-02 0.108105339 1.29525423
 110 1.07347834 0.961239755 0.495525479 1.33514035
 111 -0.632039249 -0.819909334 -0.315230429 -0.322391540
 112 0.452607810 1.32804644 -0.946084261 0.199064329
 113 -1.03044057 -0.248518884 0.336786956 2.01762509
 114 -1.51865041 0.365398973 0.320634663 -0.786628306
 115 0.410412341 -0.985135496 1.41413963 8.19788128E-03
 116 1.67810583 1.56551957 1.42415631 0.197595030
 117 0.743383944 0.880058408 2.54616666 -0.170498788
 118 -0.688073575 -0.337053895 -0.207924396 -1.42608333
 119 -0.118621156 -1.04068470 0.321476161 1.38939893
 120 0.256361872 8.03949982E-02 0.559109092 0.941037536
 121 1.20457053 -0.257660151 -1.32959914 1.11253321
 122 1.37674832 0.756098747 0.269691408 0.956425607
 123 -0.461721122 0.407834500 -0.327321053 0.979237556
 124 -1.93523920 -0.307542145 -0.698856652 -0.512188554
 125 0.683523536 0.704321504 1.59458303 -1.05981398
 126 0.973855376 0.470516860 -0.897105992 -0.382175893
 127 0.241994917 0.557675004 -0.243577600 -1.13595426
 128 -0.402181715 1.02771795 0.111378655 0.605183423
 129 1.35289419 0.568684876 -0.806816578 -0.776044369
 130 0.590327322 -1.38445878 -3.29946280E-02 8.80351663E-02
 131 7.17483014E-02 1.45874262 -0.779236913 -0.574266195
 132 -0.730733156 -0.664840043 1.49759769 -0.549072862
 133 -9.78570506E-02 0.207321405 0.841126859 0.433442771
 134 0.824357510 0.468551338 0.304587841 0.566210568
 135 0.342169076 -1.92032456E-02 0.923424602 -0.971972108
 136 -1.08031440 -0.848644376 0.324037224 5.80237135E-02
 137 0.925557613 -0.673926115 0.377585262 -0.612024784
 138 -0.292519063 1.29975939 -0.699134231 -0.376140863
 139 -0.339831322 -1.43912649 0.784025252 1.06282699
 140 1.23300397 -0.259639502 0.548668325 1.03168344
 141 -0.628217518 -7.93758035E-02 0.158976167 -2.26994395
 142 -2.85347700E-02 -0.450629771 4.80557531E-02 -2.12035131
 143 2.50647545 -1.56199491 0.160609260 1.99002481
 144 -4.04267609E-02 -0.797784925 -0.206051305 6.96673691E-02
 145 -1.48046184 -0.265440404 -1.27333510 -0.605086327
 146 0.487589926 1.41969788 -0.187670484 -1.67088330
 147 0.186259106 -0.508087575 1.06235158 -1.08371389
 148 0.948710561 -7.33020157E-02 -2.34547949 -1.71878040
 149 0.568163574 -0.578430831 -1.09047222 9.12108421E-02
 150 2.34167409 -0.309088737 1.19833672 -0.518046200
 151 -0.293840110 1.19201601 0.870110273 9.79624093E-02
 152 0.508019805 -0.460379243 1.58851552 -0.469349384
 153 0.638112307 -0.828477919 0.321134269 -1.23069179
 154 0.815262258 1.58042836 -1.14813924 0.198563904
 155 0.333817959 -0.573727548 1.10364938 -1.41752100
 156 0.495189190 1.73188329 1.00633144 0.348924220
 157 -0.462863594 -0.372204840 0.509064198 1.03365636
 158 -0.781647444 -0.135696992 1.71453714 0.207719237
 159 1.00934434 -0.613693237 -0.507778823 -2.22744048E-03
 160 0.408994347 -0.358219743 1.16247797 0.173174113
 161 0.211652339 1.10794580 0.911684513 1.89293599
 162 0.379255056 -0.209348887 1.24850124E-03 0.890815556
 163 -0.834541082 0.228160694 -1.43292546E-03 -0.151918232
 164 -8.38376135E-02 -0.970783353 -0.317001373 1.28883934
 165 -0.798503518 2.97751260 0.824011505 -0.861642122
 166 -0.513452947 -0.296914697 2.93960720E-02 0.299236774
 167 0.558654249 -1.54980302 1.02216452E-02 1.75530767
 168 -0.191032276 0.998454511 0.460962802 -2.50278139
 169 0.835316479 -0.321330190 0.723219037 -0.163135365
 170 -0.582632482 -0.547831297 1.31528521 1.22352660
 171 -1.30835938 -0.645210624 1.39376342 1.44668794
 172 0.208395541 -0.606555641 0.275318980 1.51017189
 173 1.19473016 -0.462130815 0.569943070 -0.534173787
 174 1.21010709 1.72407353 -0.115301177 1.58239686
 175 -0.681394696 -9.05200839E-02 -0.470872641 0.726978421
 176 -0.712021589 0.776170015 -0.810574174 -1.34275866
 177 0.122482225 0.696534693 1.72676802 0.966318190
 178 -1.15606928 -1.08604777 1.18889689 -6.34896383E-02
 179 1.52737951 0.277529061 3.19103003 1.04034209
 180 -0.743132889 -1.39308262 0.323192418 0.345984906
 181 -8.45552087E-02 -0.744547665 -0.523824573 -1.05259335
 182 0.154303312 1.35874915 1.10590124 -0.262277871
 183 -0.122907713 3.00570875E-02 -0.266491383 1.17599463
 184 1.17987013 -1.66280735 -0.441552490 0.225087196
 185 -2.15985036 1.35659266 0.129511565 1.20684242
 186 -1.20755911 -0.602103889 2.94908690 0.844341278
 187 -1.12805784 -1.23473477 0.243508518 -0.535147667
 188 0.784435630 3.40951979E-02 1.66900563 -0.407308102
 189 -1.63364267 5.21762669E-02 -0.341050029 1.10898221
 190 0.341098011 0.751989961 1.17297375 -1.36388168E-02
 191 -1.35992885 -0.418165624 -1.60406530 1.44933963
 192 -0.857116044 -0.789008260 -1.50357592 0.733443260
 193 -1.01239145 -0.186486125 0.204808056 -0.309217691
 194 8.31577927E-02 -0.749004960 3.19735669E-02 -1.59752464
 195 -2.34734118E-02 0.527177811 -1.14360428 0.938378155
 196 -1.13375783 7.51750767E-02 0.136034846 -0.872283995
 197 -1.31139028 1.42306542 1.01016903 -0.646080792
 198 -2.52460885 1.17731893 1.25140691 -1.07400656
 199 2.10738778 -8.48257542E-03 1.22091174 -0.459893912
 200 0.490916014 0.251871169 1.25870359 0.270918906
 201 0.944781303 -0.833855629 0.618551731 -2.03419304
 202 -1.48748052 0.705751956 -0.681617498 -0.493018150
 203 -0.505241573 1.59713197 -0.421489477 -0.657541871
 204 0.303748190 -1.48315167 -0.938377082 1.15708363
 205 0.170768246 1.42702341 -1.02900505 -1.27808273
 206 -1.00616539 1.03165483 1.25124383 -4.96633053E-02
 207 1.76559067 0.181578323 0.285456657 0.825063646
 208 1.29428101 -1.53856194 0.174708515 -3.04616839E-02
 209 -0.377277493 -0.194360986 -1.07096875 -0.372231275
 210 0.510452390 -0.660324156 -0.663285255 0.681840897
 211 0.853749990 -0.938536286 0.547245860 1.52700782
 212 0.343158931 -1.49858069 0.915092468 -1.11005294
 213 -2.71600187E-02 -0.248267472 -0.594443679 -0.608444452
 214 0.926668584 -0.182893425 0.906729460 1.42349017
 215 1.84798229 1.15652835 -0.103746653 -0.839889765
 216 -0.186168551 0.964612246 0.471632183 0.655563116
 217 0.903640747 -0.242328197 1.04185069 -0.465977430
 218 0.425325245 2.42829299 1.13967085 0.458757669
 219 1.61100900 0.301398456 4.71323431E-02 1.96774900E-02
 220 0.381396174 -1.23622131 -0.807279050 0.737077653
 221 1.06423581 -1.41148865 -0.400464535 6.34807348E-02
 222 0.609681189 -1.47694349 -1.23037434 -6.47365153E-02
 223 0.478201598 0.465667635 1.14466643 1.35983920
 224 1.53173137 0.847957790 0.227545530 1.61506140
 225 -1.94526899 1.26768351 0.471140563 -1.31104398
 226 0.185132965 -1.30365026 -0.315614849 0.258186519
 227 0.891607285 -1.01605284 -0.288519859 -1.06865716
 228 -1.37024652E-02 0.151071519 -0.401397943 -0.349361837
 229 1.66258097 -0.867085576 -0.322418481 -1.19872999
 230 5.40884510E-02 -0.132637665 -0.964153647 -0.300108701
 231 1.10803962 0.206557468 -1.12695551 0.267089099
 232 0.929566205 0.816527486 -0.682083607 0.109215230
 233 1.91579676 0.886231303 -0.960685909 1.40794086
 234 0.628764451 1.02568889 -0.175458074 0.671910346
 235 -9.02625620E-02 -0.910354137 1.64805353 0.593269527
 236 0.553905964 -0.542545676 1.42896175E-02 0.799005032
 237 -0.433685929 0.397954404 1.24032092 -0.855150223
 238 -0.795556068 1.80773902 0.710858107 0.146154135
 239 0.487515479 5.22787869E-03 -1.17617059 1.16390598
 240 2.07452583 -1.23545730 -2.16580391 1.07444394
 241 0.577241540 -0.732425809 0.756520748 -0.114708304
 242 0.321350068 -0.154037043 1.42195594 0.732713461
 243 1.13156962 0.379571825 1.37054169 1.41361785
 244 0.905316710 0.152368546 1.86674237 -1.18608463
 245 -9.57027078E-02 -2.07190442 0.686548769 1.38293445
 246 -1.69046819 -0.587271810 -0.147773862 1.07102430
 247 -1.48884010 -0.183729276 2.19971514 -0.974018455
 248 0.371766269 0.444067419 0.423854798 1.27779734
 249 -7.26138800E-02 0.771099210 1.28089797 1.09682405
 250 -0.895891905 0.958023310 -1.83432400 1.08722854
 251 0.846283555 -8.32651705E-02 0.491176158 -0.977458715
 252 6.23791516E-02 0.332437158 -0.946224093 0.481521934
 253 0.859000087 -0.999554396 -1.02604616 -0.371858567
 254 -2.25984007E-02 -1.60704124 0.431595385 0.825713575
 255 0.533051431 0.585400164 -0.489997357 -1.77475667
 256 1.52562857 -0.301200330 0.637632489 1.82916713
 257 -0.876825571 2.13896060 0.188621774 1.21438932
 258 -0.401131570 2.10724473 0.359146804 0.567837179
 259 -0.467535436 1.08021164 0.459240854 0.717658877
 260 0.369968772 7.25428313E-02 -0.586800575 0.246036261
 261 -0.126700133 1.56590939 -1.36125040 -1.26388443
 262 -2.25179642E-02 1.53049195 -0.577975869 1.15367794
 263 -0.105854198 2.17210221 -0.634976268 1.10613048
 264 0.571637750 1.01922655 9.00259465E-02 0.843700051
 265 -1.92184973 -1.73264694 1.24059057 -0.345306933
 266 0.402716398 0.956335425 2.10107708 -0.159003004
 267 -1.71694148 1.05607009 2.71360683 1.13317287
 268 0.939633310 -1.22509634 1.06180453 1.09933257
 269 2.19098115 -0.261236876 0.827791572 0.784552991
 270 0.504638910 0.545301139 0.335293382 -0.501942158
 271 0.553250611 -0.194993511 -1.24390233 -1.29762566
 272 0.297970951 1.81551957 0.527340174 -1.69840860
 273 0.240596399 9.95408893E-02 2.36303353 0.533971965
 274 1.00092280 0.156201780 -0.260986328 0.131964236
 275 -0.683119535 -0.735489547 -1.79813361 1.39574778
 276 -3.45981270E-02 -0.899642825 0.184751645 -1.31190133
 277 -0.955744982 -0.305669248 0.794881880 -0.324092299
 278 -0.638990164 -0.430803239 2.70556593 -0.166027531
 279 1.08123398 1.26999938 0.469339192 -7.07699805E-02
 280 -1.82176721 -1.38146007 1.28472614 1.07507229
 281 -4.92165387E-02 -0.261258900 1.56918597 -1.38243878
 282 -0.525567532 9.10864025E-02 1.24738753 0.966487825
 283 -0.867857158 -0.931295574 -7.80055672E-02 0.233963519
 284 1.29073262 1.46246147 0.903510451 1.15831709
 285 -0.430941343 -2.85993361 2.47826266 0.524670660
 286 -0.811327398 0.478512287 1.06878960 -2.22525573
 287 4.07828987E-02 3.40857357E-03 1.02872980 1.02411211
 288 0.658126593 1.03213859 0.135618359 2.84337699E-02
 289 1.17087746 -0.575916946 1.93817341 0.622516334
 290 0.323378921 -0.652354360 2.12887549 0.206014946
 291 0.560333431 0.884672761 0.611727834 2.20394802
 292 1.80138993 -0.365559608 -6.34831190E-02 1.51821923
 293 0.626095295 -1.59651041 0.872389078 1.19126415
 294 -1.08230817 -0.240254372 -0.281975210 -2.26127124
 295 -0.888043880 0.219401941 0.505300105 -1.77357674
 296 -1.66197431 1.44205034 0.811598897 -0.643338084
 297 -7.33971000E-02 1.59439611 8.78515542E-02 0.946616173
 298 0.517245173 2.11510682 2.05273414 1.93343639
 299 0.999862015 1.73668933 -0.215601012 1.70345807
 300 -0.239110246 -0.187611774 0.103403039 0.153795868
 301 -0.740388989 -0.480277002 2.39118791 -0.514214635
 302 -0.159123570 0.733702779 1.06929350 -1.28833723
 303 0.963384688 0.768254757 -1.69872713 1.08119714
 304 -1.09211671 0.422377765 0.567396224 -0.834556997
 305 1.05939150 0.368658245 0.232939035 0.726476014
 306 1.23748183E-02 9.58843827E-02 1.03234279 -0.496206284
 307 -0.916289389 -1.61282110 -0.824095666 0.431729287
 308 -2.67808867 0.957931817 2.94040036 0.545212388
 309 0.102173261 -4.86757904E-02 -1.44187129 -0.265950680
 310 -1.28544950 1.05201077 1.54619539 0.379712611
 311 0.902281404 0.288069844 0.636346459 -8.41609836E-02
 312 -0.698141932 -1.06504500 2.47593498 0.501663744
 313 0.202053860 0.402966350 0.150445521 1.12250233
 314 -1.24937606 -0.426006436 2.10114455 1.55702925
 315 0.986169636 -0.619849980 1.39410329 0.169778943
 316 -0.199247256 -1.31030083 1.22626531 0.718557537
 317 0.354862660 0.236432672 0.330548942 -2.44326282
 318 -0.966049850 0.927870154 2.19922948 0.772648513
 319 -0.110023037 -2.02000475 0.414369166 1.88286304E-02
 320 0.710196376 -0.765447259 -0.840663195 1.45782316
 321 0.892152071 -1.16877556 0.403535426 1.22686434
 322 1.01254857 0.494797856 0.615687013 0.735600233
 323 -0.592481911 0.792880416 -0.349506706 0.418488741
 324 0.378569633 1.49547672 0.864334464 -0.457237005
 325 -0.846765876 -1.35995281 0.237598434 -2.07903266
 326 -0.916669011 1.86015558 0.396018893 -1.03725672
 327 -1.19372213 0.721728206 -0.392928123 0.454287410
 328 -0.848986447 0.479463100 -0.317948997 -2.02094817
 329 -0.183792606 0.559329033 -8.03254843E-02 -0.591465831
 330 0.207458645 0.595546484 0.473134279 1.00702465
 331 4.85844612E-02 -0.192822486 1.68615365 -0.792293966
 332 -1.20144331 -0.829305172 0.132644564 -8.99589360E-02
 333 -0.658863544 -0.461981088 0.564191222 0.549221396
 334 -0.473014832 -2.09497070 1.21972346 0.738097072
 335 -0.341202766 -1.28951299 -6.31169379E-02 0.665145934
 336 0.509003997 -1.00188363 -1.08603168 -1.40720928
 337 -5.00959158E-02 -0.142408237 -4.44544554E-02 -1.82464731
 338 -0.268266499 1.83231795 -1.22769070 -3.19273993E-02
 339 0.266697556 1.00834846 -0.817845345 -0.473236978
 340 0.479869097 -9.11714137E-03 -0.175555438 -0.626634359
 341 -0.608183622 0.990237236 0.533856511 -0.235462919
 342 -0.190392613 -7.34696090E-02 0.898275793 0.902799189
 343 -1.27583587 -0.331544369 -0.862163782 0.160242379
 344 9.85514373E-02 -0.114114106 0.317574054 0.561177909
 345 0.568062901 1.35376811 0.837152243 -5.34588099E-02
 346 0.571371555 -0.825722754 -0.594941139 -1.38836932
 347 1.46359885 0.314861447 0.751224995 -0.592362523
 348 -0.180655092 -0.752147317 5.13771549E-02 -1.52806938
 349 0.156230345 0.864023268 8.80763531E-02 -0.392382026
 350 -1.18073082 1.13853252 -0.575213134 -0.931335926
 351 0.635914445 0.478765398 -0.464354485 1.31000650
 352 -0.294494241 -1.55321324 -0.283721834 0.882300198
 353 -0.292156100 -1.69858921 -0.749258459 -1.09818733
 354 1.07237458 -1.26904464 0.428135127 -0.525802255
 355 7.75714070E-02 0.383060813 0.991173565 0.487271488
 356 -1.28433871 -1.17089999 -0.523843467 0.887804866
 357 0.548757315 -0.165243492 0.340781212 0.557613790
 358 -0.406409919 -2.91714096 0.277292818 -0.763307929
 359 0.841356993 -0.517420053 0.530809402 0.156596512
 360 -2.33391094 -0.680495739 -0.557166815 -1.15677226
 361 -1.59478128 -0.808012903 -0.554651141 1.91187970E-02
 362 -8.76013786E-02 0.458478391 0.290964395 -1.93768477
 363 -0.401031762 -1.00602186 2.23178172 0.576945126
 364 0.563791573 -1.02872777 -0.478406787 -1.72283304
 365 -1.75646257 -1.55766094 0.493155003 -1.48601675
 366 1.15217435 0.546371222 1.10270202 0.276740074
 367 -1.14620233 -0.333483458 1.01668561 -0.425831497
 368 -0.337105155 5.71882948E-02 1.22745097 0.676910162
 369 0.148595989 0.404829532 1.84419549 1.72072005
 370 0.111706883 1.05287611 -0.209945738 -1.47407055
 371 -0.902642131 -0.227891967 1.54514337 -0.291427881
 372 1.41368079 -0.606772244 -0.269618541 -1.03535342
 373 -0.105662838 -0.173693120 1.20289171 7.16194510E-02
 374 -1.32929516 0.310264528 -5.42263389E-02 0.181928396
 375 1.48940945 1.05838668 0.895460665 0.178406209
 376 -1.82201433 0.487992257 1.55836856 -2.63915730
 377 -0.812353849 1.19251490 0.175679520 -1.72556043
 378 -1.45353281 0.977159262 1.35777462 -5.93826026E-02
 379 0.365974754 -0.259161770 -1.17586648 0.513456166
 380 0.353622705 0.242553547 -0.775524974 -0.800520122
 381 -0.711898685 -1.53275394 1.33689868 -0.467111111
 382 -1.36972916 0.494329751 -1.22142327 0.859532058
 383 -0.830235720 -0.750133514 -1.15548122 1.37259066
 384 -0.571830392 0.317975402 0.266654581 -0.520293713
 385 6.66863173E-02 -1.48634970 -0.483201385 -0.399487376
 386 1.02501357 0.408057213 -0.415919304 0.926501274
 387 -0.182551488 -0.745286226 -0.753631234 -1.66176975
 388 1.68205631 -0.313083917 1.11910176 0.911879480
 389 -0.582497895 -0.678479254 1.04648864 1.05945492
 390 -1.56512153 -1.20926285 2.02080894 0.784034729
 391 -0.585559607 -0.363136590 -0.199610233 0.867348194
 392 -0.991787732 0.312592626 0.388849229 0.156356812
 393 0.970609009 -1.51350546 -0.721378922 0.608760118
 394 5.44848442E-02 -0.603224874 0.446155101 -0.661329269
 395 0.332687646 1.35513616 0.596563578 -0.221448809
 396 -0.292221308 0.828599334 -0.726008296 -0.951793671
 397 0.459030211 -5.92531785E-02 0.855751216 -0.623363137
 398 -0.308654875 -0.116348974 0.258762568 -0.553110778
 399 -1.30352473 0.663664758 -1.52008712 -1.47501767
 400 -1.28959095 0.592707217 1.43893552 -0.728922665
 401 -1.09769344 0.628947198 0.459050268 -1.26199996
 402 1.17240744E-02 -1.97169924 -1.12096024 -1.58155048
 403 0.333358228 1.26702178 -0.981479049 3.06586921E-02
 404 0.662345171 -1.56533933 -1.64923000 0.825935364
 405 1.57306826 -1.20843387 -7.78247043E-03 0.829298854
 406 0.846066296 2.87196040E-03 -0.346174657 -1.05400026
 407 0.786087751 -0.522677243 -0.674330711 0.624870062
 408 -1.56503606 0.345509410 0.610005498 -3.78564820E-02
 409 -2.35009980 0.716379464 1.20283782 -2.42706919
 410 -2.19293714 3.11808437E-02 0.667819500 -2.96548510
 411 0.514720738 -0.203415275 -1.04209077 0.712986350
 412 -0.620200157 0.278031200 1.26603174 -0.108965367
 413 -0.739553213 -0.333101958 -1.25296926 -2.33628511
 414 0.768827856 -0.923862457 -0.509674668 1.58713210
 415 0.410420299 -0.193135262 -0.662075520 1.03821933
 416 1.21021199 -1.13058317 1.44084537 0.712942958
 417 0.377124548 -0.486947179 -1.13164997 -1.18680227
 418 0.582648158 0.590067387 -0.369239807 -1.34413505
 419 -0.209324479 -2.21268609E-02 1.32810140 -9.94150341E-02
 420 -0.996229172 -1.19683635 -3.00083947 -1.83626211
 421 0.767997622 -1.08604670 0.232632682 -0.118991449
 422 -2.03566027 0.204336688 1.51721549 -0.685314536
 423 -0.108693652 0.612571895 1.72186482 0.793802977
 424 -2.50586057 -0.447445810 0.263640225 0.793939829
 425 0.324313104 -0.486406624 0.108681083 1.44780636
 426 -2.00417376 -1.35509038 -0.506146610 0.518144786
 427 -2.05366683 -2.29585910 0.875276983 1.03018177
 428 0.176337913 -0.448597014 0.394422233 0.666427672
 429 0.436064482 -0.518752217 7.84985572E-02 -1.51976001
 430 1.65335798 1.39515007 0.661027551 -0.583685040
 431 0.812804818 -0.174363315 0.787091434 -1.59534264
 432 -0.421295583 -0.719623327 -1.27657592 -0.277776420
 433 -2.08869204E-02 0.805600166 1.82483137 1.57972646
 434 -9.97048244E-03 0.767141104 -1.13709748 1.04657650
 435 -0.150330663 -5.08305430E-03 0.612215161 1.02980256
 436 0.448974550 -0.549388409 0.741208255 -0.999084532
 437 0.605730951 0.348661482 0.125747025 -1.44390500
 438 -0.220668614 0.396737039 0.773064554 -1.74564993
 439 0.192140430 -0.823367238 0.692767799 -0.280812800
 440 -2.51487947 -0.871449053 1.49292636 -8.84894729E-02
 441 -0.645947456 0.917492390 0.799943328 -0.252308518
 442 -1.23728371 -1.51192927 0.774307966 -0.469934136
 443 0.778483987 1.19876337 -0.292547077 -0.488429129
 444 0.650958061 -0.110380761 -1.06573141 -0.363886058
 445 -1.46938419 0.720567703 -0.430050850 2.02500534
 446 -0.296831638 -0.279877543 -1.65580070 0.533987403
 447 0.122180291 -0.183600157 0.617598832 -1.60367846
 448 -0.816542864 -0.823696256 0.383400202 0.612448514
 449 0.894364417 -0.779893637 -1.11410844 -1.32288110
 450 -0.410983503 0.672515333 -0.575143576 -0.713208973
 451 -1.31606686 -2.45199725E-02 -0.320144832 1.58793068
 452 1.59698153 8.21125507E-02 1.14334810 0.419472247
 453 0.198430434 0.840254545 -0.979207516 1.16430902
 454 -0.355012178 -4.64963913E-03 -0.319124281 4.34755981E-02
 455 -0.638793826 -2.85255611E-02 -0.992173553 -0.404465467
 456 -0.628199279 1.70619345 1.72047567 -0.832499743
 457 -1.87310612 -9.51021910E-04 0.706405520 0.701577723
 458 -1.71766567 -1.44416142 -0.163660139 -0.351966381
 459 -2.01206207 1.75424743 -0.375578582 -0.646700025
 460 -1.35281599 -1.42533350 1.15432668 -0.998519063
 461 1.42013574 -1.20581889 -0.944984913 0.740171194
 462 0.773755550 0.604598939 1.17568851 -0.649026334
 463 0.340967625 -0.549034238 -0.352118999 0.122538127
 464 1.87971401 0.653408527 0.671525121 -0.689706266
 465 -0.741104603 1.37701511 1.05220568 1.08122635
 466 1.16929162 -1.18182206 -0.944512546 1.00727296
 467 -0.288928866 -0.315882146 -0.550739169 -0.338391781
 468 0.948478103 0.498783380 1.28215539 0.801398873
 469 1.23447204 0.539186060 0.210232139 1.01233244
 470 -1.03341031 0.373340994 -0.353757292 -1.93523717
 471 0.683108866 -0.343227029 -0.344680279 0.148366272
 472 -0.999823630 0.562618613 0.240074486 -2.05530834
 473 0.714274526 -7.33607560E-02 0.730289638 1.01332068
 474 0.845578730 1.87344325 0.297415704 -0.546989799
 475 -0.515235066 0.176793993 -0.208222985 -0.113442615
 476 -0.838468611 0.989158154 -0.544439614 0.311110795
 477 0.775661647 0.642432511 -0.271639407 1.20029664
 478 -2.03903961 -0.782109201 -2.15100646 -0.522716761
 479 1.31661534 0.208991155 0.727047443 1.58113527
 480 1.11980557 2.02783751 -0.803089559 1.36979318
 481 -0.173368007 3.47912163E-02 2.64593601 -0.634825945
 482 -1.63514757 0.998332024 0.971358657 0.375529081
 483 0.943482399 -0.583809137 0.111484870 0.966093123
 484 -1.80275345 -0.221717536 0.461667717 0.510805368
 485 -1.27962315 0.969306231 1.04356647 1.08929384
 486 0.668857276 -5.42929918E-02 -4.83627543E-02 1.60868812
 487 0.582645237 -1.69765389 0.915168583 -0.689749718
 488 0.498171777 -0.635062218 -0.173309386 -1.35767102
 489 0.840302587 8.66816044E-02 0.302654982 0.776835799
 490 -0.452354789 -0.331209421 -2.09667981E-02 -1.00043178
 491 0.569773912 0.436323762 -1.07262886 1.50749719
 492 0.570085168 1.14383698 -0.217334598 -0.296225727
 493 -1.00970674 -1.51600730 1.04408860 1.08615303
 494 0.109201193 -0.424261034 -0.373807669 -1.17475057
 495 -0.789217293 0.245143771 0.900789022 2.26764381E-02
 496 -0.253521353 0.786912143 -0.415747613 -1.68197572
 497 -1.17424417 0.275568187 -0.270743519 -0.279039621
 498 0.302708566 0.806724429 -0.745230198 0.896782160
 499 0.363226473 0.872533500 -0.653298855 8.70343819E-02
 500 -1.19685459 1.27604198 -7.41589740E-02 -0.915432096
 501 -0.791906059 0.631543398 0.781100810 -0.240145728
 502 -1.45046341 -0.548456848 0.918348849 0.992752492
 503 -0.316824555 1.20384622 -1.72759080 0.615063548
 504 -1.78412700 1.46319532 -0.371215582 -0.328135401
 505 0.656087875 0.452336669 -0.117449500 1.57143271
 506 -1.27328646 0.576010406 -0.118320204 4.87287715E-02
 507 0.130067199 0.255470574 -0.269564241 0.114468224
 508 -0.592284858 0.228295714 -0.124519646 -0.665343046
 509 -1.03638649 0.300179839 -1.51751149 0.335754722
 510 0.489861071 -1.77665353E-02 0.629556477 0.602206171
 511 -0.309947252 -1.26290715 0.466953754 -1.07124913
 512 -0.421373069 0.933875442 0.267075628 1.01549327
 513 9.09762084E-02 0.804220319 -0.705163479 -2.24792409
 514 -0.501327932 -1.64597034E-02 1.61919320 -0.953987598
 515 -1.05288792 -1.56526923 -0.173683465 -0.145919472
 516 -2.59261751 -0.431357682 -7.48390853E-02 1.74340498
 517 -1.01610422 -1.60763550 -6.62854314E-03 -0.195266575
 518 3.72218788E-02 -0.202605560 2.23759794 -0.589314103
 519 -0.658329129 -0.737279117 -0.760596931 9.83880833E-02
 520 -2.10746956 -1.10193443 0.249634773 -5.06373048E-02
 521 -6.58959001E-02 -0.721551180 -0.816371322 1.10230136
 522 -1.06302154 -0.936287820 0.156307906 0.163927257
 523 -0.240677461 1.62232590 -0.198307902 0.945952952
 524 0.578207195 1.53641427 1.00556064 0.835832834
 525 1.23704720 -0.957784295 0.197935730 1.54954493
 526 -0.609437048 1.88852417 -0.438311487 0.734541416
 527 -1.46813226 -1.09396803 -0.314107180 1.37084723
 528 -4.52386141E-02 1.04701388 1.66226995 0.162619546
 529 1.03355944E-02 -0.151747406 -0.161095455 1.56957364
 530 1.36202407 -1.16875207 -0.829651952 1.64985514
 531 -1.53299117 -7.67445266E-02 0.980366111 0.343204618
 532 2.05585122 0.455578387 1.92520201 0.167283744
 533 -0.485539138 1.67899072 -1.34481120 0.271707684
 534 -0.384502381 -3.08313966E-03 0.998493791 -1.85786116
 535 -1.24652588 -0.205026269 -0.731247902 -1.34278047
 536 0.159014091 -0.873300612 -0.305783868 -2.35478616
 537 -0.762063682 -0.642594814 0.252685487 1.10711002
 538 0.237655953 1.19041836 -0.381160378 1.35647941
 539 0.614894867 1.79151845 0.530954719 -1.85702336
 540 0.384447455 0.596291006 5.27965426E-02 -0.778423548
 541 -1.73807144E-04 2.14645956E-02 -0.221041739 1.74417746
 542 -0.219716907 -0.795509994 -0.515387297 -3.12629044E-02
 543 0.315395951 -0.386071295 -0.677977443 -0.971515119
 544 0.283141077 5.80544397E-03 0.329419553 -0.950653195
 545 -5.40794134E-02 0.478435516 0.966596186 -1.22562909
 546 1.20720136 -0.136551857 2.61587763 -0.545009077
 547 -0.276439965 -0.316895962 0.449618280 0.922919989
 548 -1.17400765 1.66055644 1.08651781 0.772949815
 549 1.54068315 -0.572898269 -3.72508764E-02 -0.888898730
 550 -0.669046402 0.791292429 7.43829459E-03 -0.173391461
 551 -1.23614776 -1.99494219 1.11199284 -0.245381534
 552 -0.380311012 -0.600836158 -0.627713919 -0.415008783
 553 1.91298723 0.213205591 1.62907648 0.908548653
 554 -0.732831597 0.613276422 -0.505447924 0.739869833
 555 -1.51328123 0.744697571 0.721165836 -0.630182266
 556 -0.110487610 1.42745376 1.27803147 -0.794547558
 557 -2.15542841 -0.762482166 -0.772825658 -0.966965139
 558 -1.53757358 -1.18731761 0.607931137 0.578185916
 559 7.93282688E-03 0.901370943 0.722488463 -1.32762194
 560 1.32887208 -1.37528920 -1.51389372 -1.82191956
 561 0.810775220 -0.193986535 0.248469517 0.621486962
 562 0.252102971 0.586774111 -2.43733406 0.716350734
 563 -0.169242948 -2.48126221 -1.78354406 0.321369827
 564 -0.204060152 1.23341060 2.74837303 0.819635630
 565 -0.334586382 0.375350416 -1.53162920 -1.50130796
 566 1.71843970 8.86848420E-02 -1.18369436 -0.884844661
 567 7.79216886E-02 0.870889366 0.518780231 0.754223704
 568 3.84247899E-02 0.186908126 0.370943815 1.02317476
 569 1.52992082 0.372643143 0.410546601 0.358549207
 570 -1.88966811 0.728693902 0.913540363 2.13575578
 571 0.760519922 -0.487191528 0.372155190 1.29440105
 572 -1.72761977 0.125773236 -0.109302111 -0.490038395
 573 -0.513348222 -1.15176988 0.624765337 0.333677292
 574 -0.585933268 0.594318390 -1.32091308 0.693389893
 575 -1.41421402 -1.01037645 1.19673002 0.184760690
 576 0.145786300 0.804605842 -0.987550497 2.05250168
 577 0.649475694 0.713330448 -3.67976427E-02 -7.93508589E-02
 578 0.313327730 0.556979060 -0.130085260 -1.73089027
 579 0.956440747 -1.58031273 0.538676202 -0.835661411
 580 0.452952355 -1.95329952 -0.456489444 1.48169100
 581 -0.179414660 -8.18400905E-02 0.569688559 1.36477292
 582 -0.573168933 1.09130609 0.702196717 0.109551579
 583 -0.750127435 0.263074040 -1.83361912 1.01971602
 584 -0.155437380 1.40319669 0.525319219 -0.174739987
 585 -0.450049818 1.28005409 0.579100847 -0.255557686
 586 -2.03132582 -8.82278681E-02 -1.10813689 -8.55087042E-02
 587 -1.36837292 -0.158236682 0.287139982 5.19345254E-02
 588 -1.71190286 -0.834114909 0.690562844 0.739694655
 589 -3.03091908 -0.355685622 -1.68541682 1.23788881
 590 -0.961745322 -1.76022089 -0.189320475 0.945137441
 591 -7.42440522E-02 0.635038614 -0.505020320 -5.30298054E-02
 592 2.40957046 -0.227106437 0.412445545 1.50341094
 593 -0.453213573 -6.51690271E-03 0.515731037 -0.774638057
 594 -0.456117570 -0.938429594 0.148526669 1.02942789
 595 0.656494617 -1.21204162 -0.605604053 0.635699630
 596 0.826452672 7.60290176E-02 0.220603436 1.08126843
 597 -0.761941254 0.346215129 -0.384097010 4.50078025E-02
 598 -2.50612092 -5.13571054E-02 4.81007397E-02 0.229000151
 599 -2.34648085 -1.22349048 -1.13690853 -0.209934801
 600 -0.594561994 0.889399827 0.857064128 -1.60146248
 601 -0.770046830 -0.112020552 9.55036879E-02 0.466883361
 602 -0.958840787 0.172695637 1.14138472 -0.796482801
 603 -0.935672760 0.558598399 1.72238934 0.702710152
 604 -1.02662635 -4.64750677E-02 -0.976799130 -0.175323009
 605 -0.733627379 2.12251735 1.35190606 1.65880561
 606 0.698512912 -1.73554873 0.742129207 -0.230570629
 607 -0.684208870 -7.60371983E-02 1.32275283 1.50970781
 608 0.700051546 1.84515393 0.133684024 -2.22648597
 609 -1.15086317 -0.417226851 -1.01065707 0.596284628
 610 7.55023435E-02 -5.35776019E-02 -1.21577621 0.987198234
 611 -1.14969611E-02 -0.187534928 -2.23130131 0.665160120
 612 0.268296242 -0.792726636 0.346931100 -0.307884872
 613 1.40178645 0.838887691 0.345351756 -1.87467551
 614 -0.383990616 0.340028793 -0.348954737 -0.221492022
 615 1.06962681 -0.439284027 -0.584494829 -1.13841593
 616 0.913459539 -0.110822588 0.256784737 1.44279170
 617 -1.55166733 0.475288868 -0.767983556 1.45107865
 618 0.809588134 2.22221303 -0.778988898 -1.42534471
 619 5.27691236E-03 -0.297492385 -0.243850276 -0.538071632
 620 -0.223926485 -1.00039744 7.57611841E-02 1.05061507
 621 -0.203088284 0.740232885 0.899870932 0.576036215
 622 -1.15179205 0.723986328 0.188339159 0.534880519
 623 -0.988684773 -1.06658292 -1.77617288 1.03042984
 624 0.391584039 -1.50932169 -1.38442230 -0.741533101
 625 0.663855791 1.95285475 -1.04990375 -7.17421174E-02
 626 -0.255418986 -2.21640539 0.908754587 -0.743171751
 627 0.384342581 -2.69581318 -0.569385707 -1.00410962
 628 -0.706416368 -0.281081975 0.493378550 -0.205931589
 629 0.244965851 -0.641891718 0.331510991 -1.00423694E-02
 630 0.509003103 -2.24251842 -1.61882949 1.24660468
 631 -7.32317418E-02 -1.75666809 -0.754744649 0.285747409
 632 0.425779909 -4.23553586E-02 1.55185902 -5.42883947E-02
 633 -0.296067297 0.564906478 0.449832410 -1.60351777
 634 -2.35805321 -1.23503768 0.879738808 -0.623170257
 635 1.23842180 0.921316862 -1.02820015 5.64161092E-02
 636 -1.09252977 0.692339480 0.190949559 -0.694975019
 637 0.175675109 -0.654725969 -0.431667924 -1.73388767
 638 -0.494691551 1.32057953 -0.519889116 -0.227990746
 639 0.130539551 0.702655196 0.794157743 -1.52870047
 640 1.74407804 -0.442783952 1.04768455 -0.707433462
 641 0.410856128 -0.327573061 0.137695923 1.63379860
 642 -0.112792164 0.135553002 -0.700905621 -0.939394712
 643 -1.44833171 -3.73173878E-02 1.04921770 -0.631622374
 644 0.795767486 -2.18723965 -1.88362563 1.17778397
 645 1.01589704 1.18126428 -0.868551791 -1.80119300
 646 0.988702536 -0.668705761 9.31304693E-02 -2.00843692
 647 1.74548376 -2.46023941 -2.57621455 0.926681519
 648 -1.01190734 0.618242621 -0.432417482 -0.312739760
 649 -1.03530288 0.307223976 -0.387568891 -0.449537039
 650 1.03611255 -1.32484579 1.30580771 1.18954968
 651 2.16279769 -1.51462030 -0.492339373 -0.500534892
 652 2.53149605 0.996191621 -1.69435859 0.867855906
 653 0.818533599 -0.449827999 -0.891459584 0.904218078
 654 0.892353356 -0.417126507 1.01058221 0.437361509
 655 1.44027758 1.30882657 -0.468847692 -0.109284148
 656 -2.59320736 1.58581078 0.323544085 0.237402886
 657 0.209289044 -1.34745371 -3.09296203 1.33167827
 658 0.280310452 -0.635335207 1.64695489 1.43143237
 659 0.454866558 -1.23415172 1.05971563 0.419211149
 660 -0.203240737 -0.230691388 1.52964532 -2.36471725
 661 0.168033555 -1.08696437 -7.40635842E-02 0.256453514
 662 0.650949419 1.40095711 -0.952605605 -0.362868607
 663 -0.464955449 0.545167208 -0.456329644 0.348566949
 664 -0.249336109 -3.57641876E-02 1.52776003 0.242825955
 665 -1.72527146 4.18692827E-03 -0.365300238 -2.19390774
 666 0.579907835 -0.665137887 -1.29338658 -1.00077152
 667 -1.38062143 -8.08310211E-02 0.722072840 -1.37007141
 668 0.540721834 -0.435835838 -0.746854186 0.885287166
 669 -8.38201046E-02 -0.184931383 -0.212783575 -2.69204617
 670 0.188062683 0.544913530 0.733094811 1.13394111E-02
 671 -0.696324766 -0.518007874 0.432357311 0.246482879
 672 0.389501393 0.843944728 -0.633975208 -0.668496907
 673 0.109737799 -0.556490660 -1.90911031 -1.38495207
 674 0.380471587 0.563079238 -1.10248518 -0.765828967
 675 0.395824522 7.07504302E-02 0.758418918 -0.332913488
 676 -0.651002526 0.195977837 0.998292327 1.19185281
 677 -2.01910305 0.709780991 -0.588944554 -1.26863444
 678 -1.02388227 0.754304528 -0.591664195 0.819599628
 679 1.79742658 1.83767021 -1.39580178 1.00783062
 680 0.510241866 -0.369473755 0.273366213 1.22461069
 681 0.304648340 1.01200259 -0.673793256 -1.34406698
 682 -0.846101522 0.554918647 -0.593810141 0.503007948
 683 1.78454602 0.918652654 1.01769936 9.73002613E-02
 684 0.312363774 0.445458323 1.53240275 0.194033653
 685 0.334500670 1.43793328E-02 0.425192535 0.656186461
 686 0.315774262 -0.166303754 -0.832282305 1.39440322
 687 0.576747894 0.427817106 0.322428495 -0.799485207
 688 -0.251566082 1.93323863 1.07138669 1.21616173
 689 0.590885758 -1.87981439 -0.476178318 -0.702736616
 690 -0.409217507 -0.182079196 -0.589687467 6.50852621E-02
 691 -1.39724708 0.130045056 -0.400389016 -1.00000954
 692 0.842789531 -0.241059408 1.59487891 -0.159703702
 693 0.279246956 -0.975232840 0.441972792 -0.916456461
 694 -0.876501083 0.918168247 -0.755461931 -0.338286251
 695 0.417117983 -0.448765874 -0.348916650 -0.364115000
 696 0.622649133 0.138202533 -1.37456572 1.21731508
 697 -0.530947208 0.755507529 1.45778286 -0.605449378
 698 0.320340723 0.329779238 0.803812623 -1.88731253
 699 -0.470267773 0.446315110 -0.443375051 -0.436362445
 700 -0.144560069 -0.559430957 -0.990472555 -0.856235981
 701 0.499558896 1.10606122 0.903977394 0.185886636
 702 1.24459016 0.283309340 -0.748275816 0.814192653
 703 0.686583281 0.682080150 -0.993675828 -1.06355691
 704 -0.244731978 -1.32499135 1.22818351 -2.64185023
 705 -5.15384972E-02 -0.628780603 -1.22695363 -0.634172559
 706 0.660967171 -1.68448591 -1.09865284 -0.274667948
 707 -1.28550279 -1.72655082 -1.15754724 -1.17590046
 708 -0.578318655 -0.318901509 0.620358288 -2.38421679
 709 -0.736418009 -0.730487227 0.781674981 1.61388576
 710 1.32935834 -1.21990681 0.354028881 1.26316261
 711 1.12736738 0.321500629 -0.291656792 -9.13266838E-02
 712 1.92078757 -0.326048970 0.735174894 6.27375841E-02
 713 -7.01981112E-02 0.591931224 -0.589175642 -1.16833854
 714 0.642097771 -0.677718580 1.53978002 -1.36793017
 715 -0.665966511 0.260295272 -1.43256950 -0.711243808
 716 1.66488087 -7.00904205E-02 0.927874982 1.16700494
 717 -0.397685200 1.27014124 1.51668596 0.994256496
 718 0.765580058 -0.654935598 0.573173702 1.69683707
 719 0.915066719 -0.945317268 -0.356497616 -0.972615719
 720 0.299411327 0.518635035 -0.500338912 -1.86679387
 721 0.671649814 -0.879517674 0.408922374 0.810027003
 722 -0.484221339 0.137641937 -1.58400273 0.223273486
 723 -0.798719466 -0.214945719 -0.181228012 0.133988351
 724 0.274110734 4.14413810E-02 1.13314044 5.14073670E-02
 725 -5.44147938E-02 -1.80624509 -0.837487578 -0.121584401
 726 -1.58326948 0.564374626 -0.239462167 -0.668888569
 727 0.743521094 -1.80839539 1.67152035 0.704091072
 728 1.88724470 0.316173226 -0.750852823 -7.34239072E-02
 729 -0.723602831 -0.849209905 1.64111614 0.260863781
 730 -0.918633103 0.105340481 -1.15448570 0.841343641
 731 0.513554692 1.48595905 -0.658394873 0.625153720
 732 1.65008473 0.164867967 1.59188044 0.720747411
 733 -1.43631864 1.14744961 4.96466309E-02 -0.265671492
 734 2.47573352 -0.556821346 2.12317300 -0.217284217
 735 0.726304650 0.658478320 0.397590369 -0.218628004
 736 1.01061630 -0.459348828 1.69592404 0.231481001
 737 1.36018777 1.26076889 -0.989523411 -0.778598428
 738 1.28005862 -1.79848969 2.01476574 0.520773828
 739 0.326567471 -0.610958695 1.17763710 8.04429576E-02
 740 -0.456466198 1.31459224 -0.113908514 -0.879592597
 741 -0.876488328 -0.931030273 1.61544347 1.09497333
 742 0.361190945 1.00407708 0.674474657 -1.24991190
 743 1.60519850 0.794647574 0.595501363 -1.43909502
 744 -1.73750746 -1.13926455E-02 -0.782906711 -0.704107404
 745 -1.94398534 -0.800104737 -1.34205210 0.993416250
 746 -0.654662073 0.710398853 -0.693447769 0.648795366
 747 1.12476289 -0.189447746 -0.110361978 -1.27864075
 748 0.666270137 0.244255140 0.713815212 1.86464489E-02
 749 0.345359445 0.307354748 1.52030993 1.15116382
 750 0.471014410 0.233030170 0.714014113 -0.822422504
 751 -0.710282326 0.279527724 0.277277291 0.475143969
 752 0.638105273 -0.111737922 0.538911998 -0.278092444
 753 -0.740501046 -0.249306694 1.33924937 1.11020195
 754 -0.793784976 0.612748802 4.54366431E-02 0.860128999
 755 0.696735740 7.27743730E-02 0.577262819 0.267120302
 756 -0.514717937 -0.803444684 0.681239963 1.32056904
 757 -0.915709019 0.102440119 -0.771960497 -0.245878428
 758 0.929015398 1.17938828 5.86098284E-02 -2.21705317
 759 1.57786047 -0.911459804 -1.01826549 -2.09341788
 760 -1.11902535 7.31404126E-02 -0.343457043 -0.524212480
 761 -1.21467090 1.18598545 5.50238341E-02 -9.58896056E-03
 762 -0.276530862 1.05938935 1.84350371 1.50192165
 763 0.863093317 -0.422354579 0.288113177 -0.732048273
 764 -0.677259684 -1.49282098 -0.840438604 1.14198828
 765 -0.116329908 -1.76904690 -0.597788334 1.51975632
 766 0.382150531 0.187167734 -0.165849209 1.55196118
 767 -1.70061314 0.672633648 -1.68699813 -1.44764876
 768 1.02110398 2.32926321 -7.04669803E-02 -0.765830159
 769 -0.733632147 1.10971546 -0.635179639 -0.252012640
 770 1.39227188 1.20388794 -0.226118818 -0.282581210
 771 -0.544224918 -0.754601061 -0.113635041 -0.528339148
 772 -1.13274109 -0.379801929 0.497317195 1.83895612
 773 -1.69683552 -0.124825448 1.79447913 -0.457508773
 774 0.803415656 0.315870583 -0.203821927 -0.802146435
 775 0.865823865 -0.615038872 -0.822265208 -1.57169271
 776 1.01388359 -0.365928441 -0.587405264 -1.73039985
 777 -0.297791719 0.775757670 0.439517409 0.396717310
 778 0.529824257 -0.149952620 7.92156309E-02 -3.58292460E-02
 779 0.285846531 1.01557851 -0.308583528 0.795363665
 780 -4.58432287E-02 -0.470665306 0.858801663 1.19535565
 781 0.763053238 0.633662105 0.205431819 -1.38532925
 782 0.577294469 8.06424543E-02 8.31933022E-02 -0.261451960
 783 -1.56028676 -0.230751336 -1.07128906 0.236182898
 784 1.29707861 0.781461775 0.853642523 -1.98509884
 785 -1.67853522 0.343480468 0.498299778 -0.484599531
 786 0.533841372 -0.213057816 -0.516852200 -1.51797688
 787 -0.110274434 0.232206047 -1.02304423 0.978665829
 788 0.770178914 0.290065110 -2.47145370E-02 0.218164921
 789 2.06703186 -1.38254952 0.550506592 6.25869781E-02
 790 -0.652129948 -0.638427258 -1.88961673 -1.75688910
 791 -0.687128007 -0.186102927 -0.538471758 0.655325532
 792 0.447047114 0.724601984 -1.86254096 -1.16606784
 793 1.18985379 0.722296298 -0.313055128 -0.546183228
 794 0.220700607 -4.00484875E-02 -0.537241757 -2.14091349
 795 -0.684213519 8.26206654E-02 -0.827676892 -0.159066126
 796 -0.483277470 0.996619463 0.684156060 -0.971394539
 797 -0.828102827 1.17912912 -0.668660700 -1.08367217
 798 -1.72359359 -0.135864824 -1.08180952 -0.216995224
 799 -0.223507464 -2.11975288 -0.861004353 -0.394996643
 800 1.22834229 0.495056093 0.777598679 -1.79081964
 801 -0.612704515 -0.236130491 0.647547722 0.821107805
 802 1.06361318 0.658824444 -0.760128319 -1.02607751
 803 -0.374401748 0.340478152 -0.531114399 1.19812787
 804 -0.738898993 0.881846428 0.192149833 -0.439633191
 805 -0.777080178 0.893690467 0.144486874 -0.305330008
 806 -0.448345900 7.71647990E-02 0.372493684 5.94963953E-02
 807 1.49631369 -2.12656093 -1.46927857 -0.295243591
 808 -0.867607057 1.16927934 0.608145237 1.86320722
 809 1.16428316 0.609842777 -0.214313537 1.65273976
 810 0.563499749 0.645209074 -1.28367567 0.798230171
 811 -0.510977089 1.19142723 0.527630150 0.512242615
 812 -6.46012202E-02 -0.587601721 -0.428919435 -1.40118980
 813 1.14715552 1.02292514 -1.86442125 1.37012839
 814 0.348333150 -0.312451601 -1.81327999 -0.378442675
 815 0.620215178 0.636930764 -1.10793900 0.616275966
 816 0.372869879 -0.293642491 -0.542492509 1.12978661
 817 0.237980053 2.24380279 0.407350123 -0.157341257
 818 -5.93040660E-02 2.07007416E-02 -1.64660478 -1.95223987E-02
 819 -1.45787454 -1.66131902 -0.778603911 0.820577860
 820 0.512323201 -0.223806947 -0.736519635 0.754704833
 821 -0.351119399 0.292482734 -0.861036420 -0.892000556
 822 2.16803961E-02 -0.410887599 -1.56615365 -2.02832985
 823 -1.16279352 -0.138056114 -1.07907510 0.811099529
 824 0.691437304 1.14324355 0.407724500 -0.515082181
 825 -1.02352440 -6.12369329E-02 -1.44272745 -0.519299746
 826 -0.811558127 0.617520392 0.498411357 1.34249878
 827 -0.748751938 1.05069077 -1.43870437 0.817836583
 828 1.20322371 -0.271848768 0.368670911 1.35013878
 829 -0.364848882 0.123657897 -1.23231375 1.34987557
 830 -0.287000537 0.326533139 -1.51194358 0.825216770
 831 1.64021683 -0.348292917 -0.114410758 1.54901159
 832 -0.708587885 0.295424044 0.282291651 0.530467749
 833 2.22329760 -0.351344943 -0.154162064 -0.811369896
 834 0.995347202 0.497832179 1.90915692 0.144382030
 835 2.24150872 0.400964260 -1.11629891 -0.949432969
 836 -0.106325895 -0.256059080 -0.330697834 0.368668646
 837 1.98220789 0.377254307 0.583491206 0.492048204
 838 2.15809369 0.450065911 -1.01509082 1.21456385
 839 -1.18057024 -1.38088763 -1.02195430 0.446337700
 840 -0.419873059 1.39124632 0.717241108 1.23530614
 841 -0.688801169 -3.00917849E-02 -0.431565195 0.152336344
 842 -2.54094481 1.61405087 -0.753198087 -0.342458874
 843 0.799645245 0.979485214 -0.796591282 -1.35811472
 844 0.337180644 1.32045436 1.45824277 0.627816200
 845 -0.526392519 0.797707677 0.572068036 0.599744916
 846 -1.90947270 -6.19413555E-02 -0.889341295 -2.34268117
 847 -1.28071606 -8.00783783E-02 -0.386167884 -9.01661906E-03
 848 -0.983283281 0.927198827 -0.351074994 1.38037550
 849 -0.901393890 0.635061026 0.993527234 -0.785355508
 850 -3.84605527E-02 0.463862866 0.679827631 1.20349884
 851 0.185649186 2.00683427 0.641527653 0.882206023
 852 -1.39399087 6.73759282E-02 -0.168755054 0.467573345
 853 0.462015867 1.62665200 -0.424299002 -5.82161397E-02
 854 -1.62320590 -1.22679639 -1.70822108 -0.815219402
 855 -0.544689417 0.121068597 -1.07832134 -1.06273437
 856 -0.658843338 0.608058929 0.788620472 -2.12498856
 857 1.23338699E-02 1.84430075 0.293241143 -0.854107857
 858 -0.862194300 -1.27499163 -0.378600776 0.321273983
 859 0.724176884 -3.35144138 -0.206742093 0.467635006
 860 -2.70623302 -0.313464314 4.29383069E-02 0.283980727
 861 2.21875930 -0.867733002 -0.262990803 1.07942915
 862 0.675324023 0.509072483 -0.538861990 -0.196922436
 863 -4.39734012E-03 -1.95319450 -1.17278230 0.257963836
 864 -0.307252795 0.534628034 0.918255210 1.41883326
 865 1.34086162E-02 -1.79217589 -0.515716612 1.15172505
 866 1.74283481 -0.228931159 0.542168736 -0.137111574
 867 -1.22655034 -1.52915418E-02 -0.402393937 -0.706437588
 868 0.467226624 0.980906904 1.13049757 -0.272908926
 869 0.720406890 -0.288726956 0.312484264 -1.39486551
 870 -0.639568269 1.25604153 -0.118668869 -1.00430012
 871 -0.697374344 0.255211025 -0.741353154 -0.509568036
 872 0.246728748 -0.531328082 -1.19086504 0.568815649
 873 -2.18504024 -2.76453644E-02 -1.19716084 -6.80191815E-02
 874 0.963451922 0.386089921 0.412835598 1.15083051
 875 -1.42890060 0.811482787 1.42873442 1.71153188
 876 0.713474333 -1.41003454 -1.67361093 0.359480709
 877 1.65766597 -0.155408323 -0.684867382 -7.96531737E-02
 878 0.435270876 0.382068634 0.936126113 -0.466654241
 879 -0.959615946 -0.924079597 -1.22380161 1.31247699
 880 1.55990851 -1.56130266 -1.99606597 -0.376923621
 881 0.353302300 1.52412534 9.68298614E-02 -2.17837930
 882 -7.15339184E-03 0.807528496 1.41283166 -0.709914327
 883 0.892757893 0.473753750 -0.467554778 -1.72522533
 884 -1.04220891 -1.03164625 -0.402417600 -0.547043979
 885 -1.33322799 0.319249570 1.52388692 -0.839869559
 886 -0.230161965 0.980042815 2.15013528 0.801751196
 887 -0.798234344 0.828818858 -1.25535703 1.31329107
 888 -1.81449473 0.686822772 8.20604190E-02 -0.390948892
 889 -0.996679604 -0.279766947 -0.224001855 0.112385713
 890 -0.112267822 0.472164005 -1.49463952 0.553415120
 891 -2.34046388 2.18973684 -0.425730944 0.844501495
 892 1.11744118 1.16698349 -0.578233242 2.18939018
 893 -1.14387870 1.38449228 -1.27202106 1.16692615
 894 1.36646223 -0.258524418 -0.119693428 0.631012857
 895 0.792535603 0.342779994 -0.990522146 -0.388286769
 896 -0.776466489 -0.792028666 -1.83407664 0.741812885
 897 -0.370110452 -0.110791534 0.277241558 -0.115738884
 898 -0.195648566 0.949142337 0.367494851 -0.491048843
 899 0.303115189 1.14363492 0.361265630 -0.436905205
 900 -8.17405879E-02 1.46480656 -1.94151449 1.90904462
 901 -0.917967796 0.838226378 1.48151886 0.818069100
 902 2.14477968 -4.56104651E-02 -0.454810500 -0.741489470
 903 -0.458555639 -0.481492162 -1.00418305 0.240890846
 904 0.511877954 1.13926947 -0.688693583 0.214642197
 905 2.51107526 -2.20340514 -1.94219291 -0.465938210
 906 0.479438007 -0.155441672 -1.89534605 -2.40800524
 907 -3.23471427E-03 0.840335727 -0.734137177 -1.14571118
 908 0.798868954 1.29649949 -3.36427242E-03 6.63104281E-02
 909 0.125630707 -0.523050904 -1.17943525 0.143664718
 910 0.263324589 2.44651222 1.53921366 1.49673152
 911 -0.874884367 0.687418580 0.198753297 -0.199967802
 912 0.203846931 -0.333694011 -0.497897565 0.112227038
 913 -0.149255604 -1.42561221 1.78380418 1.31785417
 914 0.175631389 -0.275536656 -0.468167424 0.376860738
 915 -0.581930935 -0.122828513 0.257846296 0.810064495
 916 -1.80554318 0.859711349 -0.291106582 -0.264108747
 917 -0.679057896 1.55117214E-02 -0.966506660 2.13795328
 918 0.801928043 -1.12722743 -0.616824031 -0.722201049
 919 -1.90103257 1.91474473 -0.582090259 -0.719891787
 920 -1.36617970 5.42121381E-03 -1.05898380 1.25375319
 921 1.53381266E-02 2.01811051 0.925405025 1.89617193
 922 -0.806625962 1.49095631 -9.59333554E-02 -7.21778572E-02
 923 1.38003767 -1.76625323 -1.75441873 -0.149206325
 924 0.474891156 1.15881741 -0.908362031 0.323435307
 925 -1.69404662 2.20522928 0.258029073 0.755272150
 926 -1.04354596 -1.63102925 -0.845517933 -0.568756402
 927 1.52213407 -2.38075662 -1.89585423 0.161703408
 928 1.14730334 -2.70552993 0.732411504 1.67850065
 929 -0.823825598 0.946514964 -0.902261913 0.815408587
 930 -0.540482879 0.943085551 -2.22132874 1.54430723
 931 0.656523883 1.50588739 6.12465627E-02 0.791320384
 932 -0.320620418 1.48102486 -7.48908520E-03 0.630586922
 933 0.768241704 1.24946928 -0.187372074 0.490709245
 934 -2.03665543 1.58150148 -0.284779489 1.82169604
 935 -2.22150326 -0.829993308 -0.954284430 -7.64226541E-02
 936 1.09656942 -1.98782468 2.27834058 1.99643874
 937 -0.781167746 -2.28446245 -1.50967419 0.375916153
 938 1.19479632 0.669899940 5.54405935E-02 1.51640713
 939 0.113117181 0.804816604 -0.998815477 -1.31921196
 940 0.321927726 1.08250237 0.350242078 0.423156649
 941 -0.227083430 0.930428743 3.25451046E-02 -0.823509693
 942 0.795154989 -0.568417788 -1.76723552 -0.756832004
 943 -0.480524480 -3.45241465E-02 0.617130220 1.42316782
 944 -0.392372727 -1.02570057 0.447783828 -1.77411270
 945 0.635361075 1.74805963 -1.36029267 1.63355255
 946 1.10344648 -1.41154933 -1.32986081 -0.957083702
 947 0.758810759 0.492547423 -0.348088145 0.456964582
 948 -1.35661268 -0.666263640 1.00399363 0.761341155
 949 -0.413729221 1.52999198 0.137601674 -0.420716524
 950 1.06616950 2.61677313 -1.89835358 1.60938942
 951 8.76266882E-03 -0.780746579 -1.51536942 -0.306734025
 952 -1.20706320 -0.602279305 0.878346384 -0.877904654
 953 -0.903099239 8.88132825E-02 0.459077567 -0.393884391
 954 -0.540930808 0.202406466 -1.23070002 0.945126653
 955 -0.393464625 -5.08708805E-02 -9.79046226E-02 -0.328596056
 956 0.531084239 0.613713264 0.231769398 -0.464686066
 957 0.612786412 -0.591980219 -5.13371713E-02 1.63500023
 958 0.452162683 0.149329737 -0.413806826 -1.99320567
 959 -4.25937138E-02 0.977599978 -0.794595122 -2.10285830
 960 -1.57525516 2.11768198 -0.577075660 0.534446120
 961 0.943608224 1.06488431 -2.26323700 1.11272001
 962 0.310463011 -0.476126760 0.526274443 -0.243814126
 963 -0.306846470 0.163026065 -0.916231751 0.617438078
 964 -1.37077284 0.234249964 0.851183653 0.734016359
 965 0.646777809 1.86122429 -0.807042718 1.56686878
 966 1.59905553 0.886716366 0.497567117 -0.211139321
 967 0.688559949 1.99554658 -1.26596451 -6.10452890E-03
 968 -0.226575673 -0.251713663 -0.783410311 0.768335640
 969 -0.267733455 0.693483949 1.24663258 0.199129745
 970 1.07121217 0.419433683 0.623966694 -2.47406507
 971 -2.28261161 -0.210739538 0.989916563 0.436590612
 972 0.561018765 0.350364566 0.925933123 -0.338199764
 973 -1.11903226 1.59293151 0.299164772 1.77707398
 974 -1.05089676 0.434303999 0.840193033 1.01464927
 975 1.08594465 -2.42302608 0.231835932 1.23416030
 976 -0.921862066 -0.417695433 3.63656878E-02 0.532697558
 977 -0.759655178 1.03046465 -1.15866590 -1.96207309
 978 -1.06184351 0.810511053 -0.281699747 4.40124050E-03
 979 -1.40157747 -0.479218900 -1.09358358 -1.37101173
 980 -1.18716228 1.17579031 -1.38274121 -1.64250016
 981 0.392268360 0.691718519 -0.531955183 -0.356458664
 982 -1.40238583 -6.83132783E-02 -1.86297083 0.392602086
 983 0.568405747 0.341058642 0.130165517 -0.906788170
 984 0.370841205 0.877008080 -1.83503401 1.27689683
 985 0.234976605 0.369985223 -0.710125923 0.919577956
 986 0.381752253 -1.06791198 -1.27666664 -0.598762691
 987 1.48273754 9.72086787E-02 -1.10975456 0.358236760
 988 -0.113247879 0.719184041 2.67100334E-03 -0.255721390
 989 0.121418715 1.00265932 -0.638956666 -1.77618122
 990 -1.39179373 -0.789456069 -0.427136749 1.18542039
 991 0.279700905 0.914923429 -0.956561089 1.34979630
 992 -0.545234263 -1.57928431 -5.49858510E-02 0.237582147
 993 1.62945509 -0.826529503 -1.13423014 -0.575545609
 994 8.59890580E-02 -1.62404871 -1.30797660 -1.37688279
 995 -1.15910208 -0.189542294 0.138904989 -0.880659819
 996 1.15563154 0.611442506 0.543249190 -0.302022755
 997 -0.236713603 1.65922749 -1.02752626 -0.337417513
 998 -1.79433465 -7.02375993E-02 0.456070781 0.909462988
 999 -0.549493313 0.128857583 0.807674706 -1.21812177
 1000 -2.24696323E-02 1.70472789 1.17132950 1.25008583
 1001 -0.194009438 -2.50900835E-02 0.351381332 0.575680137
 1002 1.37747455 0.291148663 -0.953116059 -0.785067141
 1003 -0.497748882 -0.149899691 -0.501177847 2.14188409
 1004 1.53453326 -0.207856804 1.43521059 -1.02495146
 1005 0.491673917 0.929165363 -0.764622211 -0.916484892
 1006 -0.185983121 1.64764130 0.448381364 -6.04185760E-02
 1007 0.934486270 -0.766784132 -0.644683421 -0.283327103
 1008 -1.39431691 0.407594264 0.328244328 1.99617136
 1009 1.03686786 -0.248135582 0.213226885 1.70322311
 1010 0.624097645 -0.436208904 0.377553135 1.47452617
 1011 -0.901825786 -7.92254061E-02 -1.27187502 -0.283028096
 1012 0.976257682 -1.51873195 -0.798204422 -0.220196798
 1013 -0.572689772 0.367734849 -0.177414268 0.796120226
 1014 -0.118489951 -0.525785446 -1.78920150 1.50623858
 1015 -0.279160321 0.149596184 -2.37081623 0.374436677
 1016 0.635435820 1.21380460 -2.25463915 -1.80604172
 1017 1.66827202 0.541809201 -2.08131599 0.333464921
 1018 1.08513308 -1.18682230 -1.10993040 -0.382685453
 1019 0.339042127 1.44085026 0.639214098 -0.447987646
 1020 2.71591544E-03 0.136429638 0.988528430 5.93120456E-02
 1021 0.258237720 0.787131071 0.638514876 -1.31632733
 1022 1.17679501 -1.19753361 -0.614451528 -0.912946880
 1023 -1.85783005 0.472081184 -0.896790981 0.423593134
 1024 0.918021798 -0.758353353 0.150087431 0.754750013
 1025 1.69137788 0.977843285 -1.23752344 -1.21046233
 1026 -0.243141249 -0.844674647 -1.03499043 1.06463659
 1027 -1.25577331 0.208157316 -1.11726272 -0.833936691
 1028 2.12257671 -0.444238901 -0.559390903 0.183368683
 1029 -0.360140324 -0.831716716 -1.99395883 1.30255914
 1030 0.192812949 -1.81060898 -0.845653892 -1.94845533
 1031 -0.615138412 1.08456814 0.713597894 1.42949772
 1032 -0.713373661 0.292128652 -0.541574836 -1.28306603
 1033 0.985237479 0.498422533 -0.142833188 -0.515873551
 1034 0.550269604 1.51024890 -1.71394503 2.33808458E-02
 1035 -0.769580662 0.245929495 1.80562079 1.27311397
 1036 -1.22862422 0.227794304 0.269250602 -0.126642108
 1037 -0.238894492 0.432893813 -2.11859965 1.08322203
 1038 0.342658579 1.19384730 -2.25692558 -0.563576698
 1039 0.470073581 1.96605825 0.510353744 1.00361049
 1040 0.740623951 1.80240119 -2.42618108 0.723543286
 1041 -0.939624846 1.54040980 0.768268824 1.34133542
 1042 0.270872563 0.614018142 1.19264591 0.741953731
 1043 0.585337222 1.89101613 -1.52289450 -0.412479758
 1044 -8.50464553E-02 0.696409464 0.748037398 1.23810995
 1045 0.943664312 1.10332131 -0.748838902 0.735280514
 1046 1.44402361 0.333990514 -1.86915755 1.35161352
 1047 0.245373845 1.07510936 0.240787894 0.410079360
 1048 0.958569407 1.26324952 7.32982010E-02 1.41572428
 1049 -0.479614556 0.902739763 -1.44894075 1.07992423
 1050 -1.30597353 0.202339962 -0.162308276 -0.146195814
 1051 0.414956808 2.22977448 -0.276968539 1.00323319
 1052 0.721979380 0.337913632 -1.25256252 -0.363307029
 1053 0.776052773 1.53194726 -1.06916237 1.26295018
 1054 -0.337501436 1.51457214 0.978826284 1.17675185
 1055 1.63596106 1.09612930 -1.20896173 0.992361844
 1056 0.819744587 1.67557299 -1.26137221 -0.212922335
 1057 0.120743774 0.835664690 -2.00616598 1.12726974
 1058 0.409298003 0.360915184 0.725438893 -0.276412547
 1059 -1.30524898 2.24868393 -1.81886292 -0.240350440
 1060 0.716024578 1.41626859 0.317976236 1.43652558
 1061 0.676327467 0.438747585 -0.447651267 -0.305293500
 1062 1.22469294 1.27094722 -0.752073288 0.916233480
 1063 -0.609183133 1.34224665 -2.14452529 1.67905521
 1064 0.206666976 1.87686181 0.349545687 -0.691250086
 1065 -0.686912715 1.15041125 0.571425855 0.954742908
 1066 1.75244951 -0.292792797 1.17346644 1.37133634
 1067 0.773400903 1.01873779 -0.844970703 1.37356949
 1068 6.00170046E-02 2.26570988 0.596854091 1.45996010
 1069 1.37194014 1.53442895 -1.58865213 -0.549931169
 1070 0.587271214 0.198522449 0.511797667 1.44817734
 1071 -0.350306898 0.809916973 -2.22154713 -0.356372684
 1072 1.11497808 1.16830111 -1.68894875 -0.254967004
 1073 -1.24960721 1.78983212 -0.467606544 0.863740742
 1074 1.72549725 0.548046291 8.22072849E-02 -0.180709332
 1075 0.297098428 1.32964444 -3.20985270 -0.248982117
 1076 1.15694714 1.24098659 0.129510999 -1.36201084E-02
 1077 0.407983273 0.838288724 -1.26956344 1.07570612
 1078 -0.219006523 2.14403582 -0.240315631 1.44052315
 1079 0.577041805 1.28743112 -1.44219971 2.07259059E-02
 1080 -0.518119872 -0.287648290 1.45844281 -0.410449415
 1081 -1.43188286 0.415147603 -2.23973441 -0.482247710
 1082 -0.411229104 0.189105004 -0.690678954 1.07518065
 1083 1.78396297 1.05023408 -1.29111040 -0.670938134
 1084 2.44989109 0.859587669 -0.791719019 1.40470386
 1085 -2.63358057E-02 1.44507778 -2.94928908 0.371427864
 1086 -0.200345144 1.41514373 -3.04635644 0.686436296
 1087 0.575896740 0.997217953 -1.09280050 0.859953582
 1088 0.823012233 1.94047117 0.652816832 1.06026757
 1089 0.290423453 0.598080873 -0.347802162 -0.166865021
 1090 -1.15544069 0.577341437 -2.22659063 0.705759048
 1091 -0.291662544 0.937648237 -1.56033909 0.739882588
 1092 0.147074670 0.557825923 -2.96295929 1.07976234
 1093 0.248264015 0.657502055 0.559919834 -1.46211338
 1094 -0.865496039 -0.293459892 -0.286654800 0.961503923
 1095 -1.01559401 0.672122836 -0.566263795 1.47130442
 1096 0.637820125 0.972943902 -1.28335655 -6.18071109E-02
 1097 0.868345320 1.22279406 3.58961523E-03 1.19134879
 1098 0.424130499 0.667071044 -1.71092463 0.632425666
 1099 -0.466085076 1.58453214 -2.43652868 0.340472579
 1100 -0.384749711 -0.279007494 -3.60937572 1.55159009
 1101 1.93204474 0.618269205 1.05654049 1.15800714
 1102 1.40444386 1.74413753 -1.21895564 0.888520539
 1103 0.128551900 1.62331140 -1.41087019 -0.510873914
 1104 -1.32014215 -0.266790539 -1.84408998 1.19176054
 1105 -1.32022607 1.34454024 -0.288628012 0.303261817
 1106 -0.931826413 0.792118490 1.75759006 1.02252650
 1107 0.263469636 0.157051444 -7.64780119E-02 8.85368139E-02
 1108 -0.117076606 -0.280720115 -0.687090874 -0.635151088
 1109 -0.750064373 1.43650746 2.32838392E-02 0.248650402
 1110 -0.499802947 1.17430711 -8.60175490E-03 1.17889845
 1111 -1.04331708 1.16807687 -0.195224971 0.194743767
 1112 -1.04662669 1.24681282 0.277744651 0.849977314
 1113 -8.99748504E-02 0.911703467 -1.18374085 1.41980207
 1114 -0.616753101 0.324804008 -0.275858402 0.527106881
 1115 0.781611681 0.299355268 -0.499013186 1.35241699
 1116 -0.408461392 0.629350722 0.739741325 6.14707470E-02
 1117 1.12563694 1.30026960 -1.00812078 1.10176492
 1118 1.52788448 -0.216899455 -0.683761299 0.956598043
 1119 1.07007587 0.895663321 1.25063717 0.997073948
 1120 0.245392695 0.713420928 0.218002662 1.09579301
 1121 0.449329138 0.623333633 -2.59911716E-02 0.968439460
 1122 5.52861728E-02 1.51662326 1.12068379 -1.49728489
 1123 9.83498245E-03 0.109002329 -1.99831665 -1.20062757
 1124 0.423308671 1.54520798 -0.807735503 -0.250802040
 1125 0.626084924 0.869031847 -0.541734159 0.471513838
 1126 -0.870636642 -0.437331617 -0.820487320 0.170335412
 1127 -0.329505742 7.33588263E-02 -1.53798687 -0.589084804
 1128 0.300194442 1.09078634 -0.318517148 1.64769149
 1129 -0.978143573 0.714431882 -0.212652400 1.10548067
 1130 0.231616586 1.09961283 -1.33184123 0.666712403
 1131 1.84802210 8.63309428E-02 0.343492121 0.991069913
 1132 1.36652421E-02 -0.186644971 -0.652297795 0.770592093
 1133 0.595080972 0.247767136 0.245459348 1.21897089
 1134 -1.12194538 -1.15944445 -0.284023583 1.61798239
 1135 0.323069394 1.58707356 -0.889405727 1.29251575
 1136 -0.829715073 0.925492048 -0.821820140 0.159097239
 1137 0.546838403 -0.854000747 1.36178100 1.46602416
 1138 -0.258745015 0.356848568 -1.16959894 0.489592731
 1139 0.678800523 -0.536271870 -0.619351745 1.27009892
 1140 0.816388428 -0.945697308 -0.354515553 -0.632164359
 1141 1.46032810 -0.467116296 0.451043248 -0.884441674
 1142 8.54281187E-02 -1.49189997 -0.585554481 -1.33969581
 1143 0.468553483 -1.31249440 1.16156936 2.25809216E-02
 1144 0.459238321 -0.729323268 0.244311422 -0.841894865
 1145 0.513649940 -0.929885507 -1.02959967 -0.196463570
 1146 0.696038187 -1.00734401 -0.940805495 1.03274226
 1147 -0.373081028 -0.419723928 -1.19456542 0.999717295
 1148 -0.480671912 -4.03398573E-02 -1.12775207 0.346245706
 1149 0.302899778 -1.62046373 1.26499069 -1.26211178
 1150 -0.233496845 -1.49370813 1.09095466 0.181744546
 1151 -4.43579853E-02 -1.59019399 -0.864530683 -0.362265527
 1152 1.40377343 -0.787662446 -0.626679957 -1.44706440
 1153 0.616436601 -0.884420514 0.147475332 0.356303275
 1154 -1.24759603 -1.68523371 0.994956791 -0.418716073
 1155 -0.167456865 0.322909862 9.73377004E-02 1.15684223
 1156 0.702870369 0.138468251 1.41366518 0.413181335
 1157 3.10428882 -1.04018140 -0.517498076 -1.64932346
 1158 0.860469997 -0.578493595 1.73572791 -0.971472681
 1159 0.245934501 -0.192721486 -0.405373424 -2.51770902
 1160 -0.337341666 -1.52097499 -0.892302930 -0.848568261
 1161 1.43268383 -0.126628131 4.72341776E-02 -0.767750442
 1162 -1.31373203 -1.64351737 0.820338190 -2.41439080
 1163 9.97610539E-02 3.23688388E-02 -0.560293913 0.452892751
 1164 -4.88291532E-02 -0.749132216 -0.328469455 1.43142557
 1165 0.216532022 -2.72483778 -0.349766612 -0.308311611
 1166 0.975970685 -2.51662016 -0.364228010 -1.97356462
 1167 -0.609372318 -0.228017107 -2.00786293E-02 0.236033469
 1168 1.02323043 -0.860533357 -5.95927238E-02 -1.33521998
 1169 0.106849998 -1.15528941 -0.486656487 -0.730395913
 1170 1.50469208 -0.756594300 1.29380453 0.613880455
 1171 0.394880056 -1.62308598 -0.511339009 -1.23364770
 1172 1.34112787 0.430466056 -1.16356421 -0.138987258
 1173 1.04156685 0.257728636 1.25105667 -0.631707191
 1174 -0.398061633 0.655706584 -1.13918662 1.30325079
 1175 0.300586909 -1.98102188 -0.532444179 -0.711810410
 1176 -9.72581953E-02 -0.799269855 1.28970337 -0.531079292
 1177 2.70136952 0.287772596 1.88132131 -1.02801204
 1178 1.54155004 -0.287879854 -1.91423166 0.748984575
 1179 0.818826318 0.599329472 0.291002333 1.12211561
 1180 -5.64429611E-02 -1.00091743 -0.435259521 -1.10683823
 1181 -0.617750287 -1.57937706 0.394543439 0.294884026
 1182 1.20777202 1.24220562 -0.230672851 -0.870707035
 1183 -1.24708986 -1.25091839 1.28568923 -0.311420679
 1184 -0.256582588 9.32302326E-02 0.556487620 0.707277596
 1185 -0.465989947 -1.51612556 0.876187742 0.694421291
 1186 -1.10481024 0.442957938 -0.185894459 -0.994531512
 1187 0.762665331 -1.17146218 7.85487294E-02 8.17729607E-02
 1188 0.452817142 -0.429279327 0.307421833 -8.40599984E-02
 1189 -0.167952940 0.210494235 0.553952575 -0.928799689
 1190 0.494186044 -1.54500318 0.508623540 -2.07342863
 1191 0.435275286 -0.712756038 1.96484697 -1.79800522
 1192 -0.104109108 -0.392682225 -1.81769514 0.544711292
 1193 0.573038876 -1.27104771 -0.895836473 -2.08290696
 1194 1.82724380 -1.12926972 0.706721187 -0.985464454
 1195 -0.400390506 0.110370994 0.179121107 0.195789233
 1196 0.565690339 -1.46344745 1.35086477 0.100991726
 1197 0.843387187 -0.461119354 -3.79524082E-02 -0.586916089
 1198 -0.151551008 -0.639448643 0.465017736 -2.44712532E-02
 1199 2.50603008 -2.08391190 2.12778640 -1.73693788
 1200 0.436821461 -0.557210326 0.342244267 0.856783390
 1201 0.294403046 -0.457565397 -1.01577210 -0.579458177
 1202 -1.75633454 -1.74769914 0.361797541 -0.161839917
 1203 -0.418413758 -0.195921928 0.191481695 0.850705385
 1204 -0.207881287 -1.38902843 -0.386897951 -0.211836994
 1205 -0.173904598 -1.72731543 0.645196915 -0.972844958
 1206 0.141335458 8.65064636E-02 -1.74615347 -1.20788240
 1207 -0.321340322 -0.382720947 -1.04099464 -0.177194536
 1208 0.269601494 -2.47762322 -0.697894096 0.762089968
 1209 1.40379369 -1.99889076 1.33552802 -1.57953596
 1210 0.228014499 -1.50904381 0.565042078 -1.13976991
 1211 2.08502388 -2.11991167 -0.292781740 -0.791588366
 1212 -0.190580592 -1.26049113 0.115652084 -0.572439969
 1213 -1.21935034 -2.28797531 0.452895403 -1.61059678
 1214 -0.531849086 -1.31581068 0.190749004 0.688591480
 1215 1.20490170 -1.99571526 0.812680066 -2.20180893
 1216 -1.93266654 -0.545696974 1.71600997 1.20973754
 1217 -0.809850633 -1.00206089 0.267241776 -1.26561356
 1218 1.83695960 -2.55053592 -0.189515069 -2.33523989
 1219 -0.535169959 -0.857415795 6.45919368E-02 -2.20112371
 1220 -1.49703395 -1.97696149 0.789002538 -0.434759110
 1221 3.62372351 -9.47721824E-02 1.41401625 -0.211272031
 1222 -1.72824860E-02 -3.37746286 5.99592477E-02 -0.688977599
 1223 0.960000336 -1.44282377 0.542140365 -0.471580476
 1224 2.11678171 -1.13414741 0.775622249 -1.32396674
 1225 -0.596663773 -2.51271868 0.525478780 -1.47925925
 1226 0.782290280 -2.03877926 0.443520457 -1.19242954
 1227 -0.921223164 -1.33927047 -1.53609538 0.645194411
 1228 -0.883733630 -2.01235485 -0.112521380 1.66485310E-02
 1229 -0.196694434 -1.11000371 -0.743090212 -1.05080700
 1230 -1.65174127 -1.61703420 0.299129903 0.133435309
 1231 0.767248452 -0.704601407 -1.10986030 0.338832825
 1232 -0.633319259 -0.850701332 0.647428989 0.195286080
 1233 -0.753142834 -0.457680851 -0.742225587 0.630965889
 1234 0.466512591 1.49007332 1.07489336 -0.386128783
 1235 -0.788120985 -2.34218454 -0.117909096 -1.83193684E-02
 1236 0.191548556 -0.558753133 -7.38652945E-02 0.586830020
 1237 -0.226938471 -0.818052888 0.152395085 -1.58713245
 1238 -0.173683718 -1.60014105 0.797726750 -0.206785470
 1239 1.02782083 -0.184784546 2.44587111 -0.361119270
 1240 1.54469669 -1.03570259 -0.474316716 1.30206895
 1241 -0.876678348 0.402455002 0.260156274 1.15918624
 1242 -0.850906074 -1.75817347 -0.622657895 0.205685645
 1243 -1.43451715 -2.38226151 0.197222859 -0.744156122
 1244 -1.45378149 0.297682703 1.70344806 0.412841052
 1245 -9.17805433E-02 0.961310744 0.288277268 -0.622153401
 1246 0.531348526 -1.19405031 -0.972469389 -0.458998561
 1247 1.54527843 -1.64550543 0.303270817 0.864673316
 1248 2.52147031 -0.235002980 0.160284400 -1.99612308
 1249 0.106883556 -2.25949883E-02 -0.339944005 -0.755857468
 1250 -0.755764246 -0.727931023 0.755627275 -1.19123816
 1251 1.46223915 -1.58971441 2.15487003 -2.07659817
 1252 0.597562194 -0.723989725 1.23945832 -2.26567650
 1253 1.57311249 -0.392346203 -0.539317369 -2.11828923
 1254 3.00004935 -1.69530761 1.41823745 -2.13484621
 1255 0.855347633 -0.861467063 0.222136319 1.26419365
 1256 -1.61777866 -0.404550612 -1.72393346 -0.981617451
 1257 2.56666946 -2.36740541 1.44515443 -0.169116259
 1258 -0.900253654 -0.676609576 -0.559891701 -2.18819666
 1259 1.78554058E-02 -0.847425520 -0.244425371 -1.46862686
 1260 0.427541584 -2.06453633 0.504570484 0.367531240
 1261 1.95019531 0.189511180 0.501449645 -0.328835040
 1262 -0.207390577 -1.71883416 -0.278529018 8.98315161E-02
 1263 1.16576648 -1.33056068 -0.987020671 1.23701394
 1264 -0.587077975 -1.45994043 1.24642897 -0.276691914
 1265 1.00109994 -1.59842420 0.651185334 0.161309689
 1266 -0.616147161 -1.23289609 -0.349481106 -0.415282935
 1267 2.76721907 -1.11575985 1.62234449 -1.57143295
 1268 -1.10567749 -0.513149261 -0.267042577 -1.78150892
 1269 2.34080505 -0.250215918 -0.583815873 -1.46300852
 1270 1.45749366 -1.40510488 0.570180416 -0.683256269
 1271 -5.05590960E-02 -0.993255675 1.26413393 -0.179712504
 1272 -0.192455202 0.124254599 -5.32058626E-02 -5.37437871E-02
 1273 -0.477012217 -0.884785175 0.734250963 -0.376740187
 1274 -1.02245271 -0.565905273 -0.663194835 -1.52934170
 1275 -1.68485284 -0.208341897 0.373550713 -1.13637078
 1276 1.16343164 -1.38441563 -0.209375635 0.920076787
 1277 0.730111122 -1.77966154 1.33934700 -0.535001993
 1278 -1.33622730 -0.402899563 -8.40293840E-02 -1.29684818
 1279 -0.828095794 0.523924232 -0.303860068 -0.583246946
 1280 0.582285881 1.24966741 1.11831760 -0.672687709
 1281 -0.224863231 0.113092363 -0.555660367 -1.02939487
 1282 -1.10386205 0.533125937 0.134893224 -2.20126033
 1283 -0.750320137 -0.767575562 0.330158353 -2.42647743
 1284 -0.169813588 1.64236915 -0.406984568 -0.392218560
 1285 -1.81319869 -2.65170932 0.517969310 -0.461208165
