 1 0.631445527 -1.06999135 -0.405302823 -0.814339101
 2 -0.697984457 0.149554908 0.501707017 -0.884106040
 3 0.574285150 0.634634972 -0.359484613 -1.42327929
 4 1.39653015 0.373449206 -0.219495237 1.23425007
 5 -0.514838099 1.01588631 -0.168671399 2.79528880
 6 0.172814295 -0.501453400 -0.916988134 -0.112922877
 7 0.639626503 -0.672291458 -0.588981628 -0.207403302
 8 0.403870702 -0.570740938 1.08301830 3.31572667E-02
 9 0.132674217 -0.451551795 -1.04453373 7.51949251E-02
 10 1.57642305 8.73621479E-02 -0.446192920 0.420936435
 11 0.244817942 0.960414827 -0.568932474 2.14236164
 12 1.04385316E-02 0.755977511 0.591347039 -0.204497889
 13 0.777360559 0.227025241 8.04145560E-02 1.14702845
 14 -0.905614972 0.319876909 -1.69179201 0.217016816
 15 0.366150856 0.351901770 -0.562833965 -1.18166983
 16 -0.156799734 -1.72066224 -0.613304913 -6.35176897E-02
 17 -0.945714593 1.19867373 -0.490111977 -0.788786113
 18 1.13787556 -0.562559485 0.533546865 -0.779301167
 19 1.77546406 0.970717788 -0.936516047 -0.967525125
 20 2.24675012 -3.89273018E-02 -1.35962284 0.996505201
 21 -0.277223557 1.83575749E-02 0.104287654 1.21420431
 22 -1.41901731 0.158522397 0.177141622 -0.356115222
 23 1.59823966 1.00353479 -5.51850535E-02 -0.230133951
 24 1.06724620 -1.06891823 -1.22783089 0.374071240
 25 0.261157870 0.802552998 0.442412049 5.54795787E-02
 26 0.132721215 -1.15125930 -1.76543534 1.56128371
 27 -1.56848872 -0.668212414 2.12411857 0.815411627
 28 -0.794157088 0.573269665 -2.50281572 0.316214681
 29 -0.227578998 -1.38845229 -0.686311185 -0.502667427
 30 -0.612661541 2.24877310 -0.536254644 -0.965345562
 31 -0.459844470 -0.995745063 -0.248121992 1.24644637
 32 -2.26254153 -2.07142830 -1.79306567 -0.261299312
 33 -1.04619050 0.415808201 0.713007092 -0.228225484
 34 -1.64132798 1.74359000 0.270639867 2.14530802
 35 0.326131821 0.429398507 1.32208383 1.16043496
 36 -1.18389094 -0.428356767 0.748840809 1.23084044
 37 0.788587630 -0.531299114 0.955930293 -0.419006646
 38 1.03346741 -0.857908845 -2.06346607 0.802231550
 39 -0.944291651 -0.538246870 -1.54037547 -0.606538713
 40 1.51790035 1.11057353 0.112621456 -1.10097766
 41 -0.615807295 -1.31814492 0.114450693 1.17216182
 42 -1.04261112 0.932479501 -0.271378458 0.467724383
 43 0.242838636 1.13495409 0.961699784 -1.22113252
 44 -0.146431029 1.77239299 -0.659759521 -0.992545307
 45 -4.40418124E-02 -1.97267270 0.521007180 0.772115588
 46 5.14792055E-02 -0.778284013 -9.58084539E-02 -0.838272810
 47 0.321238756 -0.296580970 0.869627237 -0.590740621
 48 0.390911877 4.03198749E-02 -0.915366769 -0.490440071
 49 1.10966218 -0.657248080 0.493563950 1.01659071
 50 1.29518306 0.734951019 -0.596158087 -1.14286137
 51 -1.06649685 -1.38733888 2.09461975 -0.983433604
 52 -0.664348602 -3.14467359 -0.810729265 1.29232526
 53 0.478248537 1.70902753 0.140656799 -0.187227011
 54 1.20560932 -0.926760912 -0.150752380 -0.813909769
 55 0.801939964 1.04625762 9.09768194E-02 -0.147985727
 56 -0.544917047 -0.110672057 2.19056511 1.03898466
 57 0.603729725 -0.135847181 -2.22918606 -0.624270558
 58 -1.68233061 -0.351116657 -1.23232663 -0.634460866
 59 -1.17267311 0.864733875 0.354723275 1.22971749
 60 -0.523446441 0.351822138 -0.111579925 -1.14610028
 61 0.186391369 -2.64254212 -0.514835477 0.353062034
 62 0.538558006 7.29277581E-02 1.07453275 -1.30809116
 63 -0.992977381 -0.963345170 -0.200897828 1.46398771
 64 0.156369850 -0.652289987 0.192201033 -0.390736997
 65 -0.364970148 1.76209641 -0.903649449 -0.426860064
 66 -0.479418874 0.718902588 1.92016172 -0.457545221
 67 0.797988892 -0.215402082 -1.57503474 0.390267789
 68 0.201753378 0.505636215 0.322247624 -0.453497827
 69 0.207529306 -1.40836298 1.66655290 -0.197807401
 70 -0.718451619 -1.30740976 0.280856162 0.985947251
 71 -0.151294321 -1.45956790 -1.00383592 0.987883329
 72 0.919467092 -0.743305802 0.449981272 0.570925891
 73 0.786886752 0.437693954 -1.91188955 -1.60273588
 74 -0.523338974 -0.237370998 -1.08363044 1.16405809
 75 -0.313597530 -0.834426880 -2.05192947 0.958259821
 76 -0.124998584 0.946816444 2.79426885 -0.163175911
 77 -0.564919829 1.72029257 -0.972611964 -1.92084324
 78 0.399070054 1.41682839 -1.95301461 -1.59138656
 79 8.14805701E-02 -0.677351832 -1.99564815 1.21174538
 80 -1.42961192 0.152596205 -0.817443967 1.38739753
 81 -0.233510584 0.788224220 -1.04526424 -0.466025382
 82 1.69240975 0.771531582 -0.211745918 1.03699338
 83 4.37090509E-02 -0.217583239 -0.292568326 -0.834726930
 84 -0.142344251 -0.607734025 0.408297062 1.09875762
 85 -7.89445639E-02 -1.31103325 -8.25071931E-02 2.10804200
 86 -2.76508999 1.12545133 -1.58228135 -1.29242420
 87 0.209470600 0.695596516 -0.622770786 2.92198324
 88 0.211707309 4.55869883E-02 -2.12678957 -1.36087835
 89 -1.58770752 -5.77499866E-02 2.83279037 -0.166437835
 90 -0.192445725 -0.408157110 -0.263087749 1.09109116
 91 -1.62542892 0.700903833 -0.661200821 1.31770468
 92 5.58749586E-03 0.116802879 -1.92627203 -0.966619372
 93 -1.34329593 0.895580530 -0.468899667 1.27260137
 94 -0.659373701 9.86121744E-02 -0.304033101 1.09984040
 95 -0.538671970 -0.295538336 -2.48461068E-02 -0.293600321
 96 -0.948688626 -1.68416917 -0.469761789 0.587713838
 97 2.27419662 -6.78910613E-02 -0.204759464 -0.122903839
 98 2.10696077 2.17445207 -9.66528356E-02 -0.713739157
 99 0.601381183 1.59489572 -1.46570730 -0.958921611
 100 0.757260442 -0.956748962 1.10972607 -7.68393278E-04
 101 -0.677096546 -0.174769580 0.541332483 -1.39642644
 102 -0.887285113 1.06289506 5.90997934E-02 -0.536943674
 103 -0.451280177 -5.51311672E-02 0.726944327 1.41179633
 104 -0.622696579 -0.430370122 0.304849595 -1.04368019
 105 0.457875431 -1.47169542 0.619038820 -0.997495472
 106 -0.660580754 -8.09096768E-02 -0.121160477 0.634049475
 107 2.51418352 -0.223901615 -0.189104438 -1.05605078
 108 2.10594678 0.693915069 0.356104285 -0.220562398
 109 -6.83638453E-02 1.33054090 -0.286268085 0.145909816
 110 0.408662736 -3.40808555E-02 -1.28310418 -1.22354913
 111 1.61391175 -0.655013561 0.615724325 -1.55839777
 112 1.53810585 -0.597935438 0.712736964 0.121849172
 113 -0.782210886 2.01853776 -0.675453186 0.690002620
 114 1.15375042 -0.392782271 0.701879501 -0.735295534
 115 0.730324268 1.31835890 -1.40939844 0.748581409
 116 -0.803773165 -4.35993373E-02 0.947289586 -0.442880630
 117 -0.544455171 1.03494239 1.07758594 -0.410538495
 118 1.53847265 0.615885794 -0.543720722 -0.500055373
 119 -0.715029359 -0.489458203 1.47463191 -0.758851171
 120 -0.287543595 0.640925646 1.37203074 -0.532672524
 121 -0.801145852 2.14768171 9.85334814E-02 2.07867908
 122 -2.13069725 -0.545046687 3.87627673 1.16200292
 123 -1.85849202 1.08034027 0.544680357 1.05960977
 124 1.76299369 0.226769775 -0.843552411 -0.533618629
 125 -0.529941976 1.01226401 0.674136937 -0.422060877
 126 0.251652896 -0.703575492 -0.670550704 1.36613727
 127 -0.353383958 0.904534817 -1.18439937 -0.205028147
 128 -0.207424849 1.64767671 7.30187595E-02 1.08053565
 129 0.176048517 -0.488725960 -0.801279306 0.685201645
 130 -0.434460282 7.98362494E-02 -0.159559071 -0.251413614
 131 -1.55920982 -0.356783211 -0.808433890 -0.151873350
 132 1.80974174 -0.794234335 0.576180100 5.22911549E-03
 133 -1.00482917 0.505083144 1.07398605 -0.991534770
 134 -2.64925909 -0.641283870 -0.311365902 -3.89921665E-02
 135 -0.520748734 0.271641195 -0.711500764 -1.36309266
 136 -2.15856671 1.56156385 -0.353093117 2.79832625
 137 2.25663900 1.20494843 2.04101801E-02 -0.850260139
 138 1.35075366 -4.16519567E-02 -0.508547604 -0.778150737
 139 -2.23254347 -0.492945433 -1.19566941 1.00067592
 140 -1.07236004 -1.16814446 1.97122085 -1.13237500
 141 1.01451111 -0.214489222 0.571762383 -8.36814344E-02
 142 0.542077243 0.632655919 -0.592967153 -0.257108867
 143 -0.927564144 1.61528039 0.501903713 -0.634530604
 144 1.03447199 0.529436350 -0.980790675 -1.33452821
 145 -1.20526850E-02 -1.45726371 8.63048360E-02 1.09560192E-02
 146 -0.420583487 -1.28580570 -0.693042994 -0.749407768
 147 0.941873908 -0.210611388 -0.377580464 -0.317806005
 148 1.52810907 -1.38147175 1.76269758 -0.147332430
 149 1.00510156 -1.09560966 -0.440119117 -1.23008227
 150 -1.72733104 0.608732760 1.30218053 -0.384162307
 151 2.84225893 -1.39801121 0.530535102 0.129986197
 152 0.489682972 -1.34923327 0.377376050 0.326315820
 153 -3.60715389E-03 1.88947010 0.266759038 -0.880349338
 154 -1.00341308 0.380951047 0.434903026 -0.923846245
 155 0.428865731 0.323775411 -0.621997356 1.08332253
 156 1.51462221 -0.528343439 4.54640985E-02 1.40677881
 157 -0.310591489 0.791253805 -9.33182389E-02 -0.457971662
 158 1.70269096 0.165803447 -0.548468590 -0.377540529
 159 -1.66470599 1.44231021E-02 -0.287210643 1.00363398
 160 7.84803331E-02 0.378443360 -1.24229991 0.377165407
 161 -2.35249877 0.240754128 8.17549229E-02 -1.02354240
 162 -2.82724380 -1.28924704 -0.968523204 -1.32902116E-02
 163 0.867096186 0.533418298 -1.85275137 -0.258913636
 164 -1.96291912 -0.890567124 0.597660542 0.730000913
 165 -0.782142878 -1.72915983 -3.10391188E-02 0.782397091
 166 -1.79569948 -1.23866570 -0.744275153 1.24047840
 167 -0.701267660 -2.01751161 1.05603981 -0.300520301
 168 0.110615000 -1.96758342 -0.602737904 2.75467014
 169 7.46029913E-02 -0.704655528 2.16968799 0.384381831
 170 -0.740424991 0.747387111 7.18303919E-02 -1.37268591
 171 -0.297214508 -0.378150135 0.455849886 -0.460780561
 172 -7.17315972E-02 -0.848528981 0.532403946 -0.359540641
 173 0.140762344 -0.394432127 -0.568251133 0.873552978
 174 -0.649321556 -8.48669410E-02 -0.660319269 -1.02029681
 175 0.658698738 -0.521186590 -0.244785309 2.69440389
 176 -0.860802650 -1.29393137 -0.526228368 1.45244348
 177 1.45154631 1.59370923 0.705116093 -0.449064553
 178 -0.566395402 0.655324519 -0.989174426 -0.267896652
 179 -0.736176670 -0.203919545 0.418923795 -0.272829235
 180 -0.837910712 -1.55972540 0.604832053 1.21728206
 181 1.08312035 0.615244269 1.51469374 -0.585472822
 182 0.134609103 -0.878514647 1.24642205 -0.516495585
 183 1.83850026 0.159706235 0.634635389 -0.146810710
 184 -0.155770808 0.357140779 1.08814847 -0.775695026
 185 1.32707167 0.490411758 0.139404491 1.52567983
 186 1.05616844 0.276051998 2.77311039 0.716350198
 187 -6.60642162E-02 -0.757623076 2.21868730 -0.576649427
 188 1.52243745 1.29132342 1.41572356 -1.14708781
 189 0.418629587 -1.00007892 0.620849550 1.84570491
 190 0.700340807 -0.476313174 1.01796091 -0.694467485
 191 -0.706159234 -1.23245454 1.22430861 -0.534651339
 192 -0.361130893 -0.922134697 2.20610023 1.20522296
 193 -0.993436217 7.87463486E-02 2.61860013 1.37448907
 194 0.773859978 -2.21566856E-02 -0.287367404 3.08531225E-02
 195 -1.20836854 0.870869756 0.505450428 -0.147711575
 196 -0.564485312 0.246029258 0.940138340 -0.659715056
 197 0.704074264 -1.06862628 1.31058955 1.22589529
 198 -0.324688643 -0.897210717 1.75141025 2.34438300
 199 0.776334167 0.853731990 0.547406793 -0.171509564
 200 1.33764958 0.105728403 -0.799261332 -2.54044831E-02
 201 -0.616331816 0.133452445 -0.951281071 1.95836532
 202 -0.161075830 -3.19167301E-02 1.34697008 -1.05941319
 203 -3.64121348E-02 -1.25345445 8.91265720E-02 2.95527649
 204 0.158541590 -9.30538848E-02 -0.619847238 -0.701399863
 205 1.06564796 -0.281573772 -0.798976839 -1.11899340
 206 3.12019587E-02 1.42768097 -0.500492215 -0.310558885
 207 -1.50832558 -0.787264466 -0.748275995 0.375622571
 208 0.181453452 -0.544840991 -0.943350971 -0.775750697
 209 -7.78366625E-03 0.126401305 -0.557494283 -0.656746030
 210 4.44170237E-02 -1.19624209 1.96127594 1.83337903
 211 -1.67468715 0.310692459 1.94383454 1.45248413
 212 3.77464741E-02 0.964680791 -0.962975383 -1.44009161
 213 -1.19589794 -0.822048843 -1.34881747 0.794183135
 214 4.81422693E-02 2.08249593 1.64993775 2.62772179
 215 -0.354476720 -1.62381566 0.460490465 -0.235630736
 216 -1.29321873 -2.33634019 1.41476631 0.817700982
 217 -0.531516433 -1.22750354 -0.573754907 -0.183408573
 218 0.172290817 -0.175952673 0.747487724 -4.35273200E-02
 219 -1.58127427 -0.393940449 -0.418583244 -0.866458118
 220 1.10042286 -1.51499248 -0.525702536 0.640296042
 221 -1.61869121 -0.391095519 1.32656157 1.18393028
 222 0.799283326 -0.927035689 -1.43236840 -1.08919680
 223 -1.18247783 0.624069989 0.485550225 0.942834973
 224 0.346405596 -1.38829723E-02 -1.60201740 0.144556731
 225 1.10683358 -0.712686181 0.294597149 -3.80604863E-02
 226 -1.95784867 -0.219243139 -0.251945198 8.43777657E-02
 227 -1.52574599 -1.61000443 -2.14378905 0.928653479
 228 4.38542962E-02 0.979658365 -2.32994461 0.287054867
 229 0.604379058 1.34509349 0.515945673 1.57745481E-02
 230 -0.493132114 -0.395741791 0.122946203 -0.774114847
 231 -0.197395250 0.687620997 2.21842456 0.469314516
 232 -1.01407433 -2.43981791 -0.739340007 -1.48539555
 233 -1.06143939 -0.144196928 -0.265178949 -0.584105074
 234 -0.543674171 -0.929015815 -1.36160517 -1.05718040
 235 -0.278819442 -0.486723781 2.22672224 -1.09365427
 236 -1.63338387 1.10917497 2.22767639 -0.440120101
 237 0.501716435 -0.627453923 1.74155843 1.59346855
 238 -1.13399279 0.242328316 1.03292632 1.32499528
 239 -1.22773468 -1.58803606 -0.616714954 0.335070401
 240 8.71607885E-02 0.802639008 -1.36668646 2.62439466
 241 0.332489312 -0.497372240 0.406953216 -0.718233705
 242 -0.483857334 1.92033291 1.79995263 -0.708336234
 243 -0.431165934 0.841837406 9.98323709E-02 -0.831878543
 244 -0.643494785 -0.391275615 1.57279491 -1.59060597
 245 -1.71997857 -1.41684139 -0.223978609 2.79672337
 246 -0.189315662 -1.10096085 0.273198307 1.29673719
 247 1.92895651 0.332835913 -0.515545070 5.08338585E-02
 248 -0.527410984 -0.547547638 0.458991736 1.25905359
 249 -1.49552691 -0.430276930 -0.253369004 -0.652539849
 250 0.356847942 -1.73366523 0.716020525 1.22531509
 251 -1.79252040 1.01284134 0.810354292 1.19674110
 252 -0.748218179 -0.371211946 1.32470429 -1.27944255
 253 -0.956631780 0.285209268 -3.78690809E-02 -4.40796316E-02
 254 1.82174492 0.762040377 1.14180732 -0.276755661
 255 0.958406150 -0.322111249 1.12567377 -1.00179076
 256 -0.989480853 -0.722004533 0.690023482 -0.549147666
 257 6.65476322E-02 0.934316576 0.288747638 -0.375431418
 258 1.16994691 0.410353392 -1.44252467 0.594279647
 259 -0.695074081 0.785735309 -4.18596566E-02 0.423139751
 260 0.949562669 -1.15564978 0.245236978 1.10285127
 261 1.42386210 0.453666002 0.120183066 1.15017867
 262 -0.975625217 0.682323754 -0.439268351 -0.353346437
 263 0.359170496 -0.570781171 -0.959633827 -1.00034750
 264 0.519969106 1.04262066 -2.00862432 -0.657390594
 265 -1.00243318 -0.893954992 0.703731060 -0.191247091
 266 7.18846619E-02 -8.15515816E-02 0.317400426 1.48922980
 267 1.40937746 1.53689480 0.524740517 1.37464559
 268 -0.648689449 -0.632790148 1.59640753 -0.350366503
 269 -0.442748219 0.452875048 0.709010243 0.340552002
 270 -0.634116471 1.14329612 1.24435055 -0.467377096
 271 -0.782305837 0.625189006 -0.356116951 -1.14912379
 272 -0.130075574 1.67908776 0.936508060 1.42160356
 273 0.275935948 0.868787646 0.608680308 -0.580556989
 274 -1.08789766 -2.32544206E-02 0.840547442 0.385955632
 275 1.26609325 -1.25995040 0.986037254 0.945646822
 276 -0.654714465 1.27720428 8.09985027E-02 0.710140705
 277 0.864047408 -1.31550360 0.432158917 -0.506176710
 278 0.347910166 0.585756183 -1.38510275 -0.163980350
 279 -0.346663028 -0.667448580 -1.88274384E-02 -1.10560489
 280 1.34597230 0.952714443 -7.05009103E-02 -0.582196474
 281 -0.501693845 -0.739236236 0.282063276 -1.10272098
 282 -0.581540227 0.294466078 -1.17276382 1.24013186
 283 1.00295782 -1.65175617 -2.25177121 0.958832145
 284 -0.111617208 1.90640962 1.23354018 -0.440332890
 285 0.721481740 0.453618139 0.788655639 -1.05467927
 286 1.65778053 -0.141220674 0.885997832 4.63588759E-02
 287 -0.589023352 1.10973811 -0.567698538 -0.368593663
 288 -0.649623036 -1.23703718 0.136313781 -1.07376420
 289 -1.41871345 -0.164174139 -2.96390802E-02 -1.20254552
 290 -0.541635573 1.38427466E-02 1.15211797 -9.77948159E-02
 291 0.543348432 2.47294259 0.645654023 -0.747162461
 292 -1.49860168 -1.93815660 -0.110452637 0.296382904
 293 -6.05391189E-02 0.642769337 -0.706130266 -0.364848197
 294 0.521416485 1.48066938 -0.892804742 -0.610239387
 295 0.287775218 1.54269564 -1.79483151 -1.18681705
 296 0.455263466 0.828690767 -0.160627395 0.961884618
 297 1.50424767 -0.453126580 6.51226491E-02 -0.614678979
 298 -0.779709160 -0.231815815 -0.337669671 -0.220141351
 299 -0.404411674 1.32188880 -2.12638235 -5.40758967E-02
 300 0.196762621 0.430777907 0.169121385 -0.939737976
 301 1.17767668 0.442325950 -0.526632547 1.09096789
 302 0.249731660 -0.319174170 1.04343617 -0.670683384
 303 0.979044139 0.813171685 1.68286276 -0.543618858
 304 0.315836340 -0.454818130 0.113938183 -0.193667114
 305 -0.863553762 0.407062650 0.202338129 -0.801134348
 306 -1.59267282 -7.33089969E-02 -0.903464317 0.430197120
 307 7.52602816E-02 0.565094113 -0.393198937 -0.121279620
 308 1.02458501 -0.627064228 -0.408771902 2.83512831
 309 -0.140098065 -0.414630175 -1.12047803 2.55712152
 310 0.581242740 -0.303419888 -0.309634179 1.20010471
 311 0.109114036 0.790528417 -1.55338216 -1.18692815
 312 0.158581495 -0.395219594 -0.725844741 -0.970376492
 313 -0.141822383 0.128928006 1.22108293 -0.474118948
 314 -1.15139616 -6.35343790E-02 4.61726747E-02 1.53991818
 315 -0.812592983 -0.405871183 -0.254619658 -0.735798359
 316 -1.15118051 9.69569236E-02 -0.162216812 -1.15720165
 317 0.375474989 1.01886725 0.934879005 -0.124989092
 318 -1.28319168 1.76110041 -1.33439922 1.43020558
 319 -0.851046920 0.908307374 -0.525079966 -0.796600342
 320 -0.383308977 0.249766141 -1.09077370 0.143018723
 321 -1.42562926 -0.965893745 0.477794409 -2.10805416
 322 0.403768003 0.668636441 0.163948268 -0.271415979
 323 -0.320424855 1.51488137 -1.03174007 1.32433641
 324 -0.178467602 -0.792359352 0.728290200 -0.312515259
 325 -0.424113095 -0.182306409 0.399212062 -1.45587349
 326 0.349120498 2.36472631 -1.06139290 -0.334504545
 327 0.496821821 -0.308002740 1.31549084 -0.674676836
 328 -0.409941196 0.125353754 -0.334268302 -8.62827897E-03
 329 0.645477772 2.72699833 -1.86271429 1.16696823
 330 0.720365524 2.58692336 1.96875429 -0.964896917
 331 0.774120271 -1.27572930 -4.47752401E-02 -0.460144997
 332 5.34139276E-02 -0.358289033 0.148689583 -0.986553609
 333 0.216282457 0.289833426 -0.455481857 -1.02464557E-02
 334 0.123093128 0.730777919 -7.31892735E-02 -0.393035412
 335 -0.421640038 -1.78905940 -1.91738081 0.502779663
 336 -0.319937229 -0.345658004 -0.221622035 -0.887061894
 337 1.04915261 -1.20981920 -0.939363360 1.09668183
 338 0.226545542 -0.647004187 -0.709648728 -1.06798673
 339 -0.327653050 0.123992734 0.218944252 1.55579889
 340 0.457285225 -0.261734366 0.700728416 -0.110642359
 341 0.469766676 0.222628370 2.03893495 0.272073746
 342 -1.59453356 0.262007505 0.553799033 -0.328713417
 343 0.399487317 -1.81953239 -1.24464953 -0.438837767
 344 -0.503789067 0.659238517 -0.889763713 -0.340472788
 345 -0.558832228 0.144303322 0.932824969 -1.54655850
 346 -0.102155149 0.677735209 0.631308198 -1.19343460
 347 0.704037309 0.977480054 -0.447335333 0.165711746
 348 0.345696777 0.521561384 -1.32920396 -0.891500413
 349 -0.343880951 -0.956622481 1.23553216 1.21233058
 350 0.922313929 1.19445312 5.93384504E-02 1.02071857
 351 -1.92707455 -8.02963674E-02 -1.12364697 -0.189250454
 352 0.248338088 0.275155365 -0.867611408 -1.12963545
 353 3.55725586E-02 0.875321448 -0.988512933 -0.534946382
 354 -1.91649365 1.88708925 -0.985517025 0.739267349
 355 0.485327929 2.21749282 1.44519925 -1.86328638
 356 -0.431401044 0.526684701 -0.242187321 1.13441265
 357 0.609038472 -0.324495912 -0.906709611 -0.990859449
 358 -0.537537515 0.818068326 -1.00546420 -0.143969387
 359 -1.12329948 0.753706753 -1.14975381 -1.85484517
 360 -0.972199917 0.204293817 -1.72053528 1.34122407
 361 -0.722294450 -0.274340749 -0.947057903 1.22649968
 362 -1.17015779 0.579169989 -0.852614820 0.183436066
 363 0.773956358 -0.392983347 -8.43703002E-02 -1.21181464
 364 -1.36523080 1.03194404 -1.88150573 0.228520274
 365 -0.239655122 0.577246070 -1.98896599 1.53568912
 366 -0.198146969 -9.05227065E-02 2.38301015 -1.11149657
 367 -1.33098388 0.161162585 0.223922491 1.48192453
 368 -0.166850120 0.961131930 -0.267315388 0.896266341
 369 0.371180415 1.31873572 0.788820148 -0.904270172
 370 0.369677931 -0.572516918 1.31206131 -0.628994167
 371 2.24835165E-02 0.252619147 0.388645351 -0.960151911
 372 0.745548487 -1.92426765 -0.171100765 -1.01863503
 373 8.00152496E-02 0.804699421 -0.557016850 -1.30567765
 374 -1.35205996 0.314002603 -1.37194455 1.51100254
 375 -2.01168728 -0.777317524 1.76619518 1.40816629
 376 0.853021741 -0.700177550 1.08222234 0.125196427
 377 6.38880134E-02 0.312122345 -1.39993834 -1.23529887
 378 0.243750915 -1.58819199 0.343918741 -0.804757178
 379 -0.825200081 0.715688646 -0.856375813 -1.02992105
 380 -0.428943932 -0.994307995 -2.27435756 -1.06049252
 381 1.21820223 -0.513444901 0.417957902 2.75069213
 382 -1.35888851 0.260900676 -1.00598001 -0.485363960
 383 -0.406228721 0.357194126 0.223706305 -0.584803700
 384 -1.08585596 -0.384393871 -0.815832198 -0.367598414
 385 0.140339047 -1.97318983 0.613673091 -1.02444065
 386 0.613594115 1.57300460 -1.22798896 -0.860512912
 387 -3.85127962E-04 -2.77042198 -1.73250711 0.311906099
 388 -9.06958580E-02 1.59180999 -0.281174332 0.757548690
 389 7.52705410E-02 0.200892866 7.73829520E-02 1.12945735
 390 -1.46792161 0.277856201 1.00145435 -0.435229540
 391 -0.889690757 -0.812307060 -1.23159766 -0.320573777
 392 -0.289446741 -0.533686638 -0.791087270 -0.269885153
 393 -7.78735280E-02 -0.630967379 -1.49154079 0.982208490
 394 -1.86843085 0.978113234 -0.198997587 -0.417375505
 395 -0.771612883 0.373543710 -0.511894763 -1.18457019
 396 -0.685863972 5.47762662E-02 0.174412027 -1.01991487
 397 -0.381784648 -0.821967125 0.433889627 -0.264645606
 398 8.38535801E-02 0.116445124 0.725325763 -0.325480819
 399 -1.28068221 -0.632730901 -1.01391602 1.66005349
 400 0.105238371 1.21641374 -1.14115846 1.86844087
 401 1.35629904 -8.66910964E-02 0.788734019 -6.96107671E-02
 402 0.756737530 1.24478447 3.83065194E-02 -0.351429403
 403 -0.810390234 0.104674555 1.14862025E-02 0.809456587
 404 -0.770340562 -1.91885650 0.735982060 -0.917100668
 405 -0.501075566 -0.246947497 0.204234958 0.156775624
 406 -0.238107383 -1.65169811 2.03382516 0.506402493
 407 -0.139306545 -1.28818059 0.656216860 -0.789049268
 408 -0.307228029 0.416416049 -1.12097061 -0.251933157
 409 -0.243615687 -2.01631933E-02 0.462803543 -1.90192088E-02
 410 0.909851909 1.57690597 -0.273293972 1.51725090
 411 -2.09244204 0.709078074 -1.37930632 -1.11369359
 412 -1.07583427 0.405650258 -0.189342409 0.238991529
 413 1.56311810 0.532113671 -0.344032645 0.517982304
 414 -1.90669131 1.93680942 -0.532412171 0.132883728
 415 -0.608014941 0.532064974 1.54895568 -1.17831603E-02
 416 0.405633718 1.22319698 -0.228209466 0.796473444
 417 -0.125828624 -0.461549342 -0.707487702 -0.402425438
 418 0.778449714 1.16022515 -2.19664168 -1.51828098
 419 -0.564713180 0.500000238 -0.189554825 0.324714392
 420 0.517214775 1.10783005 1.24783060E-02 -0.520283997
 421 0.539687157 0.187742501 1.87886858 -1.17910695
 422 0.957157731 -0.447316706 -0.981152713 1.32228529
 423 -0.667057335 1.68771124 3.16012651E-02 -8.28667730E-02
 424 -2.02223305E-02 0.494159758 -0.380797565 0.896359086
 425 -0.931972980 0.102630019 -1.20688927 -0.569914699
 426 1.90448833 -0.304033995 -0.241157979 -0.121384874
 427 0.273198277 1.29853821 -1.22216475 -0.552874506
 428 -1.53573287 0.770856857 1.13315439 0.430464596
 429 -1.51038516 -0.415746927 -1.79493356 -0.975242019
 430 -0.120553195 -0.452473104 0.273308277 0.712494433
 431 -0.269778132 0.844465792 -0.595201015 -0.492048323
 432 -0.206829429 0.399305165 0.309024870 0.264538825
 433 -1.92479181 -2.26165271 0.424564779 1.21464574
 434 1.25832510 -0.486298382 -1.20286024 2.08219588E-02
 435 -0.725034952 -1.16662753 0.200804114 -0.493614346
 436 0.182488471 -0.497635484 -0.396884590 7.74081945E-02
 437 -0.808177114 -1.07095456 3.38907909 0.998057663
 438 0.851326466 -0.148470402 0.448998868 0.605199099
 439 -0.588685155 -0.201576278 1.18529558 -0.609839797
 440 -1.03209746 -7.76191354E-02 0.800764084 -0.353294790
 441 0.787342668 1.69252765 -0.645852685 -1.93892157
 442 1.56986046 2.60002446 -1.73720586 -0.740727067
 443 0.356169015 2.11435270 -0.246427178 0.704796672
 444 -0.901350737 -0.260760337 -1.14563036 9.14847851E-02
 445 1.44643271 2.01872659 -2.64160609 -0.848637581
 446 -3.39350104 0.545535445 -1.52678084 -0.719854355
 447 0.540341496 -0.306967705 0.757357836 1.46097913E-02
 448 -1.19082046 1.62974119 -0.448104858 -1.24647045
 449 -0.295328856 0.920637548 -2.04390693 -1.43449235
 450 0.277884394 1.26891685 -7.64136091E-02 -3.98419797E-03
 451 -0.959859550 2.01025176 -1.41902101 -0.488381505
 452 -0.101719201 -0.755534410 1.36999905 -0.219285131
 453 6.42006993E-02 -1.28806794 -0.845273852 -1.14584446
 454 -0.951152205 4.54592854E-02 -1.85218894 -0.740161777
 455 -1.06386077 -1.94079840 -2.11038017 0.580993891
 456 0.351795286 3.03427768 0.769285500 -0.378351897
 457 0.303402394 1.94000018 9.28700268E-02 -0.190108791
 458 0.368661612 -0.372221559 -1.11355960 1.10217667
 459 2.09048581 0.271872997 -0.486136347 1.43162048
 460 -0.308648914 0.488456428 -0.507693768 -0.224291265
 461 0.167980045 -0.946462512 0.466427654 -1.09783077
 462 0.621206164 0.553821445 1.18113875 -0.397744983
 463 0.297181994 -0.355969191 -0.864372909 0.807952642
 464 -0.433392823 -1.02225542 0.884025753 -0.836257994
 465 -0.254954845 0.482695371 -0.525493860 1.58830643
 466 0.340322256 0.519162536 -0.716841698 -0.900655985
 467 0.204736903 0.580993831 0.130109668 -1.19551432
 468 -2.71360874E-02 5.23175597E-02 1.34970415 1.08499515
 469 -0.986736715 -0.195358545 -0.970497847 -1.16241205
 470 -4.22795722E-03 -1.16242373 -1.12763453 1.36783218
 471 -1.48705733 -1.90912640 0.118435495 -0.415829062
 472 -0.700142145 -0.928751528 -0.473260701 0.219869703
 473 -0.596441627 -0.946160376 2.58884621 -7.72478133E-02
 474 0.800225675 -0.220788270 -2.03536367 -0.460089982
 475 1.07585406 0.133200049 -1.88930178 -0.147693783
 476 0.616410792 -0.675137401 1.02178562 0.185855120
 477 -0.905040503 0.544625819 5.02642542E-02 0.413244814
 478 0.633161068 1.01417315 0.772192240 1.39249229
 479 -0.577294409 -1.48674846 0.183034718 -0.368374050
 480 -0.544309258 0.219736069 -0.318540901 -0.843695283
 481 0.641688049 -0.978428543 1.34144843 -0.773000717
 482 0.526387870 -0.362013578 0.517208159 1.71311533
 483 6.81414455E-03 -0.315598547 1.03313744 2.69301414
 484 -0.629806042 -0.726743817 -0.565077543 1.09584320
 485 -1.16618943 -0.727538466 -6.48534447E-02 1.33394051
 486 -0.952092052 -0.298216164 0.122593522 0.105468363
 487 0.163352728 1.11535275 1.20683146 -0.260476500
 488 0.263648778 -0.609995782 -0.772087812 -0.534660697
 489 -0.205724984 -0.182455868 0.736830115 -0.192720070
 490 0.671031713 -0.723031998 0.703801155 0.186984301
 491 1.70357156 0.405187666 -0.873667359 -0.652893543
 492 0.967152655 -0.250811607 0.437983841 2.32032776
 493 0.779061973 4.47935611E-02 -0.463500142 4.02680039E-03
 494 7.86784068E-02 -8.05651397E-02 -0.278820634 0.575385451
 495 0.149540305 1.03851676 8.06923807E-02 -3.59079763E-02
 496 -0.142892972 0.745864570 0.152750015 -0.185332686
 497 -1.08721900 0.433482647 -1.09574544 2.86148357
 498 -0.725816607 2.27452815E-02 -0.706366897 0.383563668
 499 0.609725773 -0.178897262 0.213699937 1.18182218
 500 -0.766996264 -1.38029635 -6.98762834E-02 0.592495382
 501 -0.283765376 -1.53750288 1.34476519 1.06626403
 502 0.541033506 0.671421409 0.760742188 -0.123791128
 503 0.490868896 -0.393867701 1.69287252 0.991960287
 504 0.424739659 0.336286038 -0.638094127 2.90954828
 505 -2.02953148 -0.818578482 -0.722165346 -0.363796562
 506 0.187154770 0.453761071 0.257051528 -0.524613738
 507 -0.642181396 -0.462807924 2.10260248 -7.81615078E-03
 508 -1.32048535 0.848078847 -0.682649434 0.894178271
 509 0.208351791 1.14242065 -0.374134272 -1.24636054
 510 0.225754946 -2.31899405 1.29202843 1.96456206
 511 -0.105733514 0.628430367 -0.229674995 -0.506658614
 512 1.06711996 -0.671175241 -0.828941762 1.07904112
 513 -3.32332253E-02 0.989285231 1.33970618 -0.215217993
 514 0.470629185 0.780926943 5.39073348E-03 -0.510278046
 515 -0.587701857 -2.03818202 0.185636386 0.925942302
 516 0.697444439 2.23515415 0.627983272 -0.452404529
 517 -2.91715813 -0.238338590 -5.39148748E-02 0.216070384
 518 -0.193407804 -3.08223391 -1.19826758 -0.990540028
 519 0.111688137 -2.96435207E-02 -1.39304090 -5.91850132E-02
 520 0.807138920 1.17721951 -1.68662548 -0.660313725
 521 0.699901938 -1.68338716E-02 0.320113868 -0.747494340
 522 -1.54974413 0.823090911 -0.992448866 0.265896201
 523 0.461028636 1.28811169 0.100363120 -0.869117677
 524 -0.508712411 -1.19325876 -0.515437663 -0.298588663
 525 -0.598191857 -4.59314287E-02 -1.59293413E-04 -0.595215201
 526 -0.907082260 -0.748939991 -0.399785429 -6.08546287E-02
 527 -1.62615573 1.15767062 2.06307936 -1.11411774
 528 -0.979373276 0.561666608 -0.600170553 -0.923467636
 529 -0.917680621 1.10713875 -0.720263600 -1.70635760
 530 -0.145430967 -1.02990556 -0.395425379 0.583505213
 531 -0.756531179 0.467455864 -0.585548103 -0.549497902
 532 0.754583359 -0.664938211 -1.20399845 1.24089885
 533 0.510384023 -1.33421254 -9.06924903E-02 2.84902263
 534 1.18832994 -1.65116882 -0.374960959 3.59262154E-02
 535 -1.23896134 -1.26835918 1.31241739 8.03009942E-02
 536 -5.70237823E-02 -0.939054430 -0.445145011 0.494876415
 537 -1.29903650 -1.76172256E-02 -1.63184035 -8.84358138E-02
 538 -1.23096120 -2.89881825E-02 -1.49641407 1.13697529
 539 1.73969078 0.891038597 -0.417135030 0.135063827
 540 0.104802594 0.585408747 -0.205697998 0.481560528
 541 -0.559339881 -1.39037585 -1.23191643 -0.344716758
 542 1.03254843 -2.49159360 1.95702779 1.51927435
 543 -0.705395460 1.34321868 3.29630256 0.261839509
 544 -0.597861409 -0.219030440 -0.769769788 1.31109154
 545 0.889695883 -0.617847562 0.242258966 -0.898750961
 546 -0.290324748 -0.771608591 0.971856296 1.19650400
 547 2.64285617E-02 0.328834683 0.201749444 0.578219175
 548 -0.482521147 -0.395488948 1.93860173 -0.327689290
 549 0.743202507 -0.404027164 0.645018280 1.16251624
 550 0.211000830 0.109227613 -3.23079014 2.50411749
 551 2.18888521 -0.514912128 -3.89010832E-02 0.183861077
 552 -0.361316562 -0.662064791 0.485317409 -1.02756786
 553 -0.478510708 1.13486516 -8.35803002E-02 -0.138246939
 554 -0.545235455 -0.225678861 0.171754852 0.104924820
 555 0.735998154 0.678559721 -0.399364203 -0.366565108
 556 0.685722589 -1.10131949E-02 -0.583815098 -0.976918936
 557 -0.792767048 1.03850400 0.741829753 -0.422281355
 558 -0.854391634 0.955384314 -0.363581002 -0.245901942
 559 1.29333997 0.201004267 2.38367295 -0.408291429
 560 -0.775247455 0.330627054 -0.471248090 1.01931632
 561 -0.152456433 0.693673968 -0.671163440 0.417677730
 562 -1.88612568 -0.181660816 -0.165215328 0.943862557
 563 -0.443684459 -1.80680227 -0.380871058 -1.22288191
 564 0.434300959 0.535467565 0.115143746 1.05753267
 565 1.14958346 -1.02768350 0.397846669 0.585207701
 566 -1.44206202 -0.320846736 -1.37852037 1.31386805
 567 0.803318977 0.102092832 -2.36711764 0.677465975
 568 0.475977629 1.76383102 0.882820904 -0.658397257
 569 1.03863144 0.431704760 1.22539532 -0.438883841
 570 -0.934922278 0.940603733 -0.193617463 -1.06865203
 571 -1.90275061 -1.57143033 1.61059117 -0.480570287
 572 -1.02302325 -0.663327992 0.615324736 1.15391970
 573 -0.292814404 1.40072334 0.352086008 -0.145121992
 574 0.464952677 0.974797904 -0.721940756 0.537116468
 575 0.887393236 0.609113812 0.603882074 -0.322227031
 576 -0.925445735 -0.538626909 -0.659493566 -0.426881313
 577 0.254326880 -0.767980695 0.208314478 3.11107561E-02
 578 1.21147680 0.300601542 -1.59565973 -0.257323354
 579 -7.95855373E-03 -0.384147495 -1.36097050 -0.911687613
 580 0.344709665 -0.492877394 0.396383315 -1.00168085
 581 0.730693161 -0.483019412 -0.572523057 -1.26480865
 582 -1.76747346 -3.71454358E-02 2.66065635E-03 -0.699820459
 583 1.15532291 -1.71538162 -0.161338344 -0.829549909
 584 -0.422796488 0.322289407 -0.128549591 -0.616224051
 585 0.388258070 0.429903030 0.259007096 0.323722243
 586 -0.264902622 -2.11359763 5.99220395E-02 -0.323569268
 587 -0.544975162 2.68820715 0.220332116 0.861036777
 588 1.68615746 0.670731962 -5.11471033E-02 1.35002708
 589 1.00166059 0.486718357 0.741191685 -0.356332451
 590 0.169495076 6.43922985E-02 -0.183456719 -0.515118361
 591 -1.37970746 -0.604374528 -0.982526541 0.404057384
 592 0.311627567 1.36660588 1.78200865 -0.699117601
 593 0.762372375 -4.81125452E-02 -2.03987622 -0.797457695
 594 -1.37722850 0.854213774 -0.578865767 -0.760292649
 595 0.833907723 -1.50795329 1.64359486 2.06086564
 596 1.31436229 2.62295437 -0.762382865 -0.596208334
 597 0.170667157 0.173303977 9.20924097E-02 2.51354599
 598 1.22256482 -0.547939420 0.525073588 1.18790364
 599 -0.735423386 0.455194086 -6.08829409E-02 -0.343054384
 600 0.642880261 1.30245113 1.29323936 0.648539126
 601 -1.67527997 0.892845333 0.429058939 -0.974189758
 602 -0.748721659 -0.436129183 1.06611443 -0.239753515
 603 -0.205036238 0.679091513 0.787432373 -0.377647817
 604 0.249982357 0.557361722 0.453565747 -0.282558084
 605 -1.75794482 0.518894792 -0.175729111 0.494908571
 606 0.787433565 0.777973771 -2.28689289 -0.126484916
 607 1.71846032 -0.139926448 -3.22031640E-02 -0.607930660
 608 1.05644822 -0.505851269 -0.785485148 0.184171259
 609 -1.00149959E-03 0.244434103 0.683443546 0.746573210
 610 -0.725949049 -2.13437176 -0.874538362 1.00633180
 611 -0.923740029 -0.775585949 -0.164262861 0.684550762
 612 -1.40064764 0.289562047 1.06691313 -1.98319703E-02
 613 0.402056664 1.40653718 1.10783696 -0.935765266
 614 1.16975248 -0.169881642 -1.21043175E-02 -1.16666687
 615 -0.272437572 -1.21388984 -0.297939509 -0.782222033
 616 -0.231002897 1.22611403 -0.686789572 -0.457464278
 617 -0.470299810 0.239804685 -0.236334115 1.70088077
 618 0.449035466 -0.399527729 0.922239542 -2.61795372E-02
 619 2.05287957 0.568250179 -0.984569490 -1.43048584
 620 -0.446629047 -0.934625566 -2.49988139E-02 -1.05070174
 621 -0.499773830 -0.115803704 0.717784464 -1.04225612
 622 3.54831442E-02 -0.823390961 0.128577873 1.69169235
 623 2.34271431 -0.995270848 0.590931416 -0.914342284
 624 1.57461929 0.514599204 -2.84430909 -0.370972693
 625 -1.85157609 -0.120676190 -0.453799009 0.955889165
 626 -0.507557690 0.503130674 -0.451291442 -1.56712174
 627 -0.731965065 -1.02002263 0.131292000 -0.380627155
 628 0.336196959 0.349746525 -5.81323355E-02 -0.163264155
 629 -0.169590741 1.37237048 -1.14436412 0.394203991
 630 -0.184942558 0.617101967 -1.16905451 -1.15761006
 631 -0.602428019 -0.650480866 -0.225442782 -1.56025755
 632 -6.78927302E-02 0.323737860 -0.308321536 -0.544146776
 633 0.381658733 0.838921487 -0.220412597 0.969060600
 634 3.47243249E-02 1.26029837 1.14834023 -0.263366282
 635 0.256756365 0.198192537 5.21636903E-02 -0.410514146
 636 0.565655708 0.187472194 -0.301354110 -2.29975730E-02
 637 2.32700467 1.56366765 -0.132930815 -1.31666052
 638 -0.214335933 5.89756109E-02 0.573942602 1.12799203
 639 -0.215746328 -2.56057978E-02 0.258853078 -1.37156045
 640 0.961526155 0.986090302 -1.29397464 6.07101917E-02
 641 -0.444098651 1.89843333 0.267105073 -0.420018375
 642 0.176492661 1.35194588 -0.280977190 0.490842879
 643 1.79403627 0.348155409 -0.883672357 -0.851331294
 644 -1.12606490 0.350765049 -0.528176069 -0.864913106
 645 0.261065364 -0.337116510 -0.172861770 -1.31176710
 646 8.14097375E-03 1.17468977 -1.24767470 -0.792287827
 647 0.526673198 -2.03769350 -1.21876931 -0.376870066
 648 0.394173533 1.39063179 0.739452422 1.08340645
 649 1.23356283E-02 0.793823004 -0.936016202 -0.927135766
 650 -0.132628202 0.817547917 1.04705417 -0.757358134
 651 0.966755331 0.506202161 -2.11243224 -0.329811871
 652 2.38703042E-02 -1.23618937 0.755839527 -1.19311869
 653 -7.21219033E-02 -1.82563138 -1.27331269 -1.08198583
 654 3.66760790E-02 -2.95274258E-02 -0.385693133 0.257146090
 655 1.92553663 -7.52794296E-02 -3.23271918 0.114168398
 656 -8.30015540E-02 0.453044593 0.467503011 1.12671208
 657 0.193235040 -1.05313635 0.816575825 -0.760354757
 658 -1.03635335 2.23805755E-03 -0.954566717 -1.20930290
 659 0.421343654 1.75503755 -0.701732218 -6.99735880E-02
 660 2.73919106E-03 -1.45207787 1.54311728 1.12986350
 661 -0.153013349 -0.507466018 -0.211296499 -1.02129960
 662 0.492410302 0.268081814 0.105902851 0.833500624
 663 6.37108088E-03 -1.45379138 0.551047862 0.568377197
 664 0.426007867 -1.54846573 6.21880591E-03 -1.96619225
 665 0.263494194 0.758219838 0.464127064 1.49590039
 666 9.27668288E-02 -2.16826349E-02 -1.66282928 -0.798524499
 667 0.777770758 -0.172116473 0.744241595 -1.12471855
 668 -0.986919880 -1.14814293 -0.419648051 -1.11455226
 669 1.26215279 -0.848651171 -0.578291237 1.01511824
 670 -1.98385191 0.476567417 0.756577134 -0.214878246
 671 0.617532134 -0.563615501 0.240018874 -0.566214144
 672 -1.22587204 0.102818340 0.589941621 -1.68463278
 673 -0.785168767 -0.732441306 1.46555150 1.43889034
 674 -0.835844576 1.32562184 1.21102381 -0.661015987
 675 -0.386091650 -2.44765019 1.84803593 1.21604908
 676 -0.438684464 -0.753984809 0.754036427 0.829614460
 677 -0.279348910 -0.231452107 1.52344191 -0.209964663
 678 -1.48423755 -0.555897117 0.904573143 0.668659627
 679 -0.683662415 0.216689706 0.346141130 -0.451356858
 680 5.73347695E-02 -0.597540975 0.825107813 -0.539039671
 681 -1.65298569 0.819660664 0.686203241 -0.326357841
 682 0.610843956 -0.193078771 -6.84092045E-02 1.14798081
 683 -1.69689667 -1.16042483 1.67948771 -1.05318546
 684 -0.243547261 -0.469971210 -0.504618883 -0.142609656
 685 0.794370055 -9.81914401E-02 -1.05611205 -1.34658253
 686 -1.57536221 8.93853605E-03 -0.170392901 -0.579230189
 687 -0.195962310 -0.381477118 -0.626492143 -0.326086462
 688 -0.459377050 2.04304385 0.513340831 -0.191632971
 689 -0.622377038 0.964250326 -0.838337362 -0.285958141
 690 -0.140896901 -0.118950121 -1.61734557 -0.234963298
 691 1.97123158 0.794540465 0.448794127 -0.330475599
 692 -2.53330660 -0.199583188 0.950092435 0.282290161
 693 1.16600442 0.282162189 -2.12731934 -1.01917136
 694 -1.24398148 0.799058795 -2.15011239E-02 -0.552808404
 695 4.56042886E-02 1.18581092 0.319094181 -1.29272115
 696 0.830914438 0.361292362 0.937159836 0.370052457
 697 -0.901551843 0.403039426 8.12405050E-02 -0.341194063
 698 2.33291197 0.411766976 1.17384624 -1.03617883
 699 -1.22603226 -1.39045322 -0.885029078 -0.712103963
 700 0.175593019 0.516847491 0.654461622 -0.664691925
 701 1.60723031E-02 -0.502121449 0.486506015 0.756266713
 702 -0.386973709 -1.65424132 0.978829622 -0.837637961
 703 -0.893603861 -1.78412044 -0.753029525 1.20585632
 704 -0.106575236 1.19813561 0.645085692 -0.626483262
 705 -2.63620317E-02 -0.845933139 -0.482767582 1.13991237
 706 0.409021854 -0.767857254 1.16695344 0.857278943
 707 0.652706861 -0.407139540 -0.473777413 0.263202995
 708 1.15242052 0.618169069 -1.54644275 1.36212730
 709 0.109767154 -1.13713443 1.25578761 -0.726489425
 710 0.777999401 2.03633383E-02 -1.26917291 -1.82502115
 711 1.09245384 -0.841238439 -1.80096042 0.761980772
 712 -0.690872550 -1.29752839 -0.948521376 -1.07566082
 713 -0.839225769 1.16550612 0.361046642 -0.415065110
 714 -0.355476350 0.354773700 0.278766692 -0.162743986
 715 2.14686203 4.34003547E-02 -0.512980223 1.18005848
 716 1.36096776 0.898759305 -0.337114602 -0.741107881
 717 -0.488619864 3.14386582 -0.847537458 -6.35925680E-02
 718 -0.838201046 -0.176751673 -0.425155491 -0.459477067
 719 -1.78908992 1.33962786 -0.582499623 -0.457391083
 720 -0.126274481 -2.01595211 -1.51106024 0.369251549
 721 1.12935054 0.971562624 -1.13719785 0.746713936
 722 0.607649326 -0.780730367 0.705109715 2.13439155
 723 -1.80863929 0.102392614 0.910869777 0.751398563
 724 -0.877156317 -5.99899627E-02 -0.508580804 -1.05946219
 725 -0.675123215 -0.540524662 0.273294389 -1.35612988
 726 1.29291975 0.616946280 -0.470539212 -0.296226621
 727 -1.39994836 -4.28533703E-02 -0.957610965 -1.38032138
 728 -1.16634560 0.103418320 -0.654332578 -0.109287709
 729 -0.356277853 0.549365580 0.161411092 1.81868649
 730 -0.197711974 0.296170145 0.346959949 0.599346697
 731 -0.607855201 0.359943509 0.223908737 1.49440992
 732 0.174916416 -1.22482979 0.874005675 -1.07354057
 733 -0.913407803 -0.607530117 0.806802511 1.50608993
 734 -0.899486065 -0.557435989 0.260323226 -1.11035538
 735 -0.961044192 -0.469027668 1.25124657 0.820411980
 736 -1.13738203 -0.181761429 -0.259389102 -0.469049215
 737 -0.185130298 -2.03101969 1.12468576 0.197248131
 738 -0.295603037 0.393542230 -0.387367368 2.68042982E-02
 739 -0.233306378 1.27299023 -0.140953243 -0.173802659
 740 -0.396009356 0.327901930 0.368717343 -0.248244390
 741 -1.19428337 0.243844330 -0.673870564 -4.34004217E-02
 742 0.127907127 -2.53142238 0.656279862 1.72720790
 743 -3.13401073E-02 0.684488475 1.12450922 -1.17533016
 744 -1.56265306 0.493865371 1.58622468 0.797149062
 745 -0.393588185 1.47229171 0.455401629 0.989178419
 746 0.136289492 -0.389302135 -0.623151362 -1.37562084
 747 -1.04719377 -0.278790861 2.85527539 -0.820764303
 748 0.476865411 1.11846399 -1.76253772 -0.757481396
 749 1.32636654 -0.131360427 -7.92658031E-02 -1.18435848
 750 -0.436833233 0.753469765 -0.158532917 2.11954713E-02
 751 -0.881151080 0.148193479 0.408299625 -0.247810796
 752 -0.890627086 -2.25695276 1.31435680 0.665098310
 753 -2.40453196 0.857948363 -0.455435514 -9.26453024E-02
 754 0.100671746 -0.375693589 8.95223171E-02 -0.498098254
 755 0.268259227 -0.455401838 0.920957565 -0.151355892
 756 0.723252594 1.50386244E-03 -1.24339569 -0.504390240
 757 -1.15818799 1.06732321 -0.201508522 0.642093301
 758 -0.494878411 -0.405490905 -0.961045206 0.399048924
 759 0.800572395 0.318279922 0.306465328 -1.08931923
 760 0.830062389 0.724657178 0.242388129 0.470269322
 761 0.916373491 -0.928571999 0.942020655 0.361771077
 762 -0.611910641 0.732411087 1.02765715 1.14747727
 763 1.26309935E-02 -0.466989279 -0.401071131 -0.415273011
 764 -4.72984510E-03 1.91003060 0.251013279 -0.396958977
 765 0.373230994 1.54292870 0.985822082 -0.963693142
 766 -0.507418990 0.165967956 0.423604429 -1.14514315
 767 0.865733802 0.310112655 -0.859009206 -1.06970525
 768 4.41027582E-02 0.137198612 -0.492291570 -0.598040521
 769 1.21575868 0.643380940 -0.197040662 0.858745873
 770 1.02279413 -1.53982806 -0.289703131 -0.838265061
 771 0.969024122 0.595285654 0.299448848 -4.37989645E-02
 772 0.982189894 1.08170438 -0.127561137 -0.697932363
 773 0.211884707 0.569727600 -2.03625274 1.37108576
 774 -1.11090255 2.39690423 0.562793791 -0.466624051
 775 -0.482440174 0.242845520 -1.71438551 -0.892796576
 776 0.137419969 0.264559925 -1.93770337 -0.972915173
 777 -0.580578685 -0.455623150 2.28791165 1.45012724
 778 -1.17599845 -1.13962686 0.628940225 3.41125429E-02
 779 -0.469812155 -0.723159552 -1.02994561 0.869286656
 780 -0.675402761 0.681173921 -1.08094919 5.96333668E-02
 781 -0.265865147 0.172213659 -0.689983785 -0.895786524
 782 -0.264801532 -2.64001012 -0.697342753 0.133689284
 783 0.848958552 2.32590735E-03 -0.522790968 -0.629278243
 784 -1.37039936 0.583349645 -0.145938829 0.387082040
 785 -0.137455627 0.455022454 0.925188363 -0.377319515
 786 -0.338513672 4.02586535E-02 -1.52240619E-02 -0.925424695
 787 1.93225729 1.06723702 -2.31113583E-02 -0.218826294
 788 0.425536811 1.17973709 1.11026978 -0.390320450
 789 1.71302319 0.190612614 1.26984191 1.02728462
 790 -0.350981265 -0.197261244 0.883164704 -0.799026847
 791 -1.29849839 -1.07063043 0.390215755 -0.772834778
 792 0.866821647 -1.41596913 -1.53139055 3.61375809E-02
 793 0.553768754 -1.22101092 -1.48026419 -1.03339148
 794 0.420847893 0.976937532 1.05922329 -0.576520801
 795 0.880185604 -2.57527280 -1.95742393 0.490553916
 796 1.70733058 -1.61048365 9.31590199E-02 -0.334535897
 797 0.477811933 0.188721418 1.10907531 -0.924059629
 798 0.162894279 0.612596750 1.16635334 -1.09604239
 799 -0.686888993 0.231346309 -1.56506610 -0.817818940
 800 0.968636513 -5.27590774E-02 -0.446599931 0.846066713
 801 0.795382738 1.85183573 0.881601155 -0.190580502
 802 0.470930040 0.100761920 0.678315878 2.86908078
 803 -2.07604647 -2.24779844E-02 -4.36950587E-02 -1.91777289
 804 0.235097542 0.711319327 0.369593918 -0.857051671
 805 1.57148397 0.232828915 0.417258501 -1.28247595
 806 -9.71658453E-02 -0.489467204 1.11410427 1.29128551
 807 4.00058031E-02 -0.624368072 -1.96402442 -0.759883881
 808 -0.768778324 9.69948843E-02 -0.299493760 0.691868007
 809 -0.962010503 1.20747638 -0.454179287 5.00624180E-02
 810 -0.246093944 -5.86050749E-03 0.285976052 0.668843985
 811 -0.824751914 -3.04574633 1.35989726 0.144583404
 812 -0.858457446 1.08476591 1.25739408 -0.598348141
 813 -0.839868665 1.09781361 0.326858461 -0.304771930
 814 0.849394023 1.21151245 1.34426558 -0.373575211
 815 4.61986512E-02 0.596329987 0.648885608 -0.726941347
 816 -0.779657960 -1.22627568 0.620280564 3.76799330E-02
 817 0.192440510 0.496561110 0.430049360 -0.459520698
 818 -1.21106766E-02 -1.21836102 -1.37130928 -0.986198127
 819 8.15990195E-02 0.948947906 -1.15304077 0.623870492
 820 -1.60248351 -1.37806058 1.01619196 1.59307253
 821 -0.613629937 0.764626086 1.54223633 -0.347622216
 822 -0.689381838 0.528876543 1.17318213 0.627906382
 823 0.794959486 -0.105664171 1.87076963E-02 -0.184272379
 824 0.914821386 0.922072470 -0.354967266 1.64061046
 825 -0.176068261 0.684870780 1.30740607 -1.18649101
 826 -0.414215118 -1.07020962 0.390397310 -0.441531062
 827 6.48711175E-02 1.19225800 -9.22456384E-02 -0.291730523
 828 1.34410763 3.18282098E-02 -0.164015710 -0.167001009
 829 -0.380602837 0.217393309 -3.04749799 -1.91363692E-02
 830 -0.179333434 0.178742826 -1.18981004 -0.375373453
 831 -1.49561477 -2.09860587 0.914975345 -1.26440990
 832 0.489425033 -1.77858543 0.264043927 0.529761910
 833 -0.573982418 -0.104993999 0.151180685 7.74466395E-02
 834 -1.26011205 -0.528422594 0.556282282 0.234223127
 835 -0.243103698 0.148732156 -1.05940127 -0.292091310
 836 1.43360281 -0.466960847 1.05248201 -1.21957636
 837 -0.419101119 0.943604469 0.897987187 -0.109883077
 838 -0.529261112 0.409690470 -0.284537911 -7.18847513E-02
 839 -1.62067628 -0.705267966 0.545499265 -0.550977111
 840 -4.96127307E-02 -1.41157389 -0.244320050 0.511428058
 841 0.605596006 -1.45846689 0.816784143 -0.602448821
 842 -0.233943224 -0.492163002 0.645868540 0.606794000
 843 0.643513203 -0.681462646 0.545586348 -0.424905449
 844 0.109142467 1.10384452 -0.341270059 -0.622471690
 845 -0.528476536 -1.12803483 -0.121017814 0.605941713
 846 -8.91037285E-03 0.509518921 0.690172315 -0.632100582
 847 -0.148112833 0.804624677 -8.95458460E-02 -0.147324488
 848 -0.121410102 -1.77711940 -3.70393097E-02 1.13467240
 849 0.984046340 0.465565830 1.26716065 -1.01235008
 850 -0.776634037 1.13106418 1.42463982 1.36391020
 851 0.975553274 0.561146915 -3.66548896E-02 0.387249410
 852 0.132998616 0.521597207 0.978185952 1.07359862
 853 1.01000595 3.05007398E-02 -1.05964673 -0.405993968
 854 0.498688221 5.60167581E-02 1.69962990 -0.405770510
 855 0.373206794 5.31426817E-03 -1.13968885 1.12233174
 856 0.394551277 -0.579809904 -0.537233889 -0.978207827
 857 -0.932912290 -0.820219576 1.06931615 -0.102318108
 858 1.20906866 1.47211957 -0.142393231 0.644068122
 859 0.750627041 0.887405753 -1.00251353 -0.922578096
 860 1.09500563 6.60546646E-02 -1.14775825 -0.605163932
 861 -1.34638476 -0.398269415 0.466720223 1.91692114E-02
 862 -0.617432714 -1.19036371E-02 -0.663582683 -1.03697562
 863 0.393371880 -0.251277924 0.694529653 -1.21134806
 864 -1.08266354 -0.948863387 -0.594455123 -2.03262305
 865 -1.03958035 -0.425697267 1.89180684 -1.56730497
 866 -0.666240036 -0.254884958 0.539727330 -0.243544668
 867 0.819395065 -1.51012731 0.872715592 0.754864573
 868 0.212693498 -5.37052453E-02 -9.33324024E-02 -0.327547669
 869 0.928014636 -1.34981799 -0.559315860 -0.112524331
 870 0.784287691 0.404163361 -0.613839388 -0.970969081
 871 -1.22174227 0.589123011 0.740413606 1.00452054
 872 0.836491764 -0.262702733 0.369348735 -1.44330060
 873 7.92683363E-02 0.373091340 1.30801350E-02 -1.32980478
 874 0.717291594 1.38353670 -0.409146965 -1.23143601
 875 2.42416072 -0.659754694 0.297792375 -0.309816509
 876 -0.414694607 0.691275358 -1.48047721 -0.407471240
 877 -1.11455345 -1.24867582 -1.31850469 0.786824882
 878 0.858639121 1.60421181 -7.82963037E-02 -1.18405533
 879 -0.333923012 2.04220581 -0.564713299 -0.380853087
 880 0.534075320 0.547814429 -1.23654115 -0.682728767
 881 0.748135686 -0.370745838 -0.393191457 1.23041391
 882 0.217696190 0.345169872 -0.746322751 1.49583030
 883 -1.02270317 1.15343237 0.914094090 1.34086657
 884 1.04491746 1.09318113 0.352975309 -0.686283410
 885 1.21011269 -1.03609359 0.109383196 -1.47111464
 886 1.56371093 -0.993854523 1.09278679 1.34208536
 887 -0.850698054 -3.92549038E-02 -0.812381089 1.18784928
 888 0.100850746 0.115209915 1.35447180 2.81347585
 889 -0.777142882 -0.569485009 0.543495595 0.119304389
 890 -2.18394136 0.599472880 1.21565449 -0.744139910
 891 0.356029540 -0.523689568 -0.640260577 -0.312185943
 892 1.35941935 8.46007168E-02 1.14867100E-02 -0.922984958
 893 0.253804117 -1.13889277 2.27881980 8.00539851E-02
 894 -1.48385203 -0.841124833 0.200265825 -0.218823805
 895 1.35748458 -3.58102322E-02 -1.42552078 -1.29115915
 896 1.01967180 0.283962011 0.301405549 -0.405461073
 897 0.557392597 -6.64650947E-02 0.252994716 -1.67747676
 898 -0.325166225 4.10864465E-02 0.510506094 1.04957581
 899 1.07545936 1.06150055 0.752625167 -1.79805267
 900 1.51635456 -9.27354991E-02 -6.19822741E-02 1.55051589
 901 2.54347014 0.991176367 -1.71408129 1.55190080E-02
 902 2.20142007E-02 -1.63470995 -0.297118247 -1.73039210
 903 -1.35299742 -0.311762571 -0.793125272 -1.59736896
 904 0.289373845 0.621779919 -1.58073008E-02 -0.278837502
 905 0.756364107 0.703435004 -1.14725375 -1.26124525
 906 -5.39239906E-02 0.386811495 -0.584912539 -0.313891113
 907 0.209114447 2.36331320 -1.49973941 -1.28104496
 908 1.45121884 1.78475738 -0.169874877 -1.13215303
 909 -0.512528002 -0.228180692 0.202133447 -0.993607044
 910 1.41738558 -2.44600844 0.200142995 -1.01879096
 911 0.157008767 0.943681777 -0.166441932 -2.37995505
 912 -0.369585514 0.439880103 -0.407488108 -0.773817897
 913 -0.408515245 -0.116482660 -0.172477931 -1.82871854
 914 0.139891505 -0.381974429 1.01559782 -0.314243197
 915 0.127955407 -1.26031804 -0.656419516 -0.517310143
 916 -0.778957903 0.721905589 0.597116947 0.213592619
 917 -1.81503618 -0.139770478 -0.319518268 0.654595554
 918 -1.46379137 -6.44913912E-02 -1.42036283 -1.47836089
 919 -0.710674345 1.24527442 1.20454180 5.04281446E-02
 920 6.41743094E-03 0.522314847 0.787414789 -3.85679752E-02
 921 -0.380478203 -0.380869150 0.564794719 -0.857559562
 922 9.98751521E-02 2.67771912 0.428746998 -0.969666004
 923 3.21463048E-02 0.846681118 -1.26216030 -0.722262561
 924 0.280505449 0.649117768 3.72496247E-03 -1.21343362
 925 -2.54353881E-02 0.131201506 0.716420650 -0.952725053
 926 2.28042305E-02 0.459951639 0.905493677 -0.385391951
 927 4.23510894E-02 0.424059838 -0.583971977 -1.70333970
 928 -3.05605721 -0.409971595 -0.813894212 -1.05312800
 929 -0.645357728 -1.29565322 -2.59633636 1.23002172
 930 -2.93169916E-02 -0.908800006 -0.216719031 -0.900285602
 931 -0.225093290 0.961430013 -7.60399327E-02 -0.977931440
 932 -0.771951199 -0.105222031 -1.95749259 -6.87301457E-02
 933 1.97647285 0.208154142 1.23617697 3.62309515E-02
 934 2.29798126 -0.578149617 -0.335297912 1.39261007
 935 0.173231483 -1.90987480 2.05988693 -1.13744819
 936 0.387510002 1.04121661 -1.48352957 -0.238820478
 937 -2.22494507 -0.912307799 -0.381884038 -0.469028383
 938 -0.503770530 -0.281918198 -0.316512197 0.236519277
 939 1.72906065 -0.657335401 0.590486407 -0.826030016
 940 -1.80261600 0.402912140 -1.60982215 -0.212536275
 941 -0.452154547 1.34825635 1.00326288 0.995923162
 942 -7.42721707E-02 -0.218761876 6.61434233E-03 -1.05775332
 943 -0.799145818 -0.541051567 0.705812871 -0.978092253
 944 -0.964273155 1.01552820 -0.460959345 -1.27341914
 945 1.10901678 0.332120091 -0.609247983 -0.239782095
 946 -4.87459749E-02 1.19095993 1.04645288 -2.14324331
 947 2.13475585 3.43792439E-02 0.763036609 -0.958392203
 948 -9.71129015E-02 0.354946613 0.645159960 -0.202665403
 949 1.16826487 -0.113762595 -0.339175969 -0.532597899
 950 0.435420513 0.256920874 0.338299483 -0.268866867
 951 0.692970753 -0.565924406 -0.194862098 0.301769018
 952 1.12580442 -1.27746236 0.345573008 -0.179965109
 953 -0.945877135 0.400132418 5.39812818E-02 -1.58747697
 954 0.543848515 1.57626450 -0.668533444 -0.388144523
 955 -0.546509624 1.01868808 -0.125456899 0.332822055
 956 0.909703553 -1.49555731 -0.968403995 0.263419241
 957 -0.978580475 -0.538231552 0.792561650 -0.359646142
 958 -0.833945274 -0.485333860 1.01668859 0.577185392
 959 5.96952364E-02 -0.692269504 -0.592076898 -0.630163252
 960 1.25555599 1.91380884E-02 0.694729209 -0.250153720
 961 -1.18546093 -0.836339474 0.588140786 2.32872152
 962 -0.817421436 -1.36002445 0.964013040 0.138359934
 963 -0.705224752 0.413104296 0.525895894 -0.989422619
 964 1.39682901 1.72036481 0.247812346 -1.17362928
 965 1.30623484 -0.694676340 -0.254400253 -1.04369783
 966 0.222639501 0.553605199 0.753048241 2.25377381E-02
 967 2.07066727 -6.02097362E-02 -0.649993777 -0.298100471
 968 -0.923155785 -0.953792453 0.677065969 -0.592845380
 969 0.987240911 0.638795733 -0.489137053 -0.894422114
 970 0.315118492 -0.950603068 0.595986068 -0.274084955
 971 1.99087036 6.66812062E-04 -1.88912177 3.03389883
 972 7.14163482E-02 -0.259968698 -0.993396997 -0.715321422
 973 0.407280177 -0.365467817 1.01426792 -0.276496291
 974 0.677147567 4.66638207E-02 0.172871456 -6.11250401E-02
 975 -0.530844331 -1.95659816 0.920766413 -1.32497430
 976 -0.201077282 -0.209848911 -3.25296819E-02 -0.344720840
 977 0.241924703 0.379933476 -1.51012301 0.494448930
 978 0.483200312 -0.823866069 -1.32883036 0.501531839
 979 -0.473759830 -0.111772418 0.273600966 -0.137443796
 980 0.312454760 0.964087605 1.23759973 -0.963246584
 981 0.310476243 -0.163826942 -0.190814182 -0.714975417
 982 0.783541143 -0.948264480 -0.435084939 -0.992580593
 983 -0.196197242 -0.133762777 1.02018428 0.486964643
 984 -2.49386334 -1.19562781 -0.591563523 1.35628986
 985 -0.754889190 -0.199656725 -0.537590742 -0.272479832
 986 0.698484719 -1.24014664 -0.379213691 -1.02890038
 987 0.765191197 1.64123631 0.820212007 -0.857516050
 988 -0.270226926 0.873226881 0.125545844 1.70718789
 989 -0.787957966 0.382126182 0.382899463 -1.17999172
 990 -1.07211280 0.795903802 -1.00584877 -0.623688161
 991 5.38746193E-02 -0.794189215 -1.11271489 2.80905890
 992 -0.325621307 -0.755065024 0.402419835 -0.333201468
 993 -0.781797886 -2.69948173 -0.757295132 0.532379270
 994 0.573710740 1.17284083 0.898495615 -2.09227824
 995 0.705829978 -3.80026996E-02 -0.389894903 -1.21981859
 996 -1.05938959 -1.10162973 0.279698759 -1.16222775
 997 -0.141289353 0.423062742 -1.52400410 8.23169947E-03
 998 0.666668773 0.593000710 -1.12884295 7.61688054E-02
 999 -0.573314607 0.396912843 0.716229200 1.78857791
 1000 1.07078147 -9.77503806E-02 -0.333134234 -0.366338402
 1001 0.682160795 0.561987579 -0.925927579 -0.405110419
 1002 -0.267189085 0.493842810 -1.45677197 -1.21385837
 1003 1.46038437 1.47544217 0.618335783 -2.84857601E-02
 1004 -0.264851302 2.16099918E-02 0.893140793 8.99385288E-02
 1005 -1.14541066 1.03106558 1.26830459 -0.780874908
 1006 0.386965752 2.53870344 0.676443040 -1.06674850
 1007 0.343184352 0.204020649 -2.41238475 0.313412577
 1008 -5.56049496E-02 -0.676059484 -9.51772109E-02 -0.283407867
 1009 4.50897813E-02 -1.95351505 -0.692805588 0.462655097
 1010 0.289835870 0.301331013 -0.310391724 1.75392628E-02
 1011 -0.179059088 0.732851267 -1.73922002 -0.267361403
 1012 -0.755476832 -1.97481740 -1.63614511 -1.55822325
 1013 0.931684792 -1.00738370 1.26964080 -0.747664094
 1014 -0.374410152 0.725422144 -1.57747269 -0.384150058
 1015 0.910559058 -0.694402397 0.344021171 -1.36622167
 1016 -0.457713604 -2.19595194 4.55758721E-02 -0.977894902
 1017 -5.42064607E-02 -2.81162411E-02 -0.614172697 -0.674473286
 1018 -0.517073691 -1.43346620 0.197222799 -0.735098839
 1019 0.186602816 -0.265725970 0.826502204 -1.72289693
 1020 -0.317857713 1.99103189 0.507466674 -0.882145286
 1021 -0.713237286 -6.86649233E-02 -0.156839535 2.04477453
 1022 -0.211252958 0.841047466 -0.937622488 -0.711977005
 1023 0.300666392 -0.531677842 -0.647035241 1.17295957
 1024 -0.237135857 -1.17421365 0.416692674 -1.11139011
 1025 0.665254116 -0.550515532 -3.04750156 -0.182373315
 1026 -0.938562274 1.36038268 -1.58632851 -1.35139143
 1027 -0.123200454 -0.155682981 -0.190619498 0.733288229
 1028 -1.99050689 -4.92873788E-03 0.580774128 -0.940194488
 1029 -0.551584005 0.903787613 -0.787157655 0.842869163
 1030 1.85600722 0.101962596 -3.90283763E-02 -0.760996580
 1031 -1.01661551 0.649224758 -0.693701982 -0.689729273
 1032 0.721359849 1.49762297 0.690204859 -0.424745917
 1033 0.113536417 0.103054516 1.97286701 -1.84460759
 1034 0.611500084 0.503689587 -0.699822128 -0.133668184
 1035 -2.00261354 -1.35726213 -9.63234678E-02 -4.37578559E-02
 1036 -1.31648219 -0.262433887 -0.133941099 -0.324455857
 1037 2.45130181 -1.57328677 0.821694970 -1.10717523
 1038 0.662027955 1.64826262 0.166562378 1.14677012
 1039 0.269959927 -0.635359526 0.769775927 -0.856374085
 1040 -0.726093888 2.84050894 0.122898988 1.13429821
 1041 0.538607836 -0.173939407 -0.659130931 -1.09475231
 1042 -2.41686964 0.122101963 -1.96592832 0.661773205
 1043 -0.576311886 1.21816361 0.300815076 0.208448216
 1044 -0.649793744 0.547869921 2.02625084 0.303708643
 1045 -0.574374795 1.51676869 -0.453473687 -8.11709911E-02
 1046 -5.16224802E-02 0.847957253 -0.683054805 -0.217931151
 1047 -0.702115059 1.71468318 -0.758308530 -0.982008040
 1048 -0.983671904 1.92606020 1.13053739 -0.459628493
 1049 -0.251281202 0.340677738 -0.693043590 -0.776620269
 1050 0.355116338 -1.00467777 0.134658456 2.18377948
 1051 -0.655580878 0.444355518 -0.176146045 -1.05733418
 1052 -1.80841768 1.17026305 0.359307945 0.373425484
 1053 -0.755486071 1.12816918 -1.10385585 0.277170599
 1054 -1.48211193 0.507713318 -1.48251224 -0.382755578
 1055 -1.14793611 2.68437362 -0.115062699 -0.183780164
 1056 -0.377975047 1.28968823 0.410390913 0.790668845
 1057 -0.917475224 2.46148968 1.34717667 -1.89255702
 1058 0.501257300 -1.32433355 2.47651041E-02 -1.85176384
 1059 -1.00006115 1.73716366 4.56461310E-02 -1.71657836
 1060 -0.774171770 0.458250910 -0.945093036 -0.878415048
 1061 -0.753902078 0.459515333 -0.711183012 -0.605194271
 1062 -0.205626860 1.07899690 5.05790785E-02 1.26598001
 1063 -2.15587735 -0.707945585 2.25721635E-02 -0.123011991
 1064 -1.14805841 0.285872012 -1.55798364 0.428716838
 1065 -0.243987411 1.17668188 0.687717438 -1.11446655
 1066 0.311948150 1.81594118E-02 -0.704158485 -1.02757072
 1067 -0.582286119 -0.601394475 0.154835060 -0.846447349
 1068 0.633020699 1.27306998 -0.306718737 -0.228115633
 1069 0.288668871 0.190181538 -1.90310550 -1.63225830
 1070 -1.71486211 1.28561115 5.20093627E-02 -0.486686885
 1071 0.137468338 -0.521124899 -0.468035460 -1.27674818
 1072 -1.30230951 1.80196142 0.171652645 -0.343427241
 1073 -1.20531142 0.237249032 -0.443454504 0.256179273
 1074 0.526921630 0.168657720 1.04500782 -1.92056763
 1075 0.437828839 0.254408330 -0.256064445 -0.533364654
 1076 -1.99149966 -0.897552431 0.970233679 -1.86956739
 1077 -0.713703871 1.64037597 -1.26407444 -0.302029133
 1078 -1.09383476 -2.70478055E-02 0.718323052 -1.92449868
 1079 0.667943239 0.589025199 1.50969768 -0.961626112
 1080 0.540052354 0.397609442 -0.296103120 -0.796967745
 1081 -0.221279413 1.05473447 -0.825819373 0.380289406
 1082 0.247865587 0.230497584 -3.63050327E-02 -0.206034273
 1083 -1.90407598 -0.101285189 1.00175083 1.09124744
 1084 0.105128698 -1.32180527E-02 -0.207620263 -0.909209013
 1085 -0.806376815 0.847659111 0.793008268 -0.977230370
 1086 -1.28719234 -0.738957345 1.15393806 -0.654426157
 1087 1.06330442 0.824889898 1.78789347E-02 -0.279705048
 1088 1.92564130E-02 0.571872234 -1.63828516 -0.321101904
 1089 -1.02082300 0.356267691 -2.00301266 0.517930627
 1090 -1.30297053 -0.497914255 8.24569017E-02 -0.592855692
 1091 -2.53916192 0.764412045 8.07389617E-03 -0.988097012
 1092 -1.93880439 -1.66961658 1.81870186 -1.12429488
 1093 -0.958088815 1.26455927 1.36077464 -0.642506957
 1094 0.361161768 0.668912053 8.76286477E-02 1.20684969
 1095 -1.21525836 0.607406676 0.959472537 -0.322477728
 1096 0.777144790 -0.285202891 -1.16434932 0.992730856
 1097 -0.180087119 -0.174664259 0.253555447 -0.990244150
 1098 -1.10557866 1.45373797 -6.81236088E-02 2.80873489
 1099 -1.59239697 1.73291278 0.398764372 -0.540184379
 1100 -1.27521658 0.225106299 9.03829411E-02 -0.793985367
 1101 1.75430107 0.125627831 -0.823512554 0.885143340
 1102 -0.613399625 1.13426876 -1.86087632 -0.628863215
 1103 -0.881994486 8.49741846E-02 -0.124402717 -1.30463743
 1104 -1.43237174 0.593146920 0.296350330 -0.237666070
 1105 -1.46176302 0.105374753 1.13757133 -1.13908863
 1106 0.796487391 0.510669589 2.64399838 -1.13237298
 1107 -0.478949606 -0.527691603 -0.491046220 1.31496263
 1108 -1.03524816 -1.46148598 -0.609614789 0.440515757
 1109 -0.115712553 0.196126997 -0.619285107 -0.113624208
 1110 -2.70312858 0.712229490 1.96254528 -1.14183915
 1111 -2.01129460 -0.531044006 -1.50386226 -4.56584692E-02
 1112 -4.28672135E-02 0.303723186 0.862819076 -0.445979029
 1113 -0.869481564 -0.607825458 1.04688621 -0.257420897
 1114 -0.436964840 -0.855205297 9.43375379E-02 -0.742751479
 1115 -0.292723298 -0.407391578 1.15195334 -0.145299777
 1116 -1.61414933 0.859064281 1.09422493 -0.555363178
 1117 -0.234494179 1.32291543 -1.07570863 1.09179270
 1118 0.230752259 0.639614344 -1.04883969 -0.495755315
 1119 1.85992360 1.62743950 -2.17351675 -0.429826885
 1120 -0.441313088 -0.345690340 0.585526168 0.182065755
 1121 -0.451589406 1.07082593 0.261542618 1.30204308
 1122 -0.135195971 -1.09962666 0.319486707 1.39083850
 1123 0.901435375 1.07507885 -1.47105157 1.28373754
 1124 -0.989030719 1.63653171 5.70076704E-02 0.546320617
 1125 0.462418109 1.16739798 0.489242971 -1.46525168
 1126 -0.416200310 -0.113013037 1.89235806E-03 -0.202571437
 1127 -1.40340221 -0.219093695 -0.342942297 -0.364970148
 1128 0.163363725 0.704223633 -1.31325626 -1.20761704
 1129 -0.947944820 1.08879519 -0.140348837 -0.497723609
 1130 -1.01141620 1.40559006 -1.00822461 0.290374875
 1131 -1.89931571 0.341976762 -0.701408923 9.58489478E-02
 1132 -1.11577475 1.41733837 0.896524251 2.64057088
 1133 -1.35988593 0.441460758 -0.493464917 -0.106751680
 1134 -1.39440465 0.605248034 1.61533380 1.51341510
 1135 -1.54616427 -0.595957398 1.16034079 -1.20572376
 1136 -1.26535320 0.646115303 -0.114003196 -0.804749966
 1137 -0.757312775 1.26506424 7.66707286E-02 0.402250439
 1138 -0.261385918 1.37462127 1.28467143 -0.860813200
 1139 -0.185946465 -1.84212375 -5.82213700E-03 -1.40202260
 1140 1.63006556 -0.879406989 1.38428700 2.58603859
 1141 1.36662126 -0.750957370 0.588797450 2.67477679
 1142 0.653867543 -1.89959705 3.77198458E-02 -1.77396685E-02
 1143 3.00962782 1.29479718 -0.657478750 0.169576347
 1144 2.71332216 -0.146866724 -0.681566060 0.979624450
 1145 -1.36848736 -0.459171504 1.36693978 0.510855556
 1146 -0.456989288 -1.18499732 -1.42587328 1.40611756
 1147 0.656368375 -2.37646365 1.72921395 -2.00817537
 1148 -0.347280920 -1.19235849 1.85051286 -0.657410026
 1149 0.734818101 1.59383190 -0.345909894 1.71028185
 1150 1.86568356 -0.463291407 0.446264505 0.359298229
 1151 -1.37741232 1.39656782 0.695678294 0.887034416
 1152 1.21850276 1.09060657 1.36642087 1.36350334
 1153 1.14791584 0.281198472 -0.410293221 0.767628431
 1154 -0.500127017 -2.13450956 1.91409898 -0.506513655
 1155 0.981090426 -1.73161399 -0.118131593 0.338227212
 1156 0.323739827 -0.560942531 1.34029889 -0.142444789
 1157 1.14828479 0.101233080 -0.711268425 1.34459281
 1158 -0.933138251 -1.28982937 0.167197347 1.39799726
 1159 0.395523429 -2.73197222 0.923047543 1.01062012
 1160 2.50775433 -0.895022631 0.898669243 2.59177613
 1161 -1.31020117 -1.06436527 1.42280340 1.86088598
 1162 0.220079899 -1.02399802 -0.771398604 -0.467557907
 1163 0.691239715 -0.270387203 -0.391429901 1.01988506
 1164 1.33169949 1.40182161 1.40457129 0.582091749
 1165 0.854357123 -2.07489878E-02 -0.234702691 0.803916335
 1166 0.891704202 0.789623797 -0.564863801 -1.12930048
 1167 0.645040154 1.34833086 0.997002959 1.74114478
 1168 0.506464601 -1.97241259 1.49070036 -4.52025533E-02
 1169 -8.66206586E-02 1.17390764 -1.84069395 1.29987359
 1170 -1.00908184 -1.29350877 -0.198712856 1.05862999
 1171 -0.541052818 0.295588732 -2.31850433 1.53400314
 1172 7.45880231E-02 1.46666527 2.47302341 1.42196488
 1173 -1.45579112 -1.63388765 -0.627082765 0.730775058
 1174 1.52237201 -0.883172631 1.24900007 1.94689894
 1175 -0.461298704 -1.04609561 0.204703256 -0.129146442
 1176 1.20647502 -0.233329564 -0.823422968 -0.441487610
 1177 -5.97364455E-03 -1.87876976 -0.140213311 2.97626996
 1178 1.40253019 0.151421636 -1.68658340 1.87494218
 1179 1.55967224 -1.40315759 0.477047324 -1.30808938
 1180 8.61476213E-02 -1.21214128 -0.346143663 1.93589520
 1181 1.34948695 1.24976015 0.666610420 2.70997429
 1182 -1.69938707 0.216621161 0.745680273 0.496006995
 1183 1.73772025 -1.23733413 0.119331181 -0.535129547
 1184 2.46984410 1.65385509 -0.624061823 2.45864344
 1185 1.16564012 -0.494771183 -8.48148316E-02 1.82728934
 1186 0.424921542 -0.477704287 0.894914627 3.12632489
 1187 1.92098975 -0.143226013 0.291863739 -0.287792146
 1188 -2.58861637 -1.28078020 -1.82563794 1.18441963
 1189 0.176159382 -0.427967489 1.40823019 2.91817760
 1190 0.536511779 -2.24957156 1.00969255 -0.504285753
 1191 -0.225027740 -0.514807582 -0.210502133 1.59896874
 1192 2.90162277 -0.432426274 -1.21336079 1.98581338
 1193 1.83829999 -1.56934524 0.488515437 -0.167683333
 1194 -0.863383710 0.381413877 -1.15219307 -0.560281157
 1195 2.07826138 1.34519386 2.59345984 -2.87097842E-02
 1196 1.70797086 -1.44090259 1.09928608 -0.668747425
 1197 1.63471937 -0.165586233 -0.292775184 -0.713432610
 1198 1.93842816 -0.126770020 -1.10073698 -0.334963143
 1199 1.14958942 -0.108523332 -0.208109856 -1.05416954
 1200 1.73517370 -0.931427002 -0.267099261 -1.06870532E-02
 1201 0.957247972 -1.36268020 7.55469501E-03 3.06482935
 1202 1.18289721 2.05641294 0.251107246 2.60129118
 1203 1.73063827 8.36077034E-02 1.35461044 0.219841614
 1204 1.09491909 6.66496009E-02 -0.790191650 1.51140964
 1205 0.548684835 1.39546907 0.184553266 1.10733461
 1206 0.957971454 -0.391086459 0.574917674 0.228581637
 1207 2.26315498 0.521795034 0.827162743 2.30379891
 1208 -0.689379275 0.920030177 0.636600137 0.414204478
 1209 3.21243954 1.04441392 0.896916747 -0.228021309
 1210 6.50920346E-02 -2.72126245 0.994991243 0.517548442
 1211 0.148074269 1.44538224 -1.13241899 -0.207468286
 1212 -1.09147453 0.132037565 -0.978103518 1.21524501
 1213 0.851347089 -0.573981285 0.609213471 0.554398358
 1214 0.698018432 0.753205538 -0.743415713 1.19553745
 1215 1.79639494 -1.60885966 1.48879826 1.97748721
 1216 0.841222882 0.414610922 -0.329051018 -0.440021187
 1217 -0.442655325 0.294479638 -0.782927036 0.999754250
 1218 0.920721173 -0.617321610 -0.334844291 1.29357481
 1219 1.62114096 1.32233095 0.887619495 1.05164099
 1220 0.923165143 -0.947474718 1.60163426 1.33246970
 1221 2.19335675 0.730574906 0.255568564 1.29181862
 1222 0.894223750 -0.630773067 0.777027786 -0.595109820
 1223 0.994731367 1.75066042 1.35091794 1.38165164
 1224 0.215490654 -2.09264612 -0.289361209 1.01090837
 1225 1.38508129 0.613597393 -0.201722339 -0.208308548
 1226 2.34198308 9.86233801E-02 1.67254436 0.932460964
 1227 1.24489522 -0.746552825 -1.49399948 2.75345016
 1228 1.57580245 1.10340846 0.120404288 -1.99747622
 1229 1.88989329 -0.595028162 -0.138461888 -0.979645133
 1230 1.54478467 -0.751618922 0.561463237 0.881598234
 1231 1.49039793 -1.09372926 -4.72666509E-02 -1.00751305
 1232 2.99990129 -0.287571847 1.58965397 1.92862725
 1233 1.80297744 -2.54546261 -1.12617016E-02 5.92583716E-02
 1234 0.152908087 1.16753042 2.01420975 -0.378421009
 1235 0.438554287 -0.649083614 -1.15066826 -0.192492872
 1236 -0.453171968 -0.942136586 -1.44987190 -1.42123151
 1237 0.432587534 -1.15424550 0.137622446 -1.42579365
 1238 2.06371069 0.357994467 -6.24389797E-02 0.823524952
 1239 0.241016999 -0.480977625 2.33858204 1.49586248
 1240 2.69894302E-02 -0.420901984 -2.57357860 -0.931874394
 1241 1.32943022 1.03712690 1.90369070 -1.27550876
 1242 1.38316667 -4.35927361E-02 -0.758616507 -0.342906415
 1243 0.415682852 -5.33522777E-02 -1.00954413 -0.678446293
 1244 -1.27254701 -1.59866357 1.33378363 2.10239911
 1245 0.834594905 -0.190672398 2.58578491 -1.67375374
 1246 -0.298038483 -0.538938165 -0.530954123 -1.27316356
 1247 1.12739539 0.305382669 -1.97357666 0.479757756
 1248 0.344691098 -1.81290567 -1.25910413 0.278160214
 1249 1.58970690 -2.62368965 0.815599680 1.50627434
 1250 1.13348866 -0.978653908 0.355901748 1.01002705
 1251 -0.903375030 -0.738579690 0.401298791 1.56486332
 1252 0.417948097 -2.23647070 1.47766745 2.73708034
 1253 0.635130048 0.776883781 1.63359690 2.75478125
 1254 0.284390211 -4.52781394E-02 0.359568954 -0.519320071
 1255 2.03943253 1.23917615 -2.43746281 1.13454330
 1256 1.94435430 1.22493505E-02 -1.50490487 2.71237612
 1257 1.29751122 6.95138872E-02 0.454176992 0.920763969
 1258 0.963798106 0.481667250 -0.278463870 1.37717462
 1259 0.633298993 0.254876077 1.09973764 -5.78336120E-02
 1260 1.12726176 -1.36158729 -0.206983611 0.587991655
 1261 1.60665119 -1.51894426 -0.140493348 -0.137436569
 1262 1.09147334 1.63321924 -1.20116258 -0.211772144
 1263 1.61903119 -1.53572392 0.601211190 -2.43982971E-02
 1264 1.94327545 -1.13297176 0.839400053 0.831361830
 1265 1.44126475 -0.830576301 0.428174257 0.595120013
 1266 1.76510692 -0.713476896 0.212157309 -4.77734059E-02
 1267 -0.417963684 0.368946910 -0.279649109 0.915031910
 1268 0.264695942 -0.718375921 0.433257639 0.229681239
 1269 -0.578164637 -0.943596840 1.62925673 1.20820427
 1270 0.736819506 -2.79498434 -0.950672209 1.25615489
 1271 1.21943438 -3.11335206 1.49256742 1.46710086
 1272 0.677106678 -0.733089566 2.00035381 2.50488949
 1273 1.54039288 1.06033528 -0.813048303 -0.678521574
 1274 2.20413494 -1.12968624 0.669033170 0.610983849
 1275 2.87096548 4.86260206E-02 0.815782666 1.27897549
 1276 1.49832129 1.86111033E-02 -0.609909058 -0.431663454
 1277 1.06704414 -0.234450728 -1.20859385 -0.527007222
 1278 -0.439129919 -2.63594890 0.751549602 0.696386039
 1279 -0.126113325 -0.210349783 -0.590318024 0.525534391
 1280 -0.799560249 -0.789817631 0.954929709 1.55681884
 1281 -0.592118442 -0.286459327 1.45405495 0.519064665
 1282 0.369920433 -1.20753801 -0.258642018 0.850847602
 1283 4.96495515E-02 -1.25279140 1.43244791 -0.415458649
 1284 0.385307133 -1.88960338 -2.12755203 1.33176017
 1285 1.38469112 0.384242952 0.974347472 0.950823545
