 1 1.96134949 1.25813389 -1.10200107 0.247621372
 2 -2.33427668 -1.25756121 -0.368721098 -0.861369550
 3 -0.778018594 1.89271104 1.43280482 2.86105251
 4 -0.607478976 0.743863583 -0.823503971 -1.29119539
 5 0.141247988 -1.37188864 -2.04057169 0.600833774
 6 -8.66234526E-02 0.123920023 -0.371493787 -0.420930952
 7 0.483984411 -1.85291624 -1.78502047 -0.148421273
 8 0.128553793 -0.417342454 6.09578639E-02 -0.952104688
 9 1.66148627 0.283362418 -1.96645010 -0.876458764
 10 -2.31343079 -0.642615914 7.23244697E-02 -1.64666009
 11 -0.433670759 -0.670861721 -0.652874231 -0.776768863
 12 0.171100542 -1.19649005 -1.49639213 -0.570029020
 13 -2.65969896 0.891903698 -1.97226250 1.04685867
 14 -5.09188026E-02 0.752539873 -1.31598639 -1.01322758
 15 0.546444774 -0.865274906 -0.377131760 -1.56308317
 16 0.109205887 1.23430169 0.759404659 -0.723889530
 17 1.14711511 -1.24702346 -2.15048146 -1.39271939
 18 -1.43934393 -1.12929916 1.87397802 2.50483179
 19 0.461317062 0.519836843 -1.49132645 -0.923116684
 20 0.559886634 1.02594674 -2.33814764 -0.410568893
 21 -0.888327658 4.08110246E-02 -0.983890057 -0.554705381
 22 1.02403104 -0.299739957 -0.676785409 -1.08880758
 23 1.29646480 1.06416690 -1.11549699 -1.35312760
 24 -0.818115056 0.543585181 -0.740243793 0.699542344
 25 0.394170851 0.416217059 0.554965734 -0.186655030
 26 0.376645982 -0.473528445 0.174931809 2.21932840
 27 1.53522885 -1.37258232 -0.701413631 -1.18843484
 28 -0.101326182 0.716474891 -2.33831191 -1.06124175
 29 -1.69225240 -0.274544656 -0.910947442 -0.817270637
 30 -0.627222180 0.745237529 -0.536602616 -1.25135493
 31 -0.190936416 -1.53500533 -0.182516068 0.472970873
 32 0.139455736 -0.576139331 0.293869525 -1.83829546
 33 0.502044320 -0.651880622 2.63653919E-02 -1.48684812
 34 -0.262364537 -0.294599831 -1.16070127 -0.134296060
 35 -1.30449569 -0.791619301 0.563397110 1.80171585
 36 -2.29150772 -1.34254122 9.77614298E-02 5.33788800E-02
 37 -1.09007800 0.704633296 0.906148791 -0.205137834
 38 0.273915470 0.498936176 1.09788775 3.50003242E-02
 39 -0.768123925 -0.605071306 -1.99537241 -0.358469516
 40 0.282544583 0.637258530 -0.102984250 -1.28298664
 41 1.44163489 -0.591620803 -1.86641669 0.713374138
 42 -2.12848711 0.368572116 1.20226979 -0.949600458
 43 -0.417184770 -2.17310786 3.79444957E-02 0.306623369
 44 -1.45320630 -0.956747830 1.43871248 -1.59549367
 45 -1.10968423 1.43626237 0.246439874 1.50035095
 46 -0.624526501 -1.03245330 0.997207761 -0.422269225
 47 1.13855124 -1.24597442 -0.400819004 -1.27610028
 48 -1.11414647 0.288724214 2.18612552 0.832787871
 49 -1.60752904 1.03516757 0.648445547 3.09106421
 50 1.40747166 -0.915856242 -1.38840687 -8.55165422E-02
 51 0.979144871 -0.299962342 1.14936268 1.16660333
 52 0.954124928 -0.893637478 1.62847674 1.07742929
 53 -1.03970981 -3.52221280E-02 -1.04292333E-02 1.46324205
 54 0.752431393 -0.477580816 0.556068003 1.00939798
 55 -2.42525935E-02 -0.305469811 -0.989297748 -0.853437066
 56 -0.392223299 -0.522860289 -0.515043139 -1.42891002
 57 0.138589606 -1.18691671 -0.244110167 -2.10620284
 58 0.153766513 0.114925176 0.328136951 0.183463007
 59 -1.20564914 -1.12294877 1.00758410 0.296119303
 60 0.247486249 -1.86670768 0.409665644 -1.32456517
 61 -1.01587009 0.885313034 0.868320465 -1.28840804
 62 1.38347924 -1.09728324 0.322565764 1.24994612
 63 -0.178326949 -0.121074528 0.386062592 -1.63480520
 64 0.825035334 0.353314489 -1.34135497 -1.35564327
 65 0.215181381 0.155177772 0.185515493 -1.56550813
 66 1.47126031 0.162324607 -0.714448273 -0.370063126
 67 0.459527135 -6.32791594E-02 0.131166115 -0.408540338
 68 -0.319383562 -7.63205886E-02 0.892534673 -1.01165080
 69 -0.690871596 -1.38443077 -2.71481723E-02 1.84418285
 70 -1.67426920 1.21431673 0.508594573 -0.563614428
 71 -1.73806548 -1.06708014 -0.355355173 0.567479134
 72 -0.956258118 1.86499977 2.22368479 1.95351601
 73 -6.81017488E-02 -0.157037765 0.170315176 0.128493026
 74 0.568491101 1.01405954 0.190338850 1.13365769
 75 1.16238999 0.315042406 0.596898973 -0.554855049
 76 0.672942698 -0.524597585 -0.206093907 1.14046586
 77 -0.239760011 -0.861470103 1.66979408 0.360642731
 78 -1.68095112 0.896318018 1.19739771 0.824776053
 79 -0.934852242 -0.863921106 1.59595788 -0.368700415
 80 -0.678719282 0.389064610 -1.16107702 -1.75148439
 81 6.11807108E-02 -1.33903491 -1.36304998 0.215638518
 82 4.93829437E-02 -0.615088642 0.276152760 1.99868071
 83 -2.90521085E-02 -0.220300868 -1.41342282E-02 -0.852041960
 84 -0.377382845 -1.02853608 -0.679753125 0.438250601
 85 -2.58324432 0.977872014 1.57875943 0.207809061
 86 -0.731302440 0.832140744 0.132191285 -1.44288266
 87 0.536443472 -1.46732426 -2.25569582 -0.227054089
 88 0.221911520 -1.19908404 -0.227462798 0.496123850
 89 1.02702582 -2.06455493 -2.16176200 -0.328912914
 90 -1.26886296 -0.129758373 0.193134561 1.70938611
 91 -0.940046787 -0.444672078 -0.251818508 -0.243795604
 92 2.33647488E-02 -0.803157568 -0.647316515 -1.43215084
 93 0.878424883 -0.316045225 0.600692630 0.844701886
 94 -0.276845574 -0.892185092 -0.262516350 0.655973256
 95 1.66370571 0.679670095 0.239012003 -1.72714114
 96 -0.240578786 -0.371945620 1.12730467 0.192030296
 97 -1.40760434 0.464672714 0.635225117 1.02750409
 98 -1.10677516 1.86393690 -0.574013412 1.52518785
 99 0.156270951 -0.722732604 0.306069374 1.18740499
 100 -0.497219712 1.20664620 0.156585708 0.543639660
 101 1.27186298 0.792819381 -0.261297703 1.09086645
 102 -0.702650428 -0.102560535 -1.00285888 0.960104465
 103 -0.606388509 -0.170607358 -0.738572240 0.489842325
 104 0.753970146 -1.08548141 -0.829975903 -0.176549077
 105 -2.12238288 -0.846118987 0.465183437 1.84063256
 106 0.471940756 -7.66347200E-02 -0.347540557 -0.986615598
 107 1.80066323 0.244442001 -2.53790283 -1.22113085
 108 -1.01133144 -1.41534138 0.165884286 2.57694077
 109 0.115102530 0.471236646 0.968148708 -0.841358066
 110 -0.518764019 -0.585828424 -0.207659632 1.24835777
 111 -0.518414021 -6.67360425E-02 0.201204777 2.98301291
 112 0.946542144 1.57005000 6.57765269E-02 1.20569658
 113 0.463173062 0.330713332 1.44286752 -0.575563371
 114 1.51495087 -0.438739896 -0.938452601 -0.784413755
 115 3.73174772E-02 -0.426456124 -1.71621931 1.70078564
 116 0.745602608 -0.596008539 -1.94482040 -1.17323780
 117 1.41149724 -1.19101059 -1.70817208 -1.64011705
 118 0.773700356 -0.744064569 0.346682996 9.74318981E-02
 119 0.740096092 -0.296509773 -1.18008697 0.778142869
 120 0.215549052 0.348909438 -0.437276453 -1.07154846
 121 -0.532572806 1.11477375 -0.170780957 -1.21910322
 122 0.196971685 -0.599758029 -0.248527646 -0.417511284
 123 -0.599397123 8.75688940E-02 -0.463429928 -0.966707230
 124 0.572808564 -0.929654598 1.49394631 0.892243326
 125 -1.66019452 -0.289557427 -8.10056999E-02 -0.954920053
 126 0.246821478 0.230657116 -0.282801479 -0.472779632
 127 0.462663382 -0.679466367 0.260323226 -1.35982478
 128 0.149114966 1.09813166 -0.520974338 -1.30082846
 129 1.25894034 3.78362536E-02 0.646177769 -1.19123435
 130 -1.06491297E-02 -0.580075681 0.717508674 -1.74528909
 131 1.88709402 -0.517459214 0.712659538 -0.791834950
 132 -1.54947174 -1.68321216 0.409777999 0.114862025
 133 -0.591771781 -2.32453561 -1.01251614 -0.749110520
 134 -1.40016758 -3.05078316 -2.06593275 -0.523826420
 135 0.553153813 0.574685693 -1.41917431 -1.62151682
 136 0.643967688 -3.03413868E-02 -1.44892716 8.46711844E-02
 137 -0.816008925 -1.46903694 1.00583804 -0.186222285
 138 -0.375659853 2.11365819 0.242641628 0.521023571
 139 -8.57061222E-02 0.147736236 -0.250343502 -1.63142645
 140 -1.01006949 -0.117740989 -1.65969896 -0.778928697
 141 -0.718499720 0.236548722 -0.437814534 -0.708169818
 142 -0.885745108 -0.745360076 -0.268265665 -1.39527225
 143 -1.50127435 -0.471780688 1.36054683 -0.609637022
 144 0.104912624 -0.206475809 -1.14889109 -0.772143841
 145 -0.708703458 -1.11656725 1.60367024 0.371173352
 146 0.836294591 -1.81932211 -0.600599647 -1.20129776
 147 -0.233380407 2.49948359 1.18871081 -0.207952231
 148 0.919532239 0.307323158 1.27943659 0.878159583
 149 0.342792213 -1.17726159 -2.03343081 -0.263920784
 150 -0.428034067 -1.28207612 -0.736434281 -0.765004933
 151 0.512670398 -2.53719902 -1.25431454 0.419618011
 152 0.930003703 0.409304887 -0.699663162 -0.831069529
 153 -1.52927506 -0.559276044 1.36018300 0.109417677
 154 -0.118640631 0.608432829 0.229519069 -1.29190731
 155 1.17554963E-02 -0.944264412 1.63723469 -0.687512815
 156 0.376995921 0.556482375 -1.48288691 -0.584059119
 157 0.162282661 -0.645208776 -1.51339066 -0.969747543
 158 -1.51708734 0.676657796 -1.94821835 -0.595447540
 159 0.708585501 -2.63987350 -0.668919981 0.193110451
 160 -1.04266095 -0.249671474 -0.175594479 -0.256960839
 161 -5.28831184E-02 -0.733944058 -0.400262564 -0.787803113
 162 -6.90651536E-02 -1.71995187 -0.714482784 0.710720956
 163 -0.190490335 1.50666332 1.62205994 -1.69329119
 164 -1.51698506 -0.441092849 0.309661299 -1.16384351
 165 0.156578124 9.90866795E-02 1.47133291 0.569313169
 166 -1.70282125 0.780724943 1.56336510 -1.26490366
 167 0.940873682 -1.13692987 1.05832875 -0.862415075
 168 0.411320746 -0.431588411 -0.237899542 1.29860342
 169 -1.11069083 0.155023754 0.416588426 -0.134061992
 170 -0.526737630 -0.880093634 1.47749972 -1.47392464
 171 -0.726223409 1.70099771 2.93132854 -1.43016708
 172 -0.564361334 7.08104968E-02 -1.63894594 -1.47244859
 173 -0.339279264 -1.03337991 -1.31798434 -0.605177760
 174 0.832534790 1.27360237 -0.565109253 -0.762399614
 175 -1.84681451 -0.457861006 0.351890862 0.394224107
 176 0.346152008 0.383114308 0.925568461 0.281825572
 177 0.142351210 -0.489438415 -1.26727831 -0.444602966
 178 -0.391305327 0.577399015 0.554867029 1.40326273
 179 -0.399573714 -0.624977827 -1.86908352 -1.24784791
 180 -1.44428420 0.252418071 2.21373653 0.590519667
 181 -0.431015879 -1.25664914 -1.10376644 0.475703508
 182 6.56059012E-02 -0.195319057 -0.420316130 0.291650325
 183 -8.45694840E-02 -1.16063845 -0.406279147 1.48265707
 184 0.318402618 2.14709926 1.94403911 2.34275460E-02
 185 1.19665802 -0.159964412 -0.490855277 -1.20951521
 186 -0.971993446 -1.34820712 -0.273604155 1.99837375
 187 -1.37575507 -0.702336669 0.807493865 -1.38591707
 188 0.728590965 -0.751520574 0.470171392 -0.645450950
 189 0.469937712 1.20391858 -0.705377400 -1.61223078
 190 -0.645981073 -4.06699926E-02 -1.16060114 0.360273927
 191 -1.68286800 -1.02994859 -1.64207363 -1.44302137E-02
 192 -0.250663340 -1.71409774 -0.819143951 0.815983355
 193 1.88037288 -1.39607763 -1.89643586 -0.491430700
 194 1.77671742 -0.757944345 -0.583938122 -1.90987813
 195 -1.75714493 -0.746324897 0.132436067 -1.46792626
 196 -6.87268972E-02 -0.680490911 -2.14423442 -0.623260438
 197 0.713083446 -3.46249151 -0.937336564 -0.488339037
 198 0.372920215 -1.27188039 -0.394875646 -0.223980427
 199 -1.11673963 0.311604917 0.850113750 0.997693658
 200 0.340466738 0.675146639 -1.07468665 0.103527710
 201 -1.59397900 0.230185404 1.61796963 1.10497653
 202 -0.380333096 0.174078792 0.933490515 -0.372723937
 203 -0.927316070 5.92664033E-02 -1.57133913 -5.01723997E-02
 204 -0.607785523 -0.382529646 2.21445012 1.05899096
 205 -1.09634125 0.413907111 -0.737381101 0.713061333
 206 -0.673798740 -1.22632277 1.14429355 -0.542368770
 207 0.307872087 -0.374383062 6.35209456E-02 0.567027211
 208 -0.550690591 5.57675660E-02 0.271152824 -0.465255320
 209 -0.677967846 -3.73179168E-02 -0.105475113 0.108154923
 210 -1.46769226 -0.430536807 -0.321006656 0.964113891
 211 -0.980569720 2.85885930E-02 0.823976994 -1.52327263
 212 0.380840123 0.815581620 0.125143528 -0.955294132
 213 -1.27214515 -0.985231400 -1.70046437 -0.998129725
 214 -0.870603681 1.81023240 0.759647548 -0.634733021
 215 -0.443756044 -0.751540542 0.497605622 1.00779092
 216 -0.167824432 -7.94432014E-02 -0.120493963 0.436285973
 217 1.99696347E-02 0.639754534 0.635748148 -0.228558183
 218 1.44213581 1.83040011 0.499149978 -0.260976642
 219 -0.558830500 -1.98246670 -0.588044882 -0.229187369
 220 -0.942666769 0.581802726 0.324460626 -0.435696393
 221 -0.904663026 -0.126809120 -0.626880050 1.00786638
 222 -1.00299180 3.17349100 1.15543771 -0.632201850
 223 -2.60766935 4.93395329E-02 2.02411604 -0.339917749
 224 -1.73925543 0.642148435 1.09508479 -0.155818611
 225 -0.723216653 0.379267186 0.329740077 0.262418747
 226 -6.04607910E-03 -0.623698056 1.61043799 0.837235332
 227 -1.18688631 0.648867071 0.480369419 0.949806571
 228 -1.08171546 2.07118106 0.841642082 0.178918347
 229 -0.968160152 0.757185161 1.60657418 -0.624676406
 230 -0.766200185 -1.16862106 1.11601937 0.702661753
 231 0.382095844 1.60956168 -1.35241950 -0.428301513
 232 -0.545584917 0.831316888 1.53134561 1.22133684
 233 -1.58086932 -0.966114402 -0.421306193 0.819914103
 234 -1.02287567 -0.564254105 0.258161694 -0.146871597
 235 -0.492525101 -1.11069691 -0.862176538 1.74652743
 236 -1.74144006 -1.12724161 1.80585146 0.172035128
 237 0.237174213 -2.91422796 -0.234488964 -5.32625318E-02
 238 0.775845170 -1.39718199 -0.627998531 -0.107979804
 239 -0.134219855 0.554018855 0.639152408 0.579673767
 240 0.367587149 0.599756718 -0.405771255 1.22847211
 241 -0.444637597 -1.79565358 0.179953665 1.19194782
 242 -1.39706898 0.102768175 1.34624648 0.101737976
 243 -1.64287972 -2.69813108 -0.760654688 -0.736988842
 244 1.26034987 -0.493399024 -0.491311550 1.57533479
 245 -0.273113042 0.196856394 -0.321366727 -2.50551105E-02
 246 -0.903850377 0.101805232 1.60818577 -0.882950783
 247 0.807359576 -1.09873104 0.621580124 0.522148132
 248 -0.559244871 0.118145227 -0.247641206 0.977606535
 249 0.485742986 0.717128634 0.903581142 5.29594719E-03
 250 -1.23700476 0.115344703 5.86002171E-02 0.647923946
 251 1.03653717 0.692857146 -0.721144199 -1.48193145
 252 6.82165399E-02 0.139209405 -1.57752359 0.805932641
 253 -0.597789049 8.25354457E-02 1.73384583 0.953679800
 254 0.335723877 0.958664060 0.269722074 1.42873573
 255 -1.00985336 -1.74302781 0.691060960 0.671947241
 256 -0.716582179 -9.96804163E-02 -0.659948945 -1.05130970
 257 7.26417601E-02 -1.88739693 2.15403461 -0.472529411
 258 -1.63537252 -0.670652628 2.47373271 2.08298922
 259 0.149218887 -0.426732779 1.39516270 -0.221967071
 260 -0.239193067 1.55913413 1.84508801 0.786866248
 261 1.09325373 0.584697008 -0.574065983 -0.795742393
 262 0.246129006 -8.43559951E-03 -0.707882702 -1.72324467
 263 0.680631518 0.186247811 -1.03476000 -0.835249722
 264 -0.785708249 1.11793029 0.620455325 -0.303783417
 265 -1.25072074 -1.42664802 4.02873456E-02 -0.231445417
 266 -0.212241620 0.500338376 0.745261312 -0.456558079
 267 0.658661723 -1.64481568 -0.680942535 1.41051710
 268 0.145979509 -0.582752645 -1.01069868 -0.539869845
 269 2.38894367 0.627713799 1.02740526 -0.520116925
 270 -1.76150632 -0.476029396 -1.87127137 -0.867770314
 271 1.04872870 -0.600322664 -0.496360093 -0.806288600
 272 0.312192380 -0.423770398 0.291685343 -8.88646990E-02
 273 -0.580541968 -1.59916615 0.118259013 1.43561685
 274 0.409562021 0.108373821 -0.821003079 -0.565246642
 275 8.66953284E-02 -0.816991210 1.25618398 -1.57695723
 276 -0.622592628 1.24970829 -6.42684847E-02 -0.555105209
 277 -0.114869833 -0.174494356 0.723893762 -1.08683741
 278 1.96431950E-02 1.68472552 0.389750928 -0.372038782
 279 -0.272786766 -7.24952444E-02 -0.710012615 -0.267698228
 280 -0.630470157 2.15748405 -1.08061254 -1.07101524
 281 -0.437134743 0.576976359 -0.934069514 0.217868745
 282 1.98874831 -1.85087490 -1.00702918 1.81213804E-02
 283 0.349414110 0.787895501 8.80385563E-02 -0.229956150
 284 -0.332344115 -5.82871102E-02 -0.602652431 0.468000352
 285 1.11083257 0.527869880 0.301424861 0.519061267
 286 0.511417508 3.05056050E-02 1.23628187 0.390604347
 287 5.75314052E-02 8.71189237E-02 -0.561244607 -1.21808791
 288 -0.457058609 0.566106915 -0.582455397 0.181830868
 289 -1.64648831 0.574514151 -0.961126089 -0.378018707
 290 0.105612405 -0.634809434 -0.260718435 0.459111273
 291 0.466545045 0.271168590 0.558747947 0.821504533
 292 -0.972042382 1.81846952 0.447531432 1.23076868
 293 0.486048222 0.863149047 1.37465918 0.345206112
 294 -9.79537517E-02 -0.938232899 1.11002350 9.78323817E-03
 295 -0.918171465 0.302966207 0.965179920 -0.507999599
 296 1.93223619 -2.31316185 0.239781678 -0.838196278
 297 2.50063920 -1.12203336 -1.44666696 1.54409444
 298 -0.599802971 -1.28828573 -1.38231778 0.674277425
 299 -0.523816228 -0.695791662 -8.07785541E-02 -0.120922476
 300 -0.662274063 0.932258904 1.10588419 -0.242042899
 301 0.461816698 -2.06538463 -0.681034923 1.08784580
 302 0.275534987 0.704757631 -0.127976194 1.44565368
 303 -0.239066914 -0.843268335 0.398583472 0.593562484
 304 5.91967106E-02 -1.01938283 -1.26628709 -3.75680327E-02
 305 0.306844831 -0.186417192 1.37003213E-02 2.23007679
 306 1.09629130 -0.157913357 -0.831771374 6.11809604E-02
 307 1.21809602 -0.739719808 1.04657054 0.664664268
 308 -0.249477983 -1.00294018 -1.20895720 -1.37435293
 309 -0.368674308 1.77505708 0.513854682 -0.591718197
 310 -5.66493087E-02 -1.77049947 0.430815488 0.553822577
 311 0.416549802 0.130524382 0.691594899 8.00020993E-02
 312 1.43183517 -0.616833925 -1.03047252 -0.655974388
 313 -0.380588412 0.316079348 0.184799165 0.382774293
 314 -0.836299062 0.399262637 0.316256970 -0.390267074
 315 0.903843999 -0.407983005 0.471717387 -0.330443561
 316 0.282357186 2.41596961 -0.103228509 7.06967562E-02
 317 0.871562600 -2.19804549 -0.243522167 0.540254772
 318 1.05231178 -0.537076533 -0.191615850 -1.19051015
 319 -0.907346725 0.581530213 1.50820541 -1.14815462
 320 -0.772759676 1.41588259 1.08887029 0.761311412
 321 0.849698782 0.946485400 0.130655676 -0.892144620
 322 0.588642180 -0.433849424 -1.10040879 1.61952937
 323 -1.42213845 -0.219392568 0.487415642 -1.10490978
 324 -8.31264928E-02 -1.30487406 -1.37481523 -0.400405526
 325 -0.824162841 -1.34084153 0.638733864 0.744153380
 326 0.803239703 -1.96988928 -0.753852010 -0.647244632
 327 1.25851429 0.195554733 0.642148376 -1.38202131
 328 0.567063987 -2.45361662 -0.425943047 -1.01921678
 329 -0.613582253 -0.112813503 -0.676965773 -0.953018308
 330 0.572308421 -0.861272097 0.337555259 0.797340810
 331 0.721093595 -0.414382398 2.78438032E-02 -0.786790848
 332 -1.44107211 -1.19428706 -0.532399237 -1.59113383
 333 1.15996289 2.83495903 1.15296483 -8.83705914E-02
 334 -0.255677223 1.23399699 -0.924435854 6.35854378E-02
 335 -0.988571048 1.66432667 -0.678906918 1.68534315
 336 -1.08509922 0.847776949 -0.229974434 0.131225660
 337 0.354019850 -0.963601828 7.60308802E-02 -0.352647245
 338 1.28843760 -1.05848444 -0.769466519 3.76482248
 339 -0.614377201 1.15580463 -0.685284853 1.64864683
 340 -0.619654596 5.29851764E-03 0.429290593 -0.345382273
 341 0.247209132 -0.572165608 0.606363773 1.98643327
 342 0.352590203 -0.421897739 0.295470715 0.384979904
 343 0.108928561 0.681475222 -0.427593052 -1.14509916
 344 -5.27565777E-02 1.47337258 0.461270213 0.104054287
 345 1.66636026 -0.144344807 -2.52566576 -1.02870911E-03
 346 0.514612198 3.76809537E-02 1.87285149 0.880576789
 347 7.52337128E-02 0.835054696 1.53407705 0.883519173
 348 -0.674525678 0.758812845 -0.797780097 1.01391816
 349 0.714590073 -0.792170227 0.703832984 2.53872561
 350 -1.33152008 -0.419954449 -0.396530688 0.424821287
 351 0.968384802 -0.790463328 -0.500622630 -0.620808542
 352 -1.07594943 1.70242262 1.07404494 -1.37923157
 353 0.302499413 2.28056693 -1.02410722 1.42455959
 354 -0.218414307 2.13390398 1.42854404 -1.31997550
 355 0.556968033 -1.07136214 -2.52454728E-02 0.128054842
 356 0.503781676 -0.805929542 0.339691490 -1.42054284
 357 -0.341197222 -0.541914701 0.766598701 0.298120707
 358 0.465668142 0.939158201 1.02457225 -0.218109131
 359 -1.45079327 1.24232018 0.986054599 -1.20605934
 360 0.153283060 0.923727393 -0.850513220 2.86599946
 361 5.81363738E-02 -7.80111998E-02 -1.06341887 1.10754704
 362 0.115667775 -1.44420505 -0.536488712 -1.10111415
 363 1.19099808 0.288157195 1.72423947 -1.12366307
 364 0.638336122 -0.979477644 -0.669001698 -0.946734309
 365 -1.33166051 1.17176485 2.01127815 0.829682112
 366 0.671750188 -0.746656418 0.474800318 2.32154036
 367 -0.319961488 -0.319175601 0.138229802 0.208976656
 368 1.29534268 -0.679148257 1.29685009 -3.75383794E-02
 369 -0.730400443 -1.91342950 -1.67197859 -1.14570701
 370 0.345848411 -0.928198695 -0.362905741 1.50801766
 371 -0.435319543 -0.603834271 0.592910051 1.89218950
 372 -0.461502075 -0.144820511 1.16719079 -8.12012628E-02
 373 1.26314008 1.41596234 0.717149615 0.934032977
 374 0.522547424 1.58931839 4.86543924E-02 3.92685533E-02
 375 0.477169067 -0.826216996 -0.830433846 1.61993134
 376 0.516790628 -1.70108676 -0.209892511 9.15252864E-02
 377 -1.42812729E-03 -1.34864032 -1.99723530 -0.267285585
 378 1.69326961 -0.126832262 -1.07221031 0.701538801
 379 2.00759244 -0.550310254 -0.235177919 -0.156213462
 380 0.127901062 -0.196312398 -2.00031137 7.65613317E-02
 381 -0.469883084 0.211656630 -0.341721117 0.694850683
 382 -5.90205789E-02 0.134741992 -7.49830306E-02 0.154266119
 383 -3.12232780 -0.864491642 -8.69537815E-02 1.33317089
 384 -1.13014555 0.113196597 0.426494628 0.397466898
 385 -0.932974219 -2.15962863 -0.934440374 -0.186514884
 386 -0.982635379 1.45130301 2.00544786 0.919269502
 387 -0.905376375 1.00780225 1.38402593 -0.261821657
 388 2.80443025 1.16493094 0.278434843 0.216757953
 389 0.119374879 -2.55120844E-02 -0.563788176 -0.538144767
 390 -0.263038725 -6.73271418E-02 0.311440200 -1.64862871E-02
 391 0.910376787 -0.602308631 -1.91647339 -2.11940371E-02
 392 1.50367892 -0.355993092 -1.12712717 -1.35597706
 393 -0.594542921 9.78521034E-02 -5.76534122E-03 -1.01451659
 394 -1.26460254 1.38700223 0.821678758 -0.217016935
 395 -0.190265730 1.74369812E-02 1.53827143 -0.762023509
 396 -1.23615956 -1.09146345 1.11047530 0.168861419
 397 -0.522279918 0.754716158 2.01806092 0.581706583
 398 -0.802754581 0.112344876 2.29255986 0.461505681
 399 -0.603858113 -0.824001670 -0.735143781 0.189678133
 400 1.41671860 -0.966785491 -0.962006509 0.501884222
 401 1.43009424 -1.94378531 -1.69507861 1.47100186
 402 0.452920735 -0.442774206 0.350093514 -0.213343814
 403 -0.346809506 1.47845089 -0.471520543 -0.637809515
 404 -0.617959499 0.200410157 -1.06413448 1.98700583
 405 -1.69449997 1.47973752 -0.800062597 0.938628435
 406 -0.755329251 -0.434166729 1.83031762 0.941569030
 407 -1.99254477 0.489092588 -1.85633969 0.258830249
 408 0.676172733 -0.535365343 -0.796246946 -1.23387980
 409 0.617020965 0.727622032 -1.00869155 -0.347996116
 410 0.487594306 -0.758096099 -1.07547498 -1.04333198
 411 0.385926366 -0.130226046 -0.980832815 -0.501015306
 412 -1.17827463 -1.68988359 -2.20711923 -0.244248226
 413 -0.488844573 -1.72420895 0.186061159 -0.269489259
 414 -1.58983457 -1.05236733 -0.421377718 -1.39382041
 415 -0.881149173 0.515689313 1.15334582 0.144413665
 416 -1.73494303 0.342487961 0.991403818 2.13174391
 417 -0.387532055 0.320552588 -0.417412460 -0.156013697
 418 0.285015315 0.842635751 -2.44661498 2.77036786
 419 0.647882342 0.581923127 0.793766737 1.68518424
 420 0.441618532 -0.321210742 2.99967408 0.180359766
 421 0.335353553 -1.19916368 0.139291674 -0.744292438
 422 0.287325829 1.70753360 -0.274438918 -0.445930153
 423 -0.103607908 -8.25809687E-02 -0.980231822 -0.788015783
 424 -1.72330534 1.05609643 0.220697269 -6.54635429E-02
 425 1.19634354 -0.356463969 1.72071886 -2.06082129
 426 -0.638214767 0.432195693 1.03660631 -0.548064768
 427 0.923681021 1.73653412 0.288951159 -1.19473600
 428 -0.745471001 -0.710447490 2.49126256E-02 -0.127899975
 429 -1.47735357 -1.11189425 -1.16337514 -0.928960562
 430 0.474425405 -0.861232221 -8.50516632E-02 0.411809772
 431 0.485977232 2.62427740E-02 -0.543714762 0.893056393
 432 0.324465930 0.745979965 0.530983329 -0.381432950
 433 0.715062976 7.15044364E-02 -1.04231536 0.616784751
 434 1.09674466 0.442636073 0.518416643 0.394355416
 435 4.17260528E-02 -0.210779369 -1.32660615 -1.28548491
 436 0.278434157 -0.560908318 -1.11362541 -0.895281553
 437 -2.67958236 -2.99323773 -0.350640953 1.91861033
 438 -1.35281432 -1.47464848 0.308887541 1.09844780
 439 -0.159757003 -0.948853850 -1.49891508 0.145930827
 440 2.98972130E-02 -1.20442891 -1.31356847 0.195588470
 441 -1.44705713 -0.360356539 0.746828318 0.529569626
 442 -0.390736938 0.864577651 0.290754259 -0.290725470
 443 -1.93263137 0.368318886 -0.441015780 0.529288948
 444 0.467920840 -1.57517123 -0.365353107 -1.58166087
 445 -0.859185457 3.78862917E-02 -8.57971907E-02 0.855272114
 446 -0.592520416 0.141760498 -0.622882307 -0.514024556
 447 0.555042148 -0.192056283 -1.02878654 2.28727603
 448 -0.198769003 -0.932583213 0.728807390 -0.369279087
 449 -0.990562439 -0.432929546 -0.967329085 -0.811732292
 450 0.535425782 0.368798643 -1.04367328 1.13866067
 451 0.324222684 0.260292232 0.746883512 -1.21381140
 452 0.836231291 0.251225173 0.287054151 -0.564753473
 453 -0.929903150 0.809180737 -7.58779570E-02 -0.402747810
 454 0.961010218 -0.471124023 -2.18562698 0.427578270
 455 -0.282858968 -0.441414356 -0.504554808 0.399938136
 456 -0.241584778 0.912437677 0.735624850 -0.579444051
 457 -0.544614196 0.234651849 0.858248889 1.55536795
 458 -1.06837523 -0.241618007 -0.359676778 2.23078752
 459 0.554622173 -0.233254015 1.13251340 1.36018145
 460 0.223126322 -0.423541665 -2.02673006 -0.541098356
 461 -2.27551556 -0.550905466 0.834269047 1.27139449
 462 -1.01356542 -1.68187797 1.01986730 0.567091346
 463 -0.602258563 -0.957222700 -0.948514581 -0.265202016
 464 -0.601257920 0.239960998 -0.493594527 2.63657022
 465 -0.695538044 -1.41842711 -1.72793102 -1.10323870
 466 -0.727250516 1.96013331 0.137832969 0.337108046
 467 0.414787382 0.803537309 -0.723797679 0.999694169
 468 -0.401899964 -0.398634583 -0.850006402 1.56049550
 469 -0.349296242 8.95472318E-02 -1.34123468 -0.661346078
 470 0.156343311 -2.03242397 -2.13525653 4.07874584E-04
 471 -0.666014850 -0.663170218 -0.650789022 0.468854964
 472 0.105966203 -0.354401201 0.652879000 -0.560987413
 473 0.372930229 -1.09363091 -2.21984720 0.251157373
 474 -0.800347388 0.265977651 -2.70337629 -1.25165510
 475 -1.82673669 0.180144534 -0.670471251 -0.467254281
 476 1.14863575 -0.817166388 -0.967333019 -0.792215466
 477 1.06343949 0.346817076 -1.70625460 -0.399167627
 478 -0.122455068 0.636515856 0.499965906 0.121783257
 479 -0.610871077 0.340638578 1.42892659 -1.15788364
 480 -0.452542871 -0.554338872 -0.465384841 1.09566891
 481 0.184460476 0.475163937 0.428619683 0.724359274
 482 1.02599609 -1.12974823 -1.11950982 -0.748487830
 483 -1.92096710 -0.619879842 -0.233682647 -0.504329324
 484 1.83367813 -1.04173136 -1.72612393 -0.105486289
 485 0.515252471 -0.577897787 -1.84144223 -1.43946779
 486 -1.70685923 0.395728499 -1.16349852 -0.733784437
 487 0.834118426 -1.98306763 -1.29302001 -0.713484526
 488 0.247742370 -0.388098061 0.645949185 1.90889931
 489 1.49548709 -2.27140808 -1.61481154 -0.270467043
 490 0.596069932 -0.817408741 0.663623154 -0.492472917
 491 0.968361020 -0.520644367 -4.61537093E-02 -1.17158961
 492 -1.42014086 0.733778656 -1.68998730 -1.22208452
 493 1.68624413 -0.638435543 -0.867009282 -1.27378905
 494 -0.374096066 1.04033756 -0.180289507 1.88951981
 495 0.669902444 -0.828546226 -0.531880140 0.275666237
 496 0.951618731 -1.63900793 -0.286887169 8.94187093E-02
 497 0.295707017 -0.973227799 -0.780507326 1.26031375
 498 1.16982973 -0.982198477 -1.33030379 0.128619760
 499 -1.45773101 0.600662172 0.201826349 -0.794713199
 500 -0.904029667 0.599258482 1.22166717 -0.418778330
 501 2.30111027 0.359602749 9.59992409E-04 -4.59936261E-03
 502 1.52133334 -0.834209979 1.91552234 2.09742475
 503 0.201176971 5.98847866E-03 0.319440126 -0.320549488
 504 0.750620663 -0.357056916 -0.788604558 0.625409126
 505 -0.876441658 0.995319068 -0.215114087 0.732686341
 506 1.92382753 -2.44695044 -2.54619145 -0.703119993
 507 0.604045451 -0.970593929 -1.32681012 1.46040511
 508 -1.11079788 -1.66066372 -0.700610876 -1.00900900
 509 0.553235412 -0.532330573 0.837546945 -0.523408771
 510 -0.406589329 -0.884811759 8.03507417E-02 0.290226609
 511 -8.60456377E-03 -2.88973379 -3.13992389E-02 -1.19934642
 512 -0.505843699 -0.711195469 0.449618429 -1.93268731E-02
 513 -0.248801723 -9.15394202E-02 -0.280144453 0.224608004
 514 -0.307614207 -3.08410302E-02 1.44273269 -1.34571409
 515 -1.13638127 1.31395316 0.280572742 -1.15865517
 516 0.785218239 -0.730839908 1.34399188 1.48251379
 517 -0.610769629 -0.349882305 -0.398206115 -1.44848073
 518 -0.854843259 -0.360340029 0.248159304 -1.26448131
 519 0.625539184 -0.465869367 -1.81685126 1.17084146
 520 0.109046809 0.904645085 -0.830728829 -0.852789879
 521 -1.40877640 2.02998614 1.10677314 0.779981315
 522 -0.961356938 -0.966677904 0.535920918 -0.410518318
 523 1.32091093 -1.34178460 -0.228035733 -0.703066349
 524 1.62588549 -8.86502862E-02 0.229007244 0.474987924
 525 -0.281445622 1.33012593 -1.28431523 -5.62908649E-02
 526 -0.630138755 -0.629238784 -1.14688015 0.810329616
 527 0.274919927 0.140134484 0.332103997 0.645363390
 528 0.524479687 -1.01290250 -1.36252165 -1.50603509
 529 -1.80643082 0.371079713 0.536325574 0.882142663
 530 -2.07138371 -1.66357231 1.89308214 1.24751234
 531 0.423555821 1.26086831 -0.796363056 -1.21071339
 532 0.625500798 0.682774723 4.10766527E-03 -1.06664658
 533 0.730804086 -1.31708157 0.317366779 1.08833122
 534 0.884303927 -0.908978462 -3.48889530E-02 0.268342048
 535 4.91808057E-02 -0.105921142 0.692968726 -0.802118659
 536 0.325375199 -0.837405205 -1.45699573 1.08992398
 537 -0.372482181 -0.576364219 0.121072680 0.108604833
 538 -0.582283378 0.114730962 -0.767551541 0.454710662
 539 1.44829679 -6.92560673E-02 0.214878708 2.36504436
 540 -0.123956576 0.425725043 -1.27006292 -0.441043586
 541 0.200061530 -0.507373273 1.99136078 0.338444442
 542 -2.26934433 1.32426620E-02 0.416204065 0.557286620
 543 -1.08626366 -0.537958264 -0.360938281 -0.445644081
 544 0.456611574 0.605917037 0.557381749 5.87381423E-02
 545 -0.125880539 -1.03982925 -0.234534338 -0.321449786
 546 1.04460227 -1.27942848 -0.922060490 1.02726817
 547 2.09026504 1.44481409 -1.59801531 -0.986796021
 548 1.67811763 -1.65772426 -1.44919086 1.93002462
 549 0.888966680 -1.33807075 -0.993451059 1.50927556
 550 -6.73953146E-02 -0.533976674 0.125440598 -0.608638406
 551 0.744974971 -1.17394984 -3.28176618E-02 3.76319504
 552 -0.681868792 -0.581667185 0.917036533 1.02874601
 553 -0.568360507 -1.19710767 -1.02733159 0.412960440
 554 0.825446546 -0.717605591 0.638440132 -1.05592775
 555 0.905816972 -1.16564310 0.498822689 -0.881254137
 556 0.745473862 -1.77453649 -0.647606254 -0.178326279
 557 -1.02456546 -1.33652163 -1.10480630 0.116059825
 558 -0.440572739 1.22126639 -1.32118237 -1.25449598E-02
 559 -1.66416681 0.576843619 -1.40009129 0.771689832
 560 -0.739586890 1.57726073 0.665206969 -0.669581652
 561 0.712979198 1.26158178 0.976728916 -0.789244533
 562 0.320030987 -1.43553269 -1.26845205 -0.204760060
 563 0.562574506 -0.172681481 -1.38534474 -0.676115751
 564 6.73949718E-03 1.53742623 1.03596222 0.468875587
 565 -0.328650057 9.28395391E-02 2.67733479 -1.05991578
 566 -0.443586051 0.869945228 -0.916525960 1.18983686E-02
 567 -4.13234904E-03 -1.04732740 -0.859948993 -1.36819577
 568 1.11961102 0.742801368 -1.06049490 -0.575792551
 569 0.106024027 1.03227782 0.186287537 -0.443601191
 570 -0.265108943 -1.73667800 -0.800970197 1.33331347
 571 0.160876989 -0.238387942 0.333423257 -0.832915187
 572 1.09812868 -0.657334685 -0.659387708 -0.744937301
 573 -1.00747883 2.64244676E-02 0.765227556 0.208571643
 574 -0.472676486 0.326267838 0.605796814 5.95942140E-02
 575 0.862850249 -1.27793271E-02 -0.381275326 5.17441705E-02
 576 -1.76200747 4.06903327E-02 -1.47136664 -1.30037725
 577 -0.605592489 -1.11368060 -4.99723554E-02 1.68599033
 578 -1.23338950 0.775740981 -0.886110187 9.21283215E-02
 579 0.874403000 1.05334902 -0.671794176 1.68538535
 580 -0.133984923 0.849160910 -0.750404835 1.66192889
 581 -0.772391915 3.13720182E-02 -0.938764393 -0.184295267
 582 0.229224101 2.05838966 0.261820197 0.372308016
 583 2.42875147 0.915726900 -0.629086137 0.506276906
 584 0.485178530 0.367485255 -1.37966216 -0.714735270
 585 -0.377629340 -0.264088631 0.175520837 -1.08263040
 586 -0.161213398 -0.129865363 1.47405028 -1.57224476
 587 0.933746457 -0.628229856 -0.400117159 1.87342989
 588 -0.868911088 -0.297079086 -2.18047118 0.279924065
 589 1.26929069 -0.133384749 -1.93908989 -0.744005859
 590 -0.263703704 -7.76756406E-02 0.356353819 2.12329030E-02
 591 -1.20513999 -0.145323396 1.10385269E-02 1.31028342
 592 -1.21867704 -0.215368181 1.07255280 -6.00152612E-02
 593 1.14814532 -1.91806376 -2.61457038 -0.623444617
 594 -0.965829015 0.288887441 -1.05952179 -0.967842638
 595 -0.410254091 9.48745608E-02 0.249333575 -0.132890612
 596 0.203953415 9.77970138E-02 -3.72251034 -1.35815382
 597 -9.57325995E-02 4.00256664E-02 -0.151377365 -0.220830947
 598 -1.59551573 0.825805485 -0.852956295 -1.06053686
 599 -0.263244629 3.23350215 1.43939483 8.61550719E-02
 600 -0.891940355 -0.684088230 -0.250047028 -5.69433309E-02
 601 -0.612581491 0.525597572 -2.33760881 0.227806330
 602 -0.900896072 -0.749465168 -0.747107923 -0.379747033
 603 0.973857999 -0.812505424 -2.71414423 1.55607641
 604 -0.739545226 -0.724955082 -0.895904779 -1.37786579
 605 -1.31415701 -1.07707000 3.95122543E-03 -0.556593537
 606 1.51554656 0.663864434 -0.181310982 -1.41644824
 607 -0.551244438 0.209052086 -0.491813302 -1.21823132
 608 0.991894841 -1.43564272 0.344779581 0.897916079
 609 -0.677917957 -3.02796215E-02 1.03271341 -1.65348279
 610 -0.477305442 -0.837187350 -1.33530974 1.27766275
 611 -0.298198074 -0.522275627 -0.542942107 -0.559452653
 612 -0.132008091 1.66931736 -0.377293944 2.12536287
 613 0.338726103 1.33704948 -0.542671561 -0.619173110
 614 -0.626926541 -0.344938964 0.923988938 -1.14904618
 615 2.08267689 1.80027568 -1.76253760 -0.160534680
 616 -0.282656014 0.787877023 0.402229249 0.899707675
 617 -1.09345150 2.18849373 0.484055996 -1.53536773
 618 -1.36062872 -1.81959903 2.78542116E-02 0.892781913
 619 0.537398756 0.638680637 1.37409127 4.76562902E-02
 620 -5.42248040E-02 1.07735670 0.286774457 0.939945400
 621 -1.30364060 -0.281515121 -0.975155890 -0.494660199
 622 1.86190772 -0.261125952 -0.567671776 8.34221691E-02
 623 -0.609370291 0.222403541 -0.696241438 0.774630547
 624 -2.10517597 -1.01650679 1.28495955 0.342819273
 625 -4.68317270E-02 -1.53836906 -1.86092436 -0.591413558
 626 -0.283417612 0.335903913 0.499131531 0.912125945
 627 0.856154680 0.480071068 -2.09774351 1.80134189
 628 5.25922626E-02 -0.516157627 -0.256399214 0.710257530
 629 -0.419206649 -0.842014432 2.19679809 0.985155940
 630 -0.444156587 1.14499736 0.536752820 -1.91864893E-02
 631 0.575249612 0.639322162 -0.520571291 1.23226118
 632 0.485230565 -1.60155892 0.902854204 0.273378730
 633 -0.369685113 0.583725274 -0.529789269 -0.944786966
 634 0.239455551 0.244468004 -0.277152061 -1.46836078
 635 -0.430294842 0.867854476 0.750637352 -1.30039585
 636 -0.287116438 8.23030919E-02 1.59259176 0.703248858
 637 -0.232975900 0.467197776 0.269148320 0.719908714
 638 -0.528799891 0.923453093 -0.428832084 -0.879607081
 639 0.935887754 -1.02827108 -0.694489539 -0.740030289
 640 -0.756483018 -0.578163326 -5.94012141E-02 0.656008482
 641 -0.780273378 0.923205733 -1.06094229 -1.02073979
 642 -2.12905025 0.137890637 2.39668393 0.523145676
 643 -0.719832659 1.40624571 -0.304958940 -1.11765301
 644 -0.612811089 0.178478360 0.381222367 -0.342900336
 645 -0.491934597 0.251287699 -1.11470902 -1.07540250
 646 0.762937307 -1.84866560 -1.58446300 1.24732876
 647 -0.695454359 1.35910892 -1.08981550 1.21742129
 648 0.416588813 1.52963638 -1.91028821 -1.20394802
 649 0.476750404 -0.587303877 -0.189957470 -0.566151023
 650 -0.273838907 -1.54057777 0.284527063 -0.310817748
 651 -1.29213667 1.03677487 0.375212491 0.944742799
 652 -0.919912577 -6.30312711E-02 -0.144886583 1.09304655
 653 0.852145195 0.102008462 1.55225372 0.429764450
 654 1.10443008 1.36742461 -0.281330705 -0.270439923
 655 0.775760055 1.99562454 2.09703708 -1.07315266
 656 1.64935362 0.703642249 -0.190462977 -1.11903465
 657 -0.989286900 0.187580809 -0.120443523 2.57717872
 658 -2.61320972 -0.208109170 -0.169199005 -0.500142932
 659 -0.345453531 -5.83442971E-02 0.425141782 0.305262059
 660 -5.80910295E-02 0.114417776 0.250085294 -0.172060058
 661 -2.14425325E-02 0.122538090 0.265277326 -0.393505514
 662 -1.41796756 0.583164096 -1.52054513 -1.38041115
 663 -1.45605659 0.377254277 0.472203881 -0.485753030
 664 1.30889332 -0.100685745 0.124872252 -0.972757697
 665 -0.346165180 -8.13701600E-02 -1.36993670 0.143427402
 666 -9.19875801E-02 0.104437217 -0.291072816 1.67261648
 667 8.51401985E-02 -2.53649759 -9.11980867E-02 1.96863627
 668 -1.68807101 0.762929082 -1.51014507 0.427281201
 669 0.748541057 -0.642739415 0.487507850 1.46685982
 670 0.438075691 0.177579492 0.624293447 -0.933367729
 671 0.164422005 -0.306325555 0.162867755 0.276355177
 672 -0.722063303 2.13987678E-02 0.294075072 2.41659784
 673 -0.380298316 -0.824888229 1.68838358 1.10422766
 674 0.229318157 1.37096202 -0.916464090 0.228985608
 675 0.159666047 -0.175424665 0.825941384 0.204818904
 676 -2.32571459 0.266433716 0.348514199 -0.427155226
 677 0.163690493 -0.625027061 0.694800913 1.37575483
 678 -1.65486062 0.206544504 -0.352312624 -0.393974572
 679 0.896990776 -2.57962775 -0.117964745 -1.26384032
 680 -0.408908010 0.732589602 0.584683180 -0.797620714
 681 0.165726662 0.289056957 1.37807310 0.749119043
 682 0.335524023 -0.599282444 -0.523795068 0.369925886
 683 1.13831830 -0.514548779 -0.950266898 0.138313368
 684 -0.510746479 1.21326470 -0.127196938 3.77438813E-02
 685 -0.589714885 -0.677691102 -0.223706320 -4.91163097E-02
 686 -1.44969833 1.95711702E-02 -1.54422128 -1.58344269
 687 -1.95443618 1.45850444 1.56082380 2.40173638E-02
 688 0.668007851 -1.06998539 0.334008634 0.307502419
 689 -0.956190467 0.765802205 1.80895869E-02 0.809086919
 690 -2.38365293 -0.391080737 -1.00289655 0.400737405
 691 -0.664109826 1.19332564 -0.819207430 -1.39030850
 692 -0.612422943 -0.191718787 -0.265647054 1.98375499
 693 2.27370095 -0.396320879 -1.12931216 -1.55357492
 694 -6.07857257E-02 -0.308461279 -0.117607623 -1.72015047
 695 -8.89014602E-02 -0.978979588 5.90672716E-02 -0.642670870
 696 0.674224377 1.64702964 1.24935806 0.734654725
 697 -0.459703088 -0.760423481 -0.738151908 1.93668151
 698 2.14429760 -0.246417999 9.83442366E-02 -0.917404473
 699 0.622018039 -0.986586809 -1.23712945 -1.55072725
 700 -1.47710490 1.32674766 0.280554116 0.843700707
 701 0.474186480 -0.617216229 -0.318091512 0.770175040
 702 -1.32201767 -0.949500322 0.506328106 2.01344109
 703 2.00836205 -0.523906708 -1.30557871 -1.15831482
 704 -0.241369218 -0.595935285 0.670024216 -6.60277754E-02
 705 -0.158903003 0.678813934 -1.59527397 1.82145023
 706 0.831834197 1.15285182 1.23689032 1.09155583
 707 0.721984863 -0.207811832 -8.96206498E-02 0.593528032
 708 0.445181191 0.629630029 0.569898367 0.348386168
 709 1.00905550 -0.321765393 1.04176152 0.184611261
 710 -0.529115915 1.14764786 -1.84517002 1.03639579
 711 -1.78115261 0.869617522 0.681563914 -1.18657720
 712 0.283169687 0.265902340 -1.19993901 -0.232437178
 713 0.347706527 -1.27574086 0.378230989 -1.23749983
 714 -1.36515641 -2.14358941E-02 -0.114786550 -0.944063306
 715 -1.31664753 0.564173579 0.137338504 -0.921806574
 716 -1.30630934 0.385593861 -1.78681266 0.650897384
 717 -2.24947429 0.715197682 1.98727882 0.213410541
 718 -0.403109491 0.894687295 -1.15038013 -0.806829453
 719 -1.99152517 -0.946867228 0.846673787 0.164134189
 720 -1.80825496 7.97641277E-03 1.46332777 -1.45184159
 721 0.550432980 6.74024224E-02 9.87374038E-02 -0.748596251
 722 -0.176202208 1.08758974 -0.489804596 0.234008968
 723 -1.24904549 -0.844642103 -8.84171426E-02 -0.887754917
 724 -6.74930513E-02 -0.993791461 -4.33031619E-02 -1.11679637
 725 -0.134622067 0.239410758 -2.71594381 2.41459298
 726 0.499900818 0.796549439 -1.17717588 -0.241573036
 727 -1.18611085 0.607347906 -2.15655677E-02 -0.160466105
 728 2.19528556 0.234568998 0.731458902 -0.534298778
 729 0.636284530 -0.257362992 -0.285231769 -3.26294601E-02
 730 -0.394486219 1.53863168 0.994697392 -1.57243133
 731 -0.870136738 -0.372384638 -0.433097303 -0.161941051
 732 -0.234827489 -0.129390597 0.200319022 -0.693650186
 733 -0.661491811 1.27208388 -0.505104423 -0.206572101
 734 0.471221685 1.47587121 -1.06722581 0.858348668
 735 6.74783438E-02 -1.57768297 -0.935199976 -0.940048337
 736 -0.531417966 0.142240763 -2.14048600 -1.02769041
 737 0.241776824 0.209552422 -1.41321909 1.04434097
 738 -0.530137539 -2.47680172E-02 -1.33504605 1.59564424
 739 0.916573822 1.64016843 -0.638125539 -0.744909406
 740 -1.03830802 -0.446956515 -0.661225438 0.898212433
 741 -1.16554034 1.17971909 1.21562445 -9.08587277E-02
 742 -0.706904769 -0.259486109 -1.45832229 0.135263592
 743 -1.22147834 0.952504992 -0.606750429 -0.426567733
 744 -0.762710869 -0.258165240 0.789006174 -0.897158861
 745 0.815745890 0.127782583 -0.901866674 -0.248720050
 746 1.87494254 0.339296848 -0.541442275 1.48716950
 747 -2.08519816 -1.49922442 -0.152569920 -0.979105949
 748 0.576662540 1.52799785 -0.125201851 -0.272108227
 749 1.18021464 -1.13739038 0.595189631 -1.03367305
 750 -1.13693357 -0.329040796 0.833082974 1.99478120E-02
 751 -0.123908967 -1.64232743 -0.947749078 0.129164770
 752 -1.11808026 -1.18604612 -0.553153992 1.36503863
 753 -1.15012109 -1.03652644 0.910050988 0.121923015
 754 1.53851926 0.401657015 0.647853076 -6.67467117E-02
 755 0.156025469 0.200938210 -1.17096591 2.08254051
 756 0.518230677 0.503969371 -1.24006796 0.861165524
 757 -0.985722363 0.494688690 0.186336219 -0.957602680
 758 -1.11190605 -3.92886158E-03 0.398146808 -0.873117507
 759 1.00312543 -0.340672642 8.64708722E-02 -1.17549145
 760 -0.498257697 0.275164157 2.12712026 0.452147633
 761 0.644088745 -0.603475451 -1.78139269 -0.129330680
 762 -1.07896841 -1.97805262 -0.679993212 1.26851726
 763 1.27863109 -0.642165422 -1.12176383 1.61181557
 764 -0.570621133 0.995322526 6.88402802E-02 -1.58317816
 765 -3.14051211E-02 1.55426383 0.123095930 -1.76228940
 766 -0.230927527 -0.616637290 -0.591347933 0.635716677
 767 0.600812912 -1.02099538 -0.664411724 0.901351810
 768 3.65702063E-03 -1.50826573 -1.31857276 -1.13188851
 769 -1.00557292 0.469287753 0.265344977 -0.527846098
 770 0.310008526 1.11098921 1.00304687 2.37342405
 771 0.752875805 -0.113763660 1.65016830 -1.60229015
 772 0.471870154 -0.444660306 1.42301321E-02 0.818808019
 773 1.12197948 -0.966746211 -1.77769637 -1.55304074
 774 -1.76751328 -0.173460022 -1.15475476 -4.05253768E-02
 775 -0.735202789 -0.214840040 1.67255485 -0.850588143
 776 -0.525548458 0.587013006 1.44131780 -1.25939345
 777 -1.19542575 0.494856745 0.327618092 0.976241767
 778 -0.503907323 1.20377791 -0.806869984 -7.91235864E-02
 779 0.788130581 1.66025150 -0.575264573 -1.17877865
 780 1.54376912 0.956916094 -1.43445039 -1.24839377
 781 1.70336425 -0.577571392 2.12718010 0.186007470
 782 0.215204880 1.06796813 0.316796869 1.08175159
 783 -1.16787577 1.71265101 2.53512764 1.77213836
 784 -1.51016688 1.13911128 0.308279842 -1.84953225
 785 -0.984516859 -3.23155671E-02 -2.01707244 -0.130096182
 786 -1.18734074 0.503625333 2.75492668E-04 -1.69887757
 787 -0.303831339 -4.23535705E-03 -0.181597903 -1.24886918
 788 0.747727573 -0.377880424 -1.49413121 0.199339092
 789 2.07830477 -1.80734456 8.78496468E-02 -0.404046655
 790 -0.573675036 -1.23340070 -7.67382085E-02 0.897205532
 791 0.664159119 -0.691636205 -0.300822526 -0.831117928
 792 -0.379516602 -0.332217157 1.38326228 1.07832193
 793 -0.154482305 0.344323665 2.52147818 -0.291136056
 794 1.87529027 -1.50621521 -1.50435114 2.05999517
 795 -0.143256858 -0.749774575 0.627008200 1.19361150
 796 -0.325338602 0.507568359 1.65406716 0.558031142
 797 -1.54778385 2.05327463 -2.38844085 -1.31815314
 798 -1.21105969 -2.51316452 -0.341601431 -0.255196571
 799 -0.333170623 -0.750656366 -0.956019640 1.15108395
 800 0.460855365 0.573787808 1.69914842 -0.261255890
 801 0.123851031 1.76221788 0.522973180 -1.21156240
 802 -2.05303645 1.53097808 0.942877054 -0.473432302
 803 1.34336305 -0.220382705 -0.142096758 -1.05769730
 804 -0.867720068 0.107596025 0.407748163 -0.846353948
 805 -1.13047373 -0.797315419 0.836329877 1.56522512
 806 0.213877305 -1.88479078 1.14835930 -1.57632625
 807 0.133642867 1.71317756E-02 0.243594423 -1.93140972
 808 1.31446290 0.826388896 -0.825297296 0.923782051
 809 0.343973905 -1.73118210 0.665480494 -0.575122595
 810 0.322816074 1.72339797 -0.732976019 -0.453647494
 811 -0.635960698 0.877777576 3.67000401E-02 0.796933472
 812 -2.22857818E-02 0.942883909 -0.186027899 0.545556843
 813 -0.390927762 -0.134579435 -0.754839122 -0.498575926
 814 -0.140715688 -2.20942068 0.660663247 1.61402011
 815 1.67059112 0.886509717 0.903730035 0.910484552
 816 1.21830988 1.97213531 -0.278910100 -0.450240523
 817 -0.839454412 -1.14065897 -0.769473910 -0.226448536
 818 1.59432268 1.09464049 0.644912362 -0.525226951
 819 2.26124740 -0.536256492 -1.50065017 -0.828098714
 820 0.568333149 -0.404569834 -1.30548370 -0.610950708
 821 -0.132443249 0.558205843 0.260524035 1.45789838
 822 -0.565320849 -0.404077172 0.761194825 1.04385722
 823 -2.10398746 0.405985534 -0.607136488 1.23079801
 824 0.619395256 0.216438472 1.42654943 -0.670322239
 825 -0.161519989 -0.965568185 -0.712333679 -1.43496394
 826 2.05121469 1.45763433 -0.483572453 0.188913018
 827 -3.35277766E-02 -1.55756938 0.470011234 6.17597476E-02
 828 -1.22469711 1.10552073 1.11288965 -1.27337229
 829 0.957644939 0.671565831 0.177580476 -1.13038170
 830 0.765482545 0.606816649 0.600952387 -0.655275583
 831 -0.140585661 -0.661856890 0.766246796 -1.42992330
 832 0.790886819 1.22019541 2.01706004 -0.719570398
 833 -0.795999467 -1.41218269 0.423728645 -0.420211017
 834 0.552238762 0.383704513 0.702897310 1.67788327
 835 -0.693689287 0.475538343 0.576488912 0.314829856
 836 0.138467759 3.91747653E-02 0.650817096 -0.230678290
 837 1.07981050 -1.32867789 -0.174031198 -0.568150520
 838 -0.452686071 -1.36523640 -0.221704692 -1.49225438
 839 -8.09625983E-02 0.748702168 -0.297159255 -1.33112288
 840 -0.247153610 1.34406960 0.733912647 0.521834493
 841 -1.12228298 2.27465773 -0.271038830 0.616584301
 842 -0.612819970 -0.484530807 -0.943443239 -0.170753792
 843 0.754391968 -0.434696436 0.315864533 -0.759048164
 844 0.945232153 0.891589761 -1.28794587 -0.560341835
 845 -1.04291463 1.18273699 -1.14631093 0.424503863
 846 -0.165571183 -8.95651579E-02 -2.17519498 -1.18792951
 847 -0.482111335 -0.660145283 1.02119565 -0.282943577
 848 1.36890900 0.322804153 0.162960112 -1.16048837
 849 -0.597635090 0.158811644 0.421355516 0.959026337
 850 -1.05419374 -1.00324774 1.16558683 0.885538816
 851 0.491185695 -0.511721551 -0.826049328 0.554092228
 852 -0.949148178 -0.368684202 -0.436769187 -0.812915087
 853 2.09232974 -1.59290659 0.139939100 0.213789910
 854 -0.927965581 0.642368674 -0.818104148 -0.283601195
 855 -0.855125308 -0.600603819 -0.286732227 -1.18256092
 856 1.25152886 -0.710166037 -1.02906227 -7.59729743E-02
 857 0.494360179 -0.928105354 -0.651484907 1.34006882
 858 -0.219394565 0.748695374 -0.916728854 1.24504173
 859 -1.90696990 1.98483300 0.604780853 -1.08260357
 860 0.799923658 0.840615869 0.723363698 -7.74018615E-02
 861 -2.73553991 1.08836234 -0.520006418 0.979496539
 862 -0.358905256 0.380925417 -0.567740679 -1.50299835
 863 -1.56787992 2.27052712 -0.188739866 1.06462038
 864 -1.01843810 -0.403467298 -2.91464180E-02 0.414299220
 865 0.286500931 -0.610609949 -0.612437904 0.558748901
 866 -0.609522343 0.732127070 -9.01962072E-03 1.74753225
 867 -2.76082063 8.35277960E-02 -1.22268021 1.87504196
 868 2.28562212 -1.79397440 -1.07525408 -0.755411386
 869 0.283782780 -4.20387387E-02 0.988194644 1.08327401
 870 0.457102358 -1.74352288 -0.659774363 0.747439146
 871 -1.27694321 -0.977281928 7.87755400E-02 -0.219908908
 872 -7.46381730E-02 9.46668684E-02 -0.463307559 0.901129067
 873 -0.389729500 2.36076570 1.18473005 1.01416469
 874 -0.467039824 -0.294577211 0.869895518 0.359441757
 875 0.234883949 0.649633467 -0.154984981 1.69706857
 876 -0.247137904 0.440952778 -0.553722262 0.634573698
 877 -1.81508565 0.133440077 -0.440995276 -1.63104081
 878 0.942588925 -1.04998100 -1.44655514 0.118349791
 879 -1.07535207 1.71687639 -0.875883818 -1.20296633
 880 0.451543540 -0.314168036 -0.217395037 1.85483491
 881 -0.913989305 -0.564781427 -2.45591497 -0.307467669
 882 -0.911628902 0.159252048 1.14440107 -0.759890437
 883 -1.26625264 0.380917639 1.78689468 3.03535461E-02
 884 -0.562214732 1.17194772 -0.914944053 -1.72991669
 885 2.46863604 -0.651565850 0.644419789 -0.222941101
 886 -0.292746603 0.101338819 -0.914336205 8.98223519E-02
 887 0.943732142 0.561659694 -9.88557786E-02 -0.676751256
 888 -0.648369253 1.21069574 1.38792396 -1.08348131
 889 -1.27481544 0.335930049 -0.321476370 -0.528220415
 890 0.309589177 -0.272298634 -0.568706930 -0.746945739
 891 -0.984774113 0.230046064 -0.169409886 -0.797065735
 892 -0.749668419 0.736209214 0.340491742 0.349442363
 893 -7.33551681E-02 -0.126822561 -1.41999447 -0.312757611
 894 -0.255821198 -0.335363150 -1.21392477 1.02119434
 895 -0.572957397 -0.554615259 0.285647392 1.74084258
 896 0.486686260 0.615072906 0.613122165 1.27555740
 897 -0.362581998 -0.480357736 -0.531094372 -0.225800768
 898 -0.678580105 1.24637151 1.21836567 1.01717114
 899 0.408655554 -0.367691696 -7.91480392E-02 0.808649540
 900 -0.112032413 0.733392000 -0.610760331 6.35584593E-02
 901 -0.373163640 -0.406770706 0.448623478 1.58060455
 902 -2.61133909 1.35001338 1.39750254 -1.43917954
 903 -1.91288698 -0.822039783 -1.83781195 1.52219486
 904 -0.545633495 -0.636127055 -0.527799606 -0.646764398
 905 -0.208323583 0.870910108 -1.38964629 0.717600107
 906 -0.783189237 -0.142109945 0.767836809 2.92902040
 907 -2.36664343 0.491782904 -0.496654987 0.857516110
 908 1.16798353 0.286275268 0.494431496 0.777676880
 909 -1.56965530 0.105939060 -0.992191136 0.439729691
 910 1.57855034 1.41521299 -1.50737810 -1.09759951
 911 -0.739304304 -1.17512774 1.51287568 0.657277346
 912 0.968551517 0.560585082 0.102051839 -0.480858296
 913 8.98019820E-02 0.406087875 0.338549554 1.47241092
 914 -1.15479529 3.64336744E-03 2.09128690 -0.778773367
 915 0.794179797 1.26759982 0.156332374 -0.387128770
 916 -7.00541511E-02 0.899768591 -0.582647264 -0.338910580
 917 0.443868577 1.15000081 0.641534805 -1.58673024
 918 -0.426010191 0.238521516 -0.330947816 -0.983092427
 919 0.308845460 -1.85374963 -0.836805463 -0.180888951
 920 -0.575076878 2.77746022E-02 9.37216878E-02 6.54414892E-02
 921 0.469626963 1.53849399 0.866266072 0.141721219
 922 -9.43258256E-02 1.42345977 -0.593029976 -0.997649193
 923 0.779103577 -0.169037670 0.785112202 -6.18562400E-02
 924 0.284860671 0.914203286 -1.12320042 -0.301758051
 925 0.590929687 -1.51052415 -0.285911590 -0.438988388
 926 -0.536227942 -0.733972788 -0.756237864 2.09389901
 927 -0.655553699 0.771527767 -7.16793239E-02 0.855050325
 928 -1.70858014 0.214986444 -2.18531942 0.751678944
 929 -5.66164218E-02 -0.893765390 -1.08752573 -0.586681485
 930 1.84801984 1.00213468 -0.338122994 0.687310755
 931 0.101003125 0.433867157 -1.28684020 1.33912086
 932 -1.43017650 0.674757838 -1.80201888 -0.614257455
 933 1.37658322 0.998028517 -2.41081429 0.403576076
 934 0.121606231 0.880890846 -1.10876000 -0.844431698
 935 1.17837846 -0.115948416 -3.04210037E-02 0.707599282
 936 0.241359219 0.599852562 -0.661577702 0.537673175
 937 -0.396121472 -1.03539753 -0.207946658 -1.08057141
 938 -0.777185142 -0.585675538 -2.05317426 1.66129255
 939 3.33832645 0.397443384 -7.05537051E-02 -1.10636985
 940 -0.812387109 0.811534047 1.03889394 0.622715652
 941 9.05077755E-02 -0.435655832 -1.80403739E-02 0.385639846
 942 -0.402790606 -1.49183416 -1.27335739 3.29190636
 943 0.798259616 0.294954360 0.313109428 0.511684775
 944 -0.360813171 -0.141999960 -0.698172092 -1.13086104
 945 1.65125549 0.909945786 -0.367606163 0.393307298
 946 -2.20848322 1.18316340 1.28088832 1.31419492
 947 0.881924748 1.01628768 -1.92132592E-03 0.619185269
 948 -0.117328398 -1.17320585 -0.434076279 -0.298440367
 949 1.55682933 5.36184013E-03 -0.279219210 0.157127202
 950 2.03065562 0.960990667 -1.10101342 -1.13564944
 951 2.09796095 -0.483841389 -5.71006238E-02 -0.877654910
 952 0.681617141 -0.577111006 1.29245484 0.401211739
 953 6.11470416E-02 -0.585465252 0.453045815 2.95368958
 954 -6.81015849E-03 0.423268646 -0.800170004 -1.31945086
 955 -1.31087112 -1.16347539 -1.13551319E-02 -0.387033880
 956 2.26118660 -0.647122324 -4.53753583E-02 0.205389410
 957 1.38541412 0.709096134 0.186670750 1.54381132
 958 -1.23908496 -0.251500160 1.23614264 -0.454847187
 959 2.15302855E-02 -0.618189812 -1.81434762 2.75667500
 960 -1.17813218 1.84359550 -2.28714490 1.83573520
 961 -0.131184608 0.238702402 -1.80949473 -0.228844911
 962 1.15120053 0.799819589 0.525351942 -0.407342434
 963 -0.390425384 -0.332135320 4.20246795E-02 2.03325629
 964 -0.591897011 1.33587670 -0.984375060 -1.36427999
 965 2.01697850 0.941346228 -0.403350681 -8.63910913E-02
 966 5.05824983E-02 1.51347828 0.286802024 -1.47645640
 967 1.82119524 2.12955403 0.677166104 -0.761468351
 968 -1.24586737 0.148080677 -0.667795479 2.33099294
 969 -1.06266689 3.29207033E-02 1.37441003 1.70142317
 970 -0.302493870 0.911214650 2.44049579E-02 -1.08431971
 971 -0.191729516 0.381009907 1.61947489 -0.174980700
 972 -0.376463771 1.01861799 0.747574329 -3.97599936E-02
 973 1.26003504 0.151680976 1.38475347 0.694956183
 974 -1.33556056 0.733860433 -2.32737541 0.321346432
 975 -0.916984022 -0.333067507 0.659434676 1.32309270
 976 -1.03729963 1.25637162 -0.855284214 -0.956703186
 977 -1.59527194 0.461561441 0.831157267 1.19845319
 978 1.25252223 0.937044382 0.502037823 0.327646017
 979 -0.605783701 -0.448086470 9.87661183E-02 2.90889072
 980 -0.908037305 0.771542013 0.206010267 0.179392993
 981 0.204746038 -1.64127684 0.129814416 0.365891188
 982 -9.81772691E-02 0.351956904 -0.743596196 0.715360940
 983 -0.557317436 1.95505476 -1.05727947 -0.491246283
 984 -0.349873602 0.231624931 -1.83009911 -0.559307098
 985 -0.872741342 1.19419658 -0.818114996 0.442255735
 986 -1.54106820 1.04819387E-02 1.21688604 -5.45907915E-02
 987 -1.88892829 1.13225591 0.763722420 0.230682552
 988 -0.778185248 2.33603287 4.33941670E-02 0.121518701
 989 -0.726793826 1.21791041 0.651645780 -1.30253327
 990 0.192262337 -0.810894549 1.71698904 -6.58564717E-02
 991 -0.843673587 -0.363310277 -0.564380646 -0.298815966
 992 0.440145880 -0.529147744 -1.30000007 -1.18249965
 993 -0.437458932 1.93909034E-02 9.32602286E-02 0.165030628
 994 -5.43117635E-02 -0.425095379 0.491084009 9.97816175E-02
 995 -0.223502398 -1.13307548 0.766863644 1.60150540
 996 1.14312482 -3.33177000E-02 -0.855719805 1.39518595
 997 0.543941498 1.31474686 2.50704098 -0.952570796
 998 0.509946525 0.128059134 0.902007222 -1.95148361
 999 0.407567054 -0.152123749 -5.86304665E-02 -0.157564819
 1000 -9.63765532E-02 0.692951083 0.349628478 0.578554630
 1001 -0.229997441 0.313286483 0.381201059 -0.356411308
 1002 -1.17075682 0.625207305 0.415733576 0.185231373
 1003 -0.942562342 0.137448445 0.320196748 0.971387088
 1004 -2.40557432 -0.148322850 0.317649662 0.131046623
 1005 9.97656435E-02 -0.105268270 0.496183753 0.433424771
 1006 -0.144454122 -1.63622499E-02 0.263697207 -9.56779271E-02
 1007 -1.61986798E-02 -5.06114513E-02 0.814880252 1.47303176
 1008 0.231319249 1.02138066 0.427740782 -1.02958083
 1009 0.118715480 1.21759522 1.73250288E-02 -0.513661206
 1010 0.611489058 -0.353269577 -0.400658429 0.535535097
 1011 -1.32148004 -1.56408799 -1.00602210 -1.57142389
 1012 -0.741428971 0.165939510 0.740555465 -0.299221873
 1013 -0.138096347 -1.82326114 -0.638956785 -5.76040447E-02
 1014 -1.07743788 1.36590052 -0.996613681 0.340196490
 1015 -2.35258842 -0.800273001 -0.213589981 1.26753855
 1016 -3.36485624 -0.124817446 -0.793254972 -0.177451476
 1017 0.368424594 -0.710534096 2.23696899 0.725105941
 1018 0.168453723 -0.698639512 -0.655548990 0.583076775
 1019 -0.797909021 -0.889354229 -0.452147037 -0.169648468
 1020 -1.22685528 1.66836870 0.624618769 -0.887096763
 1021 -1.34132206 2.37743449 -2.49667130E-02 0.492091596
 1022 -3.10806942 0.301731080 0.333846182 6.64369762E-02
 1023 -1.27831292 0.495709330 -2.06308818 0.557943285
 1024 -1.07106709 0.174754500 -0.521756649 2.11094213
 1025 1.51862240 -0.262276620 0.903899014 -0.835435808
 1026 1.16379010E-02 -1.03702843E-02 0.287356973 1.18772900
 1027 -0.433192879 -1.02959538 -0.412368804 -0.863474846
 1028 -0.457872868 -1.83943033 -1.07754898 0.855744660
 1029 -0.628299654 0.630913198 -0.239152089 -1.14880943
 1030 -1.56671619 0.371594995 -1.47292614E-02 1.43971002
 1031 -1.50947404 -2.20111203 -0.927169263 -0.110533237
 1032 -1.07367671 -0.542999268 0.239985213 -1.59162927
 1033 0.564367592 -0.289687723 0.344461113 -0.776288927
 1034 0.128688842 -0.902391672 0.127389595 -0.696218014
 1035 -0.787102520 -1.26065445 -0.576773345 -0.728991866
 1036 0.653988898 -0.377644002 0.302788049 0.392276227
 1037 0.134791791 -1.34192824 -0.493722916 3.09084845
 1038 0.327668786 -1.38163412 0.992318034 0.222697139
 1039 -0.217859983 -0.344237655 1.50184822 0.316989064
 1040 0.723985612 9.43979695E-02 0.210081339 0.289610356
 1041 1.70694089 -1.50987244 3.49338651E-02 2.54179287
 1042 -0.405692965 0.276057750 -0.975045383 -1.30942452
 1043 -0.511048913 -1.11439419 0.702796876 0.271364480
 1044 1.00408149 1.22176278 0.264946878 5.34086339E-02
 1045 0.688956499 -7.68874884E-02 -0.206773192 -0.997424603
 1046 0.664817095 -9.07552093E-02 1.44098878 0.624694526
 1047 -0.218457356 0.869446933 -0.481263518 6.52874410E-02
 1048 1.58192217 1.21267009 1.04894328 1.38756645
 1049 0.355972528 -1.25253797 9.99900028E-02 1.15513861
 1050 -1.61880183 -0.693600595 1.40499318 0.238351017
 1051 0.129000038 -1.61388910 0.558491945 -7.05431700E-02
 1052 1.74854946 0.990185916 -1.36773837 1.01422811
 1053 0.209006876 0.131069422 -0.576990962 0.371615708
 1054 0.425509185 -1.54640889 1.10420012 -0.494008005
 1055 -3.99619341E-04 -0.194498211 -1.55512691E-02 0.808019519
 1056 -3.77122611E-02 -0.972875714 0.427399337 -0.468579620
 1057 1.08845711 -1.17427731 -2.77607292E-02 1.15389538
 1058 1.25457513 8.39237124E-02 0.387273431 0.939717770
 1059 -3.58026028E-02 -1.32819259 0.430303156 -0.320613086
 1060 -0.422960967 -0.186881691 -1.55097353 -0.586664200
 1061 1.47932708 0.638472140 1.19410264 -0.609812915
 1062 -1.55178830E-02 0.351327330 0.969414949 -0.602754533
 1063 0.245897681 1.04415834 0.299877763 -0.672352791
 1064 -1.08066952 -0.186623380 0.608620763 -0.412129730
 1065 1.15840614 -0.207927316 0.155686349 -8.04270804E-03
 1066 -0.368128449 -0.947378099 0.935078263 -1.10364985
 1067 2.12379503 -1.22062445 0.488211870 0.234928325
 1068 -0.514411330 0.832627833 1.98672271 -1.18230617
 1069 0.386889666 -0.439556122 8.32554996E-02 -0.470839679
 1070 1.19223547 0.747301459 9.75380242E-02 -0.518953979
 1071 0.222507536 -0.694047511 0.887280285 7.13000894E-02
 1072 0.581859231 -0.523183107 -1.06789100 -0.318768740
 1073 -0.343726188 -1.16287613 0.473960996 -0.489484936
 1074 0.635128677 -2.29283524 1.72415376E-02 3.13327646
 1075 0.950632930 -0.403620839 0.576811314 0.864430666
 1076 0.676438510 -0.971730709 0.736991167 0.588524818
 1077 0.648772895 5.50160408E-02 -0.929859042 0.929114461
 1078 -0.129890680 0.172125921 -1.14784157 -1.36782527
 1079 0.522084892 0.268056184 -1.62029922 1.16040230
 1080 3.04974690E-02 -0.141224653 1.37464106 8.78122896E-02
 1081 0.677694798 0.642176390 -0.623686194 0.955260336
 1082 1.34950387 0.412299573 -0.204637423 -0.168997660
 1083 0.986691654 -1.84409451 -0.150899634 0.494459510
 1084 1.73201776 -1.26973200 0.938604653 -0.301766992
 1085 1.15185225 0.293932825 0.172906056 -1.27761805
 1086 -0.243382037 0.590535998 0.518370330 -1.28969789
 1087 0.887204945 -1.15740120 0.802215099 -1.03703880
 1088 1.53616869 0.280316591 0.778221607 -0.600205183
 1089 -0.362050503 -0.106077135 -0.145897016 0.744257629
 1090 1.37429976 0.491569221 1.42149806 0.796226740
 1091 0.842654228 0.299935907 0.759782553 -0.228517294
 1092 1.37606180 -1.63620818 0.742360294 -2.06282735E-03
 1093 0.589240551 0.127101108 0.167085588 2.26962686
 1094 0.718421161 0.763918459 0.820463300 0.669755399
 1095 0.205649137 -1.25410223 2.11203098E-03 1.01504505
 1096 0.199425459 0.353966147 0.628030300 0.187456965
 1097 0.587307453 -1.85468674 9.07506049E-02 8.72922763E-02
 1098 -4.27870750E-02 -0.883928835 0.475716412 -0.366723627
 1099 0.884461045 1.40584970 0.415410668 -0.933969676
 1100 3.20938714E-02 9.66748595E-02 -0.528724551 -1.46731865
 1101 -0.748781919 3.58294398E-02 0.935078502 0.327686101
 1102 -5.73500991E-03 -0.368936241 1.50954556 -0.709363222
 1103 0.826144695 -0.299906075 2.13693213 1.03851140
 1104 1.48190987 1.44324934 -0.661950290 1.30922723
 1105 1.63363850 -1.31747627 0.389615268 0.312637061
 1106 1.55144691 -1.52457833 1.17201376 2.89110136
 1107 0.435907871 2.05937767 0.955145240 1.82806051
 1108 1.06400132 0.447662055 -0.723916769 -0.392601311
 1109 1.99633086 -2.12186718 1.67427468 1.05386126
 1110 0.502461612 -0.245861232 0.534169316 0.617159963
 1111 -0.385805011 0.830211878 -0.272829801 -0.318226129
 1112 0.130087897 0.220876262 1.38539910 0.973229051
 1113 -1.98957622E-02 0.781817973 0.873102307 9.10048485E-02
 1114 -4.12610993E-02 -1.01259065 0.804440320 0.954311609
 1115 1.08687437 -1.16855514 1.00938737 1.16708255
 1116 1.29519486 -1.76068914 0.123649329 0.913404465
 1117 -1.77361989 0.668157697 -0.694744110 1.34349597
 1118 0.959806919 0.140349552 1.35000587 -0.386556476
 1119 -0.810215354 2.36866617 0.205856204 -1.03195453
 1120 0.140169680 -1.69039059 2.19838095 1.24286413
 1121 -0.343901962 0.435909748 0.647255838 0.689133644
 1122 0.932556689 -0.657295346 1.85849130 2.72827387
 1123 0.449297398 -1.01344860 -0.404328108 1.59777594
 1124 -0.289951533 1.48671472 0.959491491 1.19257939
 1125 9.95524004E-02 0.325352103 -0.299256772 -6.88920915E-02
 1126 1.97753012 3.50409001E-02 0.355787396 0.920990407
 1127 1.37299514 0.218725100 0.943474591 1.07773095E-02
 1128 1.85590887 -7.23955408E-02 0.956996262 -0.981457591
 1129 2.57068229 4.30743843E-02 0.666176617 -0.144835025
 1130 0.547799349 0.174705029 0.330103964 0.120287448
 1131 -0.288996041 -4.16293740E-02 -0.944491386 -0.745756507
 1132 0.571044564 0.608017683 -0.500346184 -0.545333207
 1133 1.05221319 0.399839014 1.63068974 -0.519718111
 1134 0.681457639 0.613092542 -0.416230053 -0.812442422
 1135 2.96174073 -2.30664301 1.33137441 0.480616212
 1136 0.814365268 -0.155637860 0.635702491 -3.13287452E-02
 1137 -0.165435433 0.574652076 -0.497380227 -0.873520553
 1138 2.20361876 5.15262485E-02 2.63798785 -0.130654305
 1139 1.38564610 -0.440170139 0.478952706 -1.22118545
 1140 0.757347524 -0.996058524 -3.42061520E-02 -0.767922759
 1141 0.531500340 1.19198227 -1.57777321 1.63250291
 1142 0.668368161 -0.674641013 -0.341846228 -0.295402110
 1143 -0.392201453 0.122043386 0.969550848 0.494568765
 1144 -0.690384626 2.14115500 1.12210727 -1.76350737
 1145 0.996276200 7.71942288E-02 0.475507855 0.246604905
 1146 1.56204045 1.74526763 1.56654584 -1.58626211
 1147 1.17186522 -0.419994265 -0.562591195 -1.30867887
 1148 2.93719411 2.50321388 2.72479630 0.202569261
 1149 -2.00693393 0.493346959 5.65257296E-02 -1.19630015
 1150 2.53104568E-02 1.37619877 -0.360580385 -1.08211195
 1151 1.00326431 -0.595506489 0.248105496 -0.551679492
 1152 0.635133803 -0.635784626 1.50042284 -0.545869470
 1153 0.228972390 0.618420541 0.869319439 0.875320911
 1154 -0.234946355 0.382522970 -4.65638265E-02 1.64151597
 1155 -0.638537288 2.63417983 1.35651159 0.513076663
 1156 1.30546856 -6.81952760E-02 6.14379048E-02 -0.405528843
 1157 -0.521101475 0.842981815 0.433366597 1.72526550
 1158 -1.16615653 0.522715926 -0.175327092 -0.824568093
 1159 -1.41415405 8.99729580E-02 -0.212112010 -0.694988430
 1160 1.04061365 1.98709297 0.704411805 -0.987385750
 1161 1.60686851 -0.167449042 1.05627477 -1.35583878
 1162 0.582956433 0.913606703 0.147393256 -0.455530137
 1163 -0.369375497 -0.869660854 1.80398673E-02 -0.496460348
 1164 0.236103103 1.08877897 0.314484656 -0.250300288
 1165 2.26932025 2.24891353 1.69017887 -0.180859685
 1166 1.72244740 1.12426424 1.33330905 -5.42993248E-02
 1167 -0.149616346 -1.26308942 0.712287068 -1.45054364
 1168 1.84938705 0.227953196 0.205640867 0.615997136
 1169 -5.65385222E-02 0.600091636 0.629615605 1.71533966
 1170 0.963524520 0.327410817 -0.812964916 -1.35965776
 1171 -0.120179862 -0.582315445 0.271437585 -1.01611507
 1172 0.726579309 0.597480536 -0.995596051 2.23280311
 1173 0.695875823 -0.794221580 1.01578927 -0.399751246
 1174 -0.638798118 0.445933670 0.626653910 5.98170459E-02
 1175 1.94469357 2.32023239 0.334348321 0.780125856
 1176 -1.42915964 1.72235239 0.905930519 2.25259829
 1177 -0.611147225 1.31732714 0.756475449 0.567618549
 1178 0.713088989 0.230042145 0.110967770 0.788511097
 1179 0.134407014 1.66417384 1.75973439 -1.46361709
 1180 0.417238176 -7.36729428E-02 1.63047409 0.107229680
 1181 -0.114497922 -0.363542229 0.841106176 3.01787257E-02
 1182 -0.261712909 -0.215938061 0.840141356 1.30296803
 1183 1.50826812 0.784108996 -0.378057510 -1.36628318
 1184 0.597533524 -0.270642370 2.63144779 1.90860629
 1185 0.533104718 -7.44469166E-02 1.25853264 0.731985152
 1186 0.549831212 -0.319039702 0.785234690 -1.01556408
 1187 -0.499670863 2.13447189 0.177514583 0.786192060
 1188 -0.239364952 0.519364357 -0.377549827 -0.401605517
 1189 0.227952674 1.34063590 0.468673587 0.431265265
 1190 -0.152621329 0.695181787 0.610746145 -1.14307117
 1191 -1.99466646E-02 2.17074418 0.947780967 -0.507121444
 1192 0.449689388 2.46488237 1.11756754 1.66269207
 1193 -0.619413555 2.26296329 0.741793692 0.930307209
 1194 1.60224211 0.865169704 0.803635597 -1.43842554
 1195 0.161452740 1.66146410 0.856032372 0.803254485
 1196 5.07190078E-03 -0.372230172 1.45491612 -1.62800848
 1197 -0.715200603 0.475600332 1.34980011 -0.690500081
 1198 1.15785861 -0.218406424 -0.686973929 0.109036863
 1199 -1.27228904 0.671819866 0.245685458 -1.52099979
 1200 1.17854941 2.29071379 1.40851772 -0.859189332
 1201 -0.693138421 1.96219766 1.15699661 -0.370453775
 1202 -0.164642602 -2.06180453 1.09891677 1.02341449
 1203 1.18636775 9.25179422E-02 0.983833432 -0.303602546
 1204 1.31462967 1.83770645 -0.101311766 1.00439191E-02
 1205 0.705643177 -1.11148298 0.493045300 0.382737994
 1206 0.238097385 2.00191760 -0.436546922 0.976921201
 1207 2.29219913 0.613321066 1.57804346 0.293469727
 1208 0.612437367 -1.50010347 0.578281939 -0.803383231
 1209 8.00034404E-02 0.377012551 6.85173720E-02 -0.681458950
 1210 0.783410192 1.35891998 -1.06907964 -1.51068401
 1211 -0.653664052 1.09661114 0.459726572 -1.30699301
 1212 0.947166681 -0.162757784 0.953903317 1.34438646
 1213 1.33297777 0.430315644 -0.604506373 -0.706100345
 1214 -5.62227890E-03 0.643455148 -0.162214279 0.280230135
 1215 3.35502768 0.539660811 0.677404344 -1.23431683
 1216 -7.30153322E-02 0.957036972 -0.591122866 -0.622385561
 1217 0.250184238 1.43179321 0.302820176 -0.775808513
 1218 1.51404333 -1.83126938 0.764719367 -1.20535505
 1219 1.68172503 1.96439683 -1.39976764 -0.339312673
 1220 -0.458511889 2.93493080 -0.490373015 -0.317335367
 1221 -0.308306605 0.539818287 1.22585690 -1.10636079
 1222 0.704352736 2.46614432 -0.275444090 -1.26529300
 1223 0.349613279 0.369595379 0.462516487 -6.09925985E-02
 1224 1.04835129 1.03905714 0.146910816 -1.16719031
 1225 1.14100206 -0.838711321 0.101317659 -1.14723110
 1226 0.249536455 1.20183861 -0.437411368 -1.39778519
 1227 -0.585206211 0.485488355 0.136305451 1.39766610
 1228 1.33122659 1.78445506 -0.165108711 -0.935173392
 1229 1.19198263 2.80738258 1.33630145 -0.990688562
 1230 1.45989561 1.26521921 0.718494117 -1.48740184
 1231 -0.276161641 0.321095943 1.33788145 -0.606151342
 1232 2.75065947 0.111359596 2.23231387 -0.939351082
 1233 2.13090467 0.573880196 0.558671951 -1.11982703
 1234 1.61812854 1.22584343 1.62402868 -0.265313327
 1235 -4.07790951E-02 0.265335023 0.364224970 1.09254956
 1236 0.419588804 0.258275032 1.09941781 1.42267776
 1237 -0.148312062 0.386250675 -0.149695247 -1.05713141
 1238 2.28381491 -7.46947825E-02 1.17116284 -0.538489699
 1239 1.24930394 0.890064359 0.953613460 -1.08473122
 1240 0.719392538 0.827027023 1.98276138 -1.32299578
 1241 3.59045744 -0.335062623 1.95177746 -0.972901165
 1242 -1.09884739 1.24136484 -4.19881642E-02 4.02592868E-02
 1243 0.742270589 2.11149645 0.148349404 -0.840223074
 1244 -7.82600716E-02 0.260175198 0.899543881 -0.181816131
 1245 -0.119363010 2.00358605 0.875238657 -0.633166134
 1246 1.09352171E-03 1.24204326 1.27773595 -1.63809955
 1247 0.823474407 9.30160433E-02 0.992141545 -0.614965439
 1248 -0.400396079 0.450145066 1.66829300 -0.989007592
 1249 1.42982233 1.13532329 0.501268864 -1.05979407
 1250 1.09322560 0.233607560 -0.425630003 0.152584121
 1251 1.07409406 2.01748562 -0.384421796 0.447984457
 1252 0.487613142 0.606965363 -0.216144502 0.380419016
 1253 1.46424413 0.540353656 0.327191591 -0.138699740
 1254 2.08346796 -0.310999721 1.02002287 -0.773223281
 1255 -1.66073120 1.05581796 2.36266899 -0.554788947
 1256 0.221376821 0.546399474 1.01682186 0.588308752
 1257 0.388479054 -1.29369807 0.803741097 -0.192797586
 1258 0.666224718 -5.39326668E-02 0.926815569 -1.30845904
 1259 0.206654906 -1.34436905 -0.120459527 -1.01489341
 1260 1.73944950 0.264409423 0.981685162 -0.665470243
 1261 1.87322354 0.861560464 2.22949791 -0.564087152
 1262 -1.47776830 1.83702302 -7.21455812E-02 0.547701359
 1263 2.05593300 0.445137858 0.863617003 -1.56608760
 1264 1.81272268 1.19223619 1.12599707 -1.09897590
 1265 -4.97225821E-02 0.223190248 1.85290515 -0.911593735
 1266 2.16972709 -0.319456398 -0.672421694 -1.31880808
 1267 0.887082160 0.525490463 1.33097172 -0.864489198
 1268 1.74402511 -4.53504473E-02 0.676377773 -1.27888691
 1269 1.76501250 0.583945155 6.03191555E-04 0.721617579
 1270 0.546396971 0.307611614 2.60710269E-02 -1.08735979
 1271 1.29245996 1.66426873 -1.47763681 0.442223191
 1272 0.874425650 -0.386212945 -0.483478367 -0.983004391
 1273 -1.26491761 1.26566696 -0.466432810 -0.655433238
 1274 0.259345263 0.395482481 0.833358049 0.806915164
 1275 1.83359587 1.34834039 -0.311470151 -1.33009934
 1276 -0.469541073 0.139057979 -0.187591538 1.30245245
 1277 -1.86823559 -0.476963729 2.03510666 -0.276116729
 1278 0.921446800 2.78308690E-02 -1.32742894 -1.19500923
 1279 0.700389624 2.24277449 0.551119328 0.104337484
 1280 1.52123499 0.543836236 -0.145163745 -1.14315391
 1281 0.217116848 1.61966658 -0.519077003 -3.26520242E-02
 1282 1.88841248 1.38996375 -0.232866555 1.48103976
 1283 -0.414057136 -0.299162209 1.15981114 -0.523720682
 1284 1.50567877 0.297967404 0.935997963 -1.17911625
 1285 1.81377351 1.29851496 -0.544912457 -1.22926188
