 1 -0.429908276 -0.568328798 0.770787120 0.525496364
 2 2.63453221 -1.88830161 0.751724958 0.730143249
 3 -5.48518524E-02 0.534199059 -0.668756604 0.142484099
 4 1.51294303 1.41675472 1.49411368 1.37376022
 5 0.321005911 -2.32198930 1.04504776 1.36298048
 6 -1.38223362 2.16219115 1.22535014 -0.407653451
 7 0.381227553 0.475160688 -0.326934189 -0.672495067
 8 2.68624872E-02 -0.140777141 1.95451617 -1.85616732
 9 0.511187613 0.420035839 1.18735874 0.421522737
 10 -0.684784055 1.38153350 -0.330387294 0.286474824
 11 -1.52454448 0.296491593 -1.57062757 0.568811774
 12 -0.590792835 -0.245096743 -7.40536675E-02 -1.28518867
 13 -0.555604637 1.54265749 0.454524517 1.80793762
 14 1.70173526 1.41598845 0.160206735 1.65799057
 15 0.965482116 -1.36221540 -1.07663822 0.887958527
 16 -0.679038107 1.93198812 1.89188576 -0.473933995
 17 0.299382627 -1.08742762 1.30725956 0.784735382
 18 -0.940892279 0.141995654 -0.720924199 -0.346723229
 19 -0.303410351 2.65926242 -1.13324487 -0.537225008
 20 0.228227049 1.33489406 -0.132548749 -9.81966555E-02
 21 -1.01377833 1.26233244 5.82495332E-03 -0.906620383
 22 4.30290401E-02 0.176984459 -0.520384610 0.569032967
 23 -0.667032778 1.90091395 0.645196319 0.446708679
 24 -1.89200664 -0.225624889 -1.97611403 0.518803477
 25 0.690439284 -0.200668424 0.728234887 -0.421914637
 26 -0.492399812 0.135725930 -0.967149258 -0.355492145
 27 0.394050956 -2.09696603 1.53951406 -0.203625143
 28 0.230058312 1.07127964 0.499380708 0.464021027
 29 -0.687472403 -2.15599775 0.465255380 -2.09724021
 30 -9.93543267E-02 0.790656984 -1.40631831 2.77511775E-02
 31 -0.561992288 -0.684031308 0.763478816 -0.557030261
 32 9.84766483E-02 2.87567526E-02 2.14834189 0.720912158
 33 1.01698697 -0.347605884 1.30023623 1.60850978
 34 0.310319036 7.12019503E-02 0.268529534 1.84013212
 35 -0.937317133 1.56506586 1.59814072 -0.134456620
 36 0.272250146 -2.00229096 -0.474271506 0.810829759
 37 -0.121571928 -3.03822398 -0.656163335 1.82810795
 38 0.361472577 -0.846915603 -1.91179812 -0.214979008
 39 -0.991372287 0.544365585 -1.89118683E-02 -1.81087589
 40 1.49230838 2.62564254 -5.77027090E-02 0.535682738
 41 2.64026380 0.128611952 0.413524002 -0.624644339
 42 0.840400457 -1.40756512 -1.25771666 -0.561257482
 43 -1.08672416 0.263878703 0.110038742 -0.150203452
 44 -0.439915419 1.36890996 -0.613965392 -1.28524292
 45 -2.86805797 -7.54773468E-02 2.10299158 0.765673399
 46 1.76737159E-02 -1.85252643 -1.65313303 1.47876704
 47 0.108195588 -0.153868899 -0.826656401 1.54876709
 48 0.670024693 -2.23317885 -3.38789821E-02 -0.640166819
 49 -0.340014219 5.15500903E-02 0.151533857 -0.947151840
 50 -0.767109990 2.14187503 2.11859536 1.38830209
 51 0.125458568 0.635001183 8.14912319E-02 -1.38038385
 52 0.867954671 0.127798170 -1.99558288E-02 -0.772323012
 53 -0.170900106 1.15801620 -0.949724972 0.629071474
 54 -0.695705771 -0.503170252 1.42057371 -0.151434839
 55 0.651221991 1.31947517 0.955579638 0.388199568
 56 0.859361172 -1.17975986 1.32560277 -0.626543820
 57 -0.645660877 0.885223806 1.89942420 -0.206573591
 58 0.437445432 -0.466712832 1.21353400 0.457606763
 59 -3.56155410E-02 0.888282537 0.396193087 -0.158358276
 60 0.322033346 1.63560534 1.10248041 0.853314996
 61 0.710378051 -0.250761926 -1.03204942 -0.788661003
 62 1.10953605 -0.736024022 5.80067933E-02 0.705997705
 63 -1.77522671 0.117841825 0.148137182 0.395493984
 64 -0.300052881 -1.72328341 -0.400216550 -0.566824198
 65 1.35207260 -1.03259349 0.964084029 -0.499263704
 66 0.789986432 0.450210869 0.127537638 0.455227524
 67 -1.35705423 0.253728807 1.29352677 -1.55755639
 68 1.94304752 -0.936692655 0.484485388 0.407315344
 69 1.15943599 1.30644166 -0.106874026 -2.70408297
 70 1.31199121 0.314302444 -0.206832185 -0.453313529
 71 -1.15482390 5.33735752E-03 0.432302207 0.638515353
 72 -0.767113924 0.572648048 -1.06733608 0.219893843
 73 4.25511897E-02 0.811537921 1.32158399E-03 -0.174224272
 74 -0.711082637 -0.300291181 0.736047506 0.127602041
 75 -0.269233435 -0.249884322 -1.37048113 0.369985461
 76 0.377556980 0.491113037 0.509509504 1.61343050
 77 1.19535422 0.786826432 -1.18867993 0.893295527
 78 0.115686685 -0.468652457 0.135085404 -0.422406614
 79 -0.851896822 -1.48235488 -0.582290828 -2.89530873
 80 0.469286680 0.579584002 0.459336638 5.77995479E-02
 81 0.358586669 2.18094063 -0.996756136 0.778435886
 82 0.262222677 2.41688514 0.349760652 -0.947359324
 83 0.869484365 0.130787760 -1.08864531E-02 -1.51583755
 84 -0.930783033 0.806045294 9.33626592E-02 0.650172293
 85 -0.495613694 1.30795574 -0.707047582 -2.13283682
 86 1.70852625 -1.20010161 0.102993563 -0.835365653
 87 1.25635099 0.519799232 0.973181665 0.196614504
 88 2.39589143 -0.482021153 -0.468571246 0.275996208
 89 8.25360715E-02 -0.695047617 0.747664690 -0.663098395
 90 -0.802813411 0.381603152 -0.404716671 1.63901293
 91 1.20391262 -0.683364034 -0.193394080 -0.563594460
 92 0.486497700 0.843722343 0.183045834 3.77472937E-02
 93 -0.106927224 1.35778344 -1.66707051 -0.558123469
 94 -1.30085516 0.921720386 1.38063836 -0.755443692
 95 0.721296906 -5.37470207E-02 -0.760176599 0.936955452
 96 -0.769329071 -0.452794969 -1.23240101 -0.119566739
 97 -1.74651444 5.06169721E-03 0.162958205 0.805294931
 98 -0.169008479 -0.757970691 -0.613982618 0.658207536
 99 -1.31886482 -1.97523832E-02 4.82747257E-02 -0.636069417
 100 -1.65477657 0.120619014 0.367471337 -0.731249809
 101 0.720441401 -1.65790713 -0.803663433 -0.223788813
 102 0.254525185 -0.178685218 -1.60365260 -0.289149761
 103 0.582897902 -5.74439093E-02 -0.187850982 0.150411099
 104 7.96454996E-02 0.118113935 1.42115426 0.677787781
 105 -1.73439097 1.77837563 0.908215463 -1.06626415
 106 0.989573717 0.484186083 -0.617364645 0.832534432
 107 -1.16633141 1.49041367 1.54174376 -0.819906175
 108 1.02287042 0.803672552 2.49960518 -1.01251972
 109 0.453562886 0.259820044 0.200148404 0.906202972
 110 0.979347110 -0.835045218 -1.12305379 1.73989236
 111 -0.938171625 -1.12811828 -1.42281437 0.269769847
 112 -2.23530149 0.622457266 1.81249368 0.904399872
 113 -1.30279207 0.684593797 0.965238214 2.34090137
 114 -0.236707598 2.33229113 0.267173976 0.508035362
 115 0.815660000 -0.274167091 -1.50917792 0.908178151
 116 0.416888535 0.618036270 -0.376474798 1.59235930
 117 -0.258577704 0.127086654 0.312484920 0.970291495
 118 -1.14995420 0.621019781 -0.470913559 1.53851366
 119 -0.503602922 -1.55823016 0.631606102 -0.755062938
 120 -3.60044527 2.05812502 0.930952668 0.601144016
 121 0.618574262 1.79413781E-02 -1.59664679 0.475782216
 122 0.293681592 -0.431076735 -0.240335524 0.860675871
 123 3.26888847 8.15890878E-02 -1.73618090 0.643477321
 124 -0.526668906 0.159343064 -0.366249144 1.50854790
 125 0.484914124 1.50108111 -1.41637886 0.720713615
 126 1.16856277 0.407231688 -1.38111627 -0.468805850
 127 3.46249342E-03 4.11995910E-02 1.54372096 0.844427347
 128 1.00223446 1.23956776 1.53641820 2.67382562E-02
 129 0.368772268 -2.60378867E-02 -1.31177640 0.873977602
 130 -0.560222864 -0.344290823 -0.179571271 -0.905990005
 131 0.659386158 -5.54007888E-02 1.53430092 1.62835157
 132 0.446508378 -0.152578741 0.830874383 1.90155280
 133 0.462156057 -1.49119794 0.685939670 0.692539334
 134 0.683809280 -0.344711900 -0.761645555 -1.34265375
 135 0.121782988 -0.216031805 0.432661623 -0.622316360
 136 0.519973218 0.902854443 -1.35151541 0.219220698
 137 -0.408406496 1.29959750 0.549167216 -0.667429090
 138 0.761465490 -1.15364122 1.49446929 0.544005036
 139 2.19193363 -2.18579793 -7.48242438E-03 -0.981767058
 140 -0.404741257 -0.118282288 -0.747063816 -0.502256989
 141 -1.53902233 1.71753645 -0.152494982 1.05520344
 142 0.761824608 1.50406969 -0.865787685 0.977671504
 143 1.65431750 -0.628923535 -1.36532247 0.232491300
 144 1.00683224 -0.220716909 -0.145985141 -0.568049073
 145 -0.604972899 -0.753067076 -0.357919633 -0.460176170
 146 -0.403604180 1.24424589 1.23803484 -0.729420364
 147 -0.473159343 -0.993356466 -1.47853208 0.643506110
 148 8.72624815E-02 -0.637208641 0.280188292 1.39835393
 149 2.20443630 -0.382273763 0.254837334 -0.939770579
 150 0.933852673 1.41349208 -1.05853438 -0.589080155
 151 -0.297570407 0.681597352 2.01437402 -1.07724881
 152 -1.81312203 -7.74928182E-02 0.636357248 -0.739765465
 153 1.86939240 -0.467414975 -1.08065903 0.541826725
 154 0.889209807 2.13254619 -0.491199821 0.478564024
 155 -0.916039944 -0.130068451 0.406604171 -0.309351295
 156 0.396430910 0.702178717 8.29738230E-02 0.707522392
 157 -1.41171825 3.05988169 1.01277566 -1.59809422
 158 -0.635993540 2.34484267 0.195401073 -0.400478423
 159 1.29168069 -1.48738933 0.329971969 -2.05072784
 160 -0.508600354 -0.968556881 0.128733635 -0.796350956
 161 1.31512451 -0.509087563 1.41253185 -0.603798032
 162 1.23104799 -0.362566531 -1.26334035 0.505076587
 163 -1.49317503 1.06730843 0.368109763 1.55875254
 164 0.756755233 -3.08760777E-02 0.854713678 0.860879421
 165 -0.103249200 -0.503896773 0.605579078 -0.384188950
 166 -0.158080429 0.968186021 1.30778277 2.16361785
 167 0.826311707 -1.27939284 1.92294037 0.187616810
 168 -0.841457009 -0.425310612 0.702242017 -1.86125124
 169 -3.44004482E-02 -1.80093193 -0.651602268 0.564089835
 170 -1.20788348 0.357601345 1.49527287 2.23853421
 171 -2.33665991 0.542977452 1.01039219 1.84340084
 172 -1.20303583 0.692627072 1.65457392 0.390011042
 173 -6.32130913E-03 -1.42715144 0.579532921 0.323824584
 174 -1.66155446 1.89976001 0.624355078 1.06230545
 175 1.04286468 -2.30010176 0.678699672 -0.370169401
 176 -1.11824143 0.498612046 -0.993941367 -1.46818376
 177 -0.374606520 0.891887128 0.351803005 0.476848364
 178 2.13577485 -0.981267154 0.197044715 0.732749224
 179 -1.98922002 0.520830631 -3.24609280E-02 -0.551807642
 180 -1.23348570 1.42749071 0.640767872 2.32832193
 181 -1.86460042 -1.58153319 -1.78083408 0.210484087
 182 0.540013611 -1.01967359 1.39869261 0.521889687
 183 -3.16596055 -1.84805453 0.873151660 0.346856952
 184 -0.776427984 -0.171555057 1.06852710 0.765357673
 185 0.566706061 1.53794134 2.00983763 0.655835629
 186 5.49979955E-02 3.98926437E-03 1.38857818 0.253516912
 187 -2.07514954 -1.13633657 0.780821919 1.56173825
 188 0.508668661 -0.570932984 0.801153541 1.05047572
 189 -0.994560480 0.351670206 0.462506384 0.755068004
 190 2.84456944 -0.292800665 -1.68264079 0.297443926
 191 2.16102481 -0.874635577 0.845762968 -0.706562519
 192 -1.39416814 -0.359796733 1.60163152 -1.01970875
 193 0.121624328 -0.104259685 0.464989990 0.754860342
 194 0.843346238 -7.60460868E-02 -1.59506869 1.08630061
 195 1.11541438 -0.665648639 0.680536091 0.454677731
 196 0.531473517 2.44794250 -1.25275087 0.415855050
 197 -1.82719183 5.52212447E-02 1.84042323 1.79509199
 198 -0.965691626 1.16964984 2.09704089 2.29241014
 199 1.06021976 -0.182885945 0.478558302 -1.56294489
 200 -0.356581628 6.25762641E-02 -1.49994397 0.829575539
 201 -1.68639958 1.72048390 9.38066840E-02 -1.31773543
 202 -0.528031588 1.15150917 2.34652424 1.02072382
 203 -0.513872564 0.492175579 -0.152722552 -0.977059126
 204 0.294781715 -1.28924894 0.139463767 1.68598449
 205 0.243617952 -0.720813394 -0.894863427 1.04702377
 206 0.911060929 -0.428638548 -0.516656280 0.405784696
 207 -1.28021979 -0.358385116 -0.119355947 -0.273226947
 208 -0.433064699 -0.382079840 0.798109174 1.79586303
 209 -9.89132226E-02 -1.51089287 -0.413891494 0.584211588
 210 1.11878181 -1.23271763 0.631022930 0.535841107
 211 -0.415716052 -0.992888570 1.18571913 1.02977633
 212 0.867048860 -0.711684465 -0.454012722 1.35840833
 213 -0.629263878 1.14621949 -1.52406716 0.504699349
 214 0.150673226 -0.839278162 -0.588787675 -0.372232735
 215 0.342759699 0.101708390 -0.546801269 0.751087666
 216 -0.425508499 -0.611350417 1.95703518 -1.23046780
 217 -0.447789162 -0.867683947 -0.651190519 0.615107059
 218 1.03172719 -0.806930959 0.139679074 0.420611739
 219 0.523271561 -1.38809466 -1.34444296 0.211551249
 220 -0.547751546 -0.319873095 -0.151608944 -0.151784241
 221 -0.269701004 4.24177125E-02 -1.75470889 0.655274272
 222 -0.233421847 -1.53628385 -0.755875170 -0.807966590
 223 -0.793247640 0.698927283 0.473480999 -0.766666293
 224 1.82468104 -0.376927763 -1.61229062 0.627482355
 225 -0.427811980 2.14970946 0.724800825 -0.855288148
 226 1.06435418 -0.874479234 0.478995264 0.468227804
 227 -0.328256547 0.711287796 -0.455255836 1.72378266
 228 -0.280665010 1.47140324 -0.267879009 0.933704317
 229 1.13523853 -0.201646373 0.454745948 1.83122349
 230 8.33951086E-02 0.599467635 -1.20886064 -1.83913243
 231 -0.794016361 -1.49422085 -0.616588652 0.259044290
 232 -0.639931560 -2.00596380 -1.79671812 -0.329833359
 233 -1.42950761 0.297706366 -1.10614812 0.591454148
 234 1.85273516 -3.62060952 -0.490380138 1.90620363
 235 0.373869896 -0.498378277 -1.06067109 -2.74942970
 236 -0.381861985 -0.143128604 -0.977312922 0.214879021
 237 1.49542356 0.484397680 0.672405362 0.501534581
 238 8.14226121E-02 -0.447974771 0.520445228 -1.87256551
 239 1.52443159 -0.598803222 -1.16712296 1.40958726
 240 -8.46857429E-02 -0.747992575 -1.79177606 -0.574402809
 241 -0.811385810 0.352950811 0.475976050 -0.348057568
 242 0.248319358 9.04241055E-02 -1.14899349 0.988015711
 243 -0.591718793 -1.55957484 -0.272966564 0.451945066
 244 -0.263690591 0.247985557 -1.04757869 -0.377059489
 245 -0.149475574 -0.765174150 -0.362851411 -1.47197676
 246 -1.60816908 6.95011988E-02 0.614492774 -1.84298134
 247 0.450001448 -0.564527750 -1.41674411 -1.61152697
 248 -1.89205229 0.692957044 0.479016483 -0.652481318
 249 -0.168243125 0.614243031 -0.340325028 0.470126539
 250 -1.20878792 1.07012951 -0.945503831 1.72209072
 251 -2.20653701 -0.129928201 0.594767690 -1.48224413
 252 -0.781659484 -0.605647385 -0.109077141 0.360531926
 253 0.562340558 -0.142585337 0.318464875 0.542082846
 254 1.38909888 -1.94502544 -0.320333421 0.547958016
 255 -0.728481591 -0.377272934 -1.27769208 2.00606799
 256 8.16725194E-03 0.195447132 -1.48086596 1.47453773
 257 1.19853103 1.84822822 0.766655862 0.501578569
 258 0.678871751 0.659396529 6.84451461E-02 0.392423153
 259 1.21841657 0.937932968 0.790138185 0.284962803
 260 0.191450894 -1.71630764 1.61434948 1.33021390
 261 5.35881072E-02 1.00772333 0.609476566 1.52830517
 262 1.80215418 0.511752605 -0.116423786 0.667510033
 263 0.376349062 1.21251464 0.150981918 -1.34203184
 264 1.89881408 6.22060001E-02 0.227597058 0.302602768
 265 -1.38365567 -1.21016681 -0.203620419 1.51729476
 266 0.120874465 0.206073448 -0.853212595 1.97718084
 267 -0.255588293 -0.376768351 0.784010649 1.35398102
 268 -0.938284814 0.462129712 -1.02817774 0.153208077
 269 0.420438200 0.854736686 -0.200961620 0.394387662
 270 0.503538668 1.92669451 -2.18007922 0.907001555
 271 1.48457289 7.28013366E-03 -0.425247073 -1.24075472
 272 2.33627439 1.64326894 0.231311053 1.04463792
 273 -0.656151474 1.68049490 1.54015994 -1.51187325
 274 0.253728509 -0.441465080 1.05417299 0.871430218
 275 -0.781794727 -0.499040276 0.678730965 1.61780179
 276 0.618184090 0.637756646 1.98492265 0.753909528
 277 -0.902559102 0.861398458 -0.750948071 0.700753748
 278 1.24858892 -1.35888684 -0.112439901 -1.88104236
 279 0.214154229 0.940630615 -0.442741752 1.26967072
 280 -0.355031729 2.56845880 -7.71338269E-02 -0.792258501
 281 1.37780857 -0.173137754 0.775112331 0.911975741
 282 -0.151126653 -1.40962458 0.404787272 0.223064333
 283 -1.14281678 -0.703306198 1.54956126 1.48692584
 284 1.33658242 0.807700038 -1.12013340 0.272476673
 285 -0.494751871 2.03554320 0.418064475 6.85135722E-02
 286 0.980717897 0.175564915 0.748723745 -2.14920282
 287 2.27449083 -0.654274642 -0.284593880 0.590841472
 288 1.89792514 -0.584259272 -0.988680601 0.812642574
 289 0.830845952 6.71468526E-02 -1.23342323 -0.531332374
 290 2.17023659 -0.816165149 -0.372839481 -1.53656685
 291 1.37803781 -0.613930881 -0.149024770 0.782353401
 292 -0.644111156 0.727183878 -1.53675401 -0.584493399
 293 0.905758262 -2.36237764 -0.748543859 0.798036397
 294 1.40288234 0.556863308 -2.14664102 0.834991336
 295 0.949956477 -2.01747417 0.781360924 0.605014443
 296 1.25229144 0.504511356 0.426419050 0.897196591
 297 1.03305936 0.519752502 0.785763800 -0.709504128
 298 0.458117723 0.531818211 -0.741877556 0.395379394
 299 1.44325829 0.708618760 -0.633581519 0.987759709
 300 1.13375330 -0.185766965 0.499699712 -0.582512259
 301 1.13661325 -1.02886713 1.16100943 -0.568839014
 302 0.469404906 0.318350852 1.92171073 -6.07859492E-02
 303 -1.35279322 0.357040584 0.945777655 -1.14584780
 304 1.47886455 -0.814622223 1.24878436E-02 0.541247785
 305 -0.378784299 0.273921102 -0.724337757 0.531087637
 306 3.33636260 -0.315258473 -1.13529551 0.467830569
 307 -1.04627895 -0.479057252 -0.371182114 -0.683902681
 308 0.510767996 0.130766243 2.25159860 -0.675335228
 309 0.740379453 -0.534534931 -1.33792686 0.330732554
 310 0.267200679 -0.275705010 1.55203962 2.29744005
 311 0.675198197 -1.72252178 0.832599044 -1.70454216
 312 0.120380461 -1.67760217 -0.125228316 0.202103168
 313 -4.83087152E-02 -2.58027554 0.436185569 1.89148486
 314 6.79088682E-02 0.317723095 1.42954123 -0.851406813
 315 1.06051481 -1.81311584 0.677293181 -0.403403789
 316 1.47409177 -0.964178085 -1.31466854 1.62088394
 317 -0.395270228 0.921330869 0.549929857 -1.25756025
 318 0.906226516 -0.848458052 -0.326078415 0.566554070
 319 -1.42301798 0.858590007 1.46832466 0.396869242
 320 1.33330369 -0.492238849 0.589978874 0.438760012
 321 -1.12985837 -1.01734829 0.554262400 0.373199284
 322 0.578186810 0.383576244 -1.16830564 0.519228816
 323 2.20985532 0.424443156 -0.558680832 1.60077989
 324 1.30972183 0.736345649 -1.52909887 2.01677895
 325 -0.740185082 -0.748319805 -0.316418707 -0.362132609
 326 0.957518876 0.461530328 2.12651896 0.864905953
 327 -0.825986147 1.32129383 2.98706102 0.480398476
 328 0.689750135 -0.508881032 0.714077294 -0.293164819
 329 0.960355997 1.53222120 1.36210251 -1.22164714
 330 0.911336780 -0.152013749 0.230830818 0.694183230
 331 -1.03922236 -4.87093925E-02 0.720477700 -0.879711986
 332 -0.395808995 -0.206497669 -1.07785916 -1.91230297
 333 -0.769644856 -1.09365821 0.928300500 -0.356438488
 334 -1.10995197 0.559831023 -0.542885303 0.199255764
 335 0.495258152 -2.41789889 -0.891910851 0.522361517
 336 1.84231627 0.807641268 -0.691117048 -1.54136622
 337 -5.52944094E-02 -0.948642492 -1.25414085 1.50809014
 338 -0.246018961 -1.93341303 -0.390010893 -1.14071715
 339 0.270331621 1.86661959 0.619517326 0.738773704
 340 -0.185906380 1.31678665 -0.566781282 1.78379917
 341 9.40320492E-02 1.17034972 -0.377304167 -0.616755843
 342 -0.225567400 0.388202965 -0.233414844 1.21595550
 343 -7.79159665E-02 0.546620250 0.493709743 0.668008804
 344 -0.654457271 1.43312132 8.99372697E-02 -0.903411746
 345 0.112481326 -0.434334934 0.239543706 0.661695898
 346 0.223772660 -1.84808576 -0.482272804 1.59415650
 347 -0.816982567 -0.117220998 1.53286409 -0.543098986
 348 0.107738510 -0.931250989 0.753806055 -0.904632330
 349 -0.500719786 0.993878961 2.06141949 -0.149345815
 350 -0.967726290 1.98339844 0.239808232 0.816349149
 351 1.94543350 -1.55497217 8.09620917E-02 0.610615551
 352 -1.04013157 -0.513958812 2.25173593 -0.975862622
 353 -0.993247867 -0.716549635 0.665206254 -1.69338834
 354 -1.87136281 0.562829971 2.70167398 -0.594325364
 355 -1.52427530 0.710941255 0.942017138 -0.511164069
 356 -1.15930462 -0.282717317 -1.09115624 0.327340841
 357 -0.229341000 1.20674944 1.97040960E-02 1.60000944
 358 0.146956623 -0.385235161 0.392873704 0.780349255
 359 1.20000565 -0.613721430 -0.684541464 0.721607983
 360 -1.01378834 1.51671064 -0.336800933 -0.849365473
 361 -0.246614218 0.149642766 -0.300114721 1.91175640
 362 2.43328714 -0.219930187 -0.980515480 0.934058428
 363 -1.02455664 0.368191451 -0.427587211 0.664885581
 364 1.22238636 -1.34426570 -0.218176693 1.56342912
 365 -1.63173723 0.991173267 1.18341684 0.267081439
 366 -0.284684420 -1.60921502 -0.786656082 0.622314692
 367 0.159449324 -1.38321352 1.46957004 1.30477810
 368 -0.423808426 -0.909750164 0.704813838 -0.253034145
 369 3.02208662 -1.23331308 -1.23320675 2.06822801
 370 -1.52699876 1.17169011 1.50124013 -0.315771937
 371 -0.514124930 -0.116127215 0.231870070 0.439631671
 372 -0.650262117 -0.968516946 -1.35728836 0.710998058
 373 0.263733089 -0.588413537 0.293035060 -0.384554267
 374 -1.18794382 2.06174111 0.985325575 -0.727599502
 375 1.41912055 -1.46796060 -1.93763697 0.934327900
 376 -0.249963731 0.573361397 0.100397423 0.999192953
 377 1.63127053 -0.633128762 1.61516905 -0.361812145
 378 0.609741151 0.561797678 0.940937459 -0.450461447
 379 -0.163199574 -0.590915918 0.444657356 -1.08844161
 380 1.05269039 -0.959535539 0.113034084 -0.387280524
 381 -1.33092356 0.452934623 0.454279333 -0.897215188
 382 1.51325107 -0.891891301 0.483166873 -0.369435251
 383 0.393644422 0.872648120 -1.17071056 -0.508564651
 384 -2.32187843 0.169857740 1.20679677 0.934291184
 385 -0.474440098 -0.149602070 1.32258201 -0.701483905
 386 -2.17599988 1.39094257 1.45307529 -1.93200910
 387 0.744902015 -1.01270866 0.660758376 -1.80267096
 388 1.96557593 -0.601857781 1.06756747 -1.53470612
 389 0.686505437 -3.08109522E-02 -0.415838033 -0.758059561
 390 1.78103340 -0.739795923 3.74517590E-02 -0.263706952
 391 1.08021688 -0.363310099 -8.26528221E-02 0.226608813
 392 -0.137381613 0.226339191 -0.316547871 0.438804269
 393 1.15101480 0.416259706 -0.501339734 -0.319565952
 394 4.33513969E-02 0.570250809 1.78576446 0.885729790
 395 -0.843322635 1.39128423 1.55165303 -6.31248951E-03
 396 8.90357196E-02 1.03863347 1.06984293 -0.722407877
 397 -0.991317987 -0.653325379 1.27948928 -1.52094269
 398 -0.333198220 1.25881231 1.79717326 -0.480330676
 399 -6.63357675E-02 -0.523271918 0.370732754 -1.80096090
 400 -0.157861054 1.57452297 0.966780841 -1.42485535
 401 0.427794039 0.372041345 0.436270267 0.300867707
 402 0.154049933 -0.586794198 0.829646468 -0.607762694
 403 0.680104136 -0.926474333 -0.466556191 0.418774247
 404 0.238981083 0.588724017 -1.49074066 1.74163568
 405 -0.213162482 0.570107579 -1.79121697 -2.57552576
 406 0.957016587 -1.28319645 -1.19636738 1.24702001
 407 -0.330876470 -1.47095942 -1.98516202 -1.11479211
 408 1.04643810 1.02698994 2.93920934E-02 0.361912996
 409 0.451689512 0.600571334 -1.45227981 -0.813551545
 410 1.32053256 5.05856890E-03 0.681460023 0.241429240
 411 0.109438658 -0.593159378 0.182269752 -0.906675816
 412 1.18793225 0.278732061 1.32598579 -3.87221575E-02
 413 1.62083316 -0.147796541 -0.509606600 0.536375344
 414 1.54299116 -0.640068650 -1.79094911 0.730113089
 415 0.768597960 1.40466011 0.604455948 -0.245530874
 416 -1.39790475E-02 -0.770646274 -0.322284162 -1.03219056
 417 -0.104197979 0.116550505 1.58084428 -1.77417135
 418 0.155929774 0.859102070 -0.392068982 -2.08788919
 419 -0.630652964 2.04593563 0.614977002 1.87170517
 420 0.494116098 0.591566205 -0.278221071 -0.345343709
 421 0.767829895 -0.919099987 2.60042548E-02 0.131248295
 422 -2.05704856 0.817827821 0.420784473 -0.414207458
 423 3.04976845 -1.02765572 -0.796799481 0.581889510
 424 -0.477574795 0.470513165 -6.79423884E-02 1.31502199
 425 1.09015083 -0.588156521 -0.119531199 0.490166485
 426 -1.10086501 -0.694601715 1.50887501 -2.28816271E-02
 427 -1.32436955 0.573248446 1.09855807 0.731221378
 428 0.592995167 -0.111246295 -1.20156062 1.53127682
 429 1.18906045 -1.07843232 0.455657929 0.383713186
 430 0.602949500 -0.663605869 -3.67577970E-02 -0.120493189
 431 0.728341222 1.29142141 -0.906261563 -1.77888191
 432 0.654857159 -1.47617126 1.89661598 1.33296812
 433 0.245892882 0.732728481 1.02786696 -0.759359181
 434 -1.31159902 0.887693226 1.39724040 0.658507109
 435 0.202325284 -1.01876116 -1.12450480 -0.755787253
 436 -0.292911798 0.819911540 0.874743760 -1.69758105
 437 7.49627650E-02 -0.371664912 0.791805625 -1.19539809
 438 -1.47100747 0.645196021 -0.602652192 0.127483785
 439 0.430132508 0.793320715 0.382654190 0.808188260
 440 0.497739762 0.106519997 0.353371173 -4.74389791E-02
 441 0.284421504 0.636807442 0.171689615 0.683438182
 442 0.456009030 -7.75142163E-02 7.31159374E-02 -0.657281995
 443 0.128954574 1.92313421 0.262650549 -1.01191771
 444 -0.604074240 0.254280090 -0.144047454 0.219786540
 445 -0.882686496 2.75633883 0.552652121 -0.520177305
 446 1.36395657 -1.10970235 1.55587232 1.07114160
 447 -0.556596279 -0.164120182 -0.816265821 0.453059375
 448 0.603619933 0.792451978 0.208495155 1.90011978
 449 -1.15408731 -1.31616569 0.314260840 -0.184184521
 450 -0.557445407 -0.753609896 0.165176481 0.487088591
 451 2.56734133 0.835199654 -0.955857515 0.741500020
 452 -8.97704512E-02 -1.32868886E-02 1.73928905 -1.37099266
 453 -0.678465188 -0.745394111 -1.59902632 -1.36911333
 454 1.14511764 0.159987614 0.309434950 2.15438414
 455 0.336191773 3.33392099E-02 -0.427578509 -0.517327130
 456 0.860408187 0.236358225 -0.591090322 -1.45444345
 457 -0.369391084 0.432909608 2.16357350 0.421414167
 458 0.261518210 -0.323044121 1.10050440 -0.406696677
 459 -1.30088651 1.16446126 0.367209107 0.372278929
 460 0.586767912 -0.529681146 0.900991440 0.459543020
 461 -0.897105157 0.911595106 -2.45819759 -0.765277922
 462 1.53545213 0.441135824 1.52088583 -0.628975749
 463 1.43819427 0.433460951 -0.103888720 -1.60630918
 464 9.37542766E-02 2.65555680E-02 -2.15582681 0.329452693
 465 0.850604177 0.538854122 -0.216217965 1.03528690
 466 8.90430585E-02 1.12797689 -4.56928387E-02 -1.82929182
 467 1.04797494 0.288538069 4.03839052E-02 -0.400521010
 468 1.09084773 1.23702848 -0.565418541 -0.800483584
 469 2.73874849E-02 1.80863595 2.36801434 -1.56805253
 470 1.59517968 -0.295335889 -0.234279454 -0.461580813
 471 -0.493431747 -0.220154256 1.33991373 -2.41443157
 472 -0.251013577 -0.432241678 -0.155481234 0.384665191
 473 0.512742400 -0.746634007 7.40560293E-02 1.65612364
 474 -0.319325805 2.23303652 2.09454370 -0.576840639
 475 1.78914893 0.152819932 1.05808759 -1.39421260
 476 0.679495931 -0.135560989 0.888761640 -0.817102671
 477 0.721961200 -0.955425262 0.517395079 0.723827004
 478 -0.594708562 -0.902751088 -0.283786923 1.49655664
 479 -0.730307817 0.506554008 0.961342990 0.447253168
 480 1.48428917 -9.55954343E-02 3.01312494 -0.371778369
 481 0.944602907 -1.57284606 -0.970790982 0.571896255
 482 5.66040203E-02 1.39380431 0.654569983 0.559711874
 483 0.820344210 0.273792237 -0.541717350 -0.477288306
 484 0.998858809 -0.769656897 1.08732903 0.221455574
 485 -0.764122128 1.73176789 -6.28096908E-02 -0.731993616
 486 0.497382820 -0.217784107 -0.816083312 -1.72628474
 487 0.276908726 0.248723388 -0.442055404 0.193341866
 488 -0.382676005 -0.378124267 0.685516477 -0.136171207
 489 1.00535154 -0.978628695 1.10448503 1.06611800
 490 1.29633825E-02 -5.47962822E-02 1.27793074 0.943629742
 491 0.985153794 -1.13660097 2.05257583 -0.368059546
 492 -1.05776691 1.05274010 1.49318171 -0.324436694
 493 0.977011681 -0.758360624 -1.05070591 0.470848471
 494 1.50190198 -0.429982543 -0.579691708 0.772703826
 495 -0.826451898 1.91643989 -0.354484022 -0.827729702
 496 0.284832776 -0.497507721 1.08958411 0.845437467
 497 0.287501574 -0.237660602 0.152910456 0.441181779
 498 -0.337517917 -0.813357055 1.42901826 0.646730661
 499 2.56951952 -0.179721102 1.03313565 -0.139687568
 500 1.00925350 0.231222540 0.185127035 -0.676427007
 501 0.633894444 -1.53911805 1.10595191 0.168245792
 502 -0.758330524 2.35019612 1.60057116 0.353324294
 503 1.50514245 0.272659868 0.412586302 -0.621073186
 504 0.553953707 -0.704110026 0.695232153 0.404126257
 505 1.65252852 -1.77183235 0.803957820 -0.765640378
 506 0.398093820 -0.111704275 1.24849355 0.777930260
 507 2.19513774E-02 0.452955067 2.37876415 -0.727296948
 508 1.18947971 -0.767554939 -0.103835791 -0.728506863
 509 -1.19552147 1.88719630 1.82661951 -0.714929461
 510 0.395845562 -0.689096451 0.125071168 -0.361003906
 511 1.55779266 -0.585236609 -0.359165043 -4.05398607E-02
 512 -0.608048201 0.448440313 -0.170117527 0.601690531
 513 -9.96983498E-02 0.165724039 0.331875771 0.843886614
 514 1.25524497 0.416527331 -0.444161832 0.164475024
 515 -0.118038058 -0.648361862 -0.600098252 2.06579089
 516 -0.476948202 0.859277666 1.17771709 -1.20805979
 517 -0.731299043 0.757840037 -1.08387530 1.16836774
 518 -2.08099890 1.82471478 0.828183293 -2.12446737
 519 0.728363693 0.289361209 0.331132293 -0.617923021
 520 0.133416116 -0.752165794 -1.49394941 0.658615530
 521 -0.528374910 -2.33119464 -0.585911274 1.36603022
 522 -4.31763977E-02 7.48655796E-02 7.91617706E-02 0.525222600
 523 1.56104136 -0.358285785 0.185558632 1.29409695
 524 0.424741030 -0.169094861 -0.902028024 -0.627958238
 525 0.164796799 0.560005546 0.526293933 1.90866554
 526 0.811034858 0.352661967 0.193123460 -0.493880570
 527 -1.38794506 0.333032429 1.65925515 0.162170112
 528 0.866969049 -0.919781625 2.21633291 1.12711167
 529 2.84805931E-02 0.839487612 0.476434529 0.793205857
 530 -0.610648870 -0.271445870 -0.968122363 -0.830905378
 531 -1.13188136 4.28162664E-02 8.59387964E-02 0.476123750
 532 0.149678007 -0.249342620 -0.159428775 0.864951491
 533 0.263513565 -0.949763358 1.55349493 -2.16211152
 534 -0.614072323 -0.191339463 0.628303766 0.403323591
 535 -1.23299360 -0.310434580 -1.31898606 0.695033312
 536 -0.438428342 0.747373819 -1.01071298 -0.606016815
 537 1.90525365 0.540624380 -0.456842631 1.54553568
 538 0.312378526 1.41916883 -2.40292251E-02 -0.149758533
 539 -0.230669960 -0.106687367 0.857897103 -1.79776716
 540 -0.709839582 -0.333528787 -2.01092935 1.04154480
 541 -0.327196181 -0.561370432 0.454949379 0.484727681
 542 -0.211096019 0.430662364 -0.292661250 8.75569284E-02
 543 1.22956681 1.03534913 0.887248099 0.492483646
 544 0.281650841 0.675881684 1.34810889 -1.98211694
 545 0.291204125 -1.17900848 0.787979901 -0.662857831
 546 0.708249032 0.787861943 -0.901201010 -0.456510425
 547 -0.217942297 0.168477416 -0.343961716 1.65183985
 548 -8.57635438E-02 1.04483974 1.57827997 0.995568335
 549 0.496192873 9.51481313E-02 0.972074449 -3.01262641
 550 1.76309764 1.10804462 0.882317722 1.03736949
 551 -1.07590175 -0.284074485 -1.02906322 0.232421741
 552 0.400720865 -0.355333000 -0.411680996 0.537250042
 553 0.648064852 -0.277076453 -0.989312649 -1.12510014
 554 -1.47895539 -0.822160840 0.786451221 -0.361452729
 555 -1.06789970 0.514376640 -1.10432005 -0.666910708
 556 -0.762847006 1.29532003 8.63091946E-02 -0.243305743
 557 -0.263866127 0.106710672 0.626533926 0.431912869
 558 2.37171501E-02 0.243471503 -2.19157338E-02 -0.732682943
 559 -1.84380245 3.41477245E-02 0.472186089 -2.73164392
 560 -0.493480802 -1.13517618 1.32030499 -1.95202196
 561 0.227189198 0.281799853 -1.16885948 0.207704946
 562 2.04975581 0.886667311 0.123410910 0.731272221
 563 -1.28321838 -0.786009908 -4.26213741E-02 0.368333995
 564 9.59826559E-02 -4.46749665E-02 0.130838186 -1.34708655
 565 1.50867558 0.713906527 -1.29726708 1.87393761
 566 0.519947886 -1.45526677E-02 0.104952894 -0.217335433
 567 1.37157583 1.36763251 1.04929757 -0.931530952
 568 -0.894778728 -1.66335499 0.433207929 1.02333808
 569 -0.360814661 -0.758565068 1.88629627 0.759663582
 570 1.75009727 0.532359660 1.82733333 0.749975145
 571 -0.874383092 -1.96567464 -1.05536532 0.905461550
 572 0.516255736 -0.905535758 -0.258809090 -0.295773268
 573 -0.293982536 0.686369777 -0.406673342 -0.747012317
 574 -0.685028255 0.473088294 -0.237255648 -2.56942511E-02
 575 -0.601568043 1.18724895 1.71290350 -1.55746388
 576 0.337388277 -0.145204455 1.29033697 1.08695292
 577 1.42129874 0.567250848 1.91391599 -0.860757411
 578 0.953282475 -1.02780378 -0.409194052 -1.84024668
 579 1.06343341 -1.11973381 0.173362792 -0.684352279
 580 -1.06268954 0.343206525 0.130051419 0.358354151
 581 0.194980666 -0.209369421 -0.851891935 -0.987347484
 582 -0.285863876 -1.72774518 0.406129718 0.656784117
 583 -0.767716885 0.824780107 1.50509632 0.470211655
 584 -0.311842352 1.36067462 -1.47409225 -1.90146053
 585 3.43830138E-02 -0.821258485 -0.126795411 0.855966628
 586 -0.238573954 -0.259013832 1.78755331 0.472840101
 587 1.44166708 0.276395202 1.25479972 -0.438815951
 588 1.01717401 1.12683690 0.315826088 -0.726228952
 589 -0.961491942 -0.562106133 -0.618115962 0.603459775
 590 -1.04922390 1.38511980 -1.05539393 0.158354253
 591 0.772333026 -0.852275014 -7.23905861E-02 -0.400858402
 592 1.16766465 2.23753357 -0.929687142 0.706715107
 593 1.24449432E-02 -0.216376886 0.780620456 0.317473471
 594 0.524310112 3.53550017E-02 -0.633002639 1.37986767
 595 -0.210382730 -1.33916259 -0.246557951 -1.35663164
 596 -0.246206373 3.40259767 -0.863774180 -0.571670234
 597 -0.811694503 -1.18113184 -0.258504808 0.829053938
 598 -0.412966430 0.474735886 1.33704519 0.976794064
 599 0.515007198 -0.429696053 0.776903689 1.68124080
 600 -8.02122205E-02 -1.06700611 0.434983969 -0.567803383
 601 0.801375329 1.35186124 -0.853049397 -1.81361520
 602 1.20978165 0.945450008 -1.45801449 -0.798734665
 603 -0.833412409 0.318216443 0.624099553 0.789039850
 604 -0.656033516 -5.45280874E-02 -1.06857550 -1.55877805
 605 1.38758266 -0.895954907 1.91601241 -0.263706326
 606 1.29346597 0.161407053 0.494880408 3.61981094E-02
 607 -7.80369937E-02 -0.391901672 -0.364931971 1.66437602
 608 0.458128721 1.39682651 0.113685042 0.724706054
 609 -1.54205942 0.282204896 -3.89439762E-02 0.997359276
 610 -4.24128622E-02 -1.19161129 0.974454761 0.580244780
 611 1.44145155 -1.59280479 0.259855181 0.608829260
 612 0.761598170 0.327343583 -1.73851979 -1.72123361
 613 -1.56225932 -0.771753192 1.38072693 -1.20776176
 614 0.356729686 -1.77503601E-02 5.29578552E-02 -0.917604089
 615 -0.413688332 -0.575405657 0.394687325 0.684931338
 616 -1.01146150 1.69920242 -0.762811542 -0.459735632
 617 -1.70186043 1.41114974 -0.909820557 -0.745436549
 618 1.63259220 -0.432610363 1.13200057 -0.574953437
 619 0.974489570 1.01173639 0.602212131 -0.312150091
 620 -0.356364727 -0.941926837 -0.157490820 0.569803298
 621 -1.62881112 0.687576652 -0.174360842 -5.73348999E-02
 622 0.159084648 0.480113566 -0.426453292 -0.807254672
 623 -0.391513586 -0.420155227 -1.70696497 0.340667516
 624 0.659516752 -0.866668463 0.212666586 -1.90301967
 625 1.62909842 -1.35091841 0.241764516 0.654206753
 626 0.990672588 0.555205703 -1.82868063 0.718951702
 627 0.526441216 0.303451270 -0.690920115 -2.13131607E-02
 628 -0.408251286 1.68270934 0.135081977 -0.282969743
 629 -0.138213620 -0.305002123 -0.486362636 -0.742405176
 630 0.433736205 -0.270859152 -1.59024429 -0.874848843
 631 -0.900475264 0.300067335 -0.608368456 1.40143728
 632 -2.44299565E-02 -0.135890499 0.568956435 -1.65511250
 633 0.483334750 0.600136161 0.257011563 -0.404484957
 634 -0.458667487 0.186038077 0.938075662 -1.93613791
 635 -0.244769469 6.91775903E-02 -2.47280431 -1.93410301
 636 -7.66560584E-02 -0.526408255 0.757900238 -0.786387563
 637 0.444443882 0.557984889 -0.196217552 -1.66951120
 638 -1.10467696 -0.661622167 0.692220747 0.595530629
 639 -0.703222692 -0.332547069 0.110441774 -0.783619404
 640 0.457355082 -0.171056658 -0.840647340 -1.50730681
 641 1.29499936 0.743321300 -1.30308688 0.454377294
 642 -5.97159341E-02 0.173010528 0.393580258 1.84984922
 643 -4.87350449E-02 -0.897000372 0.466504395 -1.84126842
 644 -3.25272775 0.570719898 -0.133906081 0.441039532
 645 -1.43376374 -0.248092696 0.501946092 -3.02163196
 646 2.38944626 0.337421387 -0.990629792 -0.741320968
 647 0.435742348 0.100743741 1.50626409 0.515771449
 648 -1.29164457E-02 2.00881171 0.559029639 0.632072210
 649 0.504669368 1.41068804 1.28133404 -1.76457357
 650 1.83783424 -1.31611824 1.04715359 0.704621136
 651 0.280798525 0.877803028 -0.456743747 -1.83612561
 652 -1.81942463 -0.550801933 -1.32962000 -0.140194356
 653 -0.778981209 -0.889880180 1.78923643 -0.269859970
 654 -2.09802222 0.806508362 -0.720934987 -0.429782510
 655 -0.459661335 0.496213168 0.605807006 -0.313911259
 656 -0.854844809 -0.352218956 0.277077287 -0.903568625
 657 -0.560238123 -0.826484144 -0.799952209 -0.166328162
 658 0.497351646 1.53749824 -1.28657353 0.319145441
 659 -0.855132878 1.11261499 0.145394728 -0.236383945
 660 -0.876309037 0.839584708 0.923223853 -1.05879712
 661 -0.546404779 -0.402680248 2.03840423 -0.331541479
 662 -0.616362453 -2.51828507E-02 1.30118990 -1.56834173
 663 0.563252509 -1.28233993 7.90980309E-02 -0.223252967
 664 -0.774158359 -0.406591386 0.658857346 0.611903191
 665 -1.24457717 0.213225678 -2.88906395E-02 -1.52022231
 666 1.05432868 1.81832027 -1.92049527 -0.596549690
 667 1.64252996 0.930915654 0.470166206 -0.977891564
 668 -8.51269066E-03 6.04188368E-02 0.642278314 -1.07237911
 669 5.88247888E-02 0.808207750 -0.386449248 -1.32111740
 670 1.44228482 -0.686948895 5.12779355E-02 0.501243234
 671 -0.446309626 -0.544329226 0.261700988 0.978785396
 672 -1.31283307 -0.475586295 0.418392122 -3.50912285
 673 -0.551187158 -2.20164776 0.410268605 1.88331795
 674 -0.177344114 -0.184862360 -0.805140913 -1.30257416
 675 -0.845246673 -1.01556516 -3.30507755E-05 0.384780675
 676 0.140884668 0.541817605 9.75015759E-03 0.554571509
 677 -6.02515340E-02 4.45364118E-02 -1.42281890 1.13289332
 678 4.97098565E-02 -1.73283577 -0.300034046 2.05673790
 679 1.83378994 -0.902295530 0.456285417 1.84798026
 680 -1.14666510 -0.567608476 0.235891610 1.04611111
 681 -0.559392691 0.415393531 -0.209327608 -0.419767261
 682 9.62424576E-02 -0.747143388 -2.12025118 -0.619359136
 683 -1.24695575 -0.371092409 2.06987762 -0.600007713
 684 0.207712710 2.36281705 0.344883770 -1.37736094
 685 1.93585169 -0.803631425 0.495979041 -0.675798178
 686 0.402085692 -0.687005103 1.66046584 1.92130625
 687 -1.59971762 -0.511583209 1.17229867 -0.593079984
 688 1.16063774 1.02869844 0.865563512 -0.643431962
 689 0.474574387 1.71003306 -1.35427070 -0.588902473
 690 -0.329421282 0.210081756 -1.00830960 -0.767729640
 691 -5.09095192E-03 -4.44927067E-03 1.57847691 -1.38042355
 692 -4.49246615E-02 1.12992501 -2.40561008 0.622424245
 693 3.28958392 0.420511723 -0.914211929 0.125431269
 694 0.479423583 1.01782095 1.55761266 0.816145003
 695 -0.805035174 0.302389652 1.60718346 -1.21090674
 696 -4.82592583E-02 0.163102835 -0.992416382 0.871267796
 697 1.25317335 1.06932211 -0.774896801 0.219451874
 698 -2.43142009 1.87365222 1.65713215 -0.204207763
 699 -0.474832743 -1.81646526 -0.812507093 2.20189857
 700 -0.528384030 0.149007767 0.778372228 -0.217540786
 701 -0.339283407 0.831593990 0.643284976 0.269666284
 702 3.43665332E-02 2.16090250 -1.10166287 -0.311196417
 703 -0.134770542 -0.575872064 -1.67910084E-02 -0.104685411
 704 0.970240593 -1.34215939 0.225397393 -2.94598389
 705 0.813303947 1.27349782 0.440628767 -0.373313814
 706 -1.46938515 -0.735312819 0.616803050 -1.72859430
 707 0.536410749 0.102398068 -0.631576419 -0.439810872
 708 -0.452344060 0.294021517 0.824350297 -1.64139366
 709 -1.18765199 -0.220836237 -0.938887835 1.61649263
 710 -0.199257672 0.731988668 -1.12711263 -4.79780436E-02
 711 -0.827089250 -0.195203677 9.85386074E-02 0.500698328
 712 -0.409144104 -0.340525329 0.357792616 0.704346359
 713 0.554207563 0.498621613 0.118159764 0.323191822
 714 -1.15626669 0.663882017 2.13598609E-02 -0.654517591
 715 -0.581772804 -2.66736448E-02 0.400748789 1.59418583
 716 0.354771733 1.18406868 1.29630756 -1.14169490
 717 -0.559535980 0.830015838 -1.03914511 -0.155875087
 718 -0.187095225 0.388063520 -0.467759371 -1.64868414
 719 0.899985492 -0.427867293 -0.775751650 1.02432466
 720 0.863848031 -0.692912936 0.645353079 0.457024276
 721 0.401186317 -0.253602445 -0.390461922 -0.639180839
 722 0.269546539 -1.22505105 1.03758359 0.373234361
 723 -0.397951365 8.30381960E-02 -0.292418122 0.527642131
 724 0.603924751 0.833794832 -1.12608135 0.205588818
 725 -1.35200381 -1.77494335 -1.59651768 0.365066767
 726 1.90604377 1.32677245 0.295057952 -0.516476631
 727 0.262346447 0.459090352 0.394854724 -1.41344178
 728 -1.11996150 -0.104981601 -0.791788399 0.290829271
 729 -0.425426096 -9.35479701E-02 9.38449055E-03 0.598578572
 730 -1.88293648 3.42901200E-02 1.75696564 0.678457141
 731 -0.302556157 -1.55572438 2.18843389 3.36170197E-02
 732 -0.542009950 1.72740757 -0.944201529 0.455351949
 733 0.673891664 -0.370822668 0.177238256 -0.470488340
 734 -0.740916133 -5.35611510E-02 -0.612845480 -0.416989565
 735 1.28193831 0.813018143 -1.27390361 0.500401139
 736 -0.364643455 -0.155841187 -0.696028233 -0.622268856
 737 1.20450652 1.51584268 -1.42381334 0.360606968
 738 -1.69445127E-02 2.04506898 -0.749736071 -0.666827500
 739 -1.20982409 -0.951494575 -1.48088729 0.637505352
 740 -0.520979404 1.32261634 0.949701905 -1.85821247
 741 -1.42571282 0.488420308 -1.04342473 0.722713113
 742 0.335602283 1.14762759 0.589724779 -1.26277351
 743 1.63267076 0.485333860 2.16781139 -1.66769242
 744 0.257476509 -0.181422234 0.236921132 0.931282341
 745 -1.45430481 0.816123962 0.489781559 1.60587466
 746 -2.32475185 0.514572084 0.824650347 -2.06542230
 747 -0.777542293 -0.409491032 0.234804288 -0.595792651
 748 -0.165187359 0.732052445 0.165170550 -0.616157949
 749 -0.210455149 -0.169119969 -0.797534406 0.709963858
 750 0.482146263 0.316907912 0.666107535 -1.69109559
 751 -0.604427040 -0.162660941 -0.934037924 0.852587700
 752 -0.348931015 -0.986667395 1.58554840 0.141353130
 753 0.855940580 -1.69522691 -1.35954583 0.353330314
 754 0.104271509 0.223512769 -9.99407321E-02 -0.547747016
 755 -0.682163000 1.81889689 -1.14776611 -0.486072809
 756 -0.237316400 5.60555458E-02 -0.211840868 -0.956595778
 757 -0.228804722 0.641853690 -6.01713657E-02 2.56354618
 758 0.420909196 -1.42478466 0.166331708 0.480110794
 759 0.394272655 -0.248027712 -2.70890546 -1.38372922
 760 -1.42321897 1.75211024 -0.238443047 -0.216972709
 761 -0.513730347 0.362183988 0.988884330 -1.79563236
 762 -2.30910397 -0.421974957 0.168293417 1.62918425
 763 -0.453975737 0.347816348 -1.73255157 0.274360716
 764 0.177896515 1.80443919 0.192028999 -8.85584354E-02
 765 -8.15831125E-02 1.29953754 -0.172500715 -0.153474882
 766 1.05728114 -7.30872899E-02 0.666002452 -0.689038575
 767 -0.560544014 0.726070344 0.666658282 -0.576072931
 768 0.581936777 0.883784294 1.03618169 -0.911909282
 769 -0.244492114 0.481625944 -1.39816606 -0.328608602
 770 -1.03224373 -0.413395584 6.74119368E-02 0.682099938
 771 9.67126638E-02 1.61592138 -0.292469203 0.364326596
 772 1.47051513 0.157546729 1.48877859 -0.768357575
 773 1.73876262 0.440081954 -1.36974263 0.424833179
 774 0.133626401 -0.472162724 -1.27265573 -1.08294606
 775 0.273251086 1.21507680 -1.24224472 0.535076439
 776 8.87192190E-02 1.63092053 -1.14780045 0.683140695
 777 0.271517009 -1.46278083 2.34205890 0.552765727
 778 -1.13271928 -0.421493530 -1.05917335 -0.108005308
 779 -2.32176375 -7.02398419E-02 0.991538465 -2.24363661
 780 -0.274787515 0.781810403 -1.04267776 -7.38463998E-02
 781 -1.55163181 1.57224870 -1.22788835 -0.621531188
 782 -0.304625928 -0.243089333 1.14462495 0.536238074
 783 -0.638954282 0.958083570 -0.635761142 0.121110827
 784 -0.850979388 0.259968460 -0.628458619 0.760984480
 785 -0.125196233 -0.252238870 -1.03027439 -0.414300442
 786 -1.36575055 -0.830784738 -0.359855652 0.475679696
 787 1.63278103 1.45804644 0.141279384 -0.691668332
 788 1.52041292 -0.921378016 0.902822137 -0.282240003
 789 1.26055658 -0.235981181 -0.735770345 1.06312084
 790 -0.644218564 -0.114855982 8.01889896E-02 -5.12697250E-02
 791 -1.36175263 -0.679952800 -0.454005420 -0.591576636
 792 -0.787047744 1.38463473 -1.29234409 -0.844199121
 793 -1.50619352 7.50809014E-02 0.974366188 -0.180593297
 794 2.13901830 0.539114177 -1.30858469 1.05287778
 795 -0.984404445 -0.759798169 2.10518765 -0.433636308
 796 -1.54501367 1.14645517 1.10696292 -1.12409329
 797 0.266862601 -1.70764410 -0.239469767 -1.62439489
 798 0.176291645 0.205099717 -0.601217628 -1.07510555
 799 -1.23340333 -0.382678896 -2.56922543E-02 -0.654721320
 800 0.136341929 -0.351754755 0.385368586 1.02817535
 801 3.74036580E-02 1.89356959 -0.517442465 -0.312240630
 802 0.666898668 0.583722949 1.15164399 0.771779180
 803 -0.170772806 0.328407884 0.374113917 -0.411747932
 804 -2.54562807 0.386830091 1.20894408 1.17245114
 805 -0.903652608 -9.66241211E-02 0.266858816 -1.27546549
 806 3.41218710E-03 -1.49799728 -0.363588750 0.444163173
 807 0.829435229 -1.15160894 1.53627801 -1.91423559
 808 1.42342520 0.195319086 0.612542331 -2.66960263E-02
 809 0.409394234 -0.816258132 -0.192949712 0.322134703
 810 -1.09749746 4.41751033E-02 -0.535900891 0.682202339
 811 -0.647276878 -0.882260144 1.73151493 -0.713656783
 812 0.964345396 5.69504499E-03 -1.76124954 1.06398273
 813 0.718548894 -0.931288481 0.152330101 0.347310722
 814 -0.169949651 -1.28800154 -1.56211138 0.159856677
 815 0.884989500 0.179692417 1.62902915 0.354913384
 816 -0.575352311 -1.82392579E-02 -1.61984789 0.706124663
 817 -1.61571360 0.532500267 1.05234098 -0.167629167
 818 -0.142237991 0.569628239 -1.25683057 1.62262702
 819 -2.42480922 -1.15676081 0.999158561 -0.305767655
 820 -1.54186404 -0.568915963 0.771736741 0.421515554
 821 0.774465084 0.117414206 -2.21933484 -1.39148462
 822 -0.510718644 -0.531547308 -0.629337251 -0.853689075
 823 0.770920992 0.544959545 -0.412384123 0.419568092
 824 -1.29501367 1.18953168 0.175267637 0.549848020
 825 1.11479187 8.40308964E-02 0.456622362 0.601379395
 826 -1.12509489 -0.405023068 -0.959981203 -0.834702849
 827 1.17089581 2.29398608 -0.714719296 0.457922161
 828 5.63596934E-02 2.08458209 0.446640640 0.500474095
 829 0.449855596 2.18335652 -0.851797998 0.171685547
 830 -0.112421319 -0.306346267 0.655243218 -0.690603018
 831 0.455203950 -1.83446562 -0.259389102 0.946522117
 832 -1.86925995 0.218554035 2.82037759 -0.465463758
 833 1.03698504 1.05782306 -0.813185275 -0.554608166
 834 -1.22605801 -0.196976453 0.528241754 1.46988547
 835 1.27802253 -4.74619642E-02 -2.32352877 -0.362742305
 836 0.666981578 -0.203180343 0.974989533 0.630950630
 837 -2.29173899 -1.03879404 -0.690790415 -4.70282733E-02
 838 0.435462952 -1.00975227 0.388863444 -1.66221428
 839 1.35129237 -1.56663084 -0.910894871 0.176432669
 840 0.129659086 -0.764388084 -0.254412353 0.275822878
 841 1.37600195 -0.162126541 1.00281882 -0.294853568
 842 -0.254885554 0.120375380 -1.59587550 0.739178240
 843 -0.442008406 0.265488386 -1.10902572 -1.47237957
 844 -0.757855058 0.307917953 -0.785679758 -0.964767516
 845 -0.769050956 -0.481503636 0.307685226 2.15738153
 846 1.28680491 -0.966532052 0.446567178 -8.03294331E-02
 847 -0.644074917 -0.769382954 5.64371198E-02 0.624969363
 848 -1.53796327 0.496286571 0.316717118 0.447361022
 849 1.15144813 1.02290082 1.97236931 -1.61933208
 850 1.59010243 0.321616054 0.105347484 1.38510859
 851 0.371843040 -0.244752735 2.08316064 2.07853413
 852 -2.91029364E-02 -0.437522948 0.618609488 0.115760535
 853 -0.283565283 -0.124928474 0.982998729 -0.194882870
 854 1.05483878 0.703949034 -1.88323057 -0.986592293
 855 1.09753561 2.43736768 -0.621293068 2.05368614
 856 -0.298495114 -0.106578209 -2.94187181E-02 -1.80221248
 857 -0.857713521 -0.770350993 -0.458551645 0.718456984
 858 0.614036977 1.54708183 -0.259076774 0.652522981
 859 1.22755730 -0.293674558 -0.720070541 -0.185612649
 860 -1.23552537 0.894358099 0.283094227 -0.816480994
 861 -0.543180704 2.37158462E-02 -1.65595627 -1.37939751
 862 0.663018048 -0.729039848 0.693787396 -0.575860739
 863 -0.795740426 -1.30198908 0.387366831 -1.74903345
 864 -2.13027096 0.751673877 1.82134938 -0.876224220
 865 0.987415075 -1.71656215 0.150864840 1.71800900
 866 -0.843054295 -1.43346465 -0.836715817 0.593798757
 867 -0.408779800 1.79589915 -2.21849632 0.641818643
 868 -9.76094306E-02 -1.86918378E-02 -0.306236804 -0.744689405
 869 -1.05476129 -9.53164101E-02 0.310071766 -0.616092920
 870 -0.500748754 1.52279949 -0.485743880 0.929844260
 871 1.02786183 -0.448442638 -0.276316494 2.18566346
 872 -0.748985529 -0.726624370 -1.80584073 -0.866015673
 873 -1.61290407 0.571515799 1.33290732 -0.831536174
 874 1.47084427 5.63047230E-02 -2.51833517E-02 -0.779074132
 875 -1.16096604 0.408437133 -0.761367202 0.633133590
 876 1.77097070 0.456399858 -0.898316205 -0.999611974
 877 0.220158279 1.14714396 0.380242616 -1.20127630
 878 -0.700253725 0.336046100 -1.80669117 0.808661580
 879 0.841425776 -2.16725612 -0.469950706 -1.85162973
 880 1.53286493 -7.13378191E-04 -2.08635712 0.897566438
 881 0.731664896 -1.39939666 2.75019854E-02 0.134293586
 882 0.666350901 0.543965340 0.501815140 -1.69896555
 883 2.30657125 -0.647334337 1.05333340 0.651845694
 884 -8.59804749E-02 -0.874051511 -0.881128907 -1.34689677
 885 0.474429369 -0.148082435 8.57575685E-02 -0.397039145
 886 0.214269310 1.24862313 1.49006236 0.894863605
 887 -0.786161840 -0.195614696 1.39236879 0.379166842
 888 -2.43551874 -0.787044883 3.92110683E-02 -0.620595574
 889 0.415127873 0.237576485 1.05512583 -0.449920177
 890 0.553030550 6.88662007E-02 -0.330531299 0.333008289
 891 0.168664381 -5.36617748E-02 0.402785212 0.295932800
 892 -0.831844270 -0.287017435 0.580093563 -0.275400549
 893 0.792758584 -0.621750116 1.66630709 1.18241692
 894 -0.178798929 0.414021939 1.32863986 1.16044092
 895 -0.636158109 2.20842695 -1.32259202 -1.60050344
 896 -1.85731518 2.45406508 2.11020637 -0.491993934
 897 -1.13277185 0.866033912 -1.11526370 0.344471246
 898 0.344996601 0.711331367 0.389089167 -1.23838282
 899 0.437629521 1.04886591 0.470804036 -2.06470871
 900 -1.51144063 0.444661498 1.93184829 0.768510699
 901 1.14984512 1.02830362E-02 0.907522917 -1.76871347
 902 0.376212060 -2.74302888 -0.941059053 1.83993936
 903 -0.294924080 -0.598033667 -0.878450930 1.36957049
 904 0.577233732 -0.913981616 -0.166286319 0.112262994
 905 2.92493366E-02 -6.69232011E-03 0.414952248 -0.184461489
 906 0.570631266 -0.538377345 -1.24654973 0.182221264
 907 0.872017801 0.139759913 -2.03539681 -0.174219027
 908 1.35812187 1.45972097 0.953433394 -0.854459345
 909 1.14309442 -1.75167513 -1.93000138 1.56899476
 910 -0.999949336 1.82610750 1.73301911 -0.993307948
 911 -0.582859457 0.716623485 -0.433002025 0.292435706
 912 0.933216989 0.403842390 -0.566216350 0.752007723
 913 -0.920896709 -0.611106873 -1.80822480 1.91487801
 914 0.481254160 -1.24861181 -0.743515193 0.253336936
 915 0.103259653 0.276040792 1.34072590 -7.14977980E-02
 916 0.434001327 -0.440518171 0.313222498 -0.191229492
 917 -2.56570506 -0.762097299 -1.47342682E-02 1.88248158
 918 -0.649506092 0.191369563 0.997596145 -1.42682195
 919 -3.46700773E-02 -0.196178257 0.837611496 1.37303400
 920 1.39565182 1.10512614 -1.11770010 1.22354615
 921 4.14250419E-02 0.697016537 1.62697792 -0.816672564
 922 1.10774887 0.576501191 0.310068905 -1.73254728
 923 1.07368958 -6.73613101E-02 -2.64139032 -1.43632591E-02
 924 -0.343630284 0.996132255 0.317125767 -1.72249913
 925 -1.41397309 0.417254627 1.12474835 -0.461127341
 926 0.225099415 0.770102024 -2.43665648 1.03437471
 927 1.20379341 -0.632970273 -1.18738604 0.384797066
 928 -0.884342611 1.91824162 -0.715437233 -1.45721138E-02
 929 1.61755240 -0.478851080 1.05834675 1.71006012
 930 -1.73027682 6.77375942E-02 0.509410441 0.427703083
 931 -1.21510208 1.86336470 1.36663628 -0.762075603
 932 1.72573924 2.10365891 -8.73925537E-02 -0.207036585
 933 0.703853428 1.04782069 0.139083147 0.602823138
 934 -0.597123086 1.28459001 0.865272522 -0.715194404
 935 -0.902682066 0.385167211 0.833872676 0.597705781
 936 0.635926902 -0.361871481 -0.756912351 0.413276702
 937 1.95950711 0.633251667 1.34437704 1.04249573
 938 0.299121141 1.60274363 0.717052817 -1.16211390
 939 1.87985837 -0.875295997 -1.81117058E-02 -1.12033403
 940 0.434861422 1.18077481 0.260340124 0.333486676
 941 -0.285655022 0.366478980 -0.816629529 -1.78618622
 942 0.616968751 0.105647624 -1.02330995 -0.590206027
 943 0.159530818 0.302871823 0.642093062 0.111478686
 944 1.07133400 0.790822148 0.336414218 0.549595058
 945 -0.183890253 0.890101910 0.342253745 -0.388563544
 946 3.37487906E-02 -0.890424490 -0.619584024 0.489789248
 947 1.29188001 -0.110311300 0.379871398 0.400253534
 948 1.64042339E-02 -1.00507426 0.592676938 0.366697788
 949 -1.61623812 1.52732670 6.25511333E-02 -0.668107092
 950 0.702406347 -0.626724660 -0.400384873 -0.483783782
 951 0.781191230 -0.135068595 -0.121762864 0.774213850
 952 -1.66160613E-02 -0.587151766 0.414472967 0.403675854
 953 -0.755670249 0.712699890 0.356076926 -1.48170400
 954 0.849113226 1.83635533 -1.18794644 -1.22294819
 955 1.96041739 -0.691065729 -0.162946671 1.65112615
 956 -1.31240594 -0.194170237 0.360221088 -1.44240725
 957 -1.18185937 1.68166995 0.153930247 -0.864779949
 958 -2.03455496 -1.05663395 1.03748751 0.575879455
 959 -1.29323828 8.64674598E-02 0.188964128 -2.03217983
 960 -0.822172105 0.542213619 0.994561136 0.668986082
 961 0.307654321 -1.18876636 -1.85217150E-02 -0.568166137
 962 -4.00433764E-02 -1.30161428 0.527687430 0.920082450
 963 1.43061519 1.00171280 -1.70764983 0.996357381
 964 1.30215359 2.10844445 0.740649462 1.29593587
 965 -2.25241065 0.401674569 1.47897029 -1.44297504
 966 -0.385458529 0.627987862 -1.19172907 -1.55956185
 967 0.822714329 0.363632411 0.654100180 -0.972711563
 968 -0.874399304 -1.16168773 -0.573341072 -1.20838606
 969 -0.520665646 0.852548957 -0.932201266 0.608565450
 970 -1.94759643 -0.780670047 1.34932864 -1.58552337
 971 -1.44918263E-02 0.463349700 -8.68643671E-02 -0.884095788
 972 -0.422881961 0.623533845 -0.547503948 -0.464021444
 973 0.209994942 0.905902207 0.646078706 0.756597757
 974 0.491373062 2.13189888 -0.476224065 0.804607391
 975 0.761239648 -0.866781235 0.141113967 0.261493206
 976 1.84068954 0.774553776 0.841758490 -0.471148014
 977 -1.78705895 -0.928741813 -0.625737309 -1.48961425
 978 -0.961857557 -0.971067786 6.85324222E-02 -0.771663666
 979 0.233743861 0.313607931 -1.64771104 -0.326807797
 980 5.94239533E-02 0.223515213 -1.27655673 1.15737748
 981 -0.919196904 0.732743263 -0.598244369 0.973833263
 982 0.455377281 1.81881475 0.183976874 -1.53471982
 983 1.90375030 0.278914243 1.53063738 0.615905583
 984 -0.566786170 -1.47982264 -1.05062771 -0.635599494
 985 -0.545515358 4.00586426E-03 -0.799265146 0.499057144
 986 0.768382192 0.839786649 -1.38810205 0.443212688
 987 -3.53488252E-02 1.12783861 -1.75519300 -0.263182670
 988 -0.326257974 -0.839878201 0.628005087 -0.227192909
 989 -0.989274740 -0.574187636 -0.473488390 -1.57428467
 990 -0.818646669 1.46184027 0.751942217 -0.391897976
 991 0.949819803 -0.396548450 0.914476156 -0.177233309
 992 0.373725623 0.838603258 0.159530461 -0.126875952
 993 1.01521790 -0.733400822 0.338563919 1.63850462
 994 2.61540437 0.897810102 0.662675619 0.690324187
 995 -1.52932680 -0.944601715 -2.29759645 -1.02952385
 996 -2.42790008 0.644521654 0.312565118 -0.278108716
 997 -0.211345032 0.239538819 1.30934465 -1.17502964
 998 -0.399411231 1.26192307 0.606729329 0.476578951
 999 -1.74741149E-02 -1.35839105 0.280428022 0.575780511
 1000 3.27119231E-03 1.92337978 -2.74226665E-02 -1.86172831
 1001 1.72978354 -0.215996549 1.00281751 -0.551467597
 1002 0.704375982 0.657859921 -8.30994248E-02 -1.76139081
 1003 -1.21501231 1.28234959 0.938844085 0.272787273
 1004 0.220647246 -0.342700243 1.12628198 -0.129371405
 1005 0.454784662 -1.57077610 -3.60385031E-02 0.697230160
 1006 -0.665781617 0.166158795 -1.48166990 -0.632531345
 1007 0.290011048 0.518800855 -1.00087786 -1.69911659
 1008 -1.35963297 -0.323290765 1.33085871 -0.705393136
 1009 -0.594175756 -0.710232198 -0.740964293 -0.672090352
 1010 -3.10864747E-02 0.394745350 0.706239581 -1.96229267
 1011 1.47093105 -0.878126383 1.55586731 -0.760965109
 1012 0.585124969 -1.13501155 -1.27713299 5.92610836E-02
 1013 0.728963256 -1.11527038 0.302796513 0.384627879
 1014 -0.120601878 0.661763310 -0.151199833 0.864233673
 1015 -0.803520083 -2.18889785 -1.85069990 -0.150877237
 1016 -1.70020390 -0.818579793 0.451062679 -0.447031617
 1017 -0.305665284 -0.631103814 0.359815150 0.524875224
 1018 -0.596271694 -2.15245199 1.02843308 0.288828015
 1019 -0.441031486 0.441196263 1.64036775 -0.483084977
 1020 -0.886926353 -0.452440619 0.971694827 -1.29883552
 1021 -0.878122091 -0.579960227 -8.29745159E-02 -0.174350604
 1022 1.08866334 0.371972322 -4.51895744E-02 -1.75532389
 1023 0.239827007 0.381905317 0.564184248 0.558277190
 1024 -0.377654314 -0.705828667 1.13686538 -0.992069006
 1025 -0.932079673 0.760653377 -1.65893912 0.773698509
 1026 -0.139799342 0.819353938 0.823736668 -0.621729136
 1027 -0.253878683 -0.265175343 -0.357996643 -0.355378985
 1028 1.82602727 -1.26997948 -1.50654566 0.335661829
 1029 -5.31893969E-03 0.142571792 -1.69493246 3.81961763E-02
 1030 0.609751225 0.603536427 -4.06654626E-02 -0.187021062
 1031 2.39803100 -0.185511202 0.729942083 0.334642977
 1032 0.215193972 -4.47038859E-02 3.87948751E-02 -1.01288831
 1033 -0.512746692 -2.16833472 -0.119945228 0.579279602
 1034 1.11352539 -1.64207041 0.858432055 -0.658387482
 1035 2.76587391 0.107911319 -0.582491875 0.532337606
 1036 -1.47195256 -0.504978299 -2.11528111 0.265925050
 1037 -0.223071963 -0.110851459 -5.37311025E-02 -0.486261874
 1038 -1.12457478 -2.92796516 -1.01310694 0.260543674
 1039 0.880093813 1.09573960 -0.767426550 6.55462146E-02
 1040 -0.150408745 -1.24641955 -2.30023718 -0.770356894
 1041 -0.190085292 -0.321309179 -1.41683578 -0.360415906
 1042 0.949303031 -0.815584004 1.73983812 0.598770797
 1043 -1.09712231 -2.43505788 1.39972198 0.256945282
 1044 0.524870157 -0.845964849 1.61608279 0.625815988
 1045 -0.278921872 -0.154835090 1.25628722 -0.543213546
 1046 -0.371787101 -0.695935130 -3.50327992 -0.252532423
 1047 -0.465528995 -1.65139031 1.19209194 -1.61985064
 1048 1.09746671 0.782473445 -0.789905131 -1.16476536
 1049 -0.269808680 -1.00590169 -1.55420947 -0.120497882
 1050 0.314241707 -0.641845822 0.735102177 1.67500758
 1051 1.02288485 -1.30734491 0.326694846 0.877801418
 1052 -1.14995122 -1.53914428 0.398856550 0.378259242
 1053 -0.470221519 -2.00055408 -1.83380330 0.737197161
 1054 0.141681880 -0.634301603 -0.518307149 -0.399757385
 1055 1.21846354 -0.304250658 -0.495808154 0.539056361
 1056 0.316355467 -2.11561823 -0.710125089 0.487399518
 1057 -0.738674521 -1.11674130 -0.112922542 1.42393720
 1058 8.05580989E-02 -0.796385586 -0.139262766 -0.265391707
 1059 -0.204788566 -2.28646088 1.66799486 0.514283001
 1060 0.535287559 -0.779055059 2.40811849 -0.992413521
 1061 -6.41742647E-02 0.393048793 -0.792311430 -0.391366780
 1062 -1.56660676 -0.664798677 -1.36508322 0.263862759
 1063 -1.36532497 0.270334750 0.223824531 -1.89858305
 1064 0.621668398 -1.95854425 1.03548217 1.45765400
 1065 0.979778349 -0.270558655 1.04573286 0.735161901
 1066 -0.234411180 3.98086980E-02 -0.514053941 1.60192204
 1067 -0.444656909 0.527210772 1.77602744 0.135589242
 1068 0.339553833 -0.783624947 -1.64067793 0.955092072
 1069 -3.01031470E-02 -1.22281110 2.02109790 1.06507421
 1070 -1.53079188 -1.41242814 -0.106023915 -0.582894504
 1071 0.274743617 -4.72203493E-02 -0.609084904 -1.78858507
 1072 -1.09186840 -1.35082030 0.766902804 -0.365479678
 1073 -2.77256072E-02 -0.214395151 8.80670249E-02 0.418161154
 1074 -0.991928399 1.96004398E-02 0.551343560 0.666763544
 1075 -1.16618812 -1.29722977 1.18870425 -0.669974327
 1076 0.612963855 0.596230209 5.55483997E-03 -0.444469512
 1077 1.74268544 -0.398752958 -1.23429072 -1.66200769
 1078 0.465484023 0.188334525 -1.42972028 -1.73187757
 1079 0.742821276 0.225078523 -0.918919146 -2.01424146
 1080 -0.337697357 -1.42342186 -2.19631052 4.28572297E-03
 1081 -0.930658340 -0.364316791 -1.12573504 -2.18154311
 1082 -0.800745547 -1.24479926 1.13762558 0.310584158
 1083 -6.30944222E-02 0.815917850 -0.732293010 1.69061863
 1084 -0.400302380 -0.691039324 0.393360734 1.59382224
 1085 0.281432092 0.653356969 -0.168404058 -0.556800723
 1086 -0.334338486 -1.47613370 0.823547602 -0.567291260
 1087 0.516736448 -3.63890231E-02 -0.580542386 1.47385395
 1088 -0.629984200 -9.20168012E-02 -0.975932956 0.455473512
 1089 -1.80702209E-02 -1.56752431 -0.394162744 1.50102484
 1090 -0.406423897 -1.46190059 -1.04977834 -0.555103123
 1091 0.788572431 0.879132032 -0.783233583 0.511407793
 1092 -1.27683866 0.135545254 -0.355893314 0.279878378
 1093 8.25043023E-02 -1.25569236 -2.11750531 -1.38983226
 1094 -1.42658925 -0.777530491 -1.81351423 0.555824697
 1095 0.601137161 0.360141873 -0.945825160 0.835281968
 1096 -1.46076357 -2.46457481 1.00369871 0.621491134
 1097 -1.20991349 -1.17441094 6.55280054E-02 1.61336708
 1098 -0.416627049 1.10637045 -0.139997780 -0.144060016
 1099 -0.687126517 -0.414434224 0.325130492 -2.85220408
 1100 -1.73066103 -0.689127922 -0.511531174 -0.487120986
 1101 -1.06514812 -1.13850498 0.980509698 0.530581236
 1102 0.407088697 -0.179570511 9.31586325E-03 0.178322643
 1103 -1.88091326 -1.88847053 -2.26939440 -0.141550541
 1104 -0.945616961 -0.534393430 -0.280415237 -0.422988832
 1105 -1.71415329 -1.42142820 -0.374981403 -0.799185812
 1106 0.820729315 0.444466174 -7.34237209E-02 0.525796294
 1107 -1.24828148 -0.535808623 -1.42182398 0.681376994
 1108 -1.54491067E-02 -0.549224079 -0.563161373 0.327732205
 1109 1.11418462 -1.00024617 -1.54696155 1.65390360
 1110 -1.62194526 -0.857480228 -1.41475165 0.550148964
 1111 0.483348966 -1.24810922 -0.208085462 1.62619770
 1112 3.44654918E-02 0.751943052 -1.11798751 1.02973950
 1113 -0.175517291 -2.24338675 -3.60788703E-02 0.991476893
 1114 0.136824653 -1.43764591 -0.942090571 0.515036285
 1115 3.22225690E-03 0.679733396 1.21265197 0.209258825
 1116 -0.503668904 -1.14838624 -1.73822689 -1.88555789
 1117 -0.264656156 -0.751941562 -2.46731853 -1.36688888
 1118 -0.973096788 -0.952488720 -0.566754758 0.586987734
 1119 -0.775024116 -1.97993696 -1.94653702 0.379685760
 1120 -0.417715281 0.355531693 0.274396896 0.440383315
 1121 0.260813355 -2.56123567 -0.109252080 0.444010228
 1122 0.758409560 -0.447924972 -0.721325397 -0.905875266
 1123 0.735567570 -0.618236721 -0.575236559 0.455539018
 1124 -1.00949049 -0.992455244 -1.07690108 1.39175296
 1125 -2.37674689 -2.28804827 -2.32221985 0.343591839
 1126 0.692823052 -1.45641100 -1.37810242 0.351915628
 1127 -0.239590898 -0.780075252 -0.714589357 1.31781268
 1128 1.77159619 -1.55481994 -0.687766075 -0.520100832
 1129 0.766126871 -0.708707690 -0.551227748 -0.936027527
 1130 -0.163720384 -1.86830354 1.37527299 -0.394489795
 1131 0.995758295 -0.659576058 -0.409874737 0.189297110
 1132 -0.506139040 -0.606150568 0.652091503 0.439994127
 1133 7.65736476E-02 -1.50595748 -1.52091074 -0.536136866
 1134 0.783366382 -0.284535736 0.566268861 -0.776310921
 1135 -0.206086665 -0.838086128 0.183121786 0.356404215
 1136 9.69661772E-03 -0.651659548 -0.190162748 -0.527961493
 1137 0.211400792 -0.625791669 -2.10503244 0.326036423
 1138 -0.752238452 0.575567007 -1.64339519 0.440693110
 1139 -0.376507074 0.374966353 -1.00157082 -0.694085121
 1140 -0.106100947 0.716002822 -1.07545257 2.04573441
 1141 -0.189415991 -0.500829041 -0.748913407 0.453833908
 1142 -1.02321041 1.05078924 0.245773926 -0.565499306
 1143 -0.536391377 -0.176348865 -0.397695273 1.69691968
 1144 -0.534666836 -0.110313296 -0.152444288 -2.02512443E-02
 1145 1.21872234 0.254788429 1.01236892 0.610098422
 1146 -0.750582099 0.563933134 0.122402057 0.972069263
 1147 0.941517651 0.742219090 -0.150421783 -1.23284554
 1148 -2.22497034 0.954582155 9.63316336E-02 0.232023284
 1149 1.10028005 -0.436760575 3.71540785E-02 -0.703747928
 1150 -0.761697888 -4.37500887E-02 0.268371105 0.299314141
 1151 -0.142388970 1.05597913 0.487272710 1.89629567
 1152 -0.708694100 0.212689430 -1.66862130 0.655061007
 1153 0.368377090 -1.19642305 -0.968679905 1.81297708
 1154 -0.606087685 0.276092231 -1.27687871 1.34906495
 1155 0.607181370 0.591485262 0.332484305 -0.322367728
 1156 -0.316662014 -0.375956297 -1.79421794 0.546285093
 1157 -0.399233699 -0.139976054 -0.670028865 -0.810237408
 1158 1.42285657 -0.278988630 7.84102827E-02 -2.73544574
 1159 -0.440022945 -0.995611489 -0.726618409 0.667852700
 1160 -0.699879467 -1.08131433 1.43521571 8.13460350E-02
 1161 0.111411862 -0.106923178 -4.50124741E-02 1.79060614
 1162 1.10664892 -2.69745290E-03 0.950055957 -1.15028882
 1163 -1.27382183 -1.36144745 -1.42701721 0.575551748
 1164 -0.753937423 1.30917549 -0.546638012 -1.43091464
 1165 -2.20068645 0.803972542 1.89064026 -2.28005242
 1166 -7.18643665E-02 0.835684955 0.649874866 -0.945361733
 1167 1.59592593 -0.277011544 0.450237960 0.452876866
 1168 -5.90243861E-02 -0.617019653 -0.306867778 0.414696693
 1169 -2.28444052 0.533657014 -1.75598478 0.734416127
 1170 0.227398694 4.77797091E-02 -0.235383153 0.685639501
 1171 -0.112385705 -2.04749084 1.32205796 0.626307487
 1172 0.130503446 0.263418794 -0.781447649 0.541077614
 1173 1.31656802 0.995827794 -0.243322968 -0.651027977
 1174 -0.186186120 1.08701289E-02 -1.77514637 0.530515611
 1175 -1.53240478 0.954640865 -1.18033898 -0.384383172
 1176 -2.72854280 -0.177194655 -0.568270624 0.735139668
 1177 -0.490231276 -1.60882115 -1.23053801 -0.211915255
 1178 -0.398350924 -9.09860805E-02 -0.258671016 -0.607273936
 1179 0.463526130 1.39962292 0.120088577 0.551457942
 1180 -0.278202623 -0.244317919 -0.108792827 0.879454017
 1181 -0.589931488 0.144946307 -0.781076550 0.623686314
 1182 -0.751683593 0.259993553 1.96012330 -0.535132408
 1183 -0.543397307 0.465999722 1.60199666 0.518263817
 1184 0.674757361 -0.244258747 -0.914408267 -0.292295992
 1185 0.692571342 -2.07953668 0.495806307 0.585328639
 1186 0.502426267 -0.907073915 -1.23230696 0.875595987
 1187 -0.736584723 -0.133943990 -0.918986917 -1.87248647
 1188 -0.342405856 0.486944258 -0.208663195 1.41653776
 1189 -1.00331652 -2.30745435 -0.954076409 1.85433424
 1190 -1.23829806 -6.25197589E-02 0.112105429 0.856673896
 1191 -0.564714491 -1.05823791 0.289485872 0.876274347
 1192 -2.05332232 -0.219671175 -0.901097715 -0.104918063
 1193 -2.47457528 -0.362208247 -0.920540690 1.52953672
 1194 0.616959929 0.270489872 -0.349202603 -1.12127531
 1195 -0.157767445 1.42641354 -1.64176691 -0.591936529
 1196 -0.409439951 1.32337511 -1.61295152 1.70134044
 1197 0.485383868 0.341688782 8.47420543E-02 -0.531757236
 1198 0.922754407 -0.768235505 -6.26912266E-02 0.339309037
 1199 0.518987775 0.604946673 -0.613624811 0.975263834
 1200 -1.12392497 -0.262918413 -1.18608117 0.993206143
 1201 -1.61424446 -0.676044166 0.507099867 -0.991480410
 1202 1.34330022 -2.67930770 1.87566185 -1.00459480
 1203 0.221201390 -2.46452093E-02 0.946910977 -0.314177096
 1204 1.10792935 -4.85535599E-02 -0.948429942 -1.76055455
 1205 0.596887589 -2.74640465 0.292403042 0.353232086
 1206 8.62772465E-02 -0.764048576 0.587864816 1.15411067
 1207 -2.04678130 -1.08346522 -6.30203485E-02 1.84811449
 1208 -0.191216275 -0.436171383 -1.15598905 1.07345665
 1209 1.38936830 -0.217203677 -0.827660561 -0.700019300
 1210 -0.943622112 -1.28781879 0.168976918 0.610524237
 1211 0.155795425 0.520391524 -1.55211842 -0.568131447
 1212 -0.741763353 0.429613173 -0.335044682 0.355540842
 1213 -0.355481178 0.328909695 -2.01337170E-02 -0.755931914
 1214 -0.341226697 -0.424970895 0.769148350 -0.492823720
 1215 -0.836563110 0.940708518 1.31879711 0.843210936
 1216 -0.748051524 -0.761612296 0.133109242 0.609868288
 1217 1.93926394E-02 -1.40292001 0.230397806 0.701136053
 1218 -1.73743510 -0.216846675 -0.112743765 -0.812015653
 1219 1.11315596 0.703028083 -0.385520220 -0.681036770
 1220 0.773200750 0.895582557 -1.29366541 -0.288075387
 1221 1.20411086 -0.792221189 -1.06324005 -0.417622864
 1222 1.04246902 1.41783249 0.199154690 0.605671585
 1223 0.620326817 -0.926205158 -0.285132647 -0.294969857
 1224 0.989082754 2.55692452E-02 -0.297401309 0.235841811
 1225 -1.37127876 -0.254504025 -1.30023932 0.414755851
 1226 -0.121931262 -1.56891644E-02 -1.03846073 0.469125509
 1227 -2.35677338 -0.801958382 -0.244516909 1.69546044
 1228 -3.61670554E-02 0.417792320 -0.650826573 0.804590583
 1229 -1.83685768 0.258816957 -0.361343324 -1.59758639
 1230 -0.522175252 -1.60836816 0.404583931 1.45315361
 1231 -0.901031554 2.46061420 0.146736994 1.43612802
 1232 -0.971796989 0.730514765 -9.08639655E-02 1.42015576
 1233 0.730251312 0.746662378 -1.79745257E-03 0.447989315
 1234 0.376656264 0.166857108 0.236543730 -0.493029058
 1235 1.37279522 0.751292586 2.34019256 -0.546157598
 1236 0.423129082 1.26811981 -0.749825358 -2.00270629
 1237 1.59483361 0.435813636 0.550169468 0.619410753
 1238 -0.563642383 1.09171796 0.268803447 1.48909795
 1239 -0.895395875 0.353176862 0.284794688 0.343122095
 1240 0.794571042 0.410883605 2.70158947E-02 -0.995089710
 1241 -1.24871647 -0.392931908 1.51307952 -0.567416847
 1242 1.58972073 -0.267612368 1.80671954 0.835580230
 1243 -0.110908955 -1.03927517 0.429519564 -0.798624992
 1244 0.241642445 0.284388363 0.412798107 1.22721922
 1245 0.387075603 -0.581653297 0.292858809 1.46060419
 1246 -0.249902815 0.995917261 1.40853202 -2.08916092
 1247 -0.477839589 0.333232224 -0.540516734 -1.62286019
 1248 -0.431420147 0.572979152 -1.24093282 0.825842738
 1249 -1.17663264 0.251922429 -7.52644092E-02 0.356739700
 1250 -1.34436512 -1.41563547 0.354669750 -0.866989374
 1251 0.909841180 -0.220806152 -0.920307517 0.622891426
 1252 -0.345108151 -0.484839976 1.03694105 1.00815082
 1253 -6.51038066E-03 -0.319016814 -0.145529509 0.639737904
 1254 -0.115871102 0.194198593 0.484556437 1.62059712
 1255 -1.57852232 -1.96566856 -0.376181334 1.55584264
 1256 -2.89967060 -0.843447447 -0.453112930 0.726827264
 1257 -1.82483399 1.31279194 -1.12381124 0.305112869
 1258 -0.878337741 1.25070357 -1.89653325 -0.469466895
 1259 -0.935516179 0.694550157 -1.43045866 -0.407683760
 1260 -0.659550428 0.811730683 -0.975467622 0.345157564
 1261 -1.10831606 2.24272656 -0.403955251 0.353246808
 1262 -1.44508469 -0.111062199 -0.417159289 -0.433542430
 1263 -5.24690151E-02 1.39245284 2.18729377E-02 0.149453312
 1264 -2.16101599 -0.517385185 -0.886800706 2.04292130
 1265 -1.25507116 0.509472907 -1.41678286 1.30457211
 1266 0.615950942 0.507516205 -0.529672980 -0.766484261
 1267 0.176661849 -3.85641605E-02 -0.550459325 1.60325181
 1268 -0.398170948 1.10768223 0.166112915 0.713008583
 1269 -1.10096264 -0.305282354 1.49892104 -2.39122128
 1270 0.606793284 -0.705332756 -0.555584490 9.49915051E-02
 1271 1.26513946 0.437922806 0.559659719 -0.968428135
 1272 0.944365323 1.52168751 -0.694094837 1.03930068
 1273 -0.260448217 -0.980009913 -0.174286827 -0.641461313
 1274 1.08355236 0.484775960 1.98609459 -0.397499233
 1275 0.290310174 -7.69256726E-02 -0.633813143 -0.657299519
 1276 0.253915787 1.69739938 -0.280678093 -0.833282173
 1277 0.548640549 -0.446809113 -1.13665128 0.977665365
 1278 0.655081987 0.444661528 -2.04561996 1.58976543
 1279 -1.61183858 -4.57303897E-02 -1.77987409 -0.502773702
 1280 -0.871950746 0.481409431 -1.14555490 -0.792325199
 1281 -0.738482177 -0.401510686 -1.71911573 0.873956382
 1282 -0.415117860 -1.11946988 -0.795261145 -1.21615803
 1283 -0.151184857 -0.468530715 0.751705289 -0.386504263
 1284 0.271936804 1.37339160E-02 -1.16456413 0.314804226
 1285 -0.498794615 -2.71636295 -0.136485875 -0.645158589
