 1 -0.136609033 -0.940704525 -0.658544004 8.08020830E-02
 2 0.382414639 0.102549940 -0.422068477 -0.117477253
 3 -0.641533494 -1.08704388 -0.667732716 1.08180809
 4 -0.234981969 1.31884849 -0.580841720 0.579030991
 5 0.270434380 -0.945896864 -0.907121480 -0.418736100
 6 -1.64553189 1.67089307 -1.33925748 0.254383445
 7 -0.740252674 -2.45143151 -0.301628619 0.496243268
 8 -0.792812049 -0.553550839 -0.859759331 0.630927682
 9 0.936762094 4.27935123E-02 -1.29886520 0.207141757
 10 0.550450921 -0.282756627 4.43622842E-02 1.02623427
 11 -0.824310899 1.40840232 1.34501147 -0.570114970
 12 -2.72718072E-02 0.756897211 0.108164266 -0.461491972
 13 0.844184160 -0.321285218 -0.920521379 0.102753758
 14 -0.677499652 1.80884624 -1.21947587 -0.349263877
 15 0.212332368 -1.13043940 -0.727320194 -2.04886055
 16 -2.04278111 0.167926982 -0.245236278 0.139524132
 17 -0.152226493 -1.30809939 -5.31525165E-02 -0.320820540
 18 1.42136323 1.24214101 -0.328745127 2.16318583
 19 -1.66059291 1.69736004 -5.34748882E-02 -0.182469428
 20 0.183713645 0.448929787 -0.922654033 -0.801256776
 21 -0.188126922 1.46581674 -0.418927372 -0.703089237
 22 1.35981178 -0.676490545 -0.462945610 0.264197797
 23 -0.807879925 7.83124417E-02 -0.687046647 0.452254951
 24 0.685154915 0.708577156 -2.41604114 -0.747484088
 25 -0.365536869 -0.355723113 -1.33044648 -0.442561656
 26 -1.00112581 1.03987718 0.380267262 1.17395043
 27 -1.37156522 -0.495424271 0.506828606 -0.530840933
 28 -0.780315697 1.08369362 -0.892389297 0.126859963
 29 -0.375303954 -0.121873245 -1.32290411 -0.115109697
 30 2.09287882 0.818477035 0.165066764 -1.46169662
 31 -0.137821048 0.817603052 0.391274333 -0.230463967
 32 0.646457911 -0.978715658 0.436119676 0.240352362
 33 -1.25452757 -1.63443232 1.53594422 -0.326592773
 34 2.09697294 -2.07489610 -0.628938258 1.17949319
 35 2.94024535E-02 1.93941176 0.118219472 -2.08655334
 36 0.545090199 -0.149356127 -2.33366323 -1.43618977
 37 0.628178000 0.185714871 -2.42370152 -2.18222833
 38 -5.78224733E-02 -1.06458545 -2.26792431 -0.529700339
 39 -1.39295244 -0.842196405 -1.54897583 1.01076579
 40 -0.543456972 -1.66574919 -0.595117271 0.413981050
 41 0.667966306 0.699485898 -1.00823271 0.421471596
 42 -1.17977715 0.300086856 -1.25478208 -0.808862686
 43 0.930681646 -0.261850923 -0.307465166 0.741384923
 44 7.48561993E-02 0.770473719 -0.229822367 -2.12156439
 45 2.85782075 -0.994202971 0.818958461 7.31864870E-02
 46 -1.14601064 -4.44588438E-02 -1.78685713 0.736638010
 47 0.819288254 -0.143656358 0.874735713 0.557032347
 48 -1.30341351 1.52122915 0.745980740 0.766375959
 49 2.69141865 0.534374356 -1.08853340 0.480014682
 50 0.418914735 0.775599539 -3.81886512E-02 -0.320462972
 51 -0.984140694 0.985631645 0.213784277 -0.625526845
 52 -1.19371963 -0.500674725 0.378472090 1.53238225
 53 -0.109081857 -0.333412856 0.769994378 1.80417991
 54 0.184750527 0.742922127 -0.165516689 9.96896625E-02
 55 0.506652713 -1.23400962 -0.239814699 -1.09409857
 56 -0.246815428 0.814568281 -1.21566802E-02 -0.170755610
 57 0.177102774 -0.496387601 -0.500135362 0.316327423
 58 9.14090574E-02 1.37960577 1.03280258 -0.230021015
 59 -0.431791693 -1.01270676 0.222191274 -0.637053013
 60 -0.732476234 1.17495549 0.859714210 0.391107857
 61 0.724016130 -0.414789498 -1.84550655 0.962667763
 62 -0.220037252 -1.42631459 -0.187465221 0.746709347
 63 -0.698200703 -0.221251667 -2.05986118 -0.346434772
 64 -0.965473175 -0.429213345 -1.24639738 -1.54474831
 65 0.214947894 -0.447523773 -1.39512777 -0.529477358
 66 -0.583664477 -0.666036010 -1.60520673 -0.283542067
 67 -0.717640400 -4.80956584E-02 -0.234987780 0.803514659
 68 0.628428578 -0.683312535 -1.14432049 -1.66736841
 69 0.171256289 0.782685935 1.98063934 1.52207661
 70 -1.27976859 -9.78010148E-02 -4.26618606E-02 1.81316507
 71 1.45467794 -1.04991162 0.604525328 -0.337669790
 72 0.422234833 0.343239605 5.68144470E-02 1.15917027
 73 1.50026941 -1.39207041 -1.52316523 1.77727902
 74 -1.79182971 -6.43080845E-02 -2.37462068 -0.512618780
 75 -0.964859009 0.455803841 -0.174954221 1.75296605
 76 0.602951169 -1.35654068 -1.01210022 0.170715868
 77 0.225257099 2.07032347 0.142350316 -1.46583247
 78 -1.50242746E-02 0.215114310 -9.94155705E-02 -0.885868549
 79 -1.19772589 0.144181162 0.958342195 5.07199243E-02
 80 0.338154703 0.149655163 -0.747577608 -0.133543551
 81 -0.113381542 -0.604653776 -0.247398019 0.666615903
 82 2.03871870 3.05134845 1.16836250 0.660955966
 83 1.72306573 -0.586977839 0.807386696 0.222704291
 84 -1.53943062 2.91466117E-02 -3.25284973E-02 -0.494739532
 85 0.415639609 -2.07142663 0.337819248 1.89127445
 86 0.679509878 -1.38681197 -1.51908851 0.393529296
 87 0.915885687 0.684105515 -0.453288019 -0.103626788
 88 0.540980041 -1.00067377 -1.45064259 -0.405751556
 89 -0.233702958 -0.497526407 -0.870502591 1.78174496
 90 -0.533865333 0.967716217 0.932567894 -7.14543462E-02
 91 -1.95295930 6.14872202E-02 -9.80274081E-02 1.55987906
 92 -0.646809697 0.105484441 0.342644185 -0.671104312
 93 1.43488514 1.56229150 -0.584850907 0.633572161
 94 0.854100823 -1.03912687 0.539264262 0.444015920
 95 1.33017719 -1.84317279 -2.15010595 -0.421001762
 96 -0.300942957 -0.225936159 1.09285629 0.743278265
 97 -0.703079402 0.466490984 -0.292225957 0.891409099
 98 0.265658498 -1.08787227 -0.238011301 1.09848070
 99 1.08553183 -1.23001003 0.965948462 -0.456714809
 100 -1.51673150 -0.101050094 -0.896152616 0.816426754
 101 1.13312602 4.57485989E-02 -0.556805313 -0.384456277
 102 1.25061655 -0.152554706 -0.129064098 -0.263865739
 103 8.11772421E-02 -0.885060251 -0.569308400 0.489216447
 104 2.07057953 1.62828147 0.477266699 -0.764781475
 105 -0.456779122 0.428358495 -0.460722446 0.853449285
 106 0.598960876 -1.14815331 -0.665213883 -0.263291359
 107 -0.915943205 2.39607477 0.502008975 0.231074691
 108 -0.533947706 -0.318075716 0.169468433 -0.228804737
 109 0.613960922 2.17106438 0.141359717 -0.909227669
 110 -7.87102580E-02 -0.554872215 -2.19587994 1.22445357
 111 -0.498309284 -0.388676643 0.398767054 1.18508804
 112 -0.826364815 1.60507870 -0.631416380 0.631971598
 113 -0.243695468 2.09523153 -0.831042171 -1.47320271
 114 -1.72347295 0.928810239 3.90314646E-02 0.475530922
 115 -0.812769532 -0.478394121 -1.50516152 -1.65249479
 116 -0.272099555 -0.939374626 -0.883411348 0.963196635
 117 -0.311297625 -1.56861007 -0.989641726 1.31249762
 118 -1.11203837 -0.440514624 -0.249388188 1.10510039
 119 0.559653521 -1.67017829 -0.801777303 0.783182263
 120 -0.475637764 0.416402996 0.182166696 0.791902781
 121 1.02258182 2.73634046E-02 -1.37766337 0.717881918
 122 -2.05586648 1.46830344 -0.270554066 1.31627774
 123 -1.50183904 0.741913915 -0.756632507 0.899975598
 124 -3.65603566E-02 -0.498908579 0.239367872 0.294039458
 125 -1.02365887 9.13021713E-03 -1.04823875 -0.181875676
 126 -0.123838753 0.987009406 -1.10148478 0.347763717
 127 -0.100344837 -0.302984953 -1.81756336E-02 1.97666979
 128 0.388024092 0.911697447 1.23608184 -5.82554042E-02
 129 -0.518822074 1.12863314 -1.00662625 0.659256935
 130 -1.47248793 -0.742354155 -0.869820535 1.24724364
 131 -0.225428432 0.576088667 2.15696990E-02 0.391171575
 132 -1.08989704 4.88324761E-02 0.792848945 0.738080382
 133 -0.138916343 -1.05592608 -0.695757389 -1.11415458
 134 -1.49643695 0.184072077 -0.872468531 0.745347083
 135 -0.337733120 -0.534474194 0.404050082 -0.452081621
 136 1.38090801 1.72550833 0.241399497 0.622013986
 137 0.903522491 0.431925237 -0.410932422 2.15157700
 138 0.552287400 -2.62810290E-03 -1.55956304 0.450958967
 139 -0.579766095 0.771108747 -0.996526182 -1.51064181
 140 -0.559624374 1.22473764 0.657729149 0.338921964
 141 -0.232766241 0.627005577 -0.796449721 1.77704298
 142 5.11479825E-02 0.976363063 -1.84744990 2.53644300
 143 0.719280958 0.572535872 -2.03947639 -2.03455853
 144 -1.26225722 -1.62640834 -1.66671062 -1.42293167
 145 -0.589339197 1.18738961 0.331469178 1.51002288
 146 -2.03499842 1.28537023 0.455795437 -4.83873487E-03
 147 -0.698441505 2.17377618E-02 -1.04490972 -0.799646199
 148 -0.588209391 -1.06078458 -1.99920046 0.589720845
 149 1.05921662 -0.296817094 -1.38569975 1.05197024
 150 -1.07527733 -0.569448829 -1.09746623 -1.38744807
 151 -0.151240572 0.211963773 -0.736546397 0.649839401
 152 -0.353399992 -0.909347951 1.11192524 1.36580420
 153 -1.03057778 -0.282540411 -0.400696367 -0.881832600
 154 -0.582748413 -0.239220172 -1.34343684 0.896516204
 155 -0.868395329 0.674847722 -1.30987179 0.115336090
 156 0.248400211 2.07048702 0.235901147 0.598894119
 157 0.827060759 2.24563980 -0.561486244 0.884416819
 158 0.351306140 1.36794293 -0.847483158 1.00691020
 159 0.451073378 0.158170164 -1.28254163 -0.428976476
 160 0.274137735 -0.986008823 -0.699434638 -0.584331453
 161 0.883196652 -1.68330407 -1.02797890 -0.354949623
 162 1.40671062 5.26448116E-02 -8.93156156E-02 0.597331464
 163 0.834394336 1.53484428 1.12422779E-02 1.30685186
 164 -1.33993268 0.991273999 -0.874277592 3.42006087E-02
 165 0.809548140 1.38882172 1.26543367 -0.257643312
 166 -0.809502363 -0.134033620 -1.69492269 1.02763641
 167 -0.906522453 -1.54205632 -0.302668601 0.406361520
 168 -0.573821485 -0.387074649 -0.104540296 1.31065702
 169 -0.597007096 -0.252921760 -1.29482865 -2.26335859
 170 0.755621433 -1.29241419 -2.42042899 0.545444191
 171 0.846731305 -0.712686181 -2.10836124 0.646447301
 172 -0.381884336 0.289055288 -1.39585638 1.30443513
 173 0.559278965 -0.751810133 -1.40202081 -0.694965839
 174 0.231461778 0.929057300 0.540549874 -0.231462926
 175 -1.70329678 -1.58915961 -0.916135609 -2.18205786
 176 0.587830186 -0.725034416 -0.389417708 1.45332527
 177 5.03943264E-02 1.09907722 -0.856690109 0.937211394
 178 -0.292723179 -1.75725615 -0.521860301 -0.342618465
 179 -0.813979387 -0.725727141 -6.27308637E-02 0.527593136
 180 -1.39730477 0.674448252 -1.22541261 0.191384703
 181 1.03732789 -0.437176883 0.167472720 0.560014009
 182 0.251223356 1.50668597 0.475983381 -0.869739771
 183 1.69266438 0.392336607 -0.913593054 1.03035522
 184 -0.143855318 0.269960254 -0.967613399 -0.386751086
 185 -1.84136546 1.95605004 0.318463683 0.413209617
 186 -1.76338351 0.264062762 -0.192500234 -0.223505020
 187 -0.618655145 0.686444938 1.17310154 -0.224810392
 188 -0.956338882 -0.256206095 -1.45867050 -3.20061445
 189 -1.61666501 -0.489810377 0.261268914 -3.87917012E-02
 190 -1.07753325 -1.40011394 -1.35775983 -2.43845892
 191 -1.34009266 0.406542569 -1.23891294 -1.79934561
 192 -2.13277555 -1.47841907 -0.291176677 -0.600849509
 193 -0.659872174 0.557746589 0.585079134 -1.80162811
 194 -0.929054976 -0.968170047 -0.377659589 0.547972143
 195 -1.38646686 -0.190475047 -0.697027445 0.212337255
 196 0.855327606 1.55393434 -0.151744440 0.973967910
 197 5.65877818E-02 5.04158139E-02 -0.129069090 -0.937321782
 198 0.595455408 -7.58011639E-02 0.421533823 -1.07677138
 199 0.273805469 0.598717749 -0.203418553 -0.551449716
 200 -0.745729029 0.812722921 -0.875405192 1.42004967
 201 -0.425090849 0.150599122 -0.885913491 1.12280190
 202 -1.98745942 -0.467565447 -0.675187588 0.459283173
 203 0.822637081 -0.402677864 -0.734394610 -0.124987662
 204 -1.24567068 0.296151668 0.775397062 0.714084089
 205 -0.220779032 -1.69248916E-02 -1.38953185 1.28754473
 206 -0.557654679 -0.618869662 -0.166685343 0.941008627
 207 -0.569308400 -1.42022634 -0.554317832 1.86589456
 208 -0.990595996 0.790206552 -6.54997081E-02 1.81808519
 209 -2.00107193 -1.31792247 -0.481059134 4.97703925E-02
 210 -2.05819130 -0.518961728 0.804026008 1.69488227
 211 -1.63495874 0.494450063 0.757394254 1.36809945E-02
 212 -0.292392790 -0.589659691 -1.18742895 0.573702335
 213 -0.566041052 -1.69273055 -1.92849839 1.52797079
 214 0.290718913 -0.228755534 0.287283659 -1.20353794
 215 -1.96822786 2.01374841 -1.21623409 0.856751382
 216 0.178535908 1.17695546 0.459043682 -0.457536966
 217 -1.43792403 -4.68535088E-02 -1.67895257 2.17616558E-04
 218 -0.543378353 -0.473411262 -0.996682465 0.185321242
 219 4.95208800E-03 -0.468038738 -0.277979285 0.736588120
 220 -1.56728566 0.611052334 0.807899952 -1.73832655
 221 -0.655601621 0.993233383 -6.58200160E-02 -0.215853095
 222 -1.03891575 -0.932636857 0.446479499 -2.04477406
 223 0.616875708 0.590382814 -0.445383400 0.179489225
 224 0.718424737 0.956918299 -1.56054747 -0.643647850
 225 0.466601104 0.869902015 0.820670247 0.312438071
 226 0.461076289 0.211101383 -0.351101398 0.898755074
 227 -0.310939014 -0.367130965 -2.05797553 0.287963390
 228 0.137930959 0.229525611 0.572956681 -0.187731355
 229 -1.00109136 -0.917563856 2.82796621E-02 1.83659983
 230 -8.09241161E-02 2.33195639 -0.176665097 9.91024822E-02
 231 -0.256935835 -0.217287540 -1.69715953 1.29446387
 232 0.325933635 -0.725957751 -0.907884121 -1.82841170
 233 -0.190218166 0.182255983 0.379848868 1.54259014
 234 -0.117536753 0.802616835 -0.815184414 -0.264644295
 235 0.908517957 -3.30881588E-02 0.811176658 0.625065148
 236 0.296823353 3.23450565E-03 -6.39578104E-02 0.822435498
 237 -0.783991754 -0.889791071 -0.388083130 -0.280809283
 238 -1.64227152 -0.221038014 -8.31905678E-02 0.144844413
 239 -0.284367889 -0.131782725 -1.57662606 0.878280878
 240 2.58693171 1.40490770 -2.13358974 0.670228720
 241 -1.46265054 -1.96575844 -0.351650059 -0.703388155
 242 0.919245958 5.53715080E-02 0.326338857 2.65656337E-02
 243 1.63692906E-02 -1.57184637 0.160827607 0.206970155
 244 2.41240454 -2.34839581E-02 -0.356662333 9.81011987E-02
 245 -0.906786561 -0.897377789 1.64846969 -0.301736087
 246 0.596601188 0.866428137 1.86032808 0.796400428
 247 -1.22905672 2.05825067 0.908684731 0.147916615
 248 -2.73563340E-02 -1.57600987 -0.535809636 -0.923923850
 249 1.69045162 -1.04420745 -2.31480837 -0.250074804
 250 1.22555780 1.11234188 -6.56467825E-02 0.510037899
 251 -0.931497216 0.669175804 1.86506772 -0.709214687
 252 -1.14018083 1.52313972 -0.506895721 0.857376695
 253 1.35563219 -0.675669253 -1.33834612 -0.596082270
 254 -2.31892991 -1.39750743 -1.06001711 0.481392264
 255 0.770563006 -9.60116461E-03 -1.06248391 0.846802294
 256 -1.13059998 0.624719381 -1.16587996 -1.49187005
 257 0.428879857 2.49676037 -0.802193284 1.96592510E-02
 258 1.39664888 0.806752324 0.664264321 0.714384258
 259 0.816322386 1.38973546 0.712050676 -1.07541156
 260 -0.613975227 0.248239264 -1.75859070 8.77110660E-02
 261 0.444445014 2.34528184 -0.298218191 -1.60729039
 262 -0.149453104 -0.441613019 -0.745448887 0.642942429
 263 1.34856474 0.909035861 -0.509953260 -0.267265767
 264 7.66853318E-02 0.326393962 -0.943195939 0.552560329
 265 -0.376893044 -1.79745257 -0.153436363 -0.240447298
 266 -0.295012027 -6.36571050E-02 -1.33806717 -2.15337992
 267 -0.887841761 0.335729510 -0.845376730 -0.453715116
 268 0.840292692 -7.12465346E-02 -1.33870530 -1.94052553
 269 0.818984389 1.23615468 -0.864199638 0.539768457
 270 -0.792568028 -0.812009335 -0.928237796 -1.48547208
 271 0.770791769 2.49175001E-02 -0.919097543 -0.804504097
 272 0.529055893 1.37174547 -1.37432790 -1.59706330
 273 0.515343964 0.570542991 -6.42098784E-02 0.151697829
 274 0.413753390 -0.924489737 -0.365351319 0.399796456
 275 0.208365172 1.42651880 0.322663486 0.828325629
 276 1.79073310 -1.35292530 -7.05865026E-02 0.188471973
 277 -1.41779864 1.81879878 0.470944166 -0.619951487
 278 -0.184214830 -9.52336192E-03 -0.824843109 -1.10240817
 279 -0.482938170 -0.184546202 -0.610978127 -0.230457574
 280 1.42110229 -0.193588525 -0.985058188 -1.22221160
 281 -0.716611922 -0.302199364 -0.818082213 -0.605965674
 282 1.36372054 -2.00201011 -0.652251065 -0.331260145
 283 -0.562959790 -0.620308876 -1.07173419 -1.88938797
 284 -0.456986606 -0.242218569 -0.565111041 0.951327920
 285 -0.518788099 -0.933442712 0.267989457 0.601092815
 286 0.250783324 1.94449079 0.382389545 -1.31341732
 287 -2.09013414 0.332187772 -1.88839412 0.105864108
 288 -9.50857922E-02 -1.13104033 -1.68788779 1.39450252
 289 -0.499823302 -1.74968481 -0.623695076 -0.360331625
 290 -1.14341867 1.24131966 -0.345952392 -3.03679585
 291 -0.870884657 -0.512090027 -2.38628292 0.925356507
 292 1.54801881 -1.04744518 0.467087805 0.842551589
 293 0.568717360 -1.64483488 3.22081372E-02 -0.314438671
 294 1.10656238 0.925753951 -1.99989879 -0.191464305
 295 -1.22258544 -0.783172667 0.504329085 0.568936288
 296 0.209754124 3.09728479 -0.121838033 -0.642632961
 297 0.242958292 0.734227419 -0.557149112 0.165007114
 298 -1.20105195 1.71969384E-02 -0.469039768 0.433396935
 299 -1.28456461 -8.79061893E-02 -0.795696974 0.729274154
 300 -1.51631033 1.20601904 -2.20353460 -0.195519775
 301 -0.397727668 2.12975430 0.545046389 -0.618091226
 302 0.759651124 0.656500697 -0.322594166 0.635199249
 303 0.964662910 0.712404311 0.632586122 0.182475865
 304 -0.971521854 0.441218555 -2.03078985E-02 -0.361524701
 305 0.133362368 -0.246360749 -0.467255861 -0.639251471
 306 -0.543263495 -3.96243483E-02 -0.693451703 -1.39181137
 307 2.24699903 -0.958064675 0.968568742 -8.60173851E-02
 308 -0.498263478 2.28212762 -0.168978706 -0.219993562
 309 -0.717692316 -0.914262176 -1.53765106 0.705951631
 310 0.937255383 1.59215808 0.176389635 -1.27883697
 311 0.264323831 -0.924670279 -0.411201924 -0.735264122
 312 -0.100695595 -0.102992296 -0.479655027 -2.23958158
 313 -1.61622405 0.286442876 -1.89964819 -2.06279564
 314 -0.459980488 -1.14335799 0.418921471 -2.24258447
 315 0.201574579 -0.984642327 -0.304593027 -0.900067210
 316 -1.28692245 -0.211083293 -1.39382613 5.67794368E-02
 317 1.42012572 2.78311753 0.447580874 -1.83339286
 318 -0.295173705 1.72187662 -0.884628057 -1.94387519
 319 -0.797495723 0.555897892 1.99794459 1.04853117
 320 -1.18178284 -0.702847123 -1.95348620 -0.212625742
 321 -1.02451634 -3.14387083E-02 1.31014907 0.868279278
 322 -0.107426777 1.07456064 -1.27905595 -0.757626832
 323 -0.102417491 0.465894103 -1.11768365 -1.85573006
 324 -0.767697453 -0.390832722 -1.34433973 -1.60883629
 325 0.140213564 0.241393715 0.808981955 -0.146782055
 326 -0.128312007 1.02301574 0.287267387 -3.16423702
 327 0.653931558 0.636869192 -0.929488540 -0.601828277
 328 1.18085122 1.26064265 -0.821659446 -1.02478719
 329 0.643747985 0.982494831 0.283593774 -1.66520345
 330 -0.321571201 -0.813215435 -0.251328886 0.275581837
 331 1.95488858 1.03455210 0.748648405 -1.72023714
 332 1.66585398 0.912495494 0.616569102 1.40179098
 333 9.72647294E-02 -1.73547304 -0.630759478 2.75383741E-02
 334 1.66247058 -0.979580641 -0.527740300 -1.00714993
 335 -1.13951993 -1.16614425 0.602086902 -1.53574240
 336 -0.707284212 0.131328970 -0.833188355 -1.61212564
 337 -1.00038326 1.59902370 -0.609474480 7.83588886E-02
 338 1.08494103 1.87203586E-02 0.985721827 -0.652142525
 339 0.273081422 -0.401852190 -2.37374663 0.676194549
 340 0.216458827 0.608841777 1.01752365 -0.417106539
 341 0.366607010 0.951234877 0.964244187 1.65561330
 342 0.347149789 -0.426656038 -0.618487597 -0.566896915
 343 -0.324848533 -0.531943500 7.93778375E-02 -0.924422324
 344 -0.557729959 -0.480482340 0.623424292 0.321165323
 345 -1.60179615 -0.150660217 -2.28675795 0.860069096
 346 -1.33676696 -1.12364292 1.71339500 0.782772183
 347 -0.445216238 0.358023435 -0.325121224 0.579343259
 348 1.13092685 -1.61173904 3.62274311E-02 -9.07944590E-02
 349 0.184215158 1.14268541 1.45433474 -0.290291250
 350 -0.411509365 1.09745669 0.601412237 1.85372436
 351 -0.428089619 -1.11070299 -1.14065313 -0.469495893
 352 -0.223721981 -7.53972530E-02 2.53428411 0.497620374
 353 -0.424957216 -1.26287818 0.599182963 0.749689639
 354 -0.370628297 1.05843043 0.928815305 0.888774991
 355 -0.240435645 -0.990456462 -1.54151750 -4.11200970E-02
 356 -1.90923095 -0.641205132 1.09097195 0.657388628
 357 -0.385192543 -1.30864829E-02 -0.634661257 1.62990284
 358 -0.647776484 -2.43162489 -0.818053484 -0.527808070
 359 -0.529978693 0.261645913 1.66648996 0.642381191
 360 -0.668789268 0.751536608 -2.90195048E-02 -0.505805850
 361 -0.342890710 -0.700224757 1.43981457 0.796014786
 362 0.495701849 0.591028273 -1.50851524 -1.81789637
 363 0.253179312 0.296239346 -1.17738235 -1.31182706
 364 -0.693169057 -0.331232667 -1.61047173 -1.75182772
 365 -2.73995686 0.932475865 1.55768180 0.417955399
 366 0.391201407 -0.163857833 -1.66436648 0.740796566
 367 -1.24783731 -0.800146461 1.17794132 1.35437846E-02
 368 0.429983079 0.614139080 2.37947249 -0.778722882
 369 -1.80654669 0.501281023 -1.03292286 -1.06250119
 370 0.578577995 1.42971158 0.869301140 1.36271298
 371 -6.99176192E-02 -0.354182363 1.61014938 0.402021140
 372 -5.18336445E-02 1.19545400 -7.04512000E-02 0.351355165
 373 -0.673766196 -1.88584566 6.19474053E-02 -0.283765078
 374 9.75189283E-02 0.173463881 0.672847748 0.394916028
 375 2.15720487 -0.778473973 -9.69291329E-02 0.849901915
 376 -1.05777109 -0.425941974 -0.109954655 -0.637710214
 377 -1.72257209 -0.175528318 -1.38561857 -0.248570472
 378 -0.664909840 -0.777333260 1.30339730 1.09775066
 379 -0.154342964 0.159729049 -1.72945035 0.796284556
 380 -0.125499696 0.619007528 -1.70942819 -0.246166229
 381 -1.05220628 1.01325035 -0.445824981 0.734361768
 382 -8.87297243E-02 0.872720480 0.866464853 -1.84534693
 383 -1.71689808 0.730319977 -1.94360465E-02 0.182577342
 384 0.126913577 -0.678513885 -1.70147121 0.905027092
 385 -0.239564091 0.613094211 0.868295312 0.966541827
 386 0.922182560 0.467504054 0.450239837 -0.178586468
 387 -0.199643895 0.702326238 1.26373124 -1.72778606
 388 2.69145703 0.449349672 0.306398749 0.260038704
 389 0.737579167 0.967679381 6.57849386E-02 -0.154619947
 390 1.54117954 -1.04083443 -0.136407986 -0.606579721
 391 1.74812865 0.193042502 -0.848061204 -0.433108300
 392 0.273443103 0.135812104 2.01197076 -0.542497873
 393 1.38690877 0.324833244 -0.884015799 -1.87713885
 394 0.158572048 -0.338541657 -0.192386657 2.00626349
 395 0.290003479 -0.436702877 1.33376658 1.11298537
 396 0.447526067 0.725550771 1.91320157 1.68507576
 397 -8.90981406E-02 1.55384350 1.35440600 -0.469524890
 398 1.22377062 -0.263738275 3.11071277 2.02438569
 399 -0.988442004 0.247832775 -0.146591395 -0.628014803
 400 -1.88618708 0.244426787 -3.20018828E-02 -0.498349309
 401 0.976037264 -0.100944966 -1.24912286 1.12579727
 402 -0.698755264 -1.31914306 1.28460407 -0.599992275
 403 -0.474867821 0.950160444 0.590693116 0.801571012
 404 -0.123742990 0.120609105 -0.880104244 0.905648470
 405 -0.186968863 1.01621425 -0.808487236 0.910984695
 406 -4.70040512 -1.02315807 -0.493015617 -1.95409477
 407 -0.310784459 -0.396828294 -0.983900309 0.550115108
 408 1.27708411 -0.752095819 1.45756161 0.115558386
 409 -0.191036865 -0.978229463 -2.01982951 0.453532130
 410 -0.232172832 1.39137745 -0.248639524 0.900255919
 411 1.08426464 0.499323159 1.40192497 -0.662224889
 412 0.227848649 -1.40585101 0.339024693 -1.73529363
 413 -1.53717160 1.19954443 1.15948129 -1.42852342
 414 0.372232944 -0.168262541 -1.47199440 -1.68104970
 415 0.848050356 -9.52512026E-03 1.55398154 -0.350827903
 416 0.635087371 0.637482405 -1.09594750 -0.738667130
 417 -0.402710706 0.371392399 6.59720600E-02 -0.190137833
 418 1.06416130 -0.407853901 -1.19264877 -0.486510396
 419 1.05304122E-02 1.13582861 -1.62018335 0.468577802
 420 -1.46829605 0.370599627 1.81296873 -1.16795349
 421 -1.23682010 -1.25146139 0.815599501 -1.65824282
 422 -0.297233969 0.565523148 1.03672504 0.705709457
 423 1.08647919 0.138260216 -1.36273658 -5.78666180E-02
 424 0.682320714 -0.118043080 -0.939159274 8.20782185E-02
 425 -0.391241789 8.79389644E-02 -0.644120157 -2.18629670
 426 -1.85511243 -0.437989056 1.80543840 0.290861905
 427 2.00277042 -0.979125798 2.27045035 0.709762275
 428 -0.759441733 2.36017227 -0.517003477 -0.567728341
 429 0.527413011 -1.04178834 -0.554163218 -8.53267461E-02
 430 2.38628983E-02 0.252818435 -0.394623131 9.61677730E-02
 431 0.736867785 -0.529923916 -2.00949621 -0.573443294
 432 -1.54224110 -1.06968391 5.57789281E-02 -1.80529714
 433 0.171588406 -0.864405930 -1.81464590E-02 5.94498254E-02
 434 0.757048607 0.851592183 2.47787738 -0.324460059
 435 -0.336657971 0.488188446 0.167357951 0.513688266
 436 0.394466817 -0.430274338 1.02582347 0.357674867
 437 0.377315640 0.291047096 0.483268201 0.863586664
 438 0.137976244 1.25592601 5.16977459E-02 0.434447467
 439 1.09638166 -0.811927497 -0.454799920 -1.64531171
 440 0.554379523 -0.531774521 -0.705318689 -0.768854797
 441 0.262552172 -0.905634999 -0.423260212 1.04543531
 442 1.35401869 0.146034062 0.718249261 0.794501424
 443 1.91315675 -6.25286847E-02 0.411081225 0.906904519
 444 0.706554234 0.780850291 -0.195246547 -6.97174072E-02
 445 2.07467675 0.609619260 0.624905229 0.817919731
 446 -0.107713938 -0.280861109 -0.892048120 -0.329478681
 447 1.05182958 0.541571081 1.04146552 0.434349000
 448 0.244255245 -0.410610676 -0.402658731 -0.244265050
 449 -0.841741800 -0.796565175 -2.00369763 2.14710331
 450 -0.220490888 -0.766596079 -1.50824690 0.691409051
 451 0.199162066 1.43835115 -0.574259639 -0.393439114
 452 0.384560943 0.468237936 2.02993441 -0.464541882
 453 -0.318560183 -0.735320628 -1.29489028 0.429435432
 454 -0.258798659 -1.46458852 -1.79661894 1.15210903
 455 1.15780294 -0.719264686 -0.953644395 2.23306012
 456 1.83989954 -0.398817986 -1.25265622 6.70424104E-03
 457 0.745510578 0.600664735 -1.06347096 -0.331321031
 458 0.857835412 -0.805452585 0.828936219 0.744330823
 459 -0.808727622 4.87363636E-02 0.219963267 0.845835865
 460 -5.15175350E-02 -6.58008177E-03 -1.60916245 -1.82094538
 461 0.632528067 -0.178206027 -0.647698045 1.43574405
 462 -0.238500342 0.959712565 -0.777397692 0.200449616
 463 1.05495489 -4.33859229E-02 -1.22539222 -1.64552844
 464 0.725994587 -1.21840155 -1.46777999 -0.149145782
 465 1.22146380 -0.689178586 -2.20840406 1.33074307
 466 -0.933719039 -0.494713247 -0.867362142 -0.194951162
 467 0.543512404 -0.642641544 -0.177906454 -0.898819566
 468 0.366906017 -0.500704646 -0.676196039 -1.62664092
 469 1.70108759 0.957718968 -1.40438986 -1.29767656E-02
 470 0.665965497 -0.631984055 0.183382675 -0.355594337
 471 0.158532634 0.887484372 0.986738265 -0.170780033
 472 -1.96214426 0.134175599 1.34646964 0.518819571
 473 5.06746769E-03 -0.804527998 -0.677077889 0.653971672
 474 0.340853691 2.01040983 -1.09736979 -0.530603290
 475 0.589374125 0.577691972 -0.850450754 0.747243702
 476 0.606389999 1.24125040 0.127687886 -0.280865461
 477 0.601383150 -1.13221335 -0.494226992 -0.277682424
 478 -2.09753370 -0.197841972 0.882089794 -0.157509968
 479 0.441007257 0.275141805 1.01950455 0.320479363
 480 1.98830891 -0.914059818 -0.348166406 7.40517974E-02
 481 -0.790148199 0.247430369 -0.277040094 -0.812679172
 482 -0.612709939 -0.173024371 0.140543461 -0.548103571
 483 -0.883117378 0.524618566 -0.199128807 -0.760201812
 484 1.23223543 -0.191529453 1.26337564 -0.209992349
 485 -4.52218354E-02 -0.158474386 0.685862899 0.706431389
 486 -1.20009315 1.53707922 -1.09496355 0.939980328
 487 0.683794260 -1.08376431 0.367057949 -0.297332168
 488 -1.19395125 0.239451244 6.73881769E-02 0.647303224
 489 0.717295527 -1.74638867 -1.28634179 -5.65227121E-02
 490 -0.541608095 4.38897312E-03 0.339724362 0.728016138
 491 0.361126065 -0.169750541 0.809775829 0.922784567
 492 5.44361100E-02 1.51216638 0.668510437 -0.110827029
 493 0.293257475 -0.589451969 0.852468848 0.700999975
 494 0.255416602 1.02095222 0.921339989 0.802255392
 495 0.152391359 1.91102505 1.76392436 0.865862608
 496 -0.173007742 0.477724403 0.390054882 -0.100751460
 497 -1.87889528 0.125386477 1.72079766 -1.33278096
 498 0.721861124 0.527563214 0.876131713 -1.00860894
 499 -0.234865457 -0.204672500 0.675291657 0.577732742
 500 1.44406986 1.27983391 0.856149256 0.586182535
 501 0.644277394 0.236788824 -0.813648105 -0.310622513
 502 0.402372003 1.24584854 0.622371316 -0.421257168
 503 -1.32111859 0.884522319 1.22053480 0.993026018
 504 -0.246124715 1.62482393 -1.23796296 -0.275820762
 505 1.02531815 -9.73231494E-02 0.282583326 -0.644612193
 506 1.48810673 1.03912532 -0.207158983 -0.289820552
 507 0.656103134 0.364296049 0.753620863 -0.264545411
 508 0.464597344 -0.706086159 -1.65613151 -0.270089805
 509 -0.287401915 1.21484327 0.415752828 -8.58335793E-02
 510 -1.47705472 -0.328379631 0.735173643 0.731998086
 511 8.33014399E-03 0.604139626 -0.153534830 -2.98593426
 512 -1.03638554 -4.17146087E-02 -2.16745615 1.44767284
 513 0.420414686 -0.253588736 -0.406581819 -0.397918195
 514 -1.33194458 -1.16911829 -0.712713480 0.942577362
 515 0.815505981 -1.25509024 -0.742316604 1.37969398
 516 -4.92188856E-02 5.03367186E-02 -0.932938814 -0.282073200
 517 0.821081161 -0.873548031 -1.39513361 0.587159276
 518 -2.85243750 0.415362120 -1.67262077 -1.21054244
 519 2.04677010 -0.295706034 -5.73443174E-02 0.411038697
 520 0.112410903 0.883836627 -1.95121622 -1.03022480
 521 -6.24623001E-02 -1.28635097 -0.291763693 1.74038279
 522 -0.326140106 0.967218757 -0.694919765 -0.843045712
 523 5.34617305E-02 -2.17513514 -0.535998464 -0.131665707
 524 0.857239366 0.609227955 0.524169743 0.172036991
 525 -0.697489858 -1.17121601 -0.758678436 0.641171932
 526 2.68854737 1.14671016 0.631464362 0.635496378
 527 0.443734944 -0.533603668 0.317327976 -0.484534681
 528 -1.09313202 -0.938562036 0.132684335 -0.391118914
 529 1.48964322 0.979818821 0.324600846 -0.435003161
 530 -0.626375496 1.97099662 1.83296978 0.744222641
 531 2.78645372 -1.38084030 0.821766615 1.64646566
 532 1.63802433 0.970489144 -2.86211276 -0.226079166
 533 -0.284562320 0.283679605 0.524932742 -8.09282064E-04
 534 4.94430661E-02 -0.538887203 1.16287076 0.869171619
 535 -0.360229582 1.34778500 -0.217682242 1.69358099
 536 1.93343890 0.951459587 0.501666963 -0.391334951
 537 1.24488664 0.285961807 -0.891158223 0.174842000
 538 0.757582128 -0.353088170 -0.454198390 1.34298432
 539 -0.491658002 2.79691386 2.32715511 -0.635592103
 540 -3.09522104 1.64280355 0.186505526 1.49466968
 541 -0.878126979 0.339149445 1.39228547 -1.74606729
 542 -0.174685732 -0.102834210 -0.189616069 3.50375175E-02
 543 0.881897092 -1.04454899 -1.17501569 1.66899741
 544 -1.12626588 0.948908508 0.134285420 7.37594366E-02
 545 -1.55912781 -0.932962894 0.225487620 0.520599127
 546 7.14952946E-02 0.575438321 -0.264180601 -1.72169971
 547 -1.04017925 0.257662952 -0.558594823 0.940211236
 548 2.72651052 6.86870813E-02 0.163790762 -0.250534236
 549 -1.83457518 0.306343406 0.151072323 -0.219630837
 550 1.13783884 -0.946659684 0.513815582 0.948072910
 551 0.456380665 -0.333808780 1.07223535 3.12592089E-02
 552 -1.38768935 -0.286914587 -4.35045660E-02 0.305831850
 553 -0.145647913 1.92014229 0.319696784 -0.397118688
 554 -0.175581202 1.81989574 1.51090753 -5.98207712E-02
 555 1.65040803 -0.297158748 0.984220624 -4.03320193E-02
 556 -0.166102409 1.00573266 0.102569789 0.480527163
 557 0.489610046 -0.293965578 0.632417917 8.00340176E-02
 558 0.253764987 -0.778410971 -0.546002567 -0.104201436
 559 1.02322304 0.932923794 1.32375073 -2.06578374E-02
 560 -2.76011419 -1.19493949 0.973742545 1.02049363
 561 -0.937263727 0.155245095 -2.10832071 -0.668180525
 562 0.247003138 -1.70005846 -0.739630580 -1.56892633
 563 0.406876683 -1.64981008 0.893080592 0.615810513
 564 0.400400251 0.824717879 0.354684591 -0.604729354
 565 -1.43865573 -0.146876112 0.989548326 -1.69312286
 566 1.88384569 1.00806963 -1.79639220 -0.187876195
 567 -0.900367320 -2.15791726 -0.208837807 4.73760217E-02
 568 2.16240096 -0.246106520 -0.575876653 0.763501346
 569 9.38408822E-03 6.86402544E-02 0.419856519 -0.294394106
 570 -0.629293084 -0.958578110 0.667045712 -0.109162986
 571 1.89781654 0.231387138 -0.217496008 -2.26562881
 572 -1.57188106 -0.173378155 0.453251719 1.07094646
 573 -0.495386064 0.269590080 -1.33414054 -0.334958315
 574 0.179234117 0.798750162 0.446927518 0.441905558
 575 -1.81470883 1.35065377 1.67552245 -1.28138268
 576 4.24076617E-02 -1.30172837 -1.42490971 -0.456289053
 577 6.91168904E-02 1.17240465 0.814991295 0.266736060
 578 1.66034913 -0.227194428 -1.07061005 0.338369995
 579 7.16919154E-02 -0.773492813 -0.516969264 -0.326189190
 580 -1.69926846 -0.935559988 -1.96974874 -0.150047362
 581 -0.571335435 -0.308529705 -0.689450324 0.888368011
 582 0.779628217 -1.11515439 -0.775017738 0.385820091
 583 -0.123824209 -0.250306010 -0.246979356 1.56388569
 584 0.266718924 0.928167462 2.12138963 0.831911922
 585 -0.372658372 -0.657516479 0.677661777 1.54703185E-02
 586 -0.424652159 1.23520625 -0.606281042 -0.422128677
 587 2.44325352 0.511996448 -0.517458618 -1.93163788
 588 1.55562758 1.74139905 -5.82952499E-02 -0.461596638
 589 1.69474769 0.582073092 0.557582676 -0.128960550
 590 -0.368869305 -0.712189674 1.03194976 1.66078269
 591 1.21779943 -0.705120623 -1.31476879 -0.707370877
 592 1.43894947 1.46293163 -0.576196909 -2.12913728
 593 3.71991992E-02 -2.59397054 -0.832813621 -1.43382466
 594 0.234672844 0.754133105 -1.33875597 1.24684548
 595 0.330298990 1.20223033 -0.250737429 0.668675125
 596 1.12404978 -0.474145532 -1.12383389 0.857201517
 597 -1.51659203 -0.590213656 -0.281764627 -0.313033730
 598 -1.08213425 -0.618220687 0.200113297 0.876863480
 599 0.672455609 -0.526787519 -0.611399889 -0.659892917
 600 1.75225127 -0.463129222 -2.27009583 1.63940251
 601 1.11755502 0.259932101 -0.683086753 -4.38079536E-02
 602 1.85203373 0.680309832 1.19860089 0.451989025
 603 0.673320889 1.92865121 -0.786470592 0.547497034
 604 0.707975030 -0.706260860 0.724420786 0.614109874
 605 -0.154622316 -0.940468371 -0.481797725 -0.469402283
 606 -0.505396605 -0.667599201 0.679662585 -6.61097765E-02
 607 -1.21267915 -4.41104770E-02 -1.13482380 1.74183142
 608 -0.191074997 2.47796559 1.45162535 -0.529950440
 609 -0.392531335 1.04476261 0.114811003 6.64829686E-02
 610 0.402975231 -0.712539673 -0.643745303 0.542188883
 611 -5.84778190E-02 -1.06281352 -0.136589736 0.207424343
 612 -0.126173615 0.397546291 1.80143178 -0.255917192
 613 -1.07748199 2.08113766 1.72637022 -7.13035464E-02
 614 0.586766124 8.41875225E-02 -0.740362525 -1.71615791
 615 -5.20965159E-02 0.166761905 -0.881724119 -1.43860471
 616 1.54772735 0.657151937 0.907789946 0.551425815
 617 0.310707361 1.18641746 2.57915258 0.665420830
 618 1.51258540 -0.275264621 -0.503088415 -1.08484638
 619 -0.435705394 -0.768894911 0.405075163 -0.732834876
 620 -0.682177782 -1.82211542 0.354927063 -0.105351865
 621 0.850294232 -0.534329832 0.783737421 -0.272848666
 622 0.697542250 -1.72184706 -0.474858522 0.683651984
 623 -0.279285818 -0.840148628 0.389716208 1.30755496
 624 -2.03614688 -1.23312259 0.956821680 0.573433518
 625 1.11865604 -0.781376123 -0.250482112 -6.18456006E-02
 626 -2.65746154E-02 -2.59822249 -1.97359300 0.245932579
 627 0.523602247 0.844499886 -0.189429402 0.806301951
 628 0.343102634 1.98252797 2.95889664 1.19939351
 629 2.15304494E-02 0.629669189 1.24777424 1.47604787
 630 0.374028921 -0.163338751 -1.81583315E-02 -1.50696683
 631 -0.519607723 -0.309273005 -0.710251570 1.16329074
 632 -0.332380742 0.292264819 1.31983018 -0.557108581
 633 -0.291664988 -0.782669544 8.63067806E-02 -2.11000061
 634 -1.21707344 0.266933292 1.76795232 -1.84186280
 635 -1.51075292 2.89654229E-02 -1.38555956 0.867452443
 636 1.42231548 1.47872353 0.539112031 1.10443127
 637 -0.154252723 -1.50744438 -0.891326189 0.900496900
 638 0.826390624 0.530544460 -0.485467166 -0.285942674
 639 0.885896266 2.67348439E-02 -1.44377196 -0.347506821
 640 9.75933820E-02 -0.731798589 -1.12364125 -0.236532182
 641 0.788426816 -4.00449932E-02 0.341961384 -0.336068273
 642 1.52070200 1.09916782 0.171156108 1.88419187
 643 -4.52471823E-02 -7.56343156E-02 -0.641628683 -0.516460180
 644 7.44861364E-02 0.751744270 -0.176952377 1.85620248
 645 -1.05120432 0.550244570 -0.302882701 -0.407441616
 646 -1.19177997E-02 0.864159524 0.384672523 0.405471861
 647 -0.759049177 0.153157294 -0.667732060 -0.768174171
 648 1.31679976 -0.139133453 -9.83403623E-03 0.441345572
 649 0.137301505 -1.30895054 8.32572952E-02 1.18389499
 650 -0.970452666 1.12690675 0.696020424 -1.52963257
 651 -1.97695804 -0.580958128 0.182499185 0.741216421
 652 -2.24195957 -0.780300915 0.468899935 -0.926616430
 653 0.860802531 -3.78141999E-02 -0.518413305 -0.643261790
 654 -0.450647920 -1.50212979 2.90977407 -0.356285602
 655 -2.23988080 0.545392394 0.792219877 0.364196330
 656 -1.25749314 1.36458814 1.70624804 1.18140852
 657 -1.77896929 -1.10607147 0.636607170 2.24591351
 658 0.590069890 -0.547761261 -0.653988361 -0.244552702
 659 -0.581354856 0.627622426 2.21414518 0.633606374
 660 -1.06252253 0.248561949 1.74754107 -1.05742610
 661 -0.807267725 -0.685323119 -0.159749389 -1.33108950
 662 -1.83910334 2.22909141 -1.34711933 0.205124199
 663 -0.882022440 -1.22461927 1.17370987 0.741199791
 664 1.29824817 1.08497548 -1.11717498 -3.28676271
 665 7.70190358E-02 0.771220922 1.29945970 5.24891317E-02
 666 0.565228343 -0.193656161 -0.686084211 0.598769784
 667 0.664423466 2.75403547 1.01099586 -1.63690293
 668 0.742974460 -1.42173123 0.333029509 -0.272457063
 669 -1.52468431 5.24026975E-02 0.427035630 0.682426035
 670 0.453269362 0.542231858 5.51396608E-03 9.62753296E-02
 671 -0.889419913 -1.16352522 0.752154589 1.24262357
 672 0.136103362 -1.81311262 -1.42865896 0.800823331
 673 -1.94613051 1.93732572 1.86521733 0.893781126
 674 -1.19959164 -0.270209432 0.764140844 3.83775830E-02
 675 -0.999835789 -1.13975883 1.15689278 -0.916849613
 676 -0.713515043 -1.29772294 -0.276964307 0.412768275
 677 -0.566330671 0.612112284 -0.153570756 1.78541112
 678 -1.17165959 -1.40393364 1.08004427 -0.646534681
 679 -1.90197265 3.08022237 0.594814777 -0.477749884
 680 -0.665684760 -0.783217847 0.306365609 0.243637323
 681 -0.326206535 -0.390353173 0.417660207 5.14491200E-02
 682 -0.822422922 -1.29244387 -1.05905747 1.72118938
 683 -1.03162897 -8.97540078E-02 -0.273365349 -9.45374519E-02
 684 0.933435977 0.917955577 1.43307364 -4.77838665E-02
 685 -0.716191709 -1.39466727 1.71287704 2.34455729
 686 0.710372686 1.24568379 -0.795811892 -0.301551193
 687 -0.874294519 -0.176769525 -2.43786573E-02 0.140788615
 688 -0.384255826 1.27238321 0.809711277 0.198151708
 689 -0.576619864 -0.819324255 -0.943217278 0.725846708
 690 -2.50341845 1.76791811 -4.84761596E-02 -0.660497963
 691 -1.08270836 -1.04597199 -0.483433783 -2.15473175E-02
 692 1.13376808 -1.30143106 -1.92408729 0.344604045
 693 -0.996050954 0.796806276 -1.04782546 -1.71885955
 694 1.28979206 -0.672350228 -0.447291374 0.713408828
 695 2.24564838 -0.399612725 -0.437247366 -0.255763292
 696 -8.10675621E-02 -1.04015994 -0.426129431 0.563065112
 697 0.881175518 -0.491074860 -2.24026608 -0.375089198
 698 -0.112374917 0.765743971 0.328957856 0.448925823
 699 1.01488769 -1.45898342 -0.360373557 -0.730059862
 700 0.529220641 1.28321123 3.17271709 1.20880461
 701 0.721342325 -1.12376225 -1.48093140 -0.441935003
 702 -8.46656635E-02 0.933255434 0.586192429 1.19103408
 703 0.117019042 0.803054452 7.91352838E-02 -0.227195397
 704 0.241978958 -7.91308284E-03 -0.501984417 -1.73939562
 705 0.730334699 -8.37424695E-02 0.247451439 -0.403966308
 706 0.955914378 -1.75321841 0.571284711 -1.91455722
 707 0.793814361 -2.41978836 -1.29709148 0.491949528
 708 -0.488747805 0.856347144 0.930727959 -0.666249931
 709 -1.82982194 -0.603855073 0.359545380 -1.10133159
 710 -0.247933835 -1.45474005 -0.686493933 1.68150282
 711 -0.456158221 1.87538457 -0.118115485 -1.60960364
 712 1.58663380 -0.445781648 -0.451833040 0.480382025
 713 -9.22967046E-02 0.535750508 -7.55996555E-02 -0.424111158
 714 0.174943417 1.37059569 1.68551445 -0.286300927
 715 1.10128236 0.372107804 0.627701044 -0.338701516
 716 2.38464236 1.05933142 -1.66094160 -0.459416866
 717 1.31995058 0.609397948 -0.676996946 1.03722990
 718 1.50465000 0.824136615 -0.136513710 -0.708171487
 719 1.63042736 -0.498777717 0.330532551 2.13046622
 720 0.776694238 5.71112335E-03 -0.538902044 -0.275306880
 721 -0.368146390 0.311043084 0.692786396 -0.128652722
 722 -0.156499654 0.988196313 1.08968163 0.921411514
 723 1.52821338 -0.374692351 0.218209237 -0.179753155
 724 -0.481694996 0.479055285 -1.53074396 0.131206572
 725 0.410624921 -0.705608845 -0.642749488 -0.473044693
 726 -0.846540213 -2.57291570E-02 -0.734310150 0.404818684
 727 0.727981567 -1.44099081 -2.64063501 -1.02412748
 728 0.597579122 -1.08807254 -1.52767313 0.586245537
 729 0.839225948 1.35815954 -0.542409003 -0.409394413
 730 0.421333849 0.605237842 1.33066440 0.552817345
 731 0.850162506 0.101746306 -0.510884404 1.13191414
 732 -0.121606670 -1.08451140 -0.772607982 0.636596441
 733 1.47020698 -2.00430900E-02 7.17953593E-02 0.597069263
 734 0.425237894 -0.303903610 -2.34210682 -1.87869918
 735 -0.960294962 0.479749084 -1.97976601 -0.318855584
 736 0.673166871 0.383256733 -1.17466664 -1.80804229
 737 -0.738440633 0.337665379 -1.40619898 -0.790743768
 738 1.00238621 -0.841793001 -0.621896684 -0.558312774
 739 -0.671783447 1.40428960 -1.39435244 -1.37585068
 740 5.27166426E-02 0.743112206 2.55217409 0.345697522
 741 -0.609101236 1.28935897 -0.948796093 2.06491899
 742 -0.137743860 -0.691576123 0.212921500 1.83661425
 743 -0.920592189 -1.62103057 0.913801432 0.627783656
 744 0.928506434 0.413416207 1.11023593 0.713694453
 745 0.186542779 1.50579762 2.79726982 -0.328657508
 746 -0.139282882 -2.05517411 -0.272204757 -0.310035557
 747 8.81123915E-02 0.848334610 -0.662712693 0.843132615
 748 0.464823544 2.26353812 0.962664843 1.72105956
 749 0.679613948 1.86865664 -0.948044181 -0.626707435
 750 0.114635557 0.465101540 0.822838902 7.61529803E-03
 751 0.305660069 2.26031780 0.834746540 1.04836893
 752 0.175097317 1.55654812 2.33853579 -9.08240080E-02
 753 0.766177893 -0.355877995 -0.667865157 -1.61251366
 754 -0.672826171 0.766124606 0.536188483 0.822105289
 755 -1.06011891 0.471508831 -0.703028917 -0.440204620
 756 9.18057784E-02 0.384378612 -0.183854401 1.14650679
 757 1.11944509 -1.32154274 4.78368849E-02 0.516461730
 758 -0.148811743 -0.694329023 1.72065683E-02 0.378475666
 759 -1.12758374 0.299296290 -0.957503617 0.174142301
 760 -0.181067944 -0.608445764 0.677318454 0.589361668
 761 0.396921992 2.00669861 0.423792839 -0.519165277
 762 1.46359909 -0.850853026 1.27265871 -0.178174019
 763 -0.514705241 -1.43581319 -0.554566324 -1.70505667
 764 1.22871602 1.91428137 2.77391911 -1.79115105
 765 1.49606371 2.03813863 2.63064289 -1.69832873
 766 -3.71466130E-02 2.17394495 0.488685131 -0.454333156
 767 -4.74277735E-02 0.562487066 1.10232067 1.06090057
 768 0.473408103 1.53417850 -1.80684328 -1.90593517
 769 -0.120092347 1.51879573 0.240144581 0.497478545
 770 0.608449101 -0.212812677 -7.75412172E-02 0.700730264
 771 -1.85352814 1.69353485 1.20329523 -0.166004360
 772 -6.34602532E-02 1.48696053 -0.502615333 0.388040900
 773 0.175226808 2.46321607 -1.96650875 -1.89694345
 774 0.212445378 1.53553402 -1.22042704 -0.318546683
 775 0.631371260 0.883629322 8.38688016E-03 0.555916905
 776 0.340429425 0.610846460 0.283269525 0.887208998
 777 0.285766006 1.45481992 -0.443193525 0.547655523
 778 -0.509214044 -1.47514737 -0.480030417 0.835334659
 779 -1.42878056 -0.394239545 0.485547394 0.349101365
 780 1.54663968 0.860739470 -0.472115338 -1.79796886
 781 -0.356678516 0.211666033 -1.25162482 1.75860143
 782 -1.37630749 -0.716368139 0.445114672 -0.480466425
 783 -0.292275518 -1.44595039 -1.12475228 -3.22468877E-02
 784 -9.80931222E-02 -0.640332103 5.02305031E-02 0.717858732
 785 0.155527517 -7.58357272E-02 -0.318718374 -0.337961763
 786 0.487368584 -0.335166246 0.109824792 0.621228576
 787 -2.07200241 1.91933358 0.347881138 -0.344635218
 788 0.340768129 0.460783750 -0.366133243 0.195958763
 789 -0.688570738 -0.779869914 0.350934267 0.592027545
 790 0.928906798 0.269916236 -8.32294822E-02 -0.762074113
 791 4.81606498E-02 -0.179438785 0.570427120 0.454387307
 792 -1.98680973 0.427502543 -0.399842709 -0.231660500
 793 0.731538773 1.35192466 -0.860276878 -0.267346084
 794 -1.13329148 -0.448608398 -2.33549960E-02 -0.331693977
 795 1.10197999E-02 -0.681096196 0.322258472 1.12505364
 796 -1.64433777 0.245905831 2.46047229E-02 0.567608476
 797 0.175520942 1.52170479 0.141188711 -0.161743715
 798 -0.102126338 0.986287832 0.174476594 0.810715795
 799 1.25036108 8.05429891E-02 0.532029748 0.609783590
 800 -0.366353869 -0.193816394 1.02013838 0.226687849
 801 1.00415111 0.842529714 2.51760721 0.667142510
 802 -0.436416477 -2.40541720 -0.953853130 1.94723797
 803 0.723220885 -5.77911288E-02 0.439687967 0.669445276
 804 0.297763079 -0.346375734 -0.586980760 0.937012851
 805 -8.88258219E-04 -0.281287044 5.09395450E-02 2.07702684
 806 -0.668309033 2.62003684 0.212529272 0.697088480
 807 0.954996109 -0.250204355 -1.66518986 -1.39585590
 808 -0.102355883 -0.348719329 -1.74613309 0.788165092
 809 -0.380394995 1.77627861 0.186322510 -0.352038711
 810 -0.353976071 -1.51119757 0.150556147 0.648327351
 811 0.501713157 0.407665968 2.04449582 1.34309530
 812 0.223257035 -1.59546578 -0.664233923 0.267769933
 813 -1.25446224 1.49228728 -9.28857327E-02 0.521919429
 814 -0.364663184 1.28133595 -0.424198031 0.986107528
 815 -0.459130019 -1.86458683 1.00347245 -0.504859686
 816 -1.15310776 -0.504304349 -0.817085624 0.371758580
 817 -0.314278990 1.24264872 1.01902270 -0.141838253
 818 -1.00289631 0.295742244 0.677208662 -2.77957916E-02
 819 1.48848069 -0.768488646 -2.95953751E-02 0.791396439
 820 0.317798138 1.56279552 -0.595475674 -0.577293038
 821 -1.87585318 0.457238674 0.196531385 -5.09276539E-02
 822 -2.10950859E-02 1.33630180 -6.73367828E-03 1.66794550
 823 0.606099486 1.43681169E-02 0.388000369 -0.928764343
 824 0.417125374 0.903269053 1.63152111 1.31803679
 825 1.47722673 -0.441592187 -0.940812111 0.351319492
 826 0.684034228 0.265593231 -0.938376963 0.615236640
 827 1.02617383 1.34702504 0.750295222 -0.842518687
 828 -2.51608348 -0.583960772 -2.63816714E-02 0.512979090
 829 1.86964238 -0.264933646 -1.24486339 0.887097120
 830 -0.121147774 -0.655903995 -1.72073519 0.983462751
 831 -8.60735029E-02 0.643095136 -1.00720608 -0.458063960
 832 0.342076331 -0.976975024 0.395289212 -0.223933503
 833 -0.914540589 1.12152588 -1.36660182 -2.06928015
 834 2.73846817 -0.366890788 -1.18307114 -0.747868299
 835 -0.595120311 -0.894979000 0.571583807 -5.53552508E-02
 836 -1.78688955 -1.30624580 1.63294435 -0.957172692
 837 3.86570655E-02 1.44070506 -1.34203339 1.57320976
 838 0.598008811 1.07679963 -1.82308781 -2.05260181
 839 -1.79047382 6.06222898E-02 -1.25321174 -1.84637427
 840 0.791861773 2.12609267 1.35352445 0.552279353
 841 0.645261765 -1.00090051 -1.58932626 -0.102490574
 842 0.714774609 5.29572666E-02 -0.104616702 0.860475779
 843 -1.05489874 0.215297833 -0.552267432 1.49934518
 844 -0.708128452 0.565166533 2.29557729 -0.864877105
 845 -1.36405480 -0.265849113 0.730678082 0.653938353
 846 -0.579709709 0.455273151 0.632479489 -0.631409824
 847 -0.630134463 1.12654400 1.63164079 1.50911117
 848 1.18767738 1.02796912 0.125588864 0.549008250
 849 -0.318800360 -1.30763304 0.581327915 0.203923941
 850 0.274354160 -0.549283504 2.45993567 0.785113275
 851 0.376856208 0.646956384 0.607908845 0.721875489
 852 -1.73222721 0.174459457 3.29889941 -0.730949879
 853 -0.855476558 -0.561048925 0.510775447 -0.397227764
 854 -7.66375810E-02 -2.38651391E-02 0.548327923 0.763277173
 855 -1.33112049 0.681667924 2.14616895 1.19376636
 856 -2.13940907 0.690663040 2.17580128 0.937170744
 857 -8.99862200E-02 -0.463957578 -0.544861794 1.46742463E-02
 858 2.01118302 -8.93237516E-02 -1.16668773 0.618476927
 859 0.633996010 -0.686982274 -0.125497162 -0.959139347
 860 0.404564828 0.432799459 2.27776957 0.888291299
 861 -1.01977146 -0.325381279 -0.638889432 -1.01929116
 862 1.85336995 -0.952057123 -0.822602510 -0.330091685
 863 8.37620795E-02 -0.710554838 -0.350846112 0.743888378
 864 -0.358137786 -1.91735601 0.170358285 -0.121535838
 865 -0.280113816 -2.25314760 -0.216519728 0.285651356
 866 0.965341926 -0.393615603 -0.270882100 0.516516328
 867 1.52834225 0.966482997 2.01788470E-02 0.402694881
 868 0.411785841 2.09392715 0.124648407 0.692697108
 869 0.297916919 0.985668898 -1.70125890 7.46580064E-02
 870 -0.304124892 1.43853426 -1.59700072 -9.49726701E-02
 871 -0.724653542 -0.750955462 -0.625837564 -0.118400529
 872 -1.96309328 0.868496835 -1.05521047 0.915952146
 873 0.133094847 0.799426377 1.41619003 0.509762824
 874 0.192445189 -0.818415105 -2.23485279 0.756023228
 875 2.14677668 -0.937125444 -1.41626668 0.722350121
 876 0.148142964 -0.109868675 1.17768419 0.742259502
 877 -0.822297573 -0.998956084 -0.511471391 0.358787477
 878 -0.364922583 -0.968879879 -0.613616824 0.176835865
 879 -6.10369742E-02 -1.18298829 0.400638074 0.737865984
 880 -0.718085587 -0.159237817 -0.668494582 -0.286250830
 881 -1.19827282 0.569667101 0.910430074 0.342468798
 882 -0.496981502 0.518876314 2.11428428 -8.91313553E-02
 883 -0.307472229 -7.00943395E-02 0.925409913 1.58847773
 884 -1.05695283 0.212930724 -0.397627831 8.00137222E-02
 885 0.487487406 -2.01456451 1.19556618 0.648579955
 886 -1.22405171 5.19369990E-02 2.19083214 0.318865955
 887 -0.602063358 1.19399905 1.75789106 0.822102547
 888 0.119678348 1.05038321 0.500485957 -0.285413980
 889 -2.07050323 -0.248578429 1.77312255 1.13336158
 890 -1.46024323 -0.558652461 1.77100480 -0.446425170
 891 -0.874155283 7.74597451E-02 0.770381570 0.435069680
 892 -2.00466943 0.308827668 0.997551382 -0.195635855
 893 0.482439637 -0.588206649 8.48263502E-02 -0.311517000
 894 1.56673086 -0.848875880 -0.580035150 -0.329863310
 895 -0.844172239 -1.06930327 0.406759530 1.31783235
 896 0.250825793 2.75657922E-02 -0.337258726 1.31772208
 897 -0.911816657 -0.986510515 1.51759434 -1.75538015
 898 -1.47211552 1.55104045E-02 -0.689865053 0.583992481
 899 0.130344287 -0.898160338 -0.771977663 -2.16937959E-02
 900 1.11169100 1.16778505 -4.19039875E-02 0.590628624
 901 0.716332614 -0.767898321 -0.393414080 -0.361251473
 902 -0.585862160 -0.369388431 -0.815310240 1.50574052
 903 -0.178172320 7.61035532E-02 0.934687853 4.83409986E-02
 904 -1.30955219 1.47048283 -1.37439370 1.66103518
 905 -0.979674459 -1.75964332 0.763370574 -0.114638984
 906 -1.05290782 -1.45722175 -0.554412425 1.04835999
 907 0.322111279 -0.456395864 -0.429666966 -6.28297925E-02
 908 0.383772582 0.879022062 -0.326906145 -1.75794291
 909 -1.73575330 -1.09200966 -0.312691092 -5.51438332E-03
 910 1.15866208 1.02192163 -1.26037109 -1.47787082
 911 1.28414178 -1.05944943 -0.439633042 -0.520232201
 912 -0.698229015 -0.990967751 -1.21300089 -1.67686570
 913 -1.39340556 0.134854898 -0.208269268 -0.446393192
 914 0.117043138 0.956327796 0.897183180 0.924270928
 915 0.107511550 0.626871228 0.173509151 -1.90330327
 916 -0.281463414 0.396646500 1.24849737 -1.54649258
 917 0.877051771 -2.51281708E-02 1.36075449 -1.95244670
 918 7.34299570E-02 -0.851130009 -0.333937109 4.66871858E-02
 919 -0.783938885 2.20742822 -5.49583435E-02 -1.69806266
 920 -1.31411779 1.82989478 3.06634474 -1.42096245
 921 0.703508079 0.164418355 1.62858653 -3.26067060E-02
 922 1.07855296 0.552374780 -0.522696137 -1.83036602
 923 -1.08848715 2.15038657E-04 0.191144466 1.23822427
 924 -1.20235336 0.113983274 2.36437988 -0.219084844
 925 -0.341114193 -9.93722230E-02 0.682431698 -0.293963075
 926 0.401769131 1.17207408 1.00837719 0.945005774
 927 -0.117320247 0.101043016 0.719581306 -0.214631736
 928 0.503204286 -1.32742548 0.467776477 -1.08913839
 929 0.425118834 1.13860881 1.50058806 -0.187216565
 930 0.485203773 -0.626894951 0.381125957 1.12711966
 931 0.782208323 0.109545648 0.354983002 -0.264408171
 932 0.883320510 -0.174532086 -0.276345104 -0.336028099
 933 0.759375930 0.624968350 1.67655909 -0.883266449
 934 2.44678760 2.63432837 -9.63334590E-02 -0.322002649
 935 -1.21034789 0.526722491 -1.01688039 -1.64274168
 936 -9.29801166E-02 0.466261059 1.46052742 0.901996970
 937 -0.286935806 2.09149647 1.41243780 -1.51928461
 938 1.75041461 -1.07611132 -1.39014935 0.240250766
 939 1.08494496 1.08802640 0.526539862 0.565834045
 940 0.331921041 -0.605119348 -1.53909922E-02 1.33150113
 941 1.23424232 1.30260539 0.138372287 -0.939480543
 942 -1.52580440 -1.11248791 -0.117612436 -0.216897830
 943 0.561127782 -1.17544103 0.753785610 -0.624663174
 944 1.02047610 -1.01928771 1.83613503 0.147992998
 945 1.42072999 0.355896086 -1.47000611 -0.264127314
 946 -0.259385318 -0.183621600 -0.781082511 1.58796608
 947 -0.517572343 1.22730589 0.113085791 1.74129999
 948 -1.72806895 -0.590986788 2.27373338 0.318633437
 949 -0.118294924 -0.699077845 -0.548258483 -0.621585965
 950 2.71613407 -0.258430660 -0.954875708 -0.309960723
 951 -0.280804932 0.846493006 0.733962953 -0.974167347
 952 -0.105450377 -1.22324276 1.77554071 1.52823925
 953 -0.225250751 -2.51711082 -1.21610212 -0.240808070
 954 -2.46307421 1.31067276 0.967218757 0.888211012
 955 -9.35667381E-02 0.852259278 -0.231512114 0.807150483
 956 -2.18236041 -5.85888997E-02 -1.30928326 -0.716884971
 957 1.43736482 0.393127143 0.117273808 0.588392138
 958 -0.767536879 1.66962290 0.747269630 -0.102369189
 959 -1.02289641 0.583338320 0.664533257 0.102583453
 960 -1.40529394 1.11296415 0.677407682 -8.70666653E-02
 961 -1.03307939 0.954309523 -0.800408363 0.355023026
 962 1.18069720 1.29330611 -0.974962950 5.06788492E-03
 963 1.14143097 -1.94689476 4.10302281E-02 -0.336670756
 964 2.32884431 1.06106460 1.07355392 -0.469099998
 965 2.70617342 0.112186581 0.539397538 -9.56535339E-02
 966 -1.82362211 -0.654815435 -0.447537184 0.256057352
 967 0.974252284 0.874251306 -0.362127066 -1.92976785
 968 1.50390768 -0.553004980 -0.577780604 -0.236957282
 969 -0.826824665 -1.41731942 -1.17489696 -0.207365125
 970 7.89897740E-02 5.41731343E-03 0.388750941 -0.290387481
 971 -1.77618539 1.42845285 1.22367144 -4.08882499E-02
 972 -1.29942513 1.69814682 1.34400868 -0.259088159
 973 0.703501105 0.626223028 0.569702208 -0.112996727
 974 -0.838450611 1.02809095 -0.449322641 -0.282338262
 975 -1.09707451 -0.886350274 0.189022273 0.981831610
 976 -0.476733714 0.487608314 0.509788513 0.259084940
 977 -0.520257235 0.264075041 0.381621420 0.739689469
 978 0.290216297 -0.396929204 0.444478035 -0.354721397
 979 -0.161643520 0.752057791 1.51456344 1.76497495
 980 1.62278771 2.53035352E-02 -0.475300372 0.712493896
 981 -1.04053390 1.19363678 -5.59485555E-02 0.409595788
 982 -0.335935950 1.12888038 1.72016919 0.892984450
 983 -0.602424622 0.216460526 -2.08888459 1.70052385
 984 1.02992606 -2.71457124 0.125833586 0.730350375
 985 0.234479800 -0.535219789 1.62243319 -0.399822056
 986 7.39451498E-02 0.442455471 -0.739632666 -0.115597382
 987 -0.852788508 0.468200564 -0.526814759 1.28898454
 988 -0.968129814 -2.26398087 -0.580171585 0.730803788
 989 -0.218795389 -0.105707563 -8.68035704E-02 -3.67090106E-02
 990 0.101802558 -0.367892176 -0.141966790 1.22693205
 991 -1.76332378 1.13781142 0.107394382 0.789322376
 992 -0.643514633 -7.18757510E-03 -7.08243176E-02 -0.328873307
 993 0.244569749 0.621953487 -0.615837455 -1.58517289
 994 -1.15166926 -0.128003016 -9.74914208E-02 1.06309056E-02
 995 -1.30021298 -1.58501410 -0.933560014 0.378238738
 996 -1.70773232 -0.634644389 -1.16067767 -0.560546041
 997 -1.35091245 0.551783800 0.630771995 1.57895386
 998 -0.340992600 1.09958625 0.471317828 -0.507673740
 999 -1.08181167 8.17500353E-02 0.922549188 1.22406971
 1000 0.103504658 -0.114194661 1.56636453 4.93603870E-02
 1001 -0.622452319 0.437913537 1.24607778 1.66467845
 1002 0.172500402 -0.813013315 -0.458964109 -0.419346333
 1003 0.818291485 1.39677048 -0.775085092 0.445823044
 1004 -3.25933993E-02 0.986012220 -0.548144817 0.311906904
 1005 -0.833078265 0.412674904 0.373057634 4.25279140E-05
 1006 -0.951240659 0.555110097 0.129449129 1.26769388
 1007 -1.75247824 6.63319007E-02 0.302572548 -0.383902431
 1008 1.83985019 -0.727338433 -0.343834698 -8.40819329E-02
 1009 2.67480707 -1.03301406 -0.461263239 -0.285656780
 1010 0.801177382 -0.435124218 1.05302167 -0.455803305
 1011 -9.23783183E-02 1.38319945 -1.58621633 -0.327222019
 1012 -1.01678693 0.209371909 -0.757657886 0.699911356
 1013 -1.60086596 0.541795194 1.12027359 -0.988154054
 1014 1.58572769 -3.88455279E-02 -1.26007736 0.898092508
 1015 -1.06026673 -0.554823399 0.592278123 -0.621387124
 1016 -0.487707853 0.361842930 -0.161394849 1.74757671
 1017 -0.892568648 -0.939962804 1.51457131 2.99215317E-05
 1018 -0.335054696 -0.138211355 -0.454738259 -1.65098083
 1019 0.317643225 -1.18523657 1.18640220 1.92525256
 1020 -1.65441012 0.938620806 0.350984007 1.77063644
 1021 -0.957241654 -1.11761546 0.908436537 -0.571351886
 1022 1.38610137 0.854590774 -1.80630982 -0.480966866
 1023 -4.99889590E-02 0.181737453 0.820620239 0.628960907
 1024 -0.780307651 1.02558279 1.01977921 0.588796496
 1025 -0.856751442 1.26589513 -0.208709389 0.272905737
 1026 0.453377396 -0.258991629 0.168206602 -0.275394440
 1027 -2.10462046 1.09211707 0.818548381 1.87538338
 1028 -1.15222204 -0.749797761 0.136935219 -0.287974715
 1029 1.77846456 -0.678687096 -0.242293790 1.51901782
 1030 0.175301492 0.880736351 -1.12143230 -0.229066938
 1031 -1.36142850 0.223618895 -2.11932778 -0.152226627
 1032 0.978455544 1.40121424 0.717604160 -0.143382207
 1033 0.783278346 -0.311487943 1.17040765 1.59366345
 1034 -0.258098125 0.260088682 0.780708432 -0.805375934
 1035 7.36710578E-02 0.620852411 0.104299501 1.52043176
 1036 9.12294090E-02 2.46392679 0.220179811 1.66766059
 1037 2.29885173 -2.12773442 0.364052653 0.403843284
 1038 -1.58301377 -0.478699386 2.00418305 0.388365120
 1039 1.19101477 -0.760641634 1.47579741 0.711547256
 1040 5.64342737E-02 -1.17200184 1.30344665 -0.136722893
 1041 1.59092140 0.784187436 -9.60577503E-02 1.02363765
 1042 0.448669016 1.49889576 -0.880877852 0.668382168
 1043 1.12765872 -0.634125233 0.450755358 -2.22380614
 1044 1.15302956 0.297047228 -0.151692435 -1.66420925
 1045 -0.144592136 -0.140218318 -0.442966640 0.281809747
 1046 -9.41073895E-02 0.495794833 1.20968068 -8.23979378E-02
 1047 0.721168339 -0.407950640 0.185151249 5.35152853E-02
 1048 -4.52341288E-02 -0.616589904 1.52236247 0.643297195
 1049 -1.31664217 2.20104909 0.397230774 -0.667766094
 1050 -0.732375026 -5.49281314E-02 0.674394250 -0.748977780
 1051 -0.634412408 -0.972790480 0.905571461 -1.54419065
 1052 1.07276177 0.469965160 0.353268474 2.36959672
 1053 -1.31308234 -1.23409069 0.629176557 0.360407770
 1054 -0.238782272 0.990181923 0.286377311 -2.15761280
 1055 -1.70177186 -2.21552229 1.61455584 -0.307574242
 1056 -1.45529580 -1.92790389 1.06017685 -1.52210343
 1057 0.177295372 -1.18015134 0.709507108 0.604083538
 1058 1.48239088 -0.243166730 0.884514928 2.20495915
 1059 1.06055176 -0.174085677 -0.120445639 -0.762570500
 1060 9.86573324E-02 1.59872508 -0.405179441 -1.40428615
 1061 -0.839428782 -0.361466646 1.06293654 -2.25981045
 1062 -0.209053844 -3.16049623 1.32619119 -1.86640072
 1063 -0.408724934 0.183337182 0.461089730 -1.14709210
 1064 -0.475008100 0.740144968 -0.466069132 -1.63131964
 1065 1.53870440 0.268463612 0.639102340 -0.180098340
 1066 1.17809761 -0.395410776 -0.156113237 -0.699338973
 1067 0.565732956 -0.615388274 0.404597461 0.604076326
 1068 -1.26365459 -1.89954817 1.88889027 1.19808733
 1069 -1.26001835E-02 -0.642857969 -0.596259594 -0.567907572
 1070 0.234596238 1.10687160 -0.363860041 -1.82552493
 1071 -0.726030290 0.751724899 1.46342230 -1.50048923
 1072 0.669276476 0.956403315 1.60705030 0.299883068
 1073 -0.389742583 0.447860748 0.396675229 0.914016724
 1074 2.23789763 -0.164836690 1.14298689 0.225524858
 1075 -1.96209252E-02 -0.880979538 1.67682445 1.25088096
 1076 -0.340061396 -0.841241956 0.898796022 -1.25916994
 1077 0.262940377 -1.13169420 1.53507018 1.34424317
 1078 0.735802352 -1.22623134 -0.935078919 2.49841046
 1079 0.555753469 -0.658243001 1.15797591 0.437000960
 1080 -0.945387363 -1.03936338 -1.09711969 0.855114937
 1081 1.50261259 -0.584787071 0.576426327 0.481209546
 1082 0.934703350 5.59969097E-02 0.129752263 -0.736019909
 1083 -0.723608196 -0.361830592 0.988291323 9.26250219E-03
 1084 1.94835162 -1.24851441 0.445956409 1.66179633
 1085 -4.33285013E-02 -1.21750474 -0.165909052 -0.604478002
 1086 0.726296604 -0.893632710 0.469061553 -1.08564007
 1087 -1.59525967 -1.93349230 0.161083072 -0.876875281
 1088 -0.521933019 -1.08553660 2.12581277 -2.56878233
 1089 0.548851669 -1.00733531 0.344871402 -0.604016721
 1090 0.226780057 0.202654064 0.263032585 2.28889894
 1091 0.701132536 -1.01707900 1.81275725 2.04615331
 1092 0.278271198 -0.895440519 -0.296750069 0.727042794
 1093 2.41667652 -1.08306348 1.19654071 0.989041507
 1094 0.176108837 -1.83656955 0.947332025 -0.861688554
 1095 0.478285015 -0.470647037 2.53866458 -0.957734704
 1096 -1.12725866 -2.37216902 1.15645659 -0.788298130
 1097 2.02244186 -9.33415294E-02 -0.539644182 6.00230843E-02
 1098 -0.243777394 1.32763267 -0.534253120 0.858745873
 1099 0.516453505 4.93984222E-02 -0.315081596 -0.860125184
 1100 -0.137513280 -0.220597535 0.173242152 0.140975997
 1101 -0.187608957 0.503561080 -0.312514067 -1.82608521
 1102 0.502127707 -1.77882469 -0.273301750 0.217485219
 1103 -0.147415370 -3.08419180 0.932557881 0.610589325
 1104 0.780104995 -0.230284795 0.797670186 0.402174175
 1105 1.47435367 -0.642358959 -0.439170152 1.74448013
 1106 1.24499154 -3.04457021 0.926769316 1.58166194
 1107 -0.151998490 -0.437621504 1.00605822 -0.448136985
 1108 -0.435647130 0.196297348 -0.826240003 -3.95176411E-02
 1109 -0.645762622 -1.57053638E-02 -0.483396262 0.686166584
 1110 0.411716849 -1.25113714 1.24483156 0.531611264
 1111 -0.690017343 0.578401923 -0.776375771 0.584785342
 1112 -0.324742794 -0.773546457 0.654878855 0.498752415
 1113 0.445412844 -1.16610134 1.03966200 -1.11400831
 1114 1.34717679 0.407240212 0.154741123 -0.762745082
 1115 -0.254139930 -1.34567237 1.23983598 0.317316651
 1116 2.62444377 -0.601337016 0.362047374 1.86780477
 1117 -1.45934701 -1.14810908 1.76985455 0.269970238
 1118 1.22259235 -0.487286180 0.934959650 -0.163237333
 1119 -1.86064243E-02 -4.09488201 0.971751571 -0.808907032
 1120 1.76074409 -0.303376377 -0.799202085 -0.623077273
 1121 2.19251108 -1.69465542 1.23668849 -1.19135594
 1122 -0.522042871 0.290308446 0.594380379 -0.398271620
 1123 -0.560095370 -0.254459321 0.502061248 3.62049788E-03
 1124 -0.302196145 -0.709178209 -0.222115085 0.622636914
 1125 0.104624912 -0.484621197 1.27634501 1.94578767
 1126 1.08429289 -1.38251150 -0.172843739 2.36176968
 1127 0.420073092 1.09424388 -0.871832371 -0.234574795
 1128 -1.33229494 -1.84266853 0.161952019 0.384635687
 1129 -1.24455202 -1.96836853 1.30108035 0.328941911
 1130 -1.54756880 -0.520424068 1.77791429 -0.897396266
 1131 -0.569765866 1.56955945 -0.461656362 1.46705079
 1132 -0.192347601 0.335885108 -0.679933369 0.881464005
 1133 -0.768039882 0.388160288 0.416143358 -0.136081725
 1134 -0.162698194 -0.562781811 1.31809556 0.453571588
 1135 0.851067245 -2.14237237 -0.288310409 1.19152236
 1136 1.12542403 1.59938169 -0.241804123 -0.712539911
 1137 0.548878551 -0.892056286 0.778261006 2.14255762
 1138 0.375287741 -0.786854982 1.80516088 1.82502985
 1139 -0.198342800 -0.768376291 0.512389302 0.950273871
 1140 1.78190017 -1.26752794 -0.301050931 -1.24803174
 1141 -0.705873668 -1.91699839 1.33801198 -1.03925180
 1142 -0.223500550 -1.14545226 0.788105786 -0.161583021
 1143 1.54402661 -1.49586475 0.371603131 0.413235784
 1144 -0.222535223 0.191755414 -0.421421945 0.252877355
 1145 1.07689488 0.104063161 -0.173308060 0.428789973
 1146 -0.300215065 -0.970417917 -5.62933087E-02 0.527914524
 1147 -9.11032856E-02 2.08122993 1.64881361 -1.10252774
 1148 -0.114334762 -0.122414947 -6.18338734E-02 -1.28557539
 1149 0.800204277 -0.351373076 -0.375285327 0.456508130
 1150 1.63030231 -0.896476984 -1.24197173 -0.922936082
 1151 0.274498165 -2.40306556E-03 0.358535171 -0.307855725
 1152 0.468077928 -0.401278913 0.710296690 -4.55059856E-03
 1153 0.208532244 -1.55514359 -7.55323321E-02 -0.385916650
 1154 -0.319428205 -0.813072741 0.106269464 -2.23344636
 1155 -0.765790880 -0.142319113 0.579610586 -0.805895686
 1156 0.388208866 -1.45642233 1.33062899 0.181087822
 1157 0.129460439 -1.18137646 0.659536064 -0.977480590
 1158 0.600949585 -0.119016849 -0.340917647 -3.13380980
 1159 2.96286488 -2.06965256 -0.216428757 -2.26396942
 1160 -0.217190981 -0.953393102 0.648988724 0.241263121
 1161 0.305961609 -1.20919573 0.525987446 1.39922523
 1162 -5.24701178E-03 0.398577660 -1.87205100 -0.407481730
 1163 0.478356183 0.336004555 -0.252713859 -1.78274679
 1164 1.39794612 -1.46297169 1.11982012 -1.54993439
 1165 0.674984336 -0.200446934 1.02263951 -1.48174667
 1166 1.26445794 -0.330698937 0.318991780 -1.14488494
 1167 0.251923651 0.632909060 -0.178127035 0.177389458
 1168 1.42227340 -0.540959597 9.72044468E-03 -1.47963655
 1169 1.06138456 -0.422509074 1.30338001 -1.18493390
 1170 0.824103832 -0.794653416 0.412649840 1.25910294
 1171 -0.193240687 -0.521395981 0.616216063 1.55872262
 1172 -0.412940353 0.780905902 -0.414564878 0.617418289
 1173 -0.389686584 0.426040918 0.944361806 1.51389539
 1174 0.574004054 -1.02553391 1.29316664 -1.02724254
 1175 -0.407456100 1.47750556 -1.39293778 0.319198400
 1176 1.27339816 -1.58941793 0.940638006 -1.05394769
 1177 -0.266869664 -0.117383897 -0.671799660 -1.07959580
 1178 -0.646269739 -0.617036581 1.06095803 1.12498569
 1179 0.316582948 -0.959465027 1.67327261 6.54167831E-02
 1180 0.431239128 -0.290281981 0.823289275 -0.278537929
 1181 2.48404145E-02 -1.27773714 0.359758109 -3.15005279
 1182 2.31533217 -1.35842335 -1.28704989 1.11789763
 1183 -0.428281903 0.944887877 1.04287326 1.15787387E-02
 1184 -0.255018890 0.174940020 0.739269733 -6.62650168E-02
 1185 1.59766269 -1.42892575 -0.402104795 0.783805072
 1186 -0.120495811 0.547670603 1.20148504 0.112698019
 1187 5.81480563E-04 -0.659823298 -0.231039673 -2.99301744E-02
 1188 9.06868428E-02 -0.816770196 -0.367894173 0.116162620
 1189 -0.715610147 -0.847926378 -0.334445715 0.150462613
 1190 1.21890283 -1.88788056 -0.204750821 -2.53046536
 1191 0.317440927 -0.418081701 0.118078470 -0.697168469
 1192 1.15570378 0.284271955 1.49906623 -1.21144927
 1193 1.33804226 -0.729138732 0.433368981 -0.943539917
 1194 -1.09122002 1.49593413 -0.632119417 1.29539371
 1195 0.444089472 -0.722246826 -0.546377063 -1.20191801
 1196 -5.15005291E-02 -0.393128335 0.285730243 -2.53230834
 1197 1.29671812 -2.04465628 -0.297939897 1.50027096
 1198 -0.222066328 0.353769094 -1.98815835 4.63296473E-03
 1199 -1.08763647 -0.400069535 0.878963351 -0.680979967
 1200 0.711400807 0.373469442 1.29251111 -2.76931000
 1201 5.46115339E-02 -0.933667958 -0.607104361 -1.01715541
 1202 1.74655867 -2.17140102 -0.193644583 2.06740451
 1203 0.952249110 8.05977285E-02 1.11522174 0.627131343
 1204 1.00107419 1.20868790 0.404091984 0.552436411
 1205 1.12392306 0.467385083 -0.427696288 0.856274366
 1206 -2.49346197E-02 -0.988961220 0.389324605 -0.257280022
 1207 0.176686555 -2.70978999 1.55308926 -0.852821052
 1208 1.28490388 -0.897097766 -0.121897534 -1.61237979
 1209 1.11601532 0.759774864 0.330440640 0.943999171
 1210 -0.830976307 -0.777946711 0.438922971 -0.693276525
 1211 0.332730085 0.918834448 0.195107400 -0.739528656
 1212 1.47980225 -1.37279749 0.487520337 -1.01758277
 1213 0.813447714 -0.841496468 -0.771484196 0.600726485
 1214 9.52344835E-02 -1.03820777 -1.63862717 0.322524518
 1215 0.310600430 1.56220675 1.41817272 0.377095520
 1216 0.278425455 -1.72642823E-02 3.01822573E-02 0.667290807
 1217 0.341919303 -0.642412722 0.877128899 5.83681241E-02
 1218 1.55922472E-02 1.16361044E-02 0.536818504 1.87356007
 1219 0.590109348 1.47891188 -0.515160561 -1.03953135
 1220 0.986895859 -1.05039620 0.191067010 -0.569542229
 1221 -0.794087529 -1.01400328 -8.05389732E-02 -2.32009697
 1222 0.542930722 0.589091241 1.91302156 0.325772643
 1223 -0.493500948 -1.01998854 -0.474545717 1.75852394
 1224 -0.114912666 0.581036747 1.38465261 -2.51474094
 1225 -2.74724513E-03 0.527238548 -0.388084650 0.851690054
 1226 0.378394455 -0.338883638 -0.140412077 0.477594733
 1227 -0.401102394 -0.486447126 -0.132503569 -0.982152820
 1228 -0.678764343 -0.987763643 1.17783129 -1.26932085
 1229 -1.69358671 0.238658443 0.479009032 -1.75238621
 1230 3.47783267E-02 -1.17887592 0.416766465 1.02253759
 1231 0.617198944 0.863738000 0.958966672 0.315572858
 1232 0.434811234 -1.26252282 0.720773399 -1.06680763
 1233 0.541137993 1.42400432 0.504813373 -0.973829031
 1234 1.25061977 -0.351762086 0.862829685 -0.668612480
 1235 0.611949265 2.50646687 -0.312930852 -1.35803163
 1236 0.408871293 1.21030903 -5.45454733E-02 1.66641116
 1237 -0.206261501 1.33692575 0.394725621 0.306370139
 1238 -0.328181982 -0.613671482 -0.923473954 -4.34149206E-02
 1239 -0.421874046 -1.00351524 -6.40689731E-02 0.231700286
 1240 0.353614926 2.15769696 -0.313086152 -0.129459500
 1241 -9.28086862E-02 -1.02716732 1.92290223 0.304358482
 1242 0.433207512 0.322877377 -0.512098968 -0.468464017
 1243 1.24388194 -0.234732881 8.41016173E-02 -1.75306737
 1244 -0.902806759 -0.463564932 1.47635627 -2.07031822
 1245 0.216728374 0.560497522 -0.145861775 -7.16466904E-02
 1246 -0.962112010 1.49900734 1.94254071E-02 -1.58410501
 1247 1.35292578 0.847188830 0.272227734 -1.16554284
 1248 0.597888052 -0.761926591 -0.367482334 -2.75657988
 1249 1.46460009 -0.409672976 0.605183721 -0.549476683
 1250 -2.36243010E-04 0.228453606 0.737156153 -0.719392538
 1251 0.788674951 -0.746353328 1.04617393 -2.11610317
 1252 0.456501126 -2.00010586 0.491765261 -0.816801131
 1253 0.726086020 -1.77046084 2.22955728 1.67057419
 1254 -0.138434172 -0.528036654 1.84840107 1.31809545
 1255 0.214973152 -0.608358264 0.956406295 1.00131059
 1256 -5.82897812E-02 -0.170989767 -1.15852106 -1.05486906
 1257 0.190073609 -0.238578677 1.94418240 -1.03730452
 1258 0.767879009 0.940791547 1.05958271 -0.168340921
 1259 0.129385412 0.142639399 1.23711002 0.138561934
 1260 -0.389980197 0.136134893 0.559482217 -0.450159550
 1261 0.993823290 0.110957831 3.07999253E-02 -0.270153165
 1262 0.549629807 -0.279809952 -5.01713455E-02 0.387799442
 1263 -0.461066484 9.42538604E-02 1.14124858 0.555653572
 1264 0.129165977 -0.648745537 7.37131983E-02 -2.59189725
 1265 -0.608565390 -1.57975578 1.09739327 -2.45499301
 1266 0.224935263 0.201875508 1.44481683 -0.872267723
 1267 0.763475895 -0.118549660 1.73250985 0.189876571
 1268 2.73992944 1.72935855 0.804293215 0.558580577
 1269 -0.142960161 -1.24292707 0.798325300 1.15209031
 1270 0.991755962 -1.15272236 1.08423233 1.43096173
 1271 -1.16554284 -7.27222189E-02 0.543775856 0.130918115
 1272 0.567439377 -1.67491150 0.388088763 -0.116726004
 1273 0.337186843 -0.747500718 -0.707624316 1.27500927
 1274 -0.242639214 0.268508732 -1.37215614 -1.00167167
 1275 -0.723777175 1.57381427 -9.77513418E-02 -0.846713841
 1276 0.420744032 0.584812999 8.83855075E-02 -0.670855820
 1277 2.56067872 -2.08144236 0.887802839 -9.99605656E-03
 1278 -1.97087073 -0.346585453 -0.575455844 -2.15372419
 1279 -1.71219492 0.190698117 1.29261172 -1.30460644
 1280 -0.634055614 -0.327032000 1.44438457 -2.14227772
 1281 -1.93123019 0.880693316 0.124402292 -2.38105345
 1282 0.208142877 2.08070111 0.117392078 -1.07332492
 1283 1.56683803 -0.714378238 -2.30236006 -2.90875340
 1284 0.619208753 0.218291074 -4.90817428E-03 0.641033769
 1285 2.08417773E-02 -0.385060549 0.139370382 0.199044079
