 1 3.75777483E-03 2.20392323 0.681628108 -0.122859716
 2 0.926895142 -1.69627476 1.06241882 0.185036629
 3 1.46250510 0.542971849 -1.56725407 -1.85373878
 4 -1.27445865 -1.70113564 -0.990122676 1.70074928
 5 -0.449125946 0.523312330 -1.11424017 -0.189504921
 6 -1.34532690 -0.728696227 0.989248693 1.28918040
 7 -0.549398243 1.90425217E-02 -0.206521928 -0.681463301
 8 -3.58015597E-02 -1.23445249 0.453038841 2.04014778
 9 -2.92429876 -1.08260524 -0.793722510 -0.940842390
 10 -8.50875899E-02 9.47265476E-02 -4.14575264E-02 -0.929570079
 11 -2.58456802 1.40183830 -0.732602775 -0.594129920
 12 -9.19307470E-02 -0.100473717 -0.493004590 -1.87683702
 13 -0.386983633 0.309376597 -0.562400103 -1.29499137E-02
 14 -1.57676530 -8.20716619E-02 -1.43532300 -1.12700015E-02
 15 0.549997687 -9.83418524E-02 1.04656434 -1.21559691
 16 0.168182209 -0.344560951 0.673364222 1.78008068
 17 1.20192480 -1.77508008 -0.342834592 0.322629154
 18 -0.226991415 0.691566825 -2.00626826 0.375480652
 19 -1.94413161 -1.49374962 0.651502550 -1.10751605
 20 -1.55647552 -0.390222162 -2.12502527 -0.408313245
 21 -1.82006598 1.14926863 -0.697809458 -1.25776541
 22 -1.07954717 -0.740249813 -1.64700711 -0.783714831
 23 -0.472212642 -1.82039452 1.21606469 0.699613571
 24 -5.96999452E-02 -1.30031097 -0.552083850 -0.118739620
 25 0.512983561 1.59528959 -0.156488448 1.24970877
 26 7.29051977E-02 1.11234736 -1.09952223 0.982855856
 27 1.68621683 -1.15885293 -0.469035834 1.32502604
 28 -1.47403276 -0.788343251 -0.574816763 0.149262503
 29 1.08960152 -0.709763646 0.227379560 -0.818298459
 30 -1.46628654 1.28517044 -0.710913658 -1.69181204
 31 -0.148286760 -1.78323293 -0.648929417 0.700632989
 32 0.927528560 -0.690676808 -1.18929780 0.934285164
 33 0.313810289 -1.30481076 -0.231044888 -1.44970965
 34 0.376368523 0.915410459 1.22776890 -1.85545218
 35 0.328518003 0.127713397 0.564087510 -0.314242244
 36 -0.788049161 -0.730530024 0.385971963 -0.453124017
 37 -0.811260939 -0.399021387 -4.83398885E-02 0.725263059
 38 0.294833541 0.787609994 -1.09060097 -0.532876730
 39 -1.31005549 1.46662426 -2.56090760 -0.972778141
 40 -0.870797098 0.810995817 0.504072845 -0.887706399
 41 0.528857529 0.640393615 -9.32538509E-02 -0.856681228
 42 -1.55066609 1.69118118 -1.86953259 2.56716069E-02
 43 0.767312109 -0.880221367 1.27802491E-02 0.808020055
 44 1.74685085 0.633176208 1.15211755E-02 0.798091948
 45 0.849222779 0.731248677 0.351700962 0.830392122
 46 -1.23535621 0.421710521 -2.01570868 0.580314636
 47 0.696001172 -0.265272647 -0.751959622 -4.79038730E-02
 48 -0.172960922 1.32949984 -0.331536174 0.483685195
 49 1.15962827 2.52419901 1.10186732 0.784299374
 50 -1.18242574 0.185327068 -2.31998253 2.17474413
 51 0.609327137 1.23105133 -0.139969081 0.113685571
 52 -2.03192425 2.25721169 -1.40162122 1.97366941
 53 -1.91482794 -0.373279810 -1.02980018 0.539204419
 54 -0.544595957 6.74852729E-03 -0.150616139 8.91425461E-03
 55 -0.389526069 -1.09726989 -1.34645045 -1.18772900
 56 -6.34560138E-02 -6.94365203E-02 1.15001845 -0.124897398
 57 -0.953474522 8.45771953E-02 0.749363661 -1.14588630
 58 -0.245522738 -0.665730238 -0.613879263 -0.821141362
 59 0.664977074 1.28475046 1.18436325 1.01679039
 60 1.55531693 1.15361214E-02 1.01485658 0.308324695
 61 0.434524387 1.06448901 -1.38469887 -1.63854373
 62 -0.825302005 0.787279606 1.81757104 -1.78344500
 63 -0.154119983 0.114249140 -0.443410039 -0.841248810
 64 -1.16094136 -1.77260116E-02 -1.91104040E-02 0.354240447
 65 -0.501630068 -2.26144218 0.990158081 -0.720420003
 66 0.736876070 -0.245583147 0.226439834 -0.831283450
 67 1.77361071 0.804730892 0.197751105 1.98287654
 68 0.567554533 -8.33458379E-02 0.696211219 -0.306928098
 69 0.241062284 1.45700610 1.86393881 1.00604856
 70 -1.05898201 1.51746941 -1.84214449 0.486507535
 71 0.221346214 -0.256782115 0.881308019 0.923357189
 72 -1.67389679 0.733220637 0.745926619 1.07132185
 73 -0.749076188 1.25770068 1.14922130 -1.13263369
 74 5.47063574E-02 4.58180904E-04 -0.543552756 -0.966910720
 75 -4.78404909E-02 -0.172671556 -0.777779281 0.595799923
 76 0.793880880 -1.87426162 0.251956671 -0.260183990
 77 -0.776429355 0.692733169 1.05136108 4.96452451E-02
 78 -0.128092438 -3.56523693E-02 -2.00335193 2.09511852
 79 0.572047770 -0.678912342 0.500458598 -0.200267047
 80 -4.63423133E-02 -1.08476686 -0.608574927 -0.121535935
 81 0.148034185 -0.464823246 0.273036391 4.20312285E-02
 82 -0.821020842 0.767962813 -1.01283276 0.122497633
 83 0.206773669 0.139823526 -1.08108366 -0.323331982
 84 1.33846426 0.250751495 0.691975057 7.93001354E-02
 85 0.563170552 2.01775265 0.546591103 1.31654894
 86 -0.566376925 -1.14950871 0.301236153 -0.868242979
 87 -1.38683999 -0.891024590 -0.121765137 -2.01729250
 88 -0.286311209 -0.174665898 -2.19469190 0.347343087
 89 0.156925261 -0.224363863 0.542426586 -1.75805545
 90 -0.509211957 -9.99665484E-02 -1.23376131 0.252852619
 91 -1.45774794 -0.626212239 1.23919630 -1.97461677
 92 -0.328645170 -0.564959288 1.16942680 -0.217387542
 93 -0.922351360 0.162167922 1.57275736 -2.19206095
 94 -1.47968626 0.149987832 -0.521485627 1.52040529
 95 -1.47601962 -0.568294525 -1.10805190 0.157870620
 96 -0.522273898 -0.211005539 0.747175097 -1.76088929
 97 -4.64709401E-02 0.127670020 0.498231411 1.94491255
 98 -1.08033538 -0.964889407 -0.850739121 1.14770043
 99 -1.10460269 -1.34079480 0.271444350 0.695930541
 100 0.737349093 -0.206689671 7.52816647E-02 -1.43066776
 101 0.553989351 -0.306031764 -1.30154586 -0.737778604
 102 -1.00362623 -0.840537071 8.15287828E-02 -7.57627413E-02
 103 9.43599641E-02 -0.995351791 0.519499123 -0.911834240
 104 -0.398861647 -0.368629992 1.37361574 0.633167624
 105 -0.880415559 0.632044554 8.13325942E-02 0.741851985
 106 -0.472466141 -1.21713948 -1.21509147 -0.878936172
 107 -1.85713792 -0.561545372 2.99064629E-03 -0.140078723
 108 0.521119416 7.08083957E-02 -0.213498101 2.20876217
 109 -0.816097677 1.50041342 0.256089270 2.37624574
 110 -0.528591454 0.763316154 1.05757546 -0.915766954
 111 -1.17377698 -0.451447129 -0.192422569 0.597450376
 112 -1.06753242 -2.34316885E-02 0.154547185 -0.804264724
 113 -0.175276831 0.716324210 2.13606238 0.302549690
 114 -0.496290952 -0.585019588 0.677197456 0.263567179
 115 0.423019856 -0.455642462 -0.556076467 -0.394224763
 116 -2.26632023 -0.471737981 -2.11837962E-02 -1.27638531
 117 4.30304408E-02 -0.929314792 0.334476501 -1.28262079
 118 -1.74725509 -0.129927307 -2.13371396 -0.471302956
 119 -0.354996055 -0.108407930 -0.178931162 1.12911403
 120 -0.510541439 -0.809043288 0.899353206 0.321870387
 121 -1.18254566 8.42611194E-02 0.165320367 -0.481842041
 122 -0.107435450 0.679573774 4.58361469E-02 -0.982383251
 123 -0.216408774 -0.819424510 0.235509425 -0.745905995
 124 -1.17999613 0.682950675 -1.31652522 0.979490995
 125 -0.341926068 0.767414868 1.02050042 -0.872718155
 126 -0.690667510 7.29188025E-02 -0.487493068 0.178497806
 127 -0.706363678 0.111114621 -0.523053706 -0.120676801
 128 0.281973571 -2.36747289 0.286792308 1.38510478
 129 -0.540278554 1.12448204 -1.85707867 0.195041001
 130 0.446978718 1.75218701 -0.519534707 -0.756994903
 131 0.159525961 0.710104764 0.676020503 -0.158009648
 132 -0.498752922 -1.50569940 0.581832409 0.234317005
 133 1.00931692 -2.20936394 1.44478226 -9.42060202E-02
 134 -0.404109478 0.603419900 0.579627097 -1.73337507
 135 0.869230270 -1.53916097 -0.964591742 -0.187652141
 136 -1.22761071 0.483235478 -2.06527805 -0.317766875
 137 -1.09296405 0.189597428 -0.883189559 0.821371436
 138 0.552609980 1.66662252 -3.81028056E-02 1.09858119
 139 -7.74950534E-02 -0.820411623 -7.63063282E-02 -0.333250552
 140 0.650376499 -0.372448176 -1.00405800 -0.889567614
 141 -0.785171092 -0.276898712 7.08022714E-03 -0.786288142
 142 -0.991157532 0.521498919 -1.18116784 -0.938414156
 143 -0.665508151 -0.749987066 0.709621668 0.262458056
 144 0.271104336 -0.647417426 0.166293964 -1.12932575
 145 -1.49489129 -0.312976807 1.44157362 -0.288414508
 146 -1.17901099 -0.748068213 0.239439681 1.49495578
 147 -1.62938499 -1.34427893 -1.28318417 0.870611727
 148 -1.41552639 8.07640404E-02 -0.287668437 -1.51372230
 149 0.945443749 0.150320262 -1.50446761 0.447871745
 150 -0.189031571 -0.253204167 -1.09658289 -2.18087363
 151 0.347369999 1.78588676 -0.336768925 1.25652015
 152 0.137262121 2.29833150 -0.531146169 -0.406593025
 153 -0.372555852 -0.450915456 0.859056652 -1.32978499
 154 0.615716219 -0.739591062 -1.44531798 0.515555441
 155 0.681874275 0.817158699 0.417225450 1.44013715
 156 -2.60453224 0.253873408 -1.20322704 0.231265411
 157 -0.100731224 -1.69311154 0.136178479 -0.275731087
 158 -0.734980226 -0.140016750 -1.03766870 -0.513046622
 159 0.681026697 -2.29854512 0.636894882 8.98628384E-02
 160 -0.756451905 -0.407501996 -1.23186231 1.25395894
 161 0.815596938 -2.12935734 0.688568950 -1.60735440
 162 0.650890291 -0.747000396 1.31375086 2.83724274E-02
 163 -0.719136238 -1.77665126 1.75549686E-02 1.79547250
 164 5.66747636E-02 -0.824396372 -0.692946970 0.855339587
 165 -6.04343414E-03 1.26962781 0.721979141 1.38511813
 166 -0.361880809 -0.549199820 0.305316687 -6.97070807E-02
 167 0.152467638 -0.142537355 -0.432256043 1.21720338
 168 6.16317242E-02 0.246207654 -1.07367492 0.837277234
 169 -1.25849891 -3.67108732E-03 0.109122358 -0.512552738
 170 -1.46984720 -0.158885419 1.34009182 1.74440742
 171 -0.896089435 -0.221023589 0.422382176 1.65386164
 172 0.521499455 -1.60321736 0.226719201 -0.924210131
 173 0.394406438 0.360519797 -0.106652096 0.229055375
 174 -1.24600291 -0.767795980 0.314913243 -1.02659011
 175 1.33167195 0.108378574 -4.31189835E-02 0.297910124
 176 -2.42276490E-03 7.74028897E-03 -1.36723399 -0.187297359
 177 -0.847095788 -2.13787603 1.05952454 -0.230233759
 178 1.23169768 -1.51762712 0.942781806 -0.850571513
 179 0.596824884 -0.746380568 0.700842023 -0.351581752
 180 0.283660591 -0.687880516 0.334992856 0.971892238
 181 -1.85654557 -0.386180252 0.318639755 0.106621608
 182 -0.819678426 0.956908286 0.239262670 1.28499007
 183 -1.96152151 -0.565005302 0.448602021 1.52710056
 184 -0.282803833 -1.23699129 0.903690815 0.986947596
 185 -1.08511209 -0.628214598 0.229740292 1.44864607
 186 -1.02322674 1.44280040 0.837583780 1.06997657
 187 -1.38780975 -1.28825462 0.781097174 2.32744050
 188 -1.41440666 -1.38645017 -0.871429384 1.58248365
 189 -1.26453280 -0.692200541 -0.196743518 0.729740739
 190 -0.166515157 -1.20270562 -1.31713414 -0.872484088
 191 0.454802305 -3.85177881E-02 -0.763184786 -1.14245939
 192 -0.590303302 -0.463662297 0.758106351 1.64942288
 193 4.18846980E-02 0.239322871 0.880881011 0.443772256
 194 -0.444463581 -1.07332420 -1.65885973 -1.66865718
 195 -0.326054543 -2.64933515 1.04776502 -1.10778952
 196 -0.671782017 0.498913229 0.638100684 -2.07450271
 197 -8.81252587E-02 0.574271977 0.530246735 1.96462429
 198 0.277934313 0.616321802 1.55150676 2.27685285
 199 -0.498713821 0.740808666 -0.479027867 -0.269809395
 200 -0.405718297 -0.169690073 -2.81232452 -0.970372558
 201 -0.547802031 -0.578397751 -0.867796302 -1.53463483
 202 -0.454331458 0.481577635 -0.270186901 0.572672784
 203 -0.319953799 -0.277477056 -1.10454118 -1.01074314
 204 1.18295038 0.300394595 0.313303292 5.76484799E-02
 205 -0.546977282 0.467091262 -2.20274568 -0.457151145
 206 -1.15026593 2.01260972 -0.639154434 0.843425035
 207 0.398106992 -0.238439888 0.198595017 3.45433503E-02
 208 0.111545175 0.436836749 -0.960011721 0.642328620
 209 -7.83071369E-02 0.412099123 -1.76940119 0.466267765
 210 5.74531183E-02 0.920522511 0.755474448 0.503784657
 211 0.473508060 0.534975588 0.542554796 0.817434192
 212 -0.640864909 -0.638051808 -2.22496629 -0.576543272
 213 -0.134142667 1.19137740 -0.853678584 -0.123138331
 214 2.22268891 2.74032235 0.429984689 -9.92654860E-02
 215 0.149864346 -0.874560118 -0.171471819 0.906648457
 216 0.567686677 9.49114412E-02 1.00645721E-02 1.27681708
 217 0.388765067 -0.444324225 -2.49785662 0.421119899
 218 -0.789809883 -0.123437151 0.550987542 1.57587814
 219 4.37144935E-03 1.24229145 0.515438795 -1.12776494
 220 -0.303978503 -2.04424787 -1.87156594 1.12925005
 221 1.09452680E-02 -0.244296566 0.121220559 -0.464295834
 222 -0.248433143 -0.228447229 -0.839177132 1.15798593
 223 0.587502360 1.83058727 0.943580151 1.79332244
 224 0.151064724 3.67503762E-02 5.96331060E-03 -0.240657806
 225 -0.214427322 0.305382311 -0.718374372 0.841976345
 226 1.81346869 -0.808599830 0.510606766 0.498256326
 227 1.10017419 -0.728415310 -1.97426558 0.275497437
 228 0.377230108 -1.32752073 -0.361140847 -4.48224396E-02
 229 -1.36072528 -0.410848349 0.795537055 -2.39849612E-02
 230 0.802426815 0.578900397 0.626456380 -0.120507523
 231 -1.12400818 0.246117979 0.423034787 1.30969808E-02
 232 -5.54670133E-02 0.741832376 -0.340202928 1.18411899
 233 0.158225790 1.10655522 -1.15859890 -0.141852915
 234 -0.484508336 -1.40326047 -0.209421992 1.22778738
 235 0.266750932 2.12856579 2.04816055 1.13858283
 236 1.51820755 1.08839607 0.664788246 0.766587377
 237 -9.51612145E-02 0.419956714 2.12805867 1.40504766
 238 1.29707563 0.436136514 -0.955210030 1.72515583
 239 -0.821138859 -0.278275728 0.982057571 -1.20898950
 240 -3.36429738E-02 -0.645757139 0.235067725 -1.84674740
 241 -0.958838463 0.819365799 0.923442662 0.344374418
 242 0.776787519 -0.477574527 -0.415925205 1.27971804
 243 1.15878892 1.85565495 1.47725034 0.820239663
 244 -0.576707244 1.76341105 1.24123764 0.680126369
 245 1.74282598 1.24620128 -1.14095914 0.611145079
 246 1.95348299 0.243405402 1.20934737 0.349314988
 247 -1.28618729 1.76999784 1.28713977 0.944046557
 248 0.417628527 -5.14849722E-02 -0.677041054 1.53487277
 249 -0.638608694 -0.460354388 0.350941330 0.518602014
 250 -1.38675809 -1.04657602 0.675429821 -0.640205026
 251 0.287868589 -0.839633405 -0.562530816 0.201717734
 252 0.880099118 1.02914882 -1.23527670 0.316139072
 253 -0.538291335 -0.318284988 -0.873329639 -1.23466611
 254 0.129246414 -0.917785645 -0.154669613 0.369919598
 255 -0.749323547 0.615656734 0.130570650 1.59338200
 256 -0.741419375 -1.36977315 0.304651380 -0.723957658
 257 -0.126464248 0.949097395 0.715612888 1.02779877
 258 -8.35289881E-02 0.145157531 -0.528893352 0.969738722
 259 0.841621280 1.62161565 0.320365667 -0.314174622
 260 0.520310998 2.41908407 0.648320794 1.09743392
 261 -0.564489961 0.209013730 0.213096991 1.79939330
 262 -5.68703562E-02 -1.66884422 7.40845799E-02 0.419442326
 263 0.550426483 0.382899165 -0.103506468 -0.743656754
 264 -0.929523230 -0.333474874 -0.779216647 -9.30616930E-02
 265 0.573167086 -0.586526871 0.418111980 -1.10478151
 266 -1.13545465 0.805665195 0.951114655 1.92857385
 267 0.606955171 1.40218830 1.47874081 -0.514868677
 268 -0.265445173 -0.562300920 0.597305715 -1.21255243
 269 -0.919416487 -0.331240386 -1.03049600 -1.09078288
 270 0.302541077 -0.498488218 -0.202371657 -2.40511918
 271 -0.171867758 0.864788413 -0.369711518 -1.19590187
 272 -0.264095604 1.43795717 -0.119934157 -3.98846306E-02
 273 -1.23380578 1.38044286 0.115160406 0.748654246
 274 0.526376069 0.542500436 -0.607432961 -8.53801593E-02
 275 -1.08904374 0.345367968 -0.926208198 -0.858286262
 276 0.694540143 0.838168919 -0.753740609 0.545991778
 277 -0.480710566 0.241664380 -0.732863247 0.791358411
 278 -0.955885589 1.00890219 -0.325120270 0.621640623
 279 -4.65339385E-02 -1.06042099 -0.851268530 0.735636592
 280 -0.693528771 -0.708791614 -0.356030285 -0.927130461
 281 -0.128598034 -0.886856556 -1.37938023 -1.17883515
 282 5.27912527E-02 0.153488100 4.78017051E-03 0.667364836
 283 6.15678802E-02 -0.931471229 -1.49495864 1.41784263
 284 1.13656974 0.984168530 0.809910715 -1.17035675
 285 -0.350715578 -1.24285340 -1.46857202 0.868030369
 286 -0.472922742 2.83019042 0.370506912 2.07075071
 287 1.56956446 8.66191387E-02 1.84337389 -0.510036767
 288 -0.727059066 0.193243772 9.42450017E-03 -1.92657614
 289 1.07176256 0.101082996 -1.05220282 0.769717097
 290 1.07747030 2.11685872 0.821320593 -6.05782941E-02
 291 1.63471365 -0.234126508 1.20785904 -0.243382782
 292 -0.328526527 1.74132955 -0.349214941 0.260703564
 293 0.715858936 1.82581437 0.210278034 1.21731663
 294 -1.17138624 -0.105314553 4.28763032E-03 0.290250897
 295 -1.63713598 0.671565950 -0.422999561 3.11308652E-02
 296 -2.57169700 -0.305130571 -0.119315222 1.43041134
 297 -2.39864779 -0.473836482 -0.350136161 -0.780564308
 298 -0.493370622 2.00892901 0.923730135 0.108525559
 299 -0.163703769 0.915855229 0.730027676 -0.582620144
 300 -0.363078713 0.821023703 0.160978615 1.02952278
 301 0.604408503 1.48414207 -0.323134899 1.05580699
 302 0.226203382 0.806826293 -0.137412563 1.44058311
 303 8.50074962E-02 -0.988251805 0.937757254 -1.20122361
 304 -0.658947349 -0.297758758 -1.32200742 -1.01540792
 305 1.45644963 0.359167576 0.449255735 -0.518569648
 306 1.93587673 1.13384390 -0.655910671 -1.16738474
 307 -0.262016177 0.231163025 2.19990993 0.321599156
 308 -0.174308598 -0.728063464 0.616405606 0.777441740
 309 0.679509223 1.15674436 -0.660877943 -1.51728165
 310 -0.414983511 0.833200336 4.71964702E-02 0.421209812
 311 0.851386249 0.255842805 1.65072536 -0.516185045
 312 0.437571943 -0.431826800 3.53461802E-02 -1.13585484
 313 8.85552689E-02 -0.123143002 0.184347585 0.623594522
 314 7.90858790E-02 1.80774546 0.607190192 2.47431254
 315 1.69490671 1.16745842 1.08428240 0.119035229
 316 0.776713431 0.295874566 -0.512295365 -0.763578773
 317 -0.930967391 -0.616893113 -0.282168627 0.404189020
 318 -6.47136848E-03 0.978413045 -1.27314484 -0.217674464
 319 0.416305274 -0.361525804 -1.76483381 0.973469794
 320 0.326141059 -0.199669451 -0.148563802 0.121142909
 321 0.174728483 -1.06569517 -0.427253664 0.921014547
 322 0.431211829 -0.654020905 0.658909082 -1.08307612
 323 0.930133998 0.853356838 -0.262245864 -1.30070806
 324 0.260135472 -1.54217768 0.399732113 -1.86681437
 325 1.07266235 1.35341728 -0.893020034 0.902100265
 326 0.311173618 -0.617521644 0.991652846 1.32936561
 327 0.191549778 -0.761601388 -0.769124866 -0.988074422
 328 -0.836048067 -0.686233401 -0.130947500 0.176203549
 329 0.413212061 -2.48625064 -0.309542626 1.70580006
 330 1.29189396 0.607188940 -0.673648417 1.32526231
 331 0.587651730 0.794755161 -6.47236481E-02 0.559133410
 332 1.11306965 0.464125395 -0.833105326 -0.834548354
 333 0.937159479 -0.307698667 0.239268064 -1.06771708
 334 0.914335966 0.389320225 -0.265310943 -1.23385239
 335 -0.183934838 -0.357333720 -1.63687325 -0.746772408
 336 1.50903463 0.135736361 -1.54454207 -0.119164385
 337 -1.05738807 0.624269605 -2.14383054 -1.28148472
 338 -1.55086184 -0.980646670 1.15662110 0.364409775
 339 -0.686920762 -0.751500249 0.208092809 -1.60175848
 340 -0.455479354 -1.19001663 -0.216233075 -9.18375421E-03
 341 0.555532098 0.845011473 1.10873890 2.69307494E-02
 342 -1.12078953 -1.74155056 1.60020614 -0.434981227
 343 0.501618385 -0.428878248 -0.104071021 2.25641155
 344 -0.201239407 -0.751473129 -0.370839983 0.203145355
 345 1.10329580 1.81163251 1.30630982 7.90813118E-02
 346 -1.44114721 -1.60012722 -0.114097074 -0.485315919
 347 -0.905193806 0.263594538 -3.85800004E-02 1.75455689
 348 1.26521552 0.543177724 -0.236614302 0.556248724
 349 0.342604935 1.96960342 0.321545482 -0.539715528
 350 -1.58311450 -1.40457988 1.06308293 4.18640822E-02
 351 -0.791055739 -1.88857818 0.713159442 -1.09988701
 352 1.15490127 -0.471907437 -0.641386807 0.754586458
 353 2.05157781 -6.63641095E-03 -0.191503137 0.885639071
 354 -1.43997574 0.187962562 0.309647858 1.01326156
 355 0.134564251 0.306000829 -8.05635601E-02 0.516293645
 356 -0.545474172 -1.21258795E-02 1.33680820 -1.85992479
 357 -0.609453559 -0.154538617 1.53619778 0.148271412
 358 -0.428209841 -1.28606009 -0.690507770 -0.859602749
 359 -0.394050747 0.602746725 0.833130240 1.06232417
 360 0.803678513 -1.04239047 0.804988265 0.213464022
 361 -0.251112252 -0.407409072 1.47001296E-02 -6.93817139E-02
 362 -0.353205502 -1.18949580 2.51736939E-02 -1.09826446
 363 0.398311764 -0.939392388 -0.253214240 0.753475845
 364 -0.430351734 -9.47257578E-02 0.568001866 -0.894506156
 365 7.84058869E-02 -0.428129315 0.122674569 0.847573102
 366 1.04657888 0.569965482 -0.450427502 1.55847776
 367 -7.28986189E-02 -5.23632765E-03 0.446229994 1.24502647
 368 -0.540005863 1.05277288 1.19250286 0.752140582
 369 0.301350147 -1.70015693E-02 1.05395365 -0.863216043
 370 -0.319038242 -2.02130675E-02 0.230854765 2.28101540
 371 -1.01129651 1.43272924 0.214446843 1.14526165
 372 0.220043838 0.798323452 -0.989629507 0.224751264
 373 1.00692272 -0.887976527 -0.804445326 1.11294687
 374 0.399375767 1.56043494 0.479870498 1.14990473
 375 -0.538804352 0.372289807 -6.54737726E-02 -0.452342242
 376 1.24199975 -0.567391932 0.721984088 0.384966582
 377 0.948921502 -0.885461926 -0.639070511 -1.10396242
 378 0.510044694 0.300476313 0.420761436 -0.999424398
 379 -4.51381877E-02 -0.235979542 -1.53963935 0.231344581
 380 0.987134814 0.271057367 -8.67243707E-02 -1.46398878
 381 -0.551755428 0.587935328 0.936302423 1.04001272
 382 0.427372128 -0.126683384 0.202682525 -1.00943482
 383 0.324884742 2.41912937 0.375692666 0.434954464
 384 0.146639496 -0.327342421 -0.330501556 0.392354608
 385 -0.426290989 -3.48789245E-03 -0.551057279 1.20766771
 386 0.101933807 -0.509350598 0.240674257 1.25483227
 387 -4.84478772E-02 0.939482272 -0.439982533 0.251876920
 388 0.855921865 1.14219117 -1.18638384 -0.102986842
 389 -0.832931638 -0.216913745 0.120767370 1.17482328
 390 0.789296806 -0.335939914 0.805876195 -0.400893748
 391 -0.397360712 -1.34662461 0.481892139 -0.956797957
 392 0.159603685 -1.94713473 0.674088180 -1.26077592
 393 1.31390977 -3.69601846E-02 -0.435833693 -1.12552285
 394 -0.735001326 0.439008862 -0.399649560 -0.162777022
 395 1.02142715 1.05967569 0.192991868 -2.23003477E-02
 396 -1.18909478 1.19352221 -0.628347278 -0.106648952
 397 5.20146228E-02 0.107462749 -0.151846111 0.778850555
 398 -0.439586639 2.60627508 -6.52629882E-02 -9.94822979E-02
 399 0.160370439 -0.504037142 -0.608711004 -0.194068223
 400 2.89546156 -0.237900615 0.637736499 0.779023468
 401 1.19688523 -0.268548369 0.729197502 1.69886041
 402 1.49498200 -0.112274528 -1.25271797 -1.37780166
 403 -1.62468243 -1.44106245 -0.323925734 -0.322943270
 404 -1.08422017 0.573705792 0.554538131 -1.34880400
 405 -0.205936596 0.961357713 2.76085325E-02 -6.23469353E-02
 406 -3.47030312E-02 0.891298771 -0.705031514 6.62416220E-02
 407 -1.25146866 -0.557314634 0.418970972 -1.50137067
 408 0.381713063 -1.26737475 -1.03288889E-02 -0.233477443
 409 0.664235711 0.555229604 -0.897748291 0.666823983
 410 -0.541245103 -0.552895367 0.518458784 -0.840145111
 411 -0.697620511 0.811905861 0.541147113 1.02979392E-02
 412 0.691957176 -0.986261070 0.511477590 -0.516348064
 413 -0.904655516 0.227063432 7.00795203E-02 -0.841119409
 414 -1.05246973 1.83425701 0.120166197 -1.72616935
 415 -0.175208032 -0.323979139 0.927653313 -1.09499240
 416 0.387044162 2.60023355 1.20780087 -1.95143723
 417 -0.757890284 -0.282792300 -0.659247279 -0.118617341
 418 1.00642371 1.29003215 4.82785776E-02 5.39238155E-02
 419 7.62857497E-02 1.46406889 2.19728053E-03 1.17670882
 420 1.46990824 -1.28416419E-02 -4.18262184E-03 8.36232305E-03
 421 -0.302812010 -1.02083385 -0.560918748 -0.629865527
 422 -0.163731888 0.712090552 0.634223223 1.04340744
 423 -0.273444772 -0.565105140 0.714822650 0.616095543
 424 0.598232567 0.247020826 1.43654323 -1.31535339
 425 -0.491444170 0.238342315 2.42018580 -0.804931581
 426 0.269784123 -0.571332276 2.18284316E-02 -1.51455891
 427 -0.688550889 -1.40147758 0.593003750 0.437937886
 428 -0.912354469 1.25930572 1.11850226 -1.28373647
 429 -1.11604929 -1.17420101 0.344941854 -0.766800463
 430 -0.780803323 2.55063128 0.699934244 -1.25895143
 431 1.55726266 -0.459048986 -0.221645340 -0.350199103
 432 -0.574636638 -1.06336892 -0.206247300 -0.727308273
 433 -0.960036993 -3.73423100E-04 -1.01703370 0.734595418
 434 -1.80031732E-02 -0.494716823 -1.51629603 1.03348088
 435 1.84851512E-02 -1.04389012 0.473466486 -1.10212958
 436 -0.215936869 -1.49127841 -7.94631988E-02 -1.15807045
 437 1.20753968 1.65554869 1.59709084 -0.277825266
 438 0.594403207 1.40846980 0.814256549 -5.90869486E-02
 439 -0.516586125 -1.79430103 -1.41328919 -1.03129995
 440 -0.221269548 -2.85136867 -0.126021445 -1.10906219
 441 -0.383928597 0.104830101 0.416424781 -0.355760604
 442 -0.951889992 -0.103329979 -0.129567266 1.22551000
 443 -1.19009209 -1.79077315 -1.11220491 0.749665082
 444 -0.652336836 -1.36971867 0.477094352 -0.207889318
 445 -0.744827151 -0.978970051 0.148209408 1.49337649
 446 1.15127778 -0.913908005 -0.214476794 0.468694806
 447 -2.46811152 -1.18767893 0.301708490 0.382072538
 448 -0.215427384 0.688572168 0.439045936 -0.370982200
 449 -2.54989290 0.328005373 -0.837942541 0.652095318
 450 0.561137855 1.08750498 0.379289001 0.522269785
 451 -0.599490643 0.305820942 2.22495222 -1.72075880
 452 -0.334748030 -0.979714036 0.240356982 1.06539667
 453 -1.31901670 0.355510861 0.262694955 -3.66240218E-02
 454 -0.496817261 -0.337782264 -0.849885523 0.978594780
 455 -0.408305109 0.156325907 -0.338068634 -1.85652554
 456 0.670123339 1.84946716 0.465255111 1.94818759
 457 0.826395810 2.75159217E-02 1.66430497 0.198409423
 458 0.513261497 -1.33032322 -0.161608011 -0.170614392
 459 0.204411387 1.16750050 0.219557330 1.25187337
 460 -0.284282804 -1.69556689 -0.730230868 -1.07264185
 461 0.606232643 1.71809185 -0.438101768 0.144716650
 462 -1.31107068 0.230136737 0.299860030 1.52782345
 463 0.656468749 -9.25308615E-02 -0.681575298 -1.26337767
 464 0.508540273 1.47562647 -0.472399354 -1.09743142
 465 -8.24871957E-02 0.863313317 -0.306556016 1.52603090E-02
 466 0.808701992 0.205844373 0.763761520 -1.21400559
 467 -0.685307086 0.486132771 1.03573203 -1.25884891
 468 0.240797698 2.06152582 1.42908692 0.186499283
 469 -1.53307092 -1.28196955 -0.166220337 0.744118273
 470 -0.976277292 -0.912481666 0.312746018 -1.08154130
 471 0.993208230 6.78891763E-02 -0.821815550 0.792998910
 472 -0.538831115 -0.303481519 -0.693207026 0.144657180
 473 -0.526729465 -1.63049591 0.340323687 -1.20133209
 474 -1.57260668 -0.883880377 0.622344315 0.564682603
 475 0.948428273 -2.63571644 0.619949460 -5.86452745E-02
 476 -1.47157085 -0.119772866 0.571159661 -1.57795322
 477 -0.717964530 -2.72215939 -0.408260405 -0.362763494
 478 -0.337568790 -1.20342481 -2.71155143 -1.12626123
 479 -0.166546136 0.958998084 1.09767854 0.830749631
 480 1.37649298 -1.60987556 0.816874206 -0.473129988
 481 -1.13340473 -0.152673513 -1.58817220 -9.33331251E-02
 482 -2.17910337 -0.765003383 -0.285156369 -1.81134558
 483 0.956970334 1.76564729 0.439038694 -3.90471406E-02
 484 -1.62109220 -1.34086311 0.829925358 -0.926975071
 485 -1.50350881 -0.640198529 0.413502932 -1.74886072
 486 0.481964141 0.466854811 -0.173397362 0.891262710
 487 -7.87463039E-04 -0.617050290 0.410494030 -1.09226537
 488 5.70510253E-02 1.16469121 -0.273365259 0.969920695
 489 0.209393770 -1.05675364 -0.234168038 -0.871690512
 490 0.625603318 1.35358500 -0.453668416 1.22604358
 491 -3.85899395E-02 -1.08658409 -0.747714996 -1.09457207
 492 -0.502605915 1.49526882 6.50848523E-02 0.608704805
 493 -0.135748714 -0.334070951 0.559334993 -0.800288618
 494 0.593326151 0.893196523 -0.628329039 -0.166375294
 495 -0.368762344 1.53868818 0.983904004 -0.993100703
 496 -2.83858871 -0.661583364 0.333742648 -1.14476407
 497 -1.05319715 -0.564440727 -0.532541037 -2.15195441
 498 -1.87909853 0.230179727 0.772353649 -1.19689810
 499 0.318766356 1.28070426 0.949847341 -0.674756646
 500 -1.14996231 -1.62361264E-02 1.60411763 0.777450800
 501 -2.03569007 2.01937314E-02 -0.611982226 -0.150320262
 502 6.05695024E-02 2.41824365 2.50307703 -1.89517811E-02
 503 -0.208643258 1.07046592 -8.32545310E-02 -2.67232582E-02
 504 -0.341802359 -0.715756834 0.283785462 -0.813943326
 505 0.581897259 -1.48357582 -1.44040418 -0.256299257
 506 -1.51361465 -5.56145608E-02 0.792263985 -1.34070849
 507 -1.00523436 -1.04206574 0.456105113 -0.749688625
 508 1.25529790 0.299833357 0.530178785 0.894246280
 509 1.55592978 1.22110927 1.47691369 -1.10473764
 510 0.371710807 0.580071092 -3.92006636E-02 9.95423794E-02
 511 -0.514756203 1.16744852 -0.593454480 -1.28585804
 512 -0.675280035 0.978727162 1.75729442 0.972998857
 513 0.522858381 0.241076082 -0.198289111 0.122544065
 514 -1.40423298 0.318213224 1.81274629 -0.500471830
 515 -0.406998992 0.145623416 -0.598467708 -2.28516012E-03
 516 -0.297391474 0.303773522 1.92130947 -1.82615674
 517 0.421474189 -3.20903659E-02 -0.783556402 -8.68788287E-02
 518 -0.628500879 3.64627689E-02 0.408236325 0.721843898
 519 0.311714143 -0.989689291 0.133980900 -0.215457380
 520 -0.459874570 -0.892804563 -0.503154397 -0.636605203
 521 -1.40494633 0.116939619 1.12883484 1.22734582
 522 0.529922068 0.671815515 1.79572594 0.703480601
 523 -1.05796611 -7.78664351E-02 0.559064984 -0.157452106
 524 4.90681566E-02 -0.296147287 7.60560855E-02 0.125052184
 525 -0.469588339 0.177032754 0.352390558 -0.678371251
 526 0.507067919 -0.371834338 0.725568116 1.05829871
 527 0.737218380 -1.14334428 2.82824850 -0.750220716
 528 0.951886892 -2.17959619 1.42806721 1.07565570
 529 0.500278592 0.640965819 1.13770580 -2.31971645
 530 3.96666601E-02 1.11882126 -1.17268491 -0.689279854
 531 0.249713019 -1.52326381 0.686111391 2.27247334
 532 -0.898102343 -0.263727218 0.673105717 -0.185624897
 533 -0.211013615 0.786596179 0.633229077 5.00049889E-02
 534 -0.769258261 4.11036760E-02 -0.701691866 0.196400344
 535 -0.755194187 0.222978413 -2.03413439 -0.399298608
 536 -0.791482747 -0.260699868 -0.195248440 -0.789493918
 537 -0.845359564 -2.18292427 -0.318120509 -2.38611841
 538 -0.166834727 0.797097564 5.80564290E-02 -0.797129631
 539 -1.74462473 -0.331290066 -0.476501405 1.06512058
 540 -1.56791735 1.08295107 1.00987732 -1.92270017
 541 -0.957957029 -0.143628448 0.236882165 -0.144776136
 542 1.08579731 0.797747910 0.851551950 6.12580627E-02
 543 1.11847353 1.12381220 -2.30498624 0.459065795
 544 0.166848585 -0.929313064 -0.570370674 1.21958280
 545 -0.141640693 -0.747615695 -0.442371488 0.906755626
 546 1.33824897 1.00036955 -0.461778075 -1.87815762
 547 0.251182735 -1.06500554 -0.218700647 -0.503994465
 548 -0.856002629 -1.31955290 1.32970655 1.04752326
 549 0.208018273 1.46028662 -1.14199340 -0.580773830
 550 -1.55800033 -0.836344481 2.13907659E-02 -0.474918514
 551 1.15571856 0.667236149 -0.807897806 1.52514374
 552 0.151986971 0.234002560 -1.66161954 -1.17762828
 553 0.947334051 0.893303633 -1.40367723 -1.14616227
 554 0.473147273 -1.19962287 0.541896939 -0.865841091
 555 -1.55381870 6.46436214E-02 -0.656220019 0.426751137
 556 -0.891255617 1.95136809 -1.26218402 0.903905332
 557 -0.127434433 -1.48330450 0.908887148 -0.305030912
 558 -0.517300606 -2.85907602 -0.412705690 -0.889963448
 559 0.340564340 -0.172720686 -1.06586862 -0.302017957
 560 -1.43200171 -1.30411625 -0.505803883 0.838768363
 561 -0.395060390 0.371880054 -1.68585598 0.117363133
 562 0.260672480 -0.418253720 0.877651989 -1.57862830
 563 -0.862207532 -2.04855967 -1.61579621 0.247130632
 564 -0.446279109 -1.15361094 9.52106044E-02 9.60312262E-02
 565 -1.65007246 -6.46494925E-02 0.509343863 0.717513204
 566 0.986955464 -0.865709066 -0.741072834 -0.988642633
 567 6.11657128E-02 -8.23272765E-02 -0.586788237 -0.336714804
 568 0.819856346 0.903765798 -4.72854972E-02 0.101267919
 569 -1.45128453 -1.26573682 0.704352975 0.166045427
 570 2.31264114 -0.744420052 1.14569068 -0.273461282
 571 -0.535715103 -0.530333161 -0.466230005 1.53810155
 572 -8.14240277E-02 0.216036320 5.54751083E-02 0.526603401
 573 -0.379289031 0.565329790 0.174377710 0.295077443
 574 0.519067705 1.02788353 -0.274928182 -1.13817382
 575 0.597046733 -1.16020513 -1.00001192 -0.955362737
 576 -0.226228118 -3.70902777 -9.26860571E-02 -1.12087858
 577 -0.292237490 8.74581039E-02 -0.499822110 -4.92479131E-02
 578 -1.95528221 0.848351598 1.28425312 2.79413962
 579 -0.600999475 -1.26745665 2.28354009E-04 -1.34782362
 580 -1.08401573 -0.351314425 0.743615627 -5.20942658E-02
 581 0.133853585 0.500742257 -0.420305222 -1.46780610
 582 0.221681342 -0.733114183 -1.30641890 -0.905171812
 583 -0.726069987 2.19444132 1.74844193 1.93998623
 584 -1.27878833 -0.826471627 -0.715835452 -1.31076622
 585 0.675496101 -0.306815267 1.13538027 -0.427388310
 586 -1.02100205 -1.20288801 -1.34408760 -1.06280959
 587 1.08705854 0.816046536 1.49283338 -2.22389865
 588 0.711028218 -0.557115078 -0.400063038 0.161435813
 589 -0.908598363 -1.44986987 -6.82064146E-02 -0.639996707
 590 -1.88573551 -0.395355672 -0.490950793 0.138740242
 591 1.54189956 -0.529394746 0.772882998 -1.26599085
 592 -0.910963833 0.464337707 0.681100368 -0.901837766
 593 0.355770200 -1.65587723 1.33382821 0.139542043
 594 -0.252150416 -0.102432840 -1.17062736 -0.955601275
 595 -4.00402173E-02 -0.606836379 -0.593964696 -1.00591195
 596 -1.54463828 -0.166284084 -0.302499354 -2.07837415
 597 0.875830650 -0.630386114 -0.212008938 -4.05359268E-02
 598 -0.901709020 -0.289260805 -0.831165195 0.936003923
 599 -0.557535589 -1.06791413 -0.169294581 -3.05291191E-02
 600 0.908239722 -1.21708429 -0.258979619 0.245981559
 601 3.76861542E-03 0.998286486 -1.14086366 -0.366603881
 602 -0.200831205 2.42752814 1.11133945 -0.971559048
 603 0.496623635 1.07391775 -0.643461585 6.99485540E-02
 604 -0.817380071 -1.18875039 -0.528346658 -0.990606129
 605 0.368149877 -0.392421693 0.123802975 0.405431241
 606 -1.33113122 -1.39005959 -1.35984695 -0.237623662
 607 -1.13316524 0.523739934 -0.730934441 -1.20823777
 608 0.747706056 0.261203825 1.88646317 -5.77577204E-03
 609 -0.253345490 1.02149332 -3.11232954E-02 0.506656408
 610 -1.27824712 -0.557523966 0.929501951 -0.841415167
 611 0.442010552 -1.54093385 1.07440794 -0.727197230
 612 0.710100174 1.93824565 0.500832379 1.17633224
 613 -1.36965895 -0.172431335 -0.155745715 -9.86160114E-02
 614 5.62642068E-02 0.306435078 0.206749409 0.924991906
 615 -1.38237572 -1.22321379 -1.91605639 -1.27164531
 616 -0.849372327 1.03214896 0.342370152 0.704855680
 617 -1.41209805 -1.56356549 -2.63996601 -1.02964807
 618 -0.303295463 0.907373667 0.999297619 2.06821251
 619 -2.96102357 -1.11247826 -1.19205868 0.383947790
 620 -2.44453263 1.07096958 -0.829852700 0.996336579
 621 -0.972745180 -0.477584928 0.447881758 1.22732520E-02
 622 -1.16711223 -0.562090516 1.25418210 -0.462925613
 623 -2.20486569 0.937538087 -2.18373203 -1.83412981
 624 -0.944579363 -0.976470590 -0.202473000 -0.244848415
 625 -0.526329696 -0.328744829 0.268928230 -1.70125389
 626 -1.10450411 -0.566971064 0.618969202 0.854529560
 627 -1.68068099 0.229837477 -1.40588057 -1.62400663
 628 -0.613662660 1.05110312 -1.37670422 -0.166664839
 629 -2.24430728 -1.08444428 -5.85657060E-02 -0.378363132
 630 -1.95761764 -2.17796135 -9.41235051E-02 -2.27138329
 631 9.31341499E-02 2.93479711E-02 9.32677984E-02 -0.974702001
 632 0.280115783 9.17707086E-02 -0.486959934 0.345700771
 633 2.16662860 -1.43482149 0.757398248 -0.154335827
 634 0.181419820 2.80194730E-02 -0.915661097 -0.113815911
 635 -0.694685698 -0.957409680 -1.81006682 -0.456849337
 636 -1.48083925 -0.484482467 -0.563515306 1.54959679
 637 -2.20568395 0.536202610 1.41966939E-02 -8.66419524E-02
 638 1.71588326 0.460067362 -1.14131343 -0.401919842
 639 0.166186392 -1.49262476 0.980810761 -1.28815699
 640 -0.693925083 -0.125542924 -0.237280160 -1.09623778
 641 -0.247819185 -2.52276659 -0.855110645 -1.98533976
 642 -0.533799648 -0.205461323 0.118868977 0.127772063
 643 0.389286935 -1.13993490 -0.498040080 -1.98632479E-03
 644 1.04176378 0.151361078 0.797713697 -2.31272364
 645 0.388272822 -0.401772648 3.42071950E-02 0.335870653
 646 1.56069601 -0.858793139 0.280919343 5.24112284E-02
 647 -0.324777663 -0.740679264 -2.35696697 -0.733478308
 648 -0.387686074 0.509764433 0.636203110 -2.07665610
 649 2.34360313 0.802569032 -1.12205029 -5.29043376E-02
 650 0.328374445 0.275830001 1.26272511 -1.23504269
 651 -1.07174718 0.876625240 -0.166733682 -0.907335162
 652 0.128344089 1.86315942 -8.86809081E-02 -1.32159138
 653 -0.675959647 -1.48007393 -0.183921963 -0.475559860
 654 -0.990117013 -0.378363073 -1.98452222 0.858302474
 655 0.167512342 -1.60837889 -0.281700671 -0.714465559
 656 1.77929020 0.864145398 -1.60285115 0.482082069
 657 -0.339084297 1.49113834E-02 -1.69301271 -2.01429296
 658 -0.605977356 -0.129720628 -1.44131029 1.27140045
 659 1.04733288 0.760590613 0.314640045 0.574425578
 660 0.622500300 0.755201757 0.216440380 1.28344870
 661 -0.545614004 -1.37312424 -0.715035558 0.588407278
 662 0.541496217 -0.705090284 -1.74690604 -0.133295760
 663 -0.186284214 -0.632369280 1.24339449 0.170277327
 664 -0.350543141 7.15292096E-02 -0.924825072 -0.169802606
 665 -0.552262068 -1.75762498 0.214130163 -1.49651492
 666 0.537126839 -0.914647341 -1.13580251 -1.16450679
 667 0.201184511 0.275219649 -0.801942348 -0.192109138
 668 1.37121010 -1.56002855 0.944219828 -1.31531715
 669 0.532392502 -0.954024851 -1.06899619 0.261075675
 670 -0.519667745 -2.49710822 0.422907442 -2.01287985
 671 -2.67469716 0.873620749 -1.47090936 2.33001041
 672 -0.208905533 -7.04648048E-02 -0.369638741 -0.343544871
 673 -0.299914241 0.195037097 0.323506624 -1.99831975
 674 1.05231333 0.178142577 -1.44753170 -2.26451135
 675 -0.142114520 1.68326807 -0.912689328 8.58939737E-02
 676 -0.451520771 -0.225503609 0.184193164 -0.772225916
 677 -0.361946911 0.351880789 5.54180518E-02 -2.17365995E-02
 678 -1.38495564E-02 -1.04066813 0.320455670 -0.616236925
 679 -0.423105985 -1.23011172 0.414839625 -0.257807463
 680 -0.444988072 -1.72158718 -0.511349440 -1.00559914
 681 -0.634158909 -1.24322271 0.675255239 -0.808995128
 682 -0.990641773 -1.03693402 0.496680915 -1.38826466
 683 -0.836272120 1.13233244 1.42522454E-02 0.928299963
 684 1.45426631 0.645646989 -0.500999391 -3.50953341E-02
 685 -0.807196140 0.477887243 -0.564787209 1.07657158
 686 -0.302401960 -2.98352957 0.947673738 -1.15795755
 687 -8.41589496E-02 1.98212111 -0.923125029 0.352518231
 688 0.288420647 -0.618950307 -0.120405309 -3.47327068E-02
 689 -0.617057920 0.408453912 -1.10416138 0.238120690
 690 0.383120388 -0.317882180 0.617967367 -1.72533798
 691 1.86969435 -0.937952101 -0.137520373 0.652696252
 692 1.19064164 1.97781944 0.375307143 -0.697162926
 693 0.423577100 5.23403287E-02 0.398855746 -1.23534060
 694 0.452191591 -0.460159332 1.26669514 -0.156346500
 695 9.10987854E-02 -1.35105276 -0.857526839 -1.22285438
 696 -0.387000740 -0.111131132 -0.877188265 3.97789404E-02
 697 -0.130912036 0.915863037 -2.31093097 -0.383575231
 698 -0.601582468 2.05095673 0.141221508 0.491694659
 699 0.648947239 -0.452695101 0.614996374 -1.65809369
 700 -1.24980366 -0.915163457 -2.30623364 -0.100627646
 701 -0.716792047 -1.52692842 -0.797600985 0.475800127
 702 0.542325854 1.68679714 0.180365071 -1.40048265
 703 -1.41633642 -0.524743378 -2.78123021E-02 -2.19297838
 704 1.55301940 -1.48073363 -0.800893188 -0.111036241
 705 -9.97826159E-02 -0.111356132 1.06765795 -1.94447041
 706 1.33971989 0.789695024 -1.40402298E-02 1.66214705
 707 0.326300085 -0.637592316 4.94040549E-03 0.946244121
 708 0.497471094 -0.649857819 0.568809748 9.86099541E-02
 709 -1.90277791 2.95466089 -0.500467300 2.35346103
 710 -0.920871198 1.15898824 0.338183701 -0.138142139
 711 0.290706307 0.775350273 -0.286863863 0.237310961
 712 -1.41821468 -0.383521020 -1.02095556 -1.24290681
 713 -0.731578529 -0.419358343 0.542490840 0.447997004
 714 -0.698336542 0.741132021 0.235798210 -0.258985102
 715 -7.03540295E-02 -1.19702041 0.715056539 0.952255845
 716 -0.371967286 -7.31336772E-02 -0.331071496 -1.83700299
 717 1.75755489 -0.160775423 -8.50278065E-02 -1.14978063
 718 0.539883614 3.59249115E-02 -1.49300456 -0.780081868
 719 -1.04832637 -2.30219364 -0.163094893 -0.149622977
 720 5.02107143E-02 -1.27719152 -0.509709835 -1.28904366
 721 0.430838108 -0.830836117 0.496850252 0.460155040
 722 -9.61713791E-02 0.729575157 -0.121044397 -0.448383391
 723 -0.501340508 1.67193246 0.314503729 -0.750546098
 724 -0.165267706 -1.16442597 2.16426104E-02 0.567896426
 725 0.850240827 -0.387167037 -1.08850777 0.123657651
 726 -0.533386767 -1.35968792 1.56266391E-02 -0.573333859
 727 2.54647136E-02 -0.121587217 0.542415321 -0.377125323
 728 -0.502071977 -1.09778762 -0.426823229 -0.617518246
 729 -6.13607466E-02 -1.86650288 0.500979066 -2.06630516
 730 -0.367857993 -0.265945464 -0.347213596 -0.262205124
 731 1.06330395 -0.860954165 -9.10776854E-02 -0.476683021
 732 -1.17132735 0.106426120 -0.125003904 0.187888905
 733 -8.42980891E-02 0.197370321 -0.520505190 -1.21168280
 734 -0.220717952 0.546780825 0.518584847 -0.947626710
 735 2.31967688 1.19097292 1.46439862 0.134269252
 736 0.610698104 -0.257763743 0.268413961 -1.33002877
 737 -0.320487976 1.12194240 1.41206527 -2.38553762
 738 1.20761859 1.16597033 1.24023950 -0.626434267
 739 1.16552389 1.82190168 0.523704290 1.21098220
 740 -0.443063676 -0.116145849 -0.310613036 -1.41936111
 741 0.306328505 -8.77654552E-02 -0.676668823 1.24126160
 742 -1.15517831 1.09958935 -0.830497384 -0.220549077
 743 -1.09007239 1.09263992 -0.715771079 1.57436538
 744 0.428025693 0.381089807 -3.63838896E-02 0.157120496
 745 -0.172712281 -1.02933741 -2.79465020E-02 -1.85305345
 746 0.548750699 3.67374346E-02 6.90718591E-02 2.31883824E-02
 747 -0.175124377 1.42219973 0.407627344 -0.439956427
 748 -0.951566577 1.58434975 -0.199299395 0.264297664
 749 -1.50296509 -1.13189054 -0.824344993 0.886783242
 750 1.50307977 0.200994700 1.21468520 -9.27157179E-02
 751 0.540140152 0.715183854 0.339676499 -1.04206610
 752 -1.20600414 -0.600171030 -0.583097339 -1.28290200
 753 0.644414067 6.22272044E-02 7.83473849E-02 -0.782751560
 754 4.07471135E-02 1.34028494 -2.15237546 0.932547808
 755 -0.399718463 3.76092196E-02 -0.868264019 5.18691838E-02
 756 -1.15231156 -1.91384721 -2.37178278 0.291876227
 757 0.340485603 -0.263517082 0.323815167 -1.74305618
 758 -0.567566812 0.824036717 1.42944193 -0.929369092
 759 1.29963112 0.601661980 -1.80877090 2.94990987E-02
 760 -0.229558915 -0.138605565 -0.806692421 -0.108727396
 761 -1.91906500 0.505033255 0.151355892 -0.253236860
 762 -0.952121258 0.414489180 0.700774968 0.206828028
 763 0.464568049 -0.943938136 -1.06007636 -0.222284526
 764 -0.720205665 0.399118394 -0.986321211 -0.607848585
 765 -0.579267740 0.636957526 -0.874288142 -0.534971535
 766 -0.391092032 9.15095434E-02 0.274034202 -0.429331362
 767 0.436954945 -0.831851184 -2.14722252 -0.173443079
 768 0.390917301 -1.18791258 1.26448047 -0.891740024
 769 0.590299428 -0.330805987 -0.904572546 0.332320303
 770 -0.138878509 0.250281870 0.172839552 -0.253024101
 771 -0.347936600 -0.848906934 -0.162644669 -0.773053646
 772 0.509949327 5.13742380E-02 -0.367667198 1.73826313
 773 1.65667546 -0.908362687 -0.536641479 -1.17089105
 774 -0.850133598 -1.93289239E-02 1.69676435 -2.04691696
 775 0.372008443 -0.949072003 -1.37240589 -0.976935446
 776 0.183387324 -1.50592673 -1.57700741 -1.06842148
 777 -0.466574132 0.346681178 0.241835982 -0.782853901
 778 -0.602899969 4.29565459E-02 0.267194778 -2.08350682
 779 -1.54479891E-02 -0.167502314 0.136973649 -0.906443417
 780 0.349501520 -0.997482836 -1.12734663 0.256721079
 781 0.891269982 -1.04165280 -0.713619232 1.31329012
 782 -1.53367341 -0.829047740 -1.39552271 -0.897632897
 783 -0.942798018 -0.848249733 3.35892737E-02 8.13068226E-02
 784 -8.62817019E-02 2.36438942 -0.834388912 0.676499009
 785 -0.306783766 9.23524052E-03 -0.844026685 -0.662536621
 786 -0.228243068 -4.31435257E-02 -0.309328854 -0.798019886
 787 0.524242699 -0.819691062 -1.64704406 0.506400704
 788 -2.08988357 0.819002748 -1.56551671 0.362803936
 789 -0.685093522 1.57175493 -0.415366560 -0.217451990
 790 0.574902952 -1.27780044 0.856626511 -1.14765847
 791 -1.37132204 -0.484754294 -0.659993231 0.326242357
 792 1.31405443E-02 -0.312290043 0.773708582 -0.720055699
 793 5.83796464E-02 -0.953865588 0.962431550 1.88518691
 794 -0.121345252 1.91751790 -0.572182119 -1.87130284
 795 -0.264195561 -9.64333713E-02 -1.14524925 -7.06179515E-02
 796 0.385389239 -0.932903588 -0.426726371 -0.323964864
 797 1.71443373E-02 0.145303577 0.466782510 -1.74169934
 798 1.67321146 0.276726484 1.53403258 -0.486475110
 799 -1.84742403 -2.56187797 0.292280763 -1.23280585
 800 -1.04910779 -0.448173076 2.97748372E-02 -0.924030364
 801 -0.684218705 -0.315428466 -1.24477255 1.06488478
 802 -0.396608770 1.01375437 2.36138664E-02 -1.61374581
 803 0.996847987 0.328427464 0.635860741 -0.717158735
 804 0.583684802 -0.364622205 0.748941958 0.611484766
 805 0.422558159 9.72297937E-02 1.16115654 1.65292287
 806 -0.693575799 -0.644031286 0.464489609 0.788261890
 807 -1.49425411 -0.946136773 -1.21758235 -1.42214072
 808 -0.391701937 0.437429845 0.346355647 -0.531763852
 809 0.653127491 -1.06310880 1.13732660 0.932416439
 810 -0.119750306 -0.827317238 -1.10741341 -0.485315740
 811 0.393223643 1.20832002 -0.344411999 0.772518873
 812 -0.333012640 -9.21787322E-02 -0.224692255 -2.45878911
 813 -1.14893365 -0.574525595 0.699200809 -3.90452854E-02
 814 1.12074780 0.879498839 -0.945697188 -0.257497132
 815 0.991242766 -0.971083462 -0.351986498 -0.444684446
 816 -1.13539779 -1.21728289 -2.07258201 -0.885841370
 817 -5.51781952E-02 -1.12744486 -0.151740476 -0.354254097
 818 -0.608609796 -0.576943517 0.481450140 -0.953920305
 819 -1.18637753 0.269556880 0.712502360 0.521483123
 820 -0.198125347 0.823490262 0.164398909 1.29370403
 821 1.24448550 -1.52463093E-02 -1.29038477 -0.884316862
 822 0.292659879 1.20396590 -0.681409717 -0.835241497
 823 0.565226912 9.95154828E-02 0.690094948 -0.445036829
 824 -0.531541705 0.206393898 8.46982002E-04 1.25834084
 825 -0.814528942 -0.928585768 -0.827978492 9.55034196E-02
 826 3.36726904E-02 -0.504531205 -0.233491674 0.319399387
 827 1.54780857E-02 0.352289021 0.142551422 0.641861677
 828 -1.24231100 -1.78818226 0.231742471 0.114523515
 829 0.617840827 1.20182371 3.27232695 -1.07206833
 830 1.65437675 -1.23443878 0.447402120 0.408102512
 831 -0.402366191 -1.05872166 -0.280144036 -0.113212459
 832 0.620507360 -2.22952175 -1.09053159 -1.06232202
 833 0.294701546 -0.640115023 -1.29250097 -0.806293309
 834 0.137383819 0.791127920 0.577604115 0.877043009
 835 -1.59897518 0.516112864 -9.50010419E-02 -2.07033682
 836 1.00047541 4.08125445E-02 -0.360420525 0.335279256
 837 1.21835756 0.598212004 -0.826359928 0.511466682
 838 1.49291587 1.37788653E-02 1.08216178 -0.141884357
 839 -0.820853949 -0.885501027 0.711934745 -0.122262180
 840 -1.52965534 1.65605104 -0.133460999 -2.19779592E-02
 841 -0.628134131 -0.879186630 -0.272613168 -0.591145337
 842 0.927607358 0.337512225 -0.420435876 -0.582283497
 843 -0.572829306 0.191952348 -0.945496917 0.143952057
 844 -1.10516036 0.867385387 0.523537099 -1.13676167
 845 -0.506205916 -0.212892398 1.35476291 -0.542496085
 846 -0.852994382 -1.13101435 -0.601934373 -0.742238402
 847 -2.44746900 1.32398844 0.662863731 -0.635856688
 848 1.35247934 -0.406603158 1.66894662 1.17198753
 849 -0.717115998 0.554814696 0.874115825 0.791862786
 850 -0.642709970 0.894153714 0.789004803 -1.77767634
 851 -2.11562109 -0.541595340 0.300203413 9.52776819E-02
 852 -0.456734121 0.269316465 7.23035634E-03 -2.49138713
 853 -0.380982608 -0.403605461 0.575566173 0.346985132
 854 -0.786113083 -1.01692593 -0.973217368 -1.27596843
 855 -2.05155921 -0.558752596 -1.73536551 -0.788628876
 856 -2.10159183 -0.218928084 -1.28162551 -7.93929920E-02
 857 0.877367675 -0.992412806 -0.987775266 -0.927505791
 858 -0.995811105 0.669697404 5.68461120E-02 -1.24758112
 859 -0.746047258 1.77174401 -0.142132327 -5.54462671E-02
 860 -0.615623355 -0.627410293 0.153780594 2.08050513
 861 0.647690713 -0.436219275 -2.86362767 -0.857996047
 862 -2.45803833 0.107868560 9.01850462E-02 -1.25348687
 863 6.40468299E-03 1.14314759 -0.405711740 -0.153971657
 864 -4.74987999E-02 0.237278432 0.312799245 2.33823895
 865 0.434364438 -0.118897744 -0.832925797 1.37680900
 866 0.514353156 -4.55473326E-02 -0.473442376 -4.92146723E-02
 867 -2.13943273E-02 -0.563191772 1.02208483 -2.34878922
 868 0.700670242 9.89286602E-02 -0.800901473 -0.967164755
 869 0.948032081 0.450280815 -0.834072351 0.553779483
 870 -0.359731823 -0.264740616 -0.794689655 -0.565072298
 871 1.18613815 1.60255861 -4.50345129E-02 0.128902376
 872 1.63097548 0.800649881 -1.37954652 -0.680605829
 873 0.711450279 0.965778589 -2.97604501E-02 -1.07354033
 874 -0.721955538 -0.145016536 0.271811932 -0.572655737
 875 0.874249578 -1.52679491 3.88404131E-02 0.407697976
 876 -0.636700034 0.877810359 -1.08474195E-02 -1.00386190
 877 1.55006373 0.278724313 -0.604007185 -0.770675182
 878 -7.79594779E-02 -1.00322032 -1.04413557 -0.541075468
 879 -1.36790979 -1.18038154 -0.619910598 -1.78361499
 880 0.745676637 -1.04494321 0.214828610 -2.17243004
 881 0.412679523 0.393696159 -0.689269841 1.32142615
 882 0.211257309 0.393775225 1.51267760E-02 1.63434982
 883 -1.81026113 0.146599889 -1.31313634 -1.64816201
 884 0.580383420 1.76787138 -0.651714742 0.534747303
 885 -0.251430154 0.685174584 -0.238113269 1.18678343
 886 -0.824160635 0.786688805 -1.04983389 -2.07190037
 887 -1.13660085 -2.28929520 -1.26718318 -1.95726478
 888 -1.09690547 -9.91385281E-02 -6.25100657E-02 9.19999629E-02
 889 0.176785350 1.13105273 -0.204900175 3.01120784E-02
 890 -0.737699628 -1.35703456 -1.97371340 -1.19131351
 891 0.900651217 -0.836981893 5.68241775E-02 2.27642059E-03
 892 -0.170578539 1.59872234 0.177421808 1.01489377
 893 1.03719807 -0.882423162 0.124808192 -4.81385440E-02
 894 1.48870850 -0.152353406 -0.275134891 -0.761527419
 895 -0.155065984 0.317450553 -0.924770713 0.456646711
 896 -0.290489972 -0.486132652 1.81789827 -0.486732364
 897 -4.65192422E-02 -1.12746537 -1.07288742 -0.718066812
 898 -4.80654389E-02 -0.392446548 0.133452043 -0.300737858
 899 -0.394838333 -0.399469137 0.186726660 0.494112372
 900 1.77143365E-02 0.692663133 1.52481914 1.14509451
 901 -0.301205993 -1.11007476 0.796543360 0.160833880
 902 -0.609953105 0.560424328 -1.22556555 -0.948129892
 903 0.286991060 -0.364413619 -2.87728548 0.138606727
 904 0.770119846 -1.15609133 4.81114537E-03 -0.803236306
 905 0.456525385 -0.125494108 0.679596364 -0.625940919
 906 0.330954313 -1.02795994 -1.99058759 -0.847647309
 907 0.260204047 -0.792999685 -0.618577421 -0.798353195
 908 0.280482888 -5.14955074E-02 0.324585617 0.932924628
 909 -0.146403998 -1.85933495 -1.56650901 -1.11203802
 910 1.39744163 0.509832144 1.62242270 1.53842545
 911 0.461775541 -1.03683269 -5.34286499E-02 -7.78490305E-03
 912 1.69552815 -0.543815315 -0.443631709 0.760353863
 913 0.796570241 0.322797149 1.21506464 0.654848337
 914 -2.56096721 0.688819408 -1.19932055 6.18878379E-02
 915 0.192363054 -0.963723242 -0.847308278 -0.257424235
 916 2.38879733E-02 -0.994340062 0.863865137 -1.15919006
 917 0.633277893 -1.51016247 3.03146727E-02 0.577908039
 918 2.38184237 -1.38436699 -1.81123540E-02 -1.15847826
 919 -1.55109391E-02 -0.346331656 1.31935620 1.48384929
 920 -0.955577672 -0.691324949 -1.09517932 -3.15209329E-02
 921 0.867577314 -1.06246901 0.276935965 0.167563736
 922 0.568912923 -1.68808961 0.315998971 0.127821192
 923 -0.511674225 -0.877411604 0.736483395 0.173771352
 924 -1.32098532 -1.02860296 -1.25569582 -0.553555548
 925 0.134701520 0.225676566 2.14683938 -0.873193383
 926 -0.884782076 -0.209707141 -2.36469030 -1.25195038
 927 -0.251851618 -1.12798655 -6.23983368E-02 -0.165149778
 928 1.80937076 -1.27833021 -1.29910290 2.44469009E-03
 929 -1.08048320 -0.267683864 0.282176822 -0.822565377
 930 1.40256786 0.562504232 0.192246661 -0.999989867
 931 -6.27884567E-02 -0.432558268 -0.520646513 0.148127526
 932 0.243859142 -1.49667883 0.511192560 -0.330311537
 933 -1.02074659 0.547941923 -0.377365530 0.451518923
 934 0.937092304 -1.95612729 1.26248693 0.697667956
 935 0.352281600 2.15043724E-02 1.44843745 1.15118241
 936 -9.56113487E-02 -1.28697753 1.75490797 -1.08176875
 937 -1.10961592 -1.16765702 -0.219862834 -0.847233832
 938 2.01899195 -0.626447558 0.273120612 -0.981170774
 939 0.662506163 0.905412853 -0.330654532 0.222959846
 940 -2.09341347E-02 -1.33820891 1.51382530 -1.08020020
 941 2.02082705 -0.247404605 0.393726677 -0.622071505
 942 0.713439226 -0.548900723 -2.21169972 0.205974221
 943 0.283616006 -1.03995168 0.212277949 0.102557600
 944 -0.663084626 -0.250041574 -0.265456289 1.08664763
 945 0.387442887 -1.67670369 0.558651090 0.453084946
 946 0.523371816 1.40422785 -0.670656323 -0.669423461
 947 -1.31786883 1.59956384 -2.68283510 -0.101143532
 948 -1.27520752 0.463274300 -1.87537670 -1.06874681
 949 0.287416816 -1.02323043 -0.339584500 2.01820445
 950 -0.950749755 -1.25955808 1.57160211 -0.429187089
 951 -1.01574242 -0.142137408 0.730488062 0.262270540
 952 -0.505395591 0.661278546 -0.948802710 1.82163191
 953 -0.757420003 -1.45962894 1.02096164 0.471253663
 954 -1.64120269 -2.10675001 -2.56941271 -1.46071374
 955 -1.06003296 -1.45765734 -0.737667978 1.10183728
 956 -0.951696992 -0.815480709 -2.14687586 1.10737395
 957 -1.36833477 -0.273874104 -0.368874848 6.32742345E-02
 958 0.495433539 0.361623079 0.569403470 -1.05279541
 959 1.22265828 -1.05156493 -0.732624888 -1.87096810
 960 -2.74324417E-03 0.563836694 -0.369723290 0.770807147
 961 -1.07025731 0.167687520 -2.03112864 -7.67205805E-02
 962 0.702590942 0.264915824 -0.297773719 -0.138563737
 963 0.138066769 0.857387304 1.26210773 0.993430376
 964 -1.27207506 0.635454774 0.704483867 -0.608416557
 965 0.553751588 -1.11796308 0.427477777 0.320574462
 966 1.44651139 0.102373570 -3.22964382 -0.538617790
 967 1.02938819 0.256228268 0.413760781 1.20592129
 968 1.42196083 0.663660288 1.07899535 -1.03844190
 969 -0.859343350 -1.64853978 -0.265172899 8.32478106E-02
 970 -0.228450552 1.44425797 -0.972905755 1.29771423
 971 0.118881196 -0.597016037 1.01238275 0.347661883
 972 0.222637385 -1.13689351 -0.656397641 -0.335688770
 973 -0.747049093 -1.07832909 0.767017066 2.04435873
 974 -0.220369294 -0.633012414 -1.81890833 -1.12275803
 975 -0.592236459 1.33652437 -0.949151397 -1.32335293
 976 -0.660032749 -0.772367954 -0.660077751 -0.832606196
 977 0.578940272 1.84168625 -0.526918292 -1.28612554
 978 -1.61140311 -0.171077073 -1.56728828 -1.89643353E-03
 979 -0.467844218 0.282446206 0.145756319 -1.35927844
 980 -0.614278436 0.512088776 0.832110226 -1.32443082
 981 0.271116704 -1.20567083E-02 -0.360855281 0.351630896
 982 0.153201818 0.396150291 0.418731749 0.249517769
 983 0.193867296 0.687222958 -1.69390011 -0.282493442
 984 -1.24426115 -0.326721758 -1.01384676 -0.946280658
 985 -0.586007714 -0.487048984 -1.41083980 -0.118441552
 986 -1.29917157 -1.03558016 -1.59396148 -0.409293979
 987 1.01201618 -1.37428808 -2.26405692 -1.33900654
 988 0.127609432 0.523925066 0.120376818 -1.28539836
 989 -0.244619459 0.339160025 0.448574007 -0.302382380
 990 0.200171024 -0.639773905 1.04551041 2.10475969
 991 -0.490988880 0.709975958 1.92435944 -0.931725264
 992 0.448566616 -1.08175504 -0.477644831 0.312955976
 993 0.376996517 -0.796661854 -0.702443480 -1.05952382
 994 0.861629307 -0.630278289 -1.15886402 -3.88439670E-02
 995 -0.317903340 -1.06641448 -3.90926823E-02 -0.258006483
 996 -0.702116430 0.355882704 -1.45252240 0.328301936
 997 -0.533686936 0.838632643 -1.07231855 0.451487482
 998 -0.724515498 0.206974566 0.224214941 0.517230213
 999 0.799280345 8.71178657E-02 -0.474680811 0.248696357
 1000 1.98992848 0.953338265 0.919763207 1.40010786
 1001 -0.666976810 2.31131530 -9.71044675E-02 0.507510066
 1002 0.382816911 -0.524667799 -0.510386586 0.638820350
 1003 0.320785105 -0.203263074 -1.45688009 1.42576945
 1004 0.998845398 1.75212622 0.407230139 -0.912972212
 1005 -0.184827149 -0.298560798 -1.14205384 -8.49683806E-02
 1006 -1.55933547 1.69379187 -0.569897413 -0.722949147
 1007 -0.595950603 -0.630003691 -1.20373237 -0.520776868
 1008 1.18763411 -1.31082749 1.38787878 0.578146338
 1009 -1.33711076 4.41681147E-02 1.53456461 1.36173105
 1010 1.30597854 0.900857508 0.240970194 1.06020784
 1011 -0.376520276 -2.10189152 0.662455499 0.329592705
 1012 -0.494892061 -0.581311226 -0.367748618 -1.03877115
 1013 8.15896913E-02 0.996225059 -0.978118181 4.47285175E-02
 1014 -0.104056589 -2.15508461 1.26999044 -1.42240882
 1015 0.208798170 1.45439744 0.315734714 -0.862563848
 1016 -0.306832850 -0.419290870 -1.68830001 -0.803168237
 1017 0.491319567 -1.44600272 0.146038115 -0.449026734
 1018 -0.677858055 -1.60495663 -1.05044925 -1.32129598
 1019 -9.60045010E-02 -4.73919548E-02 -1.34510171 0.174589723
 1020 0.194987565 2.65413356 -0.648606777 -0.311528057
 1021 -9.60955694E-02 0.943676531 -0.986773908 0.312716901
 1022 0.128343493 -0.661254704 0.897413611 -2.07959008
 1023 -0.628732800 0.186953232 0.319871962 -1.06358540
 1024 0.459716767 0.574394703 0.584757924 -2.22730112
 1025 0.135231584 -1.27267158 -1.17087078 -0.175302863
 1026 1.67546153 -0.352154702 -0.270472467 0.509080052
 1027 -1.32442212 1.97235870 -1.32036090 -1.83839500E-02
 1028 -1.06291008 -1.37795234 -1.71706331 -2.09400082
 1029 -1.34104836 -0.940478146 -0.271334440 -2.07944751
 1030 -0.609263599 0.891851664 -0.315494329 -1.13344312
 1031 9.48864892E-02 -0.296531618 1.75819623 0.155142561
 1032 -0.593271196 0.815505803 1.74293530 -0.169383675
 1033 -1.04021132 0.485765904 0.205595538 -1.77425385
 1034 -1.02078688 0.587024927 -0.672290206 1.34143806
 1035 -0.587596118 1.68401241 -0.624600291 0.177657008
 1036 -1.17002273 1.02183521 -8.03565755E-02 0.141610593
 1037 -8.19716156E-02 -0.649150193 -0.128331348 1.30841482
 1038 -0.544788897 2.62934566 -1.13963187 1.23714530
 1039 0.471481740 1.02169573 0.521896958 0.542897284
 1040 0.993292212 1.08443129 -0.643134236 0.728222728
 1041 0.172753692 -0.560137749 -1.14931762E-02 1.48630798
 1042 -1.64865911 1.18995106 -0.157301217 -1.24098468
 1043 -1.21931171 0.579874516 -3.64853442E-02 2.12223911
 1044 -1.94316232 0.524202287 -1.39983678 -0.704750478
 1045 -1.07341874 -0.146673664 -1.19577706 0.167995140
 1046 -0.935938358 0.450558603 -0.582217813 0.999572635
 1047 0.110544220 0.342804372 -0.147907719 0.296188176
 1048 0.316764414 1.98673964 -1.27561307 -0.147923291
 1049 5.45046777E-02 0.527871013 -1.82462859 -0.420889109
 1050 -1.88210535 0.740029335 0.140174672 -0.238687336
 1051 -1.27976276E-02 0.813836634 -0.869621575 -0.116049401
 1052 -0.707773626 1.79101944 0.418280065 -1.01891112
 1053 -0.741361201 0.490082234 0.110878885 6.28041178E-02
 1054 7.45726749E-02 2.46323085 -1.65954947 -0.153767511
 1055 -0.799693763 1.44420445 -0.579143763 1.05520618
 1056 -1.18917382 0.875361800 -1.18862033 0.847164869
 1057 -1.19770098 0.583581924 -0.681627274 -0.914699793
 1058 0.834878445 2.08524585 -0.829336941 1.06927752
 1059 -1.51545739 1.90074587 -0.567226768 0.657220185
 1060 0.211378634 1.30740738 -0.102037430 2.79281437E-02
 1061 0.632766426 1.99278712 -1.69863939 0.367370397
 1062 -1.03899217 1.06431925 0.562196493 -0.252820849
 1063 1.03593588 0.483385175 -0.814818144 0.922079742
 1064 -1.44432986 0.840164304 -1.35305762 0.406406403
 1065 3.79649550E-03 2.55123305 -0.788619041 -6.20619208E-03
 1066 1.53465664 1.64050388 -0.480465353 -0.574567497
 1067 5.10360003E-02 1.21277523 0.552877307 0.290659338
 1068 -0.441548526 0.438074619 -0.990420938 1.02297330
 1069 0.447097689 0.744527936 -0.211744323 -0.443854988
 1070 -0.110475942 2.01241840E-02 -0.250406623 0.574108422
 1071 0.282736689 0.416852385 -0.698439181 1.87515581
 1072 0.784053326 1.15002728 -1.62970114 0.545087278
 1073 -2.35179496 1.73303938 0.614759386 1.85528386
 1074 1.44887257 0.639388144 -1.00471485 0.165423423
 1075 0.935249269 0.600769937 -0.651736736 0.815560997
 1076 -1.44533598 0.933240294 -1.67068458 -0.189873487
 1077 -0.195225552 1.68686891 -0.291948557 -1.11094677
 1078 1.66753900 1.34823692 0.672528446 1.64804697
 1079 1.02273595 -0.272142142 -1.58788455 1.08615768
 1080 1.44382083 -1.00096011 0.504788756 1.10589135
 1081 0.380176783 0.948247075 -0.493660867 0.795249760
 1082 -0.180841401 0.790123403 0.302794307 -0.965032041
 1083 -0.820344567 0.883879364 -1.92761278 -0.566609383
 1084 1.51592612 1.07387674 0.708388686 -5.51193953E-03
 1085 -0.466277540 0.114509717 0.137999982 -0.164377809
 1086 0.671089053 0.320628405 -0.121749215 2.03243184
 1087 1.70387363 0.491146088 -2.12460661 -1.64762187
 1088 -0.113337532 0.594582379 -2.40563488 -0.385489583
 1089 -0.594645739 0.980000913 0.993218601 0.124698818
 1090 1.13632345 1.42609560 -0.648020506 0.610206723
 1091 -0.395420551 0.265344977 2.08313763E-03 -0.931095004
 1092 1.23805273 -0.105052285 -0.165277481 1.13315177
 1093 0.167668253 -0.408436984 -0.192982316 -0.683985293
 1094 0.660704911 0.746711731 0.375489622 -0.778114915
 1095 0.644565523 1.89352906 0.113605708 -0.726315260
 1096 -0.401791662 1.86626244 0.537018657 0.229052469
 1097 3.14163342E-02 0.702338517 0.656918526 0.617312431
 1098 -0.738171756 -0.146801010 1.22397673 -3.01713645E-02
 1099 -0.473658830 1.57587671 -1.66333580 -2.25929809
 1100 0.589427233 0.435414076 -1.60778987 0.578853250
 1101 0.183813632 0.701799929 0.735578299 0.167557523
 1102 -1.10248029 1.32699060 -2.47549820 -0.166226745
 1103 1.82254028 -0.154175848 -0.959164619 1.89243984
 1104 0.440570742 1.14279485 -1.04257417 -1.35973895
 1105 -0.800771117 0.417790055 1.08985782 0.187406689
 1106 0.590586126 1.83253574 -0.659812689 0.922044992
 1107 0.689824998 0.233952522 0.140458494 -0.350651711
 1108 -0.972354650 0.417536318 -0.107512325 4.58398759E-02
 1109 1.16425228 0.919318140 -1.03642321 -5.96786737E-02
 1110 1.26287186 2.28276062 -1.47398639 -0.356321186
 1111 -0.942664087 1.03943300 -0.300201714 0.277493179
 1112 1.41130078 -9.10027325E-02 2.21796703 1.48495698
 1113 -0.132852793 1.55071855 -0.108680740 0.839963496
 1114 0.751695812 -0.471438110 -1.26853585E-04 0.763252974
 1115 0.746159256 2.27118564 -1.52667511 0.514874876
 1116 0.235859782 -1.02637565 -0.564978659 -0.796092689
 1117 -2.35803276E-02 1.08030128 0.169204250 -0.191950604
 1118 0.134484664 1.51092947 1.19349098 0.728592336
 1119 0.140916526 -7.47793242E-02 -0.470831007 0.965682626
 1120 -0.573443174 -0.838629305 0.819579601 0.263977915
 1121 0.870653331 1.54123092 0.740983844 1.00984621
 1122 1.17918634 1.07144380 -0.488886237 1.95041597
 1123 0.224999964 -0.398488522 -0.374111056 -1.31932139
 1124 0.150513470 0.668931365 -0.914758205 0.591499984
 1125 -1.24158788 2.63890409 -1.04123890 0.686023533
 1126 -0.205675542 1.71655464 -1.21935320 -1.13836014
 1127 -0.663086534 1.14082789 -1.08352995 -1.22585690
 1128 -1.44669032 2.63478160E-02 -0.825657547 -0.542955041
 1129 0.217596471 1.31468654 -0.446704239 -0.299957335
 1130 -2.06645513 -0.347855270 -1.77646184 0.653256595
 1131 -2.17680597 0.255972564 -0.172740906 -1.12420976
 1132 0.505092144 0.334936440 1.15456104 -0.195695668
 1133 -0.798536181 0.295209080 -0.682147563 -4.21469621E-02
 1134 -1.99063563 0.882533371 -0.607669950 -0.104494542
 1135 -1.06953132 1.21076989 -0.998233259 -0.182442456
 1136 0.874009252 0.721246064 -1.58146346 0.625773311
 1137 0.130585939 0.953175604 -0.211007029 -0.317159534
 1138 0.256897986 0.434377521 0.404674798 -1.07362437
 1139 -0.299118280 1.05881107 -0.199027240 1.62518752
 1140 -0.955600858 -7.86042660E-02 0.867078781 1.71459353
 1141 1.82495284 0.431275517 0.390004814 -0.516245782
 1142 2.09519315 1.34542418 1.38991606 1.56929696
 1143 1.15576160 -0.815091014 1.25303042 -1.32070279
 1144 -1.25981307 -0.497499943 1.25436044 0.165062293
 1145 0.609020472 -0.621228933 1.79991996 0.972793341
 1146 -0.450408578 -0.264673799 0.396867454 -0.864969134
 1147 0.553163052 1.28598702 -0.274713159 2.08247375
 1148 1.70600379 0.323278964 1.55189347 2.03293681
 1149 0.525294185 -1.86689234 1.74759734 0.504763961
 1150 2.45801067 -0.223282278 1.54996204 1.01069808
 1151 1.63433778 -0.612880051 0.358367503 2.38328028
 1152 2.43811965 -0.819786429 0.526939154 -1.26626301
 1153 1.22202325 -0.109283626 0.998982012 0.652956486
 1154 0.724865973 0.577227473 1.73126674 2.84787250
 1155 1.03057110 0.371337295 2.56573677 1.26270175
 1156 1.47794020 0.397902876 0.841100752 0.713018119
 1157 0.594027877 0.490823388 2.43872643 0.791210473
 1158 1.30214393 -0.458244950 3.02231669 0.674575806
 1159 0.149038374 8.08686763E-03 1.42703819 1.03748989
 1160 1.87020683 0.200209498 0.621266723 1.06754756
 1161 1.61517012 -3.11208665E-02 0.485980153 -0.239736468
 1162 0.446541488 0.121997967 2.32433724 1.09618354
 1163 0.816417396 0.920569658 0.231234476 -0.116012812
 1164 2.88480377 0.194964901 0.540567458 1.80105579
 1165 3.96674514 1.08218849 2.12262797 1.53294122
 1166 0.901432753 -0.194679722 3.14047623 0.849607348
 1167 2.18797421 1.11953735 1.09108090 0.797163844
 1168 2.20817065 0.793090641 1.56769538 1.00007308
 1169 1.57908547 6.53478801E-02 -0.443364054 4.46719080E-02
 1170 0.975625336 0.679162860 0.486516118 0.814332485
 1171 0.134338677 0.497008741 0.398252070 1.43456554
 1172 2.26807714 0.849145770 6.46294877E-02 0.848584235
 1173 2.09733486 1.74722672E-02 -0.556451321 1.27678001
 1174 1.08516145 0.464972317 -0.157213658 0.673342109
 1175 2.42947841 -4.98886406E-02 0.179599941 0.517793119
 1176 1.01258612 -0.563642502 1.49434316 1.56552696
 1177 1.43653643 0.977402806 0.792355120 0.606763363
 1178 0.286140770 -1.04602897 0.232243225 -0.234542117
 1179 1.15244353 0.146546125 0.231393278 1.14600742
 1180 1.64802742 0.427819103 1.02274537 1.79995799
 1181 2.50186872 -0.137215763 0.168851256 2.51442599
 1182 1.67405772 1.27600300 0.345591605 1.35975707
 1183 1.71205306 0.583295405 0.435317993 1.01878774
 1184 1.29861462 0.901911795 1.21177900 1.28764713
 1185 2.26055765 0.585175037 1.07339931 1.51585197
 1186 1.92070711 0.173512772 2.69350719 1.45461380
 1187 2.72324371 1.62574434 1.98246300 2.33806849
 1188 1.22913527 0.588609517 0.266523182 -8.25738907E-03
 1189 3.34971571 -0.313281298 0.321196824 1.01536655
 1190 0.310958296 -0.292548209 0.752678335 -3.53583694E-02
 1191 1.03308976 6.11413121E-02 1.04445195 0.852197170
 1192 2.49560571 0.874471724 1.62863147 1.23851180
 1193 2.59531927 0.733184516 0.660009086 1.83136809
 1194 -0.764453411 -0.686132908 -0.235380009 -0.799900055
 1195 2.46398544 0.994500160 1.14531112 1.73240376
 1196 -0.231580839 7.32506961E-02 0.691033185 2.61017251
 1197 2.76875639 0.652440846 3.88715863E-02 1.41306067
 1198 0.271358043 -0.247850358 -0.267040670 -9.53257680E-02
 1199 0.810302794 -0.352739394 1.08784068 1.48322618
 1200 0.690232217 -3.74701023E-02 1.46972573 -9.76961404E-02
 1201 2.96189427 0.369459122 1.60647559 2.08243275
 1202 2.16864610 0.407682359 1.27093279 0.594705820
 1203 0.721234381 0.955390096 1.64532363 1.36199164
 1204 2.45998311 0.184053808 1.99322176 -0.304892063
 1205 0.351622641 -0.596722126 1.54382670 0.357022822
 1206 1.47904563 -0.190577313 -0.652954698 1.31092262
 1207 3.96372229E-02 -1.85916197 0.217445433 0.665608406
 1208 0.957240641 -0.210257232 0.867814302 1.74128044
 1209 1.91419232 -0.751923025 1.94922864 -0.986213386
 1210 1.35919964 1.25309956 1.79196286 1.22747171
 1211 0.408518076 1.62711179 1.59978604 -0.688672543
 1212 2.24299598 -0.256557345 1.94324708 0.693826973
 1213 0.509366751 -0.175705463 2.16740131 0.175012290
 1214 2.16854477 -0.277354926 0.279343814 -0.156218261
 1215 2.36822701 -0.207609504 1.90936518 0.171989903
 1216 1.99023950 -1.36936498 1.72034574 -4.36109304E-02
 1217 0.385406017 -7.98970014E-02 -0.646028936 0.109070629
 1218 1.33509135 0.161279112 1.10707486 -0.627112687
 1219 0.908188283 -2.23105836 2.27662635 0.348162353
 1220 1.71600783 -0.789597511 0.249452293 0.453110754
 1221 -9.76968110E-02 -0.170214280 1.41043210 -0.601265311
 1222 -0.172786877 6.13868535E-02 1.64191258 2.22015405
 1223 1.25809693 -0.167983606 1.00291705 0.526990175
 1224 -0.550470054 -0.180755526 1.14473701 0.629495025
 1225 0.637902975 4.81224358E-02 1.36163795 -1.14969695
 1226 1.45202088 -1.51667237 1.49004626 -0.732943892
 1227 0.693272948 -0.455122530 1.13896132 3.26696920
 1228 3.26430130 -0.539667487 -0.274453372 7.88047910E-04
 1229 1.01432431 -1.13840401 2.64879680 1.92671216
 1230 1.87152195 -0.424951792 -1.59870398 -0.143510520
 1231 0.344762027 -1.34874129 1.89280319 0.330210119
 1232 1.89132345 -2.32130384 -0.130937964 1.71465683
 1233 0.207736969 -7.47659653E-02 0.455138624 3.89375687E-02
 1234 -0.356709868 0.708924174 0.768115342 1.04819036
 1235 1.19172561 -8.95883217E-02 2.53836155 0.591585338
 1236 0.238408253 -0.474580288 2.22722793 0.582686663
 1237 1.20364797 3.29918116E-02 1.36350775 0.198340297
 1238 0.624459684 -0.572613239 0.518553257 -0.330705345
 1239 2.11487246 -0.949629009 0.995367765 1.70063639
 1240 -1.74756956 0.579222143 2.29376650 1.68290818
 1241 -0.205612153 -0.803768158 0.468718648 1.00351369
 1242 0.982973039 9.52553302E-02 0.272793591 1.36097240
 1243 1.02823770 -1.10886264 1.51563358 1.28224492
 1244 2.22653079 0.102797538 8.64765495E-02 0.100343317
 1245 -0.211052030 1.35431743 1.11540675 1.76445258
 1246 -0.766305447 0.868859172 1.69527853 0.744347811
 1247 3.35574150 -0.744273424 2.63447332 1.72576725
 1248 -0.566295683 0.182311147 0.860480309 0.316549599
 1249 1.39361238 0.168121174 1.14278293 0.953223109
 1250 2.29925013 1.04600847 0.403370619 1.38681972
 1251 0.697725773 1.24476767 0.266167909 0.632607579
 1252 -0.155584276 0.674686193 0.711295485 2.19572449
 1253 0.893418312 0.420430332 -1.26191473 -8.39158595E-02
 1254 1.45730913 0.173848540 1.12050581 0.744484246
 1255 1.41283929 0.896790504 -1.49859691 0.719735920
 1256 1.91112661 -0.756612122 -0.216250151 0.921739995
 1257 6.23390824E-03 0.967175484 1.90269542 0.825367749
 1258 1.47377443 -0.239766717 0.377600133 0.408861846
 1259 0.202038616 0.168451890 0.609909832 1.12018836
 1260 0.801674187 -1.31147742 0.732406199 1.06599057
 1261 1.02883863 0.886071622 2.09455848 1.14751863
 1262 1.50708222 -1.40781057 1.80547357 1.34236920
 1263 -0.910906732 -0.513437748 0.541192114 0.422599345
 1264 0.349725664 -0.782735944 -0.533151507 0.994648457
 1265 2.04266047 0.915124536 -7.02069402E-02 1.35314918
 1266 -1.39094293E-02 0.832862794 2.52180457 0.179823056
 1267 1.04839683 0.838644445 0.597896278 0.529517829
 1268 0.439855725 0.787548602 2.91063118 1.73928642
 1269 1.48628283 2.49886751 0.453239858 1.38760269
 1270 0.149641633 0.300524056 1.09932816 -0.933014870
 1271 4.93308604E-02 -1.93254232 1.42897081 -0.960930109
 1272 0.397819310 0.595471859 0.383383512 -1.12749171
 1273 2.40946531 1.53348875 1.65657473 1.04605329
 1274 -0.270228207 -1.14074028 0.789991379 -4.13404107E-02
 1275 0.338884264 -2.00083065 0.159585118 0.748949826
 1276 0.758065581 0.393415451 0.455713153 5.06633520E-02
 1277 0.696417928 0.272827923 1.64657533 -0.649200380
 1278 1.41917551 0.522202194 2.20091939 -0.463838428
 1279 -0.650971949 1.25087118 0.561205506 1.62616384
 1280 0.103003338 -0.410246223 -3.48212272E-02 8.09022337E-02
 1281 0.531579316 -0.692591310 -0.270453125 0.891666532
 1282 -0.186878636 3.29514295E-02 1.10657239 -0.256719708
 1283 0.242150187 -8.78120661E-02 2.67797995 1.36878550
 1284 1.72096121 -1.09890819 2.08151865 0.103862122
 1285 1.01058269 -1.08779109 1.61622465 1.22282195
