 1 1.40101779 1.02890277 -1.39481342 0.368174464
 2 -0.730707645 0.412870765 0.288023472 0.383435488
 3 0.888756275 0.314749479 0.823304176 1.55304420
 4 1.29971635 -1.71553659 -0.601550519 0.324094683
 5 -1.25907660 3.17283344 0.151462138 -0.872723520
 6 -0.638065457 -0.262634307 1.65729523 0.192884952
 7 -1.59345269E-02 0.675784588 0.177557200 -2.77975053E-02
 8 1.01893592 -1.13037801 1.06915319 -0.723735213
 9 1.41560376 -2.93003917E-02 0.988696873 0.897709608
 10 0.728315413 -0.214286119 1.43843174 1.78383875
 11 -0.409410179 0.276709795 2.70604229 0.528574944
 12 1.43172312 0.862004280 0.303571135 1.31118071
 13 0.573665559 -0.258415610 1.29050374 -0.360137641
 14 1.65681326 0.610367656 1.31021392 1.50051403
 15 0.493384898 1.31418824 -0.238991708 1.72909355
 16 -0.677484274 0.421481341 1.61930716 0.681297958
 17 -0.395257056 2.61607623 -0.332748652 -0.169407040
 18 -3.65592241E-02 -1.19443834 1.19098377 1.00667500
 19 2.12044764 -0.461287826 1.13362598 0.251552612
 20 1.19280493 -0.213275090 0.774336994 0.922319472
 21 -0.132131696 -0.345660985 1.56162930 -0.330462843
 22 -1.10325313 0.984215379 -0.237066358 0.231556192
 23 0.979434252 -1.17053151 0.167481512 -1.38679290
 24 1.11703479 -1.29996192 -1.17875624 0.309837162
 25 1.22078967 -0.436172217 -0.143856376 -2.45028114
 26 0.742762148 0.551735640 -0.734729588 -0.353194654
 27 -0.757491231 -0.514994800 -0.751144588 -0.316148967
 28 1.46673858 1.26477516 7.92132765E-02 0.718443513
 29 -0.273180455 0.140604302 0.271915495 0.518044174
 30 -0.799815655 0.738785923 -0.142015249 -0.785224438
 31 -1.28339088 0.514533222 7.36571997E-02 4.05253619E-02
 32 1.17767966 1.00022078 -0.572918415 0.621617198
 33 0.570145369 1.70014426E-03 0.556114256 0.785168052
 34 -0.281894356 1.71684873 1.38578308 1.02841902
 35 -1.09432101 -0.874148309 -0.539130151 0.174040675
 36 0.243445009 -0.443895340 0.504946113 0.360652477
 37 -0.381299078 -0.303488255 0.730381727 -1.47052920
 38 0.485810459 -7.65975863E-02 0.165813953 -7.04809055E-02
 39 -0.794240236 -0.415807724 -0.798779011 0.774546683
 40 -1.92764020 0.450856745 -0.615182877 0.418363959
 41 -1.37441504 0.579341233 0.544485211 -1.16342199
 42 -1.70456815 -0.562464356 -1.82432115 -1.43907666E-02
 43 0.850383639 2.12663150 1.90708137 0.140011609
 44 -0.791720510 -0.166133791 0.841571450 0.664729655
 45 -2.20469666 -0.247623786 0.217340827 -0.432500243
 46 -3.65222991E-03 -0.638296306 -2.47918534 0.707316160
 47 -0.922570288 1.52384579 -0.499903709 -0.249585643
 48 -0.563777089 0.365014017 -1.40997326 -0.123134941
 49 -2.20419264 -0.842967689 0.315909743 -0.933250189
 50 0.801190853 -0.370455146 0.599282503 1.61283422
 51 -0.463519216 -0.167183653 -1.22101474 -0.667418122
 52 0.998298526 -0.746897578 1.84883487 1.35195506
 53 0.199648842 -2.26542830 -0.111008108 -1.21392500
 54 -1.41308570 1.29243171 0.476914406 -0.414314568
 55 -0.234008431 0.534745216 -0.496514499 1.44834149
 56 6.77812658E-03 0.466890574 0.759678423 1.86496735
 57 0.872231364 0.831030190 -0.637253821 1.04151607
 58 1.05993342 -1.03882563 -0.467594624 1.84907615E-02
 59 0.421285927 0.353955984 2.43375152E-02 1.94656861
 60 -1.32904339 0.379385352 -1.40768456 0.529263079
 61 2.22064066 0.771814823 1.62027311 5.39084226E-02
 62 -2.69570184 0.885039032 -0.133578137 -0.995841563
 63 -2.18389273 -0.418710172 -0.100890271 1.27768958
 64 1.34726429 0.428851217 0.119959697 -1.02283144
 65 0.549162209 0.824944973 -0.639228761 3.74841392E-02
 66 2.00053406 -0.420944571 -0.812793553 -0.263291478
 67 0.997542381 -1.89660966 0.344779730 -0.535692275
 68 0.215332106 0.650339186 1.17431748 -0.142475277
 69 -1.14420581 1.00019526 -1.17723012 -1.43427122
 70 -0.791060448 0.299176157 1.85733569 0.692243814
 71 -0.764297366 1.09520996 -0.478961885 -1.08349800
 72 0.921471596 -1.29650199 -0.975246012 -0.285693586
 73 1.03687274 0.908393800 1.81529438 -0.383126408
 74 -8.73237029E-02 -0.466836214 0.516398668 1.00553322
 75 -1.12193799 -0.751709878 -1.27782547 -1.43353844
 76 0.459706157 -1.19319284 -1.00953841 2.50467584E-02
 77 -1.08722198 0.282054663 6.54152334E-02 1.57494247E-02
 78 -0.362896860 -0.288186163 0.229287446 0.602445602
 79 -0.169697464 0.248592287 1.05559814 0.821556568
 80 0.295226276 5.93306869E-02 0.893475056 0.670656919
 81 6.33932203E-02 -0.261150926 -1.89743185 0.501488209
 82 -0.992825508 0.453668267 -0.134601191 -0.526391625
 83 0.369076490 1.12188005 1.08293867 -4.16574776E-02
 84 0.817463696 -0.391818047 -0.267454714 0.737381577
 85 -1.37509692 -0.162232578 2.74791789 1.02361774
 86 -1.36033833 0.848970652 -0.696744144 -0.282060802
 87 0.306308985 -0.785862625 0.840000868 -0.545585096
 88 -1.17640507 0.328164697 -8.82568955E-03 -1.51536095
 89 -0.546246171 0.561401725 -0.325051397 -0.287837863
 90 0.389550388 -1.45899224 1.68362117 -1.31347466
 91 -1.29541743 1.68329239 1.82234323 -1.15520024
 92 -0.310623288 -0.348709941 -0.782966673 0.808495045
 93 -2.25230604E-02 0.195984408 1.40351772 -1.49662828
 94 0.232948214 -1.35591042 0.379270732 -0.834118128
 95 0.886350393 -0.540038526 -1.62696862 0.668485284
 96 -1.11624086 0.199851871 0.812219739 -1.67109632
 97 1.06286967 -2.10346437 -0.508243382 -1.50753236
 98 2.95564795 -0.602698088 0.109361470 -0.320426941
 99 -1.23689914 -1.15798450 0.921360552 -0.908492088
 100 -1.02830660 0.959798276 -0.299730629 -1.02985692
 101 0.122692250 0.275459588 -1.62936044 -0.506428003
 102 0.117246732 -0.629530132 -1.02394664 0.987232387
 103 -1.43867636 -1.30829418 -7.82467052E-03 -1.96549535
 104 -1.47568369 -0.448303163 0.143183976 -0.462122440
 105 -1.70495689 -2.30546117 1.64177489 -0.476334482
 106 -0.320726067 0.470433474 0.804375470 0.956751347
 107 0.817790508 2.31170058E-02 1.21887290 0.974553227
 108 -0.357859641 -2.16539526 0.994043469 -2.65414333
 109 0.589723945 -1.50263333 0.467996389 -0.597970366
 110 1.30621445 -0.389141738 -0.487655342 -0.222239926
 111 0.282322288 0.302416742 1.28358424 -2.37216973
 112 -0.196513996 -9.45510268E-02 -1.15159762 -0.791941881
 113 0.629218221 0.915168643 1.00323069 0.716022134
 114 0.448803931 -0.398777902 1.91865659 -0.561017931
 115 -0.215522960 1.16531837 -0.920112610 -1.57014239
 116 -1.46342611 -1.52145946 -1.27873957 -1.44584489
 117 2.03509498 0.856896222 -0.701408982 -0.102608167
 118 -1.31524098 -0.104737163 -3.71057242E-02 5.38060367E-02
 119 -1.28056383 0.270252913 0.193014026 -2.40551019
 120 0.862943172 -1.52354574 0.458010912 -0.707795858
 121 0.983307838 0.164339945 1.23184490 0.930846810
 122 1.12712193 0.279702544 0.439378291 -0.209667742
 123 0.470286101 1.03124416 2.22704077 -9.78101045E-02
 124 -0.745754361 -0.699157655 0.232547909 0.564653635
 125 0.510410130 8.77988338E-03 1.02190065 -6.03717566E-02
 126 -0.406441450 0.713131547 -0.233689010 -0.980149388
 127 -1.39149082 -0.234743953 -1.40897059 -0.604477763
 128 0.524547279 -0.623549402 1.15823638 -0.954612136
 129 -1.24479258 9.61790085E-02 -0.275087535 -1.06260300
 130 -2.02918839 0.398875535 0.448776066 -0.227173060
 131 -1.65665722 -0.832448423 -0.488913387 -1.59589922
 132 -0.117330752 0.886057496 1.20611084 -0.401477605
 133 -0.772177041 1.11156571 1.80202210 3.24529931E-02
 134 -1.21953917 2.09000921 2.35350060 -1.05570209
 135 -7.90587068E-02 0.368035525 -0.622129798 -7.56014809E-02
 136 -0.967637956 0.255519092 -1.31848407 -0.551755071
 137 -1.17673099 -0.729013979 0.224863946 -0.155767679
 138 -0.232216179 1.00718844 0.144411564 -0.766612649
 139 0.466014147 0.636929035 -0.589620292 0.250322461
 140 -0.147305697 0.483459055 0.202292114 -0.359386921
 141 -0.402283669 0.589862406 -1.36614406 -0.190680012
 142 -1.01147151 0.165956929 -1.50859368 -0.187423766
 143 -0.358342648 7.59245455E-02 -2.04305196 0.945163667
 144 1.03167129 0.708157957 7.71999061E-02 -1.25992393
 145 -2.34192324 1.34388518 1.60949266 -0.451773643
 146 -2.57197666 0.619603157 0.443375915 -1.98080611
 147 0.805424750 1.25983596 -0.848474681 -0.714332342
 148 0.472772956 -1.96268320 -0.822652638 -0.711900473
 149 -1.27207541 -1.01350021 -0.367574930 -0.131190330
 150 -1.61525011 0.975009680 1.09400344 0.500924945
 151 -1.48624337 -0.642947912 1.50695205 -1.79392505
 152 0.302291334 0.888189197 0.271858245 0.438237578
 153 0.639026046 1.47294724 -0.813376546 -0.105643630
 154 -0.826779723 0.262858629 -1.30150318 0.910171509
 155 -1.06981659 -0.528644681 0.188515931 -0.781046987
 156 0.498171926 -1.03421116 1.55995965 0.436831117
 157 7.22872913E-02 0.393145621 -0.327273250 0.754980803
 158 -0.638949752 -0.980831087 0.520773888 -0.177316189
 159 -1.29685974 1.03453624 0.904385805 -0.361492634
 160 0.579115391 -1.74843585 0.859789610 -0.607595623
 161 0.149438500 2.15469170 0.434500694 0.357974172
 162 4.34288383E-03 0.709167182 -1.04344893 -1.21790147
 163 -1.96730983 -0.359351307 0.168361217 0.937588811
 164 1.42328513 0.512359202 0.379290521 0.863499522
 165 -0.813291788 -1.33334494 0.412945330 -0.608009994
 166 -1.56479740 0.490002036 0.646149039 1.55147529
 167 -1.66970479 0.490693390 -0.773823380 0.492219478
 168 -2.25685596 0.129075974 -1.93997622 -7.82187805E-02
 169 0.421446919 -0.754415393 -0.434434354 -1.29959762
 170 0.823288441 0.655861020 0.432484835 1.74406230
 171 -0.727955937 0.348841816 0.232631564 1.96357870
 172 -0.829349160 8.90331715E-02 -0.911032677 0.744955659
 173 0.452707887 -1.05990827 0.967950821 -1.78715789
 174 0.344169348 0.352242321 0.140490875 0.850122571
 175 -1.29478478 0.316572189 1.17228246 0.960209310
 176 -1.34894955 -5.34615070E-02 -5.32795489E-02 5.12238592E-03
 177 0.269239962 0.410524547 -1.05637801 -0.672242403
 178 0.578840017 1.85382080 0.847892702 0.960564494
 179 -6.92555308E-02 1.02978468 0.288391858 0.866032243
 180 0.273438781 -7.77935982E-02 1.45537388 1.58662689
 181 -0.172478169 -2.16095304 1.49883616 -0.378560394
 182 -0.856408000 -0.506227851 0.759408295 -0.611178637
 183 -1.41159558 -1.06866705 0.907699347 0.565462172
 184 0.457177877 0.530360341 -0.385294080 0.767682374
 185 -0.190796465 -1.90882051 0.419571042 -0.990958810
 186 -0.852522910 -0.655511975 0.371758521 -0.611445427
 187 0.541458726 -8.22807476E-03 -0.547261655 0.828460157
 188 -0.822354317 0.908406734 -0.475332260 -1.52831495
 189 0.754699528 -1.83212280 2.76214933 -0.675681591
 190 0.848891020 0.206480846 -1.67015254 -1.36064506
 191 -0.239306614 -0.250504315 -1.51513183 0.854091227
 192 0.247890308 -1.43942297 -0.403173149 1.83002365
 193 -0.530651689 0.242176726 0.726927340 -0.896890521
 194 -0.271492243 4.26713228E-02 0.542028427 -1.45294631
 195 -0.349975795 -0.697724044 -2.07404196E-02 0.722018063
 196 -2.75104547 0.998127937 4.71667349E-02 -6.10037148E-02
 197 3.15909684E-02 -0.548935473 0.866901636 1.64289403
 198 -0.245475918 -0.573134065 1.75352287 -0.453255057
 199 0.845941186 -0.449303985 -0.887647748 0.587889194
 200 6.73338920E-02 -0.293891966 -2.20162320 -0.990162611
 201 -1.11125588 0.842280626 0.630120635 0.342989624
 202 -0.655400872 -0.215752542 0.674183428 -1.00261390
 203 1.06171203 0.257246524 2.20908785 -0.184811845
 204 0.559127569 -1.16057372 0.909340739 1.66319740
 205 0.122121781 -0.265857100 -2.06163931 -1.44507778
 206 -0.231952876 0.572064877 1.52718794 1.74621820
 207 -0.468954921 0.877100408 -0.611443102 0.523004115
 208 -1.05981708 -9.34126377E-02 6.64615035E-02 0.766113758
 209 0.265497625 -0.757563770 -0.269071341 -1.49856853
 210 0.437326133 -0.654965162 4.12263870E-02 -0.485703886
 211 0.930986285 -1.22817218 1.44083059 0.307315379
 212 -0.440139115 1.40087152 -0.384406924 0.116906688
 213 0.445108950 -0.440407813 0.711669326 -0.101566911
 214 -1.14818013 4.18162346E-02 0.374917746 -0.664857924
 215 -0.136748016 0.706955075 1.46433711 0.918453336
 216 -1.80497622 -2.68892884 -6.10713661E-02 -0.738371670
 217 0.259647846 3.87904048E-02 -0.594591022 -1.32970023
 218 1.62392557 -0.324121833 0.740132689 7.35729933E-03
 219 0.790207565 -0.319364130 -5.70984185E-02 0.634086490
 220 0.956166804 0.246113747 0.268508911 -0.625104785
 221 -0.239404798 0.965383351 -0.570469797 -1.30954051
 222 2.21825457 5.77123016E-02 -0.375726759 1.02169073
 223 0.448353767 -1.70393682 1.29901695 0.345130205
 224 -0.850745857 -1.15182900 1.16331971 -0.398595035
 225 -0.737119555 -0.937367320 -0.674228549 1.60362983
 226 0.803700805 -0.965590954 -0.625415981 1.48099828
 227 -1.88846993 -3.37226316E-02 -0.945455372 -1.03440297
 228 1.44485390 -1.68196023 0.432939589 1.72154915
 229 -0.822891772 0.923578918 -0.635806143 -0.150816202
 230 0.237024218 1.12493896 -0.767273843 0.734228969
 231 0.989531994 1.65377164 1.27065301 0.734307408
 232 1.18440843 8.63695741E-02 -0.784215510 0.994139493
 233 0.758629918 -0.876995206 1.63262808 0.787763238
 234 0.671521664 -8.86671096E-02 -1.17789674 1.56307042
 235 -1.82651734 1.73795998 -1.50987136 -1.25540626
 236 0.111671656 -0.241498113 0.117116481 1.67481422
 237 -1.65351093 -0.374294609 0.972655416 -1.55142653
 238 -1.51565230 -0.214169741 1.05541241 -0.453289092
 239 1.71599066 0.580167174 1.98052514 1.47660661
 240 -0.571743131 -0.712387979 -1.44049132 -0.484831274
 241 -0.802790165 0.842784524 -1.68609345 2.33336878
 242 0.363159776 0.551159561 0.211713701 -1.58856928
 243 0.829432547 -0.665724337 0.725072026 0.199296728
 244 -1.25334918 -0.798435807 0.464884698 0.370676160
 245 -0.107824862 -0.516753674 1.66170239 0.623585999
 246 -1.20989680 0.537522018 2.52168030E-02 0.355685383
 247 -1.53730845 0.806285858 0.498558670 -1.41411698
 248 -1.42994046 -0.860005200 1.83923709 -0.570723236
 249 0.480488479 -0.935770869 -1.08393371 -1.54399383
 250 -0.567165673 -2.62785721 -0.101949364 0.526858211
 251 -0.352701366 -0.376378059 -0.758477211 1.00975299
 252 -0.826874554 -0.669570148 -1.31221557 3.31755280E-02
 253 0.199144557 0.675921619 1.13377821 0.674638808
 254 0.856998801 -0.309303045 1.64541674 0.413581610
 255 -1.66145658 -0.607661068 -0.418549627 -0.472299576
 256 1.18977976 -0.545705795 0.252996534 0.694117427
 257 0.251593858 -0.746027946 -0.538068771 0.650082111
 258 2.18266559 -1.57030261 1.02207887 1.52259409
 259 1.44394159 -0.427791595 0.675907910 -0.623368680
 260 -2.81431866 0.344722271 1.43990290 -1.49466014
 261 -0.200816676 0.427617788 1.39561045 0.677704215
 262 0.406766146 -1.66072297 2.07585382 0.402442485
 263 -0.408370197 2.43753815 -0.315331846 -7.12208748E-02
 264 0.899778485 -1.57098508 -2.03764510 1.30094910
 265 -0.700453401 -0.142966688 -2.52196193E-03 -0.220844582
 266 -0.603457093 0.655611277 -0.997276902 0.954275906
 267 -0.987886429 -1.12576258 1.94455290 -1.16620529
 268 -0.508499563 -0.762614429 0.562563241 1.99690640
 269 2.97130156 -0.534122825 -1.69537425 1.78791773
 270 1.29066277 -0.384668231 1.24811816 0.999830008
 271 1.20472062 0.442978323 0.535398185 -0.394076645
 272 -1.02056813 0.621376455 0.926500916 -1.64030075
 273 -0.432566285 2.06412468E-02 0.229123414 0.566587389
 274 -1.34349084 1.24599433 0.468983948 -1.31150037E-02
 275 -0.493295699 -0.388085097 -0.465308428 0.967067122
 276 -1.60482776 0.858841896 0.872660697 -0.296556175
 277 0.662719786 0.419479966 0.356139719 0.407291263
 278 1.37440407 -0.699895024 -0.398343205 -0.424772680
 279 1.06953061 -0.472476453 -0.103273690 0.725329101
 280 1.79406142 -0.995076001 0.310323775 1.85065222
 281 -0.738560855 1.41561496 0.292535096 -0.952163219
 282 -0.547855020 1.85421431 0.157287255 0.952242136
 283 -0.257540613 -0.493383974 0.392694861 0.870149493
 284 0.583958447 -0.237416446 -0.502203286 -0.643883348
 285 0.570916355 -0.410561502 -1.00761700 1.40182805
 286 -1.21434486 0.963488460 -0.873403609 -2.28959489
 287 0.463760883 1.42083633 -0.151100427 0.162726685
 288 1.58808565 -0.464493513 -0.120014399 2.17996001
 289 -0.406769037 1.69565892 -0.638047874 1.04249728
 290 4.04582173E-02 -8.28893483E-02 0.304563046 -1.50879061
 291 3.17482948E-02 0.314118862 -0.816248536 0.154631749
 292 1.17460787E-02 1.44415689 2.24456358 1.78646827
 293 -1.98344898 1.17680800 3.49902064E-02 0.910322547
 294 -0.664045274 -1.23534429 -0.836527705 0.899583042
 295 1.28808880 0.678338647 0.443629265 -2.68294662E-02
 296 0.790757358 -0.355722249 1.02392185 -1.53762269
 297 1.91114569 -0.197764918 1.60164154 0.782955229
 298 -1.46254110 0.459771454 0.365678251 -0.557941139
 299 7.53897429E-03 0.538395166 -0.950811803 1.05700731
 300 -0.122364357 0.958762586 -0.252421498 -1.13434386
 301 -1.65702271 -1.90358162 1.68592596 -1.31075585
 302 -3.01609802 -5.97776771E-02 0.726014733 -1.97299218
 303 0.389665246 -0.323437393 2.15052199 -1.02661371
 304 0.488020122 0.102020085 -1.29959524 1.11080170
 305 -0.818901777 -0.792051673 -3.84840965E-02 -0.578250527
 306 1.56940615 0.626908183 0.486679524 -0.198357671
 307 -1.60807729 2.59137416 0.736152887 -1.15445435
 308 0.584596097 2.44314522E-02 2.18291664 -1.76150274
 309 -1.29344380 1.44438779 0.204500675 1.05113626
 310 1.42190135 -0.388897657 2.79664755 -0.358837634
 311 0.315611094 1.40055168 9.88435522E-02 -0.416914672
 312 0.717132568 0.220849842 0.166791022 0.519697905
 313 -0.767555118 0.231580421 0.304791451 -1.39645994
 314 -1.45658410 -0.258894324 0.994567156 0.800248146
 315 1.11917353 1.59443688 0.344258070 -1.47759485
 316 1.38242233 3.03990543E-02 -1.25222039 5.09639382E-02
 317 -0.877165914 -1.21798658 1.20535865E-02 -1.40853357
 318 1.25189865 -0.202344671 0.936427653 -0.691871941
 319 0.699631810 -0.673508704 0.222627416 1.29799986
 320 1.87984192 -0.793315828 2.12758279 0.787485063
 321 0.257769078 -1.14263940 -0.753815413 0.805060565
 322 -0.357995629 -0.849151433 -0.940106869 -0.581833899
 323 1.90546346 -0.219620049 9.61039811E-02 1.69298160
 324 -0.585008442 0.803335786 0.247919992 0.798092008
 325 -3.67412949 0.538668931 1.03544188 3.99720669E-03
 326 -0.105335295 -0.111131325 0.676720917 0.374606013
 327 -1.42114389 -0.146934748 -3.87494266E-02 0.756226957
 328 -0.691456854 6.27453923E-02 -0.155633345 -0.627080560
 329 0.765442014 -0.241123751 2.85236955 1.41099739
 330 5.40626086E-02 -0.105864197 1.09638214 1.31303191
 331 -1.39245796 0.767846823 0.717319906 -1.21477234
 332 -1.47485650 0.512082577 -0.751781821 0.401008099
 333 -0.999213219 0.677306294 1.08573556 -1.53929889
 334 0.448276818 0.752049804 0.443125576 1.76903403
 335 1.66167378 0.614901900 0.556779146 -1.55892599
 336 0.657944739 0.138289452 1.03125024 -0.464652121
 337 -0.978055477 0.571457207 0.779148102 -1.46923780
 338 0.991033614 -0.927951515 1.95054412 -1.65852821
 339 -1.94207978 -0.156556040 0.124803782 -0.206354022
 340 9.93058681E-02 -0.718042850 0.174183071 0.721472859
 341 -0.891347945 -0.616124272 1.50485682 -2.82843614
 342 0.211345106 0.380148321 0.225995615 0.682923019
 343 0.725220561 -0.848247409 -1.02916002 0.700287580
 344 0.768589437 -0.744582593 -0.232949480 0.562557936
 345 -0.308053941 -1.91433203 -8.39742720E-02 0.494668305
 346 2.37324387E-02 1.00297332 0.798251510 -0.317513049
 347 -0.513490975 -0.203168049 -3.10578942 6.60717487E-04
 348 2.43994296E-02 0.527932584 -0.122301191 -0.274528384
 349 -1.42355251 1.52526474 0.350187421 -2.25588179
 350 -0.575419962 -0.733462751 0.913900912 0.933663607
 351 0.416343302 2.29868865 -1.45738411 -0.203395367
 352 -1.00030529 0.525445521 0.349917054 0.489839405
 353 0.252549678 -0.298052728 -1.03990924 0.305592835
 354 -1.03112841 -1.61104357 -1.29635918 1.18415797
 355 -0.117026687 -1.48037577 -0.275167257 -5.94242625E-02
 356 -0.828867137 1.44330382 2.07954955 0.964164734
 357 0.541117430 0.864419580 -1.75486767 -0.159035042
 358 -0.205033258 2.13707852 -1.37041998 -8.24538469E-02
 359 1.45874858 0.517867327 -0.959116757 0.897238255
 360 1.04276752 -0.611564398 -0.154419914 -0.423880994
 361 0.522631764 0.867013812 -0.327881038 1.30215847
 362 5.32268733E-02 1.71618342 -1.10235119 -1.13449407
 363 -0.136479303 -7.03765750E-02 -0.307239205 1.05289614
 364 -0.529079556 1.51452398 0.394517601 -0.100324512
 365 1.72313340E-02 1.92981213E-02 0.916302323 1.01197433
 366 -0.570903361 -0.210890651 0.562819779 -0.600370109
 367 -0.586358190 1.33652902 1.73244381 -1.88795638
 368 0.159897685 1.57919478 -0.203925997 -0.259553194
 369 -0.584165633 1.05339932 -1.43974519 0.933998227
 370 0.714420438 -1.29127371 -0.649674654 -2.09308434
 371 -1.45645249 -0.227168754 -0.278355747 -0.824705958
 372 0.299611956 0.114110574 -0.982844591 0.781190813
 373 0.316432774 0.350923121 -0.397078693 0.195480362
 374 -8.22292268E-03 -1.05231869 -0.327750295 0.758603156
 375 -1.05204558 0.558584630 0.571480632 -1.59450889
 376 -1.39833117 0.800804973 7.92518258E-02 -2.36360359
 377 -1.02515745 0.328651905 -0.540247560 0.886032164
 378 0.134858578 1.52837288 -0.623857260 -0.650500834
 379 -1.99382055 0.290449142 0.933747411 -1.51810217
 380 1.83404613 0.627883017 -1.19094479 0.462385565
 381 6.92112595E-02 0.237535268 -0.107717320 -0.175323755
 382 -1.14626873 0.102412164 -1.46501839 -0.236493081
 383 0.465890855 1.02343249 -0.298094213 6.41387403E-02
 384 0.317882359 -1.23682296 1.51008964 -0.492754102
 385 -1.04928124 -0.206043616 -0.933957100 -0.747866631
 386 0.192448765 0.909552574 -0.742377460 0.742677748
 387 0.138491541 0.164231539 0.453665227 -0.454676270
 388 -1.08516276 0.108756356 -3.47899270 0.835803866
 389 -0.290488303 0.465537041 -0.246208131 -2.46321487
 390 7.37464130E-02 0.874626935 -0.587372005 -0.384721667
 391 0.408159286 1.21282661 0.316441417 -1.09038997
 392 0.607263148 1.42357874 -0.509706378 -4.62321192E-02
 393 -1.06600749 -0.232871354 -1.00377774 0.367839575
 394 -2.25330091 0.279207647 -0.397598237 0.644941390
 395 -0.373896420 0.796825349 -0.501556218 -0.546728134
 396 -0.493051380 1.90801954 0.330116868 -1.95626426
 397 0.682713151 -0.302297652 0.928658903 -1.20390916
 398 -2.03668404 0.990352035 -0.290216565 -0.413652867
 399 -1.11750162 1.04118013 0.210235924 -0.648335099
 400 0.263834506 0.662754536 0.856963754 -0.700952947
 401 0.505656064 0.681228638 -0.780511320 -2.23365068
 402 -0.325791687 1.65522099 8.54664147E-02 -0.375319898
 403 0.539514184 -0.554168046 0.619106948 0.225993365
 404 1.06543338 0.697711885 -0.836306512 1.85023868
 405 0.317228347 -1.14889443 -1.08211601 -1.18763208
 406 -1.31635690 1.06516445 0.506735921 -0.267164797
 407 0.763935208 0.437354505 0.245427489 0.731332779
 408 -0.621376991 1.18525934 0.130821019 -1.50675631
 409 -0.254318148 0.272504568 0.899129450 -2.75313258
 410 -0.998457611 1.12889647 1.03760302 -2.98565912
 411 -2.61388516 0.234618038 -0.387993217 -0.327861577
 412 -0.132852063 1.61522484 -1.13273835 -1.67929471
 413 -0.133238465 1.23221660 -0.532684743 -0.237597778
 414 0.172948077 1.73899531 2.31541133 -3.27707827E-02
 415 -7.07485378E-02 1.31469691 0.557739258 -1.28506851
 416 -1.79742301 1.12494469 1.41111493 -0.215321109
 417 0.378116608 -0.197498858 3.74224335E-02 0.398346424
 418 1.94786561 0.320895344 -0.548928201 1.92689264
 419 1.56724107 -0.227655947 0.861651957 0.790496111
 420 0.438218445 0.212834165 -0.723978341 0.562838376
 421 0.113864928 0.883298397 1.02896559 -0.208158359
 422 0.700729191 -0.470926672 -0.334499747 0.559880435
 423 -0.946048498 0.460780144 -1.36975348E-02 -0.338195533
 424 -1.34741974 1.28136230 2.53383398 -1.15926814
 425 -0.191147089 2.81203461 -4.03127670E-02 -0.266065210
 426 -0.196065977 1.68676749E-02 0.414343655 -0.390573233
 427 1.70400143E-02 -0.996400952 -1.40868354 0.656108379
 428 0.371802926 1.17465091 1.11897969 -1.38067770
 429 -1.98979163 2.09677315 -0.428391546 -1.23015785
 430 -1.42665780 1.93440604 -0.511878192 -2.51603770
 431 -0.487162977 0.366296798 -0.544671774 -0.913131237
 432 -1.56478643 3.47392273 0.654022992 0.172630921
 433 0.846266866 -0.883339703 2.21298313 1.24743938
 434 -0.127834022 -6.90010861E-02 1.11682117E-02 -0.179424837
 435 1.80191509E-02 1.02753842 0.101686433 -0.124648944
 436 0.675388694 0.952413857 0.109230399 -0.474670708
 437 -2.30563307 -0.276409447 -0.457883239 -1.94386172
 438 -2.71925426 0.407997489 0.842025757 -1.17756772
 439 1.46848488 1.53762650 -0.667976022 -1.27158523
 440 4.91088778E-02 1.20261931 -1.07527173 -0.914640129
 441 0.272517443 0.769427121 -0.558946073 -1.39469075
 442 1.26290321 -1.05779088 -0.688713312 -0.593606591
 443 -1.39077687 0.829263687 2.15296960 -0.404932648
 444 -0.644845068 1.17374361 -0.312360168 -0.127808258
 445 0.987894475 -2.65473866 0.683557868 -0.788602352
 446 -1.21894181 0.487897694 -0.458863348 0.666943908
 447 1.14834058 -1.39680326 5.89223504E-02 -2.69332314
 448 -0.624064624 7.68885389E-03 2.29341412 -5.87502420E-02
 449 -0.941749394 -0.147121087 0.695721388 0.277491868
 450 -1.28320861 -1.46844673 1.34592044 -0.489686579
 451 0.174873784 2.23699665 2.35563469 -0.133903295
 452 1.57431364E-02 -0.190221220 0.934517920 -0.381555438
 453 1.58987463 -0.297220528 -0.799593329 0.405998319
 454 -0.222995877 0.175130188 1.00209415 -2.21026826
 455 -0.884275317 0.537590027 1.01312160 0.759965479
 456 -0.114330813 0.124448232 -0.332677245 -1.72781658
 457 -7.07959235E-02 1.36284518 0.153794259 -0.724799156
 458 -0.779797614 0.217411950 0.711198747 -0.969784081
 459 -2.90897512 -1.44190335 0.943464935 -8.18118453E-02
 460 1.74657226 0.350884110 -1.23606408 -0.455029488
 461 1.22191668 -5.08220866E-02 -1.26977360 0.781334937
 462 0.168601736 -1.06413400 0.907863736 1.77973604
 463 -2.21796679 -0.598195314 -2.51513049E-02 1.79279995
 464 -0.570417583 0.894335568 0.951706767 -0.353340030
 465 -0.924202621 0.544151723 0.714100659 -0.431416959
 466 1.74167395 0.139304519 0.293902516 -0.585987329
 467 6.04519695E-02 1.55660331 1.75653148 -1.51102233
 468 -2.08484721 0.561879635 0.476532698 -1.48587894
 469 -0.861377776 0.521690488 1.97447091E-02 0.704028666
 470 -2.02105260 1.45301604 0.452081442 -1.05234444
 471 -0.764214873 -1.35412741 -0.159083262 0.956140161
 472 -0.797570229 0.887939215 1.45567846 -0.886279047
 473 -0.841999948 1.28275692 -2.31447673 -0.176509589
 474 1.29592180 8.67134482E-02 -0.195544720 0.961640954
 475 0.692514300 -0.218663469 -0.401048183 0.519460857
 476 3.47902104E-02 0.554034531 -0.678557873 -1.45074272
 477 -2.47177267 2.07037854 0.448643118 3.57940122E-02
 478 -0.200485229 0.822209001 1.01667571 -0.389920145
 479 -0.317373037 -1.44115758 0.949364305 0.691053212
 480 3.72719765E-03 1.25726593 -0.111504570 -1.52236295
 481 7.56049156E-03 -0.743039668 -1.64096951 -0.190077215
 482 0.756171286 -2.57018507E-02 0.858717024 -1.34640658
 483 -0.595664322 0.222535402 0.863942266 -1.65120614
 484 -9.27229226E-02 1.04244959 0.233336508 -0.805328727
 485 4.92884517E-02 0.121005319 1.52133036 -2.35956550
 486 -5.42697310E-02 0.969375312 0.335805118 -1.22593260
 487 -0.913364470 -0.288513601 0.499440372 -0.644326210
 488 -0.516809762 0.983266771 0.655802608 -0.505455256
 489 2.29630172E-02 0.358017743 -0.386500895 0.681365907
 490 -0.747051239 -0.178514525 0.894109786 -0.416273057
 491 -0.728659511 1.05720305 -0.484204352 0.406995177
 492 1.19639432 0.104384497 0.734513104 1.76750612
 493 -2.20989108 0.452410489 0.121731952 -0.611305833
 494 -0.710170090 1.21851790 0.184603006 -2.37246609
 495 -0.785815060 0.376755148 0.504650414 -2.53758478
 496 0.825730681 0.920245767 -0.110863134 -1.44401824
 497 -1.78543639 7.22697005E-02 5.43957055E-02 -1.62093854
 498 -2.36171335E-02 -0.267223746 0.936448455 -0.359812081
 499 1.24768329 0.632546663 -0.175609171 -0.371682793
 500 -0.260739952 1.31547344 -7.09808096E-02 -0.333693147
 501 -2.28688121E-03 0.334616929 0.680642545 0.976959586
 502 -1.00179255 0.545781255 1.57754672 -0.710684955
 503 0.639390945 -0.448249698 -1.67353511 -0.798936903
 504 0.326328814 0.865351439 0.772373557 -1.44103467
 505 -0.259987354 0.404953361 0.590287745 9.52057093E-02
 506 1.67063618 0.467218220 4.55798134E-02 -0.470043957
 507 -0.330732226 0.824417591 -0.671298862 -1.01225805
 508 -0.626257181 0.136419713 -0.478484005 0.804577291
 509 -0.131841093 0.116496772 0.127858758 0.513427615
 510 -0.101192586 -0.444542885 0.546785951 -0.323662639
 511 -1.77324319 1.68659699 1.60957265 0.268164337
 512 -0.805774510 -0.671463549 1.47053748E-02 0.995164812
 513 -0.380779684 -1.65067613E-04 6.35929704E-02 -1.44775534
 514 0.813611329 1.88799679 0.428094804 4.49156538E-02
 515 2.78731728 0.822444975 -0.205594003 7.77658820E-03
 516 -0.825028658 1.94503260 0.502147079 7.08680600E-02
 517 -1.17988813 -0.751437187 0.621762693 0.752262712
 518 -7.33301938E-02 -0.371836305 2.65407777 0.961686194
 519 0.180586681 -0.165590048 -2.67842913 -0.432271630
 520 1.91093922 0.786054432 -0.541041493 0.720954418
 521 1.03481233 1.13395166 -9.87724289E-02 -0.980581284
 522 -0.777299047 -1.13248265 1.11958420 1.09596431
 523 -0.632995367 0.708059728 4.96142134E-02 0.688061953
 524 8.53682309E-02 0.761764109 5.58561087E-03 -1.39672446
 525 -1.36165440 0.160161182 -1.31802678 -0.807531595
 526 -0.770107269 -0.480114669 -0.345814407 -1.37045550
 527 -1.77176702 0.945617080 1.53704882 0.790491581
 528 -0.380596608 2.37298012 -0.303927600 0.107509881
 529 0.931640863 1.48368692 0.266749054 -0.338043630
 530 -0.249584883 0.540196657 2.22162199 0.658403218
 531 -0.288636446 -0.479521811 -0.443160892 0.283338964
 532 0.475964844 -0.549974382 0.373403370 0.388672292
 533 0.628928185 1.01493835 0.433436155 -0.359850705
 534 -1.53460050 1.08367741 -0.459054589 -0.380357713
 535 -1.58822584 0.978985786 -1.40765750 -0.125485688
 536 0.205301106 0.300526440 -0.320969731 -1.13838935
 537 -0.644157648 -0.520222843 0.110203475 1.78125358
 538 0.494317532 -0.934040248 0.802014112 0.324121654
 539 -1.48370409 -0.632361352 0.678345859 -2.68878651
 540 2.46097159 0.196638465 1.02136600 0.637375653
 541 -0.701400757 -5.36975153E-02 0.772683978 1.09378672
 542 -0.738013685 -0.204864606 -0.137177914 -0.409186900
 543 6.37135506E-02 2.22269726 -0.773883224 1.18760419
 544 -0.927541018 0.353156596 0.393729329 0.292988598
 545 -1.00999999 -0.486168087 1.13099337 5.15821576E-03
 546 -1.56791985 -0.575709581 -0.596213222 0.746270895
 547 2.70849729 -9.60652828E-02 0.931857824 -1.20892322
 548 0.328823894 0.720447898 -1.02169788 -2.33545399
 549 -0.717721760 -0.325135261 0.414045930 -0.954066992
 550 -1.26626241 0.673928857 -0.183784634 0.695593297
 551 -1.49969196 -0.560749531 5.69948331E-02 0.737459183
 552 -0.397835672 0.632938504 -2.62167048 0.473744005
 553 0.105182089 -0.393364429 -0.873074532 -0.763108253
 554 0.214112118 -0.358018160 0.677571893 0.236341536
 555 0.855565012 -0.149580419 9.66225639E-02 0.730496109
 556 -2.30520320 -0.640578389 2.70163703 -0.606720984
 557 -0.189356819 -1.64357281 1.18223739 1.87485683
 558 0.783366144 0.190571383 -0.584742427 -0.323977292
 559 -0.444368720 0.309002995 -0.343684614 0.647390008
 560 0.945291996 1.65843594 -0.710431039 1.73201442
 561 -0.638322592 -0.233111501 0.169291213 0.789306104
 562 -1.17779899 0.926593304 0.540567994 -1.24667716
 563 0.323349476 -1.06499124 1.02093971 1.87070215
 564 -1.48014224 0.785867929 -0.867005706 -2.33584738
 565 0.113153517 -0.420207441 0.256886393 0.332836866
 566 1.44883859 -0.664889216 -0.597949266 -0.384682238
 567 1.28769147 1.20652020 0.341572642 -0.482791245
 568 -1.05872512 -0.733167171 0.463765472 -1.53199744
 569 0.153080583 -1.09455514 -1.03592908 -0.139067903
 570 0.150062755 0.777133703 2.64265776 -0.586706817
 571 -1.26727009 0.929788291 -2.56495667 0.483014226
 572 1.63921463 -1.33460450 -4.21778113E-03 0.393045306
 573 -0.105569728 1.36954033 -0.932666004 0.426769018
 574 0.846701801 0.174374446 0.874291718 0.104837164
 575 0.737275064 1.40615249 -1.01273048 0.650665164
 576 6.71784505E-02 1.01134825 -0.143300712 0.984512806
 577 -0.690982997 0.198727936 -1.32382417 -2.53430700
 578 -0.240583107 0.785497665 -0.523548603 -0.275475204
 579 1.39187610 0.680516303 0.443732917 -1.51500964
 580 -0.240077019 0.439156651 -1.80046931E-02 -0.307322353
 581 -1.85871273E-02 -0.343705893 1.25931144 0.294661403
 582 -3.39035201 1.01991177 0.604992986 -1.19227672
 583 -1.35184109 0.409411550 0.785121381 -0.198186874
 584 1.33426404 1.07139421 1.14135849 0.733836114
 585 1.48116279 0.278276443 -0.632747829 0.661427081
 586 -0.519848406 -1.22151935 -0.809194326 0.537968814
 587 1.59140158 -1.07399440 0.154887229 -0.451611727
 588 0.824548841 -0.515795827 -0.151276618 0.440412581
 589 2.00535893 -0.655889928 -1.26817250 -0.702956975
 590 0.675191581 -1.27998948 1.03358221 1.47423649
 591 -0.354746163 -1.49531448 0.813183904 -0.347257167
 592 -2.11197352 -1.11461294 0.320826501 -0.420035779
 593 -5.25257662E-02 1.49537706 -1.51958317E-02 0.864295542
 594 -1.77359855 7.85678253E-02 0.447227776 -1.07141882E-02
 595 0.346558124 -0.779006243 -0.253151715 1.55571413
 596 1.43631661 1.23601890 -7.97118545E-02 -0.304327726
 597 0.926282585 0.474761069 0.349689722 0.381241888
 598 1.26366675 0.269018233 0.437308997 1.75729299
 599 0.927197814 0.415289342 -0.314145803 0.131353676
 600 -0.610055447 -1.38968873 0.613123596 0.515846193
 601 0.228715539 0.246949643 0.702767193 -2.71592879
 602 -0.861093342 0.412518770 -1.38977146 -1.94901085
 603 0.378246516 -0.115694150 -1.20766234 -1.48078132
 604 -2.67942250E-02 -0.592307150 1.21170402 1.69065046
 605 0.352638304 -0.911988676 1.15779316 0.571621597
 606 1.13826013 1.25973976 0.399086416 9.07780230E-03
 607 0.746144652 0.564296782 -1.00062835 0.848825216
 608 -2.12739086 -0.162560835 9.17296410E-02 -1.70693779
 609 -0.785859406 -0.689153910 0.170269638 0.346802205
 610 0.325783968 0.104614407 1.58275604 0.566000164
 611 0.267759293 0.942606211 0.536539078 -1.57568574
 612 1.43980360 -0.813302100 -1.82608974 6.83401823E-02
 613 0.212039560 -0.229032338 -0.738129139 1.04513168
 614 0.893612683 0.730641067 0.793539643 0.813211858
 615 0.218266472 0.677619636 -1.25781929 1.68142188
 616 0.154509097 -0.858824134 0.814438641 1.15281701
 617 1.44423378 -1.18529701 -8.56132954E-02 1.35510993
 618 -1.35209525 -0.320676684 1.69532633 -1.47606266
 619 2.04832852E-03 -0.948855460 0.640437722 0.389229327
 620 0.851258755 0.687590539 1.05447388 9.22878087E-02
 621 -0.166113898 1.07965279 -9.78742167E-03 -0.834383667
 622 0.646846890 1.95006871 0.713545024 -1.55956137
 623 1.04091370 -0.318936348 0.271967918 1.17095840
 624 -0.375873238 1.23730087 -0.161646634 -0.395442247
 625 -0.566457689 0.727834642 -5.74369878E-02 -0.890680909
 626 0.114220336 -0.426614374 0.908344865 -0.468054622
 627 0.784763813 1.20366836 -1.28664386 -1.44915152
 628 2.18697619 -1.38348818 0.786019862 -0.401271164
 629 -1.96356142 -0.302622080 0.657929122 1.14886200
 630 1.18040848 1.10769129 -0.136983395 0.907412350
 631 -2.35930228 1.07521188 0.731235266 -0.583922386
 632 -1.04150045 -9.65083539E-02 0.781107068 -1.42133093
 633 1.89415109 1.96811223 0.568630457 0.718204081
 634 1.24421275 0.899177372 0.771682024 0.145245507
 635 1.19776869 -1.30508423 0.546743035 1.34920740
 636 -1.12353480 0.267449528 -1.58417895E-02 0.532023430
 637 -5.91618717E-02 0.759514332 -0.672191858 -0.103201419
 638 -1.25846159 0.376359165 -0.393963218 -2.14918423
 639 0.293196917 1.83413208 0.468141794 -5.16071618E-02
 640 0.366486341 0.970300496 -0.829978883 0.165419638
 641 -5.25196083E-03 0.154131413 0.485592455 1.29084098
 642 -2.04075909 -0.840715826 1.14383924 -0.614531159
 643 1.15330172 -0.804135203 -0.872977197 -0.735413611
 644 0.436292022 -1.24714541 0.265032411 0.679668009
 645 -0.858182490 0.819991469 0.844230175 -0.527015090
 646 -1.71191430 2.17343950 -0.127081797 -1.39149797
 647 1.34811759 -0.981844485 0.516629934 1.42391682
 648 -0.661578417 0.352213770 -0.739236653 -0.143826172
 649 9.52294767E-02 0.138223708 0.731906176 -0.195752501
 650 0.794223011 1.48560691 -1.66344094 -1.03424609
 651 -0.832000554 1.07410848 0.266142428 4.80238497E-02
 652 1.18710947 -0.888221085 -0.375092328 1.92808628
 653 -0.398028135 0.419943660 0.398453802 0.357650489
 654 0.967183113 0.104080454 0.503224611 0.741656542
 655 0.475408435 -0.994113088 -1.20543659 -0.696042061
 656 1.13708150 0.467766047 0.396545649 -1.38061893
 657 0.987462223 0.826978385 -0.624097764 0.811098278
 658 -0.749976158 0.901316047 0.121436045 1.72187757
 659 0.566295505 -0.339506090 0.640831947 -0.543541491
 660 -0.625743032 -0.127307385 0.261734158 -0.643594921
 661 -6.73308298E-02 0.274121702 -0.544015527 -3.19640934E-02
 662 0.510059118 -1.09746313 1.16143143 -0.800829530
 663 1.35064518 1.38638735 -0.575276077 -0.369917303
 664 1.79426873 -0.227058187 -1.11024296 0.886137247
 665 -0.508219898 0.457180858 0.394072592 -1.19199380E-02
 666 -0.387353063 0.382224381 -1.18151712 0.728975892
 667 0.996712923 0.811186731 1.42575157 -6.46472722E-02
 668 1.01493967 1.07757199 -2.11230230 0.151769459
 669 0.305591464 -0.363002568 1.27151310 -1.34459400
 670 2.67504168 -0.251385212 0.770767748 0.738119125
 671 -1.45879555 -0.415264338 1.10469699 3.11474502E-02
 672 -0.827959776 -1.19249737 0.412593603 1.58006668
 673 -0.413432181 -0.388653398 0.102590859 -0.510807037
 674 1.24505675 -0.180518150 0.513182044 0.867996395
 675 -1.70230746 0.959030628 0.721201479 0.483588696
 676 1.38215089 -0.836226761 0.881877780 0.385967553
 677 -0.310402691 -0.252769709 1.73815143 -1.23536563
 678 0.510637820 0.807521880 0.547136307 -0.649080396
 679 0.911661565 0.858563721 -0.404921412 0.324509144
 680 0.591603577 -0.404188454 -1.05452108 -0.379931629
 681 2.76024914 -2.19872332 1.13776553 0.591443121
 682 1.58346355 0.579635739 2.20909691 -0.550630093
 683 3.97425219E-02 0.177351996 1.06330550 -0.386649936
 684 -2.18383148E-02 -0.350060910 -0.261252880 0.532566428
 685 -0.631899416 1.16550970 1.52497995 0.517844141
 686 1.52322412 -0.844184101 -0.976992965 1.31140447
 687 -2.00140452 0.731313944 -0.208141387 -0.452903152
 688 0.987055957 -0.779116631 -0.995497584 0.937739015
 689 -8.76868069E-02 -1.00009036 -0.261662155 -0.390560687
 690 -0.633824348 1.43652701 1.71877730 0.200395897
 691 0.586813509 1.13094473 -0.164716035 -0.502654076
 692 0.899309754 -0.470977932 1.06560469 0.552875817
 693 0.367982626 1.50046027 -0.863898754 -0.760615051
 694 -0.745711505 0.356794477 0.673719764 -0.950535357
 695 0.177819431 -0.639945745 -0.806932986 -0.336850941
 696 -0.504783273 -0.694960654 -1.34190655 -0.942804098
 697 1.15344882 -1.60111809 1.68446684 -1.55504394
 698 -9.50785577E-02 -1.15231204 4.86692488E-02 -1.26485753
 699 -1.06599963 1.01114035 0.492169410 1.01879907
 700 1.36427867 -0.788179874 -0.182030350 0.466471791
 701 -0.151694089 -0.885958850 -8.07777569E-02 -1.37083590
 702 -0.901455045 -2.79579830 -1.29455233 -0.434839636
 703 9.17399228E-02 0.152688846 0.466305971 0.397660255
 704 0.605309844 1.35940349 -0.125808164 0.971690416
 705 1.66171014 1.61561370 2.36138630 -1.12221885
 706 9.55929905E-02 0.397196323 1.33851612 -6.74895942E-02
 707 -1.08948898 -1.08765054 -0.881407619 -0.588908195
 708 1.63071835 -0.466893703 -0.455439299 -0.369746149
 709 -0.583802462 0.546439588 0.327571511 -0.243398145
 710 1.25034595 0.941866994 0.137968734 0.332457483
 711 -1.53713548 -0.890498757 0.828850508 -6.68306351E-02
 712 1.45788193 0.916335940 -1.28821957 -0.256195247
 713 -0.998904824 -9.44672823E-02 -0.106869191 -0.305414408
 714 -1.28289676 -0.753357530 0.322125822 -4.81654406E-02
 715 1.30344772 -0.117591679 0.157863319 0.416401029
 716 -0.304222405 5.96376657E-02 -2.47666812 -0.664025962
 717 -1.09743571 -1.62413120 -0.120728374 0.820136666
 718 0.428144872 1.23493266 -0.672249675 -0.523113370
 719 -0.406550467 1.67169774 -0.452875108 0.626902997
 720 -0.931588352 -0.431190789 -3.28749418E-02 -1.42646050
 721 -8.62032324E-02 0.707284570 -0.814052403 0.602683544
 722 -6.00771606E-02 -0.114285097 0.603953719 -0.440799296
 723 -0.253922880 0.358482599 1.23566055 -1.21656311
 724 1.58808625 -1.43530631 0.256674021 -1.20308292
 725 1.29824531 -6.28504008E-02 -2.63372278 -0.420126587
 726 -0.699435472 0.942848980 0.426051617 1.01191139
 727 -1.54996800 1.49892426 0.257902801 -1.21961486
 728 -0.422984391 0.355699241 0.170778468 1.56605840E-02
 729 -0.309592068 -0.208429098 -0.627382100 0.409433812
 730 1.28460991 1.04365551 -0.270370334 -0.446878791
 731 2.13782415E-02 -0.672593772 -0.975142598 -0.695468068
 732 0.836849213 -1.48704684 -4.77481782E-02 -0.375516713
 733 -0.394352078 1.45973790 -1.46278012 -0.454783976
 734 0.232283145 -8.98673385E-02 1.00722694 0.705309033
 735 6.37188330E-02 0.407285154 -6.67626560E-02 0.439445019
 736 1.03890121 -0.217047185 0.993103743 0.880766928
 737 0.227115303 1.42237592 -0.442047000 1.60977948
 738 0.963266015 -0.331805170 8.05365816E-02 -0.388172358
 739 1.12624443 1.92921841 0.870731950 -5.50430715E-02
 740 0.284099430 2.30002403E-03 0.548589826 -1.10457993
 741 0.363963544 -0.836222529 -1.75164878 2.23688316
 742 0.527142346 -0.303011835 -1.44857168E-03 -0.311145425
 743 0.784411311 -1.06813157 -1.39480293 -1.88916099
 744 -1.21519184 -0.443127811 2.58569455 0.754410982
 745 1.34047925 -0.926955342 -0.128651023 -0.501998425
 746 -0.800151229 0.238918155 0.779776931 0.765209258
 747 -1.65937030 -0.150260895 0.563402176 -1.18730879
 748 -0.922225893 -8.23332667E-02 3.54537964E-02 -0.300598711
 749 0.604768693 0.235823691 0.197848111 0.844762504
 750 -0.483493626 0.485483348 1.06064188 -1.33057284
 751 -0.394717455 -0.648941159 0.598135769 -1.10364640
 752 0.454513609 -0.155399472 1.34399498 0.317785859
 753 -0.223663092 -0.213272765 1.01178455 -0.390134066
 754 0.757909417 -0.899667740 0.829068065 2.00948119E-02
 755 2.86215973 -1.37252927 0.527465045 0.245492518
 756 -0.618479133 0.223816454 -0.344010770 -1.19717669
 757 -1.97692764 1.60700798 0.880909860 -4.14175391E-02
 758 -1.69019926 0.717409074 0.716688633 0.440255642
 759 0.489191145 -0.887469172 -1.12318015 -0.128572911
 760 1.08978975 -0.605492294 0.677888095 1.06192207
 761 -0.583305478 -0.334337354 -1.45423293 -1.24377680
 762 -0.576780498 0.148133516 2.37020755 0.435747504
 763 1.03880405 -1.38184035 1.45244038 0.677744865
 764 0.651010990 -6.45054430E-02 -0.405105561 -0.231747329
 765 1.08224761 -0.458945811 -0.168111205 -0.973642826
 766 1.18544114 -0.713559508 -0.287545025 1.50481987
 767 0.568628848 -0.342449456 1.04445338 -0.190990552
 768 -3.81926000E-02 1.59532368 -2.64751818E-02 -3.68159227E-02
 769 0.393093169 -1.88626170 0.200829297 0.366107345
 770 -0.471404374 -0.643016517 -0.807087183 -0.640927434
 771 1.67319584 -1.19466352 0.973097622 -0.239594251
 772 1.44224596 -4.01951820E-02 -0.154313982 -0.404264212
 773 -0.875665784 -5.83235621E-02 0.789854050 -0.357883781
 774 -0.535791218 -1.21825671 1.57333493 0.707279921
 775 0.921359718 -0.625457883 -1.71422672 0.878013968
 776 1.17945457 -1.13100982 -1.85993600 0.547167361
 777 -0.319871515 0.442668319 1.06982255 -2.37467766
 778 0.183492139 -0.185063392 -0.537930965 -0.399480343
 779 0.600921214 -0.461908817 -0.886073470 0.989553452
 780 -0.145612925 0.860341012 -1.79106104 -0.396666706
 781 -1.18420517 -1.17991960 -0.438446403 0.987474561
 782 1.05376446 -0.152278095 -0.321068347 -0.732308626
 783 -1.74999833E-02 -0.349452317 -0.630876064 0.329625070
 784 0.265574366 0.213496953 1.00260270 0.368938625
 785 -0.273010701 -1.67101741 0.311927229 0.409560204
 786 -1.07774639 0.744111001 0.114526093 -1.32950377
 787 0.873082459 -1.66593277 3.99014875E-02 -0.994467914
 788 0.249039799 -1.50882161 0.156155482 1.14860320
 789 0.516008198 6.86200261E-02 -0.652310610 -2.62199529E-02
 790 -1.26246095 -1.07837903 0.427394688 0.709349096
 791 0.896264911 -0.256701529 2.44843173 -0.270399868
 792 -0.583819091 0.940143347 0.405162543 -0.138126642
 793 -4.09021676E-02 0.488027871 -6.89117163E-02 0.900772095
 794 -0.656776190 0.369798779 -0.570520878 -0.782793403
 795 0.174921244 0.790114164 0.509722710 -1.15945482
 796 0.632956028 -0.486089438 0.429857194 1.32507300
 797 1.38736773 0.800818682 -1.80670559 -0.682318687
 798 -6.46037161E-02 -1.23749566 -0.314150691 -0.487669528
 799 1.17545593 1.73375458E-02 5.07171303E-02 0.890207767
 800 0.712507546 1.50891590 0.124709994 -1.26023722
 801 1.27258372 -1.31095624 -1.07265902 0.576059103
 802 9.64255631E-03 -0.266395450 -0.614569664 -0.496439397
 803 0.601871908 1.47753716 -0.385588706 0.309927642
 804 -2.33842421 -0.143810347 -0.412048578 -1.31639779
 805 2.39814281 0.678606749 2.19359323E-02 -1.81394744
 806 -1.03914261 0.302371949 -0.453931987 1.32781672
 807 -0.101072818 1.11351299 -1.38508081E-02 0.616984367
 808 1.25078833 -0.132753462 1.04578948 -0.362516195
 809 0.272717297 1.04667056 -0.267741531 -0.551758766
 810 0.901656866 0.396869242 -1.03092742 -0.602784514
 811 0.542861342 -2.19882727 -2.87276208E-02 0.410604477
 812 0.269093573 4.19314504E-02 -1.02417850 1.18523836
 813 -0.344953030 0.584361732 -0.407555163 -0.195807084
 814 2.17597103 -0.434607446 -0.247988075 -0.806205869
 815 0.734315693 1.46826553 -0.222513184 -9.46929827E-02
 816 0.783529758 0.141318202 -1.20749259 0.406609088
 817 -0.685216248 -0.923259377 -0.568163335 -1.34354341
 818 -1.64849162 0.415706635 -0.597205341 -1.85439527
 819 0.245836735 1.08425069 -0.228552878 -0.984894156
 820 2.25276899 0.612980068 1.24785078 -0.273244083
 821 0.312356234 -0.965630412 1.21778274 1.86551833
 822 -1.92765069 -0.341174841 -0.591117978 -0.481718719
 823 0.103763342 0.192528278 -0.168177217 0.484550685
 824 0.529585063 0.103526525 0.332219958 -0.300033420
 825 -0.835543871 1.39560103 -0.178166613 -1.26027393
 826 -0.716888547 0.562599659 -0.928238273 1.61989808
 827 -1.54934973E-02 0.338322312 -4.58568931E-02 -1.23046982
 828 1.46093702 0.297921419 0.221971154 0.818730116
 829 -2.05120111 0.724379122 -1.63356972 0.311856627
 830 -0.690736413 -0.651366353 -0.904075086 -2.29188538
 831 1.44520497 0.431648433 -1.10916066 1.27262211
 832 -0.200900644 1.52935946 -2.80138612 5.57900816E-02
 833 0.649589896 -1.16270089 -0.304349124 0.440019369
 834 -0.131086200 1.67801869 -5.80118895E-02 -0.373942137
 835 0.775298417 -0.150488958 -0.486188948 -0.937310159
 836 0.844183803 1.18502474 8.41221958E-02 1.67932451
 837 -0.333430171 -1.07230973 -1.43622470 -2.26018119
 838 -0.374636561 0.638124466 -0.510812163 1.15046680
 839 1.23693216 1.57172418 0.630686104 -0.232192397
 840 0.454335809 -0.401044309 0.254374504 -0.501953959
 841 0.573224843 -0.755844116 0.301268399 -0.690941453
 842 0.556775570 -4.28465903E-02 0.590103030 -0.679301381
 843 1.13281977 -1.54158473 -0.383637339 0.277145028
 844 0.929746449 1.44801271 -1.25226212 -1.60737109
 845 0.462936223 1.20143497 1.40466666 -0.449746668
 846 -1.23056626 0.562114954 1.60305774 -0.236444786
 847 -1.80051529 0.146547735 0.590406477 -0.377072453
 848 -1.64716649 -1.01149309 2.37358522 0.284311771
 849 1.71737731 0.700795352 -2.58688629E-02 -1.07799017
 850 -1.04334044 2.33834338 1.44437087 0.206633851
 851 1.39149022 0.311098814 -0.891642451 -0.321996987
 852 -0.569224238 2.37925363 -1.84845850E-02 -0.126883686
 853 -1.99242127 6.87876344E-02 0.331107140 0.730766833
 854 0.981451988 -0.373627782 1.50169933 1.47342682
 855 0.162208185 0.828901947 0.778012216 0.791749775
 856 1.57756925 -0.347308606 -1.28792572 -0.377378106
 857 3.13133411E-02 1.75960505 0.751984000 -0.627635539
 858 1.31625891 -0.410196692 -0.858424664 1.36715031
 859 0.222319305 -0.520478189 -0.626609325 1.03395319
 860 0.344536722 -0.507883072 -1.22189379 1.49077535
 861 1.59089279 -1.24095857 0.337034285 0.645225823
 862 -0.730399191 2.34189558 -0.141277373 -1.04891717
 863 0.604102194 1.33634710 4.76871170E-02 -0.209354460
 864 0.438617051 5.32776117E-04 1.27640724 0.605918288
 865 0.129894435 0.621981263 -0.120657563 -1.41846013
 866 0.372531831 0.714280486 0.236561239 -0.594586849
 867 0.433570147 -0.863715351 -1.57367909 0.618699193
 868 -5.82435876E-02 -0.854554951 -0.937099040 0.288096398
 869 1.13051927 -0.391110808 0.300708473 -0.144962400
 870 1.00780904 -1.09258890 0.367560148 -0.378231108
 871 -1.83601272 1.52675962 1.28513086 -1.50206172
 872 0.922938466 -1.06581080 0.805901647 0.730060816
 873 -0.603735566 -1.65082979 2.01322961 0.308819830
 874 1.26262569 -0.271638513 0.412904769 1.42020404
 875 1.21597195 -0.112255730 0.154060557 -1.56706429
 876 0.197447240 1.10665166 -0.793927848 1.16897738
 877 -3.41483951E-02 -0.203225449 -0.381954342 -0.926246881
 878 -0.734087706 0.634234488 -1.07418752 1.22403717
 879 0.274028361 1.60405052 -0.172767594 0.124538779
 880 -0.669875085 2.96856952 -0.884262085 0.430960506
 881 -0.554907441 -1.01616323 1.30586934 1.91612351
 882 0.214889467 -1.09257114 0.592456162 -0.243374795
 883 0.210613370 -0.854160547 4.58272621E-02 -0.348113835
 884 1.34570932 0.207161605 -0.396108389 -1.56167841
 885 -0.666163802 0.438968062 -0.569517255 -0.841046512
 886 0.204272300 -1.80564797 0.420958668 -0.389943242
 887 1.82384658 -1.14031661 0.302273035 1.10945225
 888 0.437122703 1.00348568 -0.124238379 0.682628930
 889 -0.142701194 -0.236486182 1.60138381 -1.05123556
 890 1.11816812 1.74605954 9.26456824E-02 -0.233585447
 891 5.45136631E-02 0.223324716 1.56880665 0.880075216
 892 1.45425558 -1.03490400 -3.99018638E-02 -2.68763757
 893 0.408725530 0.308749497 -1.34608209 0.371054947
 894 0.849323869 -0.167898297 -0.243069738 -0.390081078
 895 0.564059258 -2.30785966 1.28913355 1.75513983
 896 9.25164670E-02 -0.326773137 -1.23103112E-02 0.615532279
 897 1.86315727 1.05696571 -1.80830824 0.987639308
 898 0.964855790 -0.258181453 1.66906464 -0.472248137
 899 1.30189693 1.51803625 -1.85374999 0.677709520
 900 0.391512752 -1.71078789 0.471679151 0.551450670
 901 1.69990146 -0.155578285 1.88663709 -0.401638031
 902 -0.759246469 1.63022518 -0.559744775 0.980044484
 903 0.498285204 0.816418529 0.608657241 0.703808665
 904 0.125029072 0.894833088 -8.01476538E-02 -1.04110539E-02
 905 -0.210379779 1.80089921E-02 0.265085638 -0.209901690
 906 0.773756802 0.761553884 0.207238138 -0.130245298
 907 3.38875651E-02 -0.989113390 -0.401687324 1.11533773
 908 0.478380680 -0.194398612 -0.244742155 0.861230850
 909 1.21432757 1.87945414 0.208370209 0.613151431
 910 1.53539467 -2.54435563 1.17510879 0.359888703
 911 -0.848088920 -1.03457141 -1.32989025 1.84429741
 912 0.280707300 0.415467083 0.641349375 -0.662187934
 913 1.33687329 -0.537937403 1.93889570 -0.959403694
 914 -0.134072274 0.428779006 1.34723708E-02 -7.54018128E-03
 915 0.766101956 0.417769969 -0.219539851 0.725489855
 916 0.444018424 -0.149101064 -1.16609538 -0.114576489
 917 -0.825261831 0.627754867 0.198047191 1.14552784
 918 0.602132499 -0.831982851 -1.31006444 0.107677698
 919 0.440707743 3.56872715E-02 1.06276953 -2.17659068
 920 1.93696761 0.659712195 0.377395391 0.605481625
 921 1.88247859 -1.70031464 2.27811265 0.559015155
 922 1.26435685 0.141490102 -1.14443386 0.691265464
 923 -2.29232478 0.232877851 -0.384531230 0.393148750
 924 0.751938701 -0.838799298 1.65726519 0.837099850
 925 3.82649899E-03 0.960132599 0.171692312 -0.265533984
 926 0.461946845 0.982470155 -4.35748547E-02 0.669684589
 927 0.448718607 1.68556750 -1.46567810 -0.232500061
 928 -0.579110742 1.15236056 -0.642789423 0.859440088
 929 0.254493922 0.118434787 -0.111696213 -0.200286478
 930 -1.38658237 -0.277514875 1.69948995 -0.664538503
 931 -0.349233657 0.283011585 -1.53288031 -2.34069276
 932 0.690167904 0.268954545 -0.218917936 -0.584264338
 933 0.455017596 -1.92284858 -2.23940468 -0.573803961
 934 0.773592651 -2.38375330 1.52956915 -0.625921071
 935 -0.512933552 -0.437912107 1.41800475 0.436798573
 936 -1.36434412 1.55704570 -0.249607176 -0.651847601
 937 1.70268428 0.932113707 -1.40309358 -1.29375052
 938 1.65361452 0.689032793 -1.83681929 -1.35904145
 939 0.799203813 -3.81676108E-02 -1.80486846 0.397323996
 940 -0.122165695 -0.203805909 -0.685588002 -0.454446346
 941 0.212457880 -0.109086215 0.576255679 -0.104950652
 942 0.604940891 1.07685518 1.28694975 -0.222963855
 943 0.323793292 -0.339388192 1.45075583 -0.432099611
 944 -7.72542432E-02 0.471728444 0.749756336 0.854491889
 945 0.122737154 -0.851776838 0.264313936 0.683287561
 946 -1.53306496 1.09987068 -4.81775403E-03 -1.19365227
 947 0.127747849 0.253194094 -2.19403481 0.374002278
 948 -0.385826230 1.82950211 0.852443218 -0.266999662
 949 1.16682827 -2.09732795 -1.67432678 -3.84439230E-02
 950 1.47617209 -0.589199543 1.05589616 0.800887883
 951 -1.43818748 0.857731462 0.325961113 8.52217376E-02
 952 0.241347998 -0.734134078 -0.466472238 0.703361750
 953 3.50992903E-02 -0.265061468 0.991919100 0.831588030
 954 1.43299901 -0.712375522 0.491850019 0.564677179
 955 -1.04556501 3.05177450 0.559107780 0.915037751
 956 0.791196167 -8.64112973E-02 -1.46314514 0.298737645
 957 1.07358563 -0.266129673 -1.39532077 0.734168470
 958 -1.32804990 -0.863268793 0.303585351 -1.05532098
 959 -1.72187805 0.975413501 -1.56937408 -1.80260849
 960 1.20998585 4.94991839E-02 -1.74018645 -1.59700716
 961 -0.895197034 1.58868206 -0.268443137 -1.50413287
 962 -0.558793068 0.703608155 -0.588189304 0.676600933
 963 0.528712571 1.10526192 1.30964267 1.41164947
 964 1.20000362 0.297306538 -1.65052593 0.411896199
 965 -1.89281833 -1.64230192 0.131147861 1.72019958
 966 1.63526011 -1.55749273 -0.482078940 1.38329720
 967 1.33351231 -0.637483478 -0.914556563 -0.671982884
 968 -1.23441041 0.677175164 1.43302667 -0.274529546
 969 0.237109318 -0.389255524 0.207713872 -0.155779883
 970 -0.197420940 -1.21753961E-02 0.697043359 -0.847445965
 971 1.16243434 -0.614430964 0.460196644 -2.94750643
 972 1.25331903 1.82114542 -0.515370429 0.946385860
 973 0.353814185 -1.68190026 0.465596735 0.431484699
 974 -0.201705664 -4.40340787E-02 0.440458417 -0.618153691
 975 0.200970531 1.30423021 -0.281177729 1.15997362
 976 2.27871323 -0.307778776 -7.97468573E-02 0.883169651
 977 -1.67586434 -0.164123327 -2.11410689 0.307956994
 978 0.913406372 -0.114080533 -0.484508783 -0.452441245
 979 -0.832745671 0.300191015 -0.201298431 -1.03754532
 980 -1.57918763 0.639282823 -0.633500934 0.205836877
 981 -0.591925025 -0.332950383 -1.29806387 -0.281069100
 982 0.208047792 -0.418377936 -2.55193138 -1.60510874
 983 0.326203883 -0.963604748 0.946276307 0.538627982
 984 1.12817597 0.623109579 0.980729580 2.71304622E-02
 985 2.22139120 0.972250819 -4.36258316E-03 0.784127772
 986 2.17503262 -1.06150842 -0.774430156 1.12156355
 987 1.10276520 -1.58540773 0.631203413 0.309188813
 988 -1.29505372 0.696171045 -4.01302427E-02 -1.65679431
 989 1.53755999 -0.915125251 0.999746501 -0.390079051
 990 -1.15275121 -3.24679852 1.43733382 0.552729368
 991 2.17614919E-02 0.447427779 0.984549820 -1.21974683
 992 -0.961588204 0.145204037 -0.186153322 -0.161525637
 993 0.428597689 1.02649927 0.291414768 -0.523980260
 994 1.03567481 0.613406897 0.653971076 0.790626109
 995 0.904253602 -0.251603842 1.07163298 0.996264875
 996 1.12179434 -0.184605822 0.119360432 -0.444562554
 997 -0.490192324 0.996260643 -0.795839250 1.85954976
 998 0.723053753 -0.540103495 0.262070626 1.50291061
 999 0.790818274 0.450500488 1.21760023 -0.104076982
 1000 1.15226507 -0.936953962 -0.732687235 1.56764519
 1001 -1.43878913 1.16911924 0.373816729 -1.14762402
 1002 1.57407892 1.47844362 1.04972243 -0.170786560
 1003 -0.943409801 -0.596741796 0.894524336 -0.408704340
 1004 -0.513007283 6.90055341E-02 0.526977003 -1.86494720
 1005 0.451317281 0.686717808 0.409945220 0.527939320
 1006 -1.20168364 0.512443542 -0.440985471 -0.252106398
 1007 -0.239785343 1.66353405 0.643702745 -2.70097181E-02
 1008 -5.17528504E-03 -1.46868300 1.77678299 0.474292606
 1009 0.115950659 1.10830045 2.48232985 0.119466513
 1010 -0.186114103 1.01282907 1.73483586 9.64906812E-02
 1011 0.867481232 1.75369179 -0.212782934 -0.438387215
 1012 0.820364058 -8.98900777E-02 -0.683090806 -4.51543815E-02
 1013 0.935782611 1.08559358 -0.731336355 0.849242151
 1014 0.123055339 -0.335030466 -1.37276840 1.63769054
 1015 2.58748569E-02 -0.689527333 1.15710783 0.559330821
 1016 0.740132987 -0.354539514 1.41589928 -0.281476438
 1017 -9.90084261E-02 0.841182888 -0.131332368 0.455990255
 1018 -1.32603204 2.49086237 -0.344910562 -0.464382559
 1019 -0.330843925 0.391440660 0.233004689 0.940508246
 1020 -0.113379583 1.11436450 -3.53207290E-02 -1.15397978
 1021 0.709219694 0.931833267 1.18988788 -0.237452790
 1022 2.00948954 1.29634047 -0.976274192 0.913593650
 1023 -1.58859622 0.728853464 0.268420398 -0.641518176
 1024 6.52436912E-02 -5.94995916E-02 -1.12283230 -1.83325100
 1025 -5.39976656E-02 -0.998618305 -2.66190004 -0.236587152
 1026 0.871558845 0.456157506 0.178148344 0.292587459
 1027 0.286924452 1.16124165 -1.76617372 -2.43847442
 1028 0.198886186 2.62207365 -1.29582787 0.592889488
 1029 -0.350151211 -0.603843987 6.86553121E-03 0.676057935
 1030 2.31021047 0.763575792 -1.42435670 -0.821775377
 1031 0.978447378 1.58639264 -1.38110340 -0.298800856
 1032 0.107090473 0.804514349 -2.94295792E-03 -1.15531719
 1033 -1.05807292 -0.340995669 0.374160588 0.496778965
 1034 -0.232544363 1.30585611 -1.64907253 0.342466921
 1035 3.51991057E-02 0.156933635 -1.13705790 -0.496207893
 1036 -0.581369162 -0.687556207 0.205363691 0.998733044
 1037 -0.330068886 0.705748320 0.915500879 -0.211942464
 1038 0.435152203 0.288535684 -0.403607696 0.521707118
 1039 -0.330478311 1.14433503 0.456852317 -0.872248352
 1040 0.152242869 0.200791717 -0.941310644 -2.56614566
 1041 0.493520498 1.28118753 0.806441188 0.861489475
 1042 -1.00823116 -5.35492003E-02 -0.834513903 0.153031796
 1043 0.861501694 -0.891570807 -1.17118597 -1.17236865
 1044 0.533761799 -1.51665807E-02 -1.45056713 -1.36242592
 1045 0.884675682 -0.586392701 -1.90536129 0.164766014
 1046 -0.923211694 -1.04322779 -0.542437315 0.115809292
 1047 -1.55122757 -0.170177400 -0.250872940 -0.166313782
 1048 -1.00577021 0.836983800 -1.02326345 -0.432212800
 1049 -0.692446589 -0.284519017 -0.109687775 0.668563426
 1050 0.793180048 -0.401044726 -1.08362806 -0.298451036
 1051 -1.18163633 1.02695000 -0.169821054 0.450293422
 1052 -0.617173910 7.94830620E-02 -1.02340651 -0.221528709
 1053 -0.561422944 -1.70044452E-02 0.529835820 -0.276096165
 1054 0.301104367 1.12927341 -1.17091453 -0.707312226
 1055 -0.834453583 8.97189975E-02 -7.83515871E-02 -1.43404388
 1056 -0.712510884 1.43053865 -2.03465867 -0.239576936
 1057 0.524737477 -0.170511395 -0.870128870 -1.98151946
 1058 0.602325678 0.755621791 -2.66645217 -1.31979525
 1059 0.843439281 -0.785379469 0.285880268 0.544629574
 1060 -0.640769780 -0.911822438 0.146592557 0.331516504
 1061 0.653818786 0.367108315 -1.90957856 -1.24906814
 1062 0.731429458 -0.155537158 -0.338143647 -1.43656576
 1063 0.815113544 -0.816510022 -1.78623831 -1.24074042
 1064 -0.175558954 0.772776246 -2.51249766 -0.295454919
 1065 1.87672019 -0.978219986 -0.556241870 -0.449446321
 1066 -1.47303438 1.16521311 -1.14728677 -0.310476452
 1067 0.117142275 1.55039895 1.62797272 -0.100035384
 1068 0.721173167 -0.460695446 -0.304004431 -2.88278532
 1069 -4.38361168E-02 1.43467140 -1.22635555 -1.20658517
 1070 0.449496567 0.703378379 -3.18942904 1.63028967
 1071 -0.631070733 -0.531560242 -0.960041106 -7.36730173E-02
 1072 -0.609331787 -2.21642041 1.26015043 0.836701035
 1073 2.25992250 -0.366161287 0.152131096 0.385069728
 1074 -0.612206757 0.420746624 0.254887551 0.849311531
 1075 0.153626069 -0.625294805 1.00229955 -0.695987582
 1076 -0.670592904 -0.632990897 3.44978571E-02 -0.514276743
 1077 1.33056784 -1.01581490 -0.950297415 -0.483288109
 1078 -0.366974831 -9.77756977E-02 -2.65942001 -2.09917974
 1079 -5.63974231E-02 -2.85723400 -0.423044890 -1.52022803
 1080 1.78426301 1.23098040 -0.471218020 -0.198452592
 1081 0.899968326 0.283057362 -0.640051961 -2.59654927
 1082 0.169369102 0.588585019 -0.778716087 0.141606942
 1083 0.627852678 -4.95943725E-02 0.397927284 -0.364797235
 1084 -1.67448509 0.575322807 -0.836827159 0.391091228
 1085 -0.858827829 1.20083153 7.62132108E-02 -0.327130973
 1086 -0.733133614 -0.359004468 -0.728629172 -0.650563121
 1087 -0.976488531 0.200893849 0.421640158 -0.282324642
 1088 -1.07037258 0.856465399 0.261036426 -1.33617902
 1089 -0.139544100 -9.16953981E-02 1.72842062 1.73257446
 1090 -1.03258038 -0.344491094 -1.13304842 0.661399066
 1091 0.505540311 -0.737008870 -0.168805897 -1.41272140
 1092 -4.42864001E-03 0.360670418 -1.50157940 0.884685934
 1093 -0.484460026 -1.04987669 0.676573634 -0.451951087
 1094 -0.485260069 2.06157863E-02 2.40489542E-02 -0.105289280
 1095 0.755857944 -0.523319840 0.807116508 2.04083800
 1096 -0.641644239 0.829896629 -0.231659740 -1.63026977
 1097 -1.32442403 0.851566434 -1.30201030 1.11649203
 1098 0.573716760 0.184469104 -1.93946564 -0.156308368
 1099 0.393914610 1.38876140 -0.260012954 -5.61208129E-02
 1100 -0.801842928 1.68491781 -0.669111967 1.90026689
 1101 0.808536291 1.30104733 -1.46917808 -0.222935438
 1102 0.221934497 1.09078550 -0.808288813 -2.57935429
 1103 0.377846718 1.11494839 -0.507765174 0.744419098
 1104 1.02514052 0.128053904 -1.16206872 0.699254394
 1105 0.103801087 1.35466814 0.158687204 0.758145928
 1106 3.60096395E-02 1.01803470 -4.34845686E-02 -0.363966674
 1107 0.273159534 -0.256993443 -1.16524482 -0.677667618
 1108 -0.127949357 1.68162966 1.38759232 -0.452496678
 1109 -1.48656964 0.677644730 -1.42519271 1.81402123
 1110 -0.627192378 -0.504145324 -1.03811622 -0.500134587
 1111 -0.915476441 -0.845451832 -0.814862907 1.56110597
 1112 1.35272813 1.23955941 -0.714912355 0.101737350
 1113 -0.739276648 -0.332261503 -0.915877819 0.727142990
 1114 -6.18691444E-02 -0.241072327 -2.78392196 0.490765125
 1115 -0.491096735 -0.376070738 -0.970933914 -0.498241305
 1116 -0.930734932 -0.789031506 -1.37311542 1.71358383
 1117 -0.809393644 0.213817835 -0.652512372 -0.663623631
 1118 0.856941462 1.39746416 -0.474251688 -1.51389980
 1119 -0.762506127 -0.566846609 1.73439646 -1.37173057
 1120 -0.432283849 1.29380965 1.00580120 0.464728534
 1121 -1.20085335 -1.46184552 1.05965853 0.377052903
 1122 -1.05812860 -0.922797501 1.10305810 -0.314807177
 1123 0.363718361 -6.52487949E-02 1.69569957 -2.16183591
 1124 -0.919357836 1.71352398 -1.97710407 -1.55427790
 1125 -0.777802706 1.45697546 -1.91462350 -0.363745749
 1126 -0.894109786 -1.01382804 -2.35070705 0.445526510
 1127 -0.128112301 -1.35977590 -0.820647538 0.541472316
 1128 -1.39698148 0.654170156 0.687971413 0.956807375
 1129 -2.10013008 -1.45998394 -0.523610473 -0.467685729
 1130 -0.569236219 1.29572499 -1.38935983 -0.565615356
 1131 -1.39639616 1.62133014 -0.775058627 0.827920914
 1132 -0.573095679 0.606898189 -0.193638310 0.949597180
 1133 -1.11787713 0.184267849 -1.41830838 -0.221609727
 1134 -0.506737113 1.05549943 -1.41329789 -0.238417551
 1135 -0.730102897 0.449952155 1.55555320 -0.357682228
 1136 -0.151440114 -0.671580613 -1.39942241 -1.09923029
 1137 -0.847270727 0.162090927 0.699395299 -1.28085482
 1138 -0.710055232 0.772414684 0.895856023 -0.231264278
 1139 0.609750032 -2.00539041 0.391646981 0.495573103
 1140 0.988183856 -1.33327484 0.971929014 1.01349616
 1141 0.288653791 -2.44356847 1.33534968 -0.172092721
 1142 1.30697346 -1.09595919 -0.112287208 1.80283511
 1143 -0.400427043 -7.12111443E-02 -0.211239785 0.616945684
 1144 1.29560125 -2.12254834 0.879974067 1.20999682
 1145 0.520421386 -2.33667827 6.04727864E-02 1.57927132
 1146 -2.05698013 -1.25886202 2.80927420E-02 0.933621943
 1147 1.42745054 -2.59890699 -0.165180415 1.59534812
 1148 0.250020921 -0.292519689 0.651279569 1.44059122
 1149 -0.425865173 -0.727049291 5.63133322E-02 1.42388463
 1150 -0.713340282 -1.40350461 -0.915600657 0.216383323
 1151 -1.03529477 0.239606217 -1.27941418 1.38910103
 1152 1.49776256 -1.99193525 1.13019562 0.599171698
 1153 -0.182712361 -1.55388033 0.270399988 1.10669637
 1154 1.93458259 -1.27746212 1.63590062 -1.47125316
 1155 0.105259329 -1.09242249 0.242087334 6.77693486E-02
 1156 0.339075327 0.583242834 0.535528421 -1.59949625
 1157 -0.437993169 -2.42285419 9.33634788E-02 0.348188102
 1158 0.333701223 -1.76891232 0.441074759 0.661629260
 1159 0.518130839 -1.68206584 0.473812908 0.724431396
 1160 -0.343343198 -0.303706676 0.277931035 0.826904833
 1161 0.617070317 -6.64797276E-02 0.360001504 0.918391466
 1162 -1.16866779 -0.571776152 -0.698702514 1.69979501
 1163 2.02794862 -1.88642299 -0.817389488 1.63479531
 1164 0.326702356 -1.81921875 -1.28008044 1.47439611
 1165 1.23179913 -1.64316034 0.519786596 1.71034348
 1166 -1.69265819 -1.08459949 -2.16781092 1.74378097
 1167 8.02607909E-02 -1.89260840 -1.53090191 0.551512003
 1168 0.859012365 -1.00989366 2.00008869 0.512643099
 1169 0.896382034 4.77973819E-02 -1.70978808 1.44377017
 1170 0.213289976 -0.833787322 -1.22995734 1.68653369
 1171 -0.805046558 -0.757381558 0.586715698 0.446300745
 1172 1.33493507 -2.18435335 -0.684205949 0.750033259
 1173 -0.587204874 -0.300248802 -1.07614994 0.750013232
 1174 0.931012273 -2.38217139 -0.770634294 0.753333390
 1175 6.40877634E-02 0.132436126 -0.755200505 -0.465199947
 1176 -0.570917487 -0.922827899 -0.425096661 0.595413327
 1177 7.57553130E-02 -1.73428440 0.105775267 -1.49135888E-02
 1178 -0.825094700 -0.655456901 -0.856157303 1.59868240
 1179 0.383597910 -1.62268709E-02 -0.263323754 1.62161469
 1180 -0.137540221 -0.685596287 -6.69137016E-02 0.398514390
 1181 0.978522778 -0.294955015 0.415416926 -0.822463274
 1182 0.176231772 -0.970505893 0.341665983 0.690772116
 1183 0.445555270 -2.50475764 -0.416626364 1.61378551
 1184 -0.192426860 -0.525744140 0.744100690 0.199741155
 1185 0.345323920 -0.533750415 9.21347067E-02 0.665020823
 1186 0.414736629 -1.17162859 -0.688683867 0.434223533
 1187 -0.981451035 -1.19087422 -1.44550216 1.26031983
 1188 1.82591784 -1.39429748 -0.649794102 1.00599480
 1189 0.663910389 -1.21895278 0.542036772 -0.964816689
 1190 0.452297598 -1.02957666 1.02569735 1.96378410
 1191 -0.261997670 2.65054405E-02 -0.374485731 2.04912233
 1192 -0.223645657 -0.468402565 -0.185381472 0.130047619
 1193 -0.136094943 0.557084918 -0.871308982 1.49922836
 1194 -1.90525162 -0.126349151 -1.43159187 1.81055415
 1195 0.130951703 -1.08343339 -0.559768081 -0.361418337
 1196 1.05294704 -3.10318112 0.763303339 1.84452248
 1197 9.63429213E-02 0.533496141 -0.774658442 0.264249921
 1198 -0.711735964 -1.25963306 -1.96437955 0.211752802
 1199 1.24774837 -1.17009187 -0.930379212 1.52445102
 1200 3.24426740E-02 -0.678277016 0.419197738 0.843892157
 1201 -0.529239476 -0.178904593 -0.388068557 0.971642852
 1202 0.881015658 -0.184019238 -0.587938130 -0.452967972
 1203 0.658113241 0.521271825 -0.654330194 0.709570169
 1204 -0.542934358 -1.67343724 -2.08094382 1.72935855
 1205 -0.303172529 0.212668031 -0.993371129 -8.46924037E-02
 1206 1.26948667 0.442926496 -1.29718304 0.850293577
 1207 0.934633493 0.582919180 -0.593466997 0.815897346
 1208 8.10910463E-02 -0.873595893 -0.959557414 0.308763504
 1209 -5.34900129E-02 -0.610796988 -0.940377414 0.818847895
 1210 0.345465213 -1.39251399 -0.114501230 0.672648072
 1211 -0.138261572 -1.66405225 -0.389713943 1.47133613
 1212 -1.08957577 0.504977465 -1.42318976 -4.40678596E-02
 1213 -1.34888196 -0.646231890 -2.92857099 -0.589971840
 1214 -0.857596517 -1.97179818 -0.272382915 -0.105955556
 1215 -0.405932307 -6.18173480E-02 -1.39817011 2.04113770
 1216 -0.472728789 0.171250060 -1.07969546 9.32179391E-03
 1217 -0.935165823 -0.313996732 -0.834114254 -0.588536739
 1218 -0.916559160 -0.214473039 -1.32151031 1.63848543
 1219 0.347927839 -1.32538652 -1.97690928 0.870681763
 1220 -0.863988519 -2.02304578 -2.01116180 -0.710976481
 1221 -0.444297552 -2.38099885 0.586884141 1.47940862
 1222 -1.21712673 -2.13511443 1.28931850E-02 0.626475632
 1223 1.77385736 -1.21010792 -0.419455796 0.643564880
 1224 0.669913411 -2.01229525 1.21643662 1.66963649
 1225 -1.41336358 -0.616037250 -1.79025829 0.411769867
 1226 -1.77307367 -0.991089344 -0.623424530 -0.539965510
 1227 -0.255739510 -1.65941739 0.979486823 -0.427165240
 1228 9.00653303E-02 0.375804961 -0.562527776 0.946614087
 1229 0.138746321 -1.21505964 -0.847549617 2.04640698
 1230 1.34091020 -2.75626945 -1.27501047 0.679617405
 1231 -0.997010767 -2.02413797E-02 -1.78409755 1.36216331
 1232 -0.802924454 -1.91875041 -0.636410475 0.950608373
 1233 2.19728231 -2.15679812 0.705720425 1.18913627
 1234 -4.00842018E-02 -1.83607292 0.935306668 0.350146383
 1235 1.15652919 -0.398348510 -0.772904754 0.925001204
 1236 0.610431969 0.725187719 -0.997694016 0.408809602
 1237 -0.366667390 -0.121259093 -1.68900788 1.27953756
 1238 0.514769733 -1.76364100 -0.881420314 1.19806337
 1239 -1.16766489 0.803755045 -5.31675592E-02 6.25347942E-02
 1240 -1.36891830 -1.22421205 -0.954041243 1.21536064
 1241 -0.653079510 -2.68486714 -0.826957166 0.728362620
 1242 0.136561811 -2.40722990 -1.41477811 0.679437339
 1243 0.731415868 -1.75507295 0.152188271 0.458168864
 1244 -1.45633996 -0.503709793 -0.432237983 0.412463516
 1245 -0.644315243 -0.994563282 -1.22771597 -0.249943823
 1246 -0.120856337 -2.74169397 0.193815082 1.56608331
 1247 -0.960655749 2.76739895E-03 -1.70663774 0.879605532
 1248 -0.210392714 -2.09907985 0.312508106 1.48060942
 1249 0.839740694 -2.24034429 1.43505216 1.35237622
 1250 -0.422609746 -1.13087428 -0.269191265 1.03963423
 1251 -8.07986856E-02 -0.733113468 -0.777678907 -1.49517787
 1252 1.93972969 -2.33735085 1.29694593 -0.268669218
 1253 0.821364522 -0.349029750 0.737936497 8.57902169E-02
 1254 -0.538339257 7.51073658E-02 -1.02565217 -0.782159626
 1255 0.414274544 0.162688985 0.512234211 0.747447908
 1256 -1.05359685 -1.19691718 0.338868976 1.89179027
 1257 -0.787980497 -1.74491000 0.221798062 1.14640355
 1258 -0.121602267 -1.06492627 1.02830827 1.87901902
 1259 1.43171608 -1.99059165 0.239397958 0.383605063
 1260 0.296377420 -1.46566880 -1.03670454 0.827883422
 1261 -0.646329224 -0.594195366 0.366997868 0.373196393
 1262 -0.113808587 -0.558769703 -1.11971843 1.70201671
 1263 0.500142336 -0.981241763 -0.328707218 1.67233551
 1264 -0.148423582 -0.600198328 0.250946760 1.05276644
 1265 8.17895830E-02 -0.377037585 2.24949384 0.203379929
 1266 0.320885003 -2.53595066 -0.597593486 1.37757123
 1267 -1.51929712 -0.389363647 -0.287808239 1.39898026
 1268 1.31160128 -1.01204085 0.605159879 0.727063358
 1269 1.92506218 -1.57046783 1.21709859 1.38140392
 1270 1.38743162 -0.894679070 0.730965853 2.27237916
 1271 1.43884867E-02 -0.337754399 -0.901771069 0.739927351
 1272 0.208280534 -0.388686687 0.569167316 0.728511214
 1273 -1.15790677 0.151746392 -1.04837477 0.631382346
 1274 -0.223950207 -1.47959781 -0.441514760 1.04319656
 1275 -1.46420360 -2.16252804 -1.31683064 0.916041553
 1276 -6.06717914E-02 -1.66301036 -0.899547100 1.49523497
 1277 0.631178439 -0.118112206 -1.34875870 -0.328396767
 1278 0.443501920 -1.21623492 0.669595122 0.836849272
 1279 1.54294968 -1.13033128 -0.324796826 -1.42229497E-02
 1280 0.751351833 -1.24335194 0.964033544 0.440329343
 1281 1.85208476 -2.06834149 -2.15284395 0.710080266
 1282 0.696776867 -0.669624627 -1.36674511 1.65535092
 1283 -0.249372512 -1.45954931 0.448153257 0.374281049
 1284 4.73454595E-03 -1.43900514 2.16831714E-02 1.01532352
 1285 -0.664864898 -0.440980941 -1.42252457 5.70819825E-02
