 1 -1.26869547 1.32998943 1.03529906 -0.631794631
 2 -1.25561607 -1.84581208 1.21872079 -1.22048044
 3 -0.716351628 0.813248873 0.596480846 -2.24143958
 4 -1.07655776 1.69228458 0.472715765 -0.588673115
 5 -2.27280569 -1.71612215 1.26258588 1.93663168
 6 0.660404861 1.76800227 -0.211291939 -0.118176222
 7 -0.780123532 0.448505044 1.81663561 0.793159187
 8 -0.550093055 1.28364360 -0.621404886 -0.172836214
 9 -0.518831968 -0.149593145 -0.308004528 0.440579981
 10 6.91975802E-02 1.43629408 -0.923115790 1.29737961
 11 -1.26275003 1.21168959 -0.466073811 0.449946880
 12 -1.44791126 0.269041568 -1.41706455 1.48827338
 13 0.667430639 0.330990762 0.122787677 0.826476216
 14 0.129170999 1.14367652 -0.486814320 0.465147674
 15 1.28554034 1.50461781 -1.10753942 2.95830071E-02
 16 1.31654048 -0.143809780 3.65939587E-02 -0.656747222
 17 1.09339130 -1.10371065 1.22498596 1.21945572
 18 -0.127254322 -0.443084836 -7.79560879E-02 -3.11646962
 19 0.429283321 1.71130633 -0.209839404 0.477384448
 20 -7.58904219E-02 1.31764829 0.434194028 0.335942894
 21 -5.03091812E-02 1.58815181 -6.42080307E-02 0.934630811
 22 4.04378846E-02 -1.27230120 0.103796162 1.85078418
 23 0.719665766 0.101649255 0.885987759 -1.31633723
 24 -0.917723715 0.284643710 0.518643975 4.08094525E-02
 25 1.60782188E-02 1.46345949 0.783424854 1.41666162
 26 0.822396696 0.559584558 0.218698263 -0.188518554
 27 -0.881447792 0.183811232 0.607277751 1.68115139
 28 0.880166233 1.26750541 -0.278442681 1.51529276
 29 0.200278118 -0.394166619 -2.35638432E-02 5.86873963E-02
 30 -1.42148566 -0.105021760 1.47484827 0.642496169
 31 0.736470044 -0.533105731 0.564120114 -0.209190637
 32 -1.01797175 -1.99160647 0.288201481 -0.525222182
 33 0.773755670 -0.343234301 1.17160344 0.748655200
 34 -1.42782652 0.436458111 -0.509999990 1.32533956
 35 -1.13113606 1.77209044 0.846462250 0.734346569
 36 -1.09945822 0.970882356 -0.974797785 1.08993244
 37 0.584446669 -0.265336990 -0.563616335 0.764566898
 38 0.161350459 -0.154094905 -2.03053975 1.36249709
 39 -2.61262751 1.37541354 -5.05229458E-04 0.850299835
 40 -0.454069555 1.25926721 1.13792670 0.691617131
 41 0.902756870 -0.273325413 -0.857367158 1.20651770
 42 1.11942005 0.531402111 -0.602758825 1.84834993
 43 1.32298791 -0.202547848 1.49466121 1.11790884
 44 0.350786507 1.41732106E-02 0.746494412 -0.178911209
 45 -1.42788100 0.848445535 -1.16288996 -0.228789300
 46 -0.792081654 0.877854764 -0.854853868 2.32623935
 47 0.112298675 -0.201023877 1.32697535 0.529985905
 48 0.270036310 -7.66968876E-02 -0.816032052 -0.681391597
 49 -0.941387057 1.57660618E-02 0.473557353 -2.20235944
 50 -0.251939744 0.999001741 -0.784175873 0.178155720
 51 -1.72687614 0.115223274 -1.34146023 -1.72070336
 52 -0.928586423 0.918348789 0.578879952 -0.233854517
 53 -0.951810181 0.335283577 -1.12946200 1.27872181
 54 -0.162396088 0.862231135 -0.137253419 0.535847008
 55 1.13715613 5.84547520E-02 0.573864877 1.66329002
 56 0.104772151 0.414070129 1.16968882 1.02015138
 57 -1.58775973 -2.23394442 -1.53253925 9.08370391E-02
 58 0.132340252 -0.311904430 1.54272914 -1.45987797
 59 3.07611674E-02 -0.322035581 0.376565725 -0.960330248
 60 0.392843068 -9.96483713E-02 2.27495193 1.49056268
 61 -0.371537238 2.27975988 -2.46476460 1.85308909
 62 0.184380978 -0.838299751 0.232317820 -1.82934391
 63 -0.186239749 0.412471384 -0.685065866 0.732888103
 64 0.389156014 0.220773131 -3.12592387E-02 1.12578809
 65 -1.57743192 0.281215668 -0.789202750 1.20708871
 66 1.01618052 0.706707954 1.05531168 0.465483963
 67 -1.14922380 0.471630275 0.281902432 -0.497560352
 68 -0.617800891 -0.307377398 -1.19415665 1.50860798
 69 -1.53989136 1.28466368 -1.75840580 -0.907243133
 70 -1.11515236 0.154195279 -0.989986300 -0.451845497
 71 -1.05330205 0.506304026 -1.51292503 0.666192591
 72 -0.922195315 -0.614811301 0.101623520 -6.44383729E-02
 73 0.252654463 0.560053170 -0.612229168 -0.672580838
 74 1.32124090 -0.527764559 0.516800046 -0.829632342
 75 -0.756829381 0.342237949 -3.03664207E-02 0.700769246
 76 -0.960953772 -1.07404327 1.94220245 -1.64634943
 77 0.655337393 7.70329833E-02 0.741668582 0.937078655
 78 -0.984368622 1.42923748 1.86935353 -9.93090868E-02
 79 -0.282961458 -1.16739118 -1.14259934 0.110494457
 80 -0.625506043 -0.603398204 -0.555997193 0.540870130
 81 0.482600033 2.32208490 1.08190942 1.79783344
 82 0.239089310 -0.291560054 -1.74758852 -1.18235505
 83 -0.100681350 -2.22523141 1.38235056 0.182079047
 84 0.620005310 -2.02061832E-02 1.34939253 -0.569329202
 85 -0.753070891 -0.265019119 -0.505935729 -1.81698024
 86 -0.629012823 -1.48491776 -0.366912633 1.35317910
 87 -0.647928596 -0.565084279 -1.86686337 1.63509083
 88 -0.390063912 3.08709815E-02 0.729215741 0.136143461
 89 0.611449122 1.69809294 0.437718362 -0.292255461
 90 -0.427536488 -0.828215241 0.230170250 -1.82046819
 91 -0.597199440 -0.264337689 -2.04403639 1.01429033
 92 -1.44371295 0.962894619 0.953125715 -1.14245510
 93 0.708107471 1.89252472 -1.42301679 -0.425113589
 94 -0.898309290 -1.77117121 0.662786305 -1.08905268
 95 -1.97295558 -1.50870430 0.690193653 -2.84885317E-02
 96 0.955762744 0.636494994 -0.997550309 2.07509279
 97 -0.989822626 1.56716013 1.16138661 -0.894439697
 98 -1.14108694 0.650948524 -9.10424143E-02 -0.717578530
 99 1.01605952E-02 0.557895064 1.02393925E-02 -0.268911839
 100 -2.63962436 0.408171922 0.973057449 -0.859231830
 101 -0.392795891 -0.130093515 0.147031277 -0.578850687
 102 -1.87410271 2.16374040 -1.04218757 0.482294500
 103 0.516304612 0.164528340 0.173567146 0.188160509
 104 0.320088983 -1.14940023 -2.18481231 -0.886077404
 105 -0.507359922 -1.98531580 -0.230928570 4.99210954E-02
 106 1.43358231 0.712271571 -0.604604602 1.60182285
 107 -0.280862868 3.53751731 1.24289179 -0.645268321
 108 -0.268814564 -0.101831019 0.784937859 -1.58344364
 109 0.613356531 1.08265233 -0.866470397 0.505185485
 110 -0.310694546 4.90369722E-02 0.267291814 -2.00839782
 111 0.361059397 -0.325686127 -1.03864312 -1.33896947
 112 -0.983511448 0.241315335 -0.447958380 -0.443349004
 113 1.33747351 -0.232740104 0.482458383 4.39390987E-02
 114 0.136146903 1.65850043 0.710965157 -0.446904302
 115 -0.481414348 0.120728970 1.07219279 0.374983758
 116 1.68026054 4.69075702E-02 0.392244637 0.257473290
 117 0.701018214 0.425442278 2.37203455 -0.845848441
 118 0.239255488 0.860077977 -1.09367001 0.992307663
 119 0.250668943 -1.60206389 0.652448297 -0.119682565
 120 1.08820450 0.761742353 0.520348012 -1.34951031
 121 -1.10539472 0.205643669 -0.334696263 1.23279262
 122 2.64771879E-02 0.995264351 0.453550994 -0.450586259
 123 -0.577072799 1.26424479 -0.698009253 0.366125762
 124 -0.494277835 -0.383479774 0.272742420 6.98702335E-02
 125 1.08786476 1.78401637 0.748338461 1.23045027
 126 1.46502614 1.34067631 1.04379451 0.320776731
 127 1.82279837 -1.44582868 0.139325798 0.688132703
 128 -0.966442466 1.25017492E-02 -0.500272572 0.796790123
 129 -0.290928960 0.599616885 0.141226411 -0.995801806
 130 1.55826342 2.43760347 0.810706615 -0.451977283
 131 0.211784303 1.70811427 0.114095613 -0.690059483
 132 1.24658251 -0.508721411 -1.32319653 -9.86224711E-02
 133 2.63316703 -0.358578086 0.212297097 1.98308027
 134 0.197676271 1.17171025 6.29551709E-03 0.883163810
 135 0.931752503 0.161330506 2.07150793 -0.140843779
 136 -0.152351409 0.335555047 -0.586979985 0.669111550
 137 -0.348494887 -3.30181122E-02 0.866333663 -0.111317672
 138 -0.604313612 1.12937021 -0.248909250 0.900062084
 139 -0.446133882 -0.504988372 1.08174038 0.522647142
 140 -0.607234538 2.15791798 -0.200112298 0.225334495
 141 2.80639911 0.488992304 -0.917019904 1.25905049
 142 1.77544057 -0.480901897 -1.29258990 1.87429142
 143 -1.39141226 0.199837595 0.201524407 1.77018392
 144 0.213040769 1.41671979 1.39665186 0.862604141
 145 1.66843557 0.348170727 -1.32562268 1.10110784
 146 0.882335603 0.947284400 0.293099821 2.18308115
 147 1.48204517 2.04784560 -1.66100931 -7.68740624E-02
 148 9.37170535E-02 0.369894087 -2.56202742E-02 -0.434501290
 149 -0.279676437 0.607134640 -0.773376107 -1.74739170
 150 -1.41703594 2.26012659 0.293208122 0.322268188
 151 -0.160466000 0.977888167 -3.84494662E-03 -0.145478785
 152 2.68525958 0.772872150 -0.465313941 0.993966103
 153 -5.23447990E-04 1.03673899 -1.51420474 0.967297852
 154 0.699472666 -0.959721565 -0.292241931 1.61697984
 155 -0.963450253 -0.247290358 0.153298944 2.02357507
 156 0.637771010 0.712174535 -0.122585304 0.415487319
 157 0.780132055 2.27909184 -0.635830700 0.412517607
 158 1.78837597 2.63854480 -0.213577479 -0.416566938
 159 0.409494251 0.105232418 0.780463815 1.66660500
 160 -6.47830516E-02 1.47946906 0.316555351 0.668622732
 161 -1.15307152 -1.12531900 0.698614120 1.43227339
 162 -0.118128195 0.285432309 -1.48594141 1.21256685
 163 -0.916225791 -1.15170705 0.289054573 -0.691660345
 164 -0.451276571 0.509934306 1.82084739 -1.72975135
 165 0.418020904 -2.20138359 -2.99015450 -0.536355972
 166 -0.135346621 -1.35658336 0.342485189 0.474275947
 167 -0.262624383 -0.140101016 -4.18052077E-02 -1.56724644
 168 8.85058269E-02 0.629025161 -1.06225681 0.475592583
 169 -5.63203692E-02 -0.141065881 0.281770587 0.547921777
 170 0.111083306 0.477476388 -6.13816306E-02 -0.406275481
 171 -1.51941788 1.69389471E-02 0.625105619 -1.81312060
 172 1.79202938 0.699374676 0.399015993 -8.11744779E-02
 173 -2.57382679 0.466736615 1.42222655 -0.657096624
 174 0.762542129 -2.17901325 1.51847470 -0.129351974
 175 -0.247354835 0.862987280 6.41334355E-02 -0.799168885
 176 2.62653530E-02 -1.54652774 -1.27754343 1.06071401
 177 0.237389654 0.239917234 1.02487671 0.280595005
 178 -0.775021493 -1.86675787 0.374671578 -0.592857718
 179 1.45903695 0.351403534 0.406088948 -0.114061549
 180 -0.800111711 -1.09596586 0.415472120 -1.76434302
 181 0.125495374 1.81344354 -1.64072132 1.58296406
 182 -1.51557934 0.351231575 -1.00148833 -1.79995906
 183 0.503435254 1.41856313 -0.250028402 0.648497522
 184 0.107782543 0.174676716 1.63430786 -1.00866044
 185 0.149352416 2.00793362 0.733604074 1.20420790
 186 4.81374562E-02 1.91581464 0.745851994 -0.315582931
 187 0.354970932 0.171495527 1.00139225 0.101860605
 188 -0.312617034 0.343243182 2.08571100 4.37887907E-02
 189 -0.893389165 1.45259166 -4.12166864E-02 0.161251754
 190 -1.51085436 0.199132860 -1.01813447 1.25092149
 191 -1.19982028 0.273238838 -0.272547781 6.96576238E-02
 192 -5.80113754E-02 0.101307228 -0.360185683 -0.160641417
 193 1.45742869 5.90087175E-02 -1.21535873 -0.736248136
 194 1.08365107 0.496810257 -0.110737309 0.488949358
 195 -2.51336026 -1.68433797 0.334337026 -1.59545386
 196 0.868067443 -8.60463381E-02 -1.05362606 1.24490654
 197 0.922111511 -0.498450637 -0.713971496 -1.18234634
 198 0.312060684 -0.386431247 -1.15842927 -0.727488577
 199 2.36948058E-02 1.28657687 -1.01746118 -0.638716817
 200 -0.886594892 1.20115042 -2.67224336 0.572297871
 201 -1.05256033 -0.266465604 -0.782876849 -0.141017497
 202 -0.776934564 -0.201786324 -0.980519116 0.432409942
 203 -1.17861986 2.37673283 -2.25404692 9.18785557E-02
 204 -0.422657430 -2.02118897 -0.781040430 0.188303307
 205 -0.452993274 1.04269230 -1.19010842 1.72343743
 206 -1.32043457 -0.115871072 -4.83211838E-02 -1.11348939
 207 0.433818728 -0.328537762 -0.232289761 -1.44478583
 208 -0.268510163 -0.398963332 1.46276999 7.63665885E-03
 209 -0.349332392 -1.75370300 0.496960700 1.60505921E-02
 210 -1.79475117 -1.45870447 -1.92939484 -1.99803591
 211 0.277335107 -1.10528231 1.86076391 -1.39423227
 212 4.87158671E-02 -1.06127799 0.863300800 1.71359706
 213 -1.92034948 -1.38808548 -0.297286987 0.952011704
 214 -1.14741433 0.997724116 0.714210689 -1.48069739
 215 -0.463987827 1.52621317 0.689817429 -0.207155287
 216 -1.18121862 -0.326565593 -2.10192990 -0.905695736
 217 0.420313835 -0.545218885 0.800762177 1.33716547
 218 -9.00658220E-02 -0.142147750 0.265090883 0.852401733
 219 -1.95709622 1.67467880 0.962727368 -1.49566591
 220 6.04522824E-02 -0.453318715 -0.808951139 0.211338818
 221 -0.949307799 0.273721278 1.25346005 1.26832676
 222 0.559989870 0.583488643 1.56284153 -0.727518260
 223 -0.919137836 -0.702133417 0.420923233 -2.39660358
 224 -0.324441493 2.22664428 2.06563497 -1.75832796
 225 0.467290968 1.13136852 -0.136100009 -0.722851038
 226 -7.27486536E-02 -0.608603597 -0.746037483 -0.756827593
 227 -1.19449294 0.142936483 -0.810618162 1.36214042
 228 -1.46740115 -0.901392043 1.19580054 -2.58057475
 229 3.83026227E-02 -0.179171324 0.655273914 0.300237000
 230 -1.86643755 0.948633134 2.18721330E-02 -0.382902294
 231 -0.276320398 -0.337863594 1.59083140 0.497165501
 232 -9.64350104E-02 -0.515292525 1.25434494 -0.979728878
 233 0.481711954 0.859261096 -0.306249052 -2.02086687
 234 -0.921807587 -0.748467863 1.43118405 -0.551041126
 235 -0.181444228 0.528657854 -0.868818939 -0.629660010
 236 -0.674397230 -1.26955283 1.31789517 -9.37061757E-03
 237 1.00708938 -0.272345781 -0.573285758 -1.62316740
 238 -0.867904961 0.594714284 0.849795818 1.65272486
 239 -1.38096559 0.764955759 -0.188681960 -1.55548096
 240 -1.23216677 -0.131442279 -0.406273365 -1.10006881
 241 -1.15364981 -0.574793756 0.443514466 -0.983315349
 242 -2.89600492E-02 0.422828615 0.523165464 -0.296950728
 243 -0.320817262 1.31648779 1.38066924 -1.08774233
 244 -0.657189906 0.170638919 -1.23338151 -0.627017081
 245 -2.44138336 0.378529459 8.52893293E-02 0.617037356
 246 -1.04484844 -0.906818748 -0.525818110 -1.18826556
 247 -2.46066070 0.233213186 -0.626136661 -1.23277736
 248 -1.49922347 -1.62607956 0.558610082 -0.528223395
 249 -2.44538713 -1.36411357 0.722483873 -1.85512853
 250 -0.316926420 0.140530393 5.82115203E-02 9.87749472E-02
 251 0.679939985 0.166070625 -0.292413741 1.04976344
 252 -1.53517008 -0.413247049 -0.822108388 9.23250914E-02
 253 -1.11301351 0.257354736 0.854019940 -1.17821789
 254 -0.239710897 1.37671363 -1.52273107 8.13754648E-02
 255 0.453035861 0.191120863 1.62229550 -2.21385121
 256 -1.30357885 0.222998023 0.527129769 0.249212623
 257 0.483884692 -0.792517543 -0.223040164 -0.769883215
 258 -0.426485330 -1.37432814 -5.46345524E-02 -2.11560297
 259 0.742215574 -0.219383061 -2.98045421 1.41199088
 260 -0.398816675 0.130685061 0.645113707 0.327410579
 261 1.23337722 0.499206811 -0.251747668 -0.711080432
 262 0.212007552 1.16089034 -0.745767653 0.611562312
 263 1.06676376 -0.421078175 1.16026807 1.18785954
 264 -0.815986514 1.13298476 -0.154630452 -1.59759641
 265 -0.995879948 -1.98541999 1.17642367 2.19515860E-02
 266 -0.680046737 -0.153396785 -0.967974007 9.43763033E-02
 267 0.718399167 -0.433677584 -0.971592546 1.58879292
 268 0.125481606 -0.350573152 0.567387283 0.847195923
 269 -0.382727355 0.794962168 0.394463390 -1.05688822
 270 1.56644344 2.25395155 7.78947771E-02 -9.46931988E-02
 271 -0.520347118 1.06587231 -0.311923653 0.827276349
 272 0.837617278 0.616380811 -0.278441608 1.17017937
 273 -9.40802693E-03 5.45708388E-02 0.521252871 -0.639627099
 274 0.924926281 -2.88481450 0.287143469 -0.135052145
 275 0.757252693 0.237332091 0.170439184 0.869162917
 276 1.12192488 -0.372228026 0.403239459 0.712745607
 277 1.08700526 -0.241009787 -0.694293618 0.944451988
 278 0.209285021 1.32877517 0.665764272 0.589212894
 279 1.17013550 1.06749749 -0.675528765 0.126317084
 280 1.93349147 2.00635266 0.882325470 -3.17116678E-02
 281 1.30628979 1.53128004 -0.351999551 1.07017422
 282 -1.24030674 -0.572799385 -0.608829319 1.64077592
 283 0.334316671 0.936529160 0.428540379 -0.122316569
 284 0.117571905 1.65454733 -1.26709414 -0.178605333
 285 2.08347178 -0.433860153 -0.540657163 0.613343656
 286 -0.397165775 1.80423737 -0.105357111 0.693903565
 287 0.372984052 4.16503139E-02 -1.33153653 1.12881017
 288 -1.46912944 -0.898940384 -0.184001282 -1.11953259
 289 0.583819330 -0.362385064 0.570149064 0.343091339
 290 -0.296044916 1.59599841 -0.694106698 1.52430797
 291 0.481407285 0.188350171 -1.42074299 0.792636633
 292 -1.16295218 -1.13601160 -0.206000417 -1.21197176
 293 1.69010317 -1.47418761 0.287632972 -1.06394649
 294 -0.315482020 3.38820368E-02 -0.466008723 -0.811673045
 295 0.997698903 -0.731681347 -1.04185629 0.232673645
 296 0.119596601 0.282837868 -1.47418690 0.657449007
 297 0.217144907 1.46454859 -1.31986606 -1.23587155
 298 0.734149933 -0.175397143 -0.529274940 0.335774481
 299 0.632528007 0.260038167 -1.25128984 -7.55814239E-02
 300 -1.10702646 0.980671048 0.719465911 0.623755336
 301 0.598272622 0.615867078 -0.878231168 -0.647653162
 302 -0.430327713 -0.336156011 -7.86125660E-03 -0.299604267
 303 0.568180084 0.599816620 1.02240765 -1.16944420
 304 -0.477772892 -0.638012350 0.543355346 0.700479627
 305 1.72426033 0.434426308 -1.48163879 0.796461999
 306 0.700876832 -0.392311156 -1.22996390 0.600060403
 307 -0.726778984 -0.527025938 -0.682821393 0.920470834
 308 0.759692073 0.387882739 -1.96345639 2.17686272
 309 -1.44597685 -0.767378807 -1.00751472 1.87464345
 310 0.164945811 -0.618852079 -0.352012217 -0.139428228
 311 2.32527709 1.38403714 -1.60462761 0.814355850
 312 1.38828659 0.619229734 8.15647990E-02 -0.249214888
 313 0.329856902 0.350599110 1.24922109 -0.421918541
 314 -1.00830626 -1.08520436 -0.889313400 7.39312917E-02
 315 1.81983185 1.66698694 -1.67532694 0.696663022
 316 0.814056873 -1.58067429 1.27821970 -1.07758689
 317 -7.68938586E-02 -0.246961072 -0.280519724 0.430821806
 318 1.15499842 1.27872396 -1.22613633 0.211736143
 319 0.958892643 -6.59676641E-02 0.101019971 1.79621935
 320 -0.464381278 -6.07582107E-02 -0.405527711 -1.55116367
 321 1.29995775 -1.73208344 0.570351481 0.703964174
 322 -0.124789573 0.141981766 -0.521869600 0.389546514
 323 1.49368465 0.877923489 -8.74543637E-02 0.770062864
 324 0.572961569 0.699103177 -0.464013398 0.145589352
 325 2.00177193 -4.08858061E-04 0.107881665 -2.05998731
 326 0.515936315 1.16050708 0.466445088 -9.46435630E-02
 327 0.455602050 -1.71695077 1.56608880 1.12231231
 328 -0.524343133 -1.67122853 -0.386481375 1.69457281
 329 1.01215529 -0.132321686 1.87001622 -1.67851578E-02
 330 0.611540735 0.110285416 -0.284539759 0.600272059
 331 -0.152472600 1.82123399 -1.42140532 1.46041727
 332 -0.283586502 -1.20908618 -0.698387206 0.220617875
 333 0.631963789 0.679742873 -0.197705656 -0.202853531
 334 -0.204332486 1.27362955 0.296318710 1.52178717
 335 1.16521835 -0.599997818 1.53713357 7.19018430E-02
 336 5.17527275E-02 0.338243663 -0.252759457 0.703930497
 337 -0.447398722 0.833351016 -1.16840279 1.17643058
 338 -0.468094558 -1.09423268 -0.266365558 -2.44201922
 339 -0.135256484 0.861621737 -1.14315736 1.55002677
 340 -0.994040966 1.09322500 0.536604643 0.338298678
 341 0.736347437 0.686911225 0.211913794 -1.11555314
 342 -0.593517423 -1.56931579 -0.306993306 3.84256095E-02
 343 0.246185869 -0.182613134 1.26436353E-03 -0.517105341
 344 -0.893611550 7.82611966E-02 0.240323484 0.100750320
 345 -2.20874548 -0.314062297 0.949219346 -0.103094071
 346 -0.376074970 -1.78598070 0.779961944 -0.855426073
 347 -3.06289434 0.394530296 0.484025061 -1.18953776
 348 -0.217659011 -0.409409344 1.51742780 -5.92724383E-02
 349 -0.565175772 -1.76550555 -1.98629546 -1.09436178
 350 0.282435149 0.811611533 1.19345176 0.388320774
 351 -2.04412127 -1.36893940 -0.493175089 1.42776525
 352 0.516727686 0.120448716 1.11040330 1.29491603
 353 0.889879405 -9.13792849E-02 2.06900883 -5.73521256E-02
 354 0.706626296 -1.11084497 1.51887691 -0.661791563
 355 0.557337821 -0.372945607 1.55355740 -1.11014199
 356 -0.321098089 -0.968805790 -1.94070220 -0.389571011
 357 0.568687797 2.32933307 -2.85693169 0.783398390
 358 2.45293903 0.564925492 -0.154837608 0.565979123
 359 0.390486479 -1.02233684 0.787829697 0.393717647
 360 -2.68783665 -0.625635684 0.837931275 -2.50561595
 361 4.96235788E-02 0.292823970 1.98301911 -0.470370144
 362 -0.392681122 -0.208699375 -1.23519897 0.966087997
 363 2.33594418 -0.991613567 1.73400986 -1.60873830E-02
 364 -0.644467831 -1.14730418 -1.20867705 1.73846018
 365 -0.755116999 -0.119906813 1.02373517 -1.51217210
 366 -0.310204327 -0.994486153 2.35652280 -1.81456316
 367 -0.422301143 -0.554841399 0.552053332 0.303689063
 368 0.712460279 0.695963740 -0.929869890 1.62285602
 369 0.843249559 -0.191767424 -1.70383751E-02 -0.628303528
 370 1.44009197 0.821411967 1.08304894 -1.41473866
 371 -1.63193047E-02 0.633216619 -0.381022245 -1.52886546
 372 -1.66974831 1.22499847 0.481715590 -0.574280143
 373 -4.17956114E-02 0.535501838 1.86348128 -0.233988658
 374 -1.23216009 1.10875320 1.18931270 -0.429536700
 375 -9.90488231E-02 1.04111922 -0.379391074 -0.123874664
 376 1.65734053 0.135870829 0.146686420 -5.54696321E-02
 377 3.79036888E-02 -0.988136351 0.361116648 0.334617794
 378 -0.889190137 0.740463257 -0.694409132 -0.221274555
 379 0.682130218 -6.43835962E-02 0.875066221 -8.03882778E-02
 380 -1.61633956 -0.461596161 1.26540446 -1.48096156
 381 -1.32718050 1.28594482 0.704516053 -1.16352081
 382 0.756991863 -0.538297951 0.264686614 0.750826001
 383 0.532989025 0.859795988 -0.499456495 -0.288613349
 384 1.06703877 0.981877804 0.523686647 -1.34780860
 385 0.487305611 -1.32104814 0.566876590 -4.73468713E-02
 386 0.458393931 -1.68520355 1.40618086 1.78455651
 387 -0.249550238 -0.736381412 -1.03308761 1.26198304
 388 -0.839118719 -0.470739692 0.932246685 -2.14763832
 389 0.516451955 1.49929094 0.293079793 -0.174672246
 390 -0.685096800 -0.370039910 -1.60879719 1.16567314
 391 0.289657414 1.04023635 0.861008584 2.78055668E-03
 392 0.157206312 -0.950685084 0.745316625 0.506677866
 393 -0.266822577 -0.177461848 -0.202767625 1.06608236
 394 -0.188514203 -1.04311132 1.14618945 0.210382625
 395 1.83282053 -2.99768519 -0.555356979 0.727722108
 396 -0.399052829 -0.593711138 -1.63586533 0.516041279
 397 -1.32436013 0.396709472 -0.414964020 0.277176678
 398 0.100685477 0.549380779 -2.70799875 0.715890110
 399 -0.821942389 0.652320504 -0.564519823 -2.86668539E-03
 400 -0.732890129 -0.276116163 0.120588362 -0.139069080
 401 1.25834787 0.207573831 -0.141953096 0.687120020
 402 1.02471638 -1.33792579 0.974470019 -1.14129794
 403 -0.524608910 1.36553633 -0.381127536 -0.221342474
 404 -1.51038146 -0.166081384 0.924655855 1.23901653
 405 5.96994758E-02 1.95757937 0.454329312 0.230099961
 406 0.521184981 -0.467652202 -0.407150865 0.630510688
 407 -1.28960717 0.312709808 1.50598490 -0.972898364
 408 -0.218633890 -0.435481101 0.285868406 0.190460488
 409 -0.649889290 0.761260331 0.677239299 0.669765294
 410 -0.716460526 -0.585801840 0.561972022 0.662131608
 411 -0.316127062 -1.04480612 0.834329963 0.933309197
 412 0.673168898 -0.278505832 0.655314684 1.04120600
 413 0.942079067 0.301576734 -0.386786968 0.961161375
 414 -2.52142048 -0.331691325 0.635269225 1.01220775
 415 0.640791714 -0.516831458 -1.93421960 -0.299667358
 416 -0.681040227 -1.27038050 0.292357713 -0.659123063
 417 0.409490794 4.58391793E-02 0.580337584 -0.353945166
 418 -0.953069806 1.18771768 0.559883475 -1.61530042
 419 -0.412431300 1.32363069 -1.27600479 -1.95712483
 420 1.25131953 0.861883581 0.979199469 -0.228314370
 421 0.209471852 -1.58124638 0.911432087 -1.71899343
 422 -0.680680156 0.357148170 1.20847011 -0.927320123
 423 -0.410649210 0.478283584 -0.325070560 -0.282388061
 424 0.668629766 -1.62139213 -1.04713023 0.627585530
 425 -0.578914165 -1.17510796 -0.132667571 0.907434523
 426 0.187304258 0.217605680 0.173809826 -0.692130387
 427 1.99928784 -1.21444106 2.24665046 9.88125801E-04
 428 4.00347598E-02 -1.12297249 0.116080604 1.43988621
 429 2.99259126E-02 6.89462572E-02 -1.70803976 1.71427965
 430 -0.269567966 1.00494707 -1.25724208 1.81121576
 431 -1.68399429 0.109431684 0.963832617 -1.72628617
 432 2.12578773E-02 -1.27885425 -1.41732550 -0.580324233
 433 5.34375347E-02 -3.74707878E-02 -0.209446549 1.61657858
 434 -1.03250098 -0.422211766 -1.45671010 1.44445431
 435 0.794971943 0.585020721 0.749370217 0.492008895
 436 0.240315467 0.597198427 0.848226011 0.330868900
 437 -0.182080060 -1.48106158 -2.70199966 1.26080143
 438 0.387898892 -1.01190555 0.667981446 1.11697769
 439 0.473434627 1.33601534 1.26149952 0.993935943
 440 -0.608090162 9.96043086E-02 0.371548325 -1.86667144E-02
 441 2.51407671 0.361668289 -1.27485693 -1.32629859
 442 0.150415331 -5.56143634E-02 -0.633251786 1.02912235
 443 0.194624156 -0.590822816 5.62678576E-02 -4.68852371E-02
 444 1.52660453 0.127414346 -0.745557010 0.877566338
 445 -0.316742480 0.222491071 0.674830854 -1.07325768
 446 0.230306268 -2.14110279 0.382129431 0.947227240
 447 -0.246753782 0.943235278 -1.03373289 0.566956401
 448 7.51412660E-02 -0.119075656 -0.168268338 2.05471444
 449 -0.744122863 -0.713878274 0.790595651 1.54220140
 450 -1.95263612 0.398626477 2.42579985 -1.27503979
 451 -1.28390491 -0.777757943 -1.87445807 -0.512081504
 452 -1.47508311 0.493584663 -0.490462422 -0.147082388
 453 -0.123413011 1.33451772 0.214406922 -1.32660425
 454 -2.77917255E-02 -0.588552237 1.54886293 1.59231126
 455 -0.710944414 5.11625335E-02 -0.354282856 -0.284838378
 456 1.24877572 1.18699419 -0.661807060 1.65458965
 457 0.640618682 -1.53631425 1.77594757 -1.88079143
 458 -0.846703112 -0.423527628 -0.473415375 0.274868101
 459 8.55949521E-03 -0.173192576 0.729057491 -0.655894876
 460 3.52460220E-02 0.272590458 1.77239132 1.08219028
 461 -0.214270860 0.641808748 -0.514517784 -0.745544672
 462 0.586825490 -0.831458628 0.733760595 -0.241491497
 463 -0.811792612 -2.84148641E-02 -0.837730587 1.17955101
 464 -1.02786708 -0.808560729 -0.874624491 -0.858462393
 465 -0.121120989 1.06317413 8.82679671E-02 1.13447285
 466 0.200068310 1.60268867 0.497105062 -1.56497979
 467 0.560210347 1.11150813 -0.651835084 -1.29618239
 468 -1.52414918 1.23685527 -0.133068383 0.399995744
 469 -0.298589140 0.548638582 -0.791358948 1.78318334
 470 -1.04760766 8.98276120E-02 -1.19058502 1.41186404
 471 -2.31104469 0.377649963 2.98115611E-02 0.412674040
 472 -1.20103288 -1.67918622 -1.42002217E-02 -3.64800468E-02
 473 -0.805797338 -9.62602198E-02 -1.17739630 1.06991589
 474 0.226205468 0.329335451 -1.16488993 1.09070408
 475 -0.712601542 0.497777581 -0.824266434 -6.86554015E-02
 476 -0.141810417 -0.634408355 -1.13331914 1.31494331
 477 -0.464369655 -0.107265502 0.825922787 1.58939910
 478 -0.265451282 -0.215132564 0.691208184 7.89516345E-02
 479 0.728302777 -0.492082089 -0.211320534 0.201804787
 480 8.41464698E-02 -0.822390258 -0.430258244 -0.188613176
 481 -0.481272846 0.276641726 0.852504969 -0.774680853
 482 -1.08266056 -0.834784389 -1.23054230 0.630925298
 483 0.107863620 1.49293613 -0.476169586 1.52835250
 484 -0.113962546 -0.790072441 -0.759350777 0.972170830
 485 -0.345762908 -1.31630898E-02 -1.09572101 0.691760182
 486 -0.196728587 1.41993678 1.23376429 -0.488527209
 487 -1.05192089 -0.334764242 1.11781311 -0.270901084
 488 0.576944351 1.44823194 -0.788926244 -0.688360393
 489 -0.821429849 -1.29767776 0.369519413 1.16294813
 490 0.283810556 -0.906302571 0.178041369 0.501672029
 491 -2.06414723 -1.28761590 8.60280246E-02 0.405671775
 492 0.286931038 0.701527357 0.358459294 1.12929463
 493 -1.41370177 -0.452864766 0.495774031 1.22829497
 494 -0.692665458 0.803004086 -2.08208799 0.471503556
 495 -0.814111531 1.78231144 2.03762627 -2.01741433
 496 -0.616358042 0.285060823 -0.949728787 -0.219547480
 497 0.294057071 -1.33895361 -1.12233853 1.53881824
 498 0.211758822 -0.791951895 -0.692450285 0.436448902
 499 0.496091008 -0.905270338 -3.01499462 0.653929889
 500 0.111628331 -0.256159812 -1.44179010 -6.22134805E-02
 501 -1.54089212 -0.166115358 -0.773304164 -2.30608284E-02
 502 -0.153677836 -0.879066527 -1.26617742 -1.69751787
 503 0.193441883 1.16109955 -1.77239072 1.36575234
 504 -1.08763111 0.908047199 -1.30719268 0.146015048
 505 -0.632607996 -1.21852756 1.02500296 -1.36568379
 506 9.59154218E-02 1.74720716 -0.372381002 1.57836461
 507 -0.449761271 -0.629068613 -0.564866066 0.734880805
 508 -1.37864172 -2.74786210 0.145901576 0.174386248
 509 -0.555855215 -1.66566515 1.02010095 0.133119822
 510 -0.859361112 0.164089322 -0.968769312 -8.55709985E-02
 511 -0.188651711 -1.73755205 1.12783229 1.59440494
 512 -0.337594569 1.22279906 -0.121140964 -6.97152615E-02
 513 0.478096426 0.429360926 0.982481480 -0.839760661
 514 -0.286513418 1.03862524 -1.35498822 0.629656851
 515 -8.55789781E-02 0.662289858 0.140248358 1.02023709
 516 0.672218263 -1.39835298 1.14938688 -0.473056644
 517 1.11035681 -0.155858949 0.652094245 0.124567136
 518 -0.345193774 0.415003568 0.538574398 -0.530659437
 519 1.19220763E-02 -0.311262310 -0.170291007 -0.505665660
 520 0.915453672 0.401936740 -1.32430983 1.43624091
 521 5.00717759E-03 -0.591495991 -0.283344984 -1.30650949
 522 0.275925577 -0.758307219 0.252190679 0.562579155
 523 0.662254512 -1.25236440 0.440429389 0.337054998
 524 -5.80490828E-02 -0.340364993 -0.686024725 0.283096790
 525 -0.313788414 -1.66971409 -0.202971622 -1.41924679
 526 -0.426550239 -3.08836810E-02 -1.44294715 0.398430169
 527 0.102526560 -1.81210864 1.20288694 -0.919334114
 528 -4.99005765E-02 -1.31158638 -0.519674480 1.75505662
 529 -1.32357883 -1.65775013 -1.36281550 -0.587874472
 530 -6.55851364E-02 0.517986178 0.331396431 7.55599737E-02
 531 0.971228123 -1.10858345 2.37623358 -1.47794247
 532 1.48561144 -0.162430853 -1.42696810 -0.366630733
 533 -1.68693781 -0.290706158 -0.107902683 0.803012311
 534 0.467558801 1.10715270 -0.754116416 -0.422208965
 535 -4.48310077E-02 1.56646907 -0.130346403 0.401551038
 536 -0.250829756 1.56969523 -0.220692351 -0.159350872
 537 -3.15896654 0.133903489 -2.39329720 2.27404714
 538 -5.15810251E-02 0.918911755 -0.458730638 -0.379394770
 539 1.66622162 0.730378330 -0.537362576 -6.06861748E-02
 540 -1.08836401 0.851387382 -1.55562125E-02 -0.197284237
 541 0.190452278 0.257304162 0.545255423 0.960431695
 542 -0.689182997 0.512588799 -0.532462120 -0.832409143
 543 -0.358181149 -0.765833557 -1.25066710 0.225295365
 544 0.346118629 -0.333341271 0.289122611 1.08775866
 545 -0.637956679 -1.11042082 -0.234904766 -0.607026875
 546 -0.714187503 2.25961065 -0.927421033 4.34306636E-02
 547 -2.37027097 -0.144106150 2.18478036 1.29218447
 548 0.245516092 -0.560198188 -0.652848601 9.93096903E-02
 549 3.99076939E-03 0.841861427 -0.212803841 0.724744618
 550 -1.94964230 -0.409783095 -1.36137235 1.96955061
 551 3.00122201E-02 0.909512639 0.390145510 1.36285949
 552 0.726063073 -0.182737619 -0.696673393 0.632486343
 553 7.10051656E-02 1.13804924 -1.72238874 -0.657344103
 554 -1.70683694 1.19812572 -0.697047532 0.895620942
 555 0.183762729 -0.762498856 6.95779473E-02 1.79915297
 556 0.564864278 0.370399565 -1.04189181 2.03213072
 557 1.08998656 3.22401404 0.860916376 0.573082149
 558 -0.497795105 -7.52233714E-02 0.537233591 0.346971750
 559 -0.330367833 1.49568605 0.554357290 0.465816259
 560 -1.10513151 0.711941719 -0.868691087 1.32204223
 561 -1.00624990 1.36491394 -1.51359105 2.01327705
 562 -1.29425216 -0.146024615 -2.01142359 1.60747361
 563 0.456582308 0.428062618 1.57707059 1.25564504
 564 0.245897546 -1.22787702 0.557599306 -0.719006300
 565 1.51687598 0.608199775 -1.77153492 0.349830091
 566 -1.39478397 -0.481240422 1.91624761E-02 -0.418199360
 567 -3.12258673 -2.08778811 -1.22418940 1.64686656
 568 0.681043983 2.68772244E-02 -0.208386511 -1.14715385
 569 1.44222379 1.33171725 1.47162473 -0.733609498
 570 -0.662808657 -0.232960746 -0.828140557 -1.00907278
 571 0.269506216 0.210128769 0.825866580 0.646502793
 572 -2.02051234 -0.204856157 1.49119270 0.170155019
 573 1.32122648 1.73982787 1.01823258 -0.977804780
 574 0.491539657 -0.309759736 0.735202312 -1.17779267
 575 -0.494894892 1.30905890 -0.859435260 1.25140727
 576 -1.05048192 0.452892482 -0.133557320 0.408047974
 577 -0.512816906 0.660180569 -0.462612450 0.203493893
 578 -1.24840546 1.57494736 -0.105634481 -0.287885755
 579 -0.396063745 1.26317346 0.443651199 -0.976752579
 580 0.609074891 -1.53298116 1.81055093 -0.553231418
 581 -0.446060032 -1.98645210 -0.472483307 -0.752259612
 582 -0.412014723 -2.81235433 0.265672117 1.55880904
 583 1.66737735 -0.550049365 0.577961743 -1.98063552E-02
 584 0.711171865 -0.273704231 0.828191638 0.320943803
 585 0.370576262 0.368768692 6.42460883E-02 9.29673165E-02
 586 -1.01739132 0.602341771 1.18290091 1.02286494
 587 1.03532052 2.69502711 -1.35126340 -1.55049276
 588 -1.64750791 2.98459744 -0.939165950 1.25889802
 589 -2.22403669 2.46281362 -0.448088884 0.616545141
 590 0.170752257 4.71178442E-03 1.43785214 0.812194824
 591 -0.873682678 -1.05905581 -7.52284527E-02 -0.806255579
 592 -1.48506653 -0.209883243 0.696233809 -0.831199527
 593 -0.106866479 -0.115854442 1.48992789 0.819656849
 594 -0.845593154 -2.63297105 0.197436780 0.939491391
 595 -0.974824309 0.617315412 -0.360674322 -0.857988358
 596 1.96827459 2.32123947 1.68807817 2.05242857E-02
 597 0.351792812 -0.170723632 1.93966031E-02 -0.605975032
 598 -0.271661729 -0.427551687 -0.388404876 -0.619493425
 599 1.05797493 -2.01095843 0.880339086 -0.410842538
 600 -2.28584504 -0.435290635 -1.37044382 1.79037845
 601 -1.05949986 0.124685824 0.314383805 -0.272191465
 602 -2.57806635 1.07481110 -0.182489544 -0.518198848
 603 -0.101721764 0.437358320 -2.05119371 -0.814795852
 604 -1.19334236E-02 -1.33165884 0.582504094 1.13629198
 605 0.477496803 -0.663331151 -1.52115500 1.10258496
 606 -1.31525528 -1.43830884 -0.438870519 -9.32272673E-02
 607 -0.735180497 1.09300017E-02 -0.427564621 1.41444886
 608 0.859864473 -0.229154974 -2.23434615 -0.878141046
 609 -0.669063270 8.85943174E-02 2.14227390 1.33143473
 610 -0.802958131 1.43322575 -0.726605237 -0.587857604
 611 0.592846274 0.135098636 -0.587383628 0.255189329
 612 0.282241613 1.55044973 0.624995410 -0.422345728
 613 -1.26208520 -0.268519491 -0.919257760 -0.114520907
 614 1.72525799 0.885885417 -0.177363068 -0.229011491
 615 -0.789358318 0.294988543 2.88842201 -0.790598392
 616 -1.34061956 -0.157467157 1.52580166 -0.187384009
 617 0.799679637 -1.09916925E-03 -1.60704601 0.802434146
 618 -0.443178266 -1.57099307 -1.78449929 0.424455106
 619 8.16834122E-02 0.538347006 -0.354066312 0.280777156
 620 1.39982986 1.17178631 1.24437904 0.319464684
 621 1.93286920 1.30049992 -1.00258708 -0.575213373
 622 -0.760552704 -0.418159097 -0.904130340 1.26434505
 623 -1.39312053 -0.694896936 1.19607270 1.32547736
 624 -0.335942596 -0.502008677 -0.991657913 0.666882277
 625 -1.10970640 -1.12837672 0.610003889 0.649765193
 626 1.59730017E-02 -1.58832645 0.777967036 -0.739384472
 627 -6.13605529E-02 1.05941355 1.96489823 -0.988624394
 628 -9.51844603E-02 0.894476891 0.275000572 0.161097944
 629 0.918468714 -0.879816532 -0.913407207 0.358424723
 630 -0.639393747 -0.603675008 2.45920134 0.910099208
 631 -1.50184429 -1.98043489 0.168800190 -1.00456548
 632 -0.809880257 2.26567626 1.38678026 4.09145355E-02
 633 0.165414095 -0.254237086 -0.956518650 0.284413815
 634 1.09656429 -0.627776146 0.704332292 0.837987721
 635 -1.30141389 -0.749461114 -0.830207288 0.113178506
 636 1.55012023 0.526917696 -1.02966428 0.994961143
 637 0.592145920 -0.274943322 0.846245408 8.55948403E-02
 638 -1.21867728 0.259091020 5.81375659E-02 -0.357672811
 639 1.79827762 -1.12780237 -1.65619648 0.715217710
 640 0.285354376 0.781948805 1.21661866 0.162070096
 641 0.239666879 1.20430565 -1.15213394 1.15756524
 642 2.02027655 0.305529416 -1.14055324 -6.02262914E-02
 643 -0.230595410 0.379720569 -0.269560009 1.15889513
 644 0.913206100 -2.18781304 0.760016739 -0.455089033
 645 0.804303885 0.461462826 -0.732801259 1.75376081
 646 -0.603596449 -1.09616935 -1.38779998 1.49106193
 647 -3.55130839 -1.00223708 1.20178568 -2.09516764
 648 -0.372768342 1.62742662 -0.700870812 0.522214651
 649 4.45358977E-02 0.434542298 1.48311269 0.445392251
 650 -1.84512198 0.671206236 0.487879694 -1.04232085
 651 0.111747034 0.813304007 0.695812762 -0.430915058
 652 0.393410772 0.320443213 -1.00320303 -0.501578093
 653 -1.05057538 0.390513510 0.356198221 -0.281866431
 654 -0.443253100 -0.787891507 0.451700538 0.558150053
 655 -0.766454577 0.408352166 -2.13894558 -0.549837112
 656 0.136097327 0.278753787 0.102109030 1.25503242E-02
 657 -0.524961412 0.829555392 1.24230552 -2.23138165
 658 0.687506318 0.322213948 -1.55986738 -0.216051430
 659 -1.19921076 0.491018116 -0.254618734 0.123332940
 660 0.734725296 -0.217983782 -2.85482788 0.863267422
 661 -0.308308631 2.22831893 1.34575438 0.856145144
 662 -2.56206751 2.18250632 -2.21575165 1.17399240
 663 -0.376955956 -0.167705625 -0.695525289 0.718897283
 664 1.78999221 0.924951613 0.241086245 0.197150350
 665 -2.11974716 -7.88554549E-04 0.166592181 0.168442935
 666 -2.06660795 0.835754216 -0.953418314 0.301971555
 667 -0.601192534 3.09379697E-02 -0.949559093 0.178180397
 668 0.713802576 1.21836853 1.04339981 0.347451240
 669 0.888704896 -0.574062288 -1.52407050 -0.732428968
 670 1.41960692 0.928965151 -0.744005680 -0.938179374
 671 0.802352607 -2.53863549 1.55081367 1.39359486
 672 0.590863168 -0.780514717 -1.34695089 -2.92273201E-02
 673 1.39253712 0.410756260 -0.853634596 -1.78962171
 674 0.737305284 0.580179095 -0.799864888 -0.667979240
 675 0.238610744 0.268911451 0.108810917 0.933750689
 676 -0.445506722 0.747333765 -1.40042937 0.581944644
 677 1.32200086 -1.25528371 -0.104135320 -0.159365565
 678 -0.842788160 1.20548117 -1.67390257E-02 -1.85239315E-02
 679 0.899809659 -0.404326439 -0.598033309 0.791963696
 680 -1.32169747 -0.563280106 -0.873636365 -9.20471996E-02
 681 0.422371805 0.163201392 -0.298236221 -1.13215554
 682 -4.68399972E-02 0.554678559 -0.472354174 -3.61274779E-02
 683 0.917850852 0.264330775 -0.360351712 -0.531414509
 684 1.28841138 0.913291216 -0.733524501 -0.240182877
 685 1.40480375 -0.995813251 -1.19795442 -0.528219998
 686 0.176180124 0.333309174 -0.373140544 0.500511527
 687 0.588123560 2.97642493 -0.267304063 0.595439076
 688 -1.60205007 -0.773697972 -1.28489888 -0.546093345
 689 5.89590706E-02 0.672202170 1.31867301 -0.309012860
 690 -1.80594075 0.958670020 1.26181388 1.06761885
 691 -0.828967273 8.81752223E-02 -0.300600082 1.05248284
 692 -1.23398447 -0.656377435 -2.20189619 -0.929986119
 693 -0.343366146 -0.332382828 -0.684744120 -0.130064964
 694 0.465882838 0.981379628 0.196599647 1.24995375
 695 1.04577875 -0.725582659 0.831681311 -0.712099552
 696 -0.658065498 -0.755709767 -2.61537218 0.230457425
 697 0.840347409 2.58062673 1.03009272 -1.55507457
 698 -0.766100526 0.309915274 -1.14140475 0.696978807
 699 -0.194949210 -6.35091662E-02 -2.92268693E-02 -4.69885468E-02
 700 -0.970553875 -0.551605463 -0.323531508 -1.57169029E-02
 701 -0.864241958 -1.28811765 -0.296083987 -0.193292260
 702 0.673094749 -0.588639081 -1.38459057E-02 -0.593658090
 703 -0.730771720 0.477681279 -1.14408219 1.27102721
 704 -0.141577572 -1.65770400 -0.937371314 0.703425765
 705 -2.76857662 1.16616964 -0.557364285 -0.244483620
 706 -1.87549913 1.02250183 1.48696721 0.339880526
 707 0.157592222 -1.63394952 1.22236693 -0.161680311
 708 1.25203121 1.58132899 -1.24213398 1.32788467
 709 0.392302006 -0.132309899 0.676863968 0.717072189
 710 -0.336122751 0.566065609 1.96600389 -1.04773724
 711 -0.158205003 0.712272167 1.12495530 1.80994058
 712 -0.272010684 -0.518995821 1.66423726 0.790638447
 713 -0.425018400 -0.434031904 -0.519423187 0.672843218
 714 0.531695843 -2.44670463 -0.325169921 1.38051045
 715 0.705055594 -2.45160460E-02 -0.342226833 0.794097066
 716 -1.15721226 1.17105567 0.486052543 8.74025002E-02
 717 -0.776154041 -1.05843031 -0.347001791 -1.41071510
 718 -1.85799456 1.58170366 0.409378648 1.05123043
 719 0.539324880 -1.16951489 0.425866157 1.93262529
 720 1.00353515 -1.28440118 -0.582725286 1.26344764
 721 9.13885832E-02 -0.627376676 0.831219435 0.115186840
 722 -3.24979448 -1.41189730 -0.497922122 0.770478070
 723 0.546276987 -1.25073111 -1.13159275 0.479164213
 724 9.30506587E-02 -0.649101138 -0.227564499 -0.967067182
 725 4.78989184E-02 -8.22282657E-02 1.90051067 -0.456775725
 726 -0.370056719 0.800691605 -1.08764470 2.44807303E-02
 727 0.239561722 -0.567043781 0.125996947 1.43833852
 728 1.03962553 -1.03050196 -1.37016034 0.257564098
 729 0.140822485 -0.889271617 0.308322430 -0.860476851
 730 0.835624337 7.79136419E-02 -0.176929206 1.19606018
 731 -1.06777847 1.72629762 0.392053634 0.478493094
 732 1.14025688 -0.305429667 -8.97501707E-02 -0.181966573
 733 1.04273200 -0.155003309 -1.21858823 -9.49145630E-02
 734 -0.233910888 0.153801739 -0.680098355 0.957872629
 735 -2.49755681E-02 -2.77461112E-02 -0.212139800 0.893861413
 736 0.857710838 -0.506898046 -0.894910634 2.02896786
 737 -0.969622731 0.128119409 -1.48953509 -0.400521308
 738 -1.62273216 0.960828424 0.685818255 -2.17556739
 739 1.10432636E-02 0.955757618 0.554343581 0.778595448
 740 -0.295463115 0.697215796 -0.348929882 3.90011817E-03
 741 0.522120118 0.285125226 -2.43161619E-03 -1.94416857
 742 -6.62329048E-02 0.789633095 -2.31571722 1.81044793
 743 0.446907848 -2.38302445 0.537628770 1.14373636
 744 -0.859853148 8.94461274E-02 -0.501397967 -0.363450915
 745 -1.19992089 7.34645650E-02 -5.35218418E-03 -3.46250311E-02
 746 0.145578235 -0.442982137 -0.960102975 0.595262766
 747 2.00138211 0.425449908 -0.249769390 0.759191275
 748 0.559089780 1.46806717 6.12362027E-02 -0.508207321
 749 1.47238553 1.82803488 -0.839390278 2.20763063
 750 0.611737490 -1.05326927 -1.01730359 1.78058076
 751 1.38386345 -0.129488826 0.901244402 -0.869935274
 752 0.184849352 -0.608024597 0.251244605 0.903259993
 753 0.452481776 1.42865777 -1.54787445 1.20735407
 754 0.347139686 -0.155314893 -0.876873910 -2.49074650
 755 0.692087173 0.697034478 0.968663692 -2.34749317
 756 -2.12730694 -0.127170324 -0.530764222 0.951028764
 757 0.239557505 -0.531635165 -0.634970486 1.42253435
 758 0.792980492 -1.09790528 -0.761087358 1.36417150
 759 -0.737829208 -1.98134661 0.327839583 0.107268371
 760 1.95395780 0.637125373 4.79951724E-02 0.361022800
 761 1.12557888 0.654196858 -0.556864977 0.684406698
 762 -1.59155987E-02 -0.649793267 1.04722691 0.360558122
 763 9.78261828E-02 -2.72487104E-02 -0.595553339 -0.409204185
 764 -1.35058641 0.889164865 1.18619025 -0.297683984
 765 -1.90477073 1.43723166 1.09366882 -0.274207175
 766 -0.315311939 -0.343126148 -1.13288784 0.328968257
 767 0.818861604 0.762137055 0.982176006 -0.294426531
 768 1.43162668 0.375769585 -0.671486497 1.42767692
 769 0.806954563 -0.526928902 0.124706417 -1.31658542
 770 0.135582507 0.171906173 -0.119526193 -1.44756258
 771 -2.16635203 0.266208529 -2.49102521 -5.33932373E-02
 772 -0.858398795 2.74557090 -0.401536733 -0.401281953
 773 -1.04994488 0.493765026 -1.58835196 -0.138731644
 774 0.907952428 0.833689570 -0.416436642 0.430872917
 775 0.451470166 3.82280946E-02 -1.56440187 -8.21337625E-02
 776 0.644790709 5.93681633E-02 -1.10849905 -7.78003931E-02
 777 -1.10255551 0.123815045 -0.610664248 0.586870015
 778 -4.14799154E-02 -0.209008157 -1.95819938 -0.255247116
 779 -0.274355412 -0.895882428 -1.39643908 0.771231949
 780 -0.352257311 1.00134754 -0.415827096 0.980983913
 781 -0.276228368 -0.711975813 -1.66690826 -1.12920392
 782 0.196660370 0.616418898 4.66467217E-02 0.392963499
 783 1.32680655 -0.373111069 -1.50186944 -0.225606680
 784 0.762003779 1.43329442 -0.221586645 1.15327907
 785 -1.16002917 -0.996866584 0.424512476 0.215583742
 786 1.08631659 -1.55639100 0.461325169 0.807666600
 787 -2.25053144 1.10514343 -1.22371078 6.59234971E-02
 788 -2.49224782 0.134296015 0.480708778 -0.803199470
 789 -0.476262510 1.70016313 1.37018013 -0.155337840
 790 0.441341549 0.843821347 -0.283448160 0.515201986
 791 0.683777452 -0.152270213 -0.136612862 0.761287212
 792 -0.507854283 -1.19304001 0.804914594 0.580160439
 793 -0.164884686 -2.04940391 -0.515842497 0.211762533
 794 -0.566548467 -0.716122329 -0.538200200 -0.533800483
 795 -1.30796349 -1.06343627E-03 0.445690632 0.797605038
 796 -2.28530884 -0.562552571 -0.978117943 0.401370525
 797 -0.545664728 0.493733466 -0.367099583 0.224467903
 798 -1.21930659 0.784629047 -0.670456946 -0.520027995
 799 -0.500743330 -1.54114079 2.55990362 -2.37339661E-02
 800 -0.138508886 1.17908573 0.159055740 -0.798627615
 801 -0.102460749 -0.943359554 -1.16868770 0.748170018
 802 -1.23753059 1.22796154 -0.956233680 1.73937821
 803 0.733175457 0.316855818 1.64570212 -0.634658098
 804 2.05427051 0.402424991 0.308059782 0.663223684
 805 0.896187246 1.30045044 7.20399246E-02 -0.913214445
 806 2.50071955 -0.240278661 -1.06926811 0.592675388
 807 -8.92488956E-02 -4.94040996E-02 -0.615436375 0.543600500
 808 -1.89671326 0.416727483 -0.865048647 -1.90287960
 809 -0.150435507 3.05563509E-02 1.45228577 -0.429256260
 810 -1.29094529 -0.704273641 -0.279740363 -0.375722647
 811 1.41723573 -1.45607185 0.898829043 -1.39015722
 812 -0.282958776 0.296040386 -0.366776466 -0.616941690
 813 0.254030406 0.769011796 -0.367903948 0.410876065
 814 1.92236948 -0.254151851 -9.29692239E-02 1.08060253
 815 1.97895360 -0.257651895 0.302826583 -0.362476051
 816 -0.607684195 -0.933566093 -1.76045752 0.825294435
 817 2.25063205 -1.44390321 -0.967896104 1.43412650E-02
 818 0.396418273 -1.30982876 -1.05524898 0.707338452
 819 -0.298689663 0.906443298 1.75451112 -0.763760149
 820 1.03180218 1.07558966 1.02206230 1.47188652
 821 -1.37753665 -1.11464179 7.23100379E-02 -0.551974058
 822 -0.563811064 -0.715534329 -2.23203778 -0.212222368
 823 0.682483077 -0.185879931 1.13746309 1.18781686
 824 0.812116921 0.354042947 -1.57169771 0.764733911
 825 -0.987664163 -0.136601925 -0.620165527 1.19857526
 826 -0.545622230 -0.282714069 -1.08737540 -0.104953088
 827 -0.699845970 -0.197161540 -1.63477099 -0.872634649
 828 -1.03664589 0.272862554 -2.07417750 -0.137508109
 829 3.50112617E-02 -0.378995538 -0.900725543 -0.268960267
 830 0.108427882 0.614794075 -1.35048604 -0.225125790
 831 0.394372314 -0.301072061 1.06505394 -3.43016312E-02
 832 1.55195498 -1.60050142 -0.455407709 0.135847062
 833 -0.423048884 -0.552755177 8.25039893E-02 -0.940493703
 834 -0.539277017 -1.75135875 -1.22814596 1.51047587
 835 -0.333841860 1.27176523 -1.46036720 -1.26465905
 836 -9.62738767E-02 -0.939183831 -0.326524615 2.14576149
 837 -0.983810961 0.257003486 -1.65226543 -1.53159451
 838 -2.70963430 -0.930491447 -0.296981156 -0.521974921
 839 0.406508237 0.880071700 0.353003174 0.210323706
 840 0.897662580 6.87463135E-02 0.890933394 2.60169059E-02
 841 -0.977971792 0.643969059 -3.31528187 -1.55160546
 842 -0.394226700 -0.270821750 0.462871283 -0.634925783
 843 -1.22383165 1.87226646E-02 -1.24243748 -0.574885964
 844 1.05483818 1.14977574 -1.13502777 0.883672833
 845 -0.358696073 -0.331454486 0.276230812 0.854144573
 846 -1.88475466 5.71270399E-02 -0.447039872 2.22853875
 847 1.15078425 1.60727596 5.53778410E-02 1.18829513
 848 1.45907891 -0.168830037 -0.449257076 0.124647126
 849 0.189128727 -0.857098937 -1.74333668 -0.348935276
 850 -0.856963634 0.170745388 0.217275053 0.219419599
 851 -1.28865445 -0.726469457 0.831920207 0.415226698
 852 -1.78170729 -0.933416009 0.189449906 1.21700978
 853 1.52305484 0.845779955 -0.137652159 -0.340214252
 854 0.237488061 2.36869976E-02 -0.381634474 0.954908729
 855 0.117039278 -8.95204246E-02 0.538906932 0.798796296
 856 -0.381647110 -0.756245971 -1.26539421 -0.128721356
 857 -0.886936307 -0.721152723 0.666571856 0.150930822
 858 0.225920975 1.54743409 -0.623904109 -0.968794644
 859 0.178352490 1.15585196 -1.15728879 -3.03051658E-02
 860 0.860960305 -0.289220452 -1.09737301 -0.488020867
 861 -0.589615285 0.457793236 0.849221230 -0.845443130
 862 -2.00481844 -0.888865829 -0.692136467 0.693693817
 863 1.40339899 -3.68798971E-02 0.952506542 0.598199129
 864 0.457338989 1.04553568 0.745060802 -0.312795579
 865 -0.875787377 -1.69874310 0.447849631 -1.12469351
 866 -0.364212573 0.357299447 -0.930634737 1.26837981
 867 0.235350370 1.66029298 -0.444214225 -1.44701266
 868 -0.951723218 -0.220321938 -1.58199406 -0.452119946
 869 -0.466670930 -0.257637024 -0.540600657 -0.694434881
 870 0.455240548 0.483935028 0.431351006 0.173520505
 871 0.231482923 0.156582505 0.858472049 1.03646457
 872 0.344233602 0.218387574 1.49994659 -2.20683074
 873 0.572487831 -0.332552493 0.456282049 -1.16674685
 874 0.244910300 0.650520802 -1.39877224 -0.565204024
 875 -1.60427296 1.55899620 0.182365015 -0.918535233
 876 -1.66391230 9.09918174E-03 -0.968329430 0.663276076
 877 -0.124866575 -0.119230300 -0.411021084 0.184979200
 878 0.960684836 1.71377456 -1.02506602 8.93176198E-02
 879 -0.631301045 -0.228189498 0.996535897 -0.678913236
 880 -2.41075301 -0.274101615 -0.637750804 0.548448861
 881 3.00599694 -0.466728449 3.16775963E-02 1.17589509
 882 8.37600231E-03 0.348600239 0.682878494 -1.47752583
 883 -0.372803271 0.824717522 -0.710311174 -0.634730339
 884 0.369847745 1.91100097 -0.780701160 0.117160484
 885 -0.686883092 -1.84254646 -5.84523901E-02 -0.527857244
 886 -0.589957118 -0.212941393 -1.37220573 0.600908339
 887 -0.768732488 -5.23360521E-02 0.673133850 -0.626400590
 888 0.264463872 -0.411648422 0.674589872 0.576132238
 889 0.703702271 -0.818758309 -0.111372426 0.600261748
 890 -0.157834888 1.71550250 -0.348284751 1.22835338
 891 1.74438727 -0.136828154 1.11179554 -1.23727393
 892 -0.224445328 1.06604362 -0.496341586 1.17594874
 893 0.875144958 -0.886267722 0.160025358 0.415660262
 894 -0.168362975 -0.310917079 -1.18624771 1.13909137
 895 0.546408892 1.92780113 0.669197559 -1.08183205
 896 0.523909569 0.528119266 -0.261013567 0.898864806
 897 1.71704793 0.122856960 -1.20100033 1.24024439
 898 1.54563212 -0.400604606 -1.08281410 -0.648877800
 899 0.150218874 1.38090825 0.693936586 -0.190964878
 900 0.163917303 0.474149138 0.937468410 -0.723170042
 901 -0.264333248 0.214216441 -5.65105826E-02 -2.23342252
 902 0.907010436 -0.415737629 -4.40943092E-02 -0.793701887
 903 -0.106467642 -0.129627198 -0.207650572 1.14351797
 904 -0.597014546 0.819306791 -0.967887282 1.16877699
 905 -1.14706182 0.964149117 1.25302231 -1.94408214
 906 -0.536641300 -0.665504038 1.15001929 -1.59044445
 907 -0.236521244 -0.360257626 0.284488171 -0.537567258
 908 0.876160026 0.918677688 1.74817204 -0.765513480
 909 -0.642205834 -1.61604211E-02 -0.190016434 5.93328997E-02
 910 2.01893973 1.95716989 -0.631912470 -0.206413865
 911 1.57846332 1.45120680 0.746606529 -1.49357831
 912 1.12772894 -0.274232775 -0.610612571 -0.751028180
 913 -0.511176527 -0.187155634 0.747911096 -2.53893542
 914 -0.445568383 -0.308504164 0.327188522 -0.214353532
 915 2.26148629 1.15773952 -0.563276649 0.683821499
 916 1.47126126 -0.283767045 1.05276108 0.281142563
 917 1.23528171 -1.80245173 8.12717527E-03 -0.493687600
 918 -0.322342336 7.45476186E-02 -0.183244660 0.605406463
 919 1.50301635 -2.04755589E-02 -1.76914835 0.559338391
 920 -0.913163185 -1.09210908E-02 -0.392089099 0.554395676
 921 0.540450513 1.00858462 -0.671383262 -1.29851580
 922 1.01380587 1.13207912 0.218279600 1.03669631
 923 0.588617682 -0.124914318 -0.395331860 1.41955864
 924 0.488279939 -3.16132307E-02 -0.737747192 1.32778883
 925 2.93131828 0.925564706 -0.853619814 -0.579777598
 926 0.749148488 0.773228049 -0.551380873 -1.04653466
 927 0.336974144 -1.08501494 0.413937747 0.468862772
 928 -1.11776435 -1.82547331 0.898845792 -6.30993024E-03
 929 -1.20779228 0.792033195 -1.39457011 1.29868209
 930 9.51293185E-02 -0.585841954 0.540370941 -1.91518700
 931 0.354582667 -0.840032160 0.491273940 -1.50952554
 932 0.917763233 2.02552748 -0.882562816 0.967337012
 933 -1.38458872 -0.145864174 1.33654559 -5.98546229E-02
 934 -0.572141826 1.08514822 -1.03351188 -0.712888241
 935 0.233555049 -0.656712055 0.648760557 1.10724556
 936 -0.338478357 0.336623192 -0.901045501 0.592548609
 937 1.35351801 -0.138056368 0.479290009 -1.00909138
 938 0.355092168 1.33300972 -0.998879850 0.492890537
 939 1.05914950 0.202098474 0.138971835 -3.59100401E-02
 940 -0.770594895 -3.45761180E-02 -0.722442746 -0.651590586
 941 1.25410795 -0.294979513 -0.366552323 -1.48825526
 942 -6.51735067E-03 -0.623366594 1.36899590 -1.61214054
 943 -0.204878733 0.297024250 -0.304915756 -0.568226635
 944 0.750055790 -1.48451054 0.893870115 -0.383997023
 945 1.01896405 0.214117602 0.167175457 -1.59853768
 946 0.438193083 -0.458983123 0.837483943 -0.582946837
 947 -0.422640711 -3.28312516E-02 1.20430434 -0.249998152
 948 0.311403632 -0.638247311 2.10640430 0.789999843
 949 -5.77467680E-02 1.54992497 -5.35806417E-02 -1.07828104
 950 0.258590758 1.62892628 -0.212490618 -0.462068975
 951 7.77839273E-02 1.95303214 -1.16376591 3.49156260E-02
 952 0.158965960 -2.77204227 -1.07495415 -1.72871518
 953 1.84019303 -8.41540843E-02 -4.95267920E-02 -1.44954526
 954 -1.20437622 0.431359529 0.530305207 0.668369293
 955 1.22081995 1.89527798 2.76505090E-02 1.66948342
 956 0.863988161 0.237914741 0.679614902 -0.911444366
 957 -0.287785232 0.513788819 1.57685637 -0.442973703
 958 1.29539919 1.50918221 -1.42166126 -9.17932689E-02
 959 -0.362618268 -2.10333061 0.293827295 -1.14528167
 960 -0.302290112 0.225611269 1.24140754E-02 4.70736623E-02
 961 -1.27869320 -1.92725766 -0.719136775 0.598514557
 962 -1.61943018 -2.23442173 0.351580232 0.782793880
 963 -0.966535389 0.318549633 -1.16237998 -2.58823752
 964 0.645025134 1.17540348 -0.670444965 0.581841648
 965 1.02539039 1.69434142 1.85762537 -1.80630159
 966 -0.128479645 -0.737892389 -1.04254365 -1.65115941
 967 -1.02789793E-02 1.49187887 0.476971686 -0.648544848
 968 0.504198909 -2.98143402E-02 1.57793415 0.179375917
 969 0.958654106 -0.727479994 -1.12171280 -1.46885443
 970 0.212801293 -0.193981573 2.98341960E-02 1.01503837
 971 -2.44491744 1.88863611 0.837808907 -0.846110940
 972 -0.596334755 0.103745401 -0.412167341 0.251736104
 973 -1.00168157 9.07980651E-02 -0.291290432 -1.71141815
 974 0.797612846 0.606204212 -1.03408647 0.740041673
 975 3.75252776E-03 -0.245474190 2.10105205 -1.07766676
 976 6.79554790E-03 2.31553268 -0.979169846 0.104786098
 977 4.61388528E-02 -0.897965074 -0.556349754 -0.265382707
 978 -0.252792478 -0.450411767 -0.732471943 -0.213953227
 979 -7.94506371E-02 -0.103265747 -0.802634239 -0.215005428
 980 1.84997523 -0.271713197 -0.379225791 0.439878494
 981 1.26272464 0.164859861 -1.25626564 0.506146669
 982 0.167841315 0.644118190 -1.15368104 3.95796672E-02
 983 -1.13162255 -0.400752515 0.266883343 1.31686223
 984 -0.954025149 4.29781042E-02 -0.828505814 2.79647410E-02
 985 -1.13148701 -0.429376483 1.14352906 -4.02999520E-02
 986 -4.01592851E-02 0.546093643 -0.465629876 -0.136467710
 987 -0.437753677 -0.784745336 -0.416241944 -2.30812907
 988 -0.344692081 6.67566061E-02 -0.875400782 0.326493710
 989 1.16365921 0.177412510 0.425913751 1.09410429
 990 0.330302238 0.360547185 0.267072678 -1.75491333
 991 -0.773895681 -0.944656670 0.923726797 -0.659926355
 992 -0.414287627 0.420194149 -0.638235450 0.153025806
 993 -0.981591225 9.13114101E-02 0.127524689 -0.534574807
 994 -0.280633867 -1.82153785 0.372486681 -0.304056048
 995 0.763997555 1.89900398E-02 1.04471529 -0.999949455
 996 0.588619471 0.259986252 0.952723145 -0.656196356
 997 -0.494474143 0.544033110 -3.01045442 0.733181655
 998 1.81249237 1.17462683 -1.16411042 0.432200253
 999 0.142466724 -1.01107597 0.909565032 0.854205132
 1000 0.712657571 1.51141930 -0.512928605 -2.00382304
 1001 1.06279922 0.223206833 -2.93562293 0.517237842
 1002 -1.15945148 0.757336795 0.229664296 0.101774491
 1003 -0.690343857 0.294569761 -0.328541100 -0.910722256
 1004 -0.116006672 7.67336637E-02 0.117425315 0.232504457
 1005 0.598835289 -0.745589137 -0.164645106 -0.576712608
 1006 1.80052543 1.17324781 -3.39702129 1.00109649
 1007 -1.18306637 -0.130764246 1.06411564 -2.29485750
 1008 1.76213145 -6.77938834E-02 0.578562319 0.472270668
 1009 -1.89018345 -0.811495304 0.411299914 -0.934670568
 1010 -1.57277691 0.907887638 1.42302644 -0.707835674
 1011 -1.17870307 0.435650676 -0.520584345 1.04295993
 1012 -1.00466120 -1.78359783 -1.29079020 -0.307962179
 1013 2.13169903E-02 1.27292550 0.657446086 -0.338775039
 1014 -1.20100486 1.21666007E-02 -1.25073504 -0.315214515
 1015 0.766404390 0.198750496 -8.72587040E-02 0.403213143
 1016 0.188604549 0.133513272 -0.376579255 0.656429529
 1017 -0.120940194 -1.76361680 0.333279848 -0.875237525
 1018 -0.179999396 0.684759736 1.35772371 0.366483837
 1019 0.304781020 -1.56464267 0.784771979 1.59441864
 1020 1.65189564 1.79284346 -1.08340383 0.417026520
 1021 -0.804430366 -0.637497425 0.984912515 1.05063844
 1022 0.243569672 0.605577826 -0.938395560 5.88119775E-03
 1023 -8.86762738E-02 -0.726488650 -0.994704843 0.330967575
 1024 -0.557315588 0.920426250 -0.626031160 -0.955607116
 1025 -1.24442446 -0.333366901 -1.03953624 -1.77505434
 1026 1.49759877 0.896572888 1.21156919 -0.230455130
 1027 0.205351144 0.803432763 -0.852822423 0.406496078
 1028 -1.84769249 -1.10791659 -0.124592677 -0.633547068
 1029 -0.961505294 7.75128454E-02 -0.330948532 0.565052032
 1030 -0.395120561 0.268532753 -0.139464468 -1.96257854
 1031 -1.39690387 -0.164234683 -1.64704752 0.168475837
 1032 2.27633667 0.694527209 9.82238650E-02 1.65717530
 1033 0.599531889 -1.10425138 -2.27734804 -0.861306250
 1034 -0.425567448 -1.07231987 0.419074714 0.581241906
 1035 1.96781516 1.17896974 1.31435919 1.25759363
 1036 1.11495495 0.663091660 0.779877305 0.531525373
 1037 1.39595330 0.206133291 1.30187809 -2.31731296
 1038 0.424662739 0.426535547 0.983642578 1.12139750
 1039 -7.81364590E-02 -0.212770045 -0.709823608 0.709414065
 1040 -0.460800529 1.10819137 -0.132516101 0.413439095
 1041 -0.257019103 -1.56516290 0.478402317 -0.570171177
 1042 1.02451301 1.55327034 0.438733369 0.205006763
 1043 1.12386215 5.76156899E-02 0.234779388 -0.615063906
 1044 0.690249979 -0.788575292 0.149537861 -1.90446365
 1045 -6.58430606E-02 -0.267045319 1.06235433 0.699066162
 1046 0.634070575 0.509921908 0.852798462 0.359634876
 1047 0.311629534 9.16128159E-02 1.20017290 4.56526726E-02
 1048 -1.56064498 1.79260182 -1.46410799 -0.122788638
 1049 0.613145351 -0.290871829 0.638653636 0.750668347
 1050 1.08615386 0.118703857 -0.535241723 -1.08014035
 1051 0.239195779 -0.650993347 0.361019850 1.89294612
 1052 -1.05822623 -0.578017712 -0.598988593 0.239467084
 1053 -0.380692095 -0.723206043 0.806072354 0.708722234
 1054 8.94315243E-02 -6.66307062E-02 5.32013774E-02 1.76426363
 1055 -0.581825733 -2.94231549E-02 -0.305260062 -0.512655556
 1056 0.664943635 -0.112825349 1.41629708 0.937624991
 1057 -0.549955726 0.644425035 0.497725189 -0.254557788
 1058 -0.427200049 -1.49126029 0.699642837 1.94406867
 1059 0.128315762 0.997385621 1.26478148 0.433077037
 1060 0.344420940 0.778267980 1.25289047 0.889785528
 1061 5.14856428E-02 -1.99286056 0.203851908 -0.578802466
 1062 -0.710180342 -1.28957891 1.44349813 -0.928624213
 1063 -0.983257651 -1.05959249 0.698561251 1.85607755
 1064 -1.64366364E-02 0.480864227 1.25812936 0.796339571
 1065 -0.156909749 -0.857327521 0.738533854 -0.468166083
 1066 0.970153928 -2.05452991 0.669247210 1.07155740
 1067 0.279709160 -2.31155604E-02 2.37110662 -0.853486955
 1068 -0.313437074 -1.47008932 0.459709972 -0.490518123
 1069 0.233163610 -0.243017867 1.67199230 0.521440923
 1070 0.964733005 -0.719663024 -4.43512201E-02 -1.17151451
 1071 1.25904346 -1.21345496 -3.10118794E-02 0.480848849
 1072 -0.170746908 1.48900807 -0.211607784 -0.415516913
 1073 -0.395213425 1.31315279 0.653714538 1.16492653
 1074 -0.250988603 -1.35805869 1.95276213 -0.445281029
 1075 -1.27646685 -1.07387543 -0.238787249 -2.76736665
 1076 -0.696706355 0.756143987 1.32988799 -1.23150229
 1077 -1.13304329 -0.129885852 -0.620181918 -1.53125751
 1078 8.33645388E-02 -0.320049703 -1.33814836 2.03491521
 1079 0.950727701 0.665020466 -0.835996330 -0.606070161
 1080 0.790642262 -0.489442706 0.111204863 -0.154037207
 1081 -0.366419971 0.454175502 -0.615394950 -0.827229142
 1082 -0.584548116 -0.162676290 -1.55918992 -2.06291270
 1083 -0.607769489 1.10634983 1.27554238 0.498593569
 1084 -0.635936081 -1.05916548 -0.315191656 1.38568938
 1085 0.738230348 -0.877617955 0.634561539 -0.499702752
 1086 -1.35662210 -0.950040817 -0.655252337 0.662321925
 1087 -0.481937438 -1.22625959 1.75779366 1.56236064
 1088 1.15433049 -1.70784259 0.716889203 -0.758756399
 1089 -7.42578134E-02 4.39980626E-03 -1.07506943 -1.68261015
 1090 -0.165731251 -1.13132644 -0.470938981 0.681875467
 1091 0.725236237 1.10281014 -0.330515325 1.52423382
 1092 -0.350882143 -0.713520706 -0.571903646 -0.717637062
 1093 0.766699791 0.196251512 -1.99493480 -0.574644864
 1094 -1.00018692 -1.17260647 -0.445056200 -0.829587817
 1095 -0.970684052 1.00056481 -0.913689137 -0.556507707
 1096 1.75956666 -1.28884768 -1.13114274 -0.223246872
 1097 -0.593812943 -1.94073617 -0.776976109 1.04175341
 1098 0.317951530 -1.23585033 -1.46475816 0.907577395
 1099 -0.921660304 0.162122652 0.315912575 0.254486293
 1100 -6.35828674E-02 -0.412066519 0.538765192 0.546928942
 1101 -0.850112677 -1.12601101 0.982210100 0.186026305
 1102 -9.22200158E-02 -0.320015490 -0.562469661 -1.05698597
 1103 0.118267514 -0.356739134 -8.23315084E-02 -1.05976272
 1104 -2.38184428 2.03357413E-02 -0.397427648 -2.02810955
 1105 1.09170771 -0.382848501 -0.654045999 -0.161288321
 1106 -1.42151809 0.499995947 0.770972073 -0.677439630
 1107 0.104866341 -1.22478962 -1.29624784 -0.205867350
 1108 -0.648979902 -0.757289708 0.465098113 -0.229662627
 1109 -2.65387893E-02 -1.17880011 -1.17513907 -0.354190916
 1110 -0.584139466 -0.487482935 -1.73234272 -0.718979836
 1111 -0.372200668 -1.02842629 -1.08527863 0.425588876
 1112 -1.06103134 0.208033442 -0.137893200 -0.545373082
 1113 -0.290221691 -1.22442830 -0.812508404 0.857390821
 1114 0.808161557 -1.57024789 -2.23809314 0.659159482
 1115 -2.66058445 -0.416841984 1.34520304 0.167254001
 1116 0.580690026 -1.00319707 -0.317261994 1.56286991
 1117 -0.419272035 -9.37141627E-02 -5.44776544E-02 0.598151445
 1118 -0.152051672 0.321562767 0.846753001 -0.827549219
 1119 0.359436989 -2.20931649 1.14102411 0.223741889
 1120 1.21089351 -0.318486392 0.363071084 -0.726671457
 1121 -0.741229773 -1.02638149 -1.17401564 -2.10018563
 1122 0.295793027 0.653891206 -2.30645299 -2.26854968
 1123 -0.966742039 -0.644324541 -0.361561626 -1.76008618
 1124 0.454943985 -0.599504948 0.121560633 1.85253072
 1125 1.00148356 -1.04353547 1.57656002 -0.393516183
 1126 -1.75265539 -1.96740651 -3.20985913E-03 -0.373686671
 1127 -1.71023381 -1.37872458 -1.68100441 -0.488213688
 1128 1.98402357 0.579777598 -0.312033534 2.66244635E-02
 1129 -0.148778453 1.32069612 0.305587828 1.65607607
 1130 1.65315652 0.642957211 0.674519360 1.85597968
 1131 -0.275296509 -0.354907274 0.487093180 0.442035764
 1132 1.50362408 -1.27298772 0.720463157 -0.128095880
 1133 0.536584318 0.743454516 1.33699095 0.494636476
 1134 1.62535739 -1.07547462 6.63371533E-02 0.719585061
 1135 0.370159864 0.781874120 0.211416602 0.975633502
 1136 -0.811224818 -0.744929314 -0.869463325 -2.05761027
 1137 -0.719105542 -0.749623120 0.342306614 1.69753349
 1138 -0.454062700 -0.494816571 -0.394446075 0.560142219
 1139 1.23212886 -1.48051190 1.56019256E-02 1.01992428
 1140 0.737857223 -1.16595078 2.32997990 -0.828352094
 1141 -1.63859880 -1.33739555 1.32385862 -1.89705610
 1142 -0.580352008 1.91262949 -0.662559092 -1.65735722
 1143 0.161884427 -0.505606592 1.33481479 2.25865173
 1144 0.459167242 -2.42394246E-02 0.149085879 -0.927389264
 1145 -0.571111798 -0.403760821 1.02399802 -0.804525375
 1146 -0.333727151 -0.825426280 1.23374176 0.827875674
 1147 0.395776093 -0.690462589 -0.231241792 -1.60244346
 1148 1.28651643 -0.732877851 -0.150380164 0.960187078
 1149 2.36016178 -1.83677053 -0.448002517 -1.90004551
 1150 -1.41638470 -2.52565408 0.974109054 -2.31271505
 1151 0.783002377 -1.25650239 0.925956249 -0.266501129
 1152 -0.285304844 0.508310735 0.579756320 -0.323579907
 1153 0.949148715 -0.820463479 2.01705122 -0.189904869
 1154 1.73577547 0.720739901 0.766407967 -2.16811562
 1155 0.903537750 1.37342882 0.752336919 -1.91183233
 1156 -0.127333686 -0.304835767 1.24172711 -1.56755328
 1157 8.87530372E-02 3.67746651E-02 1.67177880 -1.15158105
 1158 1.90319419 0.295458019 -0.246574894 -1.02233350
 1159 1.50135398 3.51797044E-02 -0.556302607 0.161994994
 1160 -0.913324833 -0.798793912 1.62496543 -1.37812114
 1161 1.24364686 0.779592395 0.752158821 -0.196345717
 1162 1.73008466 -0.305215955 -1.01416492 1.37837243
 1163 -0.694419742 -0.819425344 1.14067554 -0.999514401
 1164 1.63232660 -8.40078667E-02 1.11529326 -0.509507418
 1165 2.12068892 -1.04147875 0.801898181 -0.245950907
 1166 0.972347617 -1.97899938 0.694879413 0.172967941
 1167 1.08766270 0.284156978 -7.57175535E-02 -0.371044397
 1168 0.406092107 -0.582259476 -1.34364784 1.91251040E-02
 1169 -0.274880230 -0.708656013 -0.456724256 -1.85617113
 1170 -0.534295142 0.469029248 1.17361486 -0.428181827
 1171 1.23125041 -1.56979263 2.25030705E-02 -0.795930743
 1172 0.475066096 1.98016298 -7.84021318E-02 -0.195142180
 1173 0.861903548 0.170898855 9.61381197E-03 -0.482289344
 1174 1.35956216 -0.206863344 1.77667153 -1.98884475
 1175 0.660188198 -1.00652552 0.772658408 1.86589408
 1176 1.23543429 0.163535431 1.15355670 0.432944596
 1177 0.335404515 0.803421140 0.131283864 -1.90316176
 1178 -1.71077883 -1.79433787 4.68835235E-02 -0.819099367
 1179 1.58891690 -0.338802457 1.21800041 -1.51661289
 1180 2.14863944 -0.399196148 0.891333580 -1.25054383
 1181 2.05737567 -0.345647126 1.02549422 -0.973967075
 1182 2.38900352 -0.121966362 -0.198410332 0.446199149
 1183 1.12784278 -0.637790382 1.33645475 -0.700221598
 1184 2.00549150 -4.85335886E-02 -1.45436752 -0.215222716
 1185 1.10578644 0.239765361 -0.670979142 0.284980267
 1186 0.600694656 -0.772362769 0.490057468 -0.768107235
 1187 -0.752411127 -9.45391953E-02 0.459591806 -1.51459384
 1188 1.95589530 -0.687991321 -0.732406616 0.568060637
 1189 1.15116274 -0.969586849 0.663314819 0.389407128
 1190 -0.823065639 0.510443211 -0.270040870 -0.410487235
 1191 0.212021559 -7.45855346E-02 -0.553955615 -1.11758339
 1192 1.84828901 -0.899825573 1.65909815 -0.484963179
 1193 0.166010886 -1.27946544 0.368160099 -0.958867252
 1194 0.283497036 -0.270296276 0.455557197 -0.292556584
 1195 0.470932633 0.176649541 0.144035667 -0.714046657
 1196 1.60154402 0.792574525 2.18523002 -1.92634189
 1197 2.24621391 -1.08472025 0.407005966 0.736165464
 1198 -0.530792415 -1.40535009 1.51811814 -1.25380957
 1199 1.33145583 -1.29671633 1.86409485 -0.880569637
 1200 0.756231964 -0.773039401 0.978177488 -0.433205903
 1201 -0.699261367 -3.27556534E-03 1.20040917 -1.50312507
 1202 0.502677023 -0.370786846 -0.799197853 0.600492418
 1203 1.54892564 -0.323986411 -0.234293222 -9.29972529E-02
 1204 1.88708854 -3.93013284E-03 -0.498050869 -0.570048451
 1205 -8.26627538E-02 -0.633405209 -3.32103670E-03 1.90057552
 1206 -1.06305027 0.567914963 -0.908192992 -0.637206197
 1207 -0.522705793 -1.01448691 2.03682494 1.02341688
 1208 0.769246817 -0.471125901 1.07037473 -1.41491783
 1209 -0.410634905 -1.19784546 0.783608973 -1.06781745
 1210 0.682212651 -0.153993204 1.39745688 -1.77075088
 1211 1.34506619 0.698967397 1.20737612 -1.47865200
 1212 0.501115680 7.78025463E-02 1.72058392 -0.801965415
 1213 0.817411184 -1.76390183 1.00784326 -1.13045049
 1214 1.20011127 -1.36846447 1.35495007 0.805653453
 1215 -0.864496946 -9.07665491E-03 0.714188576 0.308466434
 1216 1.46399140 -0.693855643 1.19007754 1.21309769
 1217 1.81882906 0.366649687 1.12812495 -0.624268293
 1218 -0.245601907 -0.520347953 0.820087552 0.834258199
 1219 0.889958322 -1.82481265 0.335958779 -8.69622380E-02
 1220 0.876101136 -2.14863801 1.10274792 -2.06408715
 1221 1.55213773 0.493978262 1.12604809 -1.83246064
 1222 0.358729005 -1.18218207 0.942167222 1.31687760
 1223 0.541415334 -1.13822579 1.10800982 0.876434982
 1224 0.871890783 1.03435588 -0.488902777 -2.22022247
 1225 -0.576384664 -3.38442564 0.964994371 0.352989823
 1226 1.61799431 -2.84053397 1.38262177 -8.08567777E-02
 1227 1.67818403 -0.549360991 1.69062352 -0.523475528
 1228 1.09482956 0.358543873 0.395254791 -0.227367103
 1229 1.83922052 -1.87092423E-02 1.36008799 0.917433143
 1230 8.33442435E-02 -1.14382732 2.76497531 -0.370428741
 1231 -1.46917379 -0.909801960 2.36723757 -0.862571418
 1232 1.32772076 -1.13475585 1.52920032 0.488902628
 1233 0.555679083 -2.01731515 0.427843750 -0.903094292
 1234 0.594312012 0.668530583 0.343808174 0.189766854
 1235 0.641988158 -0.617219687 0.558182418 -0.682209194
 1236 -0.196523488 -0.780901134 0.255217969 0.799942970
 1237 9.02397335E-02 -0.265684307 0.315179765 -0.769764662
 1238 0.825022817 -1.10399997 1.23202562 0.493807405
 1239 2.21334505 -0.465906560 0.177892745 0.518574893
 1240 1.96619034 -1.41358662 0.538222849 -0.642557561
 1241 -0.337503344 -2.29938698 0.771910965 -0.399634004
 1242 2.31437492 0.665778995 0.341409415 -0.639599741
 1243 -0.189328939 -1.20824790 0.191521972 -1.28644717
 1244 -4.91329730E-02 -1.72692263 2.63689470 -1.37781882
 1245 1.05408752 0.343154848 0.624859750 -0.260851890
 1246 1.67471170E-02 -1.21367621 0.366561294 -0.218887419
 1247 0.743761539 0.171278238 1.70039427 -7.76710510E-02
 1248 -0.135516062 1.18169558 0.572148800 -1.26642501
 1249 -5.65333366E-02 0.731945872 0.601246774 -1.86993921
 1250 -0.189459607 0.526215196 -0.604384482 -1.39132559
 1251 0.665412188 1.70969141 -0.587585688 -1.20268893
 1252 -0.273303151 -0.225062504 1.05716491 -0.836274028
 1253 -0.353844494 0.740331888 0.769902349 -0.112377271
 1254 0.265985548 0.558061242 0.485742927 1.32580996
 1255 0.523244441 0.643253922 1.98328352 -0.375108898
 1256 1.24709034 -1.64840531 1.81471491 1.31997776
 1257 -4.91341650E-02 -5.88503927E-02 1.17543578 -1.09308743
 1258 -0.233926177 0.853880882 4.26769853E-02 0.485111415
 1259 -1.06642830 1.27566290 0.284923851 -1.44898152
 1260 1.22124627E-02 0.554524958 1.38729358 -1.13032079
 1261 0.192162290 -4.54509109E-02 -0.382805049 0.439718366
 1262 1.74758446 -0.756195843 1.02609050 1.08222365
 1263 1.68155301 -0.800513744 1.62511265 7.64813721E-02
 1264 0.524834931 0.848330617 2.27243590 -0.200354397
 1265 1.56497136E-02 0.463352978 1.20002306 -0.888170004
 1266 1.62012732 -1.85397816 1.24677646 -0.940916061
 1267 0.745712996 1.43100023 -0.672013998 -0.229267508
 1268 1.90611053 -0.741647005 0.320948660 -0.481636524
 1269 0.259026229 1.63930070 0.745962381 0.922848463
 1270 1.76310408 0.854458034 1.90114570 0.824444592
 1271 0.604682207 0.715689361 -0.208183467 -7.94580653E-02
 1272 -0.845309496 0.150221050 0.681550443 -1.01849937
 1273 0.147922903 -1.52482653 0.202846184 -3.65290642E-02
 1274 1.31298423 0.982993364 -0.861887753 1.23693740
 1275 -0.357697904 -1.28257799 0.535456955 -1.59689856
 1276 0.770743847 0.787627518 0.327447146 -1.00380003
 1277 1.31913948 -0.806945622 1.16415870 -1.06206739
 1278 1.73441482 -0.123016991 1.74413335 -2.15175438
 1279 1.58263373 0.282519549 -0.242972523 -2.07609844
 1280 0.304337084 0.272010177 -0.605866075 -2.40040541
 1281 -1.27221215 0.519890308 0.369272798 -1.70794523
 1282 0.557651699 -0.283301443 0.840959072 -2.40028214
 1283 0.445290238 0.186896428 -1.76637352 -0.435384959
 1284 1.19910145 -1.42095649 0.571798980 0.832971454
 1285 -0.296341985 -2.35536718 0.803566933 7.53482953E-02
