 1 -0.157901794 -2.53833294 0.676935971 -0.549497545
 2 -2.04617190 1.14724207 -0.770660758 1.89137340
 3 0.104227781 -0.294307411 -1.66285360 -0.731683552
 4 0.813575089 -0.577518046 9.71605629E-03 -0.899084508
 5 -1.24348998 -0.924756885 0.755651951 0.711255193
 6 0.763680339 -0.425609767 -1.67667317 -0.878436506
 7 -0.387318939 -0.207533434 -0.131798387 1.98679578
 8 0.650596559 -0.661721230 0.846283972 0.627239108
 9 -0.736892104 -1.49179590 1.09542823 0.778124213
 10 0.332627565 -1.29223037 1.17694402 2.21153212
 11 0.360652626 6.80836290E-02 1.01971936 -0.834506273
 12 0.252219141 -1.57269812 0.756615996 1.01521599
 13 1.05897081 0.902687669 -0.430852562 -0.432285219
 14 1.41182327 -1.58289492 0.563265443 -0.822094619
 15 0.269004136 0.387093663 -0.463561594 0.991516829
 16 -0.572542369 -1.41617906 -1.67131782 -1.75607646
 17 -8.08504075E-02 2.40480304 -0.155957192 1.02857327
 18 1.09175551 1.41416061 -0.359934181 0.467509121
 19 -0.567768991 0.168057054 1.54349661 1.52482200
 20 -0.458821356 -2.08648586 0.601737559 0.211388767
 21 -0.161038861 -0.204304248 2.45075774 -1.21408272
 22 0.543236017 0.587607861 -0.488084286 -9.91770625E-03
 23 0.951465130 -2.13498163 -1.70851457 -1.13376141
 24 1.16542602 -1.47003472 -3.04666236E-02 -0.832958102
 25 1.35668814 1.69307983 0.582873523 -0.566512704
 26 0.150359750 0.122040890 -0.845767975 0.845569372
 27 -0.545857728 0.436059356 -0.597005367 -0.493370801
 28 0.529036403 -1.13448989 1.57580817 0.445732385
 29 -0.370221585 1.17647696 0.677829981 -0.926305056
 30 -0.407085598 -0.725477397 0.678380489 -0.963208675
 31 0.624465168 1.56356215 0.680187583 0.370552123
 32 -0.224319667 0.450502008 0.129048154 0.911501706
 33 -1.20339680 2.14493966 2.21731353 1.54869854
 34 -8.85731131E-02 0.112341926 0.623871267 2.17128778
 35 1.91332114 -0.351279616 -0.507729888 0.262247264
 36 0.622028708 -1.35746074 0.114281297 -1.08961511
 37 5.19126989E-02 0.888971806 -0.674049497 -1.10338426
 38 -0.589498043 8.15761909E-02 8.63351449E-02 0.919616222
 39 1.40906560 -1.08384526 -0.250676513 0.376854807
 40 0.270791948 -0.524744213 0.291153610 -0.707192302
 41 -0.654186487 -1.18992126 -0.685500205 -0.553340733
 42 0.912297666 0.699797273 -0.861781955 0.194929689
 43 1.75995827 1.12599337 0.314154118 0.952760220
 44 1.90507293 7.22537711E-02 -2.01550722 1.54899728
 45 -0.635821581 0.462950706 0.947003067 0.672651052
 46 -1.00026584 0.541154921 -1.09435964 0.983055651
 47 0.278905839 0.407533109 0.272555232 -0.575361013
 48 -0.453936011 2.74334848E-02 -1.68653786 -0.560483932
 49 0.172226012 0.126777053 -2.01610756 -0.626009822
 50 0.372279108 -1.35586464 -0.189342543 0.460558653
 51 -0.130070627 -1.03225398 0.685366511 -0.865559340
 52 -0.187416196 1.29662180 1.22525680 0.423086822
 53 1.65125740 -1.67554796 -0.795650065 -0.795379758
 54 0.345245451 1.19283569 -0.465058446 0.400645256
 55 -0.249607310 1.65808439 -0.529975474 -1.27054393
 56 -0.825499117 0.877179503 0.958295822 0.382575959
 57 -1.16078842 -1.60274088 -9.80623662E-02 -1.26498532
 58 9.01174694E-02 1.86096847 0.584454894 0.393963963
 59 -1.66877878 -1.34612286 -0.695029080 -1.66162312
 60 1.01889408 1.67202771 -1.34772587 0.449224055
 61 0.114513598 0.568530798 -0.389786512 0.912106454
 62 -1.86692822 -0.538254976 0.508820534 -0.911728919
 63 1.73347783 -7.11428076E-02 -0.276398122 -0.569822550
 64 1.22638845 0.409477949 1.02860689 -0.671909213
 65 0.928886533 -0.686867476 -8.99163485E-02 -1.06405878
 66 1.35709023 0.717870057 -1.66180015 -0.851568878
 67 2.60867047 7.73263574E-02 -2.01262665 -0.386140853
 68 -0.956200838 1.10652924 -0.294189513 -1.10272384
 69 -1.48845255 -1.39506340 9.82224345E-02 2.21509838
 70 4.11233902E-02 0.848182917 1.38939118 -1.01312745
 71 -0.919444799 -0.655118942 1.08782494 2.45210338
 72 -9.79496390E-02 0.221275881 0.834878683 -0.768460393
 73 6.00147396E-02 0.130701661 -4.57093418E-02 0.808976412
 74 -8.14422965E-04 0.742775619 -0.702809572 0.542055249
 75 0.822196245 0.696612954 -0.330692470 -0.790838718
 76 2.42037797 0.531947136 -1.75345445 -0.796989799
 77 0.893781483 -0.107734457 5.40366508E-02 -1.61537123
 78 -0.598632336 -8.48590881E-02 0.176448971 0.685561001
 79 -0.307840049 0.322011679 0.157606930 0.189418361
 80 0.699261487 6.72416538E-02 0.594058394 -0.340204030
 81 -0.652064443 -1.04758584 0.700232625 -1.28020072
 82 0.367471933 -7.11057484E-02 0.681370378 -0.903998852
 83 0.146286398 1.97010887 -0.842637360 1.86700845
 84 0.643802822 1.53917813 0.259190500 -3.45633030E-02
 85 -1.70913041E-02 -1.38445079 -6.81262463E-02 -0.715890110
 86 0.926568747 -1.25586343 -1.44557953 0.845800281
 87 -2.01618671E-03 -0.548895478 0.149317697 2.12345958
 88 -0.229899496 0.742644489 -0.581949770 -0.774785399
 89 0.121753737 0.871242404 -0.179858774 0.807442307
 90 -7.00029284E-02 -0.747937977 0.164572299 1.80466819
 91 0.210903868 0.997485757 1.13115370 -0.562523484
 92 0.539754987 -6.44579381E-02 0.600431263 0.174998537
 93 1.84899712 4.30693775E-02 1.17394602 -0.444722056
 94 0.182950586 -0.196364507 0.198137268 0.928204000
 95 -0.639105558 1.37682903 -0.381301731 -0.835262179
 96 -0.702333093 1.69159341 1.90701509 -0.579086840
 97 2.78563523 -0.283720970 -0.882991910 -0.948061943
 98 2.40448809 -0.768149257 -2.59175611 -0.796262205
 99 1.21113181 -7.48582706E-02 -1.03849041 2.50528622
 100 1.31715083 -1.24266064 -1.87257433 -0.669689596
 101 -0.530368507 -2.23815155 -1.34035051E-02 0.782385826
 102 -0.421925306 2.78290808E-02 -9.60933864E-02 0.668306589
 103 1.42079151 0.705174267 -1.10744870 -1.19558728
 104 -4.22930755E-02 0.326095045 1.52605855 0.601189077
 105 0.247754231 0.521138310 -8.03327560E-02 2.33560467
 106 0.917610943 0.558476150 -0.672758758 0.568553627
 107 0.427571356 -0.704393029 0.934277296 1.85230172
 108 0.592306376 0.111524805 -1.51655173 0.486447692
 109 0.103276439 0.995094895 -7.05674589E-02 5.86365759E-02
 110 0.797465682 -1.01003385 -6.00298047E-02 0.968601882
 111 1.12482643 -0.261186421 -1.44352829 -0.807011068
 112 2.54245567 -0.827213764 -0.772251368 -0.584705234
 113 -1.38088441 0.644077420 1.44466805 -0.588204503
 114 -6.08092546E-02 -0.229845181 0.289058506 0.460804969
 115 -0.176457301 -0.585953474 -0.740347505 -0.327160001
 116 0.408497065 -0.330954909 0.941759944 -0.735210121
 117 0.765881300 1.66540837 0.206975773 -1.06920028
 118 -3.98091972E-04 1.52670369E-02 -0.567799330 -3.50342318E-02
 119 -0.446746141 0.195982426 0.255236208 0.327616632
 120 2.52593136 -0.946231723 -8.62467661E-02 -1.81221533
 121 0.705542743 5.62608391E-02 -0.633539975 1.06297338
 122 1.38623607 0.235989600 0.189702332 -0.699848413
 123 2.47046328 1.83354068 -0.200407565 -0.720420003
 124 4.21260819E-02 1.93146014 -0.436540723 0.583205223
 125 0.581040800 0.227151543 -1.16386616 6.91295266E-02
 126 0.590660691 2.50053927E-02 -0.765455782 -0.778634548
 127 -0.755840540 -0.441581696 1.40913749 -1.47988701
 128 1.55133200 -0.638091624 0.434013486 -0.817543507
 129 0.575008810 0.684846818 -1.17012084 0.479956776
 130 -0.309754848 -1.15577388 -0.654050171 -1.19775963
 131 -0.511722505 -0.172179252 1.60526752 0.889007032
 132 1.00964975 9.60310400E-02 -0.202099636 1.42270660
 133 1.87321210 1.89302874 1.49210954 -0.249541223
 134 0.294224024 0.577501178 0.990000844 2.13312578
 135 -0.103346214 -0.345485449 -1.10325027 -0.986103654
 136 0.624874532 -0.298830748 -0.468817264 -0.822367191
 137 1.17062736 0.335260272 -1.97919369 0.631875992
 138 0.639701843 0.853395343 -0.162299484 -1.05463672
 139 0.528230250 -1.54866993 -1.55989599 -0.831503034
 140 1.20571148 0.849703670 1.30926335 -0.913740218
 141 0.474893034 0.526759386 -1.00117469 -0.279120594
 142 0.292578697 3.54227945E-02 -1.80679429 1.75687695
 143 -0.327402145 -1.06527781 -1.06927705 -1.36552441
 144 -0.979033947 0.791636586 1.53235030 1.03682971
 145 0.450197518 1.62053263 2.07565165 2.29879808
 146 0.378118783 0.231536150 -0.926501632 0.673696637
 147 0.512632191 -0.600519180 -0.534015179 -0.633435249
 148 0.975040436 0.543099165 0.130286127 -0.760988235
 149 0.619657934 -1.35095632 -1.95485961 -0.701279402
 150 0.741317153 0.630437672 -0.803038180 -1.28762329
 151 1.01223493 -1.08089828 -1.30513215 0.506374121
 152 0.401738524 1.39248991 -0.463053882 0.305040777
 153 -1.17092097 0.852216661 -0.184848949 -1.05367672
 154 1.87156701 -0.284301102 -0.923660040 -0.793693542
 155 2.22720575 -0.469228536 -0.951694846 -0.763512611
 156 0.461843431 -0.376087815 0.119589061 0.342980593
 157 0.409433484 -2.41623595E-02 1.46803653 -0.698238313
 158 0.901271582 -0.972770929 -1.24403036 -0.590445399
 159 0.824404359 -1.22502565 -0.225129187 -1.12899303
 160 3.00769567 -0.813599467 -1.29988253 1.07209206
 161 -0.747272432 0.661543727 -0.750588536 -1.00333667
 162 0.255471021 -1.59216440 -0.670961916 -0.907035649
 163 1.49416101 -0.385119915 -1.16534865 0.564673901
 164 0.148111820 0.330166489 -0.906802535 -0.590769172
 165 0.637681842 0.361400664 2.28116632 -1.18634915
 166 2.93100262 -0.668134153 -0.387016952 0.765895247
 167 -0.798459053 1.18211150 0.634115815 1.96764612
 168 2.28160310 -2.61122298 -1.18459535 1.19695842
 169 1.68095231E-02 -1.25484955 -0.677055717 -1.32243752
 170 0.114101611 -1.73875248 -5.34289181E-02 -0.524949670
 171 1.11372423 -0.985082030 -1.07626379 0.489897579
 172 0.389598608 -0.173445463 -0.386180341 0.239875317
 173 0.518984556 -0.171767831 -0.703549027 -0.223369628
 174 0.677052975 0.630049467 -1.38134813 -0.591171026
 175 -0.765631080 1.21787691 0.708949208 2.10110140
 176 1.56003904 0.294677854 -0.995005846 -0.227437288
 177 1.83141994 0.826976299 0.436839432 -1.24596143
 178 -0.945963383 -0.659599543 -0.744959056 -0.746583164
 179 0.398045063 -0.536523998 -0.578556657 -1.11774516
 180 0.322448492 -0.238388509 -0.708405316 0.767073631
 181 0.915324330 1.08778226 -0.331566542 1.27688503
 182 -0.496721804 -0.379487216 2.64938331 -1.21546853
 183 0.160013616 -0.112506822 0.402319014 1.70950389
 184 1.47160029 -0.394911200 -1.56251991 -0.466395974
 185 1.12718558 0.381017387 -7.21915960E-02 1.47236013
 186 -0.841069400 -1.05214500 2.43976712E-04 0.592860043
 187 -4.61171344E-02 1.49125659 -0.222756788 0.332521707
 188 -0.177919686 0.700264513 0.279438049 -0.892852068
 189 0.643296897 -0.698739648 0.738358498 0.596095979
 190 0.473601639 9.92829651E-02 -0.257988274 -1.19531798
 191 -1.53808892 0.255760372 1.44730842 1.21432567
 192 -0.967711031 -0.651820898 -0.109129503 -0.506694794
 193 -1.24610567 0.357614785 0.249294847 -0.649980903
 194 -1.32199180 0.667417467 0.894692004 0.536482394
 195 -0.434062272 3.81460786E-02 -0.518798769 0.473996013
 196 1.39867091 0.968271017 2.03636670 0.313879102
 197 -1.43037844 0.973781466 -0.147544354 -1.19008350
 198 0.851615012 1.16787040 1.20547295 -1.09611452
 199 -1.22596884 4.90896106E-02 -0.261624366 -1.21280885
 200 0.280971617 -0.606578827 -0.830201924 0.447834462
 201 0.244774103 -0.681883752 -0.527329326 -0.949339569
 202 0.768536687 -0.542864919 0.950997114 -0.832095802
 203 -1.15284157 -0.262095511 3.00369859E-02 -0.601653099
 204 -1.34400010 1.17948711 0.184428945 0.163206220
 205 1.69733763E-02 -0.878226638 -0.343051940 0.769946277
 206 1.48684096 1.00492311 1.53525758 -0.550154030
 207 1.44794858 1.20068192 0.385794908 -0.452710748
 208 -1.59135461 0.932337642 -0.305769891 -0.816000342
 209 -0.580449104 0.951812267 -3.07348561 -0.693777084
 210 0.947993636 -1.88179851 -0.711753964 -0.657843530
 211 4.89494577E-02 0.936821401 2.20877647 0.522960484
 212 -0.164803416 0.675731540 -0.140332371 0.974276841
 213 1.64637578 -0.177528366 -0.690739155 0.429832011
 214 0.361795217 -0.376991749 -1.14296806 -1.21264768
 215 0.272249758 0.439515650 -1.33705628 -3.04088593E-02
 216 0.489384174 -1.73177600 1.32867789 -0.933290005
 217 0.173668101 0.134508491 -0.296422303 -1.00750029
 218 1.68659842 1.56663954 0.297561437 -0.838005364
 219 0.973695159 -1.95505965 0.413971364 -0.471817255
 220 0.419624329 -0.494798988 3.09708863E-02 -1.17410970
 221 -6.90930784E-02 -0.421182424 -0.919033289 -0.664240718
 222 0.220135674 1.26874733 -1.80305767 0.870413065
 223 0.991458237 0.432134509 -0.734646499 -0.445108473
 224 0.117337689 1.17090738 -8.57637376E-02 -0.847198427
 225 0.683089137 -0.215441838 -1.62412077E-02 2.03294921
 226 0.342974335 0.223575056 0.858204126 -1.21970630
 227 0.677380681 -0.245324478 -0.474415481 -0.796829700
 228 0.178934708 -0.432847202 -1.39323592 -1.20818555
 229 8.86565447E-03 2.48389244 1.23846602 0.286100149
 230 -0.390558183 -0.562706947 -1.36538780 0.903624177
 231 1.32957172 1.65842235 0.174646094 0.744202375
 232 0.358802170 0.210921779 -0.240399435 -0.711199701
 233 -0.697562456 -8.61862004E-02 0.303327858 0.488839358
 234 0.438264519 0.186706007 -0.142266035 0.379737645
 235 -1.98740304 -0.549917758 0.209905043 1.02138293
 236 -0.546721935 0.267827094 1.02028120 -0.582566082
 237 -0.105162323 0.354837000 8.01045150E-02 0.477818072
 238 2.96983814 0.307647228 -2.07403779 -1.00304735
 239 0.573147535 1.29022169 0.228921711 -0.499843627
 240 1.56287146 -1.71668744 -0.485195100 -0.749287069
 241 -0.135240555 0.258063197 -0.600860715 -0.899953723
 242 0.389464438 1.21452177 -1.43900490 -1.21456122
 243 0.319634199 -1.00695741 -0.820869327 0.789301336
 244 -0.332709014 0.965429068 3.39138806E-02 -1.04474759
 245 -0.345716149 -0.309617013 1.46802676 -0.385079563
 246 0.532815337 -0.123349406 -0.264545679 0.570213556
 247 -0.817032576 -1.24957931 -4.58120108E-02 -1.01024187
 248 0.154020935 7.30708241E-02 0.399206877 0.606006861
 249 -1.76354790 0.761803567 -1.44054365 -0.895539045
 250 0.760196388 2.18325543 1.21385908 0.369526744
 251 -0.347430468 2.35047770 1.51751161 -1.76389575
 252 0.323842645 -0.534506619 -5.61287776E-02 -0.660152376
 253 2.98696235E-02 -0.681590855 -0.945465446 -0.785087526
 254 0.650236547 0.344826400 -0.752891183 -0.756926715
 255 0.687699199 0.969304264 -1.14604914 0.932531714
 256 3.94255221E-02 -1.34462488 -0.633913934 -0.969093025
 257 0.506265521 2.96287227 1.77106202 2.06222963
 258 1.24490011 1.01340437 0.929339230 2.12133169
 259 -1.36727977 0.741581917 1.53604960 1.61499715
 260 0.341832697 -0.153033078 -1.65651619 -0.562821209
 261 0.291180938 0.229068875 0.936551213 -4.02957499E-02
 262 1.28607881 -1.14780128 0.564580560 -0.172945917
 263 0.332115978 -0.189209998 0.195471853 2.11346340
 264 1.56277180 -4.96606827E-02 -1.28005815 -0.768854678
 265 4.76911478E-02 0.603114486 -1.62041056 2.27689791
 266 0.712048352 -1.75388288 -0.323908716 -0.736266136
 267 -1.54819596 9.44092870E-03 0.727631152 1.67770648
 268 -0.180416927 0.558087230 -0.344258368 -1.16838801
 269 0.119590908 -0.852247477 -1.23881567 -1.11214471
 270 -0.839286685 0.692398190 -1.00525928 1.98315704
 271 -2.62564182 -0.531569660 -1.13456380 1.32414412
 272 -1.50052822 -0.209741846 1.46986687 2.17471242
 273 0.211928189 -0.646342695 -0.877025425 0.661412060
 274 0.697065294 -0.391332716 -0.572022915 -1.21835005
 275 0.976905942 0.432437629 0.178645968 0.889527559
 276 -0.997772634 -0.288275868 -1.41597772 -1.52864707
 277 1.76276183 -0.314927667 0.105876967 -1.18719935
 278 0.963582397 0.521268964 -8.07146132E-02 -0.688307762
 279 -0.300810784 0.584046543 -0.530609369 0.570520341
 280 -0.229891270 -1.00805962 0.210516274 0.445869803
 281 0.887949824 0.464222878 -4.64600548E-02 -0.877015114
 282 0.504647553 -1.10571992 -0.167545080 -0.739053488
 283 0.232109517 2.23075533 0.476041883 0.777614117
 284 0.150666043 -1.51744998 -0.912625432 0.792285502
 285 1.57547092 -0.252994716 -0.361204237 -1.62537956
 286 0.547156394 0.786930323 0.838792801 0.690321088
 287 -0.483306110 0.638933122 -1.92018795 1.06140089
 288 0.745885670 8.27344358E-02 -0.541770816 -0.742200375
 289 2.54807878 0.241202876 -0.485240579 0.302800179
 290 -0.500086844 -0.458012968 -0.722030818 0.711904764
 291 0.166262746 -1.03478301 -1.45599449 0.675487638
 292 -0.766124964 -2.37833905 1.59584761 -1.02784693
 293 -1.05517936 0.307974488 -1.07170248 -0.655649781
 294 0.998399258 -0.114015371 -0.577083707 -0.522996604
 295 -1.70883465 0.430578351 -2.11691451 2.41548562
 296 9.88214388E-02 0.918503642 2.26125836 0.492743880
 297 0.448671490 -1.38294351 -0.191559672 0.875490248
 298 -4.46280837E-03 -0.882861853 -0.618168771 0.635172427
 299 -1.21697688 -0.633752465 -0.296107113 0.583329141
 300 -2.43004262E-02 -0.396099627 -1.65462124 -0.740944088
 301 1.94183290 0.216782391 -0.126728609 0.112129599
 302 0.652116179 -0.992615283 0.803869426 -0.582942009
 303 0.464667976 -2.12783664E-02 -0.352432966 0.624555469
 304 -1.82919502 -0.278592050 0.448917240 0.538657188
 305 0.599718332 -1.96704376 -8.50981995E-02 0.706853032
 306 -0.961507678 0.425301641 3.51528600E-02 -0.701228917
 307 -1.93499386 0.779294074 0.541536987 -0.206631988
 308 -6.77208602E-03 0.904554605 0.951505601 0.519405901
 309 2.25338125 6.70783818E-02 0.706215084 -0.812257171
 310 8.86999145E-02 0.956810057 0.751701057 0.370591938
 311 -0.930032492 -0.877120733 -0.545098066 1.06512427
 312 1.17057359 8.37688372E-02 0.175319657 0.591553032
 313 0.189023256 0.555750608 -0.834497690 0.800441086
 314 -0.840051174 -1.69879472 9.84706581E-02 0.730399251
 315 -0.857421517 -1.11724162 -0.325512111 0.753381550
 316 1.71310782 0.748471677 -0.930269361 0.282494545
 317 -1.18632066 -1.42922616 -0.372355998 0.330065906
 318 2.16627169 0.496152490 2.16403008 0.499750555
 319 -0.754405022 -6.92460984E-02 1.52988839 0.345162153
 320 6.77552074E-03 -1.09514439 -0.207978532 0.827851295
 321 1.37318945 -0.211903140 0.666208029 -1.12272227
 322 -0.289998293 -1.98502254 -0.468237877 0.427741349
 323 0.740776658 2.10088491 3.23953927E-02 0.716918409
 324 -3.33914533E-02 -8.67809504E-02 -0.181370735 2.10345006
 325 1.10986781 -0.287911594 -1.82434177 0.821321785
 326 -0.724558830 -0.342920572 -0.194271490 0.557321548
 327 0.648093045 4.69621420E-02 -0.481075227 0.747260094
 328 -2.02927732 0.333602428 -0.532447755 0.401990741
 329 -0.706911683 -0.178077340 -0.513795078 0.294040740
 330 1.66349858E-02 0.859771848 -1.57255721 2.27744412
 331 -0.303874195 0.740602195 -0.773369908 0.358879626
 332 0.243446738 -0.140386879 -2.23170853 0.391155928
 333 -2.15305388E-02 2.52716470 0.941687524 -1.24533820
 334 1.46426582 -0.619113207 -0.636168301 0.977442861
 335 0.126588196 -8.13369751E-02 -0.280036926 0.764906049
 336 -0.555090189 9.27187204E-02 -0.676716328 -0.712686181
 337 0.615698338 0.337487191 9.87063497E-02 0.744173884
 338 0.343260318 1.51212966 -0.998040080 2.02350831
 339 0.762110293 0.129635036 -0.867071092 -0.362743199
 340 0.365163863 2.47775626 0.514406681 2.28971910
 341 1.13125682 0.254859060 -3.86030674E-02 0.370697886
 342 -1.02714729 -2.45490885 0.648266256 -0.844680429
 343 -0.219920665 0.395042568 -0.900812387 -0.505244851
 344 0.173531175 -0.528065085 0.398209631 0.380993545
 345 0.160086840 0.486379325 -0.966483355 0.989409685
 346 -0.738885045 1.11568809 -0.451052487 0.260971487
 347 0.506926119 2.10059166 1.48855960 -1.07808709
 348 -0.776911259 -1.01163363 -0.760623157 0.736587167
 349 -0.745285571 -0.970323265 0.167704388 -1.07108212
 350 2.05960226 0.838387191 0.935586810 -1.25318789
 351 -1.32738829 -0.161323443 -0.567022562 -0.570176423
 352 0.394338727 1.41914475 -0.648806453 -1.13375378
 353 -0.318686724 -0.148962677 -1.89557970E-02 -0.844004393
 354 1.43776610E-02 1.99575019 0.593816161 -1.73171842
 355 0.341163903 5.80076687E-02 -1.51810372 0.730043888
 356 -0.604325891 -0.617777765 0.544719219 -0.476080477
 357 1.81194878 -1.66145349 0.585958123 -0.156840265
 358 -0.663268387 0.766606331 -1.21109605 -0.858696282
 359 0.905243635 -1.41228962 -0.909947574 -0.709885597
 360 1.92717338 0.242978096 0.815989614 -0.614179671
 361 -0.613548994 2.40767217 1.65291774 0.447934806
 362 0.563839555 -1.09630537 -0.806056380 0.631054044
 363 -8.57928246E-02 -8.13101232E-02 -1.16760182 -0.915114641
 364 6.59667328E-02 -0.204840258 -1.00704491 -1.06554532
 365 1.21794808 1.17523742 0.144829392 -0.797197819
 366 1.35198772 7.13007376E-02 -1.42365050 -1.04247034
 367 5.36378250E-02 0.994247794 1.40335965 0.128738165
 368 -0.633088231 1.79277980 1.99726629 -1.83053863
 369 -1.87613511 0.495125234 -0.245255977 0.374013811
 370 -0.666091800 -1.89609349 0.113115698 0.516242743
 371 -0.129615277 -0.463652551 0.648312211 0.395258486
 372 -0.264336228 -0.761666477 -0.530072868 -0.742075980
 373 -0.505776227 -1.61300170 -1.00693655 0.711804211
 374 2.30639505 -0.154396012 0.220005006 -1.30158675
 375 -0.337877870 -9.90983546E-02 -0.829054356 -0.771410823
 376 1.62615943 -9.20399278E-02 1.10612130 0.186086923
 377 -0.923176765 1.15264332 0.580768585 0.824286819
 378 -0.105152428 -0.151629373 -0.257220000 0.586188197
 379 -0.295974404 0.101823986 2.10518622 0.553652644
 380 -0.903533816 -1.91292465 -0.654735625 -0.894444406
 381 1.44684350 -0.170346200 -8.57795626E-02 -0.793207884
 382 -8.37715045E-02 1.36498356 0.469439209 -0.581384301
 383 1.94827020E-02 1.13537455 -7.69366622E-02 1.87544560
 384 -1.85778308 0.347553551 0.854130745 0.530957520
 385 -0.869770885 -1.63858020 -0.662621617 -0.741357088
 386 -0.510367155 0.728183031 -1.00733471 -1.03656650
 387 0.878230572 1.32398033 0.825059891 0.276183546
 388 -0.601552188 -1.87721014 -0.271816611 -0.142680705
 389 -1.40019512 1.55145097 2.18884182 0.329036832
 390 0.418098569 -0.187714711 -0.124241874 -0.639944136
 391 -0.336708218 1.19873631 1.34755206 0.439133376
 392 1.22015071 2.72644329 1.80345559 -1.68708873
 393 -1.46185398 0.489397347 -1.04969954 0.289355487
 394 1.01621640 0.727924585 -0.179524377 -1.51853180
 395 -1.05268669 -0.200600371 -0.934052587 -0.761079311
 396 -0.733989000 0.574336052 1.83304989 -0.672517061
 397 0.243903741 2.09223127 0.817882359 -0.643443465
 398 0.210236534 0.217197448 1.11099339 -0.837346196
 399 -0.497737676 1.23034370 0.967707515 -0.656885564
 400 1.53088105 0.835270643 -0.499478906 -1.50678790
 401 2.01885176 7.70348236E-02 -0.771446347 -0.924048364
 402 -1.10689676 -0.174932539 -1.52096915 -1.46916711
 403 -0.429811031 0.613747001 0.789496541 -0.934588552
 404 -1.54477036 -3.33148837E-02 0.751196802 -1.03128338
 405 -1.55768120 -5.60886040E-03 -0.696681976 0.791682839
 406 3.04165930E-02 -0.222106874 -0.674539804 -0.804476440
 407 1.39263022 0.398705959 -2.51960135 -1.15577281
 408 -0.262248099 1.35706782 -0.291686594 -1.17877781
 409 2.12867165 1.53635311 -0.796127260 -0.407933146
 410 0.461194158 -0.976980925 -0.797125876 0.447687507
 411 -0.886838198 0.528734922 1.56131685E-02 -0.686171532
 412 0.297417581 0.486918211 0.967857003 -0.304028064
 413 8.93401057E-02 -0.629987419 0.640038133 0.690597475
 414 -0.564942181 -0.722689569 0.211260259 -0.870290399
 415 -0.277075768 0.151442006 0.639218926 0.904898882
 416 -0.529366016 -1.70281255 -0.906047881 -1.18235540
 417 -0.505090237 -1.10654175 -0.667627573 -0.970853865
 418 0.356875271 -0.158239245 -0.616113722 1.01486468
 419 2.48848248 -0.351518571 1.17140722 -0.999437690
 420 -0.710768580 0.252448916 -1.59226191 -0.569129288
 421 -0.920496941 -0.627736926 -4.06241417E-02 -1.25765312
 422 -0.719192624 -1.17683899 0.698006153 -1.43010223
 423 -0.163176179 0.498608261 -0.753994405 -1.12134874
 424 -0.845012605 1.76666260 1.51336575 -0.410014272
 425 -0.955734015 -0.428702682 0.777454495 -0.654399991
 426 -1.05900764 0.266370237 0.223312601 0.611135364
 427 -0.297884762 0.310069621 0.986137807 0.405049443
 428 -0.231865883 -0.610792816 0.551812470 -1.04323208
 429 -1.02351892 4.52341847E-02 -1.38626182 0.464526653
 430 -0.307675421 -0.165152028 1.68536758 -0.975784898
 431 2.55030394 -0.368272632 -0.921099424 -0.855418980
 432 -1.27008402 0.141060531 -1.05992627 -0.893446326
 433 -4.55817580E-02 -0.519999027 -0.238641426 -1.06059897
 434 0.583095312 1.54079318 0.914091289 -0.896489739
 435 0.483714402 2.05438757 1.27952445 0.143477231
 436 0.518349111 0.441327751 1.01324463 0.450619817
 437 -1.07154775 -1.84170580 -0.701658309 -0.971674621
 438 1.43536329 -0.434271574 -0.734742880 -1.84505248
 439 5.61408699E-02 0.338266850 -0.625440955 -1.06742156
 440 1.21594906 0.316444486 0.920748532 -0.817273200
 441 0.273225337 -1.72212350 -1.03544319 0.919252753
 442 0.668688238 -0.308354050 -0.799364328 0.403329432
 443 1.99117160 -0.762492657 -1.29690063 -0.786036789
 444 -0.574444473 1.39983189 1.33340383 0.416556299
 445 1.61205184 -0.870484889 -1.53128624 1.87021112
 446 0.450447768 0.732244730 0.320831984 -0.725122571
 447 0.408944905 -1.78202403 -0.313398361 -1.76003623
 448 -0.575645566 -0.462825835 0.468968689 0.193343982
 449 -0.387390435 -1.87678766 -0.513887882 2.37592411
 450 0.929171324 0.712850749 -0.456659645 0.441498339
 451 0.403173864 6.44825548E-02 0.863496304 -0.444759637
 452 -0.419416904 -0.969098330 -1.01036358 -1.43471777
 453 -1.43180299 -1.46240771 -1.07506514 0.758340955
 454 0.566881835 0.139558107 0.154415220 0.679424703
 455 -0.416617393 -0.163274214 -1.14939368 0.487236500
 456 1.26682007 1.03890634 -1.92049229 -0.578956962
 457 -0.564875782 1.00330162 -0.849154294 -0.676292598
 458 -4.18741256E-02 0.600340724 -0.470549434 -0.572400630
 459 1.97252488 1.65037358 0.362966657 -5.90260290E-02
 460 0.130140439 -0.596620619 -0.520908237 -0.887324929
 461 -0.745138288 -0.211293191 -0.999668002 -0.834704101
 462 0.785004556 0.538335919 0.743544221 -1.15762186
 463 -1.19065130 0.371666104 0.231432319 0.722807288
 464 8.32481012E-02 -0.391160965 -0.597963691 -0.895483732
 465 1.45364535 1.16598010 -0.162494764 0.688927948
 466 0.333253145 -0.198142439 -0.225919098 -1.28059268
 467 -0.699163496 -0.352307856 -0.993365407 0.117704883
 468 0.895419598 -1.01788878 0.265018165 -0.171325326
 469 2.11872339 -1.59115899 -1.04809189 -1.17923760
 470 3.91390324E-02 1.16021276 5.12866378E-02 -1.11198127E-02
 471 1.25622964 2.13394761 2.41665745 -1.50036979
 472 -1.71177471 1.69761729 0.653263450 8.49037170E-02
 473 -6.50267899E-02 -0.927807927 -0.659875512 0.597397745
 474 1.94717026 -1.57045484 -0.392171949 -0.737207234
 475 0.693918824 -1.37309301 -1.69342709 -0.981603682
 476 -1.09598148 -5.51614612E-02 0.722363651 2.59708261
 477 2.39272404 0.550109625 -0.558064938 -0.979176819
 478 -1.35796344 0.494927526 -0.327291757 -0.743309021
 479 2.33920440E-02 -0.437854558 0.909474611 -0.732029319
 480 8.60795826E-02 -0.309293121 -1.15622365 0.672645152
 481 0.882739425 -0.201643452 1.28965175 -0.635987818
 482 -0.859432518 -1.91294467 2.09292626 0.408921748
 483 -0.744659901 0.931746900 1.55668807 0.483790457
 484 0.173942342 -0.386345923 1.79169023 7.26379156E-02
 485 -1.41794610 -1.26443946 2.09737206 -0.620762706
 486 -0.538005114 0.394504696 1.49068356 0.158312500
 487 -1.19270492 -1.59304452 0.467089921 2.05285907
 488 -1.80479753 1.24310541 0.151103482 1.60098672
 489 -1.57762074 -0.587830365 -7.89245740E-02 0.224088162
 490 8.90006125E-02 2.06661177 0.963732064 -0.692156613
 491 -0.177515566 0.219618946 -0.987762690 -1.23047090
 492 1.52068639 -0.919270396 2.32451057 0.591276526
 493 0.846413493 0.693783164 0.202679753 0.487624049
 494 0.217826352 -1.26351464 0.834826946 0.614917994
 495 4.02261727E-02 0.102091759 0.200668544 0.776117384
 496 -0.134512216 0.430780470 0.153670385 0.936491251
 497 0.616022348 -0.223901659 0.165503472 -0.813757420
 498 -1.04694057 -0.281507909 0.861042619 0.561204851
 499 -0.716024876 -1.64483881 -0.523627400 -0.751116991
 500 0.919791520 -0.662120819 1.19726515 -1.02204716
 501 5.97451478E-02 0.592258453 1.71901929 -0.679234147
 502 -1.86744225 0.421969771 1.28164709 0.296845645
 503 -0.134784013 -1.10195160 1.80708110 0.662445903
 504 0.900668859 -0.894226670 0.500065565 0.697113991
 505 1.18182087 1.39111257 0.976946950 -0.605239630
 506 -0.803591251 -1.00510740 1.18457353 1.91321254
 507 -0.774500966 -0.637118697 1.16843867 0.793514252
 508 -1.32669747 0.329291433 -0.741955280 -1.13539946
 509 0.240042567 0.130698308 -0.540322781 -0.807618856
 510 -0.615525186 0.328872263 8.88879895E-02 -0.700834394
 511 -2.06245899 1.94893515 0.799799681 0.152189136
 512 0.517765164 -1.32164073 -0.662721634 0.771563530
 513 1.89589441 0.408339918 -0.976545691 -0.991775930
 514 -1.96172082 -0.160069719 -1.75404787 0.538294315
 515 -7.26722479E-02 -0.192254737 1.49180770 2.24694967
 516 -1.15894330 0.280004174 1.29479170 -0.703649640
 517 2.70245337 1.42132020 -0.471693784 0.726770461
 518 1.78118229 -0.866287708 0.334516674 -0.899803281
 519 1.33915782 -1.21041346 -1.17100406 -0.901556671
 520 -0.168471858 0.453475893 0.900130749 -0.865097284
 521 2.76615143 -1.13266301 -1.25410318 0.604952216
 522 1.30644989 0.942772090 -0.163355947 -1.19319117
 523 -0.261368960 0.784983099 -0.461271554 0.453800023
 524 0.340138257 0.902051926 0.367474169 -1.21871996
 525 3.00298357 0.142841563 -0.948713303 0.689566135
 526 -0.885638058 -0.547103286 1.15948868 1.19313359
 527 -0.914432108 1.30030203 -1.07020140E-03 -0.754242361
 528 1.19243157 -2.78528035E-03 -0.686406255 -1.18291759
 529 -1.20528781 -0.201143593 0.707143426 0.571991622
 530 -7.29538500E-02 2.54704762 -0.826480508 0.806739867
 531 1.08132458 1.47780156 0.607810497 0.468500495
 532 -0.394864291 -0.569053531 0.399709344 -0.788220584
 533 -0.912516534 -1.11130166 0.406136811 1.04458106
 534 -1.53016365 -0.604122400 1.89945936 0.449047089
 535 2.52803636 0.667538404 -0.865912557 -0.293027729
 536 -2.09724474 -1.24707460 -0.311656117 0.980695248
 537 -1.05464160E-02 -0.266455233 -1.19316447 1.07244921
 538 0.799099207 -0.296580702 0.295063496 -1.13270032
 539 -1.38889098 -1.30660725 -8.89836252E-02 -1.20572996
 540 -0.519762218 -9.55186784E-04 1.13007557 0.384051085
 541 1.19821358 1.85751534 1.66404879 -1.30604279
 542 7.17270821E-02 1.88857019 0.171465650 0.587315738
 543 -0.339736760 0.994096577 -0.773465812 -0.716461241
 544 -0.195281878 0.423333079 0.355485588 -1.43048716
 545 -3.19247395E-02 0.923469543 0.399509668 0.422984302
 546 -0.421230197 -0.671912253 0.555081427 0.194036841
 547 -0.746522903 -0.784942508 -0.398084551 0.560002327
 548 0.189380795 -0.235220701 2.04478669 0.364107490
 549 0.557016194 -0.826011240 0.560943961 -1.09547043
 550 0.285609782 -1.18972802 -0.864961147 0.804866135
 551 -2.10975361 -0.146693766 2.36593199 0.668192863
 552 0.652713895 0.951500475 -1.15984643 1.05287123
 553 0.599435806 3.35347205E-02 -0.242023200 -1.42449319
 554 0.450483441 0.920563459 0.693309546 0.393885761
 555 1.36724734 2.13050437 1.13117349 1.02574253
 556 -0.355137825 -0.518026173 0.890780926 0.936600566
 557 2.46278715 1.77553701 7.42294788E-02 0.600372076
 558 -1.05849671 -1.77156270 -0.245062500 -1.20109987
 559 -1.28492391 -0.255222529 -0.193187535 0.587772727
 560 -0.978101254 0.571451545 -0.851810515 -1.72398889
 561 2.07400489 0.799667120 -0.627317250 1.03934681
 562 -0.884949148 -0.215554953 0.316740692 2.14045072
 563 -8.56323540E-02 8.05687159E-02 1.01598060 -0.635946512
 564 -1.08356762 0.417255223 1.42573702 -1.14149880
 565 0.146256417 0.663851142 0.700707972 0.712981701
 566 -0.226094633 -1.56801510 -2.25294900 -0.818299294
 567 -1.64024079 3.35739553E-02 -0.890336215 2.28866720
 568 1.08265734 0.717741132 7.85402954E-03 -0.753750801
 569 -0.169554651 -5.08509576E-02 1.70848334 0.244595513
 570 1.23357272 -7.74697959E-03 0.800505400 2.09537101
 571 -0.663136244 2.25836182 0.907156587 0.461745083
 572 1.24445570 0.508433640 1.04586399 -1.18924224
 573 1.77230465 0.806314111 0.162883639 -1.74015427
 574 0.111119434 1.65198791 -1.08420479 0.836079419
 575 -0.258411795 2.51346044E-02 2.24072599 -0.228803158
 576 0.638313293 -0.122079439 0.844156623 0.784348011
 577 0.768413901 -1.92656875 9.04086530E-02 0.266427785
 578 -0.458022773 -0.974874139 0.252129555 0.870830595
 579 -0.730656385 0.561209559 -0.430143297 1.06329250
 580 1.31644881 -0.587414145 -1.53279948 0.659042060
 581 -0.972408354 -0.322405577 -0.647404552 -1.11642921
 582 -0.967279017 -0.266633272 1.60349774 0.811795354
 583 -0.846062422 1.30892968 0.985153675 0.927540541
 584 0.585115790 2.12352419 0.945705652 -1.14532781
 585 1.18481135 -0.606316805 0.459521472 -0.841937184
 586 -0.610786438 1.75455296 0.499440432 2.35044909
 587 1.08109736 1.63583934 0.481460989 -1.13468599
 588 -0.100430064 -0.221552074 -0.162745357 1.01285946
 589 -0.383938581 -5.53587005E-02 0.763291121 0.212109864
 590 -0.290466189 0.944896698 1.48853493 2.00426960
 591 0.448294699 0.414782763 -0.862975597 0.309722543
 592 -1.49186003 -1.09597087 -0.563213766 -0.217234239
 593 1.53482759 1.44629240 -0.722369194 2.28761125
 594 -0.577922463 -1.82670689 0.342427731 0.314664900
 595 1.04753077 -1.07379043 -1.07693946 -0.367902040
 596 1.30735040 0.594365180 0.303261459 -0.476585627
 597 1.66723466 -0.355793417 1.92400956 -0.394735456
 598 1.44178069 -0.106910557 1.01744413 0.982290506
 599 0.169036433 0.723111212 0.153967291 -0.799248159
 600 1.08682728 -0.530874491 -0.943038225 0.583583415
 601 -0.192542657 0.531545579 0.378023028 0.558447182
 602 0.317642868 8.95025432E-02 -6.48919195E-02 0.496617228
 603 0.284030110 -1.72691989 1.87582779 0.752606869
 604 -0.808077514 1.50049996 0.734049022 -0.745373964
 605 7.05464780E-02 0.363928676 2.05594182 -0.474333167
 606 -1.63695431 -0.912958801 1.17798626 -1.27730358
 607 -0.356177360 -0.370320469 -0.758318603 2.55479360
 608 5.59663326E-02 0.936687708 0.814818680 0.706275225
 609 0.600665092 1.58738637 -9.84646752E-02 0.814609170
 610 1.11571097 1.48953664 -6.50156289E-02 0.291693062
 611 2.11138606 -0.908767819 -2.31595993 1.02243030
 612 -1.45881820 -1.03793192 4.04928923E-02 0.444186002
 613 0.571435034 0.520436823 2.31409621 -0.273476809
 614 -0.285008043 1.49725866 -1.59739459 2.12870884
 615 0.248620316 -1.00903749 -0.657320619 -1.16555774
 616 -0.410853714 -0.456482470 0.561856627 -1.22117543
 617 0.191316202 1.39786220 -0.113677651 -1.23184061
 618 0.234541759 -0.657683074 -0.299666315 -0.647676289
 619 -0.521522820 -1.06804109 -0.452190012 -1.00822818
 620 0.624806583 0.401220679 -0.366489351 0.589160800
 621 0.261707127 0.507420421 -0.322664887 0.605544209
 622 -9.91961360E-02 -6.69220313E-02 -0.284095109 -1.05167794
 623 -0.603893280 0.359407634 0.456731528 0.491478086
 624 -0.957022429 1.15545690 1.16209924 0.321138024
 625 -0.574895620 0.628296733 1.52506816 2.18435645
 626 1.07762361 -2.67785974E-02 -1.60999608 0.229745448
 627 -0.384421319 0.936162353 0.376556516 0.585777402
 628 -0.254258335 -0.400161505 0.693005502 1.73641348
 629 0.940758228 1.29059160 9.40142423E-02 -1.44288754
 630 -0.421495289 -1.29172349 -0.180130064 -1.08963037
 631 -0.642839372 0.227130800 -0.827449560 -0.657892227
 632 -0.290201724 -1.30213523 0.858282268 0.979375482
 633 -1.11929953 -0.699928522 1.17397487 -0.389431179
 634 -0.595108390 1.90685105 2.69531918 -0.320046365
 635 0.198447227 -0.614282489 0.943935156 1.18326139
 636 1.16285324 1.45496631 0.370536953 -1.15635788
 637 -0.109049261 -0.751610458 -1.65895021 -0.733768344
 638 -1.48883224 -8.91884789E-02 0.238174200 0.542683899
 639 0.179455549 -1.68344808 -0.212606937 -1.28756642
 640 0.987643361 -0.333547264 -1.26400006 -0.484206527
 641 0.979810297 0.377401680 -0.746468484 -1.45435131
 642 2.13351941 0.848551989 -0.297404915 -1.58105910
 643 0.106175527 -0.705377221 -0.597503960 -0.750143409
 644 -1.02498710 -0.739474177 -0.149427727 0.774261355
 645 0.305442274 -1.20920420 -0.535286903 0.679507375
 646 -1.58167005 -2.40121603 -0.138887137 -0.842480421
 647 0.267930984 -0.193804622 0.664228976 -0.499058783
 648 -0.371037364 -1.40630865 -0.252881944 -0.885289311
 649 0.944685996 -1.31713879 -1.35609341 0.241271123
 650 -0.418218642 -1.31533134 0.434047431 0.481535614
 651 -1.13975501 1.82599616 -0.214404464 0.569686234
 652 0.179682344 8.24213922E-02 0.230640709 -0.657528281
 653 0.981023610 -1.05964077 0.394618005 -1.31787813
 654 -0.803012371 9.72832143E-02 1.84830689 0.498155922
 655 8.27940255E-02 0.928749323 -0.222139433 -4.73070405E-02
 656 5.39612174E-02 -5.55165410E-02 0.131583750 -1.26847219
 657 0.325426698 0.729037285 -5.77985644E-02 0.875955224
 658 1.13573396 -0.624330044 -1.48617613 -0.805393040
 659 0.806164861 -0.133431017 0.764480114 0.277010739
 660 -1.57075599E-02 -0.861146927 1.02159643 -1.00866556
 661 0.975195765 -0.325426936 -1.67563820 -1.08770680
 662 0.776405513 -0.922220051 0.110474706 0.527395725
 663 8.56003985E-02 -1.84870112 0.997993171 -0.608706534
 664 0.973385453 1.21306872 1.68081808 -0.818452239
 665 -0.134607658 7.93843865E-02 1.39568353 -0.538004696
 666 8.61111283E-03 -1.54975069 -2.73507261 0.663258195
 667 0.307181060 -0.443601310 1.73700821 2.18237758
 668 1.21790326 -1.33462024 -0.756339014 -1.30096555
 669 7.19287246E-03 -3.27986777E-02 2.24384964E-02 0.822149754
 670 0.533558667 1.30783749 -1.24449253 0.832108259
 671 -1.03608024 1.01591361 -0.231908843 -0.328980982
 672 -0.178219616 0.621929944 -0.782904565 0.307463735
 673 0.749773204 0.830330193 -1.35389793 0.604505062
 674 -0.891633034 1.31162453 0.615044355 -0.647511125
 675 -0.208207935 0.271495402 0.566060662 -1.44472015
 676 -0.399719775 -0.509346366 0.418135405 -1.08111751
 677 -1.17566180 0.357990682 1.39061368 2.25162005
 678 0.616247058 -0.308015168 0.859006941 0.798917294
 679 -0.176068678 -0.451068759 1.17079544 0.660254657
 680 1.42356384 0.637429655 0.198418915 -1.01656497
 681 0.863876700 -0.269568831 -0.129182354 -0.880318463
 682 -0.513059556 1.35877109 6.40264452E-02 0.559957385
 683 1.24838090 -1.74785006 -0.126098916 -0.970217884
 684 1.60260725 -1.70308530 0.893672884 0.665521920
 685 -1.49870896 -0.924065173 0.144609660 0.575284898
 686 0.995421767 -9.35507640E-02 -0.974763572 2.21958470
 687 0.728230178 0.832421422 0.184293881 -1.38798130
 688 0.798745096 -6.87439293E-02 -0.301037133 -1.22359526
 689 -0.502195120 0.626203716 -1.80876911 -0.948505998
 690 -0.899683893 0.298938364 0.653868794 -1.11528993
 691 -0.768698454 -0.378746808 0.922115505 -0.958277106
 692 -0.323606610 -0.150670439 -0.397493720 -0.804633558
 693 0.279887676 -0.786463857 -5.75508177E-02 -1.28470719
 694 0.811506689 1.67774916 3.25124413E-02 1.01938856
 695 -0.166260481 -0.251325667 1.46897590 -1.29758704
 696 -0.280115634 -1.07494366 -1.53245342 0.738078535
 697 0.688854754 -7.71247149E-02 -1.85840726E-02 0.752245545
 698 -0.776652336 -0.509764791 2.18625021 1.40011406
 699 0.542277217 1.01316059 4.76928353E-02 0.664409220
 700 -1.17477882 1.03670955 1.31839848 -0.751589775
 701 1.28057098 0.622681081 -0.218576223 0.598609686
 702 9.95489433E-02 -1.14495957 -1.30094910 0.289839417
 703 -1.06672919 -0.162365824 1.11778688 1.22731102
 704 -0.515251875 0.496238589 0.593659997 -0.738334000
 705 -0.645790040 -1.63237751 -1.36104226E-03 0.723496258
 706 0.278814077 -0.490217268 -3.80272269E-02 -0.689459682
 707 0.281584710 0.228694305 -1.33926737 -0.833340824
 708 0.287304819 -1.48355961E-02 0.368815124 -1.56135070
 709 1.08759916 0.246869907 -0.768075347 -0.962449431
 710 -0.873423100 1.72011924 -1.03671908 0.843094647
 711 0.639233470 0.550828636 -0.244613305 -0.210182413
 712 -0.296799213 0.100819111 0.513639212 0.425983191
 713 0.679423809 0.991686583 0.616671801 -0.190462962
 714 -0.640131950 0.502591193 0.882109284 -1.10444486
 715 -2.50265598E-02 -0.964981556 -0.982425690 0.512176454
 716 1.06955385 -0.927731991 -1.25417221 0.231358528
 717 0.160018504 0.211208075 -0.201767743 -0.432348907
 718 1.60022688 0.466112763 0.445725709 -0.789338887
 719 1.89317453 0.269517034 -0.266061783 -1.44410992
 720 1.06440628 -1.17432165 0.520127118 -1.31542230
 721 -0.890716553 0.472282887 -1.15972543 -1.19823992
 722 -0.812459469 -0.488160461 0.928891182 -0.837524056
 723 0.532273412 1.40701497 0.277784467 -1.22225380
 724 0.344185621 0.309374452 -0.167919159 2.10627031
 725 7.80337006E-02 -1.04567397 0.335496873 -0.520228207
 726 0.847396493 0.375110984 -0.713581085 -0.676718473
 727 0.133531809 0.154028699 -1.22870171 -0.957326353
 728 0.654796362 -1.52949846 -1.72215819 0.693571806
 729 1.40864396 -0.542012751 -1.46141827 -0.961381316
 730 1.61609471 0.460660368 0.687140048 -1.15627420
 731 1.50007141 2.01454902 0.594230592 0.588741958
 732 0.596083045 0.108592510 4.65588570E-02 0.526223183
 733 0.241947204 -0.415655255 -0.433181345 -0.609173059
 734 2.04922390 2.91796476E-02 -3.01402062E-02 -0.770021439
 735 0.136034712 0.319360822 -0.812785149 1.19960737
 736 0.542917848 -0.830024362 0.151291311 0.970295787
 737 0.295580745 -1.47388971 -0.712502420 -0.623840690
 738 0.623676062 0.635793447 -0.308988512 0.982908487
 739 0.417960763 1.21655738 2.39961386 1.06999326
 740 0.975308418 -1.26995221E-02 1.78441036 0.119440183
 741 1.70663178 -0.580273032 -0.121316254 0.624212325
 742 -1.65629536E-02 -0.551217735 0.655275524 -0.736953616
 743 -1.75010061 1.36352432 0.322977901 -0.405599922
 744 -1.23289275 2.13828754 1.82685328 0.854436815
 745 1.41726673 0.364279002 2.28821778 -0.348603070
 746 -0.470669568 0.421255261 0.734233677 0.444995314
 747 0.374766767 0.774190784 -1.30285740 -1.22940981
 748 6.70467317E-02 1.53995407 0.340318441 -1.29347622
 749 1.63955402 0.345551252 1.43623114 -1.45531046
 750 -1.39204502 0.743975639 2.11362648 -0.139568821
 751 -1.93767667 0.661896169 0.326849818 1.70528817
 752 -1.97056437 0.282628149 1.36846638 0.327139169
 753 0.562258303 -2.89170146E-02 5.23394942E-02 -0.588562906
 754 -2.59086415E-02 -1.14309895 -1.02654457 2.05598760
 755 1.86592042 -2.32736659 -1.64193010 2.17900109
 756 5.83601296E-02 -0.650515854 0.216711938 -0.895625234
 757 0.684779048 2.12598085 0.276717573 -0.924365044
 758 0.205689758 -0.415114850 -0.802071095 -1.69605291
 759 -1.62326276 -0.117659725 -1.93704879 0.563406944
 760 1.08154976 0.983493388 -1.39429843 0.345934451
 761 -1.05075538 -0.782209039 2.05882049 -0.217666283
 762 -0.418177694 1.43138158 2.06052732 0.225942612
 763 1.12056315 -0.766837716 -1.78564060 0.513863921
 764 -0.843853354 0.192265779 1.91418135 -8.08437616E-02
 765 -0.651981831 -0.332658410 1.61105621 -4.35950160E-02
 766 1.84203589 0.156157970 0.505843282 -1.22706211
 767 -0.309979707 0.147410572 -0.457015395 2.30173707
 768 1.06050050 -1.38653994 0.664447725 0.245174468
 769 0.296743363 -0.474299729 -1.64381635 0.878431618
 770 -1.11999238 -0.281151175 -0.942793727 0.634014964
 771 1.34951472 -0.259559691 1.94347095 1.04728413
 772 1.76241446 0.310931921 -0.422013879 0.568362951
 773 -0.241160169 -1.01784587 2.36026573 0.933698356
 774 -0.500470340 -1.41903973 -0.491729975 0.708986521
 775 0.523476541 -0.528679430 -0.323503673 0.412890792
 776 0.289327562 -0.490199775 -0.489172786 0.688595116
 777 -1.96495783 -1.05633175 1.61337054 0.606397390
 778 -0.203186288 -1.72059405 0.271324158 0.745784581
 779 -0.153711408 -1.32573020 1.75561237 0.742354751
 780 1.58522153 -0.513267338 -1.03570831 -1.39281726
 781 0.191332296 0.117000356 -1.29713058 0.334208518
 782 -0.766433001 -0.607982218 -0.246673837 0.213575974
 783 0.495169848 1.54536653 -1.16681516 0.175943434
 784 -0.774471760 -0.812306941 -1.16547060 -0.881111324
 785 -1.36804485 -1.19529295 1.57558060 -0.305713475
 786 0.758844018 1.10877860 -4.45685089E-02 0.313272208
 787 0.434648693 -0.986026287 2.82818452E-03 1.25133049
 788 -0.703883410 -1.26268578 8.69289488E-02 0.658531368
 789 -2.03534317 0.805807889 1.45643425 0.875533462
 790 -0.482499897 6.74618920E-03 0.824235857 1.01840591
 791 -0.196650147 -0.123385042 1.62963247 0.602815151
 792 -0.482994050 -0.433838397 -0.482140034 1.22031765E-02
 793 1.30547071 -0.424311817 1.46982038 -1.23646784
 794 -2.28876877 -0.380484223 -0.254993558 0.767521262
 795 -0.995826185 0.318471968 1.27974236 0.873360574
 796 4.40797508E-02 1.04769385 1.40582192 0.890469551
 797 0.303176999 -1.72803617 0.410841107 -0.693275869
 798 -0.551348925 1.00235987 0.633501410 -0.570416629
 799 0.250961602 -1.59942031 0.526945114 -0.756810427
 800 -1.36504769 -0.996259451 0.520560265 0.161915570
 801 0.289787889 0.171810448 0.730320811 -0.169323966
 802 -0.968056977 1.00794947 1.28031850 -0.291857392
 803 -0.750752628 -6.44491166E-02 1.66912436 0.442142248
 804 1.60973704 0.550011694 -1.66451645 -1.78445852
 805 -0.238333538 0.914439559 0.252110600 2.23289204
 806 0.463163048 -0.149075538 0.787906766 -0.898911715
 807 4.94384766E-02 -1.82687891 -1.06790543 0.261120290
 808 1.43389797 0.741506040 1.10416234 -0.651705623
 809 1.30849552 -0.391841292 0.591745615 -1.29634964
 810 0.418502033 -1.97637439 0.239558756 1.25534403
 811 -1.88268828 0.890181839 1.13433969 0.406190157
 812 -0.929201484 -0.311853349 -0.703182459 -5.37444651E-02
 813 1.22155881 -1.14205015 -1.22097921 -0.781500757
 814 1.73898292 -0.756567359 -1.47498059 -0.554141402
 815 -1.29324245 -0.573888183 1.26260316 -0.586328804
 816 0.602607310 0.631866932 -0.956301689 1.09363365
 817 1.73320889 -0.425284594 -0.139489338 -0.850311995
 818 -0.714057267 -0.364475846 -0.733947337 -1.13905370
 819 1.15388083 7.40567744E-02 -1.05258644 -0.663282216
 820 0.223848864 1.03643751 1.62979734 0.701913357
 821 0.317649633 0.744610190 0.221747071 0.950187683
 822 0.876958549 0.993721962 0.755106449 0.191425160
 823 0.635189116 -0.694781184 0.213961542 -0.894758523
 824 -0.766231298 0.258872837 5.28505892E-02 -1.26093090
 825 0.635647476 0.159656286 6.71717152E-02 -1.41876769
 826 -8.07936192E-02 -0.737395823 1.05115080 0.941869259
 827 -0.580774784 -0.235800833 1.34016693 -1.21022558
 828 1.39360130 -0.395959139 -1.05632603 0.769142091
 829 -0.788170636 -1.08893204 -0.778115213 0.315964758
 830 0.328886330 -0.919188142 -1.04598761 0.936811566
 831 1.01153088 -0.804703653 1.24464345 -0.577916980
 832 -7.14580417E-02 -8.31836015E-02 3.29288393E-02 -0.739408255
 833 -0.660164535 -1.36028433 0.683045387 1.85079408
 834 -0.134214163 -1.18161178 4.39960957E-02 -0.830950201
 835 -0.948186398 -0.844174325 -0.460402966 0.931140602
 836 -2.60463619 0.588570118 1.34809780 -1.00119746
 837 0.817105174 -2.09747958 -0.539878905 0.618237555
 838 -0.135621250 -1.76466012 -1.25943840 -0.802973390
 839 -7.32750595E-02 -0.413462698 0.687112629 0.752920091
 840 -1.02123284 -9.37799513E-02 0.542400897 0.238565177
 841 -6.84916973E-04 0.125254989 -1.16843963 1.04672122
 842 -1.25339687 1.27487290 2.35308146 -0.415419787
 843 0.467704624 -1.86948609 0.471824080 0.235464096
 844 -0.124153942 0.117749386 1.38623428 0.516320467
 845 0.757260203 -8.52896869E-02 1.12543929 0.785352349
 846 -0.706967235 0.888186693 0.329522461 -1.01646554
 847 1.41072273 1.75193238 1.80309069 4.47492301E-02
 848 -0.125490561 0.611532092 1.32396674 -1.16044962
 849 -1.47486115 -0.856684625 -0.956150711 -0.697441816
 850 0.233974665 0.590593338 1.58718944 1.89415145
 851 -0.235592574 -0.873070240 1.36585498 -1.18015158
 852 -0.173566982 0.535275936 2.97290039 0.258399338
 853 -0.572833121 0.810830712 1.04025173 1.89389718
 854 -1.54373407 1.04922974 0.887623370 0.946084201
 855 1.65238357 2.19345307 2.96527529 1.13827837
 856 -0.780914664 -1.59197354 1.61736989 -1.51647234
 857 -0.755112648 0.811298907 0.814871073 0.259882808
 858 0.121951550 0.131097913 0.749522567 0.682364583
 859 -0.523121357 1.35217047 -1.39548397 1.07337165
 860 -1.29722655E-02 1.03462660 -0.501332581 0.263111442
 861 1.16217351 0.864518166 -1.58263183 0.873934269
 862 1.57534033E-02 -8.85513872E-02 0.381702960 -0.984045863
 863 -0.230741113 1.19603944 -1.24907970 -0.972565830
 864 -9.11552683E-02 0.439274192 -1.69226193 0.192204773
 865 5.23754954E-03 1.13928258 1.07244122 0.508296192
 866 -1.34531093 -0.548671126 -0.311506540 -0.745832264
 867 0.626840591 -0.952179551 0.711808383 0.175052226
 868 -0.146340072 -3.02893758 -2.08235836 -0.889940977
 869 -1.18738198 -0.576757908 -1.77636611 0.442606121
 870 -0.996746838 -0.759439647 -0.942388654 1.77748275
 871 -1.22186911 8.01741183E-02 -1.01432574 0.465568304
 872 -0.387770832 1.20442700 -1.19411206 2.60112858
 873 0.210136116 1.59093797 0.653642297 -0.964336872
 874 1.77977467 -1.71917653 -2.28349280 0.345133394
 875 -0.792831302 -1.13405848 1.13717246 -0.901398301
 876 -0.696147501 -0.231304049 -0.520367861 0.690978408
 877 -1.82778728 0.578227520 -1.42956519 -0.752155721
 878 0.870393276 -1.55678248 -1.60911381 1.06668401
 879 -1.41938126 0.317801982 -0.315032631 -0.239208400
 880 -0.881726801 -1.25615251 -1.79322088 -0.610205531
 881 6.98532462E-02 1.42769170 -0.674906433 -0.564313769
 882 0.665487230 0.881060362 1.70400500 0.328389883
 883 0.853075743 1.17042446 1.75374413 -1.04934919
 884 0.612861872 -0.244269192 -1.45404544E-02 -0.734033823
 885 -0.639545441 -0.264354944 0.488336980 -1.31887782
 886 1.26652026 -8.53804797E-02 0.410358220 0.484502316
 887 -0.460262001 -0.186636105 1.15798497 -1.35415244
 888 1.70671129 7.42698610E-02 0.760885358 -0.552828908
 889 -0.672666073 0.544360161 7.62985051E-02 0.294720322
 890 -0.121870518 1.63133550 1.62507415 -1.15676785
 891 -1.28349829 1.78092611 -0.334087610 -0.785432220
 892 0.201361060 -1.59020507 -2.31680572E-02 0.688964784
 893 -0.520789266 -0.348033488 -0.183946922 -0.652112246
 894 -0.383760840 -0.793093860 -1.36500502 1.16676450
 895 2.41344476 -0.327658564 -0.816525757 1.70635939
 896 -0.907501698 2.50223899 0.688305199 -1.06068897
 897 1.35839605 0.701822877 -0.795126200 -0.957531512
 898 1.81473815 -1.43478012 -0.672043145 0.717429757
 899 -1.16840601 -1.23512089 -1.10623372 0.956883490
 900 0.515110493 0.465062439 -0.225412041 -0.453721434
 901 -0.446136713 -7.58690313E-02 -1.67419088 0.274283886
 902 1.42797732 0.212499976 -1.52565503 -0.919224501
 903 1.31169057 0.497711241 -1.22152245 -0.423395127
 904 0.865831852 -1.07577538 0.303344429 -0.787196517
 905 -0.576669335 -0.629310250 -1.85709345 -9.03970599E-02
 906 0.223677278 0.529147983 -1.08148289 0.696988821
 907 -1.67163253 -0.907768250 -2.51351404 0.492746711
 908 -1.56370926 -0.623052955 -0.142705038 5.37515134E-02
 909 8.62460136E-02 0.822175145 -0.714337051 -0.401551992
 910 8.80212784E-02 0.512412667 1.71028852 -0.898052454
 911 0.234651387 -0.584171236 -0.427440256 0.445339978
 912 0.182954311 -0.797335207 0.852355897 0.965559781
 913 1.06723142 0.223985255 -0.776387036 -0.760826528
 914 0.977403581 1.06965601 1.62454760 0.597912550
 915 0.860067070 0.603932440 1.95372033 -0.837732673
 916 0.331571400 0.115433916 0.378253162 0.275221139
 917 0.513359427 -0.789084911 0.529334664 0.742074072
 918 -1.02560604 -0.436647415 0.239813522 0.915623546
 919 1.94689274 -0.865517259 1.34504521 -1.24312115
 920 1.56008196 1.06600595 1.53545594 4.97336388E-02
 921 0.251056463 0.751289487 1.21303523 -1.46559405
 922 2.87016928E-02 -1.91968203 -0.571971059 0.989045739
 923 1.18182337 0.455999017 -0.672636092 0.474951893
 924 0.293617845 -0.449119955 1.15294385 -1.19869030
 925 -0.693847597 0.646831572 0.769902349 0.767019451
 926 0.800350130 -0.547665358 0.383614659 0.772214055
 927 -0.389124095 -0.329695582 -0.640624702 -1.09850800
 928 -0.383121908 -0.150006488 0.664483130 -0.829654217
 929 0.514191449 0.252719879 1.46954513 0.789693594
 930 -1.63547230 -0.107424363 -0.941464186 -0.801620483
 931 -0.727925181 -1.27365851 1.13241673 -0.637869298
 932 0.444751829 0.781246603 0.607446015 0.519536853
 933 -0.155702889 -1.85425580 1.06427705 -1.82871866
 934 0.337755859 -0.155957654 1.37437153 0.644087911
 935 -2.25732851 0.709104419 0.907358408 -1.31395006
 936 0.955781698 0.737058759 0.451822191 -1.08619809
 937 -0.486753047 -0.404048413 0.320738554 -0.227053925
 938 2.02402449 -0.709066570 -0.660305142 -1.14810693
 939 0.263337135 -0.572481394 3.59894484E-02 -0.917118013
 940 -0.507209480 0.992725909 -0.521665573 -0.700739861
 941 -0.201965243 1.20334756 0.542699397 -0.630256951
 942 0.277380407 0.716362953 -0.621782243 1.99631023
 943 0.387061656 -0.368936688 1.70728695 0.313921273
 944 0.695257425 1.51603007 -0.488060772 0.552711248
 945 0.796130002 -2.08102179 -1.07332730 -0.885077953
 946 0.961004078 8.82565677E-02 -0.948362708 -1.15966225
 947 -0.205954507 -0.237740681 0.280242652 -0.842544079
 948 -0.208561748 2.12670088 2.27042437 -0.609556556
 949 1.26068532 -1.18672204 -1.57808805 0.341246277
 950 -1.12714803 -1.41474688 -0.589100122 -0.618932724
 951 0.818331718 0.868810654 0.479499876 0.781794548
 952 -1.32729340 0.235512421 -0.236890137 -0.298860669
 953 -7.77210295E-02 -1.03122628 -2.45625782 2.22526717
 954 0.640183330 1.10876620 1.12100744 -1.67289209
 955 1.14595985 0.728715062 -0.726929188 -0.907411575
 956 1.41392863 -0.977330208 -1.19941878 0.757188439
 957 -1.50362802 0.142630339 0.167049944 0.704512000
 958 -0.609924197 -0.914005160 -1.25756645 0.257733345
 959 -1.41006148 -0.467248023 -0.932405710 -0.998574317
 960 0.423319876 -1.05603015 1.57844365 -1.07273483
 961 -8.55757296E-02 1.20521152 0.298850954 0.906840444
 962 -0.201801106 -0.355230927 -0.751078606 -0.516658247
 963 0.653965175 2.27734804 -0.308259070 -0.744770586
 964 2.51273966 -0.701238215 4.40530479E-02 -0.878902137
 965 -1.16650891 -8.18425864E-02 7.57867545E-02 2.24482012
 966 -0.124371685 -1.46784580 0.949564815 0.897953331
 967 -1.21813583 -2.70014071 0.979126334 -0.594397545
 968 -0.445327342 1.23104799 7.43389279E-02 0.732563972
 969 0.454248667 -1.31895483 -3.17458892 0.508434415
 970 0.140063673 -1.32915020 -0.484900683 -1.12465501
 971 -0.209692299 0.404319584 -0.995339215 1.39246821
 972 -6.27178699E-02 0.397492677 0.895245075 -0.318255693
 973 1.73756766 1.31514192 0.858069539 -1.56417322
 974 1.00541067 -0.434463561 0.232715547 -0.669677854
 975 -9.01107937E-02 1.15984571 -1.54609966 -1.05378771
 976 0.556037188 -0.678053379 0.702738464 0.752343655
 977 1.57424259 0.672734201 -0.736209512 0.422361284
 978 -0.456596702 -0.387026191 1.33718896 0.751563907
 979 -2.03288245 -7.67588615E-04 0.720123887 2.31206918
 980 1.89394498 3.67850494 -0.600088060 0.952788055
 981 -0.205764264 -0.931275845 -0.950189710 1.78288174
 982 -0.559825659 -0.333656430 -8.98130834E-02 -0.488092601
 983 -0.250661463 4.17168289E-02 -0.513952017 -1.08599353
 984 1.78580391 1.00774765 0.375427485 -0.731831312
 985 -1.02492237 -0.132364154 0.410941035 -0.348330528
 986 1.91072953 0.984538794 -0.728895843 1.35905194
 987 0.862527370 2.30383724E-02 -1.84078908 2.51835752
 988 -0.223093107 0.426591873 0.303801626 -0.862841487
 989 -0.722543657 0.427154392 -0.741417050 -1.09214532
 990 1.27250218 0.488570541 0.859168887 0.798412800
 991 -0.520138979 -1.00670552 -0.535817504 0.512872279
 992 0.153675616 -0.707374036 0.628108859 0.542445302
 993 1.23504639 -0.286966503 0.453080118 -1.11535871
 994 1.48397970 -0.350834310 -6.76739365E-02 0.810832202
 995 -0.565302670 -0.945482552 -1.04436541 2.46760869
 996 1.11951566 -1.66735041 -1.20846295 1.14608264
 997 -0.771004260 1.02297974 0.564721525 -0.521322608
 998 1.41673124 1.08385599 -0.599853218 0.132149771
 999 -0.984804988 1.08113205 1.71285045 0.206640542
 1000 0.493501157 -0.523292542 1.40821528 -0.896400094
 1001 -1.20568252 -1.77094173 -0.498600960 2.20481181
 1002 -0.981624484 0.893759668 -0.529302716 0.541045785
 1003 0.610587478 0.102761000 -0.742682993 0.896296680
 1004 0.413509935 -1.32932067 -0.624208212 -0.806643486
 1005 -0.456848711 -8.93227160E-02 -0.622789204 -1.37366915
 1006 1.04953599 -1.66532350 -0.310773522 1.88641751
 1007 0.544007778 0.357855976 0.538573980 0.922299862
 1008 0.461282969 0.397131979 1.00335753 0.735453010
 1009 -0.844918013 1.18348575 -1.05072951 -1.10015857
 1010 -0.523760021 0.643555582 0.568855762 0.881823957
 1011 0.658887029 -2.17532969 -0.851025403 -0.781978130
 1012 0.819240034 -2.40878940 -1.56073260 0.786687493
 1013 0.669260144 1.55999362 1.61819243 0.310835987
 1014 -0.294275641 -1.66839230 -0.930621088 0.431150705
 1015 -0.612701237 0.555883646 -0.935323358 0.756136298
 1016 1.15614390 0.419191778 0.141348034 -0.635228336
 1017 0.399905801 0.166776806 -0.334223300 -0.801639080
 1018 0.398908824 -0.373751104 0.141072094 -0.851553619
 1019 0.366897523 0.439436734 1.69713449 -0.474016160
 1020 0.644113421 0.292808235 -1.00975537 0.524853289
 1021 -1.70131695 0.291850448 1.01786089 -0.814854920
 1022 2.43308115 -1.40031147 -2.74567556 -1.19002593
 1023 -1.64654160 -3.01901847E-02 1.39473271 -0.472105056
 1024 -0.144505501 -0.312267601 -0.555902362 -0.582118392
 1025 -0.406607538 -0.215881467 -0.407238752 0.179768935
 1026 1.23870718 0.568635583 0.506691396 -0.464668095
 1027 0.409304380 -1.00356746 0.499656111 1.34402633
 1028 0.468835682 -0.464495242 -1.02828765 -0.454428166
 1029 -0.259457469 -0.884625316 -0.688121855 1.06251514
 1030 1.66076314 0.139011845 0.793948412 -0.732694089
 1031 0.144339442 -1.42574131 -1.61989164 -0.773956418
 1032 0.909982920 0.610016704 2.17327499 -2.86852717E-02
 1033 1.37457275 0.230534732 -0.835685074 -1.34984457
 1034 -0.452354252 0.344095588 1.26843572 0.525762975
 1035 -2.06984949 1.01626527 0.808561921 0.623568177
 1036 -0.988331199 -0.552586913 0.440334439 0.236700416
 1037 -1.99370527 1.21391308 -0.564417660 2.39665580
 1038 -1.10496402 -0.298474789 1.14065742 9.16143656E-02
 1039 0.159264773 -0.109815270 -0.599469304 0.409163505
 1040 -0.374617308 -0.410949171 1.38815117 -0.661370099
 1041 -1.78341949 -0.593547106 -1.60085142 -1.04576826
 1042 -1.66231215 1.48245585 1.41786158 0.747758806
 1043 -0.810039639 -9.64238048E-02 0.767650008 1.59531641
 1044 -1.59711862 -0.911930323 0.637082338 0.347902268
 1045 -0.755400419 0.443860948 -0.761658311 0.802847624
 1046 -1.50834548 -0.342158616 1.04788184 -1.80807933E-02
 1047 0.164731741 -2.78277898 1.52168608 0.546491861
 1048 -1.17277098 -1.25574231 0.244385958 -1.03776157
 1049 -1.40599453 -7.73287117E-02 0.187484518 -0.360016197
 1050 -1.27931225 -7.00633302E-02 0.820094228 0.930238307
 1051 -0.545635939 -1.55040336 0.370334029 -0.261440694
 1052 0.168857723 -0.221034005 0.384901643 2.64646411
 1053 0.728339136 1.06451392 -0.315915585 -8.60523954E-02
 1054 -1.12639570 -0.544826984 0.590155959 -0.102088027
 1055 -1.95608926 0.622820377 2.30163765 -0.285916626
 1056 -0.743966520 -3.11753559 1.78798521 -5.09992242E-04
 1057 1.89559817 -0.473329842 -0.670257390 2.22752118
 1058 -0.414048314 -1.65820432 -0.323175907 0.472638428
 1059 -0.758645773 -0.818072259 0.434582561 2.02712655
 1060 -1.84306908 1.62556469E-02 -1.34823918E-02 0.738510728
 1061 -1.05956066 -0.566213012 0.791748881 0.673488081
 1062 -2.42119241 -0.600843072 -0.400892198 -0.365177125
 1063 0.249662310 -1.10697532 0.482428581 0.581897736
 1064 -1.51877761 -1.62734556 0.264984578 1.55257225
 1065 -0.164143294 -1.73073781 0.983363271 7.75141120E-02
 1066 0.822918355 -0.759235978 -0.620927811 -1.17558730
 1067 -2.14286470 -0.205520049 -0.118334919 0.576143920
 1068 -0.636233568 -1.15097427 -1.10207868 -1.26152861
 1069 0.508837819 -0.915154040 0.458643109 0.307811856
 1070 -0.577657521 -1.98376489 0.536785305 0.541836262
 1071 0.214224517 -1.31599653 0.574584961 0.261644214
 1072 -0.787690222 4.59405035E-02 0.537005126 2.07701993
 1073 -1.96496499 -1.39310837 1.64494658 0.473513365
 1074 -0.548277199 -0.830419123 -0.606409073 0.173158377
 1075 -1.16340709 -0.837796330 -0.137953848 -0.605507910
 1076 -0.823746085 -4.18631844E-02 0.521892309 0.638009071
 1077 1.07989109 -1.04831874 0.961593986 -0.943559051
 1078 0.881578028 0.711772919 1.01865423 8.16049725E-02
 1079 -0.655170560 0.381430984 -1.21080399 2.00795174
 1080 0.373697519 -1.44850600 0.847985327 0.889088392
 1081 -0.653696954 -1.16299820 0.394844770 1.81372011
 1082 1.52958357 -1.91412377 0.623067141 2.20418978
 1083 -2.57304811 -0.478372991 1.38615656 1.50262260
 1084 0.432347476 -0.995994747 -0.559883833 6.74260557E-02
 1085 0.646946430 0.545690060 1.18742120 2.61564374
 1086 1.39990127 -2.17599320 0.131358147 -1.40660203
 1087 -1.05911624 -0.404437244 -0.424849242 0.335106909
 1088 -1.15864611 -1.13722563 -0.902131915 -1.19565451
 1089 -1.17372060 -1.08760393 0.694533646 0.490383953
 1090 -1.24793589 -0.356791228 1.68494916 1.27036572
 1091 -0.258448511 -0.814218283 -0.530451238 1.97546792
 1092 9.46177840E-02 0.335521758 0.749592662 2.17349482
 1093 3.57734859E-02 -0.475033581 -6.85784817E-02 0.334996730
 1094 -0.107271656 -1.50637496 0.114680193 -1.34820724
 1095 -0.404890656 -0.346980631 -6.53325766E-02 1.63880730
 1096 -0.910701871 -4.60167900E-02 -0.323263526 0.194430232
 1097 0.192668736 -1.84679639 -0.367925435 1.88853312
 1098 1.09863675 -0.718184412 2.59685659 0.678729534
 1099 0.544538140 -1.07184410 1.78700709 -1.03402591
 1100 -4.24955860E-02 -3.85609046E-02 0.187636405 -0.371222794
 1101 0.556673110 -0.791707277 1.12458289 0.312216491
 1102 -1.89839447 -0.335677266 -0.728002906 0.186109379
 1103 -0.910309851 0.529577851 0.721042216 -1.37538671
 1104 0.129065543 -0.246084064 0.570775509 0.878083825
 1105 0.725681186 0.460527539 0.840776443 2.26835346
 1106 0.281831205 -1.60654986 -0.517827809 0.599018991
 1107 0.106610440 -0.272443235 1.32515061 -0.627184093
 1108 4.80885431E-02 -0.823156536 0.167185992 -0.421539217
 1109 1.21347550E-02 -0.260250211 -0.530106187 1.78788686
 1110 -0.174302623 -0.384010494 7.98074156E-02 0.769384205
 1111 -1.43906939 -0.882185221 -1.26503348 -1.33586764
 1112 0.516686559 -0.161633298 0.509991884 0.963796020
 1113 -1.19635677 -2.19031930 0.758606672 0.181477919
 1114 1.78561854 -1.99483061 0.691536665 2.21674776
 1115 -0.614090383 -1.88910663 -0.471010983 0.727054834
 1116 1.28245914 -0.325888991 -0.419304490 2.39493227
 1117 -0.175762445 0.109032050 0.471451938 -1.43015313
 1118 -0.369060189 -0.106412113 1.12988520 0.669204712
 1119 -0.787304997 -2.09787178 -2.37594032 -1.28782117
 1120 -0.366390407 0.702307582 0.802171588 2.43357754
 1121 -1.07709670 -1.29697073 -5.46687841E-02 -0.134488568
 1122 -2.11564779 0.372022063 -0.366732180 -7.96376988E-02
 1123 0.598278821 -1.63716614 -2.24734321E-02 -0.117221504
 1124 -2.03019428 -2.22371411 1.47990406 -1.28244030
 1125 -2.35710406 -1.17485344 1.17067778 9.18370485E-03
 1126 1.54329920 -1.09087741 -0.896097302 0.474496663
 1127 -0.262801021 0.526643574 1.83078274E-02 1.94963539
 1128 -0.555869758 0.418109834 1.30222714 0.219325647
 1129 0.290535390 -0.547671139 0.584179938 1.44863677
 1130 -0.135957509 -0.195207670 2.27988362 1.70121443
 1131 -0.991971552 2.45946717 -0.776133418 -1.16554487
 1132 0.316019148 0.340848744 1.08100152 2.34932876
 1133 -1.76058435 0.187315941 0.502664268 0.471770614
 1134 -0.880254745 1.60467148 1.67836118 2.42381883
 1135 -0.404251754 -0.372409850 -1.10235798 1.73189974
 1136 -0.212822556 -0.550607324 0.909711480 1.82718432
 1137 0.414085627 -0.886847734 -0.301902324 -0.871022522
 1138 0.434106410 -0.789658070 0.364635766 0.663061380
 1139 -1.65464354 -2.29612422 -1.47911859 -0.366874218
 1140 -0.502349138 0.278168529 -0.483801723 -0.483119041
 1141 -1.43473864 0.571730733 -0.747138798 -1.07631838
 1142 -0.493522406 -0.869037509 -0.234295949 -1.10993493
 1143 -0.853287160 0.422769010 -1.01047075 0.292911857
 1144 -1.63398361 -1.15174937 0.307796687 -1.16096890
 1145 -0.133054465 0.793789983 -0.770042896 0.553848743
 1146 0.120618045 1.49876773 -0.795246959 -3.84989753E-02
 1147 -1.99400020 -0.668660104 0.157029003 -6.13555647E-02
 1148 -5.85114434E-02 -1.19508815 0.172412932 -0.955169976
 1149 1.43970728 0.944484472 -1.54618895 -0.632231116
 1150 -1.88944137 -1.69926548 0.755324900 -0.475733280
 1151 0.662001848 1.58358240 -0.891724825 -1.25843513
 1152 0.739757240 1.80163503 -0.219010204 -1.61080647
 1153 0.109348468 -1.30620599E-03 -1.61148524 -1.58202004
 1154 -0.560845673 1.73884475 -1.48145950 -0.566497803
 1155 0.105212122 1.02173185 -0.412710696 -0.394243896
 1156 -1.44386077 1.93310785 -1.78010988 0.426989913
 1157 0.193285763 0.715873599 0.727840483 -0.843779504
 1158 -1.17635608 1.15769911 -1.65155947 -0.637988567
 1159 0.292354047 0.238150060 -0.638707876 -0.902551413
 1160 -1.08594573 -0.709309518 -2.23240614 -1.27469933
 1161 -0.730831087 0.992766440 1.94162750 -0.735986114
 1162 -0.588993311 -0.111483485 -1.26230788 0.624877334
 1163 -0.160047859 1.61253047 0.218205363 0.648911357
 1164 -1.13145041 -0.880413711 5.28236479E-02 0.941950321
 1165 -0.107823715 -1.12783134 -0.270684838 -0.556282163
 1166 -3.00942659E-02 -4.24835086E-02 0.172086686 -1.01337075
 1167 -0.386990011 0.447277725 -7.46180862E-02 0.799507976
 1168 6.10137731E-02 0.924799979 -1.12409568 -0.577330351
 1169 -1.03781080 0.928922772 -1.40092766 -1.24846709
 1170 -0.232136711 0.474649340 4.24147546E-02 2.43728733
 1171 -1.13976574 1.34528673 0.358915508 0.506443739
 1172 -1.37963474 2.46202469 -0.151458338 -1.39741838
 1173 -1.59023428 0.408827871 0.718124270 0.472271472
 1174 -0.281601250 1.98552775 -0.433946967 0.413200945
 1175 -1.25218964 1.07248652 1.66314006 -0.899516582
 1176 -2.01931787 0.948027611 -0.570585370 -1.06264627
 1177 -0.400393933 -0.719549716 1.90778184 -1.17363855E-02
 1178 -0.475537419 0.404985458 -1.66882157 -1.44028687
 1179 6.47044927E-02 1.23322189 -0.153684288 1.01193440
 1180 -0.497855186 1.32777977 -0.488151848 -0.548793375
 1181 -2.80545473 -4.90828268E-02 -2.04575253 0.545442700
 1182 -0.398170203 2.29624152 -0.215424687 -0.125354469
 1183 9.68586951E-02 1.03062475 -0.292048931 -0.946203113
 1184 -0.956679821 0.191000730 -1.29933524 -0.906318784
 1185 -0.575901210 1.36779344 0.641899228 -1.08658898
 1186 -1.19868541 0.243764445 9.58881155E-03 -0.946709037
 1187 -1.04042149 0.393875360 -0.613573134 -0.912064672
 1188 -1.76875901 0.260212988 1.83538318 -0.514777303
 1189 -1.84103346 -1.58841741 -0.487139910 0.560582519
 1190 1.64310491 -0.274908006 -1.21357226 -0.136567950
 1191 -0.293842793 0.469378024 1.49706817 0.619441450
 1192 -1.02589107 -1.15173399 -2.28217673 -1.13967979
 1193 -0.606701493 0.331604183 0.463357031 -1.03265810
 1194 -0.344071358 -0.927444458 -1.51906109 -1.00009179
 1195 -1.44850552 2.09192204 -0.988770902 2.19300246
 1196 0.530698419 1.61330295 -0.958328843 2.05380201
 1197 -1.08769619 -0.432672441 -0.892112851 -1.46976984
 1198 -0.936203659 -1.78832591 -1.65911794 -0.107778490
 1199 -6.68474138E-02 -0.224131256 -0.350478649 -1.25151050
 1200 -0.990943909 0.116278864 -1.96348679 -0.101920582
 1201 -2.55363965 -1.07979023 1.20826304 0.533309102
 1202 -1.10483372 0.821873426 -0.286437452 -0.798221588
 1203 0.129093707 0.459708035 -0.646150410 -1.50662255
 1204 -1.30963278 -0.507617235 -8.74741748E-02 0.175248772
 1205 -0.446291119 0.545900524 -1.20655918 -1.11625910
 1206 -0.807310462 0.680267096 0.555916011 1.85590971
 1207 1.39726734 1.26727033 -0.335624188 -1.48640704
 1208 0.952620447 1.61422396 0.450276643 -1.10039425
 1209 -0.588832021 -0.494395852 -1.52859175 2.25487161
 1210 -0.778999865 1.22223353 0.571442962 0.964646280
 1211 0.207412794 1.34664536 1.20253849 -1.31660330
 1212 -0.468079925 -2.76373848E-02 -0.269989878 2.18078399
 1213 -7.59289116E-02 -1.75635290 0.186338902 0.795080185
 1214 -1.53143239 -0.497214794 0.192722127 -1.65540802
 1215 0.830323875 0.812681377 -1.59660792 0.135185793
 1216 -2.64957523 1.43517625 -1.07043529 -1.12572837
 1217 -1.15146863 1.35980105 1.83205628 2.28755331
 1218 -0.586401165 0.922784865 -1.43167996 0.682441771
 1219 -6.42026365E-02 -0.146173209 -0.755902350 0.688684583
 1220 -2.13997698 -0.825115085 -1.13839626 2.29864359
 1221 0.545216858 0.484819114 0.765069187 -0.901280522
 1222 -1.61481464 -7.90221989E-02 -0.294544220 2.36375117
 1223 -0.121371329 -0.318617433 0.439802766 -1.42416966
 1224 -1.93159354 -0.524494529 0.450536311 0.478402644
 1225 0.148950160 0.494288266 -0.870511413 -0.783804953
 1226 -0.232317582 0.151393369 -1.10416067 0.380075037
 1227 -1.98987734 6.06674552E-02 -0.341143787 0.198496342
 1228 -0.517301202 0.632670879 -0.648224533 0.465755582
 1229 -0.101982690 -0.742717326 -1.53446913 0.303725004
 1230 0.455027491 0.371833861 0.148274869 -1.15744993E-02
 1231 -0.230520517 8.15110356E-02 -0.995175600 -1.51752996
 1232 0.700397611 -0.202999800 0.244646996 -1.29929662
 1233 0.258463711 -0.445225239 -0.284580052 -0.626802623
 1234 -1.03962350 -0.161897838 -0.950289845 1.82851815
 1235 -0.228406504 1.02175188 0.555885613 -1.24361694
 1236 -2.00905949E-02 0.406404674 -0.739292443 -0.715917945
 1237 0.743658066 0.148022905 0.317633867 -0.603589296
 1238 1.13552594 1.91381192 -1.52945876 0.535836041
 1239 -1.21505117 0.146928549 3.67132127E-02 -1.52068710
 1240 0.328317344 -0.382593811 0.876785874 -1.75882244
 1241 -0.306976706 1.55813360 -1.34250212 1.01847911
 1242 -1.18616843 1.52259135 -0.456897855 -1.17194474
 1243 -1.93002892 -1.35136449 -0.409429491 0.368070394
 1244 -2.31618023 -0.162217408 -0.793986619 -1.32728529
 1245 -1.01397252 0.778898001 -1.13774955 -0.320326388
 1246 -2.27476096 6.98026419E-02 0.342989504 -0.847712874
 1247 -0.214095682 0.191137686 -0.188619047 -1.85283577
 1248 0.115122125 0.311321437 1.54309535 -1.34322751
 1249 -0.711254299 -0.331207812 0.277810514 -0.612385750
 1250 -1.25207210 1.00283849 -0.342993885 0.358092397
 1251 -1.59421301 0.900940657 0.206017166 1.11084187
 1252 -3.98278832E-02 1.48730731 7.25395977E-02 -0.803412855
 1253 -0.902341366 2.20227623 -9.66979787E-02 0.721990943
 1254 -1.67819214 0.885828078 -1.16517043 1.42765880
 1255 -2.33500957 0.750452936 -0.946652293 7.73959607E-03
 1256 -1.12840939 1.34981632 -0.650755882 -1.81569314
 1257 -0.936599433 0.491758108 -0.510858834 -1.27290165
 1258 -0.570039570 0.593414903 -0.176664054 -0.857058287
 1259 0.355080307 1.85880208 1.46567374E-02 0.302225739
 1260 -0.437240839 -2.15646315 -0.688896894 -1.22427142
 1261 0.891903222 -0.173378885 -1.40016937 -1.00497556
 1262 -1.16459918 1.35280681 0.158253670 -0.841939092
 1263 0.174100876 0.237048686 0.112900302 -0.926879883
 1264 -0.602469206 1.43970323 -0.720592797 -1.64231527
 1265 -0.729541481 1.31405210 -1.45002770 -1.91202557
 1266 -0.802076161 1.68530238 -1.26050341 0.421013296
 1267 -0.936698318 0.738474250 0.549643934 1.19760707E-02
 1268 -1.46393120 1.42749560 -0.851295710 0.760914803
 1269 -1.78574145 -8.93346071E-02 1.37556553 5.33629060E-02
 1270 -0.852966130 0.380025983 -1.79400480 2.43626857
 1271 -0.622700572 -0.689411521 -0.825404406 -0.804718494
 1272 -2.13083243 1.96402478 0.112823017 -1.50408304
 1273 -0.787010312 0.180975929 -1.59700632 -0.929410934
 1274 -0.646682799 0.316934407 -0.622575998 0.513225675
 1275 0.247866556 9.87946838E-02 -1.52614117 2.06758928
 1276 -0.791798174 -2.33344078 0.614318252 5.72904944E-02
 1277 -0.927846074 0.205568179 0.883978844 -1.16922116
 1278 -0.878081739 -1.39586878 -0.968100429 -0.880492032
 1279 -1.26582229 2.07047248 -0.210512221 2.17180943
 1280 -1.58890438 2.59550405 0.440784991 -1.53495598
 1281 -2.39464903 5.94185591E-02 9.14871246E-02 -0.105724230
 1282 -0.730215013 -0.751188517 -1.28031278 -1.85552776
 1283 -0.323575556 1.02255487 0.165141821 1.03488445
 1284 -1.18193710 1.26943433 -1.19321132 -1.34247947
 1285 -1.24873328 -0.129900157 -0.577836037 0.431494772
