 1 2.25043154 -0.794857919 1.31453371 -0.143025979
 2 7.33884051E-02 -0.390309989 -0.928784132 1.31912839
 3 0.845376074 9.67645943E-02 0.140048817 0.570298612
 4 1.42930365 -1.62624121 -1.21929765 1.48737454
 5 -0.428994060 -1.58128715 -0.272939742 -7.69501776E-02
 6 0.881178379 -1.52584815 -0.312465668 -3.58571336E-02
 7 -0.943663359 -1.44970000 1.44827271 1.65930843
 8 0.490470707 5.39447218E-02 0.787467718 1.66121531
 9 0.466190219 -2.11331344 0.487132609 1.15818214
 10 -0.712558329 1.69329488 -0.964561582 1.68655440E-03
 11 -0.691672027 0.431346923 0.761972606 -6.15749434E-02
 12 -0.361120701 -2.17183733 1.46629155 -0.635835588
 13 -0.395274162 -0.276525438 -0.206186622 0.381140918
 14 0.967281938 -0.979064524 -0.662455797 0.928442299
 15 -0.308745861 -0.338303804 1.25586700 1.00820529
 16 0.685884297 0.425662071 -1.14618289 0.708954990
 17 -0.652832508 -0.233190373 0.310602784 0.391699255
 18 -3.35290879E-02 0.738244891 -8.06969702E-02 0.126892328
 19 -7.83267841E-02 -0.652023613 -0.260982752 -0.177158698
 20 0.119711921 -1.36025047 -0.530408144 0.785201430
 21 0.296491593 -0.287481040 1.32839608 -0.458279103
 22 -0.425545633 -1.89215171 1.00076842 1.62269521
 23 1.39558959 -5.66572025E-02 -0.511608660 -0.690451860
 24 0.320825905 -0.921160579 -0.174016386 -0.409767807
 25 1.37867141 -0.533334255 0.617431700 -0.846531391
 26 0.155540809 -0.423772603 -0.737574100 -0.850840151
 27 -1.03577721 0.281072676 1.41328585 -0.420643479
 28 0.784293473 -0.651066959 0.862616658 0.240008295
 29 -1.69545376 5.69285899E-02 0.382197648 1.02655363
 30 -0.454790235 0.138398498 1.75207829 -0.377136558
 31 -0.458449095 0.493340403 9.53166932E-03 1.27229977
 32 1.28848529 -0.759545326 1.68421638 0.710802913
 33 -0.654826880 -0.854145229 0.407614708 1.15095520
 34 -1.19423568 -0.404585630 0.759416819 0.509490371
 35 -1.60086334 0.503655553 0.321966499 -1.79995787
 36 6.52852803E-02 -0.812591791 -0.477140009 3.67814116E-02
 37 0.344122022 1.19954300 -1.57376337 -1.23293328
 38 -0.676852047 -0.475660533 1.60210991 1.42969573
 39 -1.91664696E-03 -0.444236696 0.486733049 1.24338877
 40 0.156500354 -1.09705257 -0.569056511 1.70651579
 41 0.194624543 -1.10532320 -2.06030464 -0.633380353
 42 -0.880454838 -0.504433274 -0.430021852 1.08954442
 43 -0.109498054 -0.271654010 0.720154285 -0.793640614
 44 -0.589640856 1.05751383 -5.00497445E-02 -0.454201639
 45 -1.06300831 0.361425519 -1.32098091 -0.831917644
 46 -0.359659374 -1.72175741 1.32079828 1.60153866
 47 0.109450608 -0.959386706 0.518678069 1.07460189
 48 1.47394347 -2.21958208 -0.233955383 -0.600358605
 49 -1.84310138 -1.16812065E-03 -1.55489981 -0.412944406
 50 0.741140187 -1.99857378 0.543396652 0.331535220
 51 -0.401620626 0.890008748 -0.885129631 -1.29256606
 52 -2.26200260E-02 -1.70681870 0.352595389 -6.64299726E-02
 53 0.596260428 -0.157751679 9.50583965E-02 -0.870295048
 54 9.42276418E-03 -0.770113349 -1.02187490 0.481978387
 55 -0.370902300 -1.43868649 1.23441017 0.144857496
 56 -0.784724712 0.792856276 1.11665690 1.55621278
 57 -1.59691370 -1.43245625 -1.51976621 1.75420725
 58 1.45519197 0.841599345 -0.120926723 0.858807564
 59 1.67398858 0.229431868 -1.63898969 1.62899435
 60 -1.91146636 -0.676204503 1.63780928 1.12241840
 61 -6.55275881E-02 -1.03206742 1.30802703 0.733901083
 62 -0.332564265 -1.84920084 -0.595075130 0.671537101
 63 0.403844684 -0.399229079 -3.03140469E-02 1.08648586
 64 0.730582178 1.10112131 -5.05215153E-02 -0.540538371
 65 0.532424152 0.161156982 0.207236096 1.78119540
 66 1.16599524 -0.244856313 -0.589631915 -0.852942407
 67 -1.25251234 2.68804121 0.878547072 -1.67152011
 68 -0.546106577 -1.09285176 -1.45120174E-02 1.23896384
 69 -1.75650978 -0.177840114 -0.427439988 -0.496802628
 70 1.99836588 1.03371596 0.185212642 -0.212187111
 71 -2.06764603 0.399546206 1.84765136 0.281281352
 72 -0.442409515 -7.56033361E-02 -0.225300536 -1.25267279
 73 -0.640583158 -0.302290231 0.453926623 -1.10972309
 74 -0.282980293 1.46727788 -1.06940162 0.115539975
 75 0.434042066 -6.06905073E-02 0.386189044 1.37207711
 76 -0.559195340 -0.490245342 -0.685743928 -9.21470150E-02
 77 -0.309124202 0.431404859 5.07400036E-02 -1.26562834
 78 -1.37998283 -4.61661816E-02 1.23818636 -0.758103549
 79 -1.28529322 1.18424642 0.757729650 -0.583016753
 80 -1.92307591 0.101444677 -0.271751046 0.626907885
 81 0.709448218 -0.235607564 1.02127230 1.44101346
 82 -2.22786760 -0.114508003 0.931480050 -1.26423430
 83 -0.909023583 0.267692447 0.671274006 0.528791010
 84 -1.85488117 0.679423332 0.133665085 0.502363741
 85 -0.582722068 6.07147887E-02 1.92887807 0.317358255
 86 1.50429296 -0.956433296 -0.609084487 1.86671734
 87 -2.16908503 -1.48821497 -7.05439225E-02 0.165748402
 88 0.911327243 -1.05582190 0.487678140 0.484480232
 89 1.04385388 -0.507574320 -0.993179679 -0.217856497
 90 0.650267839 0.330474854 0.555716336 0.792065263
 91 -1.01877093 0.880138755 1.08476651 1.37331128
 92 2.76922286E-02 0.224463210 -2.33403146E-02 2.05099487
 93 -0.364195913 0.817668617 -0.179632485 -0.170798436
 94 1.54484868 -0.262935102 0.144727096 0.727078557
 95 -0.389367998 -6.54711202E-02 -0.311970145 1.31536984
 96 0.355539054 1.34523642 0.309812725 2.98745930E-02
 97 -0.291410536 0.879281700 2.74444294 -1.20229053
 98 -0.864314556 1.21349037 0.862232029 9.24810097E-02
 99 -0.967884302 0.773271739 1.59366035 -1.12033987
 100 0.763730466 -1.19658852 1.63811743 0.775093257
 101 -0.566061974 -0.663007677 -2.18209600 0.616396010
 102 0.485960782 -1.39195704 0.705555081 0.232201532
 103 3.83698344E-02 -0.273804575 -0.839003623 1.63508499
 104 -1.57087839 -0.115117334 -1.57978129 0.490194142
 105 0.281987399 -0.759916484 -6.56842887E-02 1.17694736
 106 1.01772118 0.398034334 -0.258170247 1.03786969
 107 -3.87250483E-02 -0.757673681 -0.379430056 0.835005283
 108 9.14651155E-03 0.892256200 -1.13297558 1.11896515
 109 0.740899086 -0.229025021 0.526383102 0.354538202
 110 1.50948465 0.670983672 -0.550625622 -0.178745523
 111 -1.18789268 0.239945829 -0.441012084 -1.17310631
 112 0.905317962 -0.166336760 0.281072080 1.55388844
 113 1.26538193 0.285661280 0.881542802 0.825113297
 114 1.87890995 -1.48320198E-02 -2.28370762 -0.217184559
 115 0.516507983 0.191218674 1.16413963 0.261693776
 116 2.16870475 -0.460132480 -0.664614677 -0.666526079
 117 1.18531990 1.32523715 -0.808306754 -0.912121058
 118 0.900353134 -0.652989745 1.20772421 0.853703439
 119 0.451805294 -0.856251001 8.49426016E-02 1.56749582
 120 1.25655103 -0.135547906 -0.536538601 0.436100632
 121 2.00250745E-02 1.59638453 1.57709694 -0.835828662
 122 1.39274144 0.929703236 1.97523832E-03 -0.366140723
 123 -0.371689111 2.58324194 1.11198425 1.57203805
 124 0.379065394 -0.675671756 1.34006572 1.83490622
 125 1.87933755 -0.462781072 -1.04176402 0.647039056
 126 0.170157701 0.511642992 0.127024248 -1.29959846
 127 1.94182897 -9.04032886E-02 0.382205248 1.03835821
 128 0.161193341 -0.514252722 2.25300646 -0.123733707
 129 -0.705662012 -0.482584685 1.75190938 0.311531067
 130 -0.722024381 -0.234961241 1.41620612 0.789263487
 131 0.230244607 -1.90227723 0.785399973 -0.131352484
 132 0.941390872 -1.14014363 -1.49181044 0.669748664
 133 1.49306506E-02 -1.05890691 -1.57113945 0.750563145
 134 -1.55824804 -0.680682600 0.984748721 0.329056144
 135 -1.52757317E-02 -3.57148051E-03 -0.272394627 0.703705192
 136 -1.03389573 -0.541154683 0.219908416 -0.326831490
 137 -1.65965021 2.58991003 0.956431150 -0.903052449
 138 0.529831588 1.61234236 0.351631343 -0.875095546
 139 0.740622044 1.65859127 0.430257559 0.317050844
 140 1.72067153 1.67190623 -0.174982235 -1.02462363
 141 -4.82198745E-02 1.58827591 -0.303402394 7.17882626E-03
 142 -1.11741686 0.993375182 -5.61830401E-03 1.01507723
 143 0.138829052 -1.55254519 1.16887534 0.701921523
 144 1.25907969 -1.04088473 0.525548100 0.450131565
 145 -0.522647023 -0.319917768 -2.20331669 1.64308846
 146 -1.43218946 -0.966989815 -0.132160962 0.458330065
 147 -0.409355730 0.971200347 -0.587341309 -0.160492286
 148 0.197547093 -5.19143045E-02 -0.349383473 -0.390089631
 149 1.16476095 0.679459929 -2.30398965 0.247417808
 150 0.449539840 0.716343880 -1.06024790 -1.56335497
 151 -1.68567419 0.138439998 -0.181474507 0.752152562
 152 1.35847545 -8.78224373E-02 0.504968941 1.01325190
 153 0.432451248 -0.171837896 -2.27209401 0.500943184
 154 0.125916705 -1.33073533 2.21611452 0.609692693
 155 -0.794807255 2.38744116 -0.285075575 -1.54424667
 156 1.41891277 -0.489703089 0.503217340 0.801107943
 157 0.494053900 0.958923221 0.454610080 0.580924749
 158 -0.376130968 -0.825801015 -1.59195161 0.367177874
 159 -1.03266799 2.02881479 0.558262825 0.717551649
 160 -0.356872141 1.52553272 1.59182215 -0.512430727
 161 0.962021172 -1.42892909 -6.34780079E-02 1.20397711
 162 -0.449705482 -0.914737225 0.651714325 -0.719152093
 163 -0.556270599 0.382243782 0.755200922 1.64780712
 164 5.20095527E-02 0.339368969 1.47660291 0.457699567
 165 0.842095077 0.264133900 -2.79333329 -1.95726049
 166 6.59692660E-02 1.86887276 -0.920329392 0.176216185
 167 0.740657449 -0.543506265 -0.172237426 1.49878824
 168 1.51365709 0.360900581 -0.271602988 1.25166750
 169 0.563894391 0.920180559 -0.536214709 -0.980643749
 170 -0.278021872 -0.164820090 -0.377149522 0.302632093
 171 0.141053170 -0.895245671 -0.580548704 0.963375211
 172 2.62895656 -0.504543066 -0.728577852 1.63651085
 173 0.249127969 2.47496772 0.430202782 -0.553043365
 174 -0.993722677 0.127303720 1.50432539 -0.909895718
 175 -0.327608615 -0.384610116 0.379028648 0.493572712
 176 8.14935192E-02 1.92750895 -1.94142032 -1.05437386
 177 -0.307686269 2.01566124 -1.07089365 -3.32714990E-02
 178 -1.07766652 -1.50419497 -1.53954029E-02 2.70945263
 179 2.31707191 -0.639348626 0.801077008 1.17421269
 180 -0.589796543 1.70800078 -0.629855275 -0.810504556
 181 -0.114995718 -0.822215378 -0.159426257 0.394670784
 182 -0.441741109 1.29160559 -1.97408783 -2.19749331
 183 -1.34560382 -0.987309277 0.617382169 0.352444649
 184 0.149810389 -0.687137067 3.26093435E-02 -2.47455090E-02
 185 -1.51822531 -0.664979279 0.506831229 0.628309548
 186 0.319111884 0.721409559 -1.45379543 -0.217272088
 187 -1.86031580 -1.62254882 0.350196600 1.87287641
 188 0.695465028 1.03747547 -1.21523285 -0.798565269
 189 -0.973394930 7.32350945E-02 -0.491522878 -0.228247374
 190 0.227924436 -0.902112186 1.23493290 -0.227173820
 191 0.278804064 -0.984609008 1.64536858 1.77640140
 192 0.802681506 1.54792273 -1.19266796 1.13378108
 193 0.652812541 0.523643911 -2.30277777 0.871098697
 194 -0.479974419 -9.96372104E-02 0.591943681 -0.371489525
 195 -9.76157337E-02 1.20526373 -0.674717426 1.75508738
 196 0.861673534 -0.413128555 0.736331940 1.24445009
 197 1.32652080 0.668562591 -1.53646791 2.30572820
 198 0.334457517 1.24056602 -1.50780272 0.977162838
 199 2.06571746 0.741604328 -0.736133754 -0.292111158
 200 -1.36971164 -1.07806456 2.20100117 -0.552489817
 201 0.169471428 3.02149504E-02 1.57901227 -0.368107527
 202 -1.95147538 0.286464632 0.561431348 -0.191937983
 203 -1.53763962 -0.982757330 -0.331845850 -0.228455946
 204 3.55349481E-02 0.402231872 0.135925338 0.407745719
 205 0.625093639 -2.00865293 1.81303000 0.754248798
 206 7.57673979E-02 1.57109869 -0.380524993 -0.402935326
 207 0.585788429 1.51306963 1.53718507 0.629738390
 208 4.33171950E-02 -0.488522738 0.217853442 2.25709891
 209 -0.863023937 1.18294418 -0.154250085 1.37784851
 210 -4.90779281E-02 -2.66110003E-02 -1.78606677 0.845257998
 211 1.59777927 2.30338216 0.835747004 0.488859057
 212 1.04547906 -0.760163724 -0.269198626 0.572618365
 213 2.01860547 0.158154756 -0.758023560 1.02425730
 214 9.44748521E-04 1.84365475 0.737706125 0.574088454
 215 1.23641777 0.437558830 0.713444114 -0.546472132
 216 -2.79243827 1.49706519 -1.53118849 -1.64921832
 217 0.320563555 -0.816127717 0.165247977 0.548239172
 218 1.08067834 0.727816343 0.529114485 0.459287584
 219 1.56899309 -3.38930599E-02 1.10477257 0.167489052
 220 0.103306718 -1.08249736 1.90293229 -0.624397218
 221 0.277772397 0.703669965 1.01100218 0.355290711
 222 1.46241689 6.60497248E-02 -0.586741269 -0.230663776
 223 0.358908921 1.09988093 0.693971038 1.17625743E-02
 224 2.07851624 -0.459061861 -0.155416310 1.10314894
 225 -0.989194632 -1.40553224 2.18968987E-02 -0.119327009
 226 0.173063576 0.470723689 -0.292700440 0.388967395
 227 0.244885832 0.842347145 1.23924589 0.431024253
 228 1.56866646 1.45745742 9.90448892E-03 -0.719473481
 229 -2.20543891E-02 0.968548894 -1.33654618 0.407970011
 230 0.109680660 -0.100242503 0.782375574 -0.226543099
 231 1.34598112 0.608865261 0.590377748 0.172573760
 232 6.92864731E-02 0.111787990 -0.193698913 8.96677375E-03
 233 1.30770373 -1.15379155 0.721077621 5.08824587E-02
 234 1.16984963 -2.50230742 2.16882378E-02 1.38448524
 235 0.743448615 -0.182203144 -1.26159263 -0.114788316
 236 1.95873451 1.16322255 -0.261169612 0.136025265
 237 -0.167498469 0.982835174 -3.38826895 1.95116615
 238 -1.20916891 1.46716785 1.82391632 -2.02177238
 239 1.12511778 2.45932192E-02 0.782242239 -1.32670343
 240 0.309063762 -0.177564859 2.35243917 0.758876801
 241 0.222225860 -0.150243938 -1.35430801 0.842604756
 242 2.80879235 2.54722762 -0.900354147 0.554933965
 243 1.22791743 0.949567914 0.572036207 0.944771528
 244 -0.424687833 6.29168749E-03 -2.87244469E-02 0.409413964
 245 -0.138386399 1.48224258 1.70489550 -1.05701411
 246 -2.38452840 0.883216441 2.42774415 -0.150849804
 247 -1.12858033 -0.287724465 0.320787281 0.790638268
 248 7.79121667E-02 -2.76432931E-03 0.646453857 1.43343532
 249 -1.01469707 0.786897898 0.223620474 0.317635834
 250 0.423535466 1.48945880 -0.265236139 0.571071148
 251 0.634965539 1.18459928 -1.06484294E-02 -0.178977489
 252 -0.469143033 -0.451970458 0.443199992 -0.677867770
 253 0.281406581 0.926177382 0.354675949 0.458189785
 254 0.689121962 0.922365308 -0.346708179 -0.827396393
 255 0.802922785 -1.80521834 -0.490051955 2.02606606
 256 0.587834358 0.571686625 0.195761442 0.150109082
 257 -0.842023492 0.442402363 -0.875510931 1.98546851
 258 1.09004450 -0.746792197 0.441693842 -1.01383162
 259 0.591416299 0.648583770 -1.42435944 -0.360856622
 260 1.03461230 -0.531156242 0.329078138 0.613112032
 261 0.905300379 1.57305574 -1.38425565 0.987016380
 262 0.149900034 0.696702242 0.494955540 1.77082233E-02
 263 -1.24383330 0.166762412 0.853639483 0.199762508
 264 2.15650558 -2.64652252 -0.340307951 1.48207378
 265 -0.834934533 0.604044378 -0.934677660 1.44124746
 266 0.628961682 -0.705908060 -0.584099293 0.249473706
 267 0.684214652 -0.530104756 -2.60109711 1.28992391
 268 -1.20572031 -9.88713503E-02 1.33123255 0.693566322
 269 0.300220609 0.312864840 1.44021916 -0.752132773
 270 1.37635064 -0.875539243 -0.614281476 1.08771873
 271 1.10510623 -0.214714140 -0.906588674 -0.433265537
 272 0.135062113 1.09258962 -2.46611142 -1.43058825
 273 -1.00947905 0.694257021 -0.460406452 -0.850636423
 274 1.40625107 1.45404196 -1.66894305 1.10811985
 275 0.716567397 -1.13978219 -2.23495439E-02 1.83913517
 276 -1.07705355 -0.711014390 -1.19251716 1.55873740
 277 -0.170187980 0.686051250 1.04115546 0.896656573
 278 0.247543156 2.17215419 0.801674366 -0.927924216
 279 2.68226290 -1.20599222 -1.95929492 1.39547992
 280 -1.02802396 -0.351250887 0.889677405 1.57870221
 281 0.148668736 0.197676420 -0.137577534 -6.48972988E-02
 282 -1.42440736 -0.718116999 1.19301343 1.17375517
 283 0.781618536 0.918902755 -1.31277800 -0.249157757
 284 0.736135244 -1.07472050 -1.83651280 1.56795502
 285 -1.00427043 -0.991217315 0.552227139 1.83308697
 286 -0.246981919 -1.30171323 9.30385590E-02 -0.523604035
 287 0.693575263 -0.106550872 0.416398406 1.20955396
 288 0.997211039 -0.722585380 0.843631148 0.636375308
 289 2.38785768 -1.19131553 -0.674828529 1.00988555
 290 0.817632437 -0.965490937 -0.238079876 -1.25359404
 291 1.04739523 -0.458438665 -7.20575750E-02 1.24434447
 292 -0.140072644 -1.78929493E-02 0.442878991 -4.01876681E-02
 293 0.337782383 2.41800833 -0.276215643 1.21763420
 294 -5.82497120E-02 -1.08969784 1.08017027 0.428486407
 295 -1.31906843 -2.33196163 -0.753434181 0.300817251
 296 0.880423367 6.21247813E-02 -1.43333638 -0.185225442
 297 0.510465443 -2.33154678 0.870579481 -1.03220797
 298 0.591058433 -2.37182045 -1.60820305 2.53682971
 299 1.18864620 -0.609071434 -0.655777812 2.00853729
 300 0.561069250 -0.268929154 -0.529742658 -0.158806726
 301 0.338302314 0.436753124 0.717279255 -0.611512423
 302 -1.13184178 1.51744318 -2.74340844 -0.650611758
 303 1.42478991 0.130106226 0.708501637 1.95783091
 304 -0.562775493 -1.61798465 -0.189762294 2.72414207
 305 0.371035755 -0.761971712 -0.218660772 0.751797616
 306 -3.29766572E-02 0.173545390 -0.585715771 -0.425790459
 307 -1.58857131 -0.231176421 1.83912838 0.938609481
 308 1.08240426 -0.260360718 -1.50609863 0.395653456
 309 0.428837925 1.24518347 -0.106319726 -1.26864278
 310 0.334588885 0.788774788 0.561841369 0.178306684
 311 0.474309802 -1.18421888 -1.14236069 0.126083761
 312 1.68068004 -0.584107280 0.887500584 1.72982502
 313 0.400370121 -2.80552506E-02 -1.95403147 -0.577835917
 314 0.206409484 -1.40386593 -0.551228821 0.412245512
 315 1.47144353 -1.74937034 -0.310020626 0.454366744
 316 2.06278038 0.613263488 -0.717283487 0.301569313
 317 -1.09962130 0.460756183 -0.960370183 -0.899172068
 318 1.19366193 -0.644401908 -3.14640999E-03 0.535065413
 319 -0.449714601 -0.258858681 0.656961679 0.722933054
 320 0.597661793 4.20213044E-02 0.269975245 -0.877702773
 321 1.72126698 0.636365712 0.803292453 0.370248795
 322 0.180457205 -0.811765850 -0.152644455 0.571417511
 323 0.335494518 1.49724305 0.911149144 0.735249519
 324 1.43523180 -0.902014852 -0.200492740 1.04809129
 325 0.840543628 0.685529590 2.55712867E-02 0.363220423
 326 0.565786779 -0.169203520 0.285041928 0.903212905
 327 1.42329049 -0.888826787 0.188269883 1.32522130
 328 0.677766800 -0.464466453 -0.599262476 1.47463536
 329 1.07240319 1.13945174 0.865597963 0.495391279
 330 0.162270635 2.54181623E-02 -1.14143682 -0.105322078
 331 -0.245671436 -0.964085221 0.192093819 -5.94573542E-02
 332 -1.74126601 -0.561306119 1.64082432 1.70487869
 333 0.747046351 0.366832137 -0.167428583 -9.92009044E-03
 334 -1.43608654 0.177134335 1.36042881 -0.549069762
 335 -0.372494847 0.556035995 -6.95153177E-02 0.619094670
 336 -0.577424943 -0.392161757 -0.993702590 -0.530357659
 337 -0.227166682 0.175594658 1.15618670 -0.449017137
 338 -0.935806453 -0.614592910 0.198832661 -1.81100774
 339 -0.181318372 0.219378591 -0.796869218 -0.655493379
 340 6.98119104E-02 0.517031968 0.322728008 -0.708562851
 341 1.58772779 1.04678333 -0.950966358 -0.215172723
 342 -0.428673923 -0.622185230 -1.93178070 2.05792236
 343 0.340650588 0.307872742 7.25665241E-02 1.01000941
 344 -1.72015548 0.846880198 1.29613006 -8.85202289E-02
 345 0.436187804 0.419556022 -0.827530384 -1.18629456
 346 -0.148004964 -0.121996343 -0.983234942 0.703822017
 347 0.818119407 1.75971532 0.939895153 0.257471442
 348 0.543670356 -0.131421685 0.658291757 0.745345533
 349 -0.932833672 -1.20983410 -0.500245214 -1.37122512
 350 1.65829766 1.61643207 0.308481336 -1.68370771
 351 -0.173821807 -1.92506599 -4.26405817E-02 2.16027832
 352 0.554485917 1.72169173 1.55681729 -0.663606882
 353 0.115175545 0.211470976 0.473692894 0.995466709
 354 -1.24261975E-02 1.69331694 0.820776582 -0.931830347
 355 -0.401391327 2.49181294 -0.758703530 0.340633750
 356 -1.40436947 0.176821291 1.70699966 -1.49269724
 357 -0.296514302 -0.255365789 -1.02271748 -0.890192270
 358 0.503733873 -0.585492015 -0.431088626 -0.843569398
 359 0.462765604 -1.55001354 -0.179102555 0.580807865
 360 -0.230988503 -0.303588122 0.640148878 -0.493216842
 361 -1.55453193 0.321572840 -8.37885141E-02 0.609091997
 362 0.550734818 -0.721510053 -1.14441001 1.09587026
 363 -1.01414335 -1.24386835 1.87510514 1.48495805
 364 0.762168229 -0.853494704 1.08705878 0.776050508
 365 1.59850097 0.883746326 0.648649573 -0.735221803
 366 1.60558426 -0.314299762 -1.06531477 0.559313893
 367 8.90922099E-02 -0.581788778 -1.94301569 -1.57186401
 368 1.52751112 -0.823808193 -2.28360081 -1.12227595
 369 1.43447733 -1.05828583 -1.45697486 0.761812329
 370 6.32342845E-02 -0.897978425 -0.567905486 -2.02082109
 371 0.176433444 -0.777580798 -1.01530528 1.12918591
 372 0.478223234 -9.96001959E-02 0.975718200 0.819254279
 373 -0.319023192 -0.733056843 -0.416988015 1.72011304
 374 0.645469308 1.46159840 1.17605996 -1.88489211
 375 -0.662817717 -0.608882368 -0.230084971 -1.01917231
 376 0.569181621 -0.108475789 -1.17089295 -0.621143579
 377 -1.10263741 -0.807306290 0.225817710 0.993041694
 378 -0.738323629 -1.38899779 -1.05712986 -0.580195606
 379 -0.689058959 2.06573725 -1.33736157 -0.158472717
 380 -0.294592828 -4.17069979E-02 0.300340474 0.165767968
 381 0.960900247 0.969796538 -0.535665393 0.354678392
 382 -1.73350406 -1.32532668 -0.814050317 0.763028383
 383 0.765696287 8.00217986E-02 -0.475194931 -0.130931675
 384 1.11015272 0.694131851 -0.972466469 5.07395864E-02
 385 -0.623118341 -0.526631057 0.186700746 -9.91785824E-02
 386 0.468847066 -0.263823450 -0.100483604 0.289308608
 387 -1.17410350 -0.768787444 0.676096857 -0.453726262
 388 -1.38037217 8.71810317E-03 -0.595336795 0.451567978
 389 0.573829710 -0.780400097 -0.582932830 -0.770218730
 390 0.541245222 -1.60754323 8.03321227E-02 -0.142564923
 391 -1.31597769 -0.527211666 -1.82402515 -0.112507917
 392 -1.19140744 1.78862250 -0.720046222 -0.937560976
 393 -1.25824881 -0.891467690 0.338832259 1.04686546
 394 0.326584220 0.577800572 0.917516470 0.511591077
 395 -0.964461386 -0.221204728 -0.270085275 -1.35189438
 396 0.199686199 -1.45777941 -5.31495661E-02 -1.83709085
 397 -1.11569762 0.184127137 -6.47393987E-02 -1.72868168
 398 0.312313229 -0.816637635 0.275171787 -1.09226871
 399 -1.79200423 -0.163146555 0.719659448 -0.284090191
 400 0.403315872 1.62029791 1.18664181 0.246467292
 401 -0.270181626 -0.830899000 -1.84723055 0.310655832
 402 -0.889818549 -0.237008870 1.44738078 -0.779086411
 403 1.65608525 0.441237152 0.298744857 1.14649272
 404 1.05391622 0.395121515 0.748252630 0.511639655
 405 1.68246126 1.90299499 -1.33397186 -0.355082124
 406 -0.495969683 -0.258181453 1.10386133 -0.525667727
 407 0.339893401 0.347330093 0.597226918 0.189212695
 408 -0.368353903 -0.734193683 -1.47986889 -1.31397867
 409 1.21176696 0.241837919 -0.139320016 -0.485295027
 410 0.887378633 -0.602982402 -1.62488377 0.643545151
 411 -1.69902062 -0.846696436 -0.797339201 -0.460644662
 412 0.576731920 -0.263392448 -0.217191771 -0.134238869
 413 -0.554774165 -6.60824031E-03 -2.24311066 7.01592863E-03
 414 -0.279381663 -0.210728079 2.02464962 -0.283259630
 415 -0.979214966 -2.65861130 -0.499128968 -0.999960661
 416 0.914343417 0.394213736 -1.61485350 0.173401877
 417 -1.23990786 -1.13220596 -0.781293631 0.710763752
 418 -3.36471498E-02 0.463341981 0.996003807 -1.03501546
 419 1.42075443 0.350669920 0.683274150 -0.514998496
 420 0.729014039 0.257487386 -1.06857812 -4.86475825E-02
 421 -0.963169217 -0.273330897 1.12994182 -0.474759728
 422 -0.163659513 0.372375309 -0.235068947 0.567409694
 423 1.12900949 1.41816378 -0.895144820 2.18284202
 424 -0.140013516 -1.33754528 1.23661864 0.394793391
 425 -0.335077137 0.691353679 0.751490474 -7.99090862E-02
 426 -1.01391995 -0.827854812 2.24143457 -0.240713269
 427 -1.46137118 0.969840646 -0.856901884 2.51600766
 428 1.80939364 0.942436576 0.794327617 -0.622695565
 429 -1.11783969 -0.918137670 -0.651663423 0.280741036
 430 1.03757155 -1.54575384 0.553137362 0.200047016
 431 1.10001493 -0.305908263 0.461624324 0.662141800
 432 -0.364567459 -0.668812573 0.432299793 -1.46523941
 433 -1.13245368 0.140617475 1.20078444 -0.376336902
 434 -0.619399726 0.305234134 -0.767367840 -0.604580879
 435 -0.871850014 1.40398455 0.594548106 0.201012239
 436 -1.01083088 -0.207906798 -0.285223573 -0.970241070
 437 -0.117124751 -0.505849540 -2.20585966 -0.151510388
 438 0.229734302 2.08231711 -1.10317302 1.52016950
 439 -0.866600096 -1.12302661 -2.14834738 -0.945312738
 440 -0.226298079 -0.461381674 -2.12712383 -0.167441413
 441 -1.04719973 0.463261217 3.02787423E-02 -1.62111998
 442 -0.350476474 2.62611103 1.60950673 -9.61434394E-02
 443 1.55537844 0.412301540 0.801768064 -1.90582836
 444 -0.774717748 -1.33118129 0.651504636 1.63166928
 445 -0.592674136 2.76942205 -0.196367890 -0.359990299
 446 -0.653333902 0.488974512 -0.115201354 0.885462224
 447 -0.981139421 -8.63589644E-02 -1.83879507 -1.26003695
 448 0.570920050 -0.372418523 -6.13394380E-03 1.94627249
 449 -0.586171925 -0.263002396 1.00560045 1.95595384
 450 1.06985605 1.76131046 -0.613891423 -1.67300069
 451 -0.930206537 1.28453279 1.93776679 0.975989103
 452 -0.914398193 0.169907182 -0.412441045 -0.902444363
 453 -4.21093330E-02 -0.567256212 0.353491515 1.69885039
 454 -0.155403703 -1.19097066 -1.42947471 0.352417946
 455 0.380201161 -0.479474127 -0.160741493 1.21892381
 456 2.10638666 0.175849825 -0.262367308 0.498444289
 457 1.46911836 2.05540514 -0.739484668 0.681673944
 458 -1.09254611 0.602078795 -0.221331879 4.28739935E-04
 459 0.975731552 0.390541047 0.863058388 1.54754424
 460 -1.69346631 0.254751354 -0.920105577 1.14772487
 461 0.568895042 1.30856287 0.896329939 -0.318970799
 462 1.00741243 1.69165909 -0.100343168 -0.958431304
 463 -1.07269263 -0.553053081 1.01631188 -0.318668216
 464 0.209621280 -0.277792305 1.14215064 -0.419088274
 465 1.24307775 -0.477531075 0.878990829 1.46939421
 466 1.45229006 0.872939467 -0.626051784 1.12860930
 467 0.150666177 -0.460112214 -0.955226779 0.571239889
 468 0.424592406 0.629226089 -0.462909967 -1.20854366
 469 -2.15144372 -0.422971845 2.10857797 -0.688345671
 470 -1.72721064 -0.993425965 1.19370055 1.45296001
 471 -0.686507463 1.27439988 0.655364990 0.211660981
 472 -0.626168013 -1.06441736 0.326890379 0.321250677
 473 -0.143822819 -2.29256964 -0.848381877 1.22091830
 474 0.216777608 0.592833042 0.855358839 -9.40954238E-02
 475 2.09512591 -0.961419702 1.78832936 1.61038375
 476 2.05043685E-02 -2.17092299 -1.09473097 0.827926159
 477 -0.848181427 -0.311420768 7.06224144E-02 0.424182534
 478 -0.827743888 -0.716423988 0.773511767 -0.950156748
 479 1.28892434 -1.21273446 0.685628653 0.964110613
 480 -1.43657684 -0.820405841 -0.397152454 0.650973260
 481 0.597386181 -0.153217390 0.733757138 -0.228477210
 482 -1.39371943 -1.14286804 -0.531387985 -0.330068171
 483 0.943811834 0.483883679 0.378420144 -0.142138153
 484 -0.939875364 -0.954589605 -0.961503148 -0.782644928
 485 0.732227564 -1.93879879 -6.87449425E-02 -0.318693042
 486 1.26972485 1.64585626 0.529602885 -1.34881115
 487 -0.734687805 -1.37741220 -0.244565994 0.283390224
 488 -0.813205838 -1.35844779 -0.470728934 0.928434670
 489 -0.254018366 -2.62583280 0.451750308 1.53589022
 490 -1.39762902 -0.153889880 0.426192045 -0.260659337
 491 -0.484925956 -0.590842485 1.44747186 1.90059745
 492 0.226821393 -9.04774666E-03 1.22294509 0.644509494
 493 -1.46757865 2.14354229 -0.421399534 2.85994262E-02
 494 0.180447266 0.114843667 -2.04674149 -1.58148146
 495 0.108530447 -0.172011048 -9.61443037E-02 -0.813546896
 496 -0.679052234 -2.53245115 -1.43271422 -5.31770363E-02
 497 -1.75641668 0.105512813 -1.85807776 -0.171483129
 498 -1.24424601 -2.07356453 -0.209082484 0.148984775
 499 0.385099471 0.204384953 -2.71528673 1.06379497
 500 0.478446662 -1.17078543 -2.20420814 -0.957568645
 501 -1.11725450 1.11297560 0.925794840 -0.941073060
 502 -0.693730831 0.298242927 0.468511730 0.713010907
 503 -0.570492387 -0.435169905 -2.04442334 -1.02253413
 504 -0.141456321 -0.180263221 1.65939605 0.350867331
 505 0.664745092 -0.258110255 -0.350336432 1.09043717
 506 -1.86049092 -2.98319960 -1.45116985 0.735924006
 507 -0.650178194 -2.78766298 -0.854471326 -0.505251527
 508 -0.832711935 1.73261154 -1.91080523 2.00491118
 509 -0.134446710 2.32154727E-02 2.58965635 1.46122515
 510 -0.915610075 0.588763416 -1.83223039E-02 0.628081799
 511 0.442207515 0.433207870 0.710245967 1.98429537
 512 1.15388823 0.591342986 -0.615853786 8.59266818E-02
 513 -0.564488709 -4.10010070E-02 1.74250054 0.218255565
 514 0.712042868 -1.96205401 -0.466089100 0.925730228
 515 -8.61605629E-02 0.118067086 -0.119128287 1.30885661
 516 4.36025262E-02 -1.41558313 0.393760502 1.09533608
 517 0.405437082 0.945035696 -1.85677910 -0.334606051
 518 0.200364515 -0.520951927 -0.628003240 -1.90338564
 519 -0.785471380 -0.254923880 -0.131493926 0.312631637
 520 0.251998901 0.123619691 0.284733742 -1.15022230
 521 -0.657604277 -1.93699151E-02 0.508733392 -0.302055836
 522 -2.15603447 0.817840576 0.606748700 -0.315129042
 523 -0.532035232 -0.927857757 0.612538457 2.09374428
 524 -1.04216182 0.791029036 -0.493718892 -0.521077991
 525 0.554232001 -0.885581017 -1.18515790E-02 1.58298993
 526 -0.751859069 0.520820796 0.404686064 -1.13591361
 527 -0.561751544 0.345416367 1.53658140 0.578636408
 528 -1.20152128 -0.397734046 -0.253446251 0.935676694
 529 0.978166223 0.389488369 1.78563619 -0.298502415
 530 -0.753513396 1.78629661 -0.687045395 -0.127045199
 531 -0.644255996 1.04015958 -1.58289075 0.240363285
 532 2.47537541 1.53656459 0.353738904 -1.07766223
 533 0.439956844 1.12031281 -0.464329034 -1.51839972
 534 -0.459320515 -1.90146101 -1.01353574 -1.44422030
 535 -0.480004698 -0.305136502 0.944039702 1.84211814
 536 -0.245771408 -0.769580960 -1.22810173 -8.86421949E-02
 537 0.802079082 -0.996838391 -0.472915918 2.74236488
 538 -1.16438007 2.68478656 0.305328518 -0.470850825
 539 0.602023304 0.798613548 -2.49860096 -1.26096487
 540 0.481143057 0.311411142 -2.11138837E-02 0.963038802
 541 -0.440328509 -0.559987783 -1.17697299 -0.220903426
 542 -1.42894125 -5.55362403E-02 -0.154047474 1.79373538
 543 1.34141755 -0.918213487 -4.66035791E-02 -0.339670628
 544 0.347391576 0.251495481 -1.13390732 -0.769884348
 545 -2.37573409 -1.03148985 0.830012262 -0.230457917
 546 -1.01672053 -0.664054990 0.918673754 0.449760288
 547 0.495574415 -0.872093439 -1.33527946 -1.42925000
 548 -1.57200098 -0.975810051 -3.57801747 -2.24649405
 549 9.02527496E-02 0.566605747 -1.66605055 -1.57545924
 550 -1.83639526 -0.737702072 2.44385576 0.966967940
 551 5.46274781E-02 0.236764073 1.53160536 1.27161276
 552 -0.643549800 9.80264843E-02 6.69781268E-02 -0.530691028
 553 -1.17950952 -0.364008546 -0.891274214 -0.877480626
 554 0.451606214 -1.57775974 -8.47701579E-02 0.175900534
 555 1.30876231 -0.986978829 0.334529877 -0.709088981
 556 -0.939952135 -1.11949551 -1.43886018 -0.619291127
 557 -0.260612726 -0.262370288 1.09725094 0.637205958
 558 -0.399294972 -0.467010230 -0.278751433 1.23483837
 559 0.373193920 -0.509754241 2.36350560 1.28664708
 560 -0.110857375 0.876064599 0.255357206 1.35772133
 561 0.307777584 0.188420162 -1.18358600 -9.73802209E-02
 562 -1.02930069 -1.44516826 0.331016839 0.223245069
 563 -0.142778099 1.05688524 0.349680245 5.15154898E-02
 564 -1.45363021 0.541699767 -0.462861121 -1.49626732
 565 1.16594017 0.418439388 0.118654191 1.19223440
 566 1.22348809 0.874072790 -1.78543413 -0.641496778
 567 -1.72866547 -1.14235508 2.35246301 1.67399144
 568 1.14580369 -0.947826028 0.497131556 -1.85918057
 569 0.517003953 0.545355320 -1.25522923 -0.948856294
 570 5.58810532E-02 0.291378319 0.779948592 -1.29753375
 571 -7.91332945E-02 -0.388596684 0.470288455 2.04938769
 572 0.299768925 1.00518036 -0.430035323 0.505765438
 573 0.813131630 1.17138863 1.25203228 0.799770355
 574 0.295536160 3.39176774 -0.572890937 -2.08071685
 575 -0.923309326 -1.21303260 -0.426623583 -0.805675983
 576 7.28549063E-02 -1.07625365 0.739458084 1.44990146
 577 0.324081749 0.136846408 -0.515616179 -1.33572257
 578 -0.928763449 -2.28715086 1.19470942 0.135576338
 579 -0.915357828 -0.479474127 -0.426294863 -0.615343451
 580 1.59339225 -1.30010533 5.78464121E-02 0.382511586
 581 -1.00380516 0.156642452 0.332838029 0.556777894
 582 -0.347173989 -1.20509577 -1.83630848 0.563802421
 583 0.955340147 2.04992938 -5.96415699E-02 0.523572743
 584 -8.25256780E-02 1.09307122 0.489952892 -0.604360044
 585 1.77838445 0.158723682 0.635698259 -0.765336156
 586 -1.62113309 -1.09936073E-02 -1.02541995 2.78652120
 587 0.277968019 -1.43157053 0.485899299 -0.709445119
 588 -0.434888154 -1.00524104 1.20208490 -0.736471593
 589 1.25763023 -3.06089377 0.998034000 0.227463335
 590 1.27297390 1.09380317 1.58299041 -0.504587412
 591 -1.22613454 -0.548250318 0.560389876 -0.833056808
 592 -1.36117220 0.361772686 -1.56467712 -1.08033323
 593 -1.19265378 -1.80815601 0.628735542 0.301295877
 594 1.10997415 0.943299890 7.37472773E-02 0.505481839
 595 -1.45216107 -0.876150072 1.11639130 -0.239335939
 596 0.789014935 -0.279694974 4.13793772E-02 -1.21423852
 597 1.12954414 1.61097741 0.227482706 -1.73544478
 598 1.05820441 0.854605258 -0.555259943 1.99832129
 599 0.501981020 -1.50306082 -0.472270906 0.838802040
 600 1.74219012E-02 -0.936055601 0.152942717 8.51954073E-02
 601 1.48356366 -0.982843816 1.04964340 -1.10832739
 602 -0.238888398 -0.914329231 0.518218696 -0.454493701
 603 -3.23838592E-02 0.561082959 -1.22527158 -2.03212547
 604 -1.31115472 0.860175133 1.63147438 0.918074250
 605 0.933533788 -1.41349256 1.60891056 -0.608351409
 606 -1.22176766 0.337357700 0.848450005 2.20483780
 607 1.33374357 -1.24506032 -1.31628478 2.18178034
 608 -1.10248601 0.484388709 2.94979438E-02 -0.817481399
 609 -1.29163194 -0.442239404 -1.28574777 0.685245872
 610 -1.07290757 -0.541295350 0.853165448 -0.793455839
 611 9.81367230E-02 -0.673618019 0.528304875 0.407682210
 612 2.10704899 0.215997577 -5.48893064E-02 -2.06755809E-02
 613 0.140460461 -1.48610139 1.97828817 0.208792090
 614 -0.144654334 -0.362566531 -0.144448072 0.971022904
 615 0.266197622 -0.304477513 -0.965339422 -0.668331742
 616 0.390593886 2.25709558 1.12144113 -2.35567689
 617 0.957386851 0.938754320 1.42759705 -0.499566019
 618 0.548347414 1.72163653 -0.973935843 -0.681399643
 619 9.50562581E-02 -0.821119547 1.20600331 0.745327353
 620 0.742163777 -0.153230369 -0.404004514 1.03701186
 621 -1.18103099 -1.54538378E-02 -2.25007296 -0.937830269
 622 -1.06324756 -0.748267353 -0.933921099 -0.439502507
 623 0.285198629 -0.696371377 0.414140880 -0.726610065
 624 -0.455644906 1.32302642E-02 2.14122200 1.60851014
 625 -0.472158372 -1.19341719 -0.381095886 0.475828558
 626 7.26230890E-02 0.856647432 0.491812348 1.03602231
 627 -0.362894177 0.746848702 0.608059824 0.313419133
 628 0.927492440 0.174853995 -0.265793830 -1.32957304
 629 -2.93202847E-02 0.587973893 1.35832298 1.28524840
 630 -2.23316774E-02 1.18645513 0.175813302 1.62840295
 631 -1.27608156 -0.159449726 -0.209878445 -1.48524868
 632 -0.148312822 -8.47633854E-02 -1.03256154 0.287981629
 633 -1.27037954 0.412329435 0.961189032 -0.762452006
 634 -0.802583218 -0.180521369 0.230986595 0.877358913
 635 0.144649938 -9.89114046E-02 0.860328555 0.477543116
 636 -0.470742762 -1.37470591 0.118571997 1.26836646
 637 -1.19034636 -0.220619485 1.32740426 1.14815664
 638 0.187615305 -0.677958488 -1.60452724E-03 0.377827972
 639 -0.213571012 0.956163883 0.361165076 -0.952726126
 640 -0.449797332 -1.52850294 1.86667597 2.07868910
 641 -1.61314285 -1.18459368 1.51738358 1.39650631
 642 -0.127279326 2.55232382 -0.199339762 2.81327295
 643 -0.972344816 -1.59731853 0.979377806 -0.972735107
 644 -0.485288292 -0.566393733 1.28494763 0.502812862
 645 -9.23125893E-02 -0.688546419 -0.532561302 1.30239284
 646 1.28213823 0.109289937 1.00157332 0.544481516
 647 -0.696567178 -0.298501819 0.872051477 -0.454018563
 648 -0.820200682 -9.40797552E-02 1.43734312 0.383305788
 649 -4.71907556E-02 -1.15380824 0.198596239 1.45477867
 650 0.108655676 -0.244005084 -1.01418138 -0.703785658
 651 1.72778749 0.571836829 0.213934779 0.177204430
 652 -1.97401047E-02 0.339255542 -0.444114804 -0.278755963
 653 -0.646291554 0.690766931 0.138377681 -0.702128232
 654 -1.01447618 -1.63474822 2.54883468E-02 -0.464141130
 655 0.145627692 -1.12921786 -0.492312729 -1.36507666
 656 -2.81934291E-02 -1.00041151 -0.855725110 0.100898609
 657 1.04240477 1.99007881 -0.742896080 -0.363211751
 658 -1.22829056 -0.582250893 0.655841231 0.588029683
 659 -0.756164134 0.935542285 1.15871155 -0.556406856
 660 -1.17816877 -0.442408890 -0.394307822 -0.114070617
 661 -0.394956738 0.839992046 -1.37964392 -0.903563201
 662 2.95158774E-02 -1.27879357 -0.614425361 -0.401453316
 663 0.257198870 0.321763247 -0.216986313 -1.21675432
 664 -8.92502069E-02 -0.175339013 0.644943833 -0.975021183
 665 -0.788315773 0.184631884 0.725845695 -0.408692271
 666 -1.29871249 0.722890377 1.28577197 0.709707916
 667 -1.65536141 -0.300735503 -1.06096745 -1.30201769
 668 1.25219488 -0.383917063 0.118203104 -5.93317524E-02
 669 -2.04060650 -0.188857555 0.537138164 -0.901178658
 670 1.02333605 -0.439906567 1.60990214 0.369827360
 671 0.718918025 -1.64912581 -0.927336037 1.14578080
 672 -1.75105679 0.461669743 -1.68548965 0.443659037
 673 -2.82473732E-02 1.47606885 1.13380742 -0.485472798
 674 0.144059658 0.371886998 0.866874993 -0.367476314
 675 -0.264509678 1.56141007 -0.189678267 0.311493844
 676 -1.09458327 -1.01925540 0.196577489 0.354658902
 677 0.845429897 -0.561200023 -1.07306159 0.518771529
 678 0.637036800 -0.991060019 -5.33583313E-02 -1.29924774
 679 -0.746347666 0.644227803 -3.10134983 1.72955561
 680 0.433970362 0.353904545 0.186961740 0.445509255
 681 -0.880013824 3.97077575E-02 -0.265859812 -0.437229156
 682 -3.76170576E-02 7.48771727E-02 0.207632422 0.206713200
 683 -0.496765226 -0.388281614 -1.17125344 -1.20231199
 684 -0.716229677 1.35318244 -1.56582296 -0.787165046
 685 -0.690450609 -1.55378020 -0.297869891 1.08599758
 686 -0.175255254 0.405713677 -0.647157609 1.57300723
 687 0.552837074 1.17146456 -0.303164303 0.246940285
 688 -1.08261573 -1.08316183 0.772651196 -0.133423954
 689 1.45368242 0.658799469 -0.308815718 0.530554771
 690 -0.143208891 -2.28877366E-03 6.45040870E-02 -0.470953494
 691 -1.06761503 -2.36000204 0.950709224 -0.175020099
 692 0.476037025 2.55695271 -1.74171495 -0.848636329
 693 0.678644896 0.437455684 -1.05264634E-02 -0.691653490
 694 1.04011130 0.312541693 1.03720820 0.350000679
 695 0.144900516 -0.258520097 0.734657884 0.544684529
 696 0.157639310 -1.27248013 -0.145632952 -2.60073561E-02
 697 0.808692455 -0.385405391 -0.936065853 -0.124855086
 698 0.653385639 -1.77396536E-02 2.27908373 -1.54844105
 699 -4.81101424E-02 1.16229820 -1.00666893 0.776893675
 700 -0.926496089 -0.944440126 -0.168311805 -0.617142498
 701 -1.65654719 0.155850857 1.30604553 -0.374430090
 702 0.378685802 -0.860435486 -3.43960226E-02 0.150298759
 703 -7.54462928E-02 -1.56117082 1.64218771 0.559478641
 704 -0.966606855 -1.12948930 2.53268480 0.695708156
 705 -0.454297125 -1.83869767 1.55759871 0.128075331
 706 0.221576899 -0.569398940 0.234636903 -1.64421940
 707 -5.00873663E-02 2.01847959 -0.216076612 1.13842106
 708 -1.46144223 0.197391063 0.693711400 -1.46461725
 709 1.17879510 -0.722800732 -1.28253484 0.595780253
 710 1.69838595 0.125742197 0.827843904 -1.38830316
 711 -0.324959040 1.02449846 0.521487176 2.26593137
 712 -1.06339335 3.70084941E-02 -0.451784670 0.201998442
 713 -0.646394730 -0.824557900 1.70586324 -1.03665721
 714 -1.25213730 0.778596878 0.795048833 0.349602878
 715 0.467013627 -0.488807738 0.258740932 -0.442245156
 716 -2.09541082 -0.468006849 0.815251172 -0.683788240
 717 3.65763187 0.367065698 -0.451480806 -0.362033665
 718 0.561291218 -1.12265718 0.962022603 -0.832579255
 719 1.35357201 1.68282890 0.540344834 0.367991537
 720 9.54221040E-02 0.596924126 -0.331136733 -0.249186739
 721 -1.89983547 1.04726851 0.519972563 1.19302607
 722 1.14021158 2.01445508 -0.979411125 -1.13845420
 723 -0.986229897 0.605468154 1.49278450 2.00306702
 724 -0.490023822 -1.41353488 0.664878368 -2.15135235E-02
 725 1.03032529 0.356879234 -0.250743628 -1.88078630
 726 -1.53710938 -0.820503473 -0.131264418 -0.703677833
 727 -0.442385733 5.16912341E-02 -0.800723672 0.227546304
 728 -0.847635984 -0.649990678 1.47506177 0.898765445
 729 -5.68777248E-02 0.187352136 1.35005093 0.733590007
 730 -0.169817984 -1.15493917 1.82567775 -0.447795331
 731 -0.652825534 -0.971236169 1.45155883 -0.572843552
 732 -0.494626641 -0.133154720 0.829757094 -0.799273908
 733 1.17169583 -1.15009284 0.588130951 0.713034809
 734 1.19916785 2.07440066 -1.49395652E-02 -0.521130443
 735 0.555490375 0.179821640 -1.49116945 -0.539594412
 736 -0.474824190 0.968418837 0.329994678 -0.180207729
 737 0.547775924 3.87070924E-02 0.296207666 -0.191874132
 738 -0.568948984 2.37036133 -0.357512236 -0.565430880
 739 1.55874181 0.595203817 1.24193621 -4.75623161E-02
 740 -0.391396403 -0.406095296 0.177944377 -1.70538795
 741 -0.159738064 0.601764083 -0.796407461 1.47456574
 742 1.09769785 1.23667693 0.575941145 -1.58415747
 743 1.06137276 7.83835053E-02 -0.831676364 -1.10436177
 744 4.88807783E-02 1.05240822 -0.240113780 3.47030610E-02
 745 7.91230947E-02 1.46718729 -0.823497117 -0.378880829
 746 0.103569351 -1.83215141 0.762178123 2.32410240
 747 -0.349187374 0.587079883 1.49254012 2.92340279
 748 0.458381742 1.23649156 0.535660326 -1.32898784
 749 -0.839765668 -0.609671056 1.44412386 0.385492623
 750 -1.86665285 -1.32908499 0.919551075 0.912907183
 751 0.712094963 0.689086795 0.736483157 -0.869477868
 752 -1.38140440 -0.149672121 -0.376949668 -1.20206308
 753 -0.626017272 -0.594931364 0.196870655 0.717766523
 754 -0.350344449 -0.497230053 -0.782591879 0.531511307
 755 1.20766187 -0.412838370 0.551482916 -0.934860706
 756 0.479812980 -0.367350250 3.44432294E-02 0.198774070
 757 -0.580360532 -0.479529709 -0.148617804 -0.755434275
 758 -0.718388081 1.99033391 -0.769074798 1.44008994
 759 0.223501623 -0.172779635 0.395847708 1.39711416
 760 -1.02595782 -0.615047097 1.25722945 0.954625607
 761 -0.246881694 1.90021470E-03 -1.59377587 -1.42530692
 762 0.140530199 1.29999995 -0.453537405 -0.870042086
 763 -2.84131813 1.21766567 0.781538963 -0.682326674
 764 -0.455069005 -1.19568408E-03 0.868684530 -0.249783769
 765 -0.227619812 -0.270463705 1.05412018 -0.134285837
 766 -2.14063096 0.297269672 -0.194263220 0.699358344
 767 -1.86159122 0.261922896 0.685623050 3.66967916E-02
 768 0.420874953 -1.33915615 3.93694565E-02 1.08856070
 769 0.501558006 6.15424663E-02 0.537871420 -0.860581338
 770 -0.340271980 -1.35319233 -1.19568014 8.96176174E-02
 771 1.68769944 -1.05387831 -1.28676140 -2.10297513
 772 -1.06600714 -1.13638437 -0.826154172 -0.409151435
 773 -1.67073703 -0.240646526 0.891207993 -0.381809503
 774 -0.654653609 -0.154850885 1.88081145 -0.160320431
 775 -1.07503271 -0.283159047 -0.235613406 -0.655025899
 776 -1.02221537 -0.588729024 2.18000859E-02 -0.580546439
 777 -0.990675867 -1.75488889E-02 -0.429545760 0.174439341
 778 -0.134845197 0.435676694 0.633808196 6.24364167E-02
 779 0.444865048 3.32010090E-02 1.58377457 1.55999506
 780 6.91145360E-02 -0.492912054 1.01160741 1.45187223
 781 -0.601548731 1.32030976 1.41515207 0.927653432
 782 -0.580172241 -1.35015297 -2.52659798 -0.834175050
 783 1.27640702E-02 -2.15974450 0.194652647 -0.167239457
 784 1.55519712 -0.402942687 0.554001451 1.35682726
 785 -1.98768830 -0.159060836 0.684194624 -0.550267160
 786 -6.89205825E-02 1.10748792 0.199713290 0.922592342
 787 1.07995808 -0.391585231 -0.992486835 -1.57585907
 788 1.06241238 -1.17756438 0.855664134 0.616391480
 789 0.949002266 -7.35375583E-02 -0.712949276 1.11197639
 790 -1.47257113 0.219399303 0.900545001 -0.114854574
 791 -0.359630316 -1.01268935 1.10767138 0.187848926
 792 0.173917308 -1.21473098 0.151866212 0.309178054
 793 -0.382729262 0.166580737 1.23119783 0.374012262
 794 -0.644354165 -7.14242160E-02 -0.371520638 -0.568679810
 795 -2.75530815 -1.07319105 0.125545472 0.470218152
 796 -0.897819757 -1.13192248 0.919287622 1.79508817
 797 1.31888783 -1.05392253 -0.363752455 -1.55264187
 798 -0.506212950 -0.380929351 1.38611293 -0.101297759
 799 0.258865178 1.92236090 0.919041812 2.09749866
 800 0.782328248 -0.649983644 -1.83519268 -1.04360044
 801 1.60389352 -0.112618625 0.274152666 -0.936835647
 802 -1.39112139 -0.200630546 1.59847856 0.277072191
 803 -0.158763200 0.668568909 -1.49480343 4.13234830E-02
 804 -0.745275199 -1.30663872 -0.313389421 1.22851765
 805 0.196508244 1.11891282 0.534420788 -1.54787230
 806 0.324957788 0.559673250 1.12206471 2.89896369
 807 -2.20845127 1.24295461 -0.758902133 1.42237937
 808 0.226341054 -0.223938718 1.82325709 -0.403197140
 809 0.616720676 0.172933087 -0.887284338 -0.697817683
 810 2.12026906 -0.937994123 -0.512097359 -1.84021831
 811 -0.698635101 0.752395332 -1.16048956 -0.663369775
 812 -0.819059134 -1.10171306 2.04268694 0.772993088
 813 -0.135650456 1.94056940 -3.65827513 1.33060002
 814 0.459917665 2.33606720 -2.43448496 -0.604010880
 815 -3.96534763E-02 -6.03936464E-02 1.40139949 0.641614497
 816 0.436617374 -0.254552722 0.861130714 0.226537779
 817 -0.725962758 0.754984438 -0.626423061 0.311380088
 818 -0.371607423 -1.09402347 -0.701603770 -0.355931282
 819 0.821900845 0.450203776 0.241333455 -0.453215539
 820 0.663800776 1.76410401 0.151503623 -2.41573644
 821 -0.736217856 -0.282792240 0.550245345 0.465964884
 822 -0.844350159 1.43818390 -0.708284259 -0.316792786
 823 0.259590238 -0.453892171 -0.661470950 0.957318842
 824 1.12915373 -1.12736022 -0.850046515 -1.27203083
 825 -0.813662767 0.289307296 -0.743900955 1.07505155
 826 -0.175873041 -1.39510465 0.993490636 0.430065811
 827 1.33344281 -0.555242836 -1.95465791 -1.79932332
 828 0.195844188 -0.960604787 -1.53501666 0.206993982
 829 -1.16846812 2.24691248 1.20005357 0.684007108
 830 1.20841074 -1.13496017 -0.932910621 0.349837095
 831 0.799161315 1.05589962 -1.47675037 0.710340738
 832 -1.20985591 -0.755555272 0.263868034 0.489099026
 833 -0.520431161 -0.729130745 -1.46356010 -0.671995223
 834 0.364478409 1.81273997 -1.60273361 -0.337600291
 835 -1.27257299 -1.14456844 -1.63324511 -0.345866621
 836 -1.69661784 0.560054541 -0.327106267 1.35892701
 837 -0.393105358 1.20110500 -1.28386557 -1.50667107
 838 -0.360711098 1.11238694 -1.29834998 1.32489264
 839 -0.184485838 -0.141787589 -1.20942628 0.799364984
 840 0.456831753 1.12600946 0.264387459 -1.78270280
 841 -0.864703119 -1.05521750 -1.05500042 -0.190797642
 842 0.390724123 -1.26241839 1.32679427 0.133634299
 843 -9.89452004E-03 -0.569314241 9.28565860E-02 8.06630217E-03
 844 -0.170683905 1.56927371 -1.34944785 -1.74345124
 845 -0.156768724 -1.35019422E-03 -0.250809044 -0.291929752
 846 -1.08354533 0.345779508 -0.761156261 0.885498285
 847 0.277505577 -0.204807594 0.531435788 0.678372979
 848 -1.85038161 2.82259583 -0.900451422 0.338151783
 849 -1.66658115 -0.610359490 -2.67822444E-02 -0.523827434
 850 0.182335690 0.369756758 1.80849779 -0.216725051
 851 1.11527979 0.718769193 0.526538014 -1.34020102
 852 0.799912810 0.920333982 0.313662350 -1.76483917
 853 -0.822590053 -0.633064449 6.95478767E-02 0.749067307
 854 9.44833606E-02 -1.00825691 0.329872608 1.25569439
 855 -0.817168295 0.909513652 0.485016227 -0.880286872
 856 -0.459584594 -1.31020164 -1.37841165 0.352166742
 857 -1.87539518 -0.370252609 -1.22821307 -0.487667412
 858 0.186068371 -0.263956010 0.758142471 0.957570851
 859 -0.194372982 -0.154728964 -0.398907602 -0.841630101
 860 0.184173808 0.825906575 0.686955035 1.75635910
 861 -0.233706117 1.00529706 0.229964405 -0.666974902
 862 -0.171208188 -0.550407052 0.130801082 0.502500057
 863 0.114472404 0.917318106 2.14602798E-03 -0.561745584
 864 -0.919641316 -0.585685015 1.04028034 -0.858248174
 865 1.11942077 0.337094545 -6.38435334E-02 -1.78400135
 866 1.42830658 -0.163230151 -1.25525892 -0.296296120
 867 2.15390635 0.600949287 0.907585680 -0.132734001
 868 1.19226706 -1.02493513 -0.577685893 -6.98880404E-02
 869 -1.24970162 0.102972835 0.646902323 0.317937851
 870 -1.45675731 -0.719969094 0.752886593 0.597390056
 871 -1.04597294 0.430683970 -0.865077555 0.844031274
 872 0.353192747 0.897140324 0.985835254 0.379731953
 873 -0.767079711 1.13337469 -0.888530970 -0.970670104
 874 -1.17338848 -3.78796458E-03 1.43557751 1.14193261
 875 -0.240175918 -0.541583180 -6.35779873E-02 -1.62367713
 876 0.652153015 1.62463677 0.252485693 -0.418569893
 877 -0.544247389 -0.421940744 2.10096788 1.22517550
 878 -0.866049409 -0.268927723 1.01735699 -0.316304713
 879 1.10968578 0.872769535 -1.37670338E-02 0.705729842
 880 -0.901148915 0.601712406 0.319136471 0.189514920
 881 -1.57891321 2.90823030 -1.09876609 1.13454056
 882 0.739947915 1.17098010 5.17760590E-02 -0.247184783
 883 1.14247525 0.161403328 -0.674595535 0.555803955
 884 -0.628062069 2.12041473 0.228724912 -1.81503034
 885 -0.739833474 -0.869893730 -1.09143138 -1.02113104
 886 -1.80231524 -9.10217464E-02 0.420575500 -0.851846933
 887 -8.12696069E-02 0.512555420 -0.499642372 0.729067206
 888 0.754272461 -0.215951085 -1.05388820 -0.186533689
 889 -0.877368152 -0.456828028 -0.477284729 1.68854380
 890 0.822527647 -0.571496189 -0.335209876 -1.38251460
 891 -0.337419569 0.914769828 -0.293217987 7.85230398E-02
 892 0.456192613 -1.51022673E-02 1.06515813 -1.37594092
 893 0.114976950 -0.392072320 -1.24830055 0.767071486
 894 0.258755088 -0.140531570 -0.328340411 -1.58502720E-03
 895 -0.290104210 1.12661982 0.527138829 -0.544760108
 896 0.868472278 0.187806517 0.248515099 0.577051759
 897 -0.874392033 -0.388878316 1.51938033 -1.57590652
 898 -0.885299683 -0.553146601 0.660844147 0.467472732
 899 -1.02258837 -1.37076783 0.666036308 0.520638764
 900 0.630914569 1.62143528 -0.133395329 -5.02754748E-02
 901 -1.51996410 1.36042392 0.234050989 0.592054605
 902 0.495934486 1.62435973 0.414361924 -0.734664619
 903 -2.01671672 9.72205848E-02 8.98212194E-04 0.528129935
 904 0.402618587 2.40265206E-02 -1.98091733 0.890778422
 905 -1.30270493 2.00163579 -0.880962729 -0.159292132
 906 -1.14558399 0.831421554 0.624165833 -0.401732683
 907 -2.15580845 -0.528706729 0.984789908 0.347844929
 908 0.505711734 -0.552990973 8.76588896E-02 0.531558096
 909 -1.09301674 -0.557424605 0.921846926 -3.30655314E-02
 910 2.27248408E-02 0.428134680 -7.27693141E-02 -1.55880678
 911 -0.640381098 -0.305162996 0.312267691 1.85614491
 912 -7.35183433E-02 0.846595585 0.867642879 -0.760362923
 913 -8.43515098E-02 -0.746231258 -9.42764953E-02 -0.751336813
 914 0.522623897 1.46316934 0.727853537 -1.16093016
 915 0.425023973 -0.949735820 -5.11382148E-02 -0.250489742
 916 1.07733178 0.923807025 0.950416505 -0.112336554
 917 3.58380973E-02 2.02815509 1.41819763 0.283780694
 918 -0.534315407 -1.47395182 1.07943082 3.69836688E-02
 919 -0.529441535 -0.310721040 0.987729788 -0.746513009
 920 -1.31531537 9.96191725E-02 0.320057929 -1.23010123
 921 -0.557660997 0.847736895 0.689362764 -1.49459004
 922 0.191050023 0.448064744 -0.421398610 -1.09318280
 923 0.500037968 0.490136713 1.49585819 6.42068684E-02
 924 0.458752632 0.105105743 -0.365337729 -0.381663054
 925 -1.21676159 0.940385044 -0.916999221 -0.207324207
 926 -8.72056931E-03 -1.19721532 1.75567770 -1.41183650
 927 0.742020369 0.176770538 0.876728594 -7.32851923E-02
 928 0.378463328 -1.45469093 1.55936611 0.971497476
 929 -0.861417592 7.08539188E-02 0.811288118 0.370624781
 930 -1.67812824 0.691289783 0.143291414 5.35350144E-02
 931 -1.95830429 -0.666991293 -1.08949029 -2.24108839
 932 -1.41767561 -0.881124616 -9.27773416E-02 -1.76996505
 933 0.614308953 0.472475708 -0.276466787 -1.87911463
 934 -1.84579778 1.28766131 -0.420456946 -2.15723372
 935 0.509318113 -0.143780291 -1.31383389E-02 -0.547704220
 936 0.832725346 1.31849730 6.24770820E-02 0.715534866
 937 -0.898514748 -0.224448979 2.23143721 0.119101003
 938 1.06995559 -1.23949814 1.86932862 -1.15041161
 939 5.45238256E-02 0.178479522 -0.606674910 -0.428317964
 940 -0.905039370 9.80843976E-02 -0.537255585 1.16907966
 941 -5.25494479E-02 1.85895002 1.78350794 -0.193586975
 942 -0.435182869 0.326126277 0.110784471 -1.11282349
 943 0.306019843 -8.33469629E-02 0.338448465 -0.811576009
 944 -0.909706771 -0.327212423 -0.183256000 -4.79116589E-02
 945 -0.314435959 1.35397851 0.448272467 0.392908841
 946 0.321318030 2.38155675 -1.76703620 1.11499310
 947 0.563330710 3.86651233E-02 -0.762257814 3.34331095E-02
 948 0.581646621 -1.00415325 1.25642121 -0.698423684
 949 -7.39163458E-02 9.60211456E-03 0.293572038 -0.254769325
 950 -0.180837378 0.275619715 0.790108919 0.547212124
 951 -0.301552653 1.57822633 0.603834748 -2.39200473
 952 -0.770319700 -0.583383441 -4.47134823E-02 1.39064550
 953 -1.89147735 -0.117898695 8.49241316E-02 0.146520093
 954 -0.379704416 0.960923433 -1.05175662 0.248027205
 955 0.207527027 -1.05011725 -9.36488211E-02 0.605091810
 956 -0.407850832 -0.182932228 2.05796814 0.227308139
 957 -0.432103515 0.368115574 0.774936140 0.334421009
 958 -1.34141135 0.339285910 0.348705351 -0.436847627
 959 -1.94700456 -6.05487823E-02 -1.37318408 -1.99447274
 960 0.514185727 -0.216500193 2.56558359E-02 -1.55235410
 961 -0.795852542 0.897260070 1.00520825 -0.244023696
 962 -0.229485795 1.78863239 -0.368904561 -1.01918697
 963 -0.656254530 0.110409446 0.722168863 -0.560712695
 964 -1.04819047 -0.160319909 1.19007361 -1.58465362
 965 -1.52509344 0.893929422 -0.607970357 1.06364751
 966 2.47190595E-02 -0.850851655 0.137452602 -0.234840378
 967 0.251455784 0.144751221 -0.575353384 -0.138010085
 968 -0.313494176 1.33159816 0.527385890 5.44573069E-02
 969 -1.64332056 -5.35120554E-02 1.15976584 1.03938401
 970 -0.525627196 -8.45184326E-02 -0.112116478 -0.808776259
 971 -7.61828423E-02 1.56216407 0.178953767 4.98465709E-02
 972 0.543332398 -1.80901837 -0.116440281 -0.297721684
 973 0.122418866 -1.17132211 1.10461533 -0.697386563
 974 -0.321673095 -0.648409009 0.618199587 -1.91681492
 975 0.565539062 1.46297765 -0.903517008 -0.173756689
 976 -2.11341214 -1.04487574 0.427661717 -0.358214855
 977 -8.84828791E-02 0.433640242 0.702758372 1.69036436
 978 -0.450157285 -0.383077979 -0.360493124 -0.445104659
 979 -0.278480619 -0.362308562 -1.79693401E-02 -0.215142027
 980 1.28059387 1.72529531 -0.261234969 -0.700888634
 981 -1.14369035 0.349442095 -1.77075028 0.643557787
 982 -0.446941048 -3.17489356E-02 0.182862803 -0.203094065
 983 -9.89621878E-02 0.890079319 -0.368249893 1.38055360
 984 -1.51459479 -0.167508632 0.687214375 0.316456020
 985 -0.107568927 -1.91458213 0.474978179 -1.41563570
 986 -2.05823898 0.775915086 2.30416203 -0.897410154
 987 -1.01137853 0.138759673 -1.18736494 -0.798747480
 988 -1.39628959 0.288005114 -0.349448919 0.326805830
 989 0.267111957 -1.25561738 -1.49631500E-02 1.06252372
 990 0.527413249 1.03702211 0.754828274 0.294343531
 991 -0.154572561 1.49956393 1.59995329 2.54632020
 992 -0.809727550 -1.02711296 2.18463564 3.40488851E-02
 993 -1.07867646 -0.262968898 -0.966803670 -0.326437950
 994 -0.556322217 5.29789589E-02 -1.12301612 1.01171124
 995 -1.79503059 0.111343980 7.31737763E-02 0.717277408
 996 -0.600920558 -0.394078493 1.32229364 -0.386859119
 997 0.725337803 -0.443014771 0.606665254 -0.793238223
 998 -0.522909999 -0.205212563 0.245915815 0.630078316
 999 0.700363278 -0.641865194 -1.03049660 -0.320609182
 1000 -0.311485380 0.251064718 -0.316815585 -0.489515215
 1001 -1.64448535 -1.23462451 -0.852239549 0.128983244
 1002 -0.867314279 -0.476846725 1.00433826 -1.16617227
 1003 -0.712540686 -1.37662399 2.26782858E-02 0.761549771
 1004 0.222257823 1.19181764 -1.58928382 1.24925995
 1005 -0.280085802 1.31592441 -0.859273553 7.34181628E-02
 1006 0.134453267 -1.80863631 -0.440404475 0.892219007
 1007 -0.136145338 1.12299359 9.53485370E-02 -1.24423289
 1008 -1.79028845 1.67333412 -0.573428631 -5.96304163E-02
 1009 -0.134215698 1.61579263 1.64993143 -0.283051610
 1010 -0.957621455 1.15317774 0.590429664 -0.879982948
 1011 -0.660675704 -1.40886140 -0.333675206 0.906392455
 1012 -0.612066031 -7.15746433E-02 1.00799465 0.931122065
 1013 0.899917603 -0.323213279 0.726105630 -1.78355932
 1014 -0.929845095 -8.70771930E-02 -0.112166643 1.33767140
 1015 -1.10182190 -1.20153821 0.597021282 0.699603200
 1016 0.685296059 0.344148338 -1.21246862 1.62986004
 1017 0.970372677 -4.31423634E-02 -0.259044409 1.04297543
 1018 -0.535286665 -0.272588938 -8.50453973E-04 -0.258723348
 1019 1.76283300 -0.523223579 -0.243145823 0.427733749
 1020 8.44113231E-02 -0.522013307 0.915428877 0.712490082
 1021 -0.611965537 -1.79694116 -9.74374264E-02 -0.338797897
 1022 -0.973151326 0.287478209 0.499342054 0.898244858
 1023 0.529196560 -1.19027734 -1.55288553 0.180739924
 1024 -0.377961963 -2.94212401E-02 -2.29871368 -1.67086256
 1025 -0.687392354 -0.921882451 0.975252986 -0.847451985
 1026 0.155279547 0.597649395 8.02608579E-03 0.328800857
 1027 -0.185808957 -1.06767309 2.21535730 -1.32211328
 1028 -0.378663927 0.788746715 1.19929743 0.560892880
 1029 -0.421919167 -1.93501711E-02 0.501540959 1.18821752
 1030 -1.90110588 0.298490882 0.982890606 -0.991078854
 1031 -1.73305571 -0.695228040 -0.244530678 0.591057479
 1032 -0.103235990 -0.251240939 -0.993070602 -2.00324035
 1033 -0.172956079 -0.223614439 0.750660360 0.204466730
 1034 -0.823445380 1.02989244 -1.03602612 -0.527436554
 1035 -1.24494898 0.636668265 -1.47115064 0.369017482
 1036 0.250637978 0.167772964 -0.887506127 0.162759542
 1037 -0.951838911 0.873976469 1.27756929 0.835396826
 1038 -0.268705964 0.632647514 -0.906083703 0.906677544
 1039 -2.51243210 -1.18893421 -0.795458317 1.04809785
 1040 0.525314689 0.200423628 -1.24162328 1.68823576
 1041 1.28661299 -1.93758488 2.20705366 0.577447057
 1042 -0.992218494 -1.28899550 -0.983383954 -0.253412604
 1043 -0.494795203 2.17100310 -0.682383120 0.249847084
 1044 -0.773298740 -0.170164853 0.409214914 0.599177241
 1045 -0.923879385 -0.675937653 -0.654109120 -0.603351295
 1046 1.22493660 1.53274751 0.263211489 -0.297994941
 1047 -0.181548759 0.777441084 0.783661842 0.623399436
 1048 -2.66391182 -1.11923718 0.952112496 0.577310085
 1049 -0.462817729 -1.17925060 0.879382491 -1.00543833
 1050 -0.648367286 1.65426445 0.703920484 0.468749225
 1051 -0.546039164 -0.112153143 0.482001752 1.29585803
 1052 0.660854399 -0.300860167 -0.168161169 -0.922335267
 1053 0.364303887 0.319645584 1.34462559 1.50113523
 1054 -1.63205600 -0.106534943 -0.139125764 1.58187115
 1055 0.137311280 2.44351578 -0.326913536 1.58848047
 1056 -1.80288243 1.85285473 -0.297698319 0.431547046
 1057 6.37629926E-02 1.05536187 -0.739751995 0.582038403
 1058 -1.75042486 -6.10822439E-03 -0.419555664 0.344428569
 1059 -1.14807832 0.191221133 -0.736921787 0.288158387
 1060 -1.46175492 -3.81431431E-02 -0.527946472 -0.434216589
 1061 -3.08601904 0.664638877 -0.536881506 1.61939168
 1062 -0.623785615 -0.349617869 0.505017400 0.443915486
 1063 -2.24434209 -0.979464114 -3.26759052 -0.709729671
 1064 -0.650648773 1.81051588 -1.97419167 -0.495112449
 1065 -1.91830540 -1.14932346 -1.04487014 0.660078406
 1066 -1.39608800 -1.18981051 -0.423313946 0.613385201
 1067 0.376589477 -0.377817750 1.05025387 0.324495137
 1068 0.359678745 0.819387376 1.29468346 1.84159207
 1069 -1.01139677 -0.107204914 -0.724513888 0.550885320
 1070 -1.32189465 -1.07437456 1.52662635 -0.658717811
 1071 -1.11272287 0.388678253 -0.839776278 6.55663311E-02
 1072 -0.784152329 -0.322143525 -0.435673475 -0.842811942
 1073 -0.660671711 -0.120780259 -1.56483901 9.50633734E-02
 1074 -0.750271261 -0.764827073 0.434300572 1.45623100
 1075 -2.47815657 0.248726577 -4.67051566E-03 1.04183960
 1076 -1.18622375 0.367385089 0.199066505 0.184060335
 1077 -1.73752415 -0.641907275 0.546677232 0.699302673
 1078 -0.545587778 -1.00489414 -2.95520425 0.863080859
 1079 -1.77112532 1.09882116 -0.755714715 -1.58226979
 1080 -0.313136220 0.726221323 -1.04762197 0.630121231
 1081 0.201157123 1.83707249 -0.286734611 -1.12331137E-02
 1082 -2.01336288 -1.95258617 0.620275915 -0.742552280
 1083 1.08579338 -1.37154210 -0.322988361 0.423086345
 1084 -1.29223382 -1.89788115 0.861060977 0.729052722
 1085 -0.988812566 4.01753411E-02 1.21970057 0.418815851
 1086 0.166610152 1.57181942 0.344428182 -0.231408656
 1087 0.111665860 -1.73281062 1.67385542 0.337037981
 1088 0.702998817 0.759094954 1.74127007 0.207968190
 1089 1.72000003 0.146174073 0.289359570 -2.28599459E-02
 1090 0.519833088 0.246715575 0.607108593 4.45538275E-02
 1091 -0.746436656 -1.05008709 -2.24958360E-03 1.22446668
 1092 -0.466642559 4.42736372E-02 0.317109197 0.885113060
 1093 -4.86062467E-03 0.636577249 0.419598311 0.595260859
 1094 -0.331397831 -0.676139116 0.927636623 -0.739483356
 1095 0.933369398 -8.50334466E-02 1.27017462 -0.371568888
 1096 -3.63472402E-02 0.469833821 1.93121946 4.06542905E-02
 1097 -0.484962881 -0.191074312 -0.766219258 0.507287621
 1098 -0.760927975 -0.885404468 0.945732713 -0.473808408
 1099 1.21787274 0.422620565 8.27515274E-02 0.233607784
 1100 1.65728736 -0.369951695 -0.480823696 -1.60199106E-02
 1101 -0.146168962 -1.60574615E-02 -0.119425267 -0.494643122
 1102 1.31127477 0.883679032 -0.659177542 1.17854238
 1103 -8.01886544E-02 2.61660290 -0.811902523 1.92050827
 1104 0.743995547 -0.634399176 0.591119409 -0.605135977
 1105 1.87500513 -0.400175273 -1.10491192 0.552678704
 1106 -0.519831538 -0.704559028 -1.10065806 0.814610779
 1107 0.250865102 0.155258745 -0.300942063 -1.52026033
 1108 -0.106828697 -0.578224421 -0.534102142 0.204676807
 1109 0.195138574 -2.20449710 1.85433638 0.181905851
 1110 1.31057727 -0.630598664 -0.909894466 -0.407255471
 1111 0.547492206 -2.18007159 -8.84377956E-03 -1.27809906
 1112 -0.301011950 -0.469797909 -0.521432281 0.970400453
 1113 5.64770848E-02 0.938333750 0.316430181 -1.00736785
 1114 0.749381661 1.22679055 -1.08166242 -0.748996437
 1115 -1.49603820 -1.93437600 -0.417210817 0.247996390
 1116 -1.34111166 -1.04882264 0.453070045 -1.07316530
 1117 0.198361307 0.310418904 0.509732366 1.50598371
 1118 -1.42554545 -1.46567309 -1.10199869 -3.71928513E-02
 1119 1.09482789 -0.256603986 0.625380814 0.430219650
 1120 -6.21847920E-02 0.244026199 -0.430473685 7.49184191E-03
 1121 1.00617945 0.376647651 0.768778563 0.296768546
 1122 1.54398811 -1.49397504 1.31908786 -0.746390820
 1123 -1.60350037 0.763319373 0.276208967 -0.476168931
 1124 -0.380041540 0.868108511 -1.47755063 1.06156230
 1125 -0.446101725 1.37094438 -0.612213850 1.59289837
 1126 -4.11492437E-02 -0.476738930 0.122416340 0.766419113
 1127 2.87960553 -0.443053186 1.17032456 -0.295379221
 1128 0.205415189 -0.352660418 0.763300359 0.570785105
 1129 -0.422777683 -0.133551002 0.556311369 -0.332810313
 1130 -0.156550214 1.44590342 4.75222617E-02 0.164429873
 1131 -0.709201336 -1.61728013 -0.596612275 0.336909890
 1132 -8.19716752E-02 0.162845701 -0.175512671 1.07366610
 1133 0.237510055 0.565462112 -2.07250261 0.980117023
 1134 -0.414966762 0.411305666 -1.23803926 0.672474325
 1135 -0.317876637 -0.721572161 -0.935403705 0.830498695
 1136 0.925321817 0.543449938 1.16834533 0.392432123
 1137 0.518797517 -0.558749735 0.183626622 -0.639456213
 1138 0.698176503 -1.12346625 1.48519552 0.500553131
 1139 -0.334979385 -0.590396941 0.644730568 -1.68989873
 1140 2.39507461 -0.628805518 -0.672973335 -0.669451296
 1141 1.68219852 0.731006861 -0.746055007 -2.07231617
 1142 -0.408781826 -0.981595993 0.804886460 -1.06954587
 1143 0.170066670 1.81813943 -0.451977640 -1.53556156
 1144 2.93522501 0.227772221 0.160124660 -1.84734738
 1145 1.06333244 -0.932227015 -0.242623925 -0.845915198
 1146 -0.596956253 0.257246941 -1.10526192 -1.45819950
 1147 -1.39181018 -1.21547568 0.446071923 -1.97506213
 1148 1.22629416 -0.449192256 -1.98439026 -0.648458242
 1149 1.70659351 1.37575936 -0.358875036 -1.11437535
 1150 1.37302339 1.70903969 0.192904770 -1.14448571
 1151 0.413906991 -0.181197017 -1.09641957 -2.10296488
 1152 1.36591268 0.782956541 0.700964153 -1.42763054
 1153 -0.353633851 -0.631612420 -1.70666766 0.631882787
 1154 1.08554184 1.06089950 -1.44742894 -1.24480343
 1155 -0.450114965 1.22898245 -0.886664450 -1.45418882
 1156 0.392304540 2.61604619 -0.686340332 -1.93842840
 1157 0.756324768 1.74367344 -0.165138304 -0.558420539
 1158 1.07148957 -0.292243451 0.694836855 2.05986202E-03
 1159 0.767298818 -0.260337889 -0.638270915 -0.926051855
 1160 -0.845651507 -1.50184560 -2.60356069 -0.332248658
 1161 1.40022731 -1.07841623 1.50948334 -0.227822587
 1162 2.41507435 0.607985258 -0.746424794 -0.789858520
 1163 1.38235474 -0.419708431 -0.467755973 -2.04007721
 1164 0.377548337 -0.435567915 -1.93330526 -1.38920164
 1165 0.408889711 -0.154986680 -1.12516034 -0.175761849
 1166 0.948464632 1.96072650 -0.160205096 -1.37114477
 1167 -0.846676826 0.389112175 0.692667782 -1.87122965
 1168 0.723724365 0.967836380 -0.341376305 0.364714265
 1169 1.71686256 -1.52686739 1.00911939 -0.577135444
 1170 1.33630967 -0.607674181 1.16405869 -0.929711163
 1171 1.58344197 0.525893927 0.717704117 0.299306840
 1172 2.11863494 -1.13399816 -0.219220966 -1.80305338
 1173 2.18247557 0.543758571 0.326163769 -1.04941976
 1174 0.824456096 -1.16577983 -0.434108317 -1.44860613
 1175 0.248071313 0.579728961 -0.223613739 -1.03059459
 1176 -0.923437953 -8.05199444E-02 -0.393756092 -0.594946623
 1177 0.231995195 1.44636643 -1.46262503 -1.37873554
 1178 1.70560026 -0.226422429 9.29376483E-03 -1.10708499
 1179 2.17635703 0.681072712 1.19047964 -1.51557267
 1180 1.00946021 -0.936145186 -0.247953266 0.547005653
 1181 -9.66804922E-02 -1.02713728 -0.478988856 -0.641004920
 1182 0.538844705 -0.154094726 0.935345411 -0.597244620
 1183 1.05493879 0.790932536 -1.80289292 -1.12126970
 1184 0.852187335 -0.649910331 1.29000509 -1.28412938
 1185 1.68402112 -0.646222651 -0.984783053 0.599288821
 1186 1.23090863 -1.21901107 -0.274751514 -1.04154634
 1187 2.74163437 3.33251357E-02 -0.796712160 -1.28795230
 1188 0.695176482 -1.71736825 1.16293359 -0.996910691
 1189 -7.85850063E-02 -8.62753391E-02 -2.78324699 0.939032197
 1190 1.22494149 1.56708479 0.370399684 -0.137850285
 1191 2.23929048 -0.299707979 -0.350808114 -1.73302138
 1192 -2.41105747 0.446811378 -2.54651380 0.539471924
 1193 0.209237128 4.27963510E-02 -1.42826569 -0.882005572
 1194 2.48182714E-02 1.17894280 0.230972260 -1.48289108
 1195 2.09851551 0.239278585 -0.640489280 -1.28268588
 1196 2.38228068E-02 -1.05196917 -0.373199165 -1.53646934
 1197 0.341575623 1.08319199 -1.17938423 -0.381075412
 1198 -0.551334679 0.681060195 -1.73064947 -0.774031639
 1199 1.28278863 -0.541972160 -0.160522282 -1.72094703
 1200 2.33659196 -0.232346550 -2.16307259 -0.303001165
 1201 0.174129546 0.448298663 0.198186293 -0.811706483
 1202 0.393403649 1.09055531 1.89891458E-03 1.89505267
 1203 1.38371682 0.895908237 2.05157548E-02 -0.878500283
 1204 0.554630637 1.21654189 -0.244276896 -0.409156561
 1205 1.31398642 -1.08885393E-02 -0.807540178 -0.704848528
 1206 1.46533358 -0.366228282 -0.492211878 -1.15222549
 1207 2.49813271 -2.60310650 -0.624484718 -1.56612825
 1208 1.03217876 0.654852033 -1.06196368 -0.588529944
 1209 1.64146161 2.14425159 -0.664105356 -1.42090511
 1210 1.64396966 -0.521718502 -2.04904866 -0.685638607
 1211 -0.733484685 -0.240577877 0.203510821 -1.66766822
 1212 -0.296520293 -0.188250199 -1.67073238 0.216206774
 1213 -0.115152255 0.510919869 -2.20671248 -1.63781679
 1214 0.734139025 0.896434665 -0.347757965 0.776799977
 1215 0.850082695 1.25676477 -1.52315235 -1.66727543
 1216 0.353272408 -1.15084147 -1.60403848 -1.83390582
 1217 1.46432161 -0.455087036 0.380058289 0.990501881
 1218 0.723820925 0.929876566 -0.634029567 -1.94545996
 1219 1.06699991 1.20774245 -1.52363062 -1.55714262
 1220 1.01314378 -0.770883799 -1.31626153 -0.157697842
 1221 1.09789968 2.18022776 -0.104376405 -0.418775350
 1222 -0.203162819 -0.334334224 -6.44161105E-02 -1.80594528
 1223 1.26154602 8.15834552E-02 -5.38565218E-02 -2.35999012
 1224 0.167798340 1.26800513 0.283725798 -1.93093634
 1225 -0.412477583 1.05070889 -1.24694920 -1.80104208
 1226 -0.536309719 0.521301568 -1.59087777 -1.35528874
 1227 -1.14460683 0.419087112 -0.265047193 0.229656041
 1228 3.32062554 -1.58608055 -1.67822134 -1.86846745
 1229 0.465684503 0.186710149 0.152556822 -1.77397084
 1230 2.58420634 2.00803375 -1.00787258 -0.410383403
 1231 -1.11064732 9.52529609E-02 -1.23470652 -1.08205378
 1232 1.76800811 6.43527359E-02 -1.87448263 0.729094148
 1233 -0.370795161 0.213650495 -0.697946072 -0.451363802
 1234 2.51524091 0.846217930 -0.816679716 -0.981105685
 1235 -0.158038527 -0.371718407 0.977899611 -1.93159473
 1236 -1.15337849 1.69533443 1.65767550 -1.85092592
 1237 -0.120702043 -2.82038301E-02 -0.240997344 -1.70189774
 1238 -3.25706229E-02 -0.479749948 -0.407537937 -0.803454101
 1239 0.917289972 0.380851120 -1.60425901E-04 -2.06285739
 1240 0.708851218 0.881296217 0.941352010 -1.56436503
 1241 2.24137306 -0.682856143 -0.409833074 -1.67391312
 1242 1.61669934 -1.07985079 0.566985428 -0.648427486
 1243 2.28794622 0.545166373 -0.378848046 -1.29735696
 1244 1.22203290 -1.71976793 -1.70807099 0.225085914
 1245 1.49516344 3.29983830E-02 -0.131509244 -1.10371387
 1246 -1.31286693 1.09623373E-02 0.500780761 -1.92452264
 1247 0.487153411 6.07197359E-02 0.145748273 -1.06318510
 1248 -0.193106100 0.123579770 0.757408381 -0.366621077
 1249 1.23645782 9.15200189E-02 1.00216508 -1.87834346
 1250 1.35093284 0.923608661 -0.120074630 -0.747830987
 1251 1.12771297 0.282553256 1.61967599 -0.758049250
 1252 2.41963840 -1.11161268 0.397943795 -1.95738471
 1253 -0.296998799 -1.01787364 0.593004704 9.79892239E-02
 1254 2.47557545 0.817160130 -0.621165991 -0.517478943
 1255 -1.81343675 1.31692684 0.772079587 -0.818495512
 1256 -1.10314572 1.84061766 -0.578849077 1.07448959
 1257 0.271400332 0.577191830 1.70597041 -1.98807502
 1258 -0.851617336 0.396712363 1.03906918 -0.535560012
 1259 -1.32699394 -1.28779650 -1.03293061E-02 -0.779567659
 1260 0.431772143 -1.21529841 -1.59535885 -1.35477042
 1261 0.282396704 0.875961602 0.835569382 -1.95204401
 1262 0.490727782 0.674871445 -0.616513371 -1.09510994
 1263 -0.116790585 0.808880031 4.71840501E-02 -1.70381129
 1264 2.34307885 -1.46592832 -0.398799956 -0.477669001
 1265 -0.552194834 0.725200593 -1.31254637 -1.08075285
 1266 0.781024635 0.408129692 0.794511139 -0.838770866
 1267 0.940608084 1.25136137 -1.13315034 -1.74991739
 1268 -1.12591040 -0.687507927 -0.797230184 -0.293648928
 1269 0.240837604 -0.349634528 0.310629994 -0.911872804
 1270 -0.279792666 1.40276647 9.38008949E-02 -1.13914168
 1271 -0.471928358 -8.14014301E-02 0.145702466 -1.48202550
 1272 1.03788722 0.836723804 -0.892152071 -0.298641980
 1273 -0.637052536 1.59724522 -2.01106119 -1.33537614
 1274 0.219505191 -0.258472919 -0.564226329 -0.371408761
 1275 1.23101938 0.181933135 0.809570968 -1.33022249
 1276 -2.11792684 0.675384283 0.550183713 0.588298976
 1277 -0.247345001 1.53571701 -0.806066334 -1.23899972
 1278 0.447657585 0.341573954 -0.540538430 -1.93160033
 1279 1.20917428 1.25281870 0.490776420 -2.29520035
 1280 2.38638592 0.502797365 3.10766697E-03 -0.617486119
 1281 2.44929123 -0.437893122 -0.313819915 -2.01357031
 1282 0.597362041 -0.748777866 -0.998571634 -0.829842269
 1283 1.11068976 0.543445170 -0.190742493 -7.31150806E-02
 1284 -0.688843489 0.991117775 0.460275531 1.40040207
 1285 1.28735304 0.606296599 -0.755613148 -1.12006438
