 1 -0.709776521 1.42148519 0.268098593 1.67669320
 2 -0.745753288 0.936278820 -0.636990964 0.696247399
 3 -0.810836673 3.62824053E-02 -1.25236630 -0.703180671
 4 -0.430181354 -0.356439233 1.75096679 0.390205562
 5 7.25353956E-02 -0.151341081 1.12563920 0.587293625
 6 -0.502239287 -1.72273755 2.39892650 0.327827781
 7 -1.22238970 -0.212467045 -0.633878410 0.156158194
 8 -0.250219345 9.43446010E-02 2.17252517 -0.577133179
 9 1.15055633 -6.63351715E-02 1.37099242 0.696713507
 10 -0.753588736 -2.17070818 0.851389587 0.769470632
 11 -0.934316456 0.791816175 1.32623875 0.933944941
 12 0.331886113 -0.371588707 1.28393483 -1.07552171
 13 -2.31517315 -0.801457703 0.348801196 0.214780688
 14 -0.695637226 -1.97718275 1.11102319 0.505993068
 15 -0.297040313 -0.510005891 -0.818857789 -0.425502211
 16 -0.379370809 -1.31265485 2.46922350 -0.875083864
 17 0.981546402 0.540819049 1.23006105 0.473758578
 18 -0.568324804 -1.25736403 -1.23225868 3.13582420E-02
 19 -0.659970284 -0.457637966 0.980082929 0.292770177
 20 -1.58748531 0.700416386 4.16092873E-02 0.920746922
 21 -0.222366005 -0.250334024 1.53657997 0.546164989
 22 1.05271518 -0.348998457 -0.523758411 0.793791831
 23 -1.30200803 -2.01920891 0.550138354 0.278053612
 24 0.505085707 -0.925965726 -0.841768384 -1.09809625
 25 -0.272063494 1.29224217 0.514575601 0.878999472
 26 0.936855197 0.526202738 -0.664597034 -1.96955872
 27 1.31787622 -0.810467362 1.70472693 -1.03257608
 28 0.105791509 -2.37267065 1.25210905 0.350107312
 29 -0.288728714 -0.355521798 -1.42736864 0.191464111
 30 -0.678927898 1.08515012 -0.440668970 0.355807632
 31 1.23984528 0.130911499 0.189028606 -0.681472421
 32 0.339317203 0.984154344 1.19051838 -0.273088634
 33 1.58850503 -0.458540320 0.484427780 0.824229836
 34 0.158687472 1.15956986 -0.641206384 0.267276436
 35 -6.49714470E-02 1.58692694 -1.03804672 -1.02722466
 36 0.316377133 6.22383431E-02 -0.885975480 9.93293896E-02
 37 0.319261760 -0.342609227 -0.784382701 -0.446971595
 38 -0.519296944 -0.736502707 -2.32354188 1.43406034
 39 6.00289404E-02 1.22161172E-02 -0.175325423 -0.372906804
 40 -0.664544702 0.157283068 -1.40813398 0.364058405
 41 0.302545875 0.247797251 1.38394380 -0.296372056
 42 0.725171566 -1.93993545 -1.72795630 0.104421921
 43 -0.659263015 0.338937879 -0.642385840 -0.183164984
 44 -0.881748676 0.950639188 -0.535618365 1.94589269
 45 -1.26933956 0.478819758 -6.49392456E-02 -0.665959954
 46 1.74958122 0.729948997 -0.989994168 0.707483470
 47 0.691371024 -0.674424291 -0.249272019 0.970559478
 48 -0.114446320 1.59057200 -0.224429727 0.885063112
 49 -2.40466356 0.145267159 -1.21373200 0.112693459
 50 -1.67067647 0.948008180 1.18157995 -0.801783144
 51 -0.565972030 -0.854601800 0.787629783 0.780858874
 52 -3.81661677 -0.589532435 -1.20722020 0.813696980
 53 0.247620761 0.412766933 -0.301810443 1.26994026
 54 -4.40381989E-02 0.454315722 -0.229664385 0.218167588
 55 -0.147754461 -1.68705702 0.766481638 -0.795202672
 56 1.02558362 -1.46836400 -0.449007273 0.863709211
 57 2.88669825 0.335825622 0.381023735 0.793731868
 58 -0.890077174 1.10308957 0.163336486 -1.05949485
 59 -1.59416246 1.93846071 1.03735399 -0.626138747
 60 1.15903294 0.252677709 -5.18736653E-02 0.471287817
 61 -0.996075034 -1.90060389 -0.825077772 0.217217445
 62 -0.665073276 0.678639591 -1.78826010 0.590552032
 63 -0.740958571 0.479244173 -0.843589187 -0.542331398
 64 0.647326291 0.131570220 0.191394731 -0.836132824
 65 5.62251881E-02 -0.280672044 9.74404514E-02 0.399939060
 66 2.96954513E-02 1.15039098 -0.976485014 -0.100129068
 67 -4.55954745E-02 -1.16319895 -0.303830862 -0.369643331
 68 0.992164314 0.197254255 0.136485696 -2.31929946
 69 0.566740394 -1.07571411 2.23920321 1.59400439
 70 0.445818037 0.338402778 -0.710593104 -0.192698374
 71 1.09368384 -0.328304976 0.686685085 1.05925679
 72 1.26197910 -0.330112696 0.804372966 -1.61069798
 73 -1.60396659 -0.621524751 -1.00422072 0.267687201
 74 -7.91786313E-02 -0.576148272 -2.03718281 -1.30498207
 75 3.28946114E-03 -1.38728583 -0.713537455 0.422446936
 76 1.37747085 0.756283283 -1.03442955 -0.196018666
 77 -0.113056362 -0.691794157 -0.359408051 0.304039270
 78 -0.693872571 -0.735907793 0.259957999 -0.830344617
 79 1.81879842 0.413116664 0.141842857 0.390101135
 80 -9.68419909E-02 -1.80401015 0.546875477 0.380988628
 81 1.33143067 -1.74593508 -0.580722570 1.03707564
 82 -0.484873742 0.113848262 -0.630020976 -0.139718488
 83 0.911661625 -0.361479819 -0.149595022 0.912223577
 84 -0.626429677 -0.872567832 -2.44957399 -0.753638864
 85 -0.375372320 0.366862178 -0.702297926 1.57355714
 86 0.626773000 -3.25924456E-02 -0.791648924 0.271597862
 87 0.481240898 0.835052788 1.35619295 -1.92314088
 88 -0.728656769 -1.12480938 -0.210922480 1.29845619
 89 7.28875324E-02 3.55765224E-05 0.764421344 -7.09269941E-02
 90 -0.876890838 -1.04649317 0.686422467 -0.714981079
 91 1.89990401 -6.10623062E-02 -0.932188272 -0.929342508
 92 -0.520582259 -8.98822546E-02 2.85062343E-02 0.464003384
 93 -0.981911361 -5.89012429E-02 -1.53074586 -0.756686330
 94 1.36301517 -0.258556783 -0.340857029 -2.12074780
 95 0.652834177 0.328458518 0.529826462 -1.22640371
 96 1.52966583 -2.33802009 -1.93005526 -1.00720584
 97 0.242381573 -0.732867360 0.587255538 0.566989124
 98 -0.210782200 -1.04344249 -0.240190610 -0.458871424
 99 -1.52685642E-02 -0.827426672 -0.806459188 0.969160199
 100 1.11489809 2.17227077 -0.262651205 4.90093827E-02
 101 -0.141238958 0.932377696 0.403071880 -0.989486933
 102 0.243173733 -0.548433483 2.87077650E-02 0.311892331
 103 -1.03931928 -0.811342955 -0.539822042 -0.258572340
 104 0.420916498 1.05223608 1.28344417 0.361086667
 105 -1.01142470E-03 0.119916812 1.04874074E-02 -0.854949772
 106 1.74793160 -1.07641876 -0.157478869 -0.588243544
 107 -0.185510039 -1.82938635 2.47617102 8.94944370E-02
 108 -1.23202288 -2.09248996 -0.912650466 -0.577301621
 109 0.126472354 -0.674930215 0.673085272 0.759646416
 110 0.595167994 0.114907578 -1.00391424 1.15088356
 111 0.590698063 -0.504438639 -1.11979926 0.884667933
 112 2.10162252E-02 1.75376177 -0.394093931 -1.56680620
 113 -1.02772474 -1.65641952 -1.36262500 0.550492346
 114 -1.91461253 -1.19393098 2.58372355 0.609889030
 115 1.31114984 6.12095296E-02 -0.264419764 0.327451110
 116 -3.70590910E-02 -0.586955428 6.72129393E-02 0.295387685
 117 -0.825430512 -8.58550966E-02 -0.228776112 0.257873833
 118 0.883950114 -0.357177854 -4.11907062E-02 1.13839149
 119 2.22724843 1.99016094 0.761225641 -1.04764104
 120 -2.03064275 -0.804520905 0.936056316 -0.691943765
 121 0.695531547 -2.25790071 -1.70792866 -0.925262272
 122 6.95337877E-02 -2.93144631 -0.301379472 0.439908564
 123 1.78825319 -3.32079840 -0.644334018 0.525503695
 124 -6.92504793E-02 1.19222689 -0.609363496 1.04420209
 125 0.131345421 -1.89752483 -0.454710096 -1.09757543
 126 -0.184697181 -2.05918765 -0.499879777 -2.31252909E-02
 127 0.738663018 -8.60531479E-02 -0.273601115 0.803573251
 128 -0.109288931 -0.813523769 0.667330682 -0.673095465
 129 -0.487464398 -0.883594513 0.827083230 -0.534449100
 130 0.640573859 1.26243651 -1.69003439 0.835195422
 131 -1.23158765 -0.903819263 -7.09659606E-02 -0.937353075
 132 1.26843905 -0.575577557 1.41981125 0.650540411
 133 -0.429327428 0.679907978 1.18628907 0.484653294
 134 0.292963952 4.65727299E-02 -0.588216186 0.957996249
 135 0.100661859 -0.337145925 0.946720541 0.338123947
 136 0.549360991 -0.577648938 1.61236203 -0.676524997
 137 -1.40404725 -0.586889505 -1.49525714 0.874325931
 138 -1.62766743 -6.40864968E-02 0.706012964 0.277284503
 139 0.964389443 0.343243420 -0.606365085 0.296541661
 140 0.920391321 -0.331211597 0.384745002 0.924845636
 141 2.41173077 -0.146664754 -1.41059089 0.934405804
 142 2.98229337 -0.194015741 -1.31789470 1.79330182
 143 1.39475274 0.909112215 -0.977610350 0.751356363
 144 -0.244150460 -0.411169589 0.788709581 -1.03932691
 145 0.438683778 -0.274014533 -0.432556212 1.24411869
 146 0.415863812 0.893739939 0.128427476 0.996996701
 147 -0.377004206 -1.75021648 0.319878876 -0.534668386
 148 0.468866885 0.389730245 -1.91045880 -1.07849240E-02
 149 -0.224480972 -0.807002008 0.713524342 0.445435613
 150 -0.368163586 0.692184687 -2.04504895 0.688420653
 151 -2.30357981 -9.90619659E-02 2.03537941E-03 0.401465833
 152 0.433447063 -0.341126829 1.37237406 -0.549066722
 153 -6.54284060E-02 0.665513039 -0.182005644 -1.07160473
 154 -0.109761462 -0.984641790 0.842202306 -0.534680247
 155 0.970583975 0.286460936 0.445027769 4.09536362E-02
 156 -0.813792944 -0.570708036 2.00220776 1.07520521E-02
 157 8.83851796E-02 -0.685555458 1.02774429 -1.13701200
 158 -2.53279090 -2.54646659 2.25161389E-02 0.178601459
 159 -0.113530084 -0.445721239 -0.408778220 -1.00604248
 160 -0.235740766 -0.407380223 -0.825932682 -0.488009125
 161 1.25395858 0.827581465 1.38956273 0.131875902
 162 2.00776243 -0.639838994 1.41987419 0.489453197
 163 0.870193481 1.35955548 -0.419335127 1.49166620
 164 0.575528502 -1.40880680 -2.49473572 0.331772745
 165 -1.01022327 -0.243965998 0.886547029 -0.269010842
 166 1.27053142 -1.25528598 -0.996620238 0.197033674
 167 0.911226511 -0.384688437 1.96864092 -0.859709799
 168 -0.951207340 0.406586856 -2.62582517 -0.926114798
 169 7.82246292E-02 0.537693024 -6.36108443E-02 -0.367308140
 170 -0.904397488 -0.835226476 0.103014909 1.16080225
 171 0.287890494 -0.949802041 -0.614377260 1.26634014
 172 0.165387169 0.260541290 1.30044734 0.321488172
 173 -0.779645979 -0.979131222 -1.92523822E-02 -0.417184442
 174 1.27342093 -0.488708705 -0.759603262 1.11910892
 175 -0.560098171 0.606580257 0.961277246 -0.743455708
 176 -0.651405692 -1.43517697 -0.668730319 0.467512637
 177 0.599499047 0.997857451 0.431869298 0.573254108
 178 1.03834105 0.779920995 0.916708946 -0.753168225
 179 0.260460019 1.00613630 0.728196621 0.722988367
 180 -0.687506676 -0.214711025 -1.51857412 -0.617140055
 181 -8.44642594E-02 -1.35337877 -0.346085399 1.53083587
 182 -2.48437226E-02 0.984297633 1.15712857 0.539125681
 183 -0.348121285 -1.75289941 -0.499320090 0.762337446
 184 -1.26434577 0.623140872 -0.629505038 -8.74622762E-02
 185 5.96013777E-02 -0.185381889 0.762206256 0.328859359
 186 -1.48419297 1.07213116 1.98219609 -0.217598975
 187 0.821466208 0.375771075 0.512664855 0.758055747
 188 -0.447034776 0.839485228 -2.53029728 -3.66994441E-02
 189 -1.55775082 -0.750535488 0.804679215 0.524113178
 190 0.723272383 -0.904769480 0.357573152 1.20056045
 191 2.07817411 2.04523253 9.25670862E-02 0.312578797
 192 -1.68003988 1.02587593 0.749130130 -0.446018636
 193 -0.500038028 1.36349750 1.40221930 1.26073122
 194 1.88942051 -5.15350401E-02 -0.592836380 -1.28666556
 195 1.90485406 1.71220899 -1.57633662 0.276928097
 196 1.57830095 7.57023841E-02 -0.314316332 0.451065958
 197 -0.380964696 2.73230004 1.69044888 0.275771916
 198 3.25858966E-02 2.25026941 2.62094975 0.843974531
 199 -0.466713607 1.00905013 9.90921706E-02 -1.93414724
 200 0.533453763 -1.13349557 -1.36031353 -0.179140344
 201 -0.522613645 -1.90767050E-02 -1.24516082 0.328843594
 202 0.721670389 -0.441598147 0.460848391 1.15055108
 203 -1.35006154 -0.714089274 0.756848693 0.535151362
 204 0.155377179 -0.180190742 -2.09022665 -0.362937629
 205 0.123559445 -0.340457916 -0.540757179 0.355690151
 206 0.298478365 1.20802426 1.96482623 -1.93220484
 207 -0.452134907 0.737116873 -1.52317238 0.419671148
 208 2.19893980 0.679762125 -1.36067379 -0.545174837
 209 -0.369634956 -0.469715893 -0.646732867 -0.919971764
 210 -0.403766096 -0.376110494 1.20565903 -0.108790398
 211 1.06263757 -1.40462661 0.734123230 0.619680762
 212 1.16989636 -0.439570278 -4.00512703E-02 -0.528788090
 213 0.630026042 -0.502987742 0.801273286 -0.676720321
 214 0.355013311 -0.999615490 0.284780830 0.983304083
 215 0.873832822 -0.224541336 -0.928649664 0.358957589
 216 0.481923163 1.28489566 2.04252005 -1.06093383
 217 -1.48674101E-02 -0.787423968 0.180341214 0.568075895
 218 -3.51804048E-02 -1.42647469 1.33642578 1.96320319
 219 -0.464312315 -0.802478671 -1.05582011 1.23643398
 220 -0.432221085 1.55119729 -0.435029030 -0.735189319
 221 1.75524187 -1.98863149 -0.760731995 0.610970378
 222 -0.788424611 -0.718692839 2.22336817 -2.62276649
 223 -0.567457795 -1.70452785 -0.704113245 1.49243903
 224 -1.74216533 1.47328973 0.277173579 0.583464265
 225 -0.871996582 -0.197972238 2.13982201 -0.781119466
 226 0.717864335 -2.78870678 -0.111332625 0.723307610
 227 0.110576920 -0.254984587 -0.566646874 0.233988151
 228 -0.489066690 1.11610270 -0.171765581 -1.06855571
 229 1.08595335 -0.936901748 1.14541590 0.616596997
 230 1.68799233 -1.29899168 -1.05286193 1.40736306
 231 1.78892875 -1.97531486 -1.40350783 1.05121744
 232 -2.25110984 7.93663114E-02 0.960044086 -0.269691825
 233 -0.491908610 -2.02191234 -1.07416725 -1.50177515
 234 0.142051756 1.05705059 -1.30008006 0.288592935
 235 0.267501444 -0.359993368 1.60228956 0.986889124
 236 1.88546085 -2.03225946 0.619403839 0.800810695
 237 1.71372294E-02 1.35810816 1.74442363 0.776339054
 238 0.378518790 -0.798630595 -2.17799991E-02 -1.42300618
 239 0.876649618 -0.784716606 -1.68250084 0.487374693
 240 -1.07537615 1.56375372 -1.86537778 -2.12850165
 241 0.247168779 1.90715897 0.949048162 0.812263608
 242 -0.459485322 -3.09091401 -0.466728032 0.276782930
 243 0.385800362 -1.80751193 0.458196700 0.136276230
 244 0.493128061 0.475886285 1.48345292 0.539439857
 245 -0.331060410 -0.164281234 0.806115150 -0.622579217
 246 0.218090668 -0.495332599 -0.560613692 1.70611584
 247 -0.371722460 0.670924187 2.56463933 1.35983562
 248 0.706379652 1.78929341 -1.15965235 -0.413360357
 249 -1.77431274E-02 -0.598130643 0.129060671 6.48641586E-03
 250 1.98436785 -0.504664838 -1.64501309 -1.96057975
 251 0.945555449 0.666667104 0.814868569 -0.235571951
 252 -0.494175732 0.703581691 0.269821733 0.357464373
 253 -1.01675701 0.649239242 -2.35821581 7.22953379E-02
 254 0.164025918 -0.738530517 0.202774569 -0.969928443
 255 -0.254237235 -0.194456398 -0.418077707 0.249126270
 256 1.60122466 -1.91157770 -0.182476595 -1.04089069
 257 -1.00920355 0.272866786 -0.266264021 -0.914354861
 258 -1.18129885 0.190688550 1.74686909E-02 -9.02040899E-02
 259 -0.554860890 1.60371053 -1.00499642 0.769136131
 260 -2.84148622 0.784099102 -0.479442567 1.38070190
 261 -0.620405436 -2.44681859 0.976366818 0.998437524
 262 -0.186232224 -2.40897226 -1.36292112 0.367522955
 263 6.19763136E-02 -0.354263783 -1.46659291 1.18385184
 264 -0.123160318 0.898390055 -1.16003239 0.291577399
 265 1.00257981 1.71174765 0.403798699 1.04533434
 266 0.678256094 0.424580008 0.286163747 0.201548964
 267 0.971761286 0.891270638 0.514072895 1.19116497
 268 0.804368019 -1.76554000 1.22863078 0.799220562
 269 0.693629026 -0.923954725 -1.00365245 0.885335743
 270 1.17772710 -2.01811194 -0.974489927 -1.56893110
 271 0.896546423 1.22279477 -0.550118387 0.655688465
 272 5.95950037E-02 0.445085019 -0.952033639 0.942772090
 273 -1.65398741 -1.62659979 0.638084114 0.131767079
 274 -0.478042424 0.594019532 0.442974627 0.537985504
 275 2.09148669 1.29593885 -0.824956536 0.811932921
 276 -1.38112283 -0.670347750 -7.43914396E-02 -6.55750036E-02
 277 0.376821399 -1.67603767 -1.29817879 1.11375046
 278 -2.31032968E-02 -0.146804646 1.19100142 0.254966587
 279 0.219052538 -1.09497130 0.630756676 -0.522103310
 280 -0.344189733 -1.04759383 0.711679757 -1.01562059
 281 -0.874254882 3.80240083E-02 -0.533996642 -0.591904163
 282 1.87295926 0.259145081 1.34338641 -0.845028937
 283 -0.647768319 0.513737321 -0.219489455 -0.429214805
 284 0.177604437 0.416831911 0.583112359 -0.959201753
 285 -1.26356459 -2.04964232 0.117638975 -1.97232234
 286 0.584740639 -3.31878755E-03 1.26497936 1.94358206
 287 1.67483830 -0.583022833 -1.17894912 -1.50371826
 288 1.69780993 0.439731240 -0.388087422 1.09119380
 289 -0.698068559 -0.104011312 -0.353567988 -0.891011477
 290 0.281856358 4.97567654E-03 -0.227885783 1.71702302
 291 -0.102914125 0.492080629 -1.22055793 -0.500852466
 292 -1.88349307 0.535097241 0.504500628 1.13426006
 293 -9.33691710E-02 -0.849296689 -1.41506636 -0.761830091
 294 -0.508009732 -1.56636536E-02 -0.561666369 0.897906005
 295 0.861058176 -0.598973513 2.16943049 1.09255075
 296 0.508265257 1.08894312 0.293770939 6.40833676E-02
 297 0.382024705 0.844751000 1.45790029 0.729961634
 298 2.03482485 0.379038215 0.619446993 -0.943502784
 299 1.72480452 -6.23713806E-03 -0.997539163 -0.783445716
 300 -0.715525210 1.21943498 -0.437505752 1.81160402
 301 5.28091192E-03 1.12040210 -0.557831526 0.175545692
 302 -1.04477501 -0.968082845 0.152340353 0.489206612
 303 -1.10194504 0.199314445 -0.919992149 -0.861655533
 304 1.71942496 0.507348537 0.672470748 -0.832354546
 305 -0.303176075 0.909202397 0.745405436 -0.670482755
 306 -4.39417809E-02 -0.898603678 -0.322279543 0.411436439
 307 -0.130958959 0.396916479 -0.433339745 0.629437268
 308 0.872501493 0.195488304 0.464405715 0.957184911
 309 0.207189351 -0.142994449 0.331097901 -2.74542123E-02
 310 -4.60345894E-02 1.53949666 -0.111335605 0.635204077
 311 -1.16736960 -0.274737835 -0.403467596 -0.701279879
 312 -0.676745057 0.752414823 0.157397300 0.153658375
 313 -0.471146971 1.16242099 -0.279612601 0.260151356
 314 -0.931245267 0.380920798 1.75544429 0.872805893
 315 -0.473131448 1.27233863 -0.962259829 -0.867159247
 316 0.231948406 -9.80600342E-03 -1.27734911 0.419652104
 317 1.03432465 2.00233197 1.03796852 0.168036714
 318 -1.49443543 -8.86520296E-02 -0.224232897 -1.06492567
 319 0.377927482 -1.52236545 0.785060287 -0.348276943
 320 0.696965277 -1.19871616 -1.20051098 -1.49619389
 321 -0.868206143 -0.343967289 1.50124645 0.407488197
 322 1.10669136 0.160331547 -0.144244701 -0.351678163
 323 -1.68432307 -3.34272242 -1.16344595 0.612087488
 324 1.41438365 0.122381046 -1.63081670 -1.18414664
 325 -2.49418759 -1.02071130 -0.935338318 1.45039308
 326 -1.19426179 1.55927491 0.557851493 0.398328543
 327 1.56499791 2.45619726 -0.579379261 -0.839757323
 328 1.64298594 1.57304728 -0.324135900 0.160155073
 329 -1.42471492E-03 0.624194384 0.620258868 0.136519000
 330 -1.32598495 -2.01828551 -1.56022239 -0.825460494
 331 -1.01177502 1.33322191 0.166274279 0.499185324
 332 1.15733695 -1.00178659 -0.879068613 1.03816795
 333 -2.01236963 -0.642239451 0.831943512 -2.42255759
 334 -1.03026497 0.918544114 -0.187482789 0.368654907
 335 -1.01517546 -0.323033988 0.795087278 -0.573844016
 336 0.206130996 -0.871243834 0.156563401 -8.63036215E-02
 337 0.991641641 1.01124990 -1.58803964 0.659057140
 338 -1.29077232 1.25250316 -0.651803970 0.217209354
 339 -8.60869884E-03 0.600611448 -1.37243533 0.156746656
 340 0.628803670 0.690230370 -1.27351665 -9.08286273E-02
 341 -0.325246185 -1.30614185 -0.627956986 0.615179896
 342 1.62075341 2.79502273E-02 -0.902136445 0.322538465
 343 -9.36241075E-03 -0.104126595 1.97317004 -0.800577164
 344 -9.58373100E-02 -1.11505246 0.552521527 -0.375761509
 345 -3.76957059E-02 -0.809318125 -0.248540074 0.107810885
 346 2.30804682E-02 0.484084755 -1.04853392 -0.573205829
 347 1.58830190 -0.846593022 0.893991768 -1.33718073
 348 -1.34639025 -1.20891058 -0.674063206 0.106007069
 349 -1.53427327 0.494414151 0.819462299 0.154336259
 350 0.732807338 0.326611817 0.709727287 1.45507121
 351 0.799795926 -0.658070803 -0.293120414 0.260277689
 352 -1.35860395 -0.971728504 -3.27183455E-02 0.195419550
 353 -1.49977136 -0.334735990 -0.789879739 -0.982944369
 354 -0.453780204 -0.881212771 0.817368925 -0.780914783
 355 -1.49240720 -1.57909071 -7.68022388E-02 0.498719692
 356 -0.555163026 -0.405012906 -0.552801132 1.00174367
 357 -1.62549555 -0.246729076 9.00551677E-03 1.56536460
 358 -0.432406873 -0.376217872 0.931543767 -0.910931051
 359 -0.160938397 -1.58198142 0.903333366 -0.401103944
 360 0.993821502 0.334079653 -0.268521041 1.31442928
 361 1.36748862 0.846436143 -0.122394979 0.325981110
 362 0.503947496 1.45251834 -0.990639329 0.702972531
 363 8.01328868E-02 -0.554144502 -0.326796055 0.985466003
 364 4.99588549E-02 -0.115956470 -1.49525845 0.596175551
 365 0.186478108 1.32188892 -0.704002261 0.599527717
 366 -1.07470322 -1.22567248 -0.732109010 0.118339732
 367 0.356912196 2.15399051 1.65197968 -8.64198506E-02
 368 9.89185646E-04 1.90538275 0.464575589 0.133640483
 369 0.800248504 -0.132627890 -1.04785228 0.186149538
 370 -0.347221732 0.554828167 0.327776223 0.600494564
 371 -0.861222506 1.16867399 0.820494950 0.792476833
 372 0.675909877 -1.18017638 -0.798561692 -0.243446976
 373 -1.19044113 1.03793287 1.18528402 -1.84391105
 374 4.79475558E-02 0.293662101 0.410907477 1.30875671
 375 -1.03904152 -0.291984707 -2.00165486 -0.543291032
 376 -0.571134329 -0.712753177 0.155982584 7.55325258E-02
 377 0.704207063 -0.936722219 -0.468496919 1.48819160
 378 1.56284547 0.367802620 1.51903903 2.02909303
 379 -0.567272305 -1.02210069 -0.736990988 0.952758372
 380 3.26780528E-02 3.42447944E-02 -0.412659168 0.374380410
 381 1.55594361 1.55173063 0.330802888 0.693142414
 382 0.557795882 -1.12320781 0.248463556 0.505961061
 383 3.35513055E-03 -1.83231187 -0.224320501 -2.32929707
 384 0.489153236 0.563600659 -0.576226175 -1.16130352
 385 1.35212564 0.281312555 -8.70680660E-02 1.07650721
 386 0.809416473 -0.352649689 -0.543451190 1.17643487
 387 0.538538694 0.233860448 -0.159506232 1.28378522
 388 0.668758571 -2.73355341 -0.217224121 1.56875610
 389 0.124909207 1.08489048 1.74553657 9.22595263E-02
 390 0.174606770 0.518921435 2.15456390 -1.07695818
 391 0.732759774 0.529418766 1.17813027 0.159534007
 392 0.843877196 0.408841729 4.38262820E-02 0.310559958
 393 -0.356408000 -0.366677701 -0.796859622 0.580652475
 394 2.05825257 -0.645763159 0.333384156 0.970953226
 395 0.738872349 -1.76617968 5.73955476E-02 0.911856830
 396 -0.609312177 0.837570429 1.99109089 1.64037418
 397 0.166420847 1.61578369 0.174207777 1.38018620
 398 -0.310933530 0.999998510 1.44041967 -0.142278865
 399 0.442225635 -1.04539478 1.96854162 0.719261825
 400 0.510406971 0.837027907 1.18948233 -0.784005523
 401 -0.477737755 -0.301777482 -0.584939361 1.13872623
 402 -0.484445959 -0.580722570 -0.453933656 0.899545312
 403 0.801703036 -0.673390508 0.552618504 0.128204316
 404 0.918923140 -0.986246645 -0.352483928 1.75155711
 405 1.25062633 -1.70019412 1.09602225 1.90891182
 406 -1.59153438 -0.410697818 -0.608897924 0.592728496
 407 -0.656387031 -0.960501850 -1.92035365 -0.146172777
 408 0.623087108 1.27505362 2.66089082 0.426622331
 409 -1.20186698 -1.00395262 -0.208954275 0.673796475
 410 -0.314701557 -1.80138302 0.277280062 1.07002521
 411 0.921351194 5.27401194E-02 0.801730096 2.86368132E-02
 412 -0.873307705 0.486621261 1.03631508 0.789474845
 413 -2.52587497E-02 -0.295124799 -9.82542187E-02 0.538659751
 414 0.900825620 -1.78879488 -2.86967492 -0.962794900
 415 2.88810730E-02 0.974159479 0.499452174 0.563241005
 416 -1.39884079 0.513522148 -1.80401266 0.442322612
 417 0.347771436 0.136860892 -0.241437972 0.593398333
 418 -1.47994483 0.243530631 -0.800287724 0.459858060
 419 -0.102825075 3.34999412E-02 0.320412308 1.11882007
 420 -9.02881250E-02 4.27911580E-02 -0.587022126 0.357037485
 421 -0.687651157 -0.961768746 -0.624995708 1.03388667
 422 -1.31830907 -0.135797381 1.72530687 1.46666956
 423 -1.52822351 -2.71126008 -1.61659217 -0.187351659
 424 -0.880245447 -0.215968862 -0.380746782 0.563745737
 425 -0.488436013 -1.54645944 -2.30637503 1.26620328
 426 0.576504767 -1.00270259 -0.300546616 0.148746148
 427 -0.221791759 1.29470038 0.462770700 1.28128898
 428 0.607696295 3.47136036E-02 -0.581496060 0.631478608
 429 2.02403569 -0.189933255 -1.03491735 -0.625471413
 430 -5.12697697E-02 -2.92353034E-02 0.847830117 0.621157587
 431 -0.712664843 -1.22742927 -1.30869591 0.548835039
 432 6.31042719E-02 0.195557177 -1.10012150 0.703486383
 433 -2.54530287 -0.442687690 0.468944877 0.954029679
 434 1.29225731 -0.322337359 0.816709042 -0.994465947
 435 1.00335586 -0.768603921 -0.472717047 0.171960190
 436 -9.86297652E-02 1.07187557 1.06478333 0.271527261
 437 0.380499005 -0.950967073 1.09758973 0.236601681
 438 0.272164196 -0.800261259 -1.79710865 1.35933781
 439 -1.34016228 1.39411414 0.255768478 0.337832212
 440 -0.965079248 0.511181593 0.345522165 0.309197664
 441 -0.785973668 0.560484409 0.540952444 0.310640752
 442 -2.65558660E-02 0.632243931 -0.543435454 0.581619859
 443 -0.654893637 -1.35029662 0.115092814 0.748936713
 444 1.85775542 -0.956218362 1.33667803 -1.68338716E-02
 445 -0.711166859 0.174312919 -0.919405460 0.891749918
 446 -0.319346577 -1.81934988 0.426368892 -0.860613286
 447 -0.281201363 1.19183695 -0.731872380 0.972649813
 448 1.13198078 -0.826863170 -0.574304104 0.796992540
 449 0.996560216 -1.31663918 -1.11644113 1.12639666
 450 0.571310401 1.11651087 -0.937878609 0.232382566
 451 0.755957544 -1.91779947 -1.55212355 0.127857566
 452 0.352881998 1.48212433 1.29999411 0.386647254
 453 5.54689355E-02 -1.71401381 -0.343081295 -1.90076613
 454 0.563179255 -1.65708554 -0.527914882 1.02750981
 455 0.744236469 -0.124940351 -2.31596994 -1.02428007
 456 -1.11882675 -0.145645142 -0.234427616 1.18194175
 457 -2.75155878 -0.362122655 -2.01488256 0.278737068
 458 -0.279954135 1.38764393 1.48682249 -0.383661032
 459 -0.418571740 -0.193295985 -0.953495264 0.920647502
 460 -8.11706483E-03 -0.432409704 -0.941785634 0.365694463
 461 -0.522351980 -1.45210123 -0.669046283 0.210982412
 462 -0.563116014 0.617032647 -0.565916479 -1.93482947
 463 0.392312109 0.686993420 -0.559378207 -1.08150613
 464 -1.08535194 -1.55399919 -1.03720510 1.53337836
 465 -0.949132442 0.103595778 0.353881717 -0.576608539
 466 -1.14690995 2.01070571 -1.74457264 -2.03845167
 467 -0.381125420 2.18621373 1.00466466 -0.907622576
 468 -0.351702362 1.26825833 0.368360460 1.30965197
 469 -0.394337773 -1.26491427 0.449396908 -0.764131844
 470 0.947001338 1.12513983 0.500214100 -1.13112307
 471 0.247865349 0.319325626 0.508288801 0.376279891
 472 0.491018951 0.290562242 -0.463808894 3.58021855E-02
 473 1.56578231 -0.418958902 0.483242571 0.130800560
 474 -0.327322483 -1.16618621 0.869801998 -1.15143609
 475 0.650657356 0.146561980 -0.255565882 -0.948953450
 476 2.10798740 1.09469700 0.911452711 1.13810647
 477 -0.210875064 0.462451279 -0.329595178 5.73044121E-02
 478 -0.599887908 -0.740216315 -6.58660159E-02 0.563315451
 479 0.197473496 0.985049188 -0.718873918 0.596726596
 480 -0.599837422 2.86579323 0.394250304 0.505478740
 481 -0.392044842 0.958805025 0.511762202 -4.22644615E-02
 482 1.03371334 1.14947581 1.68746293 0.572524130
 483 -1.30992591 -2.67135799E-02 -4.74081747E-02 1.31996679
 484 1.22868073 0.798147440 1.30618799 -0.778100491
 485 2.25356102 1.20467722 1.64117932 0.250536382
 486 0.697178602 -0.982689619 1.27188599 9.45885181E-02
 487 0.413455278 0.728906572 2.36603152E-03 -0.918369353
 488 -6.84815943E-02 -0.119599342 0.654182136 -0.301913559
 489 -0.114501625 0.298807085 -0.183614030 -1.17702436
 490 -0.252126902 -1.77879477 0.788700044 -0.905872285
 491 -0.353534520 -0.702790082 -0.765590668 0.859292984
 492 0.895354688 -0.904951572 0.197143197 0.924406528
 493 0.899975717 -1.71188223 -0.179760158 1.03852022
 494 -2.08225548E-02 1.18993831 0.563399315 0.966324568
 495 1.68504369 1.69053721 -0.124222130 0.625446796
 496 0.569736898 1.35294771 0.389784902 0.512906790
 497 1.50036633 -0.249662101 1.73432434 -1.53877354
 498 2.62380099 0.373251587 1.38396597 -0.772098124
 499 0.625539422 0.757587671 0.352032423 0.828023553
 500 -0.531346023 0.315565944 0.914821506 0.829400599
 501 1.48996770 0.105055988 1.64903152 -0.789453745
 502 -0.379176766 0.365786284 -0.143211991 0.311024636
 503 -0.582358837 -0.472101986 0.746471643 0.671098888
 504 1.68567312 0.815241873 0.313898981 -0.524000764
 505 -1.62164700 0.487504452 0.526286304 0.441356897
 506 1.49939108 9.89499539E-02 2.03113890 0.686376154
 507 0.848887742 1.58004320 0.294043183 8.95884037E-02
 508 0.398373067 4.47320491E-02 0.899344206 0.814929307
 509 -3.64234522E-02 0.314918697 -0.468019485 0.159100115
 510 -1.73275495 1.04024386 1.04879880 -0.303251028
 511 2.33313203 0.913600683 -0.707578540 0.330651343
 512 1.22177839 -0.534878135 -0.568332434 -9.54022259E-02
 513 -1.08834624 -1.70134759 4.52005863E-02 0.572898030
 514 1.38629019 -0.926288724 -0.751086771 -0.541252375
 515 0.193426013 -0.481490523 -0.586703956 -0.305859625
 516 -1.07923818 0.342667460 -1.25434959 1.54361725E-02
 517 -1.47846687 -0.125326231 -0.523419619 -0.499429733
 518 -0.517994463 -2.12868810 2.27900815 -1.78505778E-02
 519 -0.939918876 1.22157788 -0.580871582 0.409428060
 520 0.687809348 -1.57587361 -1.19511366 -1.71616387
 521 0.741097867 0.773756981 9.90358293E-02 0.121144727
 522 0.283075124 -1.00249708 -1.68460488 -0.731768012
 523 -0.887837946 0.542074263 0.532073736 0.754261553
 524 -0.166862622 -0.858293831 0.307551682 0.495446026
 525 -0.130420685 1.36304176 -0.434982538 -0.333528280
 526 1.91812789 -1.60425949 1.74453151 0.557335377
 527 -0.121062130 -1.13546610 -0.795507431 0.367482752
 528 0.291316986 0.546683311 0.883210003 0.288077891
 529 -1.13510072 1.79550767 -2.07611370 0.523911536
 530 -1.04319596 -1.78143919 -1.85308790 1.67896581
 531 -1.85101020 9.15059149E-02 1.06558251 0.322551072
 532 -0.113261655 -0.538579345 -1.61675763 -0.861489713
 533 1.31939280 1.10238814 2.55161572 0.361685157
 534 -0.885222971 0.631448328 0.685119033 1.09152424
 535 0.743734896 -1.48176134 0.159422576 5.71772009E-02
 536 -0.278006911 -0.826762080 2.40929484 -1.05936658
 537 1.32754195 1.50311720 -1.18581331 -0.730888844
 538 0.509756982 -0.452929080 -0.749928355 -0.403138429
 539 -0.435272664 1.35381448 0.752587438 0.830448210
 540 -0.369325638 0.188346639 1.17993402 -0.330356330
 541 0.858283579 -0.284625888 0.986046851 -5.07271588E-02
 542 -0.725901306 -0.551205635 0.451684773 0.676979899
 543 0.834230483 0.302841365 -0.168066829 -0.719819963
 544 0.167202950 0.287748963 1.77372849 -0.458545744
 545 0.220607162 -1.93589127 0.402279496 0.985371530
 546 1.12373996 1.98045444 0.660374999 -0.812203646
 547 -0.620182037 0.544564128 -0.554539084 0.905207336
 548 0.493907034 0.938168287 1.82051134 0.255100459
 549 -0.838694990 0.245574862 -0.221386030 3.54491323E-02
 550 2.60889983 -0.538504541 0.566824377 -0.617647171
 551 -0.342756450 0.385271996 -0.541127503 -1.03743863
 552 -0.402180195 -1.59383941 -1.10175586 -0.428018063
 553 -1.20186377 -0.733656645 0.236832350 0.565267920
 554 0.568115592 2.83645129 -0.177864537 -0.917021334
 555 -1.10474014 0.688085914 1.32975507 0.247719288
 556 0.278112948 -0.825573266 1.15243840 -0.286871552
 557 -2.51311772E-02 -0.590637743 0.561612666 9.26499367E-02
 558 -0.204445496 1.24357712 1.39641929 -0.507207274
 559 1.21689749 1.61495113 8.24311227E-02 0.848686695
 560 2.02662158 -1.02730954 1.72393119 -0.482166171
 561 1.36704493 -0.931455851 -0.714735448 7.32891709E-02
 562 0.318104684 0.784805894 -3.76274139E-02 0.160342351
 563 0.386000812 0.527939975 1.56988835 0.374831885
 564 -0.208117053 0.827313781 0.935004950 0.894759357
 565 0.492448926 -1.44155228 1.54191887 0.968618751
 566 1.25706875 0.877507269 -1.80481291 -0.650603294
 567 2.35666776 -1.56999850 2.01958966 -0.173793212
 568 -0.214745700 -6.19182289E-02 0.469854534 1.02186990
 569 6.21733069E-03 1.11465788 0.636486113 0.282734722
 570 -1.66266072 2.55481339 0.917434335 1.93448663E-02
 571 0.554835558 5.93030155E-02 -1.00322783 0.839481175
 572 0.498281777 -0.475090206 -0.546420574 1.21216655
 573 0.886777222 0.157252476 -1.03590739 0.163703814
 574 -1.43681955 0.748540044 -1.63212883 1.15126872
 575 0.211415023 1.48617339 0.917775631 -1.12280393
 576 -1.00579774 1.90961540 -0.890334189 0.375842661
 577 -0.369441211 1.44040704 0.175607443 0.891494453
 578 0.113107249 0.178717166 1.28916943 1.20383692
 579 -6.52443692E-02 0.411083698 -0.149306476 -1.21418560
 580 -0.103850424 0.685705721 0.107743420 0.375032902
 581 -0.142205834 -1.90728211 1.42873669 0.577203035
 582 2.45881653 1.70438635 -0.595370710 0.465700090
 583 0.798545182 -1.96533275 -2.30197287 0.391605407
 584 -0.174997672 -0.140983284 1.18620741 0.650049448
 585 -1.67728019 -0.407975882 -0.401035190 5.04489839E-02
 586 0.488545001 -0.384339869 1.57849044E-02 -2.17955446
 587 -0.850352287 -0.427220911 -0.730066419 -0.725376308
 588 -5.42266779E-02 0.708232999 2.03049421 0.107833087
 589 0.219162688 1.30316758 2.06708860 -1.28552151
 590 0.382372797 -5.27538322E-02 -0.303553253 1.45953274
 591 1.42593920 -9.15514454E-02 -1.11631322 -0.919010818
 592 -1.52639174 1.53476179 -1.14010465 1.37949204
 593 -0.541465640 -0.633216321 0.933717549 2.15525925E-02
 594 1.67004752 0.117597148 -1.11470032 0.598604798
 595 5.05486280E-02 1.02568579 -0.834156692 -2.10348606
 596 -0.547894180 -0.386741638 2.85926070E-02 -0.372854680
 597 -0.317309171 1.13713837 -0.600145996 0.551637232
 598 -0.287301064 1.40242541 -0.528820276 0.912696779
 599 0.432973981 -8.23087990E-02 -0.785774887 0.436850309
 600 1.87414825 0.874456048 -0.269630492 -0.183407620
 601 0.213785559 0.795273304 0.288105279 0.505060673
 602 0.100466549 -0.416576684 0.431614339 -0.553448439
 603 -0.511552632 0.606171548 0.287245899 0.371255487
 604 0.611984253 0.636681795 9.87444818E-02 1.18061543
 605 -0.969254732 -0.450871706 1.69250560 -0.171667740
 606 1.89211333 -0.321775615 0.422130585 -0.196576297
 607 -0.233373642 -1.17440009 -0.395273715 1.28601396
 608 0.977817833 1.43386257 0.412670285 -0.498736978
 609 1.50573945 -0.430353314 -0.697714508 -0.279145896
 610 0.210440427 -0.367603153 0.944265962 -2.97040865E-02
 611 -0.338319987 -0.123544484 -1.21572328 0.332819879
 612 0.332050353 0.353952974 0.322955638 0.690570951
 613 0.683067858 -0.953161120 -0.212735981 -8.63872468E-02
 614 -0.484840631 2.71007538 -0.933406115 1.19441414
 615 -0.897994995 -0.631273389 -0.436562210 0.576238871
 616 -1.69300449 0.826940656 0.328178585 -0.461319029
 617 0.343090624 0.973963618 0.325513721 -0.287078470
 618 -0.318024188 -0.496828139 -1.16401267 2.58068591E-02
 619 -0.336402327 0.499265075 1.55362427 -2.18258262
 620 -0.480740666 -0.148042992 1.98016906 0.397355735
 621 -0.214263156 0.934206903 0.431045920 -1.00844395
 622 0.994204283 0.312175512 1.06072617 -0.335391700
 623 0.920016468 -0.310261250 -0.862694263 1.50278521
 624 2.82932806 -0.702993929 -0.397642046 -0.351145059
 625 -0.346224695 0.789159596 0.126304328 0.467158198
 626 -0.332567811 -0.308606625 1.25175714 0.405364215
 627 1.76641822 -0.372475535 -1.83649254 1.16186953
 628 0.513077676 5.21472842E-02 0.302652597 0.799900889
 629 0.180833757 -1.17782712 -2.22341943 0.134114370
 630 -0.297315598 1.06745231 -1.32555079 0.160493910
 631 1.16495121 0.241773859 -0.638073802 0.212500975
 632 -0.543341637 0.888063729 0.848761201 0.874299109
 633 -0.878440022 0.151696637 1.39086223 -1.35756350
 634 1.51831019 0.386417896 0.786178112 -1.24788070
 635 0.590852499 -0.636920452 -1.26930547 0.275409639
 636 3.99515852E-02 -0.515610099 -0.614202619 -0.306629241
 637 0.957636118 0.794663072 -7.72875100E-02 -0.683851957
 638 -0.152871802 0.625870705 -0.421642095 -9.48420763E-02
 639 0.589626670 0.992228746 -0.720573187 0.731151938
 640 -0.302774787 0.485628784 -0.518398702 -0.941410184
 641 0.588115811 -1.03115082 -1.47825325 -0.178328067
 642 -0.509913146 -1.83071184 -1.19298613 1.68082130
 643 -1.79299140 -0.560600519 -1.89859569E-02 -0.871199548
 644 3.95554155E-02 -1.30111349 -0.337427020 0.836077213
 645 0.699847400 1.17016695E-02 0.592207253 -0.127918527
 646 2.23328590 0.950054824 -1.38817847 0.740779698
 647 -0.385733843 -1.12438917 -0.431544304 -0.641216040
 648 -0.931971371 0.919116616 -1.38375509 0.252531350
 649 -1.31055498 -1.97168440E-02 1.34779501 -0.341079563
 650 -1.36683536 0.612489522 0.238001600 0.154941857
 651 0.854882777 0.670414746 -1.06775069 -0.895349443
 652 0.866759956 -0.767664075 -0.495365530 0.449075758
 653 0.338704467 0.441114128 -0.128883362 0.916201532
 654 -0.256980270 0.617706180 2.58445978 -0.585515440
 655 0.971445501 1.76141548 0.469974786 -0.702106774
 656 -0.832913637 1.21146321 0.124701411 -0.193256766
 657 0.454937875 -1.21285641 -0.484691322 1.67791212
 658 -0.557595551 -1.44728518 -1.31759274 -0.548942685
 659 0.873790741 -0.452378720 -0.352320015 0.965939224
 660 -7.08693191E-02 1.13900375 0.810583532 -0.669473886
 661 0.256716311 -0.441565096 1.35652030 -1.17123246
 662 0.937867165 0.590629637 0.859360278 -4.27945852E-02
 663 -0.888104916 1.96344781 1.43921614 1.15287244
 664 0.215732187 0.577635646 1.28593731 0.392589301
 665 1.36278045 3.51890254 -0.573397636 0.450926811
 666 1.54370773 -0.493794233 -0.773066401 0.754818678
 667 -0.203809619 -0.497917056 -0.317352057 0.393261850
 668 0.210897908 0.614015102 0.886303186 -1.10454798
 669 0.200254828 5.99898994E-02 -0.259946197 -0.975939035
 670 -0.697720110 -0.617718220 -0.581719637 -1.17365789
 671 0.330614895 1.18139982 0.373324156 0.558014870
 672 -1.52884531 -2.32708907 0.160905361 -0.250874102
 673 0.751610398 -1.57772207 -1.17651570 0.256173790
 674 1.76619411 -0.914598882 -0.557577968 -0.551142812
 675 0.197185159 0.360028207 1.12651634 0.732091784
 676 0.218771785 -0.236426994 1.52722907 -0.456082344
 677 -0.172308460 0.856568575 -0.973557472 -0.222647876
 678 -0.938455880 0.792978823 1.29005253 0.714148641
 679 1.84776139 0.493275553 -0.628536820 0.303569108
 680 0.964598954 3.29416895 0.751307964 -2.43165541
 681 -1.22120988 -0.270626664 -0.895138204 -1.15302062
 682 1.36584973 0.340059459 -1.87276900E-02 -2.27354550
 683 -0.109114319 -1.19206738 2.39913034 0.561820030
 684 -1.54505885 -0.777153492 -0.244315386 1.27106857
 685 -0.493080109 -0.924303651 -0.421569556 -1.18054760
 686 -5.05104661E-04 0.224591374 0.132301748 0.413036227
 687 -8.37691277E-02 -1.34996080 0.490291893 0.940123081
 688 -0.972520173 -0.393218338 2.01097989 -0.165779978
 689 -1.05143321 -1.97422349 -0.279065698 -1.13532066
 690 -0.686363161 -1.09043062 -4.81435768E-02 0.321235329
 691 -0.187379971 1.61614168 0.982224226 6.12435341E-02
 692 1.62454295 -1.09468234 -0.302245349 -0.833916247
 693 0.565084457 0.674419463 -0.141917184 0.516712308
 694 -0.680762410 -0.519392014 6.00678623E-02 1.14914060
 695 0.432009935 0.350687385 0.290664583 0.394812822
 696 0.782140911 1.23066795 0.894285917 -0.919117093
 697 -1.22043777 -0.680626750 -1.03546822 1.64625525
 698 0.232005090 -0.639667869 0.220642984 -0.729241848
 699 1.15220594 1.34591777E-02 -1.70297897 1.50300610
 700 -0.657105803 0.358250737 0.369393349 0.209005520
 701 0.280098855 0.505921662 1.39709401 -0.577651381
 702 -0.902983606 -0.219409570 -0.899851978 0.364648730
 703 0.374243081 2.02067399 -0.172745675 -0.807637930
 704 0.738853216 -2.21089077 1.27619576 -2.32188916
 705 0.338433743 0.712670445 8.06662440E-03 0.442716479
 706 -1.96257150 1.56335545 0.569965720 0.394904196
 707 0.150842428 -0.651800990 -8.22411329E-02 -1.43533099
 708 0.448651910 -0.170254335 0.409574300 -1.63553810
 709 -0.985158503 0.477577001 -0.220710844 -0.419904739
 710 -0.632139742 0.833492935 -0.444277823 -0.859737694
 711 1.15201771 -1.88668895 -1.31828451 -0.259252399
 712 0.545051277 4.54502702E-02 -0.371355832 0.616015732
 713 0.744835198 0.426935911 -0.765863419 0.739996970
 714 0.669963002 0.432975084 -0.108387627 0.706379235
 715 -1.14660478 0.606924415 -0.451564521 3.48067284E-03
 716 -0.438434511 1.41220820 -1.24096644 0.446632445
 717 -1.03260016 -0.211190447 -0.659280896 8.51413012E-02
 718 0.186722904 1.81708694 -1.17251945 0.228044003
 719 0.836213231 -2.24556160 -0.864461839 1.34421170
 720 0.698714018 0.970200002 -0.684843898 -0.330996901
 721 0.169690430 -2.31294930E-02 0.569110453 0.212494314
 722 -9.58105773E-02 -0.255112052 -0.739124537 0.951458335
 723 0.475338131 -1.65633547 0.508695841 0.664850593
 724 -1.02319229 -1.22764778 1.25082386 -3.89173627E-02
 725 -2.65538311 4.18134555E-02 -0.549570739 0.192449749
 726 1.30462098 -1.16855919 0.293554902 -0.972590029
 727 1.00706124 0.928571582 -0.969321668 -1.05671000
 728 -1.03064692 -1.24418521 -4.32938337E-04 -0.679637671
 729 -6.47144467E-02 0.677554727 -1.97818899 -0.976623833
 730 1.65144026 0.193155318 -0.277556628 0.734507084
 731 -0.326758772 0.686570883 -1.20155847 1.96227956
 732 -0.360636830 -2.56400466 1.10104895 -0.818642080
 733 0.729529321 1.90235043 -0.235385388 -0.377023607
 734 0.584006190 -0.193432674 -0.533771515 -1.09759152
 735 -1.93714666 -0.268141598 -0.459775180 3.98536623E-02
 736 0.694579720 -0.949999034 8.90551358E-02 -0.240877688
 737 2.09692478 -0.523202300 -1.77328622 1.31610620
 738 -0.121951222 -1.51714885 -0.611108541 0.642336369
 739 0.182983547 -0.374271005 -0.143603712 -0.955236673
 740 1.10274720 -0.363502622 -0.313761115 0.974223912
 741 -0.328159899 -1.28578043 2.07508877E-02 -0.313237548
 742 -0.548047304 1.09666204 1.46788144 -3.71196717E-02
 743 -0.936184168 -0.410924047 1.00569546 0.561700106
 744 1.22984672 1.13004613 1.07183707 0.501216888
 745 1.23229516 0.176858455 6.35418743E-02 -0.848563492
 746 -1.14977312 -0.575179219 2.05947804 -0.712044537
 747 -2.84644961E-03 -2.81506658 -4.20234948E-02 0.965984702
 748 -1.29221046 0.189808801 0.797608435 -2.09710765
 749 0.978785813 -0.971759081 -0.789725304 0.626426220
 750 1.17280865 3.33131254E-02 -1.17058694 -0.683917642
 751 1.32538855 0.850004673 -1.38593972 0.987792253
 752 -0.223285660 1.29180658 -1.18949866 -0.219090477
 753 -0.105261818 -0.200288340 1.04967666 -2.01312041
 754 -0.514154077 -1.37379348 1.23042488 -0.146185294
 755 -0.918585479 -1.51486301 -1.05325437 -1.02070665
 756 0.653676927 1.18558824 -0.663522243 -0.559366345
 757 -0.902406454 0.387360632 -0.317812413 0.773377061
 758 0.119910598 -0.966577888 -1.78875887 0.781506777
 759 0.867418170 -1.32233810 -0.652432561 1.05624604
 760 0.763246179 -0.962451458 -0.926289618 -0.489467859
 761 0.182192504 0.587476611 0.529142141 0.914039731
 762 -1.73369062 -0.520980299 -2.27329016 1.23744142
 763 -9.53858346E-02 -0.847500145 -1.15815592 -0.980424464
 764 0.263057232 1.70304132 -0.553882718 0.333823144
 765 0.367075682 1.81331503 -0.839521050 0.549147666
 766 -0.723185003 -0.694457054 2.82686930E-02 -0.645650148
 767 -0.276176393 -0.701990128 0.175682560 0.787420988
 768 0.705388725 5.32299653E-02 0.573183239 0.261041641
 769 0.602129042 -0.960189164 -1.86495334E-02 -0.634239495
 770 -0.459126651 2.44606543 0.922823846 0.898748398
 771 1.14106548 2.58896303 -0.183075368 0.292895705
 772 -0.130345672 -0.377568632 -0.562186360 0.340296477
 773 1.31501627 2.88960319E-02 7.42384791E-03 -0.880562663
 774 -0.694631815 -0.800678372 -1.22651708 -7.98730850E-02
 775 0.945943117 -0.452152759 0.651272774 -0.491236359
 776 0.680128574 -1.28761530 0.128160328 -0.266556472
 777 0.160094127 0.921826899 -0.269654930 1.01607609
 778 0.285145581 1.23671508 0.741842270 -1.05582500
 779 1.84745502 1.29713142 -1.00470543 -2.18908596
 780 0.475123256 1.98797381 0.443811893 -1.10679507
 781 -0.341240108 -0.236664966 -0.457792819 -0.887421012
 782 -6.93797469E-02 2.41130948 2.08813572 0.809584856
 783 -0.223490626 1.05496776 -0.932724893 -0.516665578
 784 -1.35603750 -1.37954712 -0.986745715 1.44622636
 785 0.257355213 -0.358078122 -1.55822682 0.951715648
 786 0.220618531 0.320457608 -0.161447570 0.870465875
 787 1.75943732 2.24332404 1.23679376 0.308122277
 788 0.197988242 0.223807052 0.706212997 0.905851960
 789 -0.166717753 -0.341630280 -0.297935605 -0.346996039
 790 1.20839095 -0.195440680 -0.980813682 1.01518905
 791 -0.462944567 0.396412104 1.47892880 0.643897176
 792 -0.207250640 1.15948963 -0.524291992 0.368294120
 793 1.05139208 -1.16632187 -1.29794037 -0.753288925
 794 1.19314528 -0.512572587 -1.26396835 -0.293702543
 795 1.08594108 0.834360838 0.907673240 -1.91558254
 796 0.886848092 1.14212096 -0.858078241 -0.429840386
 797 -0.302259803 1.07137346 0.724708438 0.797597408
 798 0.787272811 0.665348828 -0.982189655 0.302009940
 799 0.608808517 1.12785101E-02 0.113852330 0.433167726
 800 1.06278807E-02 1.96703422 0.971508145 -0.529111266
 801 1.08296978 1.00629449 1.42132032 0.231257856
 802 0.454027653 -1.15633798 -0.716015756 0.283809185
 803 2.96375155E-02 -0.172632262 -0.303538620 -0.833782792
 804 -1.17588615 -0.587545991 0.256630272 0.965257108
 805 1.89148283 -1.50395405 0.211111665 -0.360900193
 806 1.06094086 -0.705797553 -0.404518515 -0.717350900
 807 4.17523831E-02 -0.282739818 -2.87055075E-02 -1.11914289
 808 -0.571465194 0.394892812 -0.250629842 -1.34233952
 809 1.28029430 0.123761348 -0.183584660 -5.19409180E-02
 810 -0.946105540 2.48834443 1.04185581 7.36370385E-02
 811 1.19936204 -1.25677156 1.05319321 -1.15082514
 812 4.69893701E-02 7.65262842E-02 -1.30646527 0.922639191
 813 1.51957250 0.117529303 0.854443610 -1.13148189
 814 0.336689830 0.476433784 -0.337542295 -0.867370725
 815 1.33022571 -0.717358351 0.650224924 0.120002091
 816 0.776552558 2.15387344 -0.824366152 -1.15760028
 817 0.134506643 -0.831141770 0.402598739 -0.750768900
 818 1.37487769 2.44811058 0.335542679 0.511373758
 819 0.316246748 0.847307742 0.835486591 -1.98567009
 820 -0.752932310 -0.475836635 1.15209305 0.925492764
 821 1.88853574 -0.990767181 -1.60754991 -1.69797516
 822 2.13616085 0.532788455 -1.69723618 -0.379994661
 823 -0.260966718 -0.594113350 -0.946254969 1.40713072
 824 -0.535437822 2.00731540 0.246601045 -0.541170716
 825 1.03579044 0.762659669 2.23541781E-02 0.942156553
 826 -1.08766758 -0.733804941 0.925192297 -0.634418845
 827 -8.46132487E-02 1.95944154 1.62620306 0.174772069
 828 1.17730653 -0.503333151 0.483488560 -0.407003284
 829 0.161305308 -6.10272586E-03 -2.42240787 1.66924715
 830 -1.85954022 0.973601699 1.18316054 -0.935627997
 831 0.997504890 -0.302268505 0.131240770 0.564396739
 832 0.450039446 1.19403079E-02 6.47810251E-02 -0.999432325
 833 1.25961018 0.615131855 -1.11533570 0.235739201
 834 -1.37167871E-02 -0.221933678 -0.625678837 -0.537017941
 835 -0.603776038 1.14647651 1.25823104 0.277539819
 836 -0.140959859 -0.889943123 0.705569386 -0.618253946
 837 0.928289413 0.547490299 -0.264558405 -0.686941862
 838 2.92864323 2.06055951 -0.472587109 -1.03506827
 839 0.259255350 -1.52189243 0.614961624 -0.604404688
 840 -0.809275448 1.01762223 -0.195444778 -0.325191766
 841 0.142771095 0.309199631 1.73168910 -0.939639032
 842 6.73849881E-02 0.324952751 -0.162044674 -1.11075819
 843 -2.18664932 -0.275718540 1.31538844 0.161783218
 844 -1.18640411 -9.64150429E-02 0.791578472 0.773731589
 845 -0.207427129 9.06385630E-02 2.16505837 0.755272925
 846 1.19408810 0.201211482 0.188489929 -0.453441709
 847 0.708439767 -1.41603518 0.466310531 0.216809928
 848 0.567435741 -0.117425956 -0.694107533 -0.454778165
 849 0.633456111 -1.22718275 1.57047808 -1.10787427
 850 0.397974908 0.988744915 0.103676900 0.606963038
 851 -1.13813269 1.28565860 0.914364874 0.206295043
 852 1.18917751 2.73937082 -1.13866925 0.811356962
 853 0.201795787 -0.342486918 0.164275333 0.351632595
 854 1.49924672 -0.993982732 0.874076009 0.989988387
 855 1.14608622 -0.495419234 -1.30174565 -0.394101351
 856 -6.92624599E-02 1.18802488E-02 2.54998279 -0.521355629
 857 0.716385841 -0.652772605 -0.232719451 0.152606398
 858 1.12211120 -0.769778967 0.760459960 -0.957098007
 859 0.224182844 -0.899080753 5.30430824E-02 -1.46846676
 860 0.784783721 1.37499571 1.62686074 0.957040191
 861 0.642015934 -0.895551920 -1.64928424 -2.24707890
 862 -2.39149798E-02 0.706651390 -0.321815252 0.948341072
 863 -1.48993862 -1.84139204 0.230421931 -0.487658590
 864 -2.58351040 1.04614043 1.80499125 -0.954539061
 865 -0.876471460 0.627678037 -1.17877126 -0.728136301
 866 0.470262349 -0.452675015 0.995227098 -0.108985007
 867 2.11351633 -1.13651550 -0.233451679 0.260001957
 868 -0.988906741 1.51378894 2.62500024 1.01986206
 869 -0.303611189 -1.14868927 -1.76124573E-02 -0.772049367
 870 -0.166043043 -0.805263996 0.150753632 -0.757544518
 871 -1.03511941 -1.10797393 -0.630841434 1.10442317
 872 -0.832393646 -1.51840854 -1.03842199 -2.34329033
 873 -0.296443224 -0.853030384 1.40913355 -0.656144738
 874 -0.503700018 -0.754206955 -1.38654840 -0.458349049
 875 -1.00693607 0.512467384 1.04604340 -2.13169765
 876 1.70276964 -0.380794108 -3.83294933E-02 -0.103689015
 877 1.31418419 0.324222624 0.438862503 0.871768892
 878 -1.86480510 -1.20871925 -0.324687868 0.364835173
 879 0.314225674 0.979650736 -0.586298048 -0.348260939
 880 0.284861475 0.294300377 -1.66649616 0.320874572
 881 -0.590163469 -1.05210769 0.434822083 -0.873109996
 882 -1.07283306 -0.890904903 1.67852354 0.437846422
 883 -1.60261047 -0.147212639 0.334627151 1.15024984
 884 -0.579018116 -0.458500087 -0.289325714 -0.414567947
 885 -0.364291608 1.80077374 1.03077102 0.979439378
 886 0.906371236 0.734384298 1.31850219 -0.741971850
 887 4.19249982E-02 0.753272414 1.18411684 -0.487453401
 888 -0.527597845 1.90173984 0.498633325 -0.665549636
 889 0.680472374 0.352562785 0.169790015 0.540651858
 890 0.309012413 0.480433047 0.141421139 0.960563242
 891 1.68476212 0.143744528 0.406961441 -0.121006086
 892 -1.69636011E-02 -0.679605126 6.04113936E-02 0.620895624
 893 -1.01661873 0.739480019 0.691258669 0.379590571
 894 -0.607704103 0.176497877 -1.02438831 0.634367049
 895 -0.529261589 -0.274631172 -0.956779242 1.81241250
 896 1.11694896 -1.07648039 0.153441742 1.04641259
 897 -1.61599946 0.876412630 -0.901452541 0.616012335
 898 -3.23003754E-02 -1.31445813 -0.702522695 -0.295978040
 899 -1.04211462 5.28973341E-03 1.56523740 -1.99705780
 900 1.77677631 -0.163415626 -1.77193117 -9.81425643E-02
 901 1.00818872 0.419370174 0.118126653 -2.39014530
 902 0.557259321 -1.79704332 -0.144796565 1.39554286
 903 -1.05101097 1.28563643E-02 -1.69943929 -1.03193474
 904 0.515279710 0.519902706 -0.632289469 0.837696850
 905 -0.758650362 5.14930449E-02 -9.96124595E-02 -2.02123857
 906 -1.14668643 -1.26653969 -0.895115197 0.817026019
 907 -0.234276384 8.02330077E-02 -2.12417054 1.04549742
 908 0.129279241 -0.386526376 1.53729630 -2.28448868
 909 -0.877060413 -0.653323889 -1.86793852 0.517122447
 910 -0.264568627 0.182814062 0.660707772 -0.785841346
 911 -0.878382921 -1.36204398 1.47404671E-02 -0.913145959
 912 -1.30895114 -0.130217671 0.636602402 0.556549430
 913 -0.723393679 0.248851299 0.535498619 0.288046330
 914 1.38366055 -1.04714000 -1.11216784 1.53265607
 915 -0.754632413 0.260059685 2.19314909 -0.917378902
 916 -0.613744259 2.38771558 -0.792019248 0.159741327
 917 0.815964162 0.957320154 -0.545556903 0.638246536
 918 -0.374816388 9.22911316E-02 -0.262120128 -0.801030636
 919 -0.529854894 -0.666461468 0.598760724 0.837244391
 920 -0.520013452 -1.13547993 -1.75393748 0.433652133
 921 -0.985232234 0.529976249 2.03159404 -0.792729855
 922 -0.574385107 -0.179562926 0.450087756 0.239222080
 923 1.47387183 0.555809021 -0.704189479 -0.222561494
 924 0.127871662 -0.932151675 1.14006472 -0.539508104
 925 0.722852349 0.212958276 -1.54165757 -0.663161159
 926 -1.78100038 1.01992297 -1.01456130 0.116611063
 927 1.18588042 -1.75091195 -1.03103435 -0.802103639
 928 0.969394565 1.90111529E-02 -0.478760421 -0.981418014
 929 1.89200544 0.466571242 0.134374142 -0.600810349
 930 0.502656579 1.08829474 -1.66707683 -0.938545704
 931 -1.08828473 -0.531918824 0.545272231 0.538283825
 932 -0.797486246 1.29252672E-02 1.05484498 -0.692106366
 933 -1.58929372 -0.201821581 -0.265772641 1.34146321
 934 0.629986703 1.41061687 1.13518834 -2.02203202
 935 -0.251012206 -0.557561159 0.246777371 1.00437701
 936 2.59696507 -0.665181339 -0.297486782 -1.01227939
 937 1.51099432 0.506389976 -8.33735615E-02 1.09556973
 938 1.19576216 0.799732447 -0.295047730 0.134891540
 939 -0.870040476 0.916589856 1.28579748 1.57433200
 940 2.87650600E-02 0.266369700 -0.192795634 -2.03612638
 941 -6.19964898E-02 -0.626620650 -0.773393750 -1.81945872
 942 -0.421314120 -0.179581732 -2.03595138 0.431077480
 943 -0.815699220 0.871374428 2.65744400 -1.41471839
 944 -1.69216800 3.92014161E-02 1.63531804 -0.777407229
 945 1.81108594 -0.962719440 -2.52866149 -1.11726868
 946 -1.61094570 -0.848468602 -1.27970088 0.237498850
 947 0.291706830 -0.941337645 0.990467489 1.54143560
 948 0.514112353 0.216614351 2.70453095E-02 1.16804159
 949 -0.271072745 -1.44319701 0.656395137 -0.840654373
 950 -0.606239021 -0.421325475 -1.50540972 -2.09088230
 951 -0.535254121 -0.721257329 1.38318241E-02 -2.01063251
 952 1.10364437 0.613054454 1.94458115 0.885474026
 953 -0.822050333 -1.42338240 1.68312418 -2.38102674
 954 -0.255517185 0.757582068 1.40835249 0.954910100
 955 -6.99164867E-02 -1.87106669 -1.69207704 1.01945150
 956 -0.276879013 -6.91407993E-02 -0.834923506 -2.01008606
 957 1.54383802 -0.424918890 -0.312758625 -9.32154357E-02
 958 -0.666736364 -0.358541608 -0.497871041 0.569549561
 959 0.581760287 0.557708561 -1.14989150 0.627800345
 960 -1.68926823 -0.772403121 0.869629264 0.401916772
 961 5.67613244E-02 -0.214285001 0.494734526 -1.37918389
 962 -8.17156881E-02 9.82221290E-02 -1.63358295 -4.01397645E-02
 963 -1.49293220 -0.214635223 0.101140141 0.304364681
 964 -0.972291529 0.239961371 0.345722824 -0.531125188
 965 1.15717590 0.482281029 0.738154650 -2.08235788
 966 1.52655077 -1.66845250 -0.290374011 -1.09853816
 967 0.571763039 0.863400578 0.246144950 -1.16035962
 968 0.187961638 -0.989039063 -0.882110894 0.870955467
 969 -0.443993688 -3.72537151E-02 -0.457689106 -2.01377201
 970 -0.179700926 0.620578170 2.17201042 0.144255310
 971 -9.83774662E-03 0.593046546 0.765047729 -0.982850432
 972 -1.52978349 -0.312698007 1.18006539 0.521261215
 973 0.430202365 -0.369961083 0.241309881 -0.769696653
 974 0.740484595 0.746093690 0.365232259 0.596879125
 975 -1.17465425 -0.600622058 -0.374150902 0.753585339
 976 -0.192453369 -0.973426461 0.765063643 -2.36418343
 977 1.78357184 3.21985781E-02 -2.50911522 1.07867801
 978 -0.985250413 1.24643040 0.769769728 -2.06193233
 979 1.39010072 0.609093308 0.626961470 -0.558549523
 980 0.892292380 -0.532651663 -2.06332159 0.479277879
 981 0.372141957 0.112595320 -0.802422225 0.567264318
 982 1.49701333 0.623528242 0.434083521 0.148497313
 983 0.368744671 -1.77596021 -1.10300076 -0.553515792
 984 -1.62207925 -0.158048719 -0.180329412 0.158287257
 985 -1.72321963 0.701808572 1.87786341 -0.862154603
 986 -0.929824591 -0.801476777 -0.777233422 0.367502093
 987 0.373645306 -0.544514477 -1.06175017 0.738966525
 988 -1.01185167 -0.555355191 0.688364327 -0.366782874
 989 0.139804274 -0.304323822 -5.54793477E-02 -0.393798470
 990 0.731719136 6.70335293E-02 -1.14882648 -0.367848128
 991 1.77633095 1.17435527 -0.622562766 1.00519919
 992 0.438478410 1.07024610E-02 -6.81985617E-02 1.25949097
 993 0.526997030 -1.48474538 -0.383043349 -0.899894118
 994 -0.484997779 -1.29859495 0.571678638 -0.695928693
 995 -1.31667197 -1.09791601 -0.830019057 -1.84431922
 996 -0.728517473 -1.08683300 0.180909932 8.47258866E-02
 997 0.278396964 -0.848839343 0.240327194 0.956612051
 998 4.35014665E-02 -1.05998671 -1.18734968 -0.989980221
 999 5.97470552E-02 2.81393528E-04 0.776522398 0.868142068
 1000 -1.47190475 -0.621746957 0.215910941 -0.514951706
 1001 -9.39112306E-02 1.42698359 1.84149218 -1.14061379
 1002 1.04010439 -0.610764742 1.17165315 -1.01711047
 1003 -0.824458480 -0.488102853 -0.991684616 -0.950490236
 1004 -1.34559345 -0.430007488 -0.205940127 0.967541873
 1005 -0.917371154 -1.27578413 0.370439947 0.621079564
 1006 1.14587881E-03 0.198108584 -2.59750485E-02 -0.825786173
 1007 0.196288913 0.492701292 0.808414221 -0.807603121
 1008 1.91986656 0.691889763 0.263340622 -1.01097369
 1009 -0.793223560 -0.911854506 -0.345648199 0.700290680
 1010 -0.225430936 -0.167987525 0.887469649 -0.468841881
 1011 -1.34235954 -0.851197183 -2.72829384E-02 0.681062341
 1012 0.753424168 -0.261741817 -1.74024117 0.526895761
 1013 6.87618405E-02 0.360956311 -9.88856554E-02 0.740140915
 1014 -3.24157178E-02 -0.281059086 -0.590361178 -0.569764495
 1015 -7.06510693E-02 -0.227866724 -1.56874931 -1.15058112
 1016 0.353635609 -0.234368756 -9.30811465E-02 -0.266108245
 1017 -1.25858903 0.810218215 -1.40161157 0.138844326
 1018 -1.58066738 0.235118717 -0.311579168 0.597119331
 1019 3.34071778E-02 1.44950032 1.02990198 1.02733707
 1020 0.927757502 0.368737251 1.42042971 0.609756470
 1021 -1.28371871 0.820970893 0.754609525 -0.142617434
 1022 -0.830295384 -0.923424959 -0.171790108 -0.820947886
 1023 -0.273210943 0.959572375 0.577786148 0.724920630
 1024 -0.419634879 -0.709761143 -2.39892006E-02 0.912242413
 1025 -0.400528282 0.625360370 0.225728095 0.160574600
 1026 -0.908647120 0.583045244 1.52984750 0.110959738
 1027 -1.36951828 -0.572999299 0.126430273 0.945293367
 1028 0.628589094 -0.618423998 -1.31795537 0.798403561
 1029 -1.72509587 0.491135895 -1.52476084 0.233630523
 1030 -1.04658628 0.144727081 -0.762330651 -0.627660930
 1031 -0.974740148 -0.875063539 0.936659575 -0.104952216
 1032 1.14211524 -0.515467823 -5.11630625E-03 -1.00930226
 1033 -0.179703593 -1.02008224 -1.21412098 0.893289208
 1034 0.495829344 0.584301949 -1.40811193 2.58771586
 1035 -0.798862278 -1.40154469 -0.388863921 0.923145592
 1036 1.75471830 3.67317349E-02 -6.69445992E-02 0.756401658
 1037 -2.41372991 -0.193620756 -0.660357237 -0.526716053
 1038 0.374126971 1.02754533 0.693343699 2.49163556
 1039 6.71780407E-02 0.343020231 -0.820677042 0.724931419
 1040 0.745223761 1.04376793 6.32475615E-02 2.61090112
 1041 0.237809047 0.172447667 0.875654101 2.50701284
 1042 3.27750742E-02 -1.08526230 -0.160961658 2.06260419
 1043 -2.18429065 -2.81211585E-02 -9.01952386E-03 -0.652975798
 1044 -2.19898701 8.52724910E-03 1.49199593 0.902477980
 1045 -0.853785515 0.405150533 -1.20233846 2.53915405
 1046 0.460472792 0.319638550 0.584463775 1.11229515
 1047 0.802988887 0.769546211 -0.909012556 1.08258200
 1048 -1.61026871 0.446081847 -0.388009191 1.17966282
 1049 1.78459239 -3.33299860E-02 0.935919166 2.54560423
 1050 -2.21981788 -0.506904125 0.986406863 -1.24143457
 1051 -1.29696524 -0.300264835 0.923593879 0.676017761
 1052 0.438288569 1.64513135 -0.570988417 -4.82633114E-02
 1053 -0.555382371 8.26853514E-03 -0.501164198 0.751696646
 1054 1.48027658 4.91730236E-02 0.422048360 2.31301332
 1055 -0.131773546 0.474814057 0.962159574 1.12838960
 1056 -1.07567418 0.584913850 -0.901507139 1.74750781
 1057 0.653950632 0.578996062 -1.62189817 0.911931217
 1058 -0.759381175 0.362275958 0.127330005 1.52869809
 1059 0.476228565 -0.502090693 -0.176490709 1.06026292
 1060 1.71991897 -1.32842135 -7.11904913E-02 3.29613352
 1061 -1.16993475 -0.654981673 0.146827236 1.35682869
 1062 -1.52914190 1.43291366 -1.76730287 0.335866809
 1063 -0.920546353 0.475764453 0.810691357 1.92613292
 1064 -0.976590991 0.540260613 -1.34312272 2.87369466
 1065 -1.37020183 0.446463853 4.37598228E-02 1.02526987
 1066 -1.27186227 1.10629630 0.369663566 1.19000530
 1067 0.641048372 -0.520434201 -1.16468596 1.62797403
 1068 -3.96385342E-02 -0.682760358 -0.744564950 0.751539946
 1069 -1.45303333 0.150409922 -0.291198194 0.693217337
 1070 -0.536619365 -2.13003993 0.507846177 0.803619921
 1071 -0.849085987 1.16597795 1.32451189 1.31366158
 1072 -1.00474834 1.29112101 0.914205790 1.20145798
 1073 -0.203244150 0.647639930 0.294244260 -0.356885046
 1074 -0.569783509 0.421350777 0.766781330 -0.189892143
 1075 -1.80684388 0.320450038 -0.378671467 0.896478117
 1076 -3.07313395 -1.18981075 0.275041878 -0.440203249
 1077 -0.301503241 0.508242786 0.547862589 0.957323611
 1078 0.990743101 -0.125703707 -0.153684333 1.33222246
 1079 -1.66268337 0.132517561 0.718502164 1.17889345
 1080 0.826994479 0.797508001 -1.60394251 2.07919455
 1081 -0.800532222 -0.438811183 -0.141654253 -0.663905978
 1082 0.293367893 -0.400377840 -1.23680925 2.07242632
 1083 -1.49652886 0.879048467 -1.56935143 2.55052519
 1084 -1.60974193 1.44707763 0.466038406 1.59655952
 1085 -5.82576841E-02 0.225774929 -0.938505054 0.786270022
 1086 -1.88532186 1.80217028 -2.13572192 1.13605928
 1087 -0.573373318 0.248113930 -2.29095769 -9.71496105E-03
 1088 -0.126302406 0.113769874 0.225695312 -0.114306286
 1089 -0.813716173 0.249220669 -0.202046782 1.26445043
 1090 -0.981707513 0.393541902 -0.340852886 1.27535069
 1091 -1.53777218 0.490577042 -0.668759584 1.54256999
 1092 -1.17065299 0.765303314 -0.801850677 2.19233274
 1093 -2.04496694 0.145414114 -0.176472664 1.78685379
 1094 -2.23754478 1.28854382 -0.716460466 0.766784370
 1095 -0.440446168 2.24468231 -1.84574997 1.18142760
 1096 0.643678963 1.44480932 -0.865371704 -0.454505265
 1097 -2.71184945 1.26638579 0.142563194 1.55453396
 1098 -0.630325496 1.20860481 -1.40700960 -0.400890499
 1099 -0.153753534 1.26012552 -0.812476516 2.31555486
 1100 0.224065959 0.324778259 5.72134554E-02 -0.679001331
 1101 -1.77870655 0.322744608 0.372194976 0.788542032
 1102 -7.61516020E-02 1.96374977 -3.26679423E-02 -0.966092288
 1103 -3.03510451 -7.75222480E-02 -1.16261935 3.88855934E-02
 1104 -0.680113852 0.502226472 0.402500272 1.60940421
 1105 -0.430782825 0.555541337 -0.862979650 2.57947755
 1106 -0.687865734 -0.331929207 -0.536282659 1.27202690
 1107 -1.27537310 8.80349204E-02 -1.07123387 -0.201605365
 1108 -1.15016651 2.51191449 -1.01199067 1.19191563
 1109 -0.758302808 0.370579362 -0.518830299 2.35728288
 1110 0.717976630 1.33768868 0.191720098 1.83947921
 1111 -2.82916874E-02 1.63584709 -1.53009248 3.58077598
 1112 -1.19357288 1.21234179 -1.48969042 1.11228943
 1113 -1.56713152 1.92866004 -1.21523798 1.65799022
 1114 -1.34982967 2.68799812E-02 -1.15366817 0.966438711
 1115 -2.46973944 1.46255326 -1.08485579 1.50192356
 1116 -0.175160751 0.414235502 -0.157809809 2.74230504
 1117 8.88154209E-02 -1.27466059 -0.799602151 1.41554558
 1118 -1.64461160 0.118009627 -1.89283311 0.357299030
 1119 -0.373937994 2.61321950 -1.89003491 0.903575301
 1120 -0.971747041 -1.36348879 -1.40274978 0.345653325
 1121 -1.83177257 1.25585365 0.274470985 0.339957029
 1122 -0.904571056 -1.41086173 -0.160288155 -0.952161551
 1123 -0.651740074 -9.81701314E-02 -0.445159525 8.02963227E-02
 1124 -1.08758354 -0.564746261 -0.860221803 -0.262778401
 1125 -0.394930840 -5.61206564E-02 -0.466545045 0.151892498
 1126 1.77819502 1.22742689 -1.01666260 2.66076756
 1127 -1.10120320 1.51541126 -0.541792989 2.49871969
 1128 -1.18142915 -0.876416445 -0.238135949 1.29889643
 1129 -0.687882006 1.06088090 1.42071331 1.23638296
 1130 -0.442654788 1.82374060 -0.414225429 -0.394588739
 1131 0.560269475 1.04316556 -1.12484753 1.57475471
 1132 -5.38631827E-02 0.842720747 -1.81945074 -1.19530010
 1133 -0.511671960 -0.236135483 -1.53361452 0.818864405
 1134 0.688489199 1.55801141 0.393936425 0.948237479
 1135 -1.45384574 0.469977617 -0.145530671 2.59904909
 1136 0.516657472 -0.239862174 -1.02403343 0.669468820
 1137 1.89545095 1.08671498 -1.10736322 0.953283012
 1138 0.206503749 1.08736682 -0.343122393 1.17493212
 1139 -0.356199235 -1.02130532 2.01114988 -0.287119836
 1140 0.308650732 -1.58898175 0.595222533 1.35995448
 1141 -0.241540477 -0.210318848 -1.20662832 -2.12449121
 1142 1.11260176 -0.893844783 -0.760957181 -0.399075300
 1143 -1.33607328 0.387462974 2.43659449 -1.28086483
 1144 -1.34314561 1.24598622 1.73125184 -1.31044567
 1145 0.521687269 -0.615620136 -0.811242819 -1.13727593
 1146 2.51363777E-02 -0.408118814 2.33582044 -1.44000649
 1147 1.15172052 1.82676756 2.43656039E-02 -0.677669466
 1148 -1.63385367 0.290417373 0.446720660 -2.25243831
 1149 -1.63693905 0.742976248 -0.323572189 -0.224460572
 1150 -0.982812762 1.07048535 0.613089919 -1.84193015
 1151 1.23240089 0.471261978 1.02299297 -2.21389675
 1152 0.224410653 0.433060378 -0.886769772 -0.511763155
 1153 -0.299270958 0.904770613 0.806098461 -2.32376528
 1154 0.714547455 1.27107716 -2.21847081 -1.67080402
 1155 0.329961449 1.88878274 -0.376826584 -0.963448584
 1156 0.713476300 0.260511398 -0.356623948 -0.844145298
 1157 8.07304382E-02 1.23435557 0.685500979 0.384447992
 1158 0.905363202 -1.22964776 -1.40787399 -0.726781011
 1159 1.21612072 0.115667075 0.459886968 -0.486607820
 1160 -0.851607680 -0.557030916 0.957255900 -2.10088992
 1161 0.947364330 -0.788234472 -0.386477858 -1.72075856
 1162 0.701582253 1.19772506 0.688321710 -1.75454855
 1163 1.45351803 -1.20719886 -1.36638355 -0.340426415
 1164 -2.13340926 0.637021422 0.489009261 -0.133200154
 1165 -0.182173073 -0.353016973 1.20568669 -2.37219143
 1166 -6.15678132E-02 -0.699270129 0.503731787 0.114791267
 1167 1.40613925 -0.218313977 1.15163493 0.553554177
 1168 0.191042989 -0.325454473 -0.894298017 -0.629252434
 1169 0.319318652 -1.25476849 -0.202573836 -0.297109932
 1170 1.07837534 -0.916845620 -1.54245770 -2.39444113
 1171 -1.15800691 -9.40389931E-02 0.259654462 -0.635244846
 1172 1.84362102 -0.354711205 -1.13330269 -1.61638260
 1173 -0.180333644 1.80914819 0.247414529 -1.91829693
 1174 1.60623407 -0.429513991 0.949611068 -0.724707961
 1175 -0.332776755 0.574984491 0.416990072 -1.78978729
 1176 -1.96741581 1.14881682 0.322749585 -1.23492861
 1177 0.230705231 -1.32404244 -2.44918180 -1.26645374
 1178 -0.314953953 0.730439067 0.561553061 -1.34200478
 1179 -1.05113554 0.398112088 1.39199626 -2.53792906
 1180 0.793522239 -1.25183499 -0.202323288 0.861676574
 1181 1.32928979 -0.428100169 0.751828671 -1.71000433
 1182 9.29624960E-02 -0.736614585 0.839926004 0.157566726
 1183 0.200358853 -0.660713077 -1.26406717 -0.542420566
 1184 -0.485442221 -0.564851761 0.597201169 -0.599366426
 1185 5.85544333E-02 -1.24187946 1.49711418 0.784105599
 1186 0.698112726 -7.91127682E-02 -0.923966885 -0.866801918
 1187 0.292536080 0.880047679 0.790709853 -1.84970903
 1188 0.608321369 -0.654852569 -1.02266049 -0.618672609
 1189 -1.49436545 -1.85450625 -0.878868699 -1.43821192
 1190 1.58503222 0.155070454 -0.700637996 -0.429769427
 1191 0.664256275 -1.69851017 -0.205398619 -2.16304421
 1192 -2.17333627 -0.171073020 1.26366961 -1.96780896
 1193 -0.968070030 0.776754975 1.16510069 -1.98452461
 1194 -1.61133635 0.376716107 -7.32350126E-02 -1.82600152
 1195 -0.393876553 0.119234025 -0.922847748 -1.96690035
 1196 1.10458004 0.249408156 -0.764564812 -0.994489849
 1197 -2.09635139 0.170579255 0.253789067 -2.04736233
 1198 -0.521308661 -1.24708033 -0.242483065 -1.63817024
 1199 0.576351166 9.49299783E-02 0.355789244 -2.25296950
 1200 -0.696255803 2.53905430E-02 0.866662562 -2.17921066
 1201 -0.341575652 -1.75163734 -0.530574620 0.317274630
 1202 -6.23785257E-02 -1.03029823 1.15668321 0.293725401
 1203 -2.18594646 0.576878309 2.00047278 -1.37814045
 1204 0.825483322 -0.663179040 0.804982424 -0.431802899
 1205 -1.37915015 0.672859073 1.80530953 -2.50673890E-02
 1206 -0.258997560 -1.26227868 0.459030598 -2.15486336
 1207 0.575751901 -0.242722303 0.536356449 -0.956045210
 1208 1.47468901 -0.674667776 0.224872515 -0.890628099
 1209 -0.893797994 0.972943187 0.171320140 -2.02143955
 1210 0.878486872 0.291298985 -1.51516414 -2.17017317
 1211 0.511859298 0.811238050 -0.189000279 -1.58558106
 1212 -0.620045424 -0.259316236 -0.813828468 -0.278323650
 1213 -1.25864387 0.342769921 -0.723076463 0.927738965
 1214 -0.953626513 7.47027770E-02 1.26576090 -0.469001710
 1215 -0.283307582 -0.682471812 0.470354676 -1.11648691
 1216 -2.95724726 1.40745044E-02 2.45974326 -1.05652773
 1217 -1.55330002 -0.411984563 0.320652515 -0.834075034
 1218 1.01962388 -0.237372383 1.38294017 -1.88461280
 1219 -1.14235723 0.279685736 0.769546509 -1.02148342
 1220 -1.55755746 -0.729495287 -0.227954820 -0.210865527
 1221 -0.265835017 -1.43477666 0.768551946 -1.46888542
 1222 -0.425016820 0.574896991 1.49380660 -0.484569073
 1223 2.13623548 0.979288459 -0.173162729 -1.95021701
 1224 -0.517220140 0.543837786 0.567117095 -1.92006874
 1225 0.224792600 0.894805789 1.60389030 -0.397099912
 1226 -0.516327858 0.355500847 0.842346489 -0.513270140
 1227 -0.300012141 -0.382433057 -0.227134272 1.42815781
 1228 -1.10632885 1.04997647 1.33224785 -2.33922958
 1229 -0.666067481 -1.33343720 1.70484930E-02 0.897978365
 1230 -1.74859345 0.513386667 -0.731177926 -1.56137562
 1231 -0.380534232 0.302376449 1.69866860 -0.540735781
 1232 -0.421545237 -0.246801496 1.62692988 0.547988057
 1233 -0.561404943 -0.342615753 -0.360250115 -1.29531229
 1234 -0.361775041 0.948232114 -0.199630618 -1.42548919
 1235 2.17894101 -1.00533068 0.190072075 -1.60597861
 1236 0.961882412 0.187279418 -0.194320396 -1.48700476
 1237 2.21408904E-02 -7.31755719E-02 -0.543619752 -1.09351981
 1238 0.463728070 -1.72433221 -0.218668565 0.183210969
 1239 0.158094764 -0.792309523 -0.850010276 -1.59564841
 1240 0.870010138 0.307296723 1.82003379 -0.708193660
 1241 -0.110621393 -1.35924518E-02 0.930093408 -0.973642766
 1242 0.919054925 -1.85443115 0.470398486 -2.02228069
 1243 0.596679330 -0.338245124 1.04719782 -0.384340823
 1244 -2.16617036 -1.06342053 -0.895155847 -2.29425764
 1245 -0.477728933 0.694416761 0.332198620 0.150940627
 1246 0.626041830 -0.579584420 0.904260457 -1.23827541
 1247 -6.49330616E-02 -0.575435638 0.978665829 -0.503387451
 1248 1.34926260 -0.835065842 0.221427083 -0.453642517
 1249 -0.242863014 -0.642314792 -0.358744711 -1.52372265
 1250 1.14648366 -0.122536220 -0.507755935 -1.63060689
 1251 -1.43723464 -0.884067059 0.167866200 -2.13851261
 1252 1.33671832 0.145156950 0.151461512 -0.668316245
 1253 -0.406350672 -1.94158316 0.621768951 -2.09081531
 1254 0.625492930 0.474044740 0.780606449 -0.985866249
 1255 -0.424899697 -0.964916468 1.46076059 -2.15641069
 1256 -1.39561939 -1.41395426 0.777978003 -5.62372953E-02
 1257 3.64437476E-02 -1.23892784 -0.221885890 -0.968305111
 1258 0.924967051 -1.59962070 -1.53400803 1.24189746
 1259 2.05718541 0.405321777 0.608903229 1.61189437
 1260 -0.438375711 1.11713290 0.832260728 -1.25597429
 1261 -0.778888345 -0.959247172 -0.539720774 -1.18661964
 1262 -2.60415983 1.41845942 1.10549891 -1.18456054
 1263 -1.21191382 -0.416762739 2.18894029 -1.56176853
 1264 -7.03919083E-02 0.399228275 -3.52063403E-02 -1.74422348
 1265 -1.59652401E-02 1.02060616 -9.90101397E-02 -0.868705630
 1266 2.61163563E-02 -0.395393997 -1.08356512 -2.12613821
 1267 1.18569160 -0.244246081 9.33792293E-02 -2.20024967
 1268 -0.505910218 -0.518252194 1.48178029 -1.17044973
 1269 0.866873801 5.83149791E-02 0.317010790 -1.61089253
 1270 -0.169300944 0.831633568 0.610825241 -1.63629782
 1271 -1.10247803 0.880284429 -0.107241869 -1.24777687
 1272 -0.518890381 -1.30069911 -0.377572238 0.235348865
 1273 -0.766342938 0.423257470 1.17633688 -0.618617058
 1274 -0.483110070 -0.941145182 0.727020323 -1.29713166
 1275 -1.01701868 0.329830557 0.657187045 -0.586732388
 1276 0.985152721 0.489172280 1.13668907 -2.41630077E-02
 1277 -1.11284494 1.94764233 -0.517847359 -1.44389343
 1278 -0.262375295 0.275443524 -1.33229101 -7.80316293E-02
 1279 -0.969287097 1.48602319 0.195329458 -1.04439712
 1280 1.90663412E-02 1.50397420 -0.735204399 -1.10677505
 1281 0.765253901 1.85969698 -1.02629161 -1.61582434
 1282 3.66706103E-02 1.11174798 -1.68599308 0.324190497
 1283 0.843906641 -0.714957595 3.90010290E-02 8.86792243E-02
 1284 -2.51805449 -1.87001729 0.107515298 0.206421345
 1285 -1.96896482 1.08463240 0.991769552 -2.21474099
