 1 -0.807514787 -0.650104761 0.557711244 0.792036355
 2 0.459626466 -0.485531002 -7.86038339E-02 0.327548593
 3 -0.233900651 1.56330037 0.402141035 -0.275572240
 4 -1.67722440 0.116727501 -0.328469902 0.951911449
 5 -1.12367415 -2.44424152 0.227199018 -1.42607641
 6 0.757563412 1.15423596 0.955408692 -0.543933988
 7 -7.60522857E-02 -0.820433140 -0.576735258 6.82891160E-02
 8 3.75526734E-02 0.874524713 0.601303279 1.41342115
 9 -5.63944876E-02 0.297942042 -1.56488156 0.750870347
 10 1.92149234 1.06143486 -0.174692631 -1.30924416
 11 0.651660621 -0.645942271 -1.88597453 0.804493546
 12 -0.447084785 0.726496696 0.369214892 1.35998356
 13 -0.628572464 -0.271921962 2.04152870 1.52740324
 14 -0.449648023 1.05129063 0.927687943 0.974763989
 15 8.65811408E-02 -0.502306283 0.145531490 -0.913725674
 16 1.75649071 1.61722457 0.294437081 -1.23055649
 17 1.01878619 0.377069920 0.763253331 0.359779954
 18 1.28365612 1.14353442 -0.383584768 0.402413338
 19 -0.223440439 5.56408241E-02 -2.14390039 1.25605500
 20 -0.421595275 -0.877674997 -1.12811816 -0.882446170
 21 -0.627077460 -0.615144491 -0.140817642 1.59770453
 22 0.127843797 -0.851545930 -0.524848580 0.226895079
 23 0.904968023 -0.604304433 -0.423234284 0.825832248
 24 0.767492712 -0.269671619 -0.795657516 0.112294316
 25 -0.675188601 -8.91466811E-02 0.410886705 -2.45353341
 26 1.21690571 -1.10655940 0.129780054 0.897575438
 27 2.34366655E-02 -1.62263250 2.28264189 0.397963583
 28 6.60068914E-02 0.600815415 0.932798386 0.789966345
 29 0.173342675 0.471741915 1.14924693 0.552961349
 30 0.178288460 0.537601888 -0.417938262 0.862675130
 31 -0.348735780 -0.613784075 0.424286842 0.173188329
 32 0.441374809 -8.80798995E-02 -0.425216287 0.432244271
 33 -0.398426831 1.96728051 0.684619486 0.404619575
 34 -0.431915611 -1.61214757 1.02695584 0.725831032
 35 -1.23132062 0.186145231 0.200958148 8.80409330E-02
 36 0.642406225 -1.26729608 -2.10613656 0.327167451
 37 1.33094597 0.475895107 -1.07160139 0.254659444
 38 0.611645699 -2.44796205 -0.636483014 -1.52892113
 39 -0.899784982 -1.12440884E-02 -1.02904272 0.464342475
 40 0.418750495 0.887919426 -0.809336066 0.266394347
 41 5.07652760E-02 -0.790027916 0.459096521 0.784576952
 42 0.282580763 -0.687741876 -0.793650508 -1.29960716
 43 0.608535171 -0.412368506 -0.550813794 -0.784369171
 44 -0.105437711 -0.258417189 1.55812204E-02 0.918045282
 45 -0.871140957 -0.416195214 -0.433562279 -0.956697404
 46 -0.307387531 -1.31433892 -2.15503907 8.81706327E-02
 47 -0.326283604 3.61182541E-02 -0.879682541 8.70347917E-02
 48 -0.504171908 -0.580561399 -1.04291439E-02 -1.53825963
 49 2.59372890E-02 -1.27989268 -0.510923505 0.392037988
 50 1.13297224 -0.222662464 0.140787750 1.23555303
 51 1.93024945 -0.509711862 -1.03132963 0.445666969
 52 -0.575214207 -0.309240669 -0.157355249 0.390924513
 53 -2.51156241E-02 -2.11723614 -1.72101271 0.644603670
 54 -0.888469696 0.270554483 -0.473293275 0.485439628
 55 0.541066587 -0.521440089 0.941205680 0.996150792
 56 1.34702611 1.53117728 2.00289035 1.00761628
 57 -9.88026187E-02 0.504599810 -0.144474745 0.898741603
 58 -0.689244270 0.570835114 0.405277967 0.168199793
 59 -1.30769241 1.36259031 -1.13643086 0.136538371
 60 -0.568041563 1.28275967 0.497631997 0.147788465
 61 -0.181665331 -1.64700365 -0.706735909 -0.606824398
 62 0.161866248 0.434562534 1.04634988 0.231576473
 63 6.67854846E-02 0.419904470 -0.189360574 -0.123641819
 64 -0.548151910 -0.425965220 -0.254567534 -0.124968074
 65 -0.325859994 0.478594095 0.964944124 1.05557060
 66 0.753626108 1.07489216 0.505994797 0.411760122
 67 0.772869468 -0.360109389 -0.888368130 0.495808572
 68 -1.00852227 0.742386580 0.362435281 0.300737351
 69 -0.862296939 0.208215684 0.205176458 -1.87291646
 70 2.23179197 -0.242862061 -0.708314598 0.282201707
 71 1.03883696 6.84154034E-02 1.64448524 -0.212526098
 72 2.18402600 -1.62652349 -1.73074806 -0.960369170
 73 0.687148631 1.02603614 -1.79345238 0.132856384
 74 0.300562918 -0.712374568 0.549734831 -0.117701158
 75 -0.616698444 -0.743634820 -1.97277236 0.687572718
 76 3.12914103E-02 1.36363840 6.99548423E-03 0.143065497
 77 1.87810183 -0.751739562 1.04963553 0.123817205
 78 -0.384573460 -1.15683019 0.349006474 -0.980346918
 79 0.794006228 -0.498496324 0.235128149 0.130837202
 80 -0.968998194 -1.59779692 -3.52699645E-02 0.761042237
 81 0.706422567 0.325272977 9.22310054E-02 -1.11991811
 82 0.660803795 -1.16557682 -1.67739403 1.07534975E-02
 83 -0.950481951 -0.822341800 -2.01220727 -3.22553253
 84 0.263340116 2.37029052 -1.80548704 -1.52914166
 85 0.432449728 -5.16774580E-02 -1.38841212 0.146586403
 86 0.970092416 0.361352980 0.487087309 0.399723351
 87 -1.00184488 -1.53276026 1.15398347 0.652819932
 88 1.28338552 -0.820592225 -1.25638568 -1.39212143
 89 1.60448360 0.964812279 -0.256685704 2.33849883E-02
 90 1.53167427 1.40844226 -0.306521773 0.496458113
 91 0.669725776 -1.79482174 0.843892634 0.733789384
 92 0.419155151 -1.60846496 -0.591527343 0.618944645
 93 1.52938974 -0.393549621 0.145870775 -0.176788986
 94 1.59396183 0.671441972 0.562087893 0.606995165
 95 0.250662863 -1.29567897 -1.43256760 -1.43121779
 96 -1.03279829 0.185284451 1.30166602 -0.464015424
 97 -0.692587793 -8.16697627E-02 -0.400386006 0.314251006
 98 -0.137599632 0.190557003 -1.60742497 3.43531221E-02
 99 -1.45075798 -0.501293421 -1.93251991 -1.81601417
 100 0.411295950 0.465912938 -0.454571307 -0.119894400
 101 -0.256596953 -0.958950877 0.831601202 1.20055771
 102 -0.328139991 -0.921726584 0.704377770 -1.40258074
 103 -0.884560347 -0.987285018 -0.996394396 0.383710742
 104 2.05770284E-02 1.10989583 0.954743981 -1.59531367
 105 -0.380627066 0.817774236 -1.00721514 0.669463634
 106 -0.638656974 0.204572260 -0.124137633 -1.16480303
 107 1.04672325 0.834886312 -1.59997773 1.55159187
 108 1.80545819 0.845712900 2.03035593 1.37648869
 109 -0.603572369 -0.725192189 0.387486845 0.188740522
 110 1.65352023 1.06193590 0.742845535 0.813735902
 111 -1.81392515 -0.334931850 -0.905217350 -1.67050457
 112 -0.305672824 3.25332992E-02 -0.503525436 0.839440584
 113 -8.48046243E-02 0.760682106 0.759425759 0.324586630
 114 0.133942276 0.623251617 -1.65728176 1.50597286
 115 -0.534776926 -2.05349326E-02 0.328541964 -3.25194192
 116 -0.183898419 -0.379373193 -0.842132211 0.125056967
 117 -0.399517238 0.264707297 -1.38626325 0.755789697
 118 0.381187707 1.32706016E-02 -0.914578617 0.820486844
 119 -0.768518567 -1.05833876 0.992585123 0.519047379
 120 -0.206907660 -0.870287895 2.18571723E-02 1.26322937
 121 -0.231554747 -1.35774350 0.812238038 0.393728614
 122 0.558711171 0.665370703 3.31628174E-02 0.333708346
 123 0.953620911 -0.863090456 0.130767792 0.426348120
 124 -6.21806085E-03 1.70107150 -1.47679770 0.437657923
 125 0.372656465 0.682996333 0.914362431 -0.103814393
 126 -0.332865894 -0.127143666 0.222838923 0.198565081
 127 -0.299936175 0.400307059 -1.39895654 1.08711588
 128 -0.426272690 -1.42383635 -3.38613652E-02 1.18153250
 129 -0.633613586 -1.45217824 -5.27677611E-02 0.455183595
 130 -0.515425742 -0.350936711 -0.252231032 0.773655176
 131 0.342345059 0.344789058 1.19244742 -0.626094282
 132 -2.21742988E-02 0.307418346 -0.650171399 -1.61228883
 133 -8.43948275E-02 0.632093072 0.706194341 0.550616562
 134 -0.175423071 -0.714307785 0.867770612 0.172601402
 135 -1.10103786 0.257579684 7.32461512E-02 0.343689024
 136 0.591702998 -1.72335386 0.830627441 2.63105556E-02
 137 0.620474398 -0.317227781 0.413252801 0.963977814
 138 -0.153319150 0.409939617 -0.350407928 0.847302139
 139 0.405134171 -4.03850675E-02 -1.24593461 0.234344512
 140 0.443163246 0.117814824 -0.172316402 -1.41988051
 141 5.64917773E-02 0.391452193 -1.17072344 -0.286305577
 142 -2.40915716E-02 -4.59278040E-02 -1.35408711 0.202805489
 143 -0.245788097 0.633831322 -1.81712413 0.211008877
 144 -1.79918599 1.25996339 -0.382094711 -1.16218269
 145 -0.574248314 -0.310748935 -0.427200466 0.602655709
 146 0.606336236 1.76707149 1.20670795E-02 0.795783639
 147 1.38707185 -1.26881981 -1.62907243 -1.51500607
 148 0.361295164 0.383717984 1.75849982E-02 0.142376497
 149 1.96881115 0.466617376 0.802984416 0.159694463
 150 1.02730012 -1.01215410 -0.804938316 0.565394998
 151 2.09293032 1.13848925 1.89889121 1.54806900
 152 -1.52307212 0.698579550 0.554206610 -3.29058766E-02
 153 -0.694182634 -0.290700316 0.802291691 -1.95612609E-02
 154 -0.944603682 -1.29925895 -0.623136818 0.160731092
 155 -1.66066980 -0.665027738 -0.937783480 1.02051520
 156 -0.969010115 0.983774781 5.76931760E-02 1.50461698
 157 0.581337452 0.294757694 -0.676501811 1.30607367
 158 0.402561009 0.509038985 1.33387744 1.16316915
 159 -0.856280148 -0.286784261 0.583428502 0.476263881
 160 -1.90550506 -0.618628979 -0.493234307 -1.62211108
 161 -0.529284060 -1.38389993 -0.345571160 0.101194918
 162 0.243910179 0.570500135 1.72233927 -1.63443637
 163 -0.483736455 -0.183419883 -2.07917380 0.258952588
 164 -1.32529163 1.37298656 -0.172014862 0.245977670
 165 0.746912420 -1.72530544 -0.128030360 -0.907426417
 166 0.238999039 -0.792486787 0.264581144 0.139049500
 167 0.404650271 -1.75662625 -0.340805829 1.10528970
 168 -0.996978819 0.292308778 0.217043012 0.884026289
 169 0.590709925 -0.945899606 -0.836305082 0.387410939
 170 0.711483836 1.36479211 -0.218406767 1.10284340
 171 0.933637261 -0.494898438 -1.22006261 -1.50841403
 172 0.856130779 1.79417074 -0.509358644 0.729452014
 173 0.702827692 0.990579724 -0.680311143 -1.08532286
 174 -0.259247810 0.603182018 -0.111684039 3.70288119E-02
 175 -3.36177200E-02 0.638401270 -1.15775669 -1.65665603
 176 1.10569239 0.462400973 -0.754551589 1.27906966
 177 -0.700705528 -0.978215992 0.432732552 0.638504744
 178 -1.12297022 -0.238484472 -0.295135081 0.469816089
 179 -1.08636391 -0.321773708 0.125584111 1.28350186
 180 -0.324187309 0.770085931 0.481983125 0.103449896
 181 -1.71285367 -0.333721519 1.39115378E-02 0.299502045
 182 0.480103403 0.244122237 -1.44622386 -0.712008417
 183 0.319880575 0.354355216 -1.06255746 0.708578169
 184 -0.931039870 1.15566325 0.711172104 0.236946747
 185 0.692173541 -0.489475876 -0.180110723 0.631636858
 186 9.39822644E-02 -0.609739304 1.28269374 0.875874817
 187 -1.69390416 0.221348345 0.743383169 0.264403373
 188 -0.974481702 -1.29229867 -1.90975857 -1.27337360
 189 -0.801146209 1.16599095 -0.763754487 1.45494986
 190 0.217510909 0.397852302 -1.51408195 -1.50469398
 191 0.379496872 1.51984215 -7.44454190E-03 0.762198925
 192 -0.481066048 1.80086553 -1.13509393 0.824901998
 193 0.463262558 -1.17871261 1.20951450 0.909399867
 194 0.152983323 -1.61655760 9.98859853E-02 -2.36477554E-02
 195 -5.43901697E-03 -0.568082869 0.979339004 0.444599509
 196 -2.16655445 -0.271464914 -1.54801774 -0.547321558
 197 -0.700353622 -0.152887121 1.77069497 0.452270389
 198 0.633601725 0.728356957 1.93699419 0.651894808
 199 0.318697482 -0.423672646 -1.13555658 0.602163196
 200 8.85699838E-02 -2.74317074 -1.23736119 0.267810732
 201 -0.713907182 -1.02040315 -0.342488885 0.842508495
 202 1.45242298 -0.403115749 -0.359806597 -0.995229900
 203 7.64177516E-02 -0.575391471 -0.250723839 1.01249158
 204 0.523378134 2.72108960 -0.391207397 -5.76060712E-02
 205 -0.916700244 -1.48593664 -1.34140551 -0.132600158
 206 2.71558046 -1.27765858 -2.44960189E-03 1.88434124E-03
 207 1.16412616 1.25237858 -0.603453159 -1.42734957
 208 1.09012973 -0.539257050 6.47590384E-02 0.425956190
 209 1.07181454 0.514010787 3.83327752E-02 0.319686830
 210 1.43527067 -0.324225187 -0.170600057 0.539674640
 211 -0.426275164 1.36349583 -3.10834832E-02 0.528865635
 212 0.190860599 -8.69140700E-02 -1.13468611 -1.33053863
 213 1.12032557 0.419376373 -0.891428947 -0.114019036
 214 -0.628951073 1.50565255 -1.25893199 0.614323080
 215 0.230515718 -0.762419164 -0.460215271 -4.27456200E-03
 216 7.41160959E-02 -0.389780402 1.81579363 -1.65754473
 217 0.379369885 0.319677114 -2.12618709E-03 -1.61371064
 218 -1.18414879 0.821339250 0.804967165 0.977138996
 219 0.639761329 -1.55880070 0.197810441 1.16591883
 220 0.362590700 -0.297814280 1.49230361E-02 -1.38238978
 221 0.700331688 -0.407126516 1.07190537 -1.61746502
 222 0.762448728 0.489094615 -0.944584608 -1.62396920
 223 -0.661257207 -0.430927634 -0.584210992 1.25097382
 224 0.814152658 -0.911275148 -0.134880736 -1.24190938
 225 0.724584579 -0.196203917 -0.208106607 0.869884551
 226 0.440637410 0.386789441 -0.378425181 -1.44704902
 227 0.597473860 -2.17974567 -1.10078943 -1.31139576
 228 0.169737041 1.01262593 -1.79042697 0.316933751
 229 2.03892040 0.330717981 -1.15274882 1.16733861
 230 -0.570803404 -0.393474191 -0.848858356 -1.36941445
 231 -1.12932134 0.246574715 1.13908207 0.828496814
 232 0.169557095 -1.05270672 -0.607816935 -0.638289928
 233 2.07400918 0.533477128 -1.58002853 -7.42614418E-02
 234 1.04475975 -1.03193784 0.863632977 0.366968811
 235 -0.258872211 0.197239041 1.51895201 -1.69177127
 236 0.855294645 -1.69448256E-02 -6.82554543E-02 -1.84319186
 237 -0.290303081 0.391287535 0.460862875 6.86405599E-02
 238 -0.256101757 -2.13588357 1.35754013 0.250871897
 239 2.06313276 0.951870680 1.07310462 0.219259843
 240 0.540158927 -0.719209194 -1.07351243E-02 0.384119868
 241 0.564419806 0.400035501 -0.860787988 0.537051618
 242 0.769788444 0.299554706 -7.89951682E-02 -1.48577607
 243 0.357362688 -1.14104152 1.16269231 -1.74082708
 244 -0.706713200 0.594187856 -0.407017440 1.99512541E-02
 245 1.12908113 7.30954707E-02 -0.778977454 0.382645220
 246 0.366406262 0.952397943 -1.23073971 0.132683158
 247 0.534549773 -0.874836385 -2.46882367 -0.119326323
 248 2.46573500E-02 5.84233105E-02 -0.255886585 0.431180686
 249 1.79102910 -0.171524420 -0.754159451 -1.09281075
 250 -1.43601549 1.71897769 2.03402114 -0.561971247
 251 -1.33664846 1.34160340 1.14712894 0.722633243
 252 -0.572034895 -0.817368209 0.345931441 0.544162869
 253 -1.50517261 0.603541374 0.582818151 -1.41185176
 254 0.750979543 -0.362059057 -1.44457603 0.127437428
 255 1.21298122 -0.193135828 -0.308494002 0.441082120
 256 1.23076117 0.612831891 -0.250952065 -4.27376032E-02
 257 0.202499390 6.87643439E-02 0.540194869 0.459708899
 258 2.11450720 -1.56831682 -5.05748391E-02 1.92921340
 259 1.99211240E-02 -0.854786932 0.772023261 -1.97689748
 260 1.85270667 2.34691882 0.845705390 0.930399537
 261 -1.58991992 0.928936601 1.21194184 1.79349434
 262 1.53395629 0.821249127 0.634650648 1.12601483
 263 -0.314273000 0.666731477 0.484023064 1.11618900
 264 2.78306901E-02 -0.525201738 0.337133765 0.313799649
 265 0.862845480 -0.603494108 -0.407726288 0.380482435
 266 0.395955592 -2.25636512E-02 -0.803874016 0.614674330
 267 -0.204593688 -0.504387915 0.964021981 0.273101717
 268 0.377563775 -0.442805976 -0.467796236 0.338513523
 269 0.970584631 -0.462595522 0.412745744 0.793146610
 270 1.16080821 0.746676326 1.51488841 0.893932998
 271 -1.07490265 0.267922014 0.324090809 -0.216617092
 272 0.188829526 -0.648485184 1.55874884 -1.94989598
 273 1.81314242 -3.73344384E-02 0.218109220 -0.659870923
 274 0.854719460 0.613267541 -0.307558417 0.385106683
 275 0.866875291 0.258233339 0.101848334 0.286008090
 276 0.665904582 2.62929499E-02 0.127885133 0.121700570
 277 -0.709444761 -0.562918842 -0.636357903 -1.12265694
 278 -1.12049520 0.396781832 0.884167731 -1.00369263
 279 -0.705136955 1.06172121 2.17103809E-02 0.846882403
 280 -1.76867175 0.737478256 0.360245645 -1.97368395
 281 0.208847821 -0.415401191 0.820041656 -1.13293636
 282 -0.792135119 -0.460157394 -0.116519727 -1.47795224
 283 1.63602471 0.878647327 -0.836247265 -1.15230179
 284 0.876587331 -1.69122458 1.06766093 8.63637328E-02
 285 0.793544412 -1.39196086 0.135395616 0.283325464
 286 -1.72254896 -0.441300273 1.10157609 -1.37809265
 287 0.992399693 0.179697841 1.73608100 3.53837833E-02
 288 1.03732228 -0.291892499 -1.14296126 1.17698669
 289 0.340696305 0.305958271 -0.404038876 -0.755916834
 290 -0.622775137 -0.544576764 0.704367042 -1.51566446
 291 1.32487833 -0.591573536 8.64115953E-02 -0.109140292
 292 1.07845509 0.407780617 0.209496841 0.129871100
 293 1.33585417 0.472166359 0.383164287 -3.53175020
 294 -0.336941123 0.464353293 0.300343722 0.331589013
 295 -0.650927544 -0.348030001 -1.53697538 -6.53548092E-02
 296 -0.641864836 -1.24556828 -0.198235363 -8.80212337E-02
 297 -0.870886147 0.578605473 0.934919000 -1.29544985
 298 -9.20197591E-02 -0.572174609 -0.142014518 -0.110319957
 299 1.12951493 -0.232664838 -1.02499008 -7.37885833E-02
 300 0.242094427 0.485753596 -1.12993670 -1.71906197
 301 -1.87333488 -2.45002651 0.705521643 0.209215134
 302 0.428694159 -0.448777169 -0.121017531 -1.43527937
 303 -0.395068496 0.619272232 -0.222026736 1.23937058
 304 -0.253563672 -0.187101960 7.38069415E-04 -1.80401373
 305 0.898371518 -1.26497138 0.789155304 -1.17362833
 306 0.112022899 0.412130833 0.594650030 -1.43251693
 307 -1.15098202 1.08130753 1.67424989 -1.52518392
 308 0.811917722 5.13170809E-02 1.07319629 -1.23729312
 309 0.161297858 -0.648306847 -0.892566144 -1.29759622
 310 -0.532960594 -1.17943358 1.02914214 0.156819671
 311 -1.35109150 1.35493624 1.85651660 -1.28448296
 312 -1.15355420 0.821460485 1.57449269 -1.22320294
 313 1.60742569 -0.583320916 -8.65421370E-02 0.454840243
 314 -1.56335962 2.00660801 1.10118294 0.258330971
 315 -2.28228784 1.51790464 1.96100426 -0.864932656
 316 1.44061494 2.30045557 0.396515012 0.794036508
 317 -0.537631750 -2.50882030 0.741996050 -1.81676483
 318 -1.12853265 -0.864487171 1.65472734 -1.31192720
 319 -0.411835641 1.45434475 0.242706388 0.382355124
 320 1.43321776 0.903877139 0.762192190 0.230002433
 321 0.242304206 0.524049044 0.158326656 0.141335264
 322 1.68583763 -0.463089824 0.829690933 -3.06137800E-02
 323 0.891817868 0.851129115 1.09310663 -2.53752708
 324 0.151094764 -0.675184667 1.84804690 0.736797094
 325 -0.158167213 -0.275207490 1.17648196 0.106218994
 326 0.849314392 -1.09122741 1.65016413 0.171482205
 327 -0.452689230 1.91797864 1.01440084 0.722852111
 328 0.760521650 -2.03452063 0.749217033 5.99166453E-02
 329 -0.881003380 0.540500462 -0.413514853 -2.02913731E-02
 330 -0.179477215 0.298694730 1.61643136 0.844753325
 331 -2.02698064 -2.75275826 1.46575594 0.433067858
 332 -0.171121731 -0.953360319 -0.773387790 -1.01439655E-02
 333 0.439814031 0.810220718 0.532948494 0.217147350
 334 -1.02770472 -0.632563293 1.23159266 -1.36678171
 335 -0.491722286 2.11769605 -4.72197756E-02 -1.91234887
 336 0.844988048 0.388337851 1.10315096 -0.488509089
 337 0.352120548 -2.27640152 0.873399079 -1.39034200
 338 -1.12576592 1.41106153 4.88719642E-02 -1.75071526
 339 0.967052042 -1.08338571 0.247991413 -5.91164678E-02
 340 0.185838193 -0.263624877 8.87238830E-02 0.526650846
 341 0.338632822 0.228962064 -0.494128525 1.10632813
 342 0.445308864 1.24776471 0.215198457 0.153276369
 343 1.98294199 -0.271707892 0.132589012 -0.848136544
 344 1.22872853 0.369336605 -0.111567706 0.380001426
 345 0.845077932 1.49456942 -0.494912475 0.546304464
 346 -1.16070020 0.675813079 -0.732739449 6.17108271E-02
 347 -0.145565897 -1.04519725 1.09518385 0.766036749
 348 1.40240443 0.569556415 0.494980276 0.731834114
 349 2.40370846 -0.595254540 0.932025015 0.459474713
 350 0.790033698 -0.646985769 -1.48585498 0.798591375
 351 -0.689839125 -0.160373285 0.443578959 -0.334306002
 352 0.248554856 0.405873358 0.301725268 0.206085414
 353 1.40810812 0.523816288 -0.950153708 0.595238090
 354 0.165443972 -1.66444778 -0.265203953 0.724701047
 355 1.33664751 0.285248727 1.34168589 8.93844217E-02
 356 3.04522705 1.05004215 -0.630224109 0.557602644
 357 2.22388935 -1.21413004 -0.362396836 0.402627319
 358 -0.796805978 -0.430795312 -0.363747388 -1.42776632
 359 0.563582599 -0.253926694 0.544281244 -1.49807525
 360 -0.423081160 2.32455134E-03 3.39927077E-02 0.475747764
 361 1.02699924 -0.793337822 -0.339433491 1.05832982
 362 -0.202222764 -2.77678251 1.78128147 -1.49057949
 363 -0.142960191 0.374064088 0.963350713 -1.43016851
 364 0.227646649 -0.416169226 0.615828753 -0.125075072
 365 -0.827005804 -0.913420975 -1.42644441 0.408974469
 366 0.651905835 -1.48744917 -0.414760590 0.849173546
 367 -1.66344607 0.297132790 0.813414872 -9.22665000E-02
 368 -0.513001084 2.50911665 0.315755099 0.242663696
 369 1.56058693 1.24774921 -9.33763832E-02 0.521100163
 370 0.435436338 -6.35881722E-02 0.909172654 -2.22982317E-02
 371 -1.66336727 1.67538047 -1.40583968 0.437252760
 372 -0.880621135 -1.39366603 -0.715522468 0.424010694
 373 -0.145485848 0.123163790 0.457454771 1.03575134
 374 9.78762731E-02 0.123018384 -1.52473879 0.783528328
 375 -0.759326518 0.371711463 1.72484505 0.153375715
 376 -0.689494491 -0.154752702 -0.891509950 -0.671372473
 377 -1.67324281 -0.965059280 1.58243775 0.572882473
 378 -1.34422231 0.262151957 0.105040640 0.705665946
 379 -1.45978630 -0.309634894 -0.762821198 -0.411889970
 380 -0.665157914 -0.624603152 4.80986238E-02 2.66849101E-02
 381 -4.24295142E-02 -1.71658695E-02 -0.485835165 0.155686706
 382 -0.323587626 -0.388048649 1.59082699 -1.06775010
 383 0.964698970 1.71270370 -0.338843584 -1.66579902
 384 1.27661601E-02 0.284497917 -0.374188721 1.15758109
 385 -0.266095728 -0.539003372 -0.898460507 0.598543227
 386 -6.07489944E-02 -0.669268787 -0.599747837 -0.776189327
 387 -0.829445124 -0.468885303 1.39842916 -1.76311970
 388 -0.757151723 0.223934755 -0.480729192 1.17961657
 389 -1.61582005 1.60899758E-03 0.959974468 -1.44579399
 390 -1.12191284 -0.887740970 1.56172657 0.361058295
 391 -0.333527058 0.638655663 0.249555618 0.287704170
 392 -0.315575480 0.990903795 0.307081282 0.662471294
 393 -0.446839869 -0.866756141 -0.171977535 9.90282148E-02
 394 1.03638566 -0.935021937 -1.31864274 0.901292026
 395 0.199719489 2.42808461 -0.754589081 -0.996461153
 396 1.58578801 -1.19694483 -0.806925178 0.484988034
 397 -0.246024922 -5.28448038E-02 0.660222650 -1.48512256
 398 0.849162519 -1.65486014 -0.397606015 7.09040985E-02
 399 -1.08179307 -1.10109055 0.808536470 -0.849771321
 400 0.847717285 0.710144520 0.305705875 0.383816183
 401 7.27880597E-02 0.960604548 0.931546211 0.997650146
 402 -6.61237836E-02 1.04226685 -1.71698773 -1.51424682
 403 -5.17176092E-02 0.681330562 0.494500816 1.14461279
 404 4.48980033E-02 0.948437989 -1.32240579E-02 -1.90331089
 405 -0.236674458 0.942192495 1.09248388 -1.20835185
 406 -2.03401494 -1.56845617 -0.220831141 -1.70636261
 407 0.724839747 -1.07979965 -1.36552393 9.33652818E-02
 408 -1.45630765 -0.920450091 0.460311979 0.410319567
 409 0.336373866 0.116486862 -0.112542145 -0.310082376
 410 -1.25685120 -1.57252753 0.199779838 0.831673861
 411 -2.12549520 -0.422110051 1.05644977 -3.95720452E-02
 412 -0.226984978 -0.353692472 0.837938488 1.14533567
 413 -2.25149226 0.158682108 1.49919963 0.214222059
 414 -0.391402602 5.84845617E-03 0.727313161 4.30603698E-02
 415 2.97093320 -0.438743919 1.62845302 -0.195580855
 416 0.814299166 -0.462918401 1.60690956E-02 0.248299524
 417 -1.83777595 -1.63095689 0.224120632 -1.25611162
 418 1.17674899 -0.408587605 0.631817102 0.484537512
 419 0.859412372 -0.613593042 -0.176685035 0.512455225
 420 -0.866930306 0.667105496 1.14489591 -1.28698778
 421 -2.52096748 0.266992897 -2.24780202 -0.156579018
 422 3.50556523E-02 0.421814322 -0.640080512 1.52738059
 423 0.743733406 0.614416480 0.720290661 -0.295818448
 424 -3.03282142 -5.98001704E-02 1.14514089 1.04440582
 425 1.23998725 0.726097643 -0.524399638 0.403725803
 426 -0.960756302 1.81200361 0.808728516 -1.27048540
 427 -2.10489416 2.26469707 1.02129006 -0.320780486
 428 0.891699314 6.69424534E-02 0.506988466 0.812886298
 429 0.332180798 -1.35917258 0.885478556 -1.49005651E-03
 430 0.619669437 -0.594389856 2.19550705 -1.55167961
 431 0.283599406 2.52313018E-02 0.435073763 1.01363349
 432 -0.218001902 -0.860220432 -4.92966622E-02 -3.29004526
 433 -0.586797178 -0.839727879 0.333582997 0.875186622
 434 0.611281157 -0.817124724 0.202904761 0.334805012
 435 0.624033928 -6.79032654E-02 -0.232415363 0.567701817
 436 0.527818918 0.700038612 0.152325109 0.305790663
 437 -0.468806654 -0.738666415 2.46652293 -1.24446940
 438 -0.526891291 0.428856671 0.578768373 -0.822718680
 439 9.16647613E-02 -1.04307020 -0.140080929 0.174501032
 440 -0.570679307 -1.15020990 1.87047422E-02 0.125787199
 441 -2.03855419 -0.640216589 0.436574429 -1.72857666
 442 -1.22323442 2.33001672E-02 2.61080712E-02 0.159248933
 443 0.351605684 -0.264626592 -1.10316765 0.159635305
 444 -0.388498813 0.806475580 1.00802004 0.185641259
 445 -1.75649738 -6.21704012E-02 -0.626910269 0.768091023
 446 0.228357226 -0.703317046 0.676924944 0.843469977
 447 -0.228011042 -1.24695301 -0.323008657 7.75500610E-02
 448 -0.409808278 -1.16534519 -0.459222794 0.180379361
 449 -9.13007110E-02 9.18067843E-02 -1.85771811 -4.82987314E-02
 450 -0.807615161 0.726661026 -0.553551435 1.00222433
 451 0.902656317 0.118272379 0.482468635 -9.86928344E-02
 452 -0.731403947 7.38544464E-02 1.37043476 0.122314453
 453 -0.841468275 -0.755356908 -0.506348133 7.90408254E-03
 454 0.469694585 0.245088488 -5.80344349E-03 -3.06621790E-02
 455 -0.393966496 0.909063280 -0.482080489 0.479345739
 456 3.07181850E-02 -0.803487003 1.68788862 -1.69139326
 457 0.863687217 2.10803270 0.709494352 1.28289318
 458 -0.527072370 -1.55257761 -0.134518132 1.01785195
 459 0.677436590 1.22598171 -0.485734880 1.10042119
 460 -0.108382531 -2.32243752 1.00498736 0.111270234
 461 0.282749593 1.44199276 -0.784171462 -1.59418321
 462 1.04938209 0.663330793 0.504617333 -2.67067105E-02
 463 -0.388970226 -0.480888724 0.852566600 0.131809592
 464 0.169090956 6.34189099E-02 1.66109657 1.01724267E-03
 465 -0.207961619 -0.761152446 -0.306290656 -3.06898355E-03
 466 0.163391769 2.60444134E-02 2.55856961E-02 -7.97579885E-02
 467 -1.19667411 0.721423209 1.06267989 0.286251128
 468 -0.895596027 -0.901820004 1.85375738 -1.46862948
 469 -0.332940817 -0.476747453 0.687858462 0.599769413
 470 -0.913156986 -0.223640233 0.923116624 0.389476389
 471 -0.105264328 1.13763678 0.995313227 0.749149203
 472 -0.247192770 -1.02443600 -0.394307464 4.74292040E-03
 473 -1.07967722 -0.226401627 3.12129632E-02 0.349664927
 474 -4.32601720E-02 1.57210827 -0.153050870 0.984507263
 475 -8.50745738E-02 0.345880210 0.247317553 0.127613232
 476 -1.38575888 1.96183062 0.406815916 0.219488248
 477 -1.29624271 -0.264620274 0.763401031 0.328266472
 478 -2.02900791 -1.31631279 -1.13865542 -0.679416418
 479 0.250273466 -1.62333059 1.26032519 0.193026096
 480 -0.438118249 -0.674059868 1.15406120 -0.105487347
 481 0.857186675 -2.56012487 -0.808010459 -1.23981512
 482 -0.631209314 -0.413832128 0.964352787 0.967252433
 483 0.243074238 8.15906972E-02 0.423181772 0.488594532
 484 -1.81495011 1.30980432 0.528102577 -0.221237704
 485 -2.04570580 -1.81263685E-03 0.473678231 0.803653717
 486 -0.399317980 7.83477575E-02 1.15216053 -1.28252864
 487 -0.459415138 0.405246824 1.53362608 0.870043099
 488 -1.79769337 0.737258494 -0.540746212 0.264181912
 489 -0.565347075 1.08386445 1.24552703 0.877762437
 490 1.22228920 -0.302371919 1.24480414 0.776626050
 491 2.18854845E-02 0.136292160 0.571164250 0.541018009
 492 1.39690661 2.01260495 1.19845414 1.07911515
 493 -0.108344428 -0.478454232 -0.877873898 8.15612674E-02
 494 -1.10769749 -1.09817636 1.25541902 -0.311648816
 495 -0.542164445 0.635379255 -0.203556016 -0.216742232
 496 -1.86566067 -0.400359929 0.685839117 1.57333016E-02
 497 -0.634882152 -1.13785100 1.41691995 -2.05029607
 498 -0.356146395 -6.27944767E-02 0.610834956 -0.937289059
 499 9.27107334E-02 -0.308604032 -0.176002994 1.02661955
 500 0.116889015 0.258063734 1.26320571E-02 -4.23423648E-02
 501 0.882692277 2.27680707 -1.56399846 0.490196139
 502 -0.893554211 0.504319906 0.246776760 0.111698389
 503 -1.39239430E-02 0.570001245 0.778762102 0.241074920
 504 0.519475162 0.659382761 0.425678015 1.28584778
 505 -7.48615935E-02 -0.455823720 0.877198517 0.226650536
 506 -1.20708978 1.34103632 2.12436152 0.523344576
 507 0.684183776 0.652204573 0.473937809 0.675614953
 508 -0.670547247 0.436237454 -0.707515061 0.601429462
 509 -0.371419638 1.33671236 0.798319101 0.379988670
 510 1.38273346 -0.660742760 0.112067245 0.560459375
 511 1.52302049E-02 0.311145455 0.702353418 0.250056326
 512 1.57853162 -0.909874320 -0.420358360 1.25176775
 513 0.639804363 -0.109338552 1.19139612 0.713191152
 514 2.04158807 -0.587132633 5.89803383E-02 0.211867258
 515 -0.705309033 -3.84664088E-02 -0.103740364 0.141107187
 516 -0.420793802 1.12406087 0.831707180 0.191080302
 517 1.25586939 -0.827699423 -0.414529473 1.13750100E-02
 518 2.00451660 1.64856577 0.756343663 -3.15943789
 519 -2.03334093 -0.862713158 0.901842654 0.818352520
 520 0.232626557 -0.664734662 -0.350810230 -0.431141168
 521 -0.230260789 -0.449914277 -0.550510108 -1.65649045
 522 0.352766097 1.06295311 6.25393093E-02 0.177289620
 523 9.15106237E-02 0.692270994 0.417428762 1.36836791
 524 -1.05300045 1.11331320 1.03501260 0.179807618
 525 1.19492710 7.94966072E-02 -0.326030523 0.217238277
 526 1.41933596 -0.390771687 0.399492860 -3.61375427
 527 0.219996527 1.92973924 1.95373166 -1.61979544
 528 1.23126256 -0.276855826 1.21197009 0.438500941
 529 -0.339722335 1.02170825 0.257917523 0.433655679
 530 0.710662246 -0.556822002 -0.761138737 0.103115484
 531 -0.455842912 6.90960065E-02 -0.883281529 0.938955009
 532 1.29054523 0.445837557 0.253886312 -1.68996692
 533 0.752822876 0.951213002 1.55689049 -0.958025217
 534 6.91546202E-02 0.109907731 -1.04326129 -0.548461437
 535 0.667660713 -1.01619136 -0.721174955 0.395476878
 536 -3.42180580E-02 -1.32323813 1.19904184 -1.92693269
 537 0.761719704 -1.42788339 1.24006736 0.534809828
 538 1.57453275 0.155110255 -0.477628559 0.378195643
 539 -0.774508595 -1.92015505 0.895376921 0.693844974
 540 0.182827607 1.63835037 -0.459374130 0.414302617
 541 -1.96378899 -2.04503083 0.669496894 -0.720124185
 542 -0.588299572 0.897059143 1.35817826 0.813641369
 543 0.345806420 -0.624790192 1.14302063 0.435423821
 544 -0.361961722 0.290790319 1.11359465 0.387985080
 545 -0.588887334 -1.45622385 -1.06190217 -1.67363119
 546 -1.17039979 -0.862364352 -0.201915339 5.57194650E-03
 547 0.559210300 -0.481521815 -0.773250103 0.681032002
 548 -1.17311037 1.30359066 0.501446009 0.529880524
 549 0.612487197 -1.26906610 0.785327554 0.851295471
 550 0.946950316 -0.361448795 -0.322819203 -0.185899362
 551 -0.178679943 -0.210827082 0.955551624 -0.655308127
 552 -0.907995641 -2.37545872 -0.128080964 -2.98716354
 553 1.20103872 -2.18769956 -0.638090909 0.183573693
 554 -0.334322214 -0.218222231 1.17371964 0.961465836
 555 -0.449234307 0.221217692 -9.97107625E-02 0.679897249
 556 -1.15887606 -1.43629086 -0.992122471 -1.33730686
 557 -0.837292075 0.342676193 1.14294934 9.14062411E-02
 558 -2.65013766 -0.434706986 -0.723334610 0.260295033
 559 -0.676240027 -1.64604175 -0.391813427 0.311001986
 560 -1.22674775 4.99898717E-02 0.320824683 0.295370519
 561 0.365170360 -1.75723803 -2.75560951 -7.59658515E-02
 562 1.22305930 5.91914877E-02 2.14656043 0.202787220
 563 -2.26610637 0.207624540 0.852394104 0.588725030
 564 -0.453089893 -1.06814170 -0.529563189 -1.15121710
 565 -1.23174584 0.424594283 -8.23574439E-02 -1.75277925
 566 1.16919732 -1.30312359 0.809889793 0.175094113
 567 1.08894622 0.348189354 7.78082088E-02 0.486207098
 568 0.766242921 0.911465585 1.44737482 -0.225513518
 569 0.258294106 0.324046582 0.657135844 1.27695870
 570 -2.12673330 0.257005394 0.888078451 0.320184886
 571 -2.02133226 -1.24147904 -1.39479518 -1.55381393
 572 -0.816311121 0.200412929 -0.677016556 1.14944935
 573 1.09720504 -0.466631353 -1.29598045 0.964587390
 574 0.809544265 -0.294211745 0.576713681 0.539914370
 575 -0.978699505 -0.385743797 0.458397776 -0.967306733
 576 -1.57282674 0.337508053 0.906464517 0.313366711
 577 -0.340787709 -0.408331752 0.819926798 9.16469544E-02
 578 -0.562578261 -2.10201049 -2.02061248 0.144824624
 579 2.41824575E-02 -0.924525321 -6.36812225E-02 3.96045744E-02
 580 -0.564556956 -1.25262666 -0.886442482 0.477325350
 581 -0.268299550 -0.745620191 -2.03722763 -1.41569293
 582 0.238174736 7.13706613E-02 1.01294470 -5.80469966E-02
 583 0.493759543 0.300567001 0.250821650 0.871964753
 584 -0.112886056 0.673183203 -1.59109819 0.801373184
 585 -1.67699826 -0.458358526 -1.12144113 0.230160713
 586 -0.816920519 -1.55342591 0.942336738 -7.11578131E-03
 587 -0.680572748 -0.120290890 1.08980858 0.518460095
 588 1.69653690 -0.876288831 0.829202414 -0.360041589
 589 -0.663429320 1.14784837 0.246818870 0.982420921
 590 -0.663656712 1.88786113 -1.70208991 -1.98130178
 591 -0.185026288 -5.11754751E-02 1.01937163 1.20562762E-02
 592 -2.22156048 -1.13468373 0.772469461 0.232772574
 593 -1.46100438 0.782827795 -1.03157806 0.716673732
 594 8.60303342E-02 -1.33449018 -0.665419638 -1.46090972
 595 -0.430575728 0.319053650 -0.218399137 0.167710260
 596 0.139995337 0.669582605 -1.02374911 0.433267236
 597 -0.257995874 1.66603982 -1.06252313 -0.193869650
 598 0.893556595 -0.377381563 -0.655189514 0.140093356
 599 -0.278295308 1.50205374 8.21644068E-03 -0.167182758
 600 -0.323533893 0.591332316 -0.469323575 0.386272907
 601 -0.565652549 1.23467779 -3.98334265E-02 0.899119914
 602 -1.53804076 1.70255327 0.663163185 1.03550684
 603 2.17337251 -0.385824144 1.27028227 -1.77214718
 604 -3.06741893E-02 1.06574953 -1.10216534 0.509069383
 605 1.04406762 -0.869117260 1.26134992 0.698967338
 606 -0.812057018 -0.945462048 0.227701038 0.680206060
 607 0.394427866 0.225029081 -1.07982969 0.238165960
 608 -0.206505686 -1.26240623 1.49366593 -1.47192240
 609 2.33935714E-02 -0.294482410 -1.10176551 0.774063766
 610 0.258554280 1.23979247 8.20140690E-02 0.913319170
 611 1.84954464 0.909837484 0.654985189 0.500848889
 612 -0.469531745 -0.231972232 0.450091958 -1.71291709
 613 0.731173575 0.477962166 -0.418821037 1.29834557
 614 -0.215537563 2.83419728 0.627644420 0.782244742
 615 1.94537973 0.144069463 0.181044251 -1.03789926
 616 0.751670301 1.64644170 -1.58178675 -1.40463698
 617 -0.833925247 8.13860446E-02 0.278499722 0.773101091
 618 2.12129784 -1.56226003 0.415118009 0.721656144
 619 0.159322754 -1.31103551 -0.478186965 3.16500738E-02
 620 -0.967699409 4.91779000E-02 -0.728317380 1.01566410
 621 -0.489738941 0.813873827 -0.179837823 -1.67872298
 622 -0.745856941 -0.988286555 -0.425269455 1.14639187
 623 -1.69625413 0.696102679 -1.56084454 0.519583821
 624 -0.159669191 0.402577907 -0.744960546 -0.197949663
 625 -0.519821465 5.30636609E-02 0.867227077 1.80939138
 626 0.768818140 -0.386672586 0.195873901 0.204902977
 627 1.07975379E-02 -4.72654179E-02 -1.49798942 0.303642869
 628 7.84304291E-02 0.619848490 -0.576181889 0.299087644
 629 -1.31176078 -1.64289510 -1.43722057 1.44297683
 630 -0.228456393 0.961710215 -0.269474149 -1.58407986E-02
 631 1.40505648 -0.102007210 -0.938782334 9.14043188E-02
 632 -0.940032184 0.860094786 1.27651787 0.675021589
 633 0.969324827 -0.236250386 0.372408926 -1.28280115
 634 -1.35605550 4.24896926E-03 -2.59234905E-02 -1.13301313
 635 -1.63333416E-02 -1.40851676 0.160289228 1.17435622
 636 5.80350012E-02 -1.02057421 -0.586007714 0.790041924
 637 -7.82806352E-02 0.952106953 -1.08329582 0.905124843
 638 -0.139935032 1.01711154 1.45916104 -1.78879738
 639 2.35488248 -0.657035470 -0.309767663 -2.78899550
 640 -0.790289879 0.899899662 -0.361276090 0.598578453
 641 0.884357214 -1.25411057 0.477045566 1.11325264
 642 0.302573889 -1.60776317 -1.08557844 -0.779659390
 643 0.641958714 0.494864345 -0.169281900 4.35844362E-02
 644 0.403587103 1.99538422 -0.532438636 -8.94042701E-02
 645 3.54018211E-02 1.58874869 1.57958174 -0.114907086
 646 -0.479318470 -1.77839887 0.930223346 -9.02381688E-02
 647 1.11223245 0.942625165 -0.975312829 1.54868841
 648 -0.486776114 1.36246967 0.235289440 3.10048461E-04
 649 -0.410943568 0.904180586 -8.17034021E-03 -1.49893856
 650 -0.631770134 1.55170691 -0.362652749 0.287733376
 651 -0.770170569 0.335334957 -1.14665794 0.860957861
 652 0.173447520 -0.736913323 -0.452303708 1.06981599
 653 0.609956384 0.437014192 0.335862041 -1.29285610
 654 -0.919825673 -0.607766211 -1.44717717 0.670362830
 655 1.02712214E-03 -0.275575697 0.817665040 3.54186296E-02
 656 -2.45889020 0.704663157 -0.266019434 1.11763740
 657 6.93470389E-02 0.692270637 -2.46656799 0.350531191
 658 1.47252464 -0.453859568 -4.39838022E-02 0.903660059
 659 0.605416059 0.580495358 -0.470070422 0.924296975
 660 1.18436289 -0.109802641 0.636005282 1.28870320
 661 0.552558124 -1.66502595E-02 1.13597822 -1.48444724
 662 -1.85486519 1.21530461 2.19853735 -0.918984771
 663 -0.535012007 0.344347715 -0.400416642 0.355498463
 664 -0.203217834 1.03075528 -0.696878374 -2.34890938
 665 -7.36271292E-02 0.898849428 8.44612867E-02 1.75073957
 666 -0.230755165 -1.63542426 -1.07970750 -2.10148430
 667 -1.19582415 0.410038829 -0.722729802 0.295042723
 668 -1.26757824 0.848912537 1.31984210 -1.35909617
 669 -0.622425556 -6.67602122E-02 -1.13886881 0.879829049
 670 -0.153062031 -0.263547063 0.620079339 -1.71730483
 671 0.542753398 0.519128084 -1.99338603 0.987013221
 672 -0.275353253 0.754955888 -0.516425908 0.226965159
 673 1.49769473 -1.36962044 0.903139472 -1.41789162
 674 -0.362995207 -0.623412788 0.583570004 0.439587116
 675 0.170924947 1.98184960E-02 -1.84204078 -3.73830724
 676 1.37499058 -2.40509105 -0.597986698 0.925734818
 677 -0.109874360 0.146088287 -0.914911568 0.535916507
 678 -1.72289491 0.676984310 -0.100968555 1.49134374
 679 1.23831725 -0.815591216 -0.427730203 3.09029073E-02
 680 -1.21155238 -1.82362318 0.512995720 0.137693062
 681 -1.36972415 0.554634571 -0.933868051 0.827119231
 682 -0.963093460 0.114789471 -0.867403686 1.17111468
 683 0.373122811 -0.527504921 0.584019303 0.643618822
 684 -0.363899022 -0.698164821 1.42979455 0.784440637
 685 0.753881156 0.804116130 -0.785451055 0.217701510
 686 0.700799406 -0.241494238 1.09829986 0.638548017
 687 0.432660401 -0.629522145 -0.178873733 -1.04854608
 688 0.699179232 -2.28787947 0.500751674 0.878221393
 689 0.383711994 1.44511151 -1.60585451 0.506952882
 690 0.955514789 -0.503798783 0.787859678 1.55916142
 691 -0.986585677 1.36353803 8.07890072E-02 0.548380315
 692 1.65369833 -0.929191053 0.404403061 -1.72414231
 693 -2.12979841 -0.615884185 1.76149726 -0.856931865
 694 1.00591171 0.241985321 -0.726222694 0.981955051
 695 -1.35408545 0.397989124 1.35310566 0.754538834
 696 0.181279480 -2.25707126 0.512181878 -0.238360748
 697 -1.06633663 0.454128921 0.184870601 1.04347885
 698 -2.66373706 3.42433453E-02 1.16652691 0.782244861
 699 -0.372118413 -0.729451895 0.539454877 1.04944396
 700 -0.351480007 -8.72445107E-02 -0.124827318 0.996076107
 701 -0.607294023 -1.87710929 0.716901422 0.287178487
 702 9.63950008E-02 -0.247069299 0.257671475 0.752438903
 703 1.05184102 1.24621570 1.06408501 0.804234266
 704 0.171133861 0.999705911 0.826201320 -1.40547931
 705 -3.50198448E-02 0.544929445 0.811544895 -1.04981363E-02
 706 -0.653652668 0.404876411 0.868609965 6.42642826E-02
 707 -0.851846457 0.370748848 -0.241545230 6.46053478E-02
 708 1.11693573 0.776654601 -0.303747952 -1.05102384
 709 -2.24309158 -0.970571756 -9.54949632E-02 -1.77194214
 710 0.779141247 -2.11140513 -2.61184263 0.404662669
 711 -0.490394324 8.06355774E-02 0.765185893 -1.34190655
 712 0.456992120 -1.15843272 -0.633129835 0.276571363
 713 -1.00117350 -0.845792115 -0.644129694 -1.31372738
 714 -0.854735076 0.534710765 1.37225974 1.23281252
 715 0.297382176 0.363395035 0.974843681 0.813376188
 716 -0.195129007 -0.205927819 -0.186705679 0.817790806
 717 -0.165247321 -0.126578853 -0.433043540 0.747698724
 718 0.329092801 1.12775207 -0.412719816 0.397045940
 719 6.29052520E-03 -1.50205064 -2.30798006 -0.805197120
 720 0.148188844 -0.884815753 -0.379953682 -2.78197455
 721 -0.857745945 0.230151832 0.753177881 0.674728990
 722 8.41338560E-02 2.15345955 0.775453448 -0.160445154
 723 0.324735999 0.560423255 1.67552209 0.506971776
 724 -0.266739815 -0.895534992 9.90130827E-02 1.36209810
 725 -1.21550012 1.06045258 -1.26783609 -1.01625609
 726 0.508646250 -1.64759839 0.801082373 0.784438372
 727 -1.35284495 -0.401038587 0.586342812 0.451440752
 728 -0.459978640 -1.29193997 -0.215756997 1.06293094
 729 0.413759232 0.247719720 0.161485195 0.291685820
 730 -1.68086147 1.19800782 -0.761422515 1.09385288
 731 -0.332577080 -0.343341827 -7.01538250E-02 1.69504189
 732 -1.05541182 -1.86694109 -0.627152562 1.09159064
 733 -1.45884597 0.330423772 -0.791752577 0.139461026
 734 1.57456779 0.386141032 -0.275064915 -0.987691820
 735 -0.118135825 0.968612850 -0.153493077 2.09706163
 736 1.78430223 -0.686478496 1.42510498 -1.36325920
 737 0.132609069 -1.30783868 0.686096251 0.436513960
 738 1.84392166 0.595527172 0.113852590 0.260515273
 739 -0.228424758 1.65682220 0.205946207 -0.168509394
 740 0.708699524 -0.415544957 -1.16725051 1.19549513
 741 8.78864825E-02 -2.19059157 -1.03051734 0.366774797
 742 1.05454612 -1.58690941 0.162505686 -1.75567806
 743 -1.53899896 0.568981647 0.507527232 1.82174313
 744 -0.866751254 -1.23357344 -0.447115541 -1.60129857
 745 -1.83510125 0.658088028 -0.237585396 -0.268677115
 746 -0.662153482 0.295663774 0.264548779 1.17335558
 747 2.30247235 0.255830526 2.17531538 -1.10908282
 748 0.232669443 -0.726868987 -1.43532968 -7.32210279E-02
 749 -0.527328610 0.190327287 -1.19256568 -0.188209713
 750 -0.406841904 0.461804152 0.773162603 -1.30207062
 751 -0.757068634 -1.30342805 2.95970477E-02 0.448628187
 752 0.515813828 -0.615182281 0.821646571 0.617837667
 753 0.321693689 -2.73846817 -4.61728349E-02 -2.08537817
 754 -1.94820690 -2.01430011 -2.48115206 -0.634924471
 755 0.595725596 -0.772810936 -0.442184925 0.698088765
 756 -1.77175570 -0.195891887 -0.669265032 0.692573190
 757 1.69639719 -0.584382057 -1.32879460 -7.95386434E-02
 758 0.895902216 0.224834681 2.21250343 -1.55345559
 759 -0.812028646 -0.970007062 0.410917342 -0.531247795
 760 4.15471494E-02 -1.08395982 -1.29686081 0.543590426
 761 -0.717980087 -0.964738429 -0.494103253 -1.05811512
 762 0.271131754 0.309799582 5.15320897E-02 1.35073113
 763 0.932688832 0.367944837 0.170057535 1.04355109
 764 -4.91359830E-03 0.989105165 -0.390328079 0.807944477
 765 -4.46357653E-02 0.865818024 -0.890989482 1.28986311
 766 1.37476885 8.61183628E-02 -0.689741492 1.81655943
 767 -1.86904669 1.39941490 -1.97656989 0.612947822
 768 0.678919494 1.08235574 0.914999247 -0.697106600
 769 -0.941518068 -2.02208066 -1.73762536 0.322813302
 770 -0.791478813 -1.03890026 2.44064546 7.52197132E-02
 771 -0.727668405 -0.222430885 0.107435234 0.234481886
 772 -1.05411935 0.846355319 -0.134418234 0.816628277
 773 0.625958622 -0.561794758 -0.229696229 -1.85988247E-02
 774 -0.399325907 1.65720046 1.66174352 0.345632076
 775 -0.717589378 -1.11996078 0.168347880 0.559507489
 776 -0.958133459 -1.02817500 0.463721067 0.214315057
 777 1.18305361 0.815046251 1.63279474E-03 1.48267806
 778 0.635723948 -0.607079983 -0.664258420 0.500853777
 779 -0.324360371 0.525466025 -3.67183909E-02 0.203642204
 780 -1.56724250 -0.428492069 0.903082252 -0.387201369
 781 -1.30436301 -0.403705567 -1.66723847 0.413878918
 782 9.97408032E-02 -1.63504994 1.10311973 -0.230200276
 783 -5.61696291E-02 -2.07175684 0.564515233 0.719113588
 784 1.42069972 -0.108758241 1.12057686 -3.63429189E-02
 785 -0.488809407 -0.419195056 -0.249425560 1.43501866
 786 -0.144399703 0.511380911 1.24508083 -1.38587737
 787 -1.20378792 -1.17019236 1.29846346 -0.952558517
 788 -1.37494183 0.599076390 -0.404163361 -1.62108278
 789 0.439543188 -1.42590320 0.497148752 -8.61961842E-02
 790 1.66711882E-02 -0.297413379 1.56275642 0.425967753
 791 -1.79085517 0.339460909 -0.889825940 0.602188647
 792 1.64915478 -3.22790444E-02 0.639049649 0.829544961
 793 1.49538493 0.309234887 -0.574713111 -0.989415765
 794 -0.148421168 -0.975181699 1.63884449 0.730652452
 795 -0.892381132 -0.430998355 -1.39965653 0.594139814
 796 -0.483194858 0.917116702 -1.51806450 0.856577635
 797 -1.84011972 2.26666808 -0.365224510 1.05965066
 798 -0.121380240 -0.545960426 -0.727112174 -0.963441730
 799 -1.84811616 1.30732358 -0.927598238 0.877526999
 800 0.719443440 -0.801873624 0.380893737 -0.988712490
 801 -0.448089838 -2.39501023 5.46270609E-02 1.04703403
 802 -0.310024858 0.768204153 -0.154471546 0.863922894
 803 -0.740304232 0.130979419 0.384005964 0.781897724
 804 0.198925316 0.173264280 -0.595755816 -1.20713019
 805 0.354067802 1.47452867 -0.820785999 -0.722765148
 806 -0.115733042 -0.495531619 0.310378850 -5.12316078E-02
 807 -0.816820920 -8.73249620E-02 0.579283834 -1.84176254
 808 0.900118589 -0.510469198 0.965685129 9.49400216E-02
 809 -0.981664658 -0.866233826 0.419202298 -7.25565255E-02
 810 -0.645841599 -0.678365648 -0.129063115 3.15570533E-02
 811 1.36026716 1.11771297 -0.244041517 0.675989628
 812 -0.635466576 0.111205846 0.649567664 0.304964185
 813 1.69557822 -0.377133816 0.960112333 0.431938916
 814 0.706959963 -0.749175251 6.45890832E-04 0.171595663
 815 0.333077669 1.42678583 -0.305795342 1.37847435
 816 -1.38873410 -1.63343894 0.465809226 0.104602568
 817 0.142509520 -0.320934772 0.723220110 -0.240645736
 818 1.25404525 -0.597670555 0.874395967 -4.31611836E-02
 819 -0.813030720 0.619675338 -0.672111154 -5.34491688E-02
 820 0.575904310 1.47616434 0.648797452 -1.51848543
 821 -0.449163973 -6.23774230E-02 -1.14828575 0.955660045
 822 -0.228462979 -0.328073084 -0.702403843 -0.670235991
 823 -0.276858032 1.41155803 0.367752910 -1.53342295
 824 0.182109892 -1.33774817 -0.276452571 -0.202172592
 825 1.26209712 -0.123274997 -0.532337129 1.53362727
 826 -0.709383786 -0.547759950 -1.62959886 2.13719320
 827 0.765220165 -2.21714926 0.914930403 0.256654024
 828 0.905813754 -2.32784653 -0.646218657 1.81499049E-02
 829 0.563070059 2.71135569E-03 1.33660769 0.563165069
 830 -1.57452440 -0.450237721 6.53942749E-02 0.237278193
 831 1.09727550 -0.440225214 -6.23690486E-02 -1.14005637
 832 -1.07266247 0.898592114 -0.380412519 -1.28886211
 833 0.981903493 -1.23404908 0.592335463 1.00322568
 834 0.163453802 1.48708749 0.579397202 -1.58621943
 835 -0.501173198 -0.439727664 -0.582105637 0.283934534
 836 0.341288090 1.17723966 -0.636598706 -0.726572037
 837 -1.08876216 -1.18675590 4.81103584E-02 0.477310002
 838 0.245576799 0.450045645 -4.99332286E-02 -2.25858092E-02
 839 -0.898471951 -0.176735044 -0.523412645 -1.31895542
 840 1.34522951 -0.486220390 1.30222225 0.872019172
 841 -0.743525147 -1.83337855 1.76688707 0.982324600
 842 -9.01054144E-02 -0.514931202 -1.12872481 0.661978722
 843 -1.78835344 -0.240286082 -0.465324908 0.781422794
 844 -0.508748651 1.19120657 -0.404487699 -0.839373112
 845 -0.123997971 0.823739648 -2.59947729 1.41244876
 846 -0.582844496 0.436361641 -0.193066180 0.417614579
 847 -0.465601891 -0.790746033 -2.31433868 1.20897293
 848 9.65121984E-02 2.34108019 0.253122509 -0.784723580
 849 1.24667311 0.490055621 -0.675761461 0.628502905
 850 -0.256929576 -0.253788024 -0.304483056 6.63129836E-02
 851 -1.41830242 -0.391541243 0.268981695 0.369328111
 852 -1.21455193E-02 -0.342474908 -1.07410216 0.801300466
 853 1.06142807 0.687979519 1.02334452 1.09354830
 854 -0.513032675 0.956516504 1.11069083 0.498736292
 855 1.62441599 -1.07238150 -1.52599049 0.215317696
 856 -0.286864102 -0.174154490 -1.15065300 0.932064295
 857 0.282014072 -0.285332859 1.09191906 0.800702631
 858 1.59135604 -0.376579016 -7.15252757E-03 -0.683953881
 859 0.588855028 -0.586098135 -1.12127852 -7.44200200E-02
 860 0.354366332 1.26240325 0.410347879 4.25481945E-02
 861 0.272710681 -1.86086035 -0.509328604 0.534056664
 862 -0.237484723 0.574108720 -0.307584614 0.725934863
 863 0.223394170 0.678326666 -0.975418448 0.584348083
 864 0.252318382 -2.70753241 0.402987033 0.129905999
 865 -1.03869140 -0.783360004 -2.22630334 0.122977935
 866 -0.278801143 -0.484543234 0.151269928 0.527527988
 867 0.198460385 -0.608223796 -2.43786573E-02 -2.43737125
 868 -0.923193097 0.331408024 -1.12017512 0.834756494
 869 -0.413621664 -0.496721029 -0.698430717 0.899336994
 870 -1.32509375 -1.77292085 -0.316645384 0.935213864
 871 -1.37217462 -0.400465310 0.670527756 -1.73669648
 872 3.12293433E-02 -0.889097095 -1.14923441 0.873741388
 873 0.176031277 0.312558472 2.44684443E-02 3.38746607E-02
 874 -0.444247723 -1.38255477 -0.913888454 0.494928002
 875 0.153079182 0.165908352 -0.887691319 0.632593393
 876 -0.756872714 -1.98254073 -1.38120282 -1.74262619
 877 1.46985447 -1.22471523 0.233403206 0.631763577
 878 0.509858727 -0.363910735 -1.34902906 0.630608380
 879 -1.92231226 -2.55484432E-02 -2.52300024 -1.88289618
 880 -0.670775592 -1.40708792 0.991094291 -1.10420299
 881 -3.74979638E-02 -0.260743201 0.501209736 1.46074414
 882 0.346446931 -0.987869501 -1.64245427 0.796803176
 883 0.369607866 -1.17016363 -0.175249204 0.805002451
 884 -0.336354196 -1.23040926 -0.419088632 -0.822902501
 885 -0.991184473 -1.43465734 -1.43573689 0.542884350
 886 0.348132282 -0.707766533 0.492959082 0.526287079
 887 -0.606054008 -0.510372877 -0.216214821 1.80804336
 888 -1.61996508 1.13391387 -0.393670142 1.08387649
 889 -1.17862165 1.53146219 0.636324227 0.596099257
 890 -1.44652760 0.168926209 0.942672908 1.12497520
 891 0.835257411 0.355994701 -0.936856449 -1.61999583
 892 -0.404798210 -0.769666910 0.437160164 1.18589854
 893 5.16285598E-02 -7.34656155E-02 0.124510229 0.707276225
 894 -0.829628468 -0.339784116 1.16044712 7.49162063E-02
 895 -3.89173627E-02 -0.700470865 -1.31952572 0.350013435
 896 0.589420497 0.792201757 -1.32779336 0.680842400
 897 0.286943883 -1.97509241 -1.56159687 -2.00188231
 898 -0.197747648 -1.66094327 -1.19408929 0.748500109
 899 -0.468121111 -0.478545964 -0.186724886 0.278003842
 900 -7.72604197E-02 1.66101372 0.415972948 -1.08510470
 901 -0.378179818 1.23009384E-02 8.47903043E-02 -1.13627446
 902 0.951972008 -1.58864152 -1.46439409 7.92958140E-02
 903 -0.835226715 -1.67046404 -0.318802297 0.295257986
 904 -0.261797816 -0.341841102 0.377074182 0.552622378
 905 -0.572205663 -1.49073124 -1.98910758E-02 -1.23089403E-02
 906 -0.175428629 0.202207878 -1.68106091 1.28922725
 907 -0.846420109 -1.37733948 -0.750377774 0.231259763
 908 -1.04960465 -2.11654425 -0.335086048 -1.52424526
 909 -0.782394230 -1.93296385 -0.346251488 0.786928833
 910 1.50022221 4.67377007E-02 0.790079713 -1.18010271
 911 -0.365873158 -1.80692458 0.299289435 0.450338185
 912 -1.67258787 -1.70237571E-02 1.34750247 -0.799239576
 913 0.722497344 0.635609508 -1.84872115 1.04325426
 914 -0.486135066 -2.10643053 -3.16811633 1.09090197
 915 8.95389915E-02 0.343297243 0.328836024 -0.548316658
 916 -2.96918631 0.486228943 -0.320433199 -1.73272264
 917 -1.27802014 -0.154232338 0.438652962 -1.64485002
 918 -0.137447447 1.36834562 -3.91405672E-02 0.809699833
 919 -0.348761648 0.140903413 1.01339602 -1.92982197
 920 -1.80636835 -0.808705747 -0.607497334 -1.88489377
 921 0.324724406 -0.785324872 0.914583087 -1.01723313
 922 -1.10448551 -0.168480858 -0.220345914 -1.54325926
 923 -1.64766014 -1.93193436 -0.402649522 0.214412838
 924 -0.471807718 0.108135223 0.679481387 1.38505268
 925 -6.81050122E-03 1.29509294 0.853425443 -2.99862623
 926 -1.38340449 -1.15026724 -0.532058418 0.674136341
 927 -0.358394444 -1.61705422 0.769223571 0.238186508
 928 1.46223629 0.993240297 0.737994373 -1.25158072
 929 0.619228244 -0.560258090 1.13285482 0.158246905
 930 1.84347463 0.521924496 1.52079964 -1.47604775
 931 -0.754060626 0.626685202 0.231755659 0.875353515
 932 1.33326042 2.03607380E-02 -0.121975109 0.875729740
 933 0.192144200 0.145813257 0.368650377 1.42303026
 934 -0.183307528 0.834031463 0.754248798 -1.51252043
 935 -1.50877976 3.17010140 1.32238925 -0.906947911
 936 -0.939530253 -0.851117790 1.90362191 -0.954147398
 937 0.348009974 0.937215030 -0.308334500 0.490649581
 938 -1.73882604 0.311206520 2.14956403 -1.55445588
 939 -2.23966169 -0.346984178 0.717978776 1.04349017
 940 -0.157694146 0.271989524 -9.46554393E-02 0.873574615
 941 0.679545581 -0.910974026 -0.428677320 -0.967199564
 942 0.113570087 -1.23688626 -1.13030064 0.928699076
 943 -0.280335695 -1.34155250 0.656788230 8.48472118E-02
 944 0.559610128 -1.28718615 -1.31752598 -0.335713446
 945 0.898342729 0.669109583 0.776696324 -1.37634969
 946 -7.89155960E-02 -0.641255200 -1.36816669 -1.43428135
 947 -1.15421629 -2.19735932 -1.33887279 0.660638928
 948 -0.785557628 -0.611320794 -1.86676002 1.32529163
 949 0.337471664 -0.776610255 -0.222138390 0.251192629
 950 0.151513666 1.47859120 1.28767896 -0.935363710
 951 0.879416585 -1.88699901 1.05155230 0.782005668
 952 0.245376199 0.747207284 -1.14980209 -0.237134308
 953 -0.617297530 0.108793490 -0.363421857 0.653526604
 954 0.145329297 -1.17110324 -0.381433874 0.833481789
 955 -1.09343147 -1.86721611 -0.890459180 0.753051519
 956 -0.117961913 -0.411014438 -0.970636010 1.14987838
 957 1.15675485 0.945118964 -0.861260414 0.373470306
 958 0.442413926 0.187928945 1.98010743 -2.51781845
 959 1.09336615 1.09253991 1.14631534 0.217049167
 960 -1.46078098 0.672595263 -0.396287650 -2.88093090E-02
 961 0.930798411 -2.88094401 -0.686036885 0.106307521
 962 0.992214799 -4.34762090E-02 -0.775117815 -6.22775555E-02
 963 -3.96938920E-02 -0.190305263 -0.638791621 0.429207891
 964 -0.254748076 -1.43356001 1.10488224 0.206925139
 965 0.351641923 1.25518072 0.392924398 -1.36155009
 966 0.154529512 -1.42431462 -0.310463309 1.55040991
 967 -5.45629039E-02 0.738330066 1.58476663 -3.51785898
 968 -0.517827213 1.61195779 0.586768270 0.242675781
 969 9.02913064E-02 -2.27822447 1.34738684E-02 0.180386722
 970 -0.455937356 8.19119439E-02 0.943334103 -0.573481977
 971 -0.406544894 0.485381931 -0.480176091 0.785644352
 972 -0.153733805 -0.282092750 -1.39712095 0.533901751
 973 -0.802797198 -0.556631684 0.893038332 4.61498201E-02
 974 -2.33386755 -1.75150895 1.22051907 0.396086305
 975 1.67246532 -0.982453227 -2.24698067 -1.80038381
 976 0.299303234 -3.08764958 0.219194263 1.11378348
 977 0.201934233 -0.863693714 -0.703892708 -1.12969816
 978 -2.52176905 -0.637080014 -0.801550508 0.131129265
 979 -1.23515916 -0.469487339 -0.981995940 -1.15430832
 980 -9.88494754E-02 -3.59865576E-02 -2.17082024 0.764357388
 981 0.121820867 -1.01814377 -1.02501214 0.433903098
 982 -1.94693732 -0.341272891 0.490205079 -1.04357660
 983 1.42640662 -1.98467302 0.865239382 -1.38137591
 984 -0.452069998 0.250381231 -1.46642101 0.836427927
 985 -2.23886681 -1.20547199 -2.01390958 0.817243278
 986 0.884427786 -1.79631841 0.501382589 0.175109178
 987 7.60975182E-02 -1.50829542 -1.34022808 1.21046817
 988 -1.57283843 -0.207102522 -3.00971866E-02 0.447865605
 989 -1.73074317 0.697075665 0.369667411 -0.452658683
 990 1.73343337 -1.48549879 0.103694975 -8.60199928E-02
 991 0.916909337 1.46680176 -0.564160645 0.369959146
 992 0.418550700 1.35403562 0.877449811 1.00131845
 993 -1.34996008E-02 -0.428439140 1.19777763 -0.842242897
 994 0.228212893 0.544198751 -0.808660448 -1.51234221
 995 -1.55995822 -0.613894820 -1.05022931 1.38005877
 996 0.245693460 -0.586011887 0.258167863 1.16059113
 997 -1.71855819 1.26444113 -2.26462412 -1.11582422
 998 -0.287186056 -1.87884414 -0.473423541 -0.965710938
 999 -1.44119096 -0.761752665 -0.119063213 -0.811785936
 1000 -0.921833873 -1.04146242 1.46469796 0.751048684
 1001 -0.263620675 -0.250116765 -0.133289292 -1.86463213
 1002 -2.67481232 0.860719085 -0.824726701 0.175640836
 1003 0.413077503 0.110468701 6.56479001E-02 -0.848812342
 1004 0.549178183 1.47941339 1.23854244 -0.678940475
 1005 -1.45035768 0.917513132 -4.36436534E-02 -1.70407271
 1006 -2.92397067E-02 -0.830793858 -0.704266906 -1.01789510
 1007 -0.585147202 -0.309199035 -1.73004532 0.704707146
 1008 0.285049617 1.82207131 1.48896945 -1.29320812
 1009 -0.997748435 0.575673044 -0.425798893 0.946596742
 1010 -2.03601503 0.816513956 -1.24469054 0.401934206
 1011 -0.180990547 -1.76713383 0.832812130 0.831688643
 1012 0.680597067 0.913932800 -1.29771245 -0.222252443
 1013 2.73789223E-02 -0.624467492 -2.66522455 -0.352165103
 1014 0.558516324 -1.86161888 -1.08042312 0.820864618
 1015 -1.40122581 -1.41307318 -0.151198030 0.209671080
 1016 0.924071491 -0.371017873 -1.00804961 -0.145904049
 1017 -1.27053905 -1.65588522 -0.180284441 0.397050500
 1018 -0.152725577 -1.05643010 0.574079812 -1.70878327
 1019 -0.658656955 0.352233887 -2.43028808 2.23447308E-02
 1020 -0.556771398 0.461586654 0.200823128 -1.84755683
 1021 0.372093618 -0.467246652 -0.707753360 0.384682864
 1022 1.68258548E-02 -0.621014714 0.414082408 0.719251037
 1023 -1.44910073 -0.201146856 -1.58374465 0.906348228
 1024 0.583114028 1.43924415 -0.721703410 -1.31660652
 1025 0.295628369 0.337603509 0.181742176 0.377871037
 1026 -1.63112795 0.378816277 0.102545798 8.27888101E-02
 1027 0.243317857 1.30661702 -0.634162068 -1.08737731
 1028 -0.537345290 -1.02884412 -2.06279707 0.952010691
 1029 -0.660867929 0.599750757 -2.16425967 9.97904986E-02
 1030 1.35228610 -0.111488849 -0.746091545 0.932927012
 1031 2.06065059 -1.71627462 0.908240020 0.673784614
 1032 -0.809643388 3.99545254E-03 0.195288658 0.241183549
 1033 1.81204367 -0.270977974 0.347890347 1.57714665
 1034 1.35670829 -0.128563121 -2.76515633E-02 -1.79389298
 1035 -0.945540488 -0.596322119 -0.219358802 1.45411181
 1036 -1.55795479 -0.315739155 -2.69781995 1.03979146
 1037 -8.53084028E-02 1.52943659 -0.374218762 1.88301635
 1038 1.06924784 0.843545973 -2.60203314 -0.753585398
 1039 1.92901707 -1.57031798 0.283397943 0.926697075
 1040 -0.884882510 0.119270474 -1.58788443 -1.22518194
 1041 1.84554696 -0.484357983 -1.03677773 1.17897630
 1042 -2.32683206 -0.170899987 0.319278061 1.06937909
 1043 -1.06029296 0.839298248 -0.892604947 0.730538011
 1044 -2.25416780 2.83629012 -1.77471590 1.95754719
 1045 0.130664960 1.19624317 -0.206477314 0.190703928
 1046 -0.222596258 -0.143670648 -3.32480025 -0.995046616
 1047 -1.57518852 7.32962415E-03 -1.09235978 0.180060178
 1048 0.103654116 -1.43793952 -4.34032977E-02 0.578944683
 1049 -0.746740162 -0.219409645 -1.83704340 -1.47061265
 1050 -1.69787359 0.430279255 -2.20377684 1.35751295
 1051 0.678803802 -0.356483638 -2.43990612 -0.456528574
 1052 0.185107857 0.729542196 -0.253168136 1.47091937
 1053 0.736996353 -1.24870539 -0.964050412 -0.283694476
 1054 0.231130302 1.45184975E-02 -0.240405262 -0.734136105
 1055 0.300586462 -0.177279770 -1.61681652 -2.62304688
 1056 -0.387540698 0.952307105 -0.417720705 -1.36435699
 1057 1.05531645 -0.553443909 1.17869091 -0.893761933
 1058 0.365325332 0.760843575 -0.173661113 0.988954961
 1059 -1.63703370 -0.707340598 -1.43163407 -5.47105074E-02
 1060 1.36312008 -1.33886504 0.683047652 0.270987749
 1061 -0.479243755 -0.292130828 -0.607656837 0.405846417
 1062 0.777421176 -0.126251742 0.890912294 1.30011702
 1063 0.818536341 -0.365725458 -8.89548883E-02 0.836430669
 1064 -0.778339148 -0.251478195 1.09065783 0.841153324
 1065 -0.544680715 1.48835039 -2.81548738 1.08284843
 1066 1.05804801 0.910174251 -1.67751443 1.08512974
 1067 -0.687116444 -0.857075930 -5.12999296E-03 7.68519565E-02
 1068 -0.439286977 -5.12745418E-02 -1.98668993 1.08245993
 1069 0.298909962 0.261502802 -0.366054475 -1.43710232
 1070 -1.66758132 -0.350896865 -1.02779961 1.57896543
 1071 0.793337703 0.534195781 -2.88601613 -2.96623969
 1072 1.00893593 -0.472646058 0.379943311 1.49601150
 1073 -1.04944932 -0.420480758 -1.99280477 0.612493396
 1074 0.779387116 0.192436308 -1.71460736 0.715270281
 1075 -0.233045548 0.294372112 -0.568783879 0.770518124
 1076 -0.849994600 -8.51761401E-02 -0.876532376 2.06433439
 1077 -0.413177729 0.194642872 -1.43454444 0.277222395
 1078 -0.129747927 0.980692863 -0.740556359 1.67355275
 1079 0.775962591 0.876254439 0.186437368 0.670907021
 1080 -0.649646580 1.75421691 -2.07815337 1.29820859
 1081 -1.39189339 -7.13103786E-02 1.55605698 1.22220635
 1082 -1.29222727 1.76185656 1.70461714 0.676139772
 1083 0.252421170 0.487655699 -0.363198489 -0.308466047
 1084 1.14694357 -9.20167565E-03 -0.251428396 0.160657510
 1085 -1.05183101 1.38470602 0.568454385 1.68715465
 1086 0.722853124 0.565554917 8.72971714E-02 0.907194257
 1087 -1.31489682 1.01534224 -2.04824471 -0.763564944
 1088 0.697840273 0.778093517 -1.97299123 1.76605153
 1089 1.66137290 1.53523612 -1.57210064 1.25791538
 1090 -0.358619660 0.827092350 0.152162015 2.11227036
 1091 -0.127941087 2.97858930 -2.16328800E-02 1.71977532
 1092 -2.30051661 1.38842165 1.94210744 1.44068301
 1093 1.13961494 0.597484469 -0.835453510 -0.448450327
 1094 0.589709878 2.28531408 -0.281665027 0.305137843
 1095 2.40438914 1.73414052 -1.16891456 0.851707757
 1096 -0.144762680 0.769959569 -0.894697487 -0.348632842
 1097 1.18625247 0.906216264 -2.35225439 1.23777497
 1098 -0.297334850 1.30691934 -0.684101462 0.341325879
 1099 -0.867591262 1.14871657 1.04761338 0.849164844
 1100 -0.806433797 1.49082732 0.477718711 1.95274663
 1101 0.122957781 0.174018264 -2.55395621E-02 -0.533046126
 1102 0.866854012 1.98809409 -2.11227989 0.899629474
 1103 1.18019974 7.73697346E-03 -0.961201668 1.15065658
 1104 -1.43535590 1.10904253 1.19827914 0.884189785
 1105 0.673718691 1.56321144 -0.121832073 -0.474153519
 1106 1.92562330 0.946893215 -0.231549621 -0.861178756
 1107 0.121386677 0.697581112 -0.859521985 1.08759630
 1108 1.79814136 -0.931660295 -0.138267457 1.78548479
 1109 1.36120009 -0.112292662 -1.55698645 -2.74213934
 1110 -0.144177333 1.30040908 -0.147859156 -0.344908446
 1111 -0.679972410 1.07774711 -5.39164245E-03 8.87015164E-02
 1112 1.53715432 7.83326402E-02 0.494724751 1.09514940
 1113 0.531203449 1.70569360 -1.58225644 0.938487470
 1114 0.808682859 1.49355936 -0.891368091 -0.600015640
 1115 2.07060957 0.683495402 -0.891389132 -0.346366346
 1116 1.60842586 0.361773193 -2.29041028 -0.786821783
 1117 -1.92416203 -0.817633390 -1.41825008 -1.70526087
 1118 0.651953936 0.804062963 0.756105125 1.31501532
 1119 1.04525423 0.864609718 -0.382308334 1.28133941
 1120 1.05822647 0.226296395 1.38791919 -0.809193730
 1121 1.96514142 1.66685688 -1.50954533 1.02811694
 1122 7.30865747E-02 -9.94952396E-02 0.252574652 0.214085251
 1123 0.169495791 0.353832215 0.165740013 1.11605680
 1124 -2.78430486 0.730730772 -0.422319531 -1.24927926
 1125 -1.68722761 -0.872065008 -1.08931208 -0.502981246
 1126 2.36337733 -0.283195317 0.208001181 -0.792267501
 1127 0.729454935 1.99763989 -0.682090104 0.196564570
 1128 -1.50015318 -1.47083974 -5.32859676E-02 -0.670624614
 1129 0.807329416 -0.106178291 -1.37732291 -0.909752011
 1130 0.366068453 0.620967150 -1.21467447 -1.02447820
 1131 0.924632430 0.634806395 -0.469714463 1.47749281
 1132 -0.236304790 0.245739385 4.95936424E-02 0.826395392
 1133 -1.40929687 1.17301512 -1.15530658 -0.108855590
 1134 0.558830023 0.641487360 -1.89374220 -5.95065206E-02
 1135 0.339640170 1.16616035 -2.28069276E-02 -0.152452916
 1136 -0.600424170 0.220357627 0.918950796 0.951635718
 1137 9.73952711E-02 0.493733972 -1.56119084 1.27098823
 1138 0.271073401 -0.126397982 -1.67861962 1.08647394
 1139 1.60048151 0.411927164 -0.684766054 1.39140773
 1140 1.35304689 1.47983444 1.65935123 -2.10486698
 1141 -0.680617332 2.26585150 1.14824259 0.684283376
 1142 0.494649410 1.67118180 1.34160006 -1.28429151
 1143 -0.656894088 -3.30876857E-02 -0.945919752 -2.53524280
 1144 1.58266962 0.121899314 0.413811773 0.947232068
 1145 1.03113377 0.930228055 0.539520979 -3.37524748
 1146 2.47633696 1.07398808 -0.142785221 0.977078855
 1147 1.85856903 -0.512854159 -0.315613270 0.302168369
 1148 1.72334397 -2.02854201E-02 -0.461139739 -0.625587225
 1149 0.608975887 0.110212266 -0.316290826 0.205769807
 1150 -1.48925781 1.12805867 1.52927423 1.00661278
 1151 -3.95516679E-02 -0.167023808 0.603154957 -1.76969838
 1152 1.04009712 -0.345836759 0.616321146 -0.265463710
 1153 0.656610250 -0.623754680 -1.91446233 -1.63361740
 1154 8.98364484E-02 -1.30419898 0.344704151 -0.719079554
 1155 -1.80321765 -2.62726247E-02 0.950311065 -1.41059327
 1156 -0.869601190 0.572327197 -0.969528198 -1.00863993
 1157 -0.880656898 0.356914043 -1.72955692E-02 -0.390191555
 1158 -1.73424959 0.733005345 1.64255607 0.373358041
 1159 -7.86929280E-02 1.56311119 2.07248378 -0.965654850
 1160 0.337551683 1.17296124 -0.537132084 -7.09656477E-02
 1161 0.944285512 0.816678345 2.47533536 0.658528864
 1162 2.24117613 1.50444359E-03 1.77745140 0.138800189
 1163 0.426839888 1.22450769 1.01554775 0.886661291
 1164 -0.692932785 0.231423125 -0.346616983 0.356536031
 1165 0.504367590 0.607803822 0.669381618 -1.18441856
 1166 1.48013830 -0.232260957 1.33038509 0.785361350
 1167 0.117206782 0.236687988 0.964301109 1.00492227
 1168 -0.812334538 0.151072234 0.632023275 -1.13952935
 1169 0.112834655 1.48712945 0.354624718 0.208790839
 1170 -1.02856755 1.99585009 1.45129633 -7.71726668E-02
 1171 1.53740668 -0.434979081 -0.800390244 1.12887061
 1172 1.15167594 -0.457648098 1.11545455 -3.46551704
 1173 -5.55235334E-03 0.933222711 -0.587586999 0.686502635
 1174 0.757157564 0.443807364 2.09944129 -0.833701313
 1175 1.99944293 6.73944652E-02 0.543372452 -1.41068578
 1176 0.340932429 1.66838801 -0.308984339 -2.73445296
 1177 1.57167077 -0.211162791 2.46287346 -0.476940632
 1178 0.795215368 -0.978806734 1.15515113 0.781195283
 1179 -0.414136529 -1.19164956 0.869597137 -1.67523861
 1180 0.118047461 -1.46699786 1.48293507 -3.29541183
 1181 -1.50654221 7.71013498E-02 -0.271752983 1.27953720
 1182 0.333153278 -2.93309593 1.32408214 -0.420202494
 1183 0.141449720 0.705189347 0.476853788 0.713913739
 1184 0.110867500 1.48734339E-02 -0.918327332 -1.34319472
 1185 0.550303221 -0.659800708 0.505202711 -2.52303123
 1186 -0.232675165 0.328064680 -0.198276505 -1.61607015
 1187 -1.08608556 -0.106642842 -0.609397948 0.952780962
 1188 -0.927434683 9.32377502E-02 2.27129149 1.57228136
 1189 0.364639133 1.07106423 1.22750354 -1.24552906
 1190 -0.564568639 2.11102080 1.33039498 3.75766754E-02
 1191 1.27341092 1.27033460 0.984063029 1.34461617
 1192 0.766877592 -0.108811229 -0.307571501 0.334516227
 1193 0.794739068 0.327699423 -0.612803042 0.455847293
 1194 1.18196511 -0.159121081 -1.20947385 0.840407491
 1195 -1.91939855 0.901710689 -0.161729112 0.180660605
 1196 0.469578028 0.673462033 -0.720024109 0.969692051
 1197 0.298451781 -5.71496189E-02 0.405320883 -0.602467656
 1198 0.987628579 1.24146557 1.21204937 -1.34676063
 1199 -0.490964323 0.800887764 -0.434122473 0.721813202
 1200 1.26150417 -0.271055669 -0.428616047 -1.88810635
 1201 1.45461059 1.25506139 0.613800824 1.23944879
 1202 0.514427125 -6.01101816E-02 1.60881132E-03 -0.495570928
 1203 0.585769534 -0.146244407 -0.295078754 0.482367307
 1204 2.40767622 0.936887205 1.35594904 -1.09408045
 1205 5.77134490E-02 1.47606599 -0.291169703 0.115206286
 1206 1.50398505 0.823404014 0.755125999 0.895844281
 1207 1.05179214 2.40154171 0.615697742 1.23863137
 1208 1.12365746 0.663060546 2.50170135 0.590361834
 1209 -0.497103333 0.102971613 4.52855229E-03 -5.57781905E-02
 1210 -0.108998150 2.19288325 2.00249624 -2.83424950
 1211 -0.596916914 1.56245601 1.54218316 -0.678940952
 1212 1.64018548 1.62079537 1.16289032 -3.68611366E-02
 1213 1.79878962 1.61477792 1.47493649 1.41295862
 1214 0.715034306 0.955446005 -0.172833860 -0.999910474
 1215 2.99825478 0.371658117 1.19483602 1.01576102
 1216 -1.92435598 1.49212909 3.78877446E-02 -1.80042124
 1217 -0.402084172 2.10343003E-02 1.16448247 1.30832577
 1218 1.80297744 0.692446351 -0.787088454 1.34593618
 1219 1.44772410 0.971806407 1.74001133 0.841480076
 1220 1.05973434 1.05374956 1.59850669 0.476701647
 1221 -0.236722618 1.79628861 1.30820274 1.02866518
 1222 -0.299754262 1.82172656 0.580165625 -1.37488699
 1223 -0.616864383 1.48271000 0.351969779 -1.10798502
 1224 0.166438729 0.700455666 1.29946816 0.284867465
 1225 1.25291777 1.00913501 -0.648351789 0.976045966
 1226 -0.184285760 1.30354321 0.680220127 -6.76125139E-02
 1227 0.134897143 -0.511923909 -0.290040016 -0.329499424
 1228 1.01359355 -0.124105930 0.366362870 0.272418857
 1229 0.746200860 0.218029827 0.374600559 -0.234626487
 1230 -1.05121803 0.999953032 1.48420072 0.701889575
 1231 -0.194770917 0.657999873 0.403382719 0.160484076
 1232 1.35522723 1.38487971 0.564294636 1.88375711
 1233 1.40384471 1.18921518 2.83339953 -2.14043212
 1234 1.09700704 0.601676285 0.346818775 0.614134371
 1235 -0.668749154 0.355354965 0.923560143 -2.63625383
 1236 0.302398264 0.344904482 -0.387779176 -0.761563182
 1237 0.833329618 1.58168447 0.488843560 -1.42934752
 1238 0.453556418 1.52480173 0.846580267 -0.413619548
 1239 -0.490213990 0.321000546 -0.781740546 0.721945286
 1240 1.34280157 0.516256392 0.334750682 -1.06254029
 1241 0.341466248 0.276484549 5.47889024E-02 0.944343328
 1242 0.465541691 -0.688912868 0.306548148 -1.42354012
 1243 1.55493426 0.891444921 1.20134401 1.19178760
 1244 1.81564832 -0.266678661 1.13536370 -1.02907515
 1245 0.817545533 0.381602645 0.458336323 -1.69669425
 1246 1.17382538 1.16936648 0.707306683 -0.161051080
 1247 0.538673937 1.65639544 0.383488029 1.37752116
 1248 1.63299370 1.65310216 2.93815827 1.45627379
 1249 0.827956080 1.73077917 1.76600039 -1.42442489
 1250 -0.567684472 1.79651594 0.699194551 0.600575686
 1251 -2.08586979 0.387777090 2.34521556 1.63584745
 1252 -1.05870813E-02 1.56093252 1.49883950 6.83982223E-02
 1253 2.04279494 0.546084464 0.286825597 1.62489426
 1254 -2.58258730E-02 0.142145991 0.239868522 0.730716050
 1255 0.532576025 -0.330189258 -1.15701091 0.831170738
 1256 2.50748706 0.300889283 -0.751694441 -0.326039642
 1257 -0.580281317 1.78398561 2.01835728 -0.552713215
 1258 1.88452244 0.872241855 0.315248609 0.989741981
 1259 -0.866754711 0.562530339 1.48961484 0.918466687
 1260 1.78984320 2.23174286 -0.773546159 0.877255499
 1261 2.06389332 -0.811933339 1.61694658 -1.34283376
 1262 0.304081768 1.47526336 -1.63783443 -0.903446734
 1263 2.32619643 1.78334999 -0.728539824 0.497485429
 1264 -0.672580957 0.890757978 0.618086636 1.42431283
 1265 -0.146527633 1.29203844 0.580097079 5.10718226E-02
 1266 1.64855421 1.12420738 0.892758310 -3.70188832
 1267 1.34278083 0.492885202 0.745556474 0.945664883
 1268 2.28122520 0.473968923 -1.20200887E-02 -3.35367489
 1269 0.916364074 -0.153947860 0.944723606 -0.851249039
 1270 1.58837020 0.115682438 1.17143214 -1.74178600
 1271 0.981555283 0.994457841 0.317003429 -0.179358914
 1272 0.331666142 0.181358844 2.74617600 -1.07405758
 1273 -1.40361941 -1.68183148 -2.25619864 0.180642039
 1274 2.09226203 0.862271369 1.15930653 0.185600966
 1275 1.65400124 0.848490179 -0.184919879 0.296015888
 1276 0.798672259 0.965712607 0.191687673 0.108014271
 1277 -1.09999752 -0.634772301 0.623466194 -2.85447550
 1278 -1.05847287 -0.172768563 2.28242540 -0.761264920
 1279 0.671500087 -1.59286764E-02 -0.409053057 -0.884951651
 1280 0.794567108 -0.357145488 -6.61154911E-02 2.72376239E-02
 1281 -0.653827429 1.11953795 0.896017730 1.17960167
 1282 1.01497662 0.933302283 0.710817814 -1.56401694
 1283 -0.205910578 0.948545694 1.96638978 0.300573438
 1284 2.25944448 0.157561079 0.432673484 -2.75698328
 1285 5.61247692E-02 2.22592187 -1.48190248 -0.800432503
