 1 -3.31729198 -0.378563821 0.938094378 -7.36683756E-02
 2 0.759092510 1.23112631 -8.56413394E-02 1.79740822
 3 -0.652178109 -0.487891436 -7.88041949E-03 -8.90145972E-02
 4 -0.227057874 1.01826203 2.09722090 -1.09591210
 5 -0.479572624 0.336382240 -0.192650586 0.416338533
 6 -1.45434666 0.299849093 0.963893950 -2.70514339E-02
 7 -1.43793547 -0.347499192 0.875308037 7.70731643E-02
 8 -0.365193158 1.24297702 -0.161222190 0.359901875
 9 0.803562999 -0.330811769 0.730239809 0.415622711
 10 5.26275113E-03 -0.287768036 -0.149397999 9.82512608E-02
 11 1.38755292E-02 -8.88135284E-02 -1.47329187 -0.928736448
 12 0.106247157 -0.255689263 0.237199008 -1.14310265
 13 0.249098912 -1.70918107E-02 1.04708803 -0.822809398
 14 -0.442838848 -0.834278107 2.98852181 -1.34170163
 15 1.37977672 -0.317642778 0.357231200 -1.24276149
 16 -0.805047274 -0.883249223 -0.416872263 0.149834245
 17 -1.25567448 -0.951861858 0.105508208 0.357881367
 18 0.383583575 -0.437801123 -0.402004182 -0.424652755
 19 -1.22036052 0.856763721 0.330722749 8.64815041E-02
 20 0.297907680 -1.05868483 0.820876479 2.94548273E-02
 21 1.72453141 0.818751037 -0.263311386 0.123721853
 22 -0.292106509 0.322457969 1.37410522 -0.146204725
 23 0.590011001 0.918363333 1.26649284 -1.34292340
 24 -0.141912863 3.93436253E-02 1.76058269 -1.19141245
 25 -0.263127983 0.346447110 -8.21809471E-02 0.413383812
 26 0.918485105 4.31702323E-02 0.754060268 1.72023726
 27 -3.17570090 0.865255237 -0.366716325 0.141125843
 28 1.28123081 -1.42363524 0.790266752 -1.33963823
 29 1.48782539 -1.16727400 0.563119888 -0.133938059
 30 0.931562066 1.27052057 -0.564499021 -3.30090411E-02
 31 0.496264696 -1.47506523 0.119838655 0.274686515
 32 -0.243155614 1.25140870 0.733390510 1.97633207
 33 0.733372092 -0.705984175 -0.492603302 1.81974590
 34 0.839874387 0.245842218 -3.76752317E-02 1.91391933
 35 0.869831681 -1.34755349 -0.776840925 1.41881454
 36 1.29990137 -0.228517145 0.262303740 1.49002373
 37 0.831626475 -1.39029372 -0.883141875 1.48859322E-02
 38 -1.61421490 -0.538325429 -0.511391640 0.470037401
 39 1.33727932 -0.393318534 1.63534772 -1.64333105
 40 0.357169956 1.20852757 0.531343877 -1.00160313
 41 0.384246677 0.689915478 -0.511985958 1.28747082
 42 -0.169716388 1.27970290 0.339969486 0.386955619
 43 1.02266967 -0.136561707 1.09327900 1.46600866
 44 1.76597905 9.83960107E-02 0.509354711 4.95269187E-02
 45 0.766530395 -0.610902250 1.33436012 1.48085749
 46 0.914460659 -0.389583290 0.975115120 0.471777290
 47 1.62978590 -1.73926425 1.25187135 0.242281526
 48 -0.386821836 -7.23138303E-02 0.846947014 1.10362792
 49 1.21903265 -4.61504310E-02 0.814587951 1.75366902
 50 -0.741612732 -0.158244237 -0.338225812 -1.34285283
 51 -1.10667050 -1.40392864 -0.728997111 -0.314174682
 52 0.894274950 0.869299412 0.728404045 3.49001288E-02
 53 -0.427235484 -0.136991650 0.553223372 0.200660676
 54 -1.17049110 -1.63583040 0.176550016 9.39937979E-02
 55 6.96799830E-02 1.23688912 0.924914777 -1.75051153
 56 0.853344619 -1.93277061 9.71605033E-02 4.20800969E-03
 57 0.292115420 1.31595314 0.970460653 0.355949163
 58 -1.09047703E-02 -8.54058564E-02 0.944909573 0.329666257
 59 -1.14215136 1.65400612 0.352328658 -1.42355621
 60 -1.65059161 1.56808984 1.86990952 0.773912311
 61 -0.908041239 1.93493414 0.100165069 -3.82143296E-02
 62 1.87987530 0.337219924 -1.81123590 -1.71225131
 63 0.353735477 -1.56016278 1.46891594 0.146159679
 64 -0.856531858 0.627342820 1.39365852 -1.48103046
 65 1.48750687 1.80735922 -9.23695415E-03 0.146428570
 66 -1.27747941 0.246011943 1.78555620 -1.44561696
 67 -0.305220306 -4.77467179E-02 2.28470826 0.600421548
 68 1.37508464 0.234896123 -1.10229957 3.49535607E-02
 69 0.739888370 -0.281446934 -1.10220158 1.60646582
 70 0.171743870 2.01596236 0.337523639 1.41419137
 71 -0.183200344 -1.13581359 0.315900385 1.59893000
 72 2.00626183 -0.513348818 1.75502121 5.62457740E-02
 73 -1.45735109 0.502429843 0.475462586 1.79815531
 74 -1.18266547 -1.13565230 1.69774508 -1.27774882
 75 0.699471712 1.22939199E-02 2.23296475 -1.06045520
 76 0.400936723 -0.837187409 1.51573360 -1.34029973
 77 1.42656040 1.26675153 -0.185650870 1.51690948
 78 -0.406845808 0.794595182 0.285724938 0.281659424
 79 0.420210689 0.259401262 -2.68302709E-02 0.514818847
 80 1.90813184 -0.104788303 1.20925987 3.49412598E-02
 81 0.777393579 9.71889719E-02 0.755401969 -1.23837757
 82 0.699315548 0.234434843 -0.204172105 -1.73548603
 83 -0.780365825 0.343796819 0.727824271 1.56414545
 84 0.505737305 -0.805560470 0.476818472 1.05355966
 85 -1.45663404 0.102245137 -0.327045143 1.49969292
 86 0.407445729 0.134000331 -0.116365083 0.697122157
 87 -0.492389649 0.602888286 0.238876015 0.148083940
 88 -0.845374048 1.33170283 0.702446222 1.02633512
 89 0.209400728 -0.103348807 9.21562314E-03 1.64544535
 90 1.48627579 -0.249632061 0.585668147 0.150345266
 91 1.56054020 -0.327844292 -0.578931928 1.48920035
 92 7.09800348E-02 -7.52089024E-02 1.89888036 -0.206122786
 93 -1.91154337 0.377810210 0.425696164 1.55955672
 94 1.10959995 -0.553635657 -0.745209098 1.71070480
 95 1.13409698 1.79021215 0.822196066 0.309523195
 96 0.616808355 0.877131581 -1.91417444 0.261871040
 97 1.56222355 -1.16664588 0.725567102 -1.43340027
 98 0.219462514 0.222294271 1.83070624 -1.03244781
 99 0.913164496 0.827860117 0.308674186 -1.83697867
 100 0.317220271 -1.28607011 -0.909800291 0.257936984
 101 1.36230886 -1.86437392 0.302845448 0.897186220
 102 0.538027525 -0.441316366 1.07949328 0.370355427
 103 1.02939653 0.366382182 0.440836489 -0.471883386
 104 -7.80419260E-02 -2.03252459 -0.857478797 1.51256847
 105 0.936148286 0.327857018 -0.303373218 1.93689871
 106 -1.34176326 0.260099709 2.98505612E-02 6.67707622E-03
 107 -4.52693999E-02 -0.650677204 1.49885213 0.457804471
 108 0.293700397 0.357604086 -3.32631171E-03 -1.42490864E-03
 109 1.92597640 -0.430070579 -7.03805778E-03 -1.04099548
 110 -0.577789962 -0.319601208 1.52456760 -1.51347172
 111 0.140419453 -0.210116863 0.424314678 -1.33561492
 112 0.106967658 -1.24818325 -0.333458066 1.66487491
 113 5.29798605E-02 1.31523573 0.656079948 0.339368969
 114 -0.656723619 0.339972943 1.16108191 0.285870492
 115 0.191629201 -0.422731131 0.541611314 -1.30423677
 116 -0.612102270 0.398827851 0.436260819 -0.213793069
 117 0.313748658 0.124402776 0.255983800 1.45208764
 118 -0.345209032 0.226847202 1.69983351 -0.230007589
 119 1.20089555 -0.822752595 -1.73371029 1.40350938
 120 -0.525708973 0.345927119 0.736356199 1.14746131E-02
 121 -1.40717304 1.45304656 0.711036325 1.52770674
 122 0.381028950 -4.98273969E-03 -0.688076317 1.73394632
 123 0.221100360 -0.104190901 -0.257416010 -0.343099713
 124 -2.70216084 0.604593515 1.03527057 0.239947394
 125 -1.46816289 -0.556200445 1.12178040 3.69908512E-02
 126 0.321818829 -0.768458366 -4.07942235E-02 -1.52348959
 127 0.721126974 -0.409364730 5.25254309E-02 -1.52963936
 128 0.251628935 0.556717992 0.350217491 -0.180519432
 129 -0.661017060 6.46684915E-02 -0.125054404 4.14415449E-02
 130 -1.43706441 2.90388465E-02 0.612455010 -0.956836522
 131 -0.381697685 5.06610051E-02 -1.34399343 1.79664099
 132 -1.58046532 -0.389119983 -0.692996621 0.477687418
 133 -0.175997555 -3.10470152 -0.352464855 1.70967364
 134 -0.930607319 -1.60517693E-02 -0.737078905 1.16474330
 135 1.56728661 -1.67599022 0.925791204 0.107360743
 136 0.792946458 -0.570675731 -0.804281354 -1.36316669
 137 -1.27451098 0.158110231 0.332057655 7.99687207E-02
 138 -0.236779273 -0.811661839 -0.528240800 0.331957728
 139 -0.333465993 0.777395964 -0.841181278 0.179625362
 140 -1.47535813 0.411419392 8.50679949E-02 1.63152361
 141 -1.53329587 -0.447878957 0.768781304 -0.212136418
 142 -0.964965582 -1.04697835 1.19212306 6.03419952E-02
 143 1.86743820 -1.31619859 0.977975011 1.35232794
 144 -1.52820146 -0.242330581 -0.559666634 0.161721259
 145 -1.95555699 -1.41976178 -1.65518212 0.123061866
 146 -1.61374795 -0.268582761 -0.260204881 0.236758947
 147 -1.57831264 0.435065091 6.04722053E-02 -0.898342311
 148 -0.373739600 -0.357828826 0.598579347 -1.44348776
 149 0.600456834 -0.499487102 1.22146678 -0.510245681
 150 0.280105740 -0.416865081 1.38287318 1.57069683
 151 1.36854959 -0.658617437 -1.28240907 -1.01482356
 152 -0.596975744 -1.45479596 2.11994123 -0.272762716
 153 -1.04598141 -0.407621771 0.103435814 -1.47324061
 154 0.759004474 -0.930393338 2.59385753 1.02911806
 155 -0.546099305 -0.553231597 1.40396130 1.47094917
 156 0.124224931 0.386967301 2.58440828 -1.63792419
 157 -0.735865533 1.45626032 1.05553842 -3.39016318E-03
 158 -0.650996327 0.683813095 1.71405494 -1.07428968
 159 -1.24263632 -1.21017146 -0.302051961 -0.183155566
 160 -0.474363446 1.07557535 0.777531981 -1.06329644
 161 0.287198633 0.112518430 0.475969911 1.31318700
 162 0.577916503 0.492195249 0.526526153 1.51180518
 163 -1.58243370 0.230012655 1.60639143 -1.50837576
 164 -1.16230714 0.450897306 -6.41008019E-02 1.78373230
 165 0.889627635 1.29600549 -0.267042756 1.71428871
 166 -0.238539249 -0.472930431 1.09783709 -1.60967076
 167 1.35766304 -0.363447309 0.546668530 1.76664567
 168 0.147432923 -0.288301110 1.81897235 0.126430765
 169 1.02595592 -0.507059574 0.126729816 0.351736069
 170 0.340107560 -0.546664655 0.600985050 -3.37969959E-02
 171 0.401145220 1.03619730 1.93618798 -1.47948670
 172 -0.251729041 -0.483687729 -0.391306877 0.181383222
 173 0.249172404 -0.461454302 0.786695182 0.216972753
 174 -1.45224977 1.05944121 0.996978402 1.40448034
 175 -1.64521456 -0.973556876 0.889136314 0.530762196
 176 -0.757144094 0.680665612 1.23875415 6.67974353E-02
 177 8.01325142E-02 0.624902487 0.462689281 1.61352444
 178 0.362847358 0.470949888 1.10945880 0.166023567
 179 0.422409445 -0.668830812 1.46674168 1.37458730
 180 -2.09821606 2.71545723E-02 0.532346249 0.288749009
 181 -0.190913603 -1.97260451 0.801124215 1.76488149
 182 1.01790619 -0.931970894 -0.231254190 1.90051484
 183 0.408426642 -1.67485094 -9.06248987E-02 0.378443837
 184 -0.465902805 -1.21478236 0.916460216 0.262074292
 185 -1.79208934 1.28772938 1.68160760 -0.709286749
 186 -1.79973996 -0.231629625 -2.25307322 -1.42034805
 187 -1.47161412 -0.602352083 1.13216043 1.33971703
 188 9.51020718E-02 -0.529675603 -0.612037838 1.39876699
 189 0.114157751 -0.223580167 0.151757494 -8.96962732E-02
 190 -0.182867169 9.41032693E-02 1.94585586 -1.24097872
 191 1.05035305 -2.14300489 0.348159552 1.75104892
 192 -1.23341656 -6.43050969E-02 -1.18125582 0.107009798
 193 -0.705704749 -0.969815254 -1.47456181 0.225451186
 194 -5.41512817E-02 -0.474250495 0.588265002 -0.212836221
 195 0.758065760 0.139358327 0.832581103 1.51050687
 196 -0.778951883 1.21370375 0.551165819 -1.29792464
 197 -1.59902537 -0.711842895 0.775051892 5.72869033E-02
 198 -1.77240074 1.69078362 0.931440055 -1.61133146
 199 -1.09569478 0.252608031 0.253944695 0.181016386
 200 -0.121721365 0.131189257 1.24774337 -0.740586281
 201 -1.86489558 -2.22269595E-02 0.245448723 -1.38430202
 202 0.797365725 0.985611141 1.01201105 -0.130064428
 203 0.951319396 0.167422280 0.933664978 0.364700645
 204 -0.820114374 0.971981823 0.183448672 0.467809737
 205 1.06119967 -0.107345507 1.00108016 -1.20521653
 206 -1.30477679 0.542441785 0.315778166 -0.550465822
 207 3.25250924E-02 1.13205802 -1.01749921 1.56643653
 208 -1.63882840 -0.401802808 0.525285125 0.105424568
 209 -0.438590318 0.818263054 0.277205378 -1.23079240
 210 8.00887719E-02 0.946557283 -0.138488948 -1.01698458
 211 5.03309071E-02 -0.251605660 -1.40459323 1.90721691
 212 -3.91533566 0.502414703 1.31230950E-02 0.444047391
 213 0.296759576 0.641502738 0.832790673 -1.04016376
 214 0.520094752 -1.22474921 0.840667963 -1.19393981
 215 0.732303321 -1.48320293 -0.682882786 1.49332798
 216 -0.208670124 -0.525197625 -1.06043243 1.19954336
 217 -2.04167676 1.34975302 0.785762846 0.535711706
 218 -0.991068363 -1.81101859 0.240406290 6.37113601E-02
 219 -1.29747713 -0.201996982 -0.118043393 0.216651499
 220 -0.321065605 1.62333608 1.24137557 -1.11999393
 221 -1.27127326 0.121181741 -0.147574961 0.209983528
 222 -0.350584000 0.859990120 0.526815653 -1.34606647
 223 -1.22931945 0.136872500 2.08927765E-02 0.556982100
 224 -0.690295398 0.723856688 2.58025479 -7.71996230E-02
 225 0.461507320 -0.737091541 1.38088095 0.121937238
 226 1.24956059 -0.653742731 0.908836961 -0.556348681
 227 -0.262142390 0.146255672 2.33233571E-02 -0.973229349
 228 -1.66469228 1.05189669 2.78781223 -0.164870530
 229 -0.478243083 -1.56531739 -7.00088516E-02 0.115729935
 230 1.01400197 -1.67737055 0.697674930 -0.425595015
 231 -1.37724483 -0.866176367 0.441767424 1.25214219
 232 -0.952425778 -0.108975671 0.951732218 -8.07060152E-02
 233 0.388444573 0.930439711 0.542283595 1.23406875
 234 -0.287019521 -0.394202173 0.416507691 1.12180233
 235 0.184092373 -0.146902815 -2.18953991 1.78018868
 236 1.90507746 -0.670411110 0.314898193 6.57799616E-02
 237 -1.69678628 1.08525181 1.88829899E-02 0.300306708
 238 -1.46264660 0.874657989 0.413686991 0.445930034
 239 0.754034519 -1.03104103 1.05584693 1.11681968E-03
 240 -0.165514857 -0.141247988 0.929116488 1.50389123
 241 -0.250813782 0.694630504 1.03699636 4.12835628E-02
 242 -1.01043344 -0.348853588 0.135811120 -2.74332874E-02
 243 -4.09696773E-02 -0.302737772 0.104343861 0.273558527
 244 0.155739188 0.486303270 0.424994767 1.27497232
 245 -1.08704329 1.75584960 -0.683555782 1.21192217
 246 0.442140758 -0.671856880 -0.285531253 1.40446651
 247 -0.149534374 -1.08083057 -1.93436003 -1.97017002
 248 0.187965721 1.20602274 0.472978473 1.64103329
 249 1.41444468 7.81541541E-02 -0.104168817 1.64456749
 250 -0.968571007 -1.59344897E-02 1.09308553 0.342113733
 251 -1.83219397 0.216428742 0.276121855 0.205996752
 252 0.619917512 0.144581735 0.186105698 -0.100469403
 253 5.90884462E-02 0.104401380 1.06977320 1.43187451
 254 -1.18732858 0.133334503 0.814758182 -1.10707676
 255 -0.303958774 -0.934694827 0.149406731 -1.65388966
 256 1.26997030 -0.355922222 1.21301043 6.46747574E-02
 257 -1.57748830 0.829970241 0.222326979 1.19696832
 258 -0.683339119 9.69640687E-02 0.352783978 0.214457348
 259 0.514952600 1.42515004 -1.38593006 -0.277715266
 260 0.558330655 0.246367812 0.481008470 -0.576561332
 261 -0.759456754 -1.64839256 0.687883556 -1.04322171
 262 0.170880884 0.487554401 0.304392219 -0.182278275
 263 -9.16345939E-02 -0.746289015 -0.440894902 0.252581745
 264 0.794710159 0.565700650 2.36689067 0.317013830
 265 -0.196665853 0.809852004 -0.422813058 1.69115174
 266 0.277158439 1.15164065 0.913938880 8.67746025E-02
 267 -1.15257251 -0.489056557 -0.871719658 -1.15458810
 268 1.48498654 -0.965112329 0.572384834 6.00790903E-02
 269 -0.864505768 0.886993527 0.810934246 1.53676474
 270 -0.924042821 -0.463944435 1.90193152 1.45247984
 271 0.662501097 0.296204865 -1.44099963 7.88896903E-03
 272 -2.13937950 0.481415838 -1.65550685 -1.33907425
 273 -0.255006194 -0.761457324 -2.15424821E-02 -2.28460878E-04
 274 0.780564666 -1.07264948 -1.18523574 -0.446833611
 275 -0.882036209 -1.68775749 0.736342669 -1.52109694
 276 -0.108293638 0.848535180 -0.319404125 -0.237611771
 277 1.06455624 -1.73192871 0.461239338 0.293943107
 278 0.226250753 0.390615135 0.674232721 0.284073025
 279 -1.05204713 -0.749588072 1.13400412 1.66624665
 280 -0.616507590 0.818369746 1.11692786 -1.31589770
 281 -1.01701427 -0.959085941 -0.455359817 -1.07702982
 282 1.90691674 0.119726092 0.950163305 2.22702932
 283 -0.201296151 -2.02366447 2.01387239 -1.04797769
 284 -0.673496306 9.89264995E-02 -0.483709544 -3.29794623E-02
 285 -0.834280849 1.54798079 0.300181091 -1.26561654
 286 -0.698277056 -1.45239580 -1.74374914 -1.48231947
 287 -1.12507045 -0.827662706 1.72387791 -1.62080932
 288 -1.00136817 0.458517879 0.793703616 1.17379403
 289 -1.15758920 -2.04029903E-02 0.380993873 0.558054209
 290 -0.288110793 -0.130834565 -2.16927624 1.20368004
 291 4.77901734E-02 0.399498820 0.939128399 -1.00258493
 292 0.172083855 0.327427596 -0.110710561 1.40492094
 293 -0.315297753 0.257603705 -1.66589034 -1.01485872
 294 0.658844352 0.318308830 1.20264947 -1.45548797
 295 -0.812361062 0.704244554 0.290084302 -2.91883741E-02
 296 -0.967253029 0.874710262 -1.46248698 -1.35994828
 297 -0.470342070 -0.703323245 0.877104223 0.231138140
 298 -1.01988673 1.85464609 0.538800716 1.13267028
 299 -1.16489828 1.35130310 0.930377305 0.221458569
 300 -1.12326324 -1.25403917 -1.20503318 -0.303101838
 301 -0.507213652 0.164758280 0.799934745 -1.16990411
 302 0.561738372 -0.608478189 -0.508447945 4.70406413E-02
 303 -0.706040025 -0.253325373 4.98227179E-02 1.30667269
 304 0.212842643 0.717645228 -0.341121912 -2.46123224E-03
 305 -0.354398459 0.844959378 0.552298307 2.01398015
 306 -1.19534254 0.893855572 0.835913658 -0.349327475
 307 1.65563285 0.864397883 -0.928139567 0.150209486
 308 -1.86889780 0.114329681 -1.12820137 -1.05963528
 309 0.344966292 9.64451581E-03 1.12309265 -6.74006343E-02
 310 0.476239800 -0.343911618 7.29976669E-02 0.293260664
 311 1.07618415 -0.577448905 -1.66087043 6.79202452E-02
 312 -2.56083345 -1.00392520 0.664489806 -1.54866922
 313 1.19413805 -0.994343638 -1.43595588 9.06617939E-02
 314 0.422539383 0.440938711 0.135523155 1.26357770
 315 0.602543950 0.823511183 -1.46991741E-02 -8.58692378E-02
 316 -1.92025661 0.219606310 1.19009459 -1.22329104
 317 -6.92584664E-02 0.142281741 -1.29481184 -1.10076833
 318 -2.84114432 -1.00393164 1.06559551 -1.51835203
 319 0.423872709 0.611281872 -2.57085040E-02 0.564999461
 320 -1.88862574 0.832845449 1.35393262 0.215940863
 321 0.751097322 9.93246436E-02 0.326850414 -0.913595557
 322 -0.102942728 -8.99405926E-02 0.601581097 1.23676288
 323 -1.49154997 1.06883478 0.402660370 -1.45015681
 324 -0.848144710 -1.46802020 -8.93767178E-02 -0.222337157
 325 0.626974463 -1.97594953 0.293521643 -1.36753058
 326 -1.23760366 3.51233631E-02 -1.78866458 -0.795810521
 327 -1.61273074 0.181548595 0.897656679 -1.36168528
 328 0.770987391 0.294453889 -1.16691399 -2.10281312E-02
 329 -1.80062199 0.937572658 -0.478706300 -1.55573261
 330 0.633464396 -0.891990066 -4.89413477E-02 0.330164671
 331 0.303123742 8.19007456E-02 -6.75796792E-02 0.428218991
 332 0.122789815 -0.433830142 1.32933080 0.189886779
 333 1.60998762 4.37088311E-03 -0.822886288 -0.286234885
 334 -1.14626241 0.774501204 1.34384930 0.339743257
 335 -0.630637109 1.11103261 0.246038646 -1.19609368
 336 -2.17920637 0.442285985 -0.542147458 1.42908907
 337 -1.39984047 -0.187995031 -0.528674603 -1.36836898
 338 0.610163152 0.202751607 -0.362182260 -0.147658110
 339 -0.536750853 -0.227263257 -4.88400459E-03 0.168042153
 340 -0.957769811 -0.929541707 1.48206604 0.213150620
 341 -0.438989162 0.205373004 0.371834815 0.111316517
 342 8.16775560E-02 -8.73618200E-02 0.243585885 3.02935690E-02
 343 -1.94819164 1.48235750 0.503660202 3.11943293E-02
 344 0.977247238 -4.75838184E-02 0.323366463 -0.300624937
 345 1.44634545 -1.38360476 2.84771705 8.48794878E-02
 346 -1.07605708 -0.153168648 0.276977420 -1.08112979
 347 0.608601689 -0.418085098 -1.03106868 0.225647956
 348 0.241259143 -1.01624405 0.793060303 -1.33728099
 349 1.60422969 -1.01203048 -0.887250602 1.29092705
 350 -1.43537307 -0.561136544 0.272251397 0.261806935
 351 7.01728240E-02 0.605878472 -1.00339556 0.293666482
 352 1.61784351 -0.376450300 -0.511929333 0.383295864
 353 1.40166950 -1.07881069 0.858634830 -1.48044491
 354 3.01585960 -1.09458661 8.22293609E-02 -0.219195276
 355 0.708863139 -1.15645003 1.29249012 -0.306614786
 356 1.82355154 -1.10540032 -0.281025171 0.459977865
 357 0.753756642 1.09228849 -0.126573861 0.345861852
 358 -1.42354417 0.871481478 -1.33278441 0.452497363
 359 -1.79203379 0.701561809 -1.24916673 1.67836928
 360 -1.52690399 -1.31527400 2.90386510 -1.39387929
 361 0.986651480 -1.37879598 0.726473093 1.89068103
 362 -4.23216820E-02 0.797701418 -1.78290284 -1.38338375
 363 -1.78669238 -0.264472097 1.35609078 -1.06616318
 364 0.932614565 0.175431713 0.421128631 -1.38135707
 365 -1.26041329 -0.250701785 1.60120916 -0.900152028
 366 0.196986556 -1.24684548 1.46177101 0.290350258
 367 0.953920782 -0.597465158 -1.25457704 2.08016157
 368 -0.190905944 -0.903170884 -1.13652885 0.441150814
 369 1.98969698 0.171373561 -0.303157806 -0.346655846
 370 0.568439484 -0.298890173 -0.740822315 1.53482294
 371 -8.87257382E-02 0.360437065 -0.126394510 -0.139717072
 372 0.879890919 -1.29603171 2.53808856 -1.53024566
 373 0.719780624 -1.64943433 -0.289032608 0.119980320
 374 -0.457775265 0.364383668 1.92633486 -1.10238302
 375 2.13447452 -0.161957636 -0.255273610 1.28193808
 376 -0.422278881 -0.375047565 0.344365984 0.554107964
 377 1.41498446E-02 -0.762914777 -0.248629689 -3.50574441E-02
 378 0.292068899 -2.36796439E-02 -0.666929841 -8.84661525E-02
 379 0.591883302 -1.48237240 -0.913895071 0.107378803
 380 0.287353992 1.37997754E-02 0.913103282 0.140046507
 381 -1.79513478 -0.397860229 -0.780382335 -1.13498712
 382 1.50207305 -0.872686625 -0.460763305 1.72317636
 383 0.164103597 0.499579132 -0.441250265 1.16421044
 384 0.176056162 0.744711041 -4.01376560E-02 1.59597969
 385 1.54237890 -0.207293808 -0.787148893 -1.29365134
 386 -0.882759809 0.813371897 0.995352745 0.542128503
 387 -0.416346550 0.185170084 0.247542486 0.521985531
 388 0.788816273 0.354496986 -0.706456661 1.75110424
 389 1.30283391 0.967654347 -1.76654673 1.39385796
 390 1.84196806 0.423223585 -0.678609788 -8.59325975E-02
 391 1.09268606 -0.641446054 -1.17013943 1.93713343
 392 0.357166111 -0.903391540 0.200942650 1.77251136
 393 1.55666733 -0.698075771 1.25200134E-02 1.26834977
 394 0.374640614 -0.149446607 0.897673011 -0.404501796
 395 -1.92101979 1.47194672 8.36907774E-02 1.62059844
 396 0.999895096 0.237435877 -1.08527839 0.165869147
 397 -0.112308122 -0.269808769 -0.617838323 0.193282068
 398 5.63811958E-02 1.26555014 -0.717165887 0.284624755
 399 1.30828106 -1.42671418 0.443833202 -1.35687590
 400 -0.890742421 0.577176571 1.62168050 -1.11112475
 401 0.362125099 0.773574889 0.259986013 0.100463085
 402 -0.842797816 -0.922260106 -0.915429235 -0.911316991
 403 5.16215563E-02 -5.87174259E-02 1.58880734 1.98820829E-02
 404 -1.42678928 -0.701720119 0.976046860 1.82040358
 405 0.176224411 -0.189985245 -0.930456996 -0.257691592
 406 -1.23387706 -0.825347126 0.187600240 0.231486201
 407 0.505593061 -0.142830163 0.564065158 -0.341542780
 408 3.34278464 -0.279821336 -0.598014176 1.44883657
 409 -1.07161272 0.623913527 1.44507718 -1.40650535
 410 -0.751750469 -0.114259787 -0.325877070 -0.851501405
 411 0.758639395 0.921552777 -1.66750872 1.96776497
 412 2.45287514 1.11968708 -0.413145214 1.46648824
 413 -0.594760656 -0.916991293 -0.543377638 -1.31318307
 414 0.626890182 1.21859002 -0.669587433 1.33797312
 415 2.70164704 1.32911003 -0.248205513 0.459265649
 416 -1.02130949 1.07923150 4.57041413E-02 1.42201626
 417 0.434869856 -0.377995074 -0.789427400 0.422970861
 418 -0.768776655 0.161836699 1.33143306 -0.338861555
 419 -0.339077353 -0.928999066 1.50384605 -1.14548397
 420 -0.601761520 0.297448546 -0.171208352 -1.45041132
 421 -0.815940142 -0.195281118 -0.349194825 -0.357842624
 422 1.64785969 -6.57127649E-02 1.80163777 -1.26026440
 423 0.554135203 0.561338425 0.881132305 1.25196040
 424 1.18985975 1.33637595 -0.720623136 -0.212549403
 425 -6.30453750E-02 0.480061531 -1.02161145 1.07791173
 426 7.24581629E-03 0.179588318 -2.00957918 6.18380904E-02
 427 1.55533433 0.336345911 -0.333019137 -0.293977201
 428 -0.371731013 1.27487230 -0.451877117 1.14055169
 429 -0.752364337 -0.854596674 0.365720510 0.229544073
 430 0.699441969 0.257075459 -7.32904077E-02 0.254777402
 431 0.345228016 0.436607629 1.13231540 -1.36427200
 432 -0.904216409 0.431905746 -0.819805682 0.198804110
 433 0.311254501 1.18524933 0.330566406 -0.199492127
 434 1.21222186 -0.383342803 0.316982239 0.545828581
 435 0.354245275 -0.643938780 0.112416372 1.62937939
 436 0.782256603 -0.662686229 -0.505675197 -0.166177109
 437 0.424676061 -0.319339514 -1.37438571 1.23853493
 438 -1.46548223 0.166503280 1.25893414 -1.11632073
 439 0.972986698 0.721820712 -6.75461516E-02 6.42353892E-02
 440 2.40907216 4.38808016E-02 -0.186414346 0.275548130
 441 -0.319115102 1.07411695 -0.348314494 -0.925178409
 442 1.59123242 1.11945665 1.10374224 -1.32042205
 443 -0.446931779 0.324464500 1.72536707 -0.301946104
 444 0.563536465 -1.48528671 -0.150901347 -8.57382864E-02
 445 1.58242536 -0.293128252 0.933811724 -1.04818368
 446 1.83220577 -0.216810107 0.640730381 1.97116160
 447 1.23607469 -0.705939293 0.371032834 0.254899979
 448 -0.980373383 1.78167403 -7.50130713E-02 0.540347397
 449 -0.140580267 -0.643977344 8.87281671E-02 0.571921289
 450 -0.311490953 2.97604315E-02 0.434690416 -1.18459356
 451 0.801419020 1.35966587 0.142041847 0.164217487
 452 0.701033354 4.26579341E-02 0.525151491 0.673527122
 453 0.191808403 0.102336437 0.370291591 1.05522513
 454 1.10666418 2.91546360E-02 0.345978826 1.45110047
 455 -1.31601739 0.588737011 -0.181849897 1.59569860
 456 0.238499105 0.707868516 2.05107474 8.49533081E-03
 457 0.158634439 0.471822768 0.247627527 1.66284883
 458 1.81500041 -0.322141647 -0.842933655 1.51212215
 459 -1.60346806 0.311570913 1.02682245 5.84408790E-02
 460 1.25785100 -0.457447797 0.402805626 -0.846263111
 461 0.962451160 -9.07938182E-02 0.168683574 0.995760202
 462 -0.736225605 0.622729003 1.45180750 1.92780924
 463 1.00171816 -1.51905966 -0.898399234 0.226579607
 464 0.314884305 -0.664218783 0.922036409 1.18808341
 465 -0.184399486 1.37019396 1.36277199 1.69496393
 466 -0.836831093 6.31640851E-02 1.33013093 -0.308921933
 467 -1.27381968 -0.371893346 0.136582106 -0.610297382
 468 0.427044481 0.104444146 6.28568828E-02 1.64420223
 469 0.151292324 0.877815306 0.254834056 -0.473499060
 470 -0.367349178 0.400870919 0.183154225 -1.59230828
 471 1.02039635 0.149730980 -0.105176553 -0.354696572
 472 -0.255531788 -0.581106544 -0.827306867 8.72158036E-02
 473 0.212814957 -2.11542535 0.858732760 1.27416766
 474 -0.528989971 0.471021175 2.19536662 -1.43117034
 475 0.366456151 0.932668984 0.648939252 -1.50555062
 476 2.76099443E-02 -0.519736588 -1.84634161 1.74597919
 477 0.345573425 -0.275285870 0.967138767 0.147663534
 478 -0.434715033 -2.60046721E-02 -0.314412594 -1.56375408
 479 1.11856353 -1.03284252 1.32560837 1.49699700
 480 1.69877136 0.368229806 -1.50382078 1.45813441
 481 -0.563096344 -0.504727721 0.275154173 6.63643628E-02
 482 0.867077351 0.169343457 0.197735757 -0.137680128
 483 0.890625775 0.690464854 -2.16811633 1.30699909
 484 1.23429465 1.15297890 7.30211586E-02 1.81489503
 485 0.972352147 6.01464063E-02 -1.24381137 1.26416886
 486 1.87610757 0.361645460 -2.18504381 1.68640423
 487 0.708901525 -0.652584791 -1.13112712 0.232575670
 488 -0.773011565 -1.02507710 -0.656527817 0.239081413
 489 2.16076636 -0.203872487 -0.504154682 1.60861242
 490 -0.482227296 -1.19968545 -0.715659261 -1.38623863E-02
 491 0.491765201 0.159202054 0.330958933 1.60799742
 492 -0.240145594 -1.84765005 0.300372422 -0.747484922
 493 0.221229941 2.37773210E-02 0.333453715 1.68012810
 494 0.487963617 -0.826695383 -1.05266035 -2.16377079E-02
 495 0.861622453 0.975032806 -0.535024166 1.88612676
 496 -0.320450753 -1.18383408 0.656992316 0.555974782
 497 0.675937653 -0.483812720 -0.196963310 1.13738954
 498 1.50776136 1.62679231 -1.29614198 1.88324368
 499 0.388626397 1.97726202 -1.15062726 1.37202382
 500 -0.646399856 -0.513452351 -0.683608174 1.41819501
 501 0.587813914 -0.439404219 0.575148284 0.284392834
 502 2.41059382E-02 0.639626026 -1.10092342 1.62142754
 503 1.00398934 -0.393305361 -1.06024945 1.45019615
 504 -0.108863041 1.76794827E-02 0.794713974 0.318264365
 505 1.96456265 -0.458028436 0.328764200 1.56385863
 506 0.235389203 0.218024641 2.52138451E-02 0.119901210
 507 -0.359353840 -1.09732950 0.270755202 1.29136813
 508 1.82330155 -0.128502160 -0.871042013 -3.24700922E-02
 509 0.680635035 1.67265451 0.908883750 1.78488982
 510 0.203203321 -0.689252496 -1.59459841 0.100938506
 511 -1.10816407 -0.185041979 -1.03585172 0.436487615
 512 -1.13332164 0.319140851 -0.339384854 -0.744711757
 513 -0.143138111 -1.46012175 -0.483756751 -1.41865396
 514 -1.17945027 -0.257602721 -0.717725396 -0.415728688
 515 -8.67535323E-02 -0.145140395 0.628465414 1.63825965
 516 -8.50613415E-03 0.974195123 -1.53640628 0.158372775
 517 -8.57692882E-02 -0.275535226 1.33220768 0.144348472
 518 -2.43046474 0.323146939 1.01122987 -0.299570501
 519 2.69517756 -0.409046799 6.49640560E-02 1.38067377
 520 0.126218453 0.296212912 1.28613150 -1.29448664
 521 -0.365413606 0.814407766 0.226479888 -1.06795442
 522 9.33745801E-02 1.12824368 0.425816536 1.72712481
 523 -0.510421038 -9.57071558E-02 0.409664363 0.837736309
 524 0.812268972 5.33757061E-02 0.169340789 0.438751608
 525 -0.825711012 -0.365816921 -0.305698514 0.466587842
 526 0.975606561 -1.01822186 -1.11373615 2.02385139
 527 0.269514084 1.15204656 -0.986964881 1.87848723
 528 -1.28473914 -1.56703740E-02 -0.656022370 0.341510355
 529 -0.365540177 1.07276213 -1.49291933 0.309172601
 530 8.28630477E-02 0.321150213 1.13948560 -0.247123390
 531 0.739493310 0.354660660 0.811047554 -4.41617593E-02
 532 -1.85263014 -1.33504830E-02 6.28562868E-02 5.92684746E-02
 533 0.276079983 -1.17219424 -0.407496333 0.156918883
 534 1.29757881 -1.21008527 -1.86168456 -1.03385043
 535 -0.265684515 0.797716975 0.121404365 -1.50408518
 536 -0.490779936 -0.624462545 1.43348730 -0.521801412
 537 0.720866323 1.78856194 1.13691914 0.334085792
 538 2.31893969 9.78170112E-02 2.01127696 1.49624181
 539 0.905781627 -0.660508215 -0.436741859 3.37255448E-02
 540 0.259055912 0.757012665 3.45843062E-02 -0.914136410
 541 0.295336783 -1.09336996 -0.220773771 1.81854343
 542 -0.237007245 -1.94816136 -0.799999774 1.78586936
 543 0.239438951 0.485839188 -0.771183252 -1.45417178
 544 -0.511370420 5.73115796E-02 0.353690147 1.73966742
 545 -1.24599993 -0.439365208 2.51264870E-02 -1.10198820
 546 0.262966454 0.236295223 0.505986333 0.179483712
 547 -3.29005420E-02 1.48100948 0.401840031 -1.25506437
 548 2.42483902 -1.08688951 -0.403946459 1.86377358
 549 0.231506154 -0.118484117 -0.494370610 1.35952401
 550 -1.49995565 3.46392095E-02 0.774913192 0.129703030
 551 -0.433494806 -1.46164167 0.172748864 -1.50651431
 552 3.84654999E-02 1.13539863 -0.774792373 0.239702970
 553 1.89409971 0.789824486 -0.587554395 0.119628087
 554 0.400409609 1.61790895 -1.11798680 -1.36126292
 555 -1.08962297 0.464723587 1.19005704 -0.821392655
 556 1.04189289 -1.20175683 0.678487718 -1.14223146
 557 0.669830620 -1.86708832 1.20976961 -1.30168366
 558 0.622097790 0.922513723 0.367099762 0.106711827
 559 0.844069600 -2.16368151 1.14088130 0.160600528
 560 0.449608535 1.04461169 -0.174911290 -1.27019978
 561 -0.675662756 -8.30927864E-02 1.02954185 -1.17854130
 562 4.03914750E-02 -1.46266234 -0.807099521 1.31760168
 563 0.601468623 -0.412170202 1.77574062 -1.40352046
 564 0.298331380 -0.131048441 -2.22875404 0.142317325
 565 -1.33772004 0.304775745 -0.401553005 -1.57211244
 566 2.06862235 0.692317605 -1.09805179 -1.71046555
 567 -1.31723714 0.875097692 0.765286207 -1.72640741
 568 -9.51200724E-03 -0.136982217 -8.97817314E-03 3.82599980E-02
 569 0.718768239 0.163049340 -1.38123870 1.66934407
 570 -0.477317154 0.687352180 0.364594847 0.337798566
 571 -0.832031369 -1.03200626 -0.190472841 -0.684450269
 572 0.823238015 0.914892435 0.770807862 0.537620902
 573 2.46302795 0.262476683 -0.719633341 -8.42086822E-02
 574 -0.698500574 -1.89156651 0.996763766 -1.16664815
 575 -1.24440432 0.959147573 -0.343403459 -1.18720317
 576 0.501645327 -1.04701257 -0.970683932 1.64814711
 577 6.02595434E-02 -0.624649882 -0.772892594 0.135335892
 578 -0.317352802 -3.15510780E-02 0.573542833 -1.00370419
 579 -0.335359842 1.41174400 1.44081283 -1.61436200
 580 -0.251428008 0.473713934 0.109945960 -1.32302594
 581 1.01702845 -1.65528059E-02 0.153166518 2.47105360E-02
 582 1.08710432 -1.26255214 -0.333978474 0.881512880
 583 -0.834709406 2.01882161E-02 1.04112065 -1.33068109
 584 1.18926311 1.31980658 1.04488277 0.107868373
 585 1.02052498 -1.25561583 0.779303789 0.281343758
 586 -0.176372483 0.758576810 1.26279676 -0.966019869
 587 -0.238353610 0.912887037 0.642168939 -1.18161535
 588 0.825201154 1.25754321 0.538083851 -1.47334766
 589 1.15918589 -0.787695289 0.170930862 0.222038299
 590 0.335080355 1.53501518E-02 -0.693012118 1.43086982
 591 0.448746711 0.114502758 0.735171139 1.56242442
 592 0.466037631 -1.08816218 0.455948204 1.22642291
 593 0.723967314 -1.80866003 1.69963014 -7.41227493E-02
 594 -0.113553002 -0.926551282 0.711993456 1.59625566
 595 0.329692751 0.430585653 8.52881745E-03 -0.697664618
 596 -0.367352843 1.96250975 0.570185244 -0.246899873
 597 1.92508662 -1.95490372 1.13023257 0.127797648
 598 -0.968401551 -0.562384725 1.10716891 -0.927583277
 599 0.186339080 -0.514878929 1.12002063 8.60622749E-02
 600 1.43357301 -0.103261888 0.360463619 -1.24992025
 601 8.30415785E-02 0.186014906 -0.284444332 -0.100559011
 602 1.64041638 -1.05266929 -0.847833395 1.38862312
 603 1.05871785 -0.789248526 -1.22908902 -0.524271190
 604 1.48854876 -1.56848085 0.515226901 0.119100176
 605 0.188582003 0.524682939 0.444791853 -0.434274912
 606 0.456277728 0.742900848 0.459754169 8.51651207E-02
 607 -0.219998896 -0.962296426 0.231686890 -1.37020481
 608 0.410510302 -0.234324515 -1.28435564 -0.997396052
 609 1.55250967 -8.21846426E-02 0.756794930 -1.18320918
 610 1.16688085 -0.838447452 0.611414790 0.313998997
 611 0.362888396 -0.537482083 -9.48632360E-02 -0.221165836
 612 0.983778477 0.814273119 -0.497010231 5.96540906E-02
 613 -1.06331789 -0.810721040 -1.04624152 -0.896152020
 614 -0.466369390 5.52047677E-02 -1.81238842 -0.436146766
 615 -1.58860445 -0.410441548 -0.271460593 -1.60323787
 616 3.21515226 0.229023516 0.183928818 1.56484044
 617 0.411743939 1.28973603 -0.163704693 -1.25652909
 618 6.93477243E-02 -0.469443053 0.728238761 0.248642653
 619 -0.484571040 0.710686564 0.116475970 -1.72170734
 620 0.273054183 0.225843981 -0.151495770 0.219758302
 621 1.22209299 0.332662344 -0.884178579 1.53829348
 622 -0.785786748 3.02654505E-02 0.196284264 1.78357911
 623 -0.135120362 -0.388435245 -0.135805726 9.40534174E-02
 624 -0.807733893 -0.323299170 -0.571346402 -0.135489061
 625 0.954123735 2.25545689E-02 -0.638987243 1.53818369
 626 -1.42428410 -0.131305858 0.186233655 -0.103452109
 627 0.259074479 5.37657812E-02 0.288030028 0.259898692
 628 0.668100715 1.17503572 -0.563102603 0.113079265
 629 -0.379193842 0.838604629 0.548357368 -1.05746698
 630 3.18649817 -0.125215992 0.403518379 0.336078644
 631 -0.161605254 0.140376732 0.685196757 7.49072134E-02
 632 -0.738278747 -6.56003058E-02 0.168041855 0.230781466
 633 -2.95414019 -0.452548563 -0.394615382 -2.20726281E-02
 634 -0.830475986 0.143757463 -1.01417756 -1.57617927
 635 1.50099695 -1.76292181 5.17280102E-02 -1.36502814
 636 0.158506989 -0.139838874 0.926237702 -8.08062181E-02
 637 -1.02923954 0.715047598 0.241626203 -2.05507517
 638 -0.255185902 0.760099769 -0.739758849 -1.65752268
 639 -1.66534126 0.917571068 0.331641823 -1.48971605
 640 -1.70582330 1.34906781 -0.308915019 -1.07772386
 641 0.687641442 0.516453981 1.99212253 -1.60683906
 642 -6.05313480E-02 4.04805839E-02 0.671873093 -1.26774824
 643 0.839237630 0.163362503 0.477743328 -1.72124803
 644 0.410229981 -0.390760452 0.290370166 0.413776994
 645 -1.66018963 0.365274221 0.580136955 0.170294970
 646 1.24931228 0.299162686 0.919665098 -1.06648362
 647 -0.155027330 0.193432987 1.19494867 -1.12430620
 648 1.02919877 -5.60028777E-02 0.561331868 -0.859829307
 649 -0.802144051 0.150595635 -1.46844864 0.352744818
 650 2.56387520 -0.455063730 -7.76340961E-02 2.16675699E-02
 651 -0.915070772 0.209181607 -0.414275229 -0.965318680
 652 -1.26487422 0.137907594 1.41156995 1.07435596
 653 -0.794693649 -1.11376286 -0.166761279 -0.118845180
 654 -0.959846377 0.973391473 0.295857996 -1.25809088E-02
 655 -0.223505691 2.41833401 -0.520906568 0.237361059
 656 0.680604458 1.08642197 -0.349296480 0.296900272
 657 0.172321633 1.00712252 -0.153060898 -1.24631381
 658 -0.758325934 2.52503490 1.28090131 0.230388492
 659 -0.838418245 2.20746112 0.135010839 -1.34557199
 660 -1.50077832 1.31246030 -0.443297148 0.204884470
 661 -0.669823587 0.245218039 -0.802719653 0.324850261
 662 -0.721461415 0.486518741 0.335225075 0.296743870
 663 1.01301217 -0.328601956 1.10080016 1.33515954
 664 6.96882010E-02 0.687373340 -0.712066829 -1.02853584
 665 -0.714721978 -1.33877349 -0.199531972 -1.19496608
 666 -0.215572387 4.84323055E-02 1.26861548 -1.05586410
 667 -1.35093498 -0.551535368 -0.171381131 0.108575061
 668 1.92368662 0.509665430 -9.67863277E-02 1.76616180
 669 -1.38169718 0.187268838 -0.949934721 0.216670737
 670 0.467777729 1.09450054 -0.652611256 0.515077114
 671 0.434231341 3.90682220E-02 -1.43936014 -1.03354681
 672 0.141422555 -0.146627575 -0.333814561 0.576284468
 673 0.164216146 0.113752715 -0.873858929 0.574825525
 674 -2.16491103 0.428485870 0.701360345 0.356427282
 675 -0.579877198 -7.84021616E-03 -5.98645434E-02 -1.17274606
 676 0.553834558 1.41115463 1.88547266 -1.05701184
 677 -1.11285317 0.667979419 -0.712603807 0.188935816
 678 2.37413573 -1.07313824 0.973788440 1.39238942
 679 4.56839725E-02 -0.808172166 1.81688368E-02 0.529046416
 680 0.405526906 -0.323650807 5.36911488E-02 0.278924018
 681 1.89441311 0.197072297 0.434629858 -1.58369625
 682 -1.81816900 1.54535496 0.863965154 1.17605042
 683 0.348301172 -2.85523087E-02 -0.407926321 -9.05878469E-02
 684 -1.06072879 1.73752475 -0.424664021 -1.20521998
 685 -0.689210296 0.762233436 0.197622627 5.33287227E-03
 686 0.891920090 0.203668892 0.371887833 -1.22600162
 687 0.131067216 0.192710400 -1.76880419 -0.184489757
 688 9.41296816E-02 1.85683048 0.783625126 -1.38747430
 689 0.421756744 0.211489320 -1.26825869E-02 -4.31155004E-02
 690 -0.735638618 0.112722278 0.582032561 -0.137453794
 691 -1.11275172 -1.21260095 -0.392140329 -1.69796515
 692 -0.580421865 0.444135666 1.05917335 0.189243570
 693 0.339075685 -0.391192496 -5.83061874E-02 1.04793048
 694 0.235430032 0.207257539 -0.373206258 -0.223688126
 695 1.22714913 -0.157388732 -2.32705140 -1.17160857
 696 0.595553458 -0.927042603 0.317606598 -0.175037190
 697 -0.494021475 0.942964792 1.26954877 -1.05786455
 698 -1.85167766 0.272239745 -1.84124959 -1.07779384
 699 7.38162547E-03 -0.593128264 -0.367583811 -0.123084560
 700 -1.55010343 0.498050302 0.323336512 -1.55065739
 701 0.927226186 -0.275896132 0.740955353 0.208505154
 702 1.18743217 -0.864615440 0.423910737 -0.175698757
 703 1.32806063 -1.35706580 -0.312193751 1.10627806
 704 -0.799156547 0.365008235 1.53515935E-02 -0.312137812
 705 -0.605610430 -0.155051038 0.537647367 0.348643571
 706 1.08871591 -0.439720094 0.699036300 1.27984548
 707 0.681850255 -0.564106762 1.14749634 -7.73914382E-02
 708 0.786727071 -1.16918832E-02 -0.213154495 -2.65209675E-02
 709 -0.403172076 0.967065454 -0.812698841 2.87024826E-02
 710 -0.885374546 1.30706167 -0.606381238 0.144335061
 711 0.530852199 -5.53574786E-03 0.554835200 -0.969196677
 712 0.619127572 7.90977180E-02 -0.326337487 -9.69717652E-02
 713 -0.799335599 -0.851223767 0.349480689 -1.52991927
 714 -0.437004328 8.51290077E-02 1.28513777 -1.82943964
 715 1.12408638 0.516877711 1.41117835 -1.80755462E-02
 716 2.42249131 0.409930408 -7.25119114E-02 -1.72530425
 717 -2.08098173 1.47831893 1.16475558 0.387115061
 718 1.47108483 2.55546093 -1.02517164 -6.76986277E-02
 719 -0.222847879 0.203454420 0.673712492 -1.56435394
 720 0.517759025 -1.24485016 0.100834735 -0.903511345
 721 0.311484933 -0.200285763 1.19953632 -0.121095508
 722 -0.290234774 1.09480143 0.776357174 1.37143373
 723 2.01234269 0.389865190 -0.730317235 1.19849622
 724 1.43688440 -0.629815519 -0.682297945 -0.170145914
 725 1.24489951 -0.473055780 1.12686872 1.58894694
 726 0.687646329 1.00707936 0.722099602 -1.58771837
 727 0.346292406 1.26937413 -1.38577616 1.75128424
 728 1.36890769 -1.28317046 0.577514172 4.07129228E-02
 729 -1.95308471 0.428038508 1.12929714 -1.29906726
 730 0.551401854 0.589338183 1.09571671 -1.60192978
 731 2.33022499 -0.556309402 -1.18121755 0.106368050
 732 1.12182772 0.889572382 -0.498430222 -7.80345052E-02
 733 0.248226359 0.482923150 0.133935377 0.132753611
 734 -1.47625995 -0.677400172 0.738547146 1.62842202
 735 -1.30857360 0.923638999 0.517268717 -0.284097075
 736 -0.642069876 -4.66175377E-03 1.32605958 1.62065566
 737 -0.876756907 0.128636837 0.265389264 -0.512493730
 738 0.103240803 0.662083209 2.03969264 -0.161389992
 739 -0.520866454 0.225279391 -0.304697096 0.160528511
 740 -0.780113041 0.402752697 0.133853167 0.105303310
 741 1.94152486 0.443472147 2.09534168 -1.33488345
 742 0.246705711 -0.241913244 1.02307940 0.240226626
 743 -1.32298815 2.29155946 -1.28655052 -0.160957724
 744 0.362088054 0.724772692 0.895136535 -1.22181666
 745 0.985156119 0.985531688 -2.75497437E-02 0.541810274
 746 0.428561091 -7.08445609E-02 0.363012642 0.135707945
 747 0.703299940 0.436425984 0.595417619 -1.63233168E-02
 748 -0.661933541 0.599913120 0.746638477 0.585196555
 749 -0.726401806 0.376589686 1.06240821 -1.52632093
 750 -0.606214643 -0.127150744 6.09462559E-02 -0.180857122
 751 -0.379094034 -0.405059993 -0.626068115 1.04542351
 752 5.59214950E-02 -0.280323654 -0.158092856 0.323503494
 753 -5.79256415E-02 0.776984274 0.631814599 0.194888517
 754 1.94334674 -0.967561603 0.144680098 0.196730494
 755 1.66840899 0.205878198 1.27572060 -1.35822046
 756 0.369319379 -0.942842722 0.963930190 -1.63905978
 757 0.505673170 0.329622716 -1.55007219 -1.38781607
 758 -0.376642585 0.788453937 1.09150743 8.98829028E-02
 759 -0.427757233 -0.762213171 -0.355808944 -1.47724342
 760 0.524495721 1.12402391 0.197272003 -0.676878333
 761 -0.396256506 1.06651318 -1.93439662 -1.27354813
 762 -0.454579145 -0.869315267 -9.07861590E-02 1.44583797
 763 -0.267310232 -0.386741042 0.342186362 -1.42486084
 764 0.459742785 1.48372924 -0.875186622 -1.25275862
 765 0.275576621 1.54003060 -0.690049767 -1.20646834
 766 -1.65316987 0.570600152 1.28855217 -4.21392024E-02
 767 -0.964943647 -8.47807527E-02 -0.965291560 0.597731531
 768 -1.39779830 -2.10493493 1.55229390 -0.168475419
 769 2.07316065 -0.403210223 0.793815792 -2.44047381E-02
 770 -0.683446765 -2.12425888E-02 -0.891272306 1.67515993
 771 -0.550583422 -0.225228697 -0.328622282 -1.61814427
 772 0.605467916 0.615076065 0.533479929 0.140549690
 773 -1.60636508 -0.999608636 -9.67035741E-02 6.60146028E-02
 774 -1.16315293 2.05164576 1.03109860 0.238575697
 775 -0.253148347 0.700494468 0.438725501 0.253654212
 776 -0.378724933 0.987718105 0.272639632 0.216965944
 777 0.361626208 0.458100349 -0.132807851 0.970112681
 778 1.19569778 -0.937634587 0.125226915 -1.14196002
 779 1.46196556 -1.55482329E-02 8.77548158E-02 -0.932363272
 780 0.504713714 0.822795689 0.656369746 -0.301331818
 781 0.174742699 -9.00005251E-02 0.442707181 -1.45527577
 782 0.346145153 0.785585105 -0.579912901 -3.11505720E-02
 783 -0.881813943 0.386237919 0.582018197 -0.190499559
 784 -0.174650922 0.806275725 1.32056922E-02 -1.80769444
 785 -1.17641294 -0.132797360 0.561268091 -1.07655358
 786 -0.217544556 -0.374310106 -0.708214700 0.235540748
 787 -1.25605607 -0.164639905 -0.776954949 0.120308980
 788 -4.57662642E-02 -2.44373012 -0.659642935 -0.232884809
 789 -2.52950859 1.45302975 0.374751449 1.57992136
 790 5.56847155E-02 0.565703094 2.04426336 -0.677872121
 791 1.61647320 -0.548354089 0.654903114 1.99116576
 792 -0.776492536 -1.03102267 -0.686491847 -0.354944110
 793 0.240316927 -0.588268876 0.852164388 -3.17905173E-02
 794 -2.08030558 -0.154992059 0.262730300 -0.355644166
 795 0.638748825 0.619439960 0.668728232 -9.21026543E-02
 796 -1.18215656 -0.440562636 -0.291397780 0.326698303
 797 1.33949566 -1.29293966 -0.572347641 0.118995272
 798 -0.993726134 1.41790760 0.835101724 0.116039596
 799 1.74319506 -0.870471835 0.109696209 -0.898940563
 800 -1.85276461 0.614431739 -0.835745215 0.360101998
 801 0.159050107 0.506921947 -0.295126081 -1.11309004
 802 0.551863253 -0.441875696 -0.488224208 -0.140713125
 803 -0.668680549 0.544548512 0.928152502 0.888397574
 804 0.369145513 0.869878709 1.54517144E-02 -0.344310045
 805 0.744261146 1.57462573 0.449124336 0.385924935
 806 -1.35463810 -1.21566021 0.978565574 0.300823927
 807 0.214653134 -0.789212525 0.926722527 -1.55381823
 808 -1.79315639 -0.192760199 0.461910605 -0.655513167
 809 1.09780264 -1.00184369 -0.885691524 0.190761194
 810 6.35360330E-02 0.171133712 -6.84459582E-02 0.180954024
 811 0.206101358 -1.21063495 -0.508857846 -2.89474130E-02
 812 -0.418220907 0.116795704 0.716632247 8.54717195E-03
 813 0.372793555 0.500768304 0.148831934 0.159968719
 814 8.08565319E-03 -0.348408818 1.40815043 -1.33776617
 815 0.640874326 -0.805546999 3.35592851E-02 1.29090810
 816 0.207997739 0.801485896 0.689953923 0.171033069
 817 -0.483018965 -0.169786349 4.51149344E-02 -6.60119504E-02
 818 -6.99229687E-02 -0.862366974 -1.11402130 -0.313515306
 819 1.55931246 -0.414002240 -0.572332978 -9.42568332E-02
 820 -1.08616722 0.822798491 3.84703875E-02 0.309399515
 821 -1.30128896 0.510023952 0.978734255 -1.36668956
 822 0.178581402 0.213258028 0.171377078 -0.962788343
 823 -1.30621755 -0.473026574 0.640143156 -1.09353507
 824 1.73005807 0.782453895 -1.19340158 1.44263601
 825 1.39351726 -0.890506387 -0.305408716 0.120269567
 826 1.39063215 -1.20308101 2.00635386 0.213038072
 827 0.925073981 0.581853390 -1.15014243 0.151840240
 828 -0.818933666 0.227408573 -5.46678156E-02 -1.02381992
 829 0.251700103 1.63977706 -1.64432001 1.24109054
 830 6.25471473E-02 0.648009062 -0.610704780 1.04601097
 831 -0.281156361 0.749937832 0.891699016 0.266977936
 832 -1.20111263 1.02969146 -0.553946078 1.46694732
 833 -1.66450071 0.965366423 -1.27986658 -4.21024226E-02
 834 -1.02498424 0.259419799 1.98902600E-02 1.09844363
 835 -0.439465731 1.41103983 -0.789082110 -3.09792198E-02
 836 0.271935374 0.713233292 -0.360762924 1.03909373
 837 7.36479163E-02 -0.521837115 -0.184294388 0.253412634
 838 2.61531711 -2.16365981 -0.313374221 1.67637002
 839 0.326768637 1.66704357E-02 -0.607541919 1.72956437E-02
 840 -5.17305732E-03 0.151922554 -1.37976134 1.18615496
 841 4.41220105E-02 0.771809280 0.473439038 -1.24723208
 842 0.541115403 1.29385471 1.03510141 -0.157873631
 843 1.70073926 -1.76154292 -0.343373179 -1.54573500
 844 7.49870762E-02 0.379017085 -0.331369609 1.70578527
 845 0.220436424 0.796526790 0.899937749 0.210016623
 846 -0.530429125 -0.372143835 0.424930543 -1.05002797
 847 -0.145440802 0.850531101 0.394662559 -1.16767144
 848 -0.725738943 -1.02556907E-02 0.255606681 -0.209857509
 849 -1.18766046 0.615032375 -3.67186889E-02 -0.268081933
 850 2.16709948 0.763602018 -0.242998540 -0.217565969
 851 1.04602003 0.969179869 0.345528811 -6.66634962E-02
 852 -0.479743421 -0.657084465 -0.322227597 -1.41749942
 853 -2.26868463 -0.813203454 0.882410824 0.121178277
 854 -0.122707352 0.689167023 1.27759862 -1.55845380
 855 -1.45067656 0.809492171 0.177929670 -1.19207966
 856 7.81044215E-02 -0.166117311 -0.378941238 -1.43794715
 857 -0.841630220 -0.536599338 -0.602177799 -0.141743824
 858 -0.418517232 1.73470271 2.72342896 -1.69156146
 859 0.715701461 1.07582700 0.497997195 -1.19464743
 860 -1.38865495 -0.162285969 0.650537789 -1.58036160
 861 -0.258338094 -0.230298474 2.28152013 9.65130702E-02
 862 1.45790827 4.92614955E-02 -1.48021030 -1.50195289
 863 0.648384690 1.13593805 6.36367649E-02 0.415769130
 864 1.55443323 0.844417870 4.26636636E-02 -1.14640880
 865 0.878679514 1.03108966 0.168709219 -0.174873620
 866 0.696587801 0.553953886 0.261257052 0.894228518
 867 1.02104187 0.273288429 1.64137912 -8.79455060E-02
 868 1.20943236 -0.561106145 -0.176840007 -0.328123599
 869 -9.39376280E-02 -0.602504432 1.55730927 -0.146610871
 870 4.34620902E-02 1.30665684 -5.42152226E-02 -1.38371432
 871 -0.203115478 0.453685462 -0.841222763 -1.05362225
 872 -6.41951561E-02 3.69578749E-02 0.410839409 6.84771612E-02
 873 -0.483185887 1.74794638 0.680421233 0.188387841
 874 1.26334512 0.144329354 1.04165268 -1.39844024
 875 1.12595069 0.195282638 1.07712281 -0.940852344
 876 0.286541641 1.63106537 0.607801199 -1.31934035
 877 0.781179488 1.88015914 0.262434125 1.45953596
 878 -1.24871695 0.828338861 1.26866591 0.518516958
 879 2.21688199 1.22823083 -0.123656675 -1.52585530
 880 -1.02428114 0.743040681 0.831983805 -0.967494965
 881 0.185540199 -1.40378857 1.66574907 -1.18178713
 882 1.11697114 0.194813669 -9.80805457E-02 -1.13974559
 883 0.628000140 0.101430222 -0.350287974 -1.45213509
 884 -8.36254060E-02 1.86585641 -9.47910994E-02 -1.18805277
 885 1.94916949E-02 0.486883581 -0.969998538 5.85802794E-02
 886 0.656703949 0.734488428 1.00633466 0.412107199
 887 0.748418987 2.20145941 -0.303736269 -1.57163322
 888 0.620385230 -0.679770589 0.450285554 1.53103876
 889 0.121492550 -0.310189754 -1.28488004 0.123353094
 890 -0.644085646 0.588625073 -3.42687964E-03 2.99815238E-02
 891 -0.160303190 1.08647272E-02 -0.528442860 -0.831447184
 892 -4.34897840E-02 1.40684831 -1.10719049 0.197879463
 893 1.62427664 -0.601844132 4.32260893E-02 1.33885944
 894 1.09679830 0.904255986 -0.741705596 0.611526847
 895 1.40747035 -0.522235811 8.79919529E-03 -0.892166734
 896 -1.01259017 0.755069315 -5.19383922E-02 0.378203720
 897 -0.825551391 1.78808379 -0.258446246 -1.00979304
 898 1.16096103 -8.51499811E-02 1.07207930 -1.64842296
 899 0.394254923 0.487304449 0.532176018 -1.91070330
 900 2.45802259 -2.33872914 1.02228022 0.202357262
 901 -1.50056350 0.711628914 0.886599123 -0.867817640
 902 0.108070761 -0.979734123 -0.354806006 -1.75514531
 903 -0.225113302 2.10687828 1.20131063 -1.57985711
 904 -0.696058273 -0.725474715 0.930922866 -1.01561570
 905 -0.865147352 1.69128489 -0.697248995 -0.922395706
 906 -0.364577621 0.161321774 -0.245359078 -1.43700159
 907 1.03381169 -0.265296429 1.04285455 -1.60458469
 908 0.637445271 -0.759453952 0.815561116 -1.69754720
 909 0.131218657 -0.202245131 0.539035976 -1.64604199
 910 0.437671363 -1.08953369 0.418657124 -1.15633309
 911 1.88182700 3.82820666E-02 1.06299210 -1.09469342
 912 -2.63698483 0.773459911 -0.245754436 -4.90315333E-02
 913 1.38280892 -6.99938983E-02 -3.89547721E-02 0.957062483
 914 1.44219327 0.652884722 -2.57224739E-02 -1.67795622
 915 -0.933417797 0.210601926 0.421297789 -0.147335172
 916 0.869546175 0.334360212 -0.281919003 0.242025539
 917 -1.24200320 -0.565243006 3.76878753E-02 0.329328686
 918 0.270847768 0.548268497 0.859775662 -0.253233731
 919 0.211648330 0.252185434 0.139704689 -4.08599302E-02
 920 -0.497562587 1.25479019 1.29286838 -0.963602185
 921 1.03374386 0.919728100 0.882080913 0.695063770
 922 -0.471880615 0.606561601 0.259628415 -1.29667473
 923 1.45929003 1.00017667 1.07881641 0.433390856
 924 -0.713404953 1.55685854 1.30001831 3.70772779E-02
 925 -0.173213720 -1.44555664 -0.556723773 0.321566463
 926 0.158439219 -0.258114129 1.29309082 -1.43576443
 927 0.631649733 0.906765044 0.779033542 -1.17714715
 928 -0.103410050 1.59686208 0.717007399 1.67740893
 929 0.263635933 0.644671559 0.556976736 0.809435606
 930 1.33581209 -1.04566014 0.768577814 -1.43133771
 931 -0.278930366 -6.59037381E-03 -2.21851301 -0.167170286
 932 0.762324095 0.715095639 1.00258994 -0.130869299
 933 5.30773327E-02 0.204721421 4.62170541E-02 1.62051392
 934 -0.808994412 1.24363959 0.894042909 -1.28786755
 935 -0.889641404 -0.768176794 -5.65856583E-02 0.366017222
 936 -7.42477551E-02 0.764130771 -6.47779703E-02 1.95275390
 937 1.77150261 6.52145818E-02 0.348916262 0.449443519
 938 1.29124558 0.315800518 -1.38463140 0.977769017
 939 1.61228764 -1.18134367 -1.91259384E-03 0.145387024
 940 1.57063985 0.842045188 0.413304269 1.68001533
 941 -2.00979972 0.870666981 0.685203433 -1.65415406E-02
 942 0.186137408 0.584724367 -0.117504001 -1.00169730
 943 0.870514393 0.973333836 3.20503116E-02 9.08745602E-02
 944 -0.576156139 1.40660584 0.387021422 -0.899824202
 945 0.329819590 -1.45143628 0.820449531 0.214337021
 946 -0.178586587 1.62891984 -0.559797943 -1.17436123
 947 -0.814302266 -0.404606462 3.83552611E-02 -1.91336656
 948 0.349966407 -7.33835399E-02 -0.939549625 -1.27429545
 949 1.67623067 -1.23247862 0.745300114 -1.37059927
 950 1.50891793 -0.423666388 0.448823035 0.415172696
 951 0.243038431 0.384468257 1.05963957 0.230555311
 952 -0.460522115 -1.11524296 -1.38848573E-02 -1.27039945
 953 0.574286759 -0.695725560 0.730618238 -0.206240281
 954 -1.25479996 2.49059606 0.904654801 -1.16374326
 955 0.513351679 -0.375260055 0.253697574 -1.31893611
 956 -0.773874521 0.273379743 1.51641536 -1.85347486
 957 1.06538892 -0.363893390 1.20415843 0.584324658
 958 -2.16887379 0.544149280 -1.44844198 -1.04380238
 959 -0.759185314 -0.992405474 -0.882111549 -0.175170034
 960 1.19942451 -1.41508555 -7.54774362E-02 1.47360337
 961 -1.02328777 0.382508993 -0.874886632 -9.68651474E-03
 962 -1.00054407 -0.823930085 1.04961145 -9.58429277E-03
 963 -1.44774914 0.499862373 0.856846035 0.161974758
 964 0.473396003 2.27522540 0.956802011 -1.15372932
 965 0.241526037 -0.772562146 0.252774626 0.253619224
 966 -0.178901061 -0.180720419 0.931011677 -1.39555085
 967 0.388090551 -0.955205202 -0.198706210 -0.111918971
 968 -0.204394013 4.01284918E-02 0.875590444 1.65299106
 969 0.194205910 0.760803044 0.682472229 -1.41750789
 970 0.357763052 0.569997549 -0.371182591 -1.26434267
 971 0.267209232 0.308021009 -0.707392573 0.153660625
 972 -1.01652157 1.28977013 0.827786863 0.367564410
 973 0.673533082 -0.133846045 0.996393919 -0.894030571
 974 0.595261633 -0.166380331 -0.296368659 -3.67980115E-02
 975 0.875225484 -0.397405982 -0.138484597 -0.997892857
 976 -8.90059322E-02 3.25780892 1.34825456 -1.33589959
 977 -1.84991550 -0.193394721 0.960895061 -1.17574584
 978 0.390342504 0.480506241 -0.161970288 -0.158529535
 979 -1.70384300 -0.130361378 -0.484321892 -1.30161798
 980 2.35206708E-02 -0.247076988 1.15620804 -0.914530814
 981 1.28044859E-02 0.212937757 -0.607046127 0.582181871
 982 1.21295965 1.25911248 -0.235534564 0.456628919
 983 -0.997536540 1.51261997 0.764252603 0.108170442
 984 1.48218536 -0.560627520 -1.57492578 1.57223642
 985 0.948796213 0.118191823 0.685179889 1.69484770
 986 0.735851288 -0.513845623 0.627076149 -1.01381743
 987 0.964613438 -0.499830127 0.251902550 -1.53490865
 988 -0.714065194 -1.00303900 0.184140518 2.50431150E-02
 989 1.11314631 0.478355229 -0.663478971 -1.26538122
 990 0.213326797 0.839259565 1.44926620 0.165003166
 991 0.556471825 0.726485372 -0.162519902 1.62105966
 992 -1.21617198 0.176893756 0.530515432 -1.23377168
 993 -0.580389380 -1.04929721 0.190304190 -2.39036344E-02
 994 -2.53291512 0.268549979 4.34503257E-02 -1.16017616
 995 -6.87087476E-02 -0.172563642 1.45290434 -3.45807113E-02
 996 0.590092957 -0.259625286 0.725800872 -0.247272402
 997 -0.162487298 0.556042135 -0.682511985 0.945765078
 998 0.322981119 1.38363218 2.33466178E-02 -1.07999647
 999 -0.747091234 0.390898705 -0.692625821 0.415193707
 1000 -0.772595644 0.848567724 0.334256142 -1.14728343
 1001 -7.09071904E-02 0.129598260 -0.637847781 -4.77252826E-02
 1002 0.596921861 1.57531106 0.639115691 0.100765109
 1003 -0.368528426 2.01401854 0.384264827 0.424803317
 1004 1.13799095 1.07661974 -0.522684038 -0.195719153
 1005 -3.38828266E-02 -0.676239550 0.479038179 1.57957447
 1006 -0.323744744 -1.29483342 0.142884403 -1.35273337
 1007 -1.27399516 0.418701440 -0.324876100 0.135671034
 1008 0.823709249 -0.522495270 0.243052274 -1.45707512
 1009 1.12606061 -0.690230727 -1.01298273 0.279345512
 1010 0.327517748 1.36351466 0.372636497 0.316467971
 1011 0.520625532 0.603412926 -0.128399476 -1.63129890
 1012 -0.309439361 -1.07383084 1.24199224 0.475269735
 1013 -1.07459211 1.15462458 1.10959184 -0.870806217
 1014 0.929693699 1.04864621 1.17887986 -0.969214261
 1015 -0.659609497 0.186856881 1.27756810 1.43784404
 1016 0.543146133 1.29037964 -0.156020999 -1.81145036
 1017 -0.628652275 -0.850536287 3.84709015E-02 1.63455486
 1018 -1.05548382 -0.796834767 -0.544877291 -1.54176807
 1019 2.49526834 1.40237248 -0.133486688 0.230601698
 1020 0.103784367 -0.586620212 -1.17206049 -1.38232064
 1021 0.207459733 1.31130254 -0.224050313 -1.62237096
 1022 -0.619184494 1.83137178 0.999729335 -1.32562137
 1023 2.08636642 0.272685796 -2.48215508 -0.942892313
 1024 0.210730493 0.481035024 -0.336166441 0.204037100
 1025 -0.371084154 1.21557379 -0.764111340 0.555842638
 1026 -0.145979479 0.284608066 -0.721982181 0.430231273
 1027 0.554672897 -2.21776652 -1.04595399 3.64261866E-02
 1028 0.606900871 -5.42215556E-02 1.43676054 -0.349110901
 1029 1.78128529 -0.262644261 0.169875860 0.252594829
 1030 -0.757255554 0.330675751 0.237858802 -1.64380217
 1031 1.16998851 0.658973336 -0.682477295 -0.274298847
 1032 -5.19505441E-02 0.555568635 -0.851628006 -1.37048090
 1033 0.223616198 0.192738175 -6.12306371E-02 0.215505511
 1034 -1.13783348 -0.199565649 -2.63816166 -7.39927739E-02
 1035 -0.296825528 -0.252388716 1.19164360 -7.59720206E-02
 1036 -1.46117759 -1.79633737 -0.750842452 1.81508027E-02
 1037 -1.35669148 -2.18420458 -1.06148386 0.138330758
 1038 -1.34181869 -2.00864220 -1.74873745 -2.01685715
 1039 -0.249817401 -1.91653442 -0.120103508 9.69538987E-02
 1040 0.383751810 -1.79028428 -1.48956704 8.36505964E-02
 1041 -0.764680505 -0.943084121 0.419721067 1.69668174
 1042 -4.03550155E-02 -1.64116251 -1.26838088 0.205573216
 1043 -2.53518653 -1.13576818 -2.20698047 -1.64348233
 1044 0.899916768 -0.949943185 -3.60017037 0.418172419
 1045 0.161225840 -0.967009127 -3.07649684 -1.51195574
 1046 -0.470457733 -2.20519876 -2.05614638 1.68041956
 1047 -0.929799378 -1.15044630 -1.55407488 1.45388687
 1048 0.468903542 -1.60915577 -1.83387554 0.342153251
 1049 -0.395169735 -0.824926853 -1.72686601 -3.14182676E-02
 1050 -0.426099062 -1.63657045 -1.52079797 0.717180729
 1051 0.162944689 -2.46598315 -1.77044570 1.42867529
 1052 -0.449144185 -2.36692572 -2.59087586 -1.31189990
 1053 0.329647779 -0.514211953 -2.24357367 -6.29863441E-02
 1054 9.47483778E-02 -0.257203281 -0.660126448 -0.253825843
 1055 0.374429941 -4.03381735E-02 -1.38610017 1.43485713
 1056 -0.425957441 -1.96655083 -2.00846553 0.591764152
 1057 -6.05552271E-02 -1.80931818 -3.48751616 0.133776233
 1058 1.24013162 -2.61706924 -0.972127438 -0.898073494
 1059 -1.98672247 -0.984962702 -0.931483448 0.334097326
 1060 -0.358035982 0.211800575 1.52848041 1.46746242
 1061 -0.181694120 -1.38493598 -1.28976798 -7.23448843E-02
 1062 -0.830069661 -2.19766092 -4.46502256 -1.27168310
 1063 0.773115516 -2.00139523 -0.329528153 -1.03242779
 1064 1.07213926 -1.19594109 -0.759345889 5.45426905E-02
 1065 0.774965286 -0.590596914 0.600583434 1.31050873
 1066 1.05937123 -0.916289628 -2.44793940 -1.34249306
 1067 -0.236911505 -0.583078921 -0.248695940 1.64500844
 1068 1.25455797 -1.03498745 -1.39164615 3.45730931E-02
 1069 0.119264252 -0.769868255 -1.25721133 -1.27157450
 1070 0.427165657 -1.31422424 9.43023562E-02 0.166165382
 1071 -0.349815428 -1.50298941 -0.913540125 -1.41773260
 1072 1.86576116 -1.25435674 9.50224400E-02 0.687379658
 1073 -1.42751491 -1.86934781 0.374990225 2.04095030
 1074 1.46429825 0.202992469 -0.455037981 0.512696564
 1075 -2.71827149 -2.88402581 -2.59280252 0.329946816
 1076 0.557374418 8.66331458E-02 -2.18850398 0.112941138
 1077 -0.180509090 -1.06146049 -2.43827701 1.50362289
 1078 -0.100669958 -1.36969078 -1.84118044 -1.19363558
 1079 0.166207656 -1.31717110 -1.42659414 0.381806374
 1080 0.294863313 -2.72145438 -1.91097343 -1.60611928
 1081 -0.865860701 -2.20377636 -2.57759857 0.227665722
 1082 -0.999085546 -1.63433194 -2.04846239 1.11929381
 1083 0.298117191 -1.57606363 -1.94771242 -0.847852588
 1084 6.82366192E-02 -1.85770488 -1.63597655 -1.36747324
 1085 -0.757430136 -2.38254309 -2.82360816 0.252544075
 1086 -2.02369142 -3.35457373 -3.13909817 1.17955780
 1087 -2.96899378E-02 -1.43948328 -2.95488667 -0.641125143
 1088 -0.936268508 -0.271542251 -3.19952106 7.90862739E-02
 1089 1.44647312 -2.02786875 -2.22525930 0.209473312
 1090 -1.21673012 -3.28137469 -1.17209578 1.54594398
 1091 -0.737487197 -1.76297152 -2.42981267 -1.28681386
 1092 -1.01611066 -2.22831035 -1.20478570 0.282843858
 1093 0.187748969 -0.893578827 -2.35326815 -0.902879953
 1094 -9.03965011E-02 -2.66157317 -1.10165322 -0.231398702
 1095 -1.16376543 -1.16992927 -1.44137609 -2.43734457E-02
 1096 -0.518438578 -2.74834800 -1.29735529 -1.39932644
 1097 -0.922195375 -3.85584569 -1.76848125 0.370805144
 1098 -0.154238507 -1.43762100 -1.13524127 -0.902815759
 1099 -0.549741745 -0.964580238 -2.45381618 4.33991253E-02
 1100 -0.361612350 -0.596909821 -9.20500010E-02 1.62298858
 1101 1.55349392E-02 -2.08271790 0.147952393 1.34568441
 1102 -0.733279943 -1.43664920 -2.32960939 -0.279460698
 1103 -2.16166496 -2.33410072 -2.91248488 -1.22971642
 1104 -0.309353292 -0.930175900 -1.29868054 0.473546445
 1105 -6.61880970E-02 -1.12593627 -0.865983963 1.81359446
 1106 -0.167362630 -1.88510084 -1.72783470 0.392999828
 1107 -1.92026663 -2.84435225 -0.861157715 7.10199252E-02
 1108 -0.927000701 -1.31072831 -8.26059952E-02 1.36108828
 1109 -0.335510731 -2.18256354 -0.792144418 -1.26106715
 1110 -1.29320788 0.241989061 -0.571135640 1.76993656
 1111 -1.49396920 -1.23589015 -0.178378552 0.546838582
 1112 0.142922342 -1.19953334 -0.102127962 0.339637846
 1113 -1.86053205 -2.98519516 -1.85479951 1.62075543
 1114 -1.54789221 -2.38580394 -1.79109740 1.47320902
 1115 0.472033292 -2.68912911 -1.94444525 -0.804408073
 1116 -0.276910603 -2.72540784 -1.47197998 -1.51852727
 1117 -0.708137393 -9.19596404E-02 -1.49387169 1.59149849
 1118 0.296742767 -3.01043868 -1.05716813 -1.05561054
 1119 0.688517869 -1.55660522 -3.91860008 8.13188553E-02
 1120 -1.28694868 -2.33757663 -1.26890695 5.06301858E-02
 1121 0.892584562 -1.81365871 -2.55453253 1.44096470
 1122 -1.32329142 -2.06447077 -9.91263092E-02 -1.58949113
 1123 -0.971397996 -2.37654424 -2.46719098 -1.21225369
 1124 -0.346458107 -2.26431561 -1.71035624 -1.21631038
 1125 -0.107615694 -0.845904529 -1.31613362 -1.01099026
 1126 0.166045085 -1.87598646 -1.62975156 0.260251999
 1127 -0.101750329 -1.56808639 -0.336466610 0.375444204
 1128 1.28809738 -2.94582033 -1.51512313 -8.73498172E-02
 1129 0.115640938 -1.16939592 -2.13827133 -1.24593556
 1130 -0.542927444 8.67763162E-03 -2.53363752 3.73455584E-02
 1131 -1.27475965 -0.701835155 -0.996389627 -1.18196487
 1132 -1.42411923 -1.09368157 -3.09727907 -1.13822472
 1133 -1.94989192 -2.12633181 -1.69906044 -5.15523814E-02
 1134 -1.35084927 -0.543774903 -0.959686577 -0.189629897
 1135 -0.652965486 -1.33953619 -1.59590149 -0.186502874
 1136 -1.01392496 -2.31672430 -1.26761699 6.91618621E-02
 1137 1.44237924 0.210514322 -0.131774649 -1.11364889
 1138 -0.747315288 -2.33679628 -2.55475593 -1.22828043
 1139 2.36873794 0.789147735 -0.449539751 1.65634191
 1140 -0.749083757 1.26607645 -1.55040288 1.77138984
 1141 -0.392477512 0.689028859 -1.38688338 -1.38743353
 1142 -1.14398646 2.00149417E-03 -1.28172815 -1.73513591E-03
 1143 -0.540644765 0.986737907 0.891413569 -7.82753080E-02
 1144 0.557861686 -0.430136055 -0.468044877 1.52017391
 1145 1.29059410 -1.07860184 1.13256240 1.30783141
 1146 2.64554471E-03 2.21180463 -0.445864767 0.521816432
 1147 0.560926378 0.672535956 9.33994800E-02 1.23626220
 1148 -3.99365015E-02 0.102299049 0.890687466 0.123849869
 1149 0.321788907 -0.681886613 1.49541080 0.320687652
 1150 -0.924315333 -0.386427760 -0.520966053 -0.942171931
 1151 0.152401894 3.20597589E-02 -0.415345728 0.371626914
 1152 0.716986179 2.88013053 0.131345153 -1.75997651
 1153 -1.68411779 0.917184412 0.265714347 0.250305384
 1154 0.317422330 1.11640418 -1.12417817 1.65214026
 1155 1.27352262 -0.407534122 0.465670228 0.346877843
 1156 2.42017210E-03 0.956666768 -1.17928004 1.59912431
 1157 0.336504698 0.512448430 -0.506443143 5.50191104E-02
 1158 1.51179433 -0.667514205 -6.92097470E-02 0.130011082
 1159 0.219036043 0.230818287 -0.541150928 0.289722741
 1160 4.51540351E-02 -1.27752984 -1.12634230 0.137044966
 1161 0.997000337 1.63910592 -1.00080872 -0.380519807
 1162 0.841290355 0.608563185 -0.179763556 3.04052532E-02
 1163 -1.95173717 -0.997454047 -0.230735093 -1.05966115
 1164 -0.646352291 0.665364265 0.306818902 0.187549770
 1165 0.353770614 -0.706937075 1.00481772 1.33116400
 1166 -0.272429794 1.83745706 0.816818774 0.414102107
 1167 0.921147287 1.09295452 0.746098518 1.81269860
 1168 0.672465503 -1.06836271 -2.03180289 0.214995891
 1169 -1.15942806E-02 -0.436243892 0.262115955 -2.19590478E-02
 1170 1.03888965 0.407173812 -1.02854586 -1.05093431
 1171 1.63881719 -0.885878444 1.18589365 1.36934412
 1172 -0.450948715 0.178237885 0.368295610 1.35117614
 1173 -1.85614750E-02 -0.223103046 -1.24667597 -1.05669236
 1174 0.231887192 0.280463338 -1.11469769 2.47415900E-03
 1175 0.314249158 -0.741389394 -2.65355110E-02 -1.20485163
 1176 -0.859411418 1.23819160 -1.04518318 -1.25689018
 1177 0.492514074 0.368583411 -0.180846363 -0.137821242
 1178 -8.62249136E-02 0.617858112 -1.92598414 1.52254403
 1179 -1.33072865 0.144888952 -1.64663625 -5.90295047E-02
 1180 -0.530356884 1.78491592 0.365413547 0.113719545
 1181 0.273313701 -0.858655810 -0.428773075 0.239969879
 1182 -0.155070439 1.39824867 -0.851000845 1.87796640
 1183 -0.653121173 0.543405116 0.684206903 0.222687572
 1184 -1.77422762 0.407878995 -2.51674461 -1.71627426
 1185 -0.466470957 0.138705030 0.438433379 0.365518302
 1186 1.68829548 -0.941077709 -0.898268163 -1.30337667
 1187 0.325170666 -8.70841891E-02 -2.28836799 1.56888056
 1188 -0.138030902 1.16831851 -1.72190714 1.34379816
 1189 7.62244239E-02 0.103715986 -0.838069558 -1.25401175
 1190 0.926316381 -1.48565245 -1.23410082 -0.931955576
 1191 0.947763085 1.19492114 1.65608859 -0.928251207
 1192 0.146867901 -0.766417861 -0.411700726 0.225288928
 1193 0.210698068 1.22969437 0.386336595 1.89846992
 1194 0.446417511 1.04171610 1.43142033 -0.298382342
 1195 7.50134513E-02 1.62026322 -0.529202580 0.290521652
 1196 0.744668782 1.75525141 -1.60942614 0.645202816
 1197 0.327458560 0.488277733 -0.985828638 1.65745819
 1198 -0.744379818 0.243851364 -0.407660544 -0.160827979
 1199 1.04336011 -1.16758049 -0.969029844 0.247130036
 1200 0.135117680 1.04761505 -0.164695501 -1.38129151
 1201 -1.54857063 1.13261712 -0.780239701 -1.15622878
 1202 -7.47409463E-03 1.65417528 -0.151571035 -0.690966606
 1203 -1.84334719 0.605692387 -0.677736282 -2.25462951E-02
 1204 0.909928739 4.91974205E-02 -0.623422742 1.28268170
 1205 -0.290761679 0.260723025 0.396203458 -1.05832505
 1206 1.49404764 0.890986085 0.634120047 0.324226946
 1207 0.905144274 1.71292639 0.801434457 1.58938277
 1208 0.145461008 2.43890095 -0.932274044 0.191798404
 1209 0.616393626 -5.93888760E-02 0.705456257 0.394631982
 1210 -1.59096569E-02 1.24314296 -0.858808279 -1.15487337
 1211 0.374045908 0.395478517 -0.599093616 0.138073310
 1212 0.824073911 1.54460919 -0.749458909 -1.30964863
 1213 0.796031952 1.26997137 -0.966530025 0.390565574
 1214 -0.397060543 1.13991308 -1.21262789 -1.33575726
 1215 -0.876254857 7.52325058E-02 0.657137632 -3.50605398E-02
 1216 -0.974472165 1.79425490 0.336856127 -0.927090764
 1217 0.367147982 1.15590119 -2.50361300 -1.51075006
 1218 -0.180760503 0.326330930 -0.143640429 -0.874544561
 1219 1.40066350 1.59985530 1.03744996 0.397569776
 1220 -0.246749610 -1.09397686 -0.674681902 0.638729572
 1221 0.876238346 1.73431861 -0.294381261 0.301869124
 1222 5.34367189E-02 1.23716378 -1.14968467 -2.78880894E-02
 1223 0.890651643 0.808592916 -3.79489362E-03 -3.03934067E-02
 1224 1.52073264 -0.378514051 -0.451209307 0.388516933
 1225 -0.288411438 0.616561472 -0.502161086 -1.36659861
 1226 -0.597363710 -0.660203159 -0.502138078 0.368396878
 1227 -0.211598217 1.04451799 -0.435250401 0.699117780
 1228 0.765280306 0.261787623 0.587617397 -9.61418599E-02
 1229 0.126828566 9.87226963E-02 -1.18340254E-02 -8.41016918E-02
 1230 -0.613266289 0.770679593 -0.371557146 -0.891470253
 1231 -1.74335289 1.63750923 6.01172373E-02 1.83395994
 1232 -1.79182291 2.15512872 -3.60768065E-02 1.41476929
 1233 -0.897530913 2.27336669 -0.306148648 2.07166910
 1234 0.327725023 -0.350228548 -0.602354586 1.53805494
 1235 -5.37384450E-02 -0.184522033 1.32070005 0.324234843
 1236 0.764170825 0.604486287 0.719602346 1.71778822
 1237 -0.823872447 -7.65853673E-02 1.16356957 1.96153641
 1238 -0.457823992 2.19814968 0.233569890 1.82714128
 1239 1.01927352 -0.558345437 0.109043986 -0.878742933
 1240 0.817122102 0.624567986 -0.777753413 1.39778996
 1241 -0.379771292 -1.49660552 -0.539736688 -0.262837768
 1242 -0.470482647 3.20076644E-02 0.670050204 -0.984506011
 1243 -0.336506248 0.657560706 -0.308449507 1.59292436
 1244 -2.08008003 -0.458567858 -1.42398620 -0.964862227
 1245 -0.868781090 2.36911631 -0.152930617 1.66604793
 1246 -0.423494577 1.57983506 -0.186015531 1.51321614
 1247 4.86120582E-03 2.47537279 0.691097021 0.163270950
 1248 0.138753623 2.08556128 -0.481906712 0.271925151
 1249 0.230924740 0.439733475 1.07511544 1.20657265
 1250 -0.871462703 0.181789204 -1.15872288 -0.110008314
 1251 1.41587007 0.822299898 -0.542711973 0.177619636
 1252 0.224832863 1.13325608 -0.851904750 0.142821461
 1253 1.17992723 1.11324370 -0.988565445 0.127440467
 1254 0.716048837 0.880358338 -0.872047246 0.337977827
 1255 -0.244652867 1.12548959 0.953923702 0.179038361
 1256 -1.47642136 2.27065182 -1.11629534 -0.931909025
 1257 0.750101686 1.10994613 -1.20642221 0.194358751
 1258 -1.09613895 1.26736116 -0.383755952 1.60258961
 1259 0.322802186 -2.96034813E-02 -0.792609155 0.269620776
 1260 0.443880320 0.617446780 -4.03286740E-02 -8.76138955E-02
 1261 -0.830089331 0.812539339 -0.539228082 0.160960868
 1262 0.101385310 1.15616727 1.36126006 0.687936008
 1263 0.137361929 1.85280061 -0.928628564 1.50619555
 1264 0.278846920 1.12643242 0.706090331 -1.16953778
 1265 -1.13336277 0.589646101 -0.488495499 9.27646309E-02
 1266 1.14793253 0.442446649 -7.59386420E-02 1.35065579
 1267 0.793856978 0.887948215 0.912330389 -1.38674116
 1268 -1.04394388 1.49887288 0.891069770 2.23387933
 1269 0.383402944 -0.730090141 -1.23487163 1.61423242
 1270 1.62008262 -1.34434950 -0.721505940 1.80239034
 1271 0.868195772 -0.745525718 0.260280192 1.73887539
 1272 -0.191668361 1.26364863 -0.655298114 1.89442050
 1273 -0.785827279 1.15368915 0.743991137 0.464272887
 1274 -0.696539521 0.395102471 0.271213561 -3.11235189E-02
 1275 0.434535146 -1.86925125 0.972079635 -1.10928833
 1276 2.12954879E-02 1.41390789 -9.16037261E-02 1.79597449
 1277 0.469651341 2.08433127 -0.452856928 -0.847138226
 1278 -5.40287383E-02 -3.40494588E-02 -0.239062518 6.22586161E-02
 1279 -0.393052340 1.24841058 -1.17987561 1.53061318
 1280 -1.09905457 0.422548831 -1.10416985 1.57895291
 1281 -0.212363318 9.96058062E-02 -0.665395141 1.36509705
 1282 -1.13470292 0.321841598 -0.980639875 0.352436811
 1283 -0.154219463 0.550409198 -0.287828267 -2.99013555E-02
 1284 -0.125266761 0.196535408 -0.719136715 8.45659748E-02
 1285 -0.145328015 -0.341155618 1.62646186 -1.01125526
