 1 0.529884934 -0.419689238 -0.972902894 0.771882117
 2 -1.13132763 -1.80883527 -1.27847934 -2.26489827E-02
 3 0.975783765 0.379747778 0.230252773 -0.762514055
 4 2.22084594 -0.909189701 0.411892682 0.804800093
 5 0.817583382 -7.51468390E-02 -0.499847382 0.888184667
 6 0.346898943 -0.122537188 -1.62257159 -1.49770427
 7 0.238939375 0.129531831 0.716949403 2.04426599
 8 1.81896424 -0.187256277 0.311651468 1.43464744
 9 -1.02994525 9.84072387E-02 -0.534189403 1.85236561
 10 -0.742818475 0.457484812 -1.17290759 2.15723705
 11 -0.390891731 2.26909876 -1.40269029 -1.46963298
 12 -0.370869130 7.45667294E-02 -0.440028369 0.656696796
 13 0.156462133 -1.04083598 -0.810109854 -0.815446377
 14 1.98707378 0.300334811 -1.61282325 -0.401706398
 15 -0.663741231 -1.37162399 1.04608798 0.752978384
 16 0.599808812 -0.789352000 -0.204887643 0.506158113
 17 8.57926831E-02 -0.608282089 -2.27779001E-02 0.545128226
 18 -1.04694998 1.08843958 -0.741334915 -0.304873943
 19 -1.44641030 -0.409981996 -0.922447979 2.52051497
 20 -1.15489471 -0.665037632 -1.15124524 1.67884922
 21 0.117548153 -2.30517197 -0.531817317 -1.11574960
 22 0.119671859 -0.902331948 0.984236717 0.141664535
 23 0.566384435 -0.132033944 1.17889273 1.61631739
 24 -0.220982015 -1.33353817 -0.765839577 0.459976256
 25 -2.64421320 1.14465392 -0.624124169 -0.591478050
 26 -0.957360208 -1.52166736 -1.52583063 -0.636033416
 27 1.08958960 -2.09998918 0.172717467 -0.484742701
 28 0.653695226 2.38540149 -0.548634529 1.77905273
 29 0.462177396 -0.514189482 -0.654582262 0.436688870
 30 -0.174828932 -1.26414883 -1.21145439 0.291671842
 31 0.680729628 2.77379346 -0.309656948 1.38438368
 32 1.21018755 1.11224198 0.334865004 -0.572313845
 33 4.01567034E-02 1.56173754 -0.834785819 3.08133602
 34 -0.843941331 0.284639031 0.149025470 1.67308712
 35 0.526357293 -0.594238818 -6.74103945E-02 0.228053600
 36 8.42811167E-02 -1.07453287 0.635938466 -0.744543195
 37 1.21531963 -0.965986609 -0.784687042 -0.266690910
 38 -1.79357183 -0.209123641 -1.49730563 2.30837798
 39 -0.392915308 -0.581580937 0.733735442 0.568766117
 40 -0.664557099 0.970883787 0.191436872 0.428394616
 41 -0.459038019 -1.89756167 0.382856250 0.673514307
 42 0.553149581 -2.30749226 0.774676204 -0.605588675
 43 0.116030812 0.797059774 -0.443659306 -0.917583466
 44 0.205488861 -1.08461785 -0.709083378 -0.394738168
 45 1.22610259 -6.92598820E-02 -0.717616677 -0.373818547
 46 1.25361085 -1.05905747 0.623139739 0.468249857
 47 0.821952939 0.324941397 -6.96879178E-02 -0.149732038
 48 -0.776360214 -0.686610639 2.33079338 -1.02636552
 49 -1.19335675 0.272225469 1.08596432 0.537784398
 50 0.753750563 -1.04450941 -2.08578086 1.05419958
 51 0.764089882 0.932479382 1.49380147 -0.751450121
 52 -0.779776096 0.197829813 1.52336502 9.14931446E-02
 53 1.46341121 -0.101660490 -2.73528290 6.82643801E-02
 54 0.201539874 0.525786817 0.807925999 0.568601727
 55 0.928280711 -2.47476125 3.69689763E-02 1.05727148
 56 -1.28098035 0.517314553 -0.626552284 0.882083893
 57 0.122446887 -0.500744343 -1.48187840 0.423080564
 58 -0.108864814 0.974002421 0.327370286 0.543863416
 59 1.71013939 -1.51898801 0.504864872 -0.324729204
 60 1.70334888 -0.344349384 1.83807230 -0.114716955
 61 7.55184069E-02 -0.152366534 -0.941308022 0.476858974
 62 -2.37699580 -1.66341710 0.778825879 -0.634113014
 63 0.401240975 0.221946850 0.788672924 -0.497375935
 64 -0.427946717 2.00783610 0.332890421 0.589791894
 65 0.632454872 -1.27250314 0.249887124 1.54889297
 66 -1.33558369 0.785942912 0.742652774 -1.49287391
 67 1.26218009 0.868504465 -0.459327221 -1.17099881
 68 0.701234162 -1.41415441 6.09163120E-02 1.41202199
 69 -0.392892957 -9.49818194E-02 -0.264878988 2.10085034
 70 -0.676493287 -0.268974930 0.244502753 0.390985370
 71 1.14445508 1.23183024 -0.473725468 0.718978763
 72 7.95356780E-02 1.44225252 0.568655789 1.29102933
 73 -1.54831839 -0.925453782 -0.942034721 1.00309467
 74 0.242985532 -0.321626484 0.176918641 0.667429030
 75 1.75344372 -0.892448723 1.47221863 0.604902267
 76 -2.20656085 -0.537457645 1.08820808 -0.249369279
 77 -0.613050997 -3.10483861 -0.516423345 -0.129640192
 78 4.29488197E-02 0.704107285 -0.185784459 -1.53786361
 79 0.466974854 1.04181540 -1.62695909 0.469803452
 80 0.268700153 3.23322788E-02 0.832796872 0.758189678
 81 0.468183219 1.87372613 0.202215523 1.46509802
 82 0.996045947 -0.459185332 0.460614115 1.34876990
 83 -2.80039981E-02 0.515386581 -0.596814096 0.870902002
 84 0.398315072 -1.95140326 -0.923216105 -0.159789667
 85 7.96881914E-02 0.397141039 -0.698565602 -0.795018077
 86 -0.429468781 0.325223178 0.690583944 0.601768434
 87 -0.444513202 -0.151795402 -0.391011298 1.05955982
 88 -0.656342685 0.979641140 0.495279998 -0.167088002
 89 -1.76902711 -0.499744922 -0.206398934 0.660745263
 90 -0.562023163 -0.897351146 2.34117651 -0.648519099
 91 0.953341007 -0.749544382 -0.479434937 1.07115412
 92 0.220598638 0.812299013 -1.84493065 -0.506514788
 93 1.54555058 -0.876277089 1.07530940 -0.172645807
 94 -1.25406921 0.426647544 0.479356825 -1.43683922
 95 0.176650047 1.40238321 0.207014561 1.80990529
 96 1.89338565 -1.71206367 -0.230853528 -0.338658303
 97 0.537086666 0.224676192 -0.772338212 -0.868502438
 98 -0.852231920 4.13925946E-02 -0.518838048 0.312680751
 99 -0.781769037 -0.115221813 -1.73632026 1.57452977
 100 1.55849159E-02 0.332203865 -1.28701890 -1.07865047
 101 0.287547022 1.95419431 0.312207520 1.47676551
 102 2.01017785 -1.35863125E-02 1.43535852 -0.252490908
 103 -5.94755784E-02 -0.791145504 0.433579862 0.404798925
 104 1.75696945 2.27473140 -0.262619436 1.58338928
 105 -0.685183048 0.391441077 0.469733357 1.65080249
 106 0.683103025 1.25736237 0.936468899 1.46044040
 107 -0.349857807 0.926516414 -1.03478456 1.29257953
 108 -0.770891011 0.458999753 -0.142698556 -1.47398937
 109 0.169489533 -0.263907552 0.900449812 -0.744799852
 110 -1.17712152 0.667849898 -1.60543025 -0.575209498
 111 -2.06726480 -1.74375439 -0.877726078 -0.747614920
 112 0.281727672 0.344320625 -2.01101708 -0.359345466
 113 -0.887903094 -0.434658200 0.534708202 -0.254147112
 114 0.572458982 3.31317782E-02 -0.937878311 0.172115833
 115 -1.60143769 -1.82051170 -0.944610715 -1.23891270
 116 -0.943505943 -0.114825740 -0.451538503 0.400715858
 117 0.274057955 1.15714812 -0.314202458 -0.331928551
 118 1.25479043 0.326594114 -0.923490047 0.494022369
 119 0.504422247 -0.258978188 0.437715650 0.880626202
 120 1.50179350 -0.576228857 -0.704941392 -0.251079619
 121 -0.302976400 2.05869126 0.956876755 -0.417237610
 122 -0.280630708 0.273046494 -0.271072507 -0.336415887
 123 0.785778880 0.942832768 -0.820261240 -0.621367335
 124 -1.08608937 0.622348785 -1.41740060 0.799480736
 125 -0.597511828 -1.26021802 -5.89294806E-02 -0.426731318
 126 -0.128805652 0.598232508 0.681343973 -0.756682813
 127 0.347441852 1.03183842 -0.844912410 0.205273554
 128 0.806017935 -0.883821070 3.95905674E-02 1.63612032
 129 0.124205500 0.262660414 -1.86058581E-02 -0.256561428
 130 0.629475534 0.718820035 0.421299607 0.897319794
 131 1.04967904 -0.540665805 -0.533799708 1.97071147
 132 0.234059662 1.41092896 -1.00669026 -0.390005708
 133 1.34034705 -0.994191289 -0.990839422 2.56149721
 134 1.44540584 -0.143120691 -1.68458676 -0.261241466
 135 0.918585777 2.87774467 1.09946370 0.206998274
 136 -1.28158092 -0.403569221 1.06382930 0.884793460
 137 0.646995008 -0.931295216 -1.04288280 -0.811588645
 138 -0.394077539 -0.359702736 -0.221996844 0.547185719
 139 -0.378030837 -0.639644742 0.378700376 3.74829918E-02
 140 1.95258522 0.687025189 -1.19266498 -0.505735636
 141 0.416696727 0.997261405 -7.88272172E-02 0.688978314
 142 0.747603118 0.872472644 -0.300065011 0.979424596
 143 0.204549044 -1.55217707 0.224582806 5.66873252E-02
 144 -0.926837921 1.29964960 -0.147884041 1.41789711
 145 2.50127816 -1.83271861 0.221511841 0.570582211
 146 1.27520990 -0.631180346 0.913532078 -0.513138771
 147 0.409150153 -0.430894464 -1.59010518 0.157044247
 148 0.565647244 8.75649899E-02 -1.08338928 -0.624585509
 149 0.138837755 0.286023259 0.545722365 -0.638641715
 150 0.839971364 -0.520719051 -0.576336086 -1.62043798
 151 -0.333956569 -0.800932348 -0.141985834 0.143210545
 152 2.40263844 -1.79338384 -0.607744336 -0.372654080
 153 1.36695182 -3.43810558 -1.51771381E-02 0.451098621
 154 1.20163202 -1.48759794 -0.941925287 0.168653905
 155 0.613268375 -1.15530336 -2.15719119E-02 -0.796016097
 156 1.11415362 -0.595674753 -1.41057062 0.327703238
 157 2.06304574 -7.46973827E-02 8.29226077E-02 -0.248614907
 158 0.521190941 -0.903663754 -6.36786222E-02 -1.17007267
 159 0.552401364 -1.41622615 -0.646616459 -0.656654119
 160 4.52651791E-02 2.07394814 -0.126186162 -9.60444212E-02
 161 -0.525111198 -2.12395167 -2.80815363E-02 1.58850920
 162 -0.369716823 -0.156029075 -0.589082718 -0.773956716
 163 0.740722835 0.333335668 2.28811614E-02 -0.612104356
 164 -1.12814724 -0.651341617 0.520462692 -1.48963487
 165 0.860671282 -0.474381685 0.412193239 0.255013138
 166 0.793396831 -0.406411827 0.580630302 -0.824365139
 167 0.153628349 0.155703902 -1.49863958 -0.410107195
 168 -1.09699535 1.15042913 0.541991115 -1.49159706
 169 2.19488621 -1.51708555 -1.65540969 -0.412476301
 170 1.00864041 -0.488081723 -1.93280756 -1.35286844
 171 0.929042339 -1.18474603 0.316222191 -1.10064638
 172 0.336130530 8.05097818E-03 -9.01729017E-02 0.920991242
 173 -0.816704631 0.544405699 0.866768777 2.07245201E-02
 174 0.981074035 0.269402206 0.267048866 -1.70557833
 175 -0.628186643 0.191343635 -0.587450087 0.366545796
 176 0.499989539 -1.74817491 0.101647288 -0.466644824
 177 0.861993611 0.813072681 -1.05166328 0.223358795
 178 -1.05690074 -2.27055407 0.310301721 1.33169627
 179 -0.648533821 -2.51474214 0.172726601 -1.28403306E-04
 180 0.218631819 0.766345859 -0.555859864 -2.06308067E-02
 181 1.48430824 0.884759307 -0.607975185 2.11512947
 182 0.683867812 0.735595822 -0.202994585 -0.594042480
 183 2.06517863 0.906675398 -0.770907402 2.06567693
 184 -1.15751398 -0.724629581 0.605950534 -1.59162450
 185 1.08932769 -8.07363540E-02 1.01117480 2.27726197
 186 -0.634424210 -1.08084154 -0.110956937 -1.26175272
 187 0.952708244 -0.284151375 8.42776746E-02 0.785497308
 188 -1.02821684 -0.534231126 -2.60100818 -0.532690167
 189 0.701519132 1.44733226 -0.722828507 1.52231562
 190 -0.168405011 0.180239648 -1.22522712 -0.465401053
 191 0.336076260 0.299155295 -1.13908041 2.22573757
 192 -0.840439916 0.730683684 0.350383461 -1.40692759
 193 0.329066813 -1.27033293 0.430260420 -1.33230293
 194 7.09546357E-02 0.513698280 -0.473609746 0.620337784
 195 -0.904837072 -0.118498869 -0.628791928 0.737197757
 196 0.861461043 6.34602830E-02 0.388752341 0.745765030
 197 0.522684634 -3.09278297 0.844261944 -0.931864738
 198 1.94271111 -0.802333117 -0.160703093 -1.67481434
 199 -1.51354098 -1.88047266 1.66127050 -1.50197363
 200 1.07660449 -0.308341175 -0.939190805 -0.187752903
 201 1.44124353 1.70374584 -0.520034015 -0.716352403
 202 1.67422104 -0.152758747 -2.10556793 1.06680954
 203 -2.06579566E-02 -8.43425244E-02 -1.27461028 -1.73496807
 204 -1.84041524 -7.33620673E-02 6.38019443E-02 0.693815291
 205 0.720517397 -0.253863692 -0.772038937 7.93048367E-02
 206 -0.146667182 0.234378591 -2.45586348 1.34362352
 207 -0.651419878 0.511130750 -0.397287816 0.193096846
 208 -0.125000447 0.849232614 -1.01980078 -0.583659291
 209 -0.405442655 0.514968634 1.91643929 -0.474572450
 210 -1.68309057 -0.150481090 1.29246247 -0.583414555
 211 -6.70226142E-02 1.68370163 0.892805517 0.578705311
 212 -1.38562787 1.23036635 -0.335911632 -0.905655801
 213 -1.04745293 -0.207227051 5.15404940E-02 -1.16071254E-02
 214 -8.26346576E-02 -0.722066760 2.85160065 -1.23641729
 215 -0.659100235 1.01942945 0.518728971 0.337225527
 216 -1.46084726 0.656710625 -0.245184824 0.305440038
 217 -1.75121391 2.58008838 0.388793498 -0.709190249
 218 0.334570557 2.13367438 -0.425782144 -0.246646613
 219 0.108062245 0.891685247 -1.86350596 -1.33759129
 220 2.79386938E-02 1.26585567 0.329177678 7.09396526E-02
 221 -0.342011482 1.59925544 0.564136446 -1.31944442
 222 -2.32815647 -0.904454470 0.825777590 -0.201776057
 223 0.640424848 0.523045778 0.965899229 -1.57704687
 224 0.247641370 -0.251232743 1.03135514 0.464925945
 225 -0.771761060 -0.955862522 -1.72259724 -0.188964471
 226 1.40962493 1.50103199 0.175451219 -1.18602705
 227 -0.266724497 1.00218320 -0.373345464 0.536582589
 228 -4.85166833E-02 0.748743176 0.882492483 -0.838903666
 229 -0.431373298 0.996061802 -0.388918340 1.98783600
 230 -0.249367893 -0.145309091 0.106034122 0.603432178
 231 -0.592266977 9.48673487E-03 1.01664376 -0.998488426
 232 0.695701480 -0.432098031 6.34766370E-02 -0.161524773
 233 -0.554187596 -0.406111777 0.233875498 -0.554713607
 234 -1.21564651 0.168169931 -7.01222569E-02 1.07468665E-02
 235 -1.15493608 -1.32555699 0.201677799 -0.151454866
 236 0.409691811 1.07639480 -5.40353283E-02 -1.11105931
 237 -0.186364576 -1.26282561 -1.26467586 -1.36168373
 238 -0.948420823 -0.792353034 -0.311422110 -0.799323320
 239 -0.158103153 0.849761307 0.320863962 -1.17565060
 240 -0.299951494 2.32506561 1.40711963 -0.523250818
 241 0.871989369 -0.996286750 -1.47821200 -1.50552881
 242 -1.36472094 1.05995250 -0.696608186 -1.71389306
 243 -0.119434536 0.614365637 9.46105272E-02 -1.34810770
 244 0.574733555 0.454555362 0.444447637 7.55984560E-02
 245 -0.872540116 -0.261795670 -0.846835911 -0.821201324
 246 3.83290388E-02 1.64961588 1.71842921 0.658464134
 247 -0.619288206 0.779527426 -0.250335366 -1.33857131
 248 0.406125724 0.597815931 -0.173163503 -0.511393487
 249 0.627129555 1.41135740 -0.238421202 0.402351648
 250 0.732565880 0.924632013 -0.540177286 1.05728471
 251 0.476889491 0.897663593 1.13820720 -1.03384018
 252 -9.44360793E-02 0.584474564 2.55642581 0.883695066
 253 3.04973572E-02 2.43279839 -0.623090744 -1.55068552
 254 0.936611235 0.163623065 0.464168549 -0.504116714
 255 -0.529071808 -0.939381599 -1.66549981E-02 7.54608363E-02
 256 0.445078433 1.20243549 -0.292437553 -0.881315947
 257 1.30360270 1.04171765 0.849828303 0.633078098
 258 0.807431042 1.30321288 -2.17651439 0.639502764
 259 -0.809355438 -0.366454750 1.63318419 0.614928067
 260 0.255273074 -0.214926898 0.337471485 -0.721292496
 261 0.776486516 -0.144567281 6.45488501E-04 -1.26491225
 262 1.33250129 0.963437736 -0.152126759 8.57159644E-02
 263 0.367599726 -9.91473421E-02 -1.02952218 1.03857458
 264 0.158111066 -1.94182813 1.65009892 -0.234218627
 265 -0.855223298 0.546318531 -1.45595837 -0.140235066
 266 0.182527304 0.273254722 -1.35836887 0.306739569
 267 -1.86100829 -2.15230274 0.160520732 0.354054570
 268 0.708691299 0.165604249 0.613880575 -0.692112446
 269 -1.17283881 1.26212656 -0.277245164 -1.05040312
 270 -0.454845369 -0.313686192 -0.570330620 1.18528914
 271 -1.18315423 -0.981173456 1.36514688 -0.917018235
 272 -1.20331061 -0.775556922 0.574194491 -0.511670411
 273 -0.210750103 0.255984217 -1.76406837 0.528407216
 274 0.589250445 -0.599257767 1.43623543 0.557488561
 275 0.564120591 1.13379920 0.747709751 0.617235243
 276 1.28946877 -1.72579658 1.65395784 -1.04672164E-02
 277 0.134189412 1.76345766 -0.885964692 1.53547502
 278 -0.920670092 0.981429338 1.89255023 1.24115455
 279 -0.108501531 1.15842605 -0.200308606 0.192813665
 280 1.24880731 -0.268430263 0.290287375 1.89489615
 281 -0.884786725 -1.63068736 -9.74018276E-02 0.711058557
 282 0.768419981 1.50169611 -0.755001426 -7.43393004E-02
 283 0.553071856 1.49605870 -0.295603395 1.84449506
 284 -1.16543496 -1.22165573 0.377052158 -0.271137625
 285 0.861854136 -1.38419569 -0.435070574 0.559694171
 286 -1.04960537 0.558765292 0.422220528 0.977069616
 287 -1.67587328 -1.67103863 -0.796930373 1.05279237E-02
 288 -1.37391257 -0.149190217 0.256892532 -0.600571632
 289 -0.479636729 0.506212294 -0.675246477 -0.935812116
 290 -1.93124640 0.569198787 0.514940262 -0.138532698
 291 -0.427143335 -1.62472320 -0.675995588 0.375483692
 292 -1.17914212 0.627184749 -0.738890529 -1.74753082
 293 -1.77723658 -0.725134909 0.577962458 -0.835637927
 294 -0.635453522 -0.153330311 -4.19768542E-02 1.66299534
 295 -0.607389510 -1.08411163E-02 0.194155648 0.785893142
 296 0.244512051 -0.446704656 -1.78367233 -0.240184873
 297 -1.81515813 -0.887854397 0.283753604 1.00443399
 298 -0.702312708 0.603619576 -0.916961610 1.03245938
 299 -0.139753520 0.782690287 -1.50348437 0.773186505
 300 -1.95811307 1.19270658 -1.12415504 -1.43597591
 301 1.32394958 0.195165098 1.19811654 -1.07505512
 302 0.622008026 -0.206547111 1.01506662 1.36944771
 303 0.588903844 0.297861606 -4.87720072E-02 1.08174336
 304 -1.79310632 -1.02570820 0.373887300 2.49423647
 305 -1.05632210 -0.566861987 -0.342080504 -0.970625222
 306 -1.51566732 -0.944607735 -0.187578440 1.17605901
 307 0.478954375 -0.986286104 -0.777721107 1.20592916
 308 0.861041307 -0.554584205 8.73253718E-02 -0.349570185
 309 -0.240688413 0.777742803 -0.128924280 -0.919695497
 310 1.03547287 0.847634077 6.59698397E-02 -1.21167326
 311 -1.71734905 -0.884911001 0.647024512 -0.321310699
 312 0.643367410 -1.14276600 -1.66115463E-02 0.829740286
 313 -0.532780647 -0.643880725 -1.95770240 0.592652559
 314 -1.06674027 1.31605566E-03 -0.874219239 0.901742935
 315 -1.38870263 -0.310343206 0.344316959 -1.30281687
 316 -2.50637102 -0.539821029 0.865559995 -0.550740600
 317 1.14528120 -0.617960334 0.188159660 -0.554475248
 318 0.575219691 -9.53416377E-02 -1.84487700E-02 0.441649914
 319 0.638840199 0.660160899 1.21543598 0.914744020
 320 -0.370612264 -0.956115127 1.17841387 -1.22484922
 321 -0.346547723 2.79093885 1.35008311 1.61243963
 322 -0.511965573 0.103686243 0.229209632 0.519800723
 323 -1.78645205 -5.47248423E-02 -0.781550050 -0.920238972
 324 0.553914368 0.384708196 -1.61779690 1.30459177
 325 0.102968648 -0.826757908 0.969133139 -1.29071832
 326 -0.678979099 -1.54494321 -0.471188337 -0.421287417
 327 -1.74356055 1.02206945 -0.762232780 1.06362641
 328 -2.27719164 -2.15479541 0.701363385 0.261299908
 329 -0.620628953 -1.15686071 0.748304605 -1.07016647
 330 0.199653551 -0.957726777 -2.31011987 -0.535932183
 331 1.08321953 -0.395891398 0.437051892 -1.61191702
 332 1.02924681 -1.06755030 2.57221889 -0.532308817
 333 0.231437773 -1.46955514 0.735287070 1.92474794
 334 -1.32056904 0.770892501 -9.32311565E-02 -0.964895010
 335 -0.498034418 -0.384479046 2.20545149 -0.628848195
 336 -0.102727115 -0.927747369 -1.42133868 -0.241064548
 337 0.646345973 1.13214648 0.997333407 -0.433620512
 338 -2.38826323 0.274486482 -1.10889041 0.628527820
 339 0.864433765 -1.32024205 -0.303294539 0.439446926
 340 -0.335262656 0.793674052 1.20706177 1.22937012
 341 -0.310718507 -0.111562252 -5.86224794E-02 0.677867174
 342 -0.788969398 -6.07924163E-03 -0.453421891 2.42798424
 343 -1.68083024 0.222963557 0.286579758 -0.716647387
 344 0.857583046 -0.339536309 1.19125736 1.40456736
 345 0.341939926 1.04937673 -0.539004624 -0.333051503
 346 -1.58976316 -1.24653363 0.133438513 0.652266085
 347 -1.00155127 -1.22108281 1.41594589 1.08549380
 348 -0.663612962 -1.41630960 -0.861831903 -0.277651906
 349 -0.304022014 0.735589266 1.50041831 0.993933380
 350 1.45909858 0.147098333 -0.112839252 0.183233455
 351 -1.54290879 -0.970707893 0.102851540 0.916361451
 352 0.289702564 -0.845345616 -0.437763453 -0.708814204
 353 -0.260973155 -1.18057406 -0.226459503 0.784547508
 354 1.64717090 0.978549600 0.922300935 0.650099039
 355 0.416941583 0.853074670 -1.11633313 -2.00112677
 356 -0.975860655 2.00519753 0.244355381 -0.301317096
 357 -0.413294315 0.846884608 1.70367360E-02 -0.608922184
 358 0.408406317 1.30564129 1.37385011 -0.693650484
 359 -0.530728698 0.211938351 0.537579775 -0.957886696
 360 1.17314649 8.32793117E-02 -5.03841415E-02 3.94068137E-02
 361 0.310292929 0.737854362 -1.18440831 0.811660409
 362 -1.43114686 -0.744155526 0.483094752 -0.687759221
 363 -0.304230362 -0.664997160 -1.06000757 -1.45057154
 364 0.511391580 -0.770481586 4.98025268E-02 -1.55127406
 365 2.72824049 -1.07768178E-02 0.561779618 0.110377550
 366 0.514019370 -0.369131863 -0.124462001 -0.643463016
 367 -0.508678675 5.12352288E-02 0.804823339 0.637633204
 368 -0.664403200 1.05359983 0.630643547 0.673432648
 369 -2.29412627 -1.93672025 -0.379709035 1.05764222
 370 -1.28279436 0.671199024 -1.28255105 -1.60081232
 371 0.737322688 -0.878717482 0.605471075 1.90759087
 372 1.04157209 0.282886058 1.09518456 -0.290275782
 373 -0.713079035 -0.406413913 1.07526481 2.02033019
 374 1.94061971 -0.519816339 -1.14656186 -0.322812706
 375 -0.612848759 -0.907619655 2.29121494 -1.39473188
 376 -4.30232622E-02 0.648540616 -0.534072161 1.71833444
 377 -0.189768717 -1.71815276 -0.248122737 0.687355161
 378 -0.246759281 0.633367479 0.525135100 -1.29676962
 379 -0.790327787 1.39846206 -0.466140062 -0.477351815
 380 7.09232390E-02 7.89395571E-02 0.352603227 1.52353883
 381 -0.311779946 0.490586460 -1.03122145E-02 -0.470535010
 382 -0.909596801 -5.61372228E-02 -3.47992927E-02 0.114184782
 383 -0.411251545 -1.30446291 -1.39297390 0.478083760
 384 1.18531919 0.815173388 0.140449703 -3.12945694E-02
 385 0.920665801 -1.08421612 -1.18930757 5.44403121E-02
 386 -0.410088480 -0.951050818 0.158609986 -1.45188630
 387 2.26796174 0.708640575 -1.56469750 -1.27542031
 388 -1.43175817 0.642053902 1.71174860 -0.315603882
 389 -1.59572005 0.336777925 0.728642821 1.63805306
 390 0.477373332 -1.71881545 1.64079762 -0.261333108
 391 1.09570444 1.76093781 0.579402030 1.62829721
 392 1.32870424 2.16930103 -1.20457518 -0.892422855
 393 0.234536931 -0.274216056 0.684206009 1.02542663
 394 -0.558581352 -0.929099679 1.64879596 1.77094162
 395 -0.897067904 0.959122777 1.00446284 -0.413393378
 396 0.100692421 -0.357528299 -0.265036047 1.50693870
 397 -1.10792100 1.41604447 -0.811326265 -0.566074729
 398 -0.311488509 -1.01593876 -0.205043703 -7.36479461E-03
 399 0.705220580 -1.45394504 -0.819984615 0.497605920
 400 -0.843661070 -1.53127170 0.885558248 -0.520911157
 401 -8.79790187E-02 -0.880977154 -0.477391988 -0.385041237
 402 1.16068006 4.09086831E-02 1.41080511 -1.62432277
 403 -0.162183225 -7.92541206E-02 -0.597592354 -0.730386615
 404 -0.322852194 0.134200603 -1.17556179 0.535470724
 405 -0.655157328 1.10309255 -0.169429764 0.973209023
 406 0.187416375 1.18625808 -2.26868296 -0.495983243
 407 -1.55027187 -0.683479667 0.937586010 0.243774503
 408 -0.153802514 0.436433494 1.16904807 0.507809162
 409 -1.11940885 0.770040929 -1.36164367 -0.771926999
 410 1.41328728 -1.67088294 0.696819723 0.729262292
 411 -0.413842797 1.16502810 0.284272790 -1.14586544
 412 -0.407533109 -2.25381756 -0.108735114 0.773628771
 413 1.79454052 1.29534864 -2.70444179 -0.364738941
 414 0.434077203 -0.139310941 -1.03088784 -1.75284839
 415 0.408710569 -0.506753087 0.702274799 0.853228033
 416 -1.16688943 -1.88599133 -0.104520142 -0.235089734
 417 -0.592324495 -1.34270453 1.35971546 2.24062467
 418 -0.149066404 -0.504536867 -1.15680635 -0.755627036
 419 2.04705715 -1.17117703 -1.46281445 0.583943963
 420 2.07878542 -0.472163826 1.35759294 -1.69420052
 421 1.20712626 0.258507192 0.530039608 -1.27532494
 422 0.921950698 -0.506673038 -0.991048336 -0.560722172
 423 -0.864561737 -1.48459411 1.27461958 0.573995173
 424 -2.59390473E-02 -2.25092721 0.479023993 -1.46710336
 425 0.834399879 -6.69871345E-02 -0.263954133 -0.514578462
 426 0.717274845 -0.177863210 1.77807462 0.346562684
 427 0.405287266 1.53749049 0.299898386 0.807485580
 428 -0.376992136 0.126166001 0.120355882 -1.21158278
 429 1.10747528 -0.111811884 -0.870539904 0.558854222
 430 -0.767055154 0.185445011 0.236605763 -0.379604340
 431 -0.130303621 3.43865454E-02 0.361463666 -0.560279965
 432 -0.945974827 0.979188263 0.696657419 -1.35332406
 433 0.800142288 -0.221968487 0.440826714 2.85335332E-02
 434 0.226333201 1.78892744 -0.484855115 -1.36627269
 435 7.25364536E-02 2.13331604 -1.00921702 -0.530086696
 436 1.07588756 2.15889740 3.44548263E-02 1.19828701
 437 -0.637575507 -2.05455661 1.12214959 -0.481159210
 438 1.30281496 -0.414123505 1.53741658 -1.23111844
 439 0.242263496 7.15641677E-03 -0.137392700 -0.823221445
 440 5.33799976E-02 -1.55281067 -0.358317107 1.24358773
 441 -0.174942389 -0.161219239 -1.79422963 -1.56062949
 442 0.827771485 0.926012754 1.40591133 1.14317048
 443 0.840458870 -0.713835657 1.09050572 0.397558004
 444 1.47094524 2.26599956 -0.708173513 1.60527885
 445 1.34545374 0.456470788 -0.319324136 1.13614559
 446 0.742630482 -0.832528055 -0.214302167 0.663956344
 447 1.53783286 0.620042026 -1.73230088 -0.151554659
 448 0.710807562 -1.79171705 -1.09158373 -0.663081527
 449 -6.85962215E-02 1.15617073 1.36949193 1.12136507
 450 0.181775019 -0.129476368 1.42654967 -0.541535616
 451 0.833298385 -0.311157197 -0.566378117 -3.71904820E-02
 452 -1.33500588 -1.22099614 8.14651251E-02 -0.760124862
 453 -6.40847981E-02 -0.570500076 0.103426397 0.443501294
 454 -0.594733059 1.61426914 0.769053221 1.53341162
 455 -0.844375193 -0.728374481 0.805460870 0.440254152
 456 -1.38122451 -3.02973688E-02 1.40008211 -0.351172507
 457 -1.14611578 -1.06243491 -1.13314712 -0.503812253
 458 -0.158610880 -0.727384925 0.936811388 0.312039107
 459 0.564870000 0.477892786 -0.322773248 0.713225245
 460 1.29893506 -2.40042862E-02 0.160222679 0.510532558
 461 -1.32722652 -0.164187491 0.672408581 -0.920300364
 462 1.72578323 -0.281274915 0.403469265 -0.888266563
 463 6.02627248E-02 -1.12242353 -0.300655305 1.15602934
 464 0.158943698 -4.56694961E-02 1.38562596 -1.51776767
 465 -3.50669920E-02 -1.76429451E-02 1.54452515 1.51345992
 466 2.06485462 -1.68282413 -0.876019359 -0.976769269
 467 1.40430462 -0.618743539 -7.39436671E-02 0.460178524
 468 1.19787490 -0.781119704 -0.460892677 -1.54806125
 469 0.170817137 0.821336389 -0.304255724 -0.778047681
 470 0.167989478 -0.581551254 3.67714465E-02 1.77930915
 471 1.38492095 1.08091331 -1.52256107 0.413292050
 472 -2.71569490E-02 -0.380435199 0.341112226 -0.892882347
 473 -0.942402244 -4.70473543E-02 -1.06110334 0.939760923
 474 0.815517545 1.68530941 -1.01943266 -0.412781417
 475 -0.229449451 -0.669276953 2.45325994 2.73804855
 476 -1.28633702 0.532061636 0.361478716 1.55528665
 477 0.633775115 5.81157692E-02 0.149900496 0.400203496
 478 6.16014898E-02 0.772477269 1.22603762 -0.630648315
 479 6.67347685E-02 0.467851579 0.288954705 0.315784723
 480 -1.11444402 -1.12807000 0.857659578 0.767109990
 481 -0.787623525 0.395927429 1.47850871 -0.150821477
 482 -0.523211241 -0.237169206 -0.774800062 -0.435193181
 483 -1.52358556 -1.03762019 0.651329815 1.03024912
 484 0.310490966 -0.145161301 -0.434750378 1.86166418
 485 -2.08383060 -0.568062901 -0.800724387 0.317623168
 486 -1.56480110 -0.154377133 1.59781575E-02 0.850599825
 487 -1.27087724 -9.83890891E-02 -1.17236376 2.14246559
 488 1.58756375 -0.709605753 0.822305918 2.79087019
 489 -2.22563648 -0.443791807 0.181061238 2.19827294
 490 1.19142914 -0.997170091 -0.676073611 -0.137402952
 491 -0.153714865 1.01086187 -0.501822531 0.716926754
 492 -1.15977442 1.55164254 -0.697453797 0.475860119
 493 0.831781268 0.411764532 0.753535867 0.830844581
 494 -1.15043759 0.399774909 0.429618984 0.863431394
 495 -1.48976791 0.433890820 -1.51799470E-02 -0.557795763
 496 0.421280921 0.494106889 0.338770747 1.25361824
 497 -0.849544346 -0.776304305 -0.314721018 0.995254755
 498 -1.72931254 0.425203472 -0.997879446 -1.17779523E-02
 499 0.329488516 -1.27657878 0.685020745 0.783139467
 500 -0.459746569 -0.624427259 9.91171375E-02 -0.223585188
 501 0.626968622 1.50534153 -1.18358254 0.720087469
 502 0.386245310 -1.47029769 0.957716107 0.424826831
 503 0.667760909 0.862363756 -0.362084866 1.62998068
 504 0.811119318 0.235591888 0.408097386 1.43888354
 505 -0.937194169 -0.234818399 -0.164178520 0.436079800
 506 -0.606603146 0.606611371 -1.17226112 1.98796678
 507 -1.02889621 -0.262292534 -1.50126278 0.522463620
 508 0.910222173 -0.506737173 1.95683092E-02 -0.475268006
 509 0.462078512 -1.31084216 0.629005373 -0.115138888
 510 0.607172370 1.06644952 0.954355657 -0.694136381
 511 -0.111136854 -1.59886765 -2.27323651 -0.174903885
 512 0.111409515 0.210838377 -0.495418012 3.81753296E-02
 513 2.11084604 -0.388013273 -0.805929482 -0.169830531
 514 -1.11492491 -1.93098319 -0.859366655 0.126326427
 515 1.18702292 2.59319735 -2.14328885 0.575698555
 516 -1.49771023 -1.53284442 9.97389704E-02 0.876498938
 517 7.19947293E-02 1.21090150 -0.732351542 -3.31729650E-03
 518 -1.18667185E-02 0.742087781 -0.262507856 0.734035611
 519 -1.14439690 -0.489749342 0.802539766 -0.269151211
 520 -1.08395743 1.02847457 0.589977384 -1.80211961E-02
 521 -3.83079052E-03 1.12995148 -1.70801759 -0.199109912
 522 0.172791779 -1.82514596 0.652436137 -0.550774693
 523 -1.23164666 -1.03192937 -1.04465961 0.431463301
 524 0.776450813 1.32130027 -0.188663855 -1.49292016
 525 -7.87747353E-02 1.17607784 -0.438209534 -0.720747530
 526 2.05621743 2.40961218 0.186215401 1.26550758
 527 -0.195745856 -2.29026389 1.07079160 0.908145726
 528 -0.669468760 0.169133365 0.233724713 1.31517732
 529 0.375085294 -1.04621696 -0.299107790 -1.07914495
 530 -2.41592550 0.327809989 0.718461573 -2.20964700E-02
 531 0.415136486 2.34290195 -0.707426012 -0.664837301
 532 0.575496018 1.52937961 0.608635962 0.658416152
 533 -1.12605309 0.360592723 -1.60504091 0.401232421
 534 0.314711601 -5.09422421E-02 -1.19220734 1.12778330
 535 1.33250284 0.746065319 -0.243655369 -0.300120234
 536 -9.21855569E-02 -0.556501508 1.61976695 0.681789160
 537 0.858479083 0.325612336 -3.46770883E-03 1.56497169
 538 0.113947123 -2.51697397 1.09281087 1.34664559
 539 1.20568073 -2.01664758 0.765829384 -1.28069401
 540 -0.626848459 -0.204922065 1.02273488 -9.79867876E-02
 541 0.927995324 0.409255952 -0.289061457 -0.865238726
 542 1.17644358 -0.308517277 -0.878982544 -0.243432552
 543 -0.691521645 1.70330977 0.633124948 1.41533637
 544 1.28575110 -0.462228179 1.05416894 -0.332522243
 545 1.43504906 -0.615087748 -0.679363668 0.204952747
 546 -0.215269849 -0.316172034 0.751296937 0.330272883
 547 -1.78593898 1.09944737 2.30821300 0.311832994
 548 -0.353402793 -1.36916471 -0.858471334 1.76604271
 549 -0.240743175 0.244353920 0.364823520 -1.16954386
 550 -0.159211516 0.983729064 -0.379337788 0.744125724
 551 -0.256412119 -1.36583006 -0.277747720 1.08020997
 552 0.527402937 -0.564295053 1.50344396 -0.596564174
 553 -0.314644784 -0.649969518 -0.206815958 -0.837719560
 554 0.335771978 1.40593755 6.62208050E-02 -0.121642821
 555 -0.700572968 -0.379968405 -0.508914351 0.223560944
 556 0.930435181 -0.172580615 -0.134429753 1.71205544
 557 2.00646472 1.62201059 -0.251744747 0.589988053
 558 0.868180633 1.00336015 1.28270161 1.47303140
 559 -0.709042311 0.880314112 0.201094091 0.438221723
 560 -6.16668724E-03 -6.40048385E-02 0.755486369 1.69320750
 561 -0.383141488 -1.64693296 1.13662660 -0.150037408
 562 -0.635803163 -0.373684496 -1.76547039 2.63628411
 563 1.07020104 1.77706206 -1.00381529 -0.209003240
 564 -0.161558107 0.867174506 0.347413838 1.71007228
 565 0.613434911 9.26020741E-03 -1.03200674 0.760821819
 566 -0.165726930 1.02983010 0.804346979 0.209910989
 567 0.729672432 1.59163737 -1.25643659 3.31526542
 568 -0.167746529 0.437698185 -0.109894946 -1.92349696
 569 -0.137711406 -0.534238100 0.431287408 -0.417270303
 570 1.02103174 1.09072471 -0.198049724 0.752308667
 571 -0.225671560 -0.222019404 -0.751564622 -1.59283006
 572 -0.505420327 1.59049404 0.907706261 -1.61235142
 573 0.105297834 -1.45777881 0.161665902 0.652470648
 574 -1.09070325 -0.928760767 -0.546955764 -1.32158637
 575 -1.80718973E-02 -0.601098537 -0.470209181 1.45101404
 576 -0.531745553 4.75063920E-03 0.120259136 2.07359934
 577 -8.62902701E-02 -1.48234832 -0.694586754 0.267327368
 578 -0.243899703 -1.21054125 2.42456627 1.01604223
 579 -0.810674310 -1.68769729 1.42944360 0.638437808
 580 -1.35559058 0.726713002 0.773589730 -0.244791627
 581 0.137672365 0.478932053 -0.125761375 -0.829396307
 582 -1.53922427 0.809457183 0.636169136 0.930241942
 583 0.837972522 1.60880566 -1.39745772 -0.366213918
 584 0.136150539 1.33213627 -0.238707364 -0.214059085
 585 0.693073153 -2.41601169E-02 -0.239082903 0.146023959
 586 1.35976088 -0.971256971 1.21592867 1.30198836
 587 -0.582875431 -0.712079763 1.84476054 -0.403598785
 588 0.726837814 -0.787627578 0.719821572 0.940530241
 589 9.79858264E-02 1.94193780 -1.23400199 1.38919663
 590 -0.628093123 0.980786562 0.725939512 1.43174636
 591 9.12949741E-02 -0.660229564 1.15282118 -0.819112480
 592 7.11712241E-02 -0.444785923 0.212593555 -1.33369911
 593 -0.500931859 0.340592563 -0.413744569 2.99213862
 594 -0.341546535 2.04500031 -0.848957181 -0.645355523
 595 -0.613707960 1.08190763 1.88295937 -0.778280735
 596 -0.562944233 -0.950537741 1.15772021 1.58955669
 597 -0.849651098 0.777792215 -1.47065997 0.182516009
 598 -0.689890623 -0.502623677 -0.288016707 2.07162404
 599 1.34236825 0.636600673 0.631232679 0.521032572
 600 0.418529898 0.695904613 0.242781192 2.00751901
 601 0.344263762 0.457672149 -0.147987306 0.481738478
 602 -0.740470946 -1.77801597 -0.953746676 1.84109056
 603 -0.208163008 1.31207407 -0.944829643 0.492828727
 604 -0.923546553 0.346050739 -0.939236701 2.91596103
 605 -0.391177237 -2.28466535 0.580635309 1.03360009
 606 0.297774613 0.841955543 0.249612808 1.10120261
 607 0.111968502 0.301769286 -0.829719484 0.433968514
 608 0.714581907 -0.444017708 0.143760473 -0.464836955
 609 -0.954767764 1.68754864 -0.636174977 -0.154435962
 610 -1.89169800 -0.882513762 -0.855962694 2.30820656
 611 0.244210571 -1.39407992 1.76783949E-02 0.953908324
 612 -0.549347281 -0.394015193 2.75071836 1.22816873
 613 0.852679610 0.582996368 -0.165214598 1.95635593
 614 -2.58099031 -1.89860314E-02 -0.577696919 1.67396414
 615 0.144422531 -0.426583409 -2.24286151 -1.01476228
 616 -0.149588406 0.374093652 1.81410861 0.607480645
 617 5.52162528E-02 -0.642414331 -6.46058321E-02 -1.16833949
 618 1.29231524 -0.258099765 1.00749731 -1.31775105
 619 0.847419322 -0.838904202 -7.68714398E-02 -0.859830022
 620 -1.95241547 0.863843083 -0.184885800 0.625166357
 621 1.45445180 0.548478663 -2.05363488 -1.48418760
 622 0.964841068 -0.515734196 -0.146307036 0.861109912
 623 -0.598141730 0.837685585 -2.13204837 1.52485728
 624 -3.69733945E-02 0.279469818 -8.12603533E-03 3.07100224
 625 4.80357707E-02 0.367827743 -1.91921628 -0.161731645
 626 0.556568265 2.04558706 0.324983239 -0.821083903
 627 0.913802683 2.15301275 0.164511532 0.282298476
 628 1.76364565 -0.386398554 -0.428051382 1.24625695
 629 1.72284424 -0.390988886 -0.289821029 0.269789010
 630 -0.930836558 -9.90682840E-03 -0.426830888 -0.565461218
 631 0.548534036 1.74877512 -0.179396689 -0.387769014
 632 1.08496690 -0.508320808 -0.468671799 0.770628691
 633 -0.219884962 -0.422929347 -0.561729252 1.37884796
 634 0.697299242 -1.10484302 -0.417434514 2.29498291
 635 -1.00787663 0.452191651 0.264929235 0.683000803
 636 1.27325642 -1.09837759 0.382819891 0.295619726
 637 0.130498827 0.123678923 0.173048407 -1.30777252
 638 0.582652688 0.428457022 1.43290520 -0.758689642
 639 -1.22456479 1.01596892 -1.92777574 0.128684178
 640 3.40953954E-02 -0.477012634 0.743983567 -1.02352786
 641 -0.460867465 -1.46833730 2.07197368E-02 -1.20410466
 642 2.19167876 -1.07911277 0.964591742 -0.141567543
 643 0.722660840 -1.75069273E-02 0.247824341 0.485597730
 644 0.307589680 1.48712277 -1.74713194 -0.640757084
 645 0.732000768 0.621767461 0.171750337 -1.54738426
 646 0.507659733 -0.959863603 1.57376480 -0.737169385
 647 0.414752215 1.38897014 1.91193235 0.234036386
 648 0.801187515 0.381551772 1.08604383 -1.13572049
 649 -0.134372860 -1.00759804 -0.247713521 0.376799256
 650 0.197830588 0.207815200 -0.397413194 1.33682132
 651 -1.30673957 -0.204346389 1.12001038 -0.370656550
 652 0.760221541 -0.427910894 -1.13348675 -1.60063124
 653 0.514509499 0.885703444 -1.59580922 0.683166623
 654 1.08364749 0.865660906 0.711257935 0.569993794
 655 1.02033949 0.491357625 1.06276655 0.642500222
 656 0.168666348 -5.21189943E-02 -1.50737369 -0.715915143
 657 0.917590201 0.674697042 -2.20745540 -0.845753014
 658 0.206279293 -0.547539890 -0.707475781 -1.64851928
 659 1.51602733 0.404237628 0.433437347 1.80679309
 660 1.23529482 0.467400700 0.926377356 -0.251754105
 661 -0.857944250 0.328225762 0.128192484 -0.354656011
 662 0.434139460 1.24719369 0.339521378 -0.182810277
 663 0.135883033 -0.240697742 -0.528302848 -1.37676746E-02
 664 2.91727483E-03 2.51603174 -1.87571502 -0.782090604
 665 -0.598082364 -2.77964789E-02 0.277001530 -0.679629147
 666 1.43218768 -0.974008441 0.178986877 -0.651658237
 667 1.03636146 0.819546580 -1.36384714 0.566085935
 668 0.390769482 -0.757791042 1.95536005 -2.28834450E-02
 669 -0.249130830 -1.51920521 1.23405159 0.207257450
 670 0.130081326 1.03531349 1.23524535 4.32097912E-03
 671 -1.18736160 0.585100651 -1.61291122 -1.26610851
 672 0.977194488 -2.01986933 0.574452281 0.634013772
 673 7.81853199E-02 0.800230205 4.53020781E-02 -1.71211648
 674 -0.439422399 -0.219474584 -0.117673792 -1.55938268
 675 0.124802709 1.73935306 -1.04864514 0.531560063
 676 -0.133182094 -1.13568246 0.753037274 0.721385062
 677 -2.84970546 -1.05722237 -0.620288551 0.500120163
 678 -0.638162255 0.816883326 -1.52265453 0.720699251
 679 0.847619474 -1.42662024 -0.656185985 -0.706811070
 680 1.48022795 0.722221553 1.29572940 0.150049835
 681 -5.11063337E-02 -1.08145595 0.238176405 7.25573227E-02
 682 -0.298844934 -0.694876611 0.333562255 -0.802222729
 683 0.364919662 -0.938494682 -1.49619949 -0.450766385
 684 1.02882934 -1.16009665 0.110202633 -0.109764695
 685 0.101664774 -1.16238213 -1.56264102 -0.312279463
 686 0.919458568 0.651963294 -5.82589209E-03 -0.706086099
 687 0.558377922 0.424095064 0.347941428 -0.943978906
 688 -0.817793190 -1.53112638 -5.52936643E-02 0.553946674
 689 -0.538382590 -0.168059275 0.852964640 -0.471228361
 690 0.842652202 0.800684452 -0.590027094 0.338366896
 691 -0.353168011 0.902696729 -0.493529737 2.16467857
 692 1.28979051 -1.94148362 0.571866393 -0.589908600
 693 0.629567564 1.64750481 -1.15255439 -0.256902695
 694 3.87690961E-04 -1.20181859 1.17860866 2.00969887
 695 1.55474234 -0.251031369 -0.979597628 -0.671277940
 696 -3.71137559E-02 -0.403285861 0.531079948 -1.27846014
 697 0.333006620 0.319580704 -9.33410227E-02 -0.172833338
 698 1.89290535 0.343738377 0.993228793 1.78076553
 699 -0.396784157 0.786173761 -1.73254943 -1.22795510
 700 1.51492679 -0.930046022 -0.964786470 0.143910795
 701 -0.850731730 1.71442819 8.83996934E-02 0.585073411
 702 -0.672332942 -0.304776818 -0.887440562 -1.66067946
 703 -1.06623757 1.28883421E-02 -0.219582096 2.03446126
 704 -0.644933820 -1.10611939 -0.653338730 0.210456342
 705 -0.687398612 0.590874612 0.456445098 1.64510345
 706 0.312568069 0.598571777 0.411090761 0.498240590
 707 0.489139467 -0.353613377 0.867179632 -0.362021446
 708 -0.339915186 -0.773997128 0.129296064 0.713904798
 709 -0.864903510 2.37710690 -1.02736127 -9.51166749E-02
 710 -1.72372794 0.843490124 -0.120500118 -0.783016443
 711 -8.93916190E-02 -0.812075019 1.45590341 -0.175827876
 712 -1.47585309 1.01699567 -0.204720631 0.135145873
 713 0.898623168 -0.361943662 0.494601369 0.974544823
 714 -0.762805462 -0.999568939 -7.41855986E-03 0.514264703
 715 0.311140567 0.479752004 0.605771720 1.32945776
 716 0.444839835 -0.218470931 0.788067162 0.312254518
 717 -1.53899193 -0.632284760 -1.14730096 -5.48112020E-02
 718 0.410456419 0.550315797 -1.54263079 -1.11627769
 719 1.56303275 0.288214803 -1.29148471 0.199339315
 720 -0.625697315 0.267489135 -0.130903408 3.00237942
 721 -0.769577801 -1.67872533E-02 0.716854990 -0.712307990
 722 -1.16024464E-02 0.872608840 0.107678622 0.708456874
 723 2.74306321 -0.444388092 -0.951035142 -1.78813601
 724 -0.140959471 -0.172275782 0.925153852 -0.900764763
 725 0.419238031 -0.221928522 -9.94296521E-02 -0.551306546
 726 -0.373586237 -1.88502562 -0.510655403 1.75765216
 727 0.977004290 -1.47768879 1.74845946 0.136658415
 728 1.14913642 -0.925969005 0.123364739 2.29064301E-02
 729 -0.606556594 0.111130156 1.27616680 -0.549084425
 730 -4.27124128E-02 1.51182294 -1.28204572 1.38519406
 731 0.104933441 0.295885772 -0.292499006 -0.385924011
 732 1.09790587 -0.505056024 1.09136009 0.413901865
 733 -0.116308786 0.719747901 0.682275414 -0.745635986
 734 0.320831120 -0.603503823 4.02633101E-03 -0.916208386
 735 0.563776910 1.11479521 -0.854209542 -0.659714639
 736 1.70754266 -0.930209637 0.346198916 -5.01286983E-03
 737 0.426831812 0.486974716 4.96338904E-02 0.710028946
 738 1.87665951 0.465877980 0.673179328 1.42257822
 739 -0.574098468 0.676882565 0.164784908 -0.182529554
 740 0.989173710 -1.30739331 -0.262198865 1.30920613
 741 1.40162528 -0.312041998 9.66704637E-02 -0.882540941
 742 0.267939627 -0.486420333 0.585652828 -8.72895122E-03
 743 -0.993861377 0.579516709 -0.433174342 -1.91603935
 744 0.959401846 1.36100245 -1.45359361 -1.26239312
 745 1.17577410 2.11183643 -0.582924902 1.35329437
 746 0.722146392 -0.316577315 -1.00725436 1.23893428
 747 1.55367231 2.33071148E-02 -0.640409410 -1.18422771
 748 0.449541211 0.575008869 1.59553635 -5.19044399E-02
 749 0.918915868 1.24440205 -9.75497290E-02 -1.11108470
 750 0.222055301 -0.849689305 0.245421231 1.81516898
 751 -0.682941377 0.510615587 0.749761760 0.449666023
 752 0.926523268 0.637129426 0.567520082 -1.07803094
 753 1.07521582 0.857525468 -1.09974432 -5.82986325E-02
 754 0.678728461 0.760932505 0.803075671 0.106169455
 755 0.558398962 -0.240495831 0.443376958 0.158966914
 756 0.959649026 1.82745147 -0.951026440 -0.167243510
 757 -1.14280272 -1.68894184 1.22493219 1.64509165
 758 1.02643025 -0.106901735 1.65565729 -0.187229246
 759 -0.809585571 -0.887325525 1.76253402 -0.556448400
 760 0.840716064 -1.76963270 1.63245845 -0.619199038
 761 -0.734367192 -0.231087118 -0.669723868 0.231323838
 762 -1.55509984 1.44584262 -0.397185922 0.425389826
 763 -0.253043622 -1.92988014 -0.559904635 -1.04913807
 764 1.46430445 -1.02766550 -0.255882144 1.83733654
 765 1.08758664 -1.31419253 -0.275538325 1.58714485
 766 1.02882302 0.400272638 6.51980937E-03 -5.14690578E-03
 767 0.796049297 -0.691633105 -1.04141378 1.51155078
 768 0.191862047 1.14527583 -1.27226162 2.75371766
 769 -0.173489138 -0.654987335 1.32244182 0.538630366
 770 0.285269797 0.190109357 0.761912048 -1.49321926
 771 0.333176613 2.08996868 0.456290245 0.850686669
 772 1.49771547 0.831860542 -1.26875985 -1.59046793
 773 1.53221941 0.268428147 0.164286166 1.35688400
 774 -0.500667512 4.64058816E-02 1.21934283 0.593948007
 775 1.63671529 0.206515536 0.256084204 -0.747849286
 776 1.64488912 -0.206501499 0.196636796 -0.667274654
 777 -0.209022433 0.843462110 -0.479181647 0.675067902
 778 7.46625438E-02 0.391166329 0.146254689 0.312718004
 779 -0.261353493 -6.80281520E-02 1.29392219 1.81546664
 780 1.43251371 0.233491719 0.252513885 4.67893034E-02
 781 0.240363017 0.485585034 0.289267719 -7.35392272E-02
 782 -0.454521805 0.648386538 0.185951874 0.708029032
 783 0.513577580 0.276991844 0.747399628 -1.52283442
 784 -0.347096264 -1.31340325 1.71316409 -0.597996831
 785 -0.134493768 0.512557209 -0.932279408 -0.662394643
 786 0.704849720 1.43727553 -0.439792693 -1.42751694
 787 0.531650186 1.55676353 0.930553138 -0.152479723
 788 -7.81016350E-02 1.24789655 1.20786166 1.02488780
 789 1.54240620 1.78332031E-02 -0.469543457 -0.461723864
 790 0.986327946 0.689593375 -0.597535849 -1.23947227
 791 -1.54951739 1.96981251 -0.615260184 -1.96891534
 792 -0.785536289 0.373814374 1.53088999 -1.04873133
 793 -0.513615429 1.98678219 -1.17928469 1.09042954
 794 -0.765897274 -0.522702575 -0.397746265 -1.68180764
 795 0.480892599 0.699619293 -0.587049246 0.800053835
 796 -0.825600147 1.65101051 8.39772969E-02 2.67581582
 797 0.117217526 1.30325580 -0.996553838 -0.605943620
 798 -0.243142635 0.531512976 0.414916396 -0.845349908
 799 0.167859942 0.301087230 -1.10830367 0.387421191
 800 -0.954407871 -0.362125963 0.171936214 -0.539974272
 801 -1.75789744E-02 0.390167415 0.489828020 4.67618555E-02
 802 0.687564492 1.07513511 0.319700450 1.56478310
 803 -0.655065894 0.376509160 -0.468296707 -0.143787518
 804 1.59923387 -1.49897385 1.07869685 -0.377955079
 805 0.922886729 -2.17275769E-02 -1.10101748 -0.658817530
 806 0.656147599 0.463690758 -1.67482209 -1.47841990
 807 0.396234989 0.959684432 -0.309157461 0.552994370
 808 0.915188372 0.426662773 0.297369450 0.740480721
 809 1.02499509 0.298087597 0.247696325 0.178150296
 810 -1.37064171 -7.47572482E-02 -0.252636671 2.51461565E-03
 811 0.955348313 0.799191952 -0.785350621 0.602926970
 812 -0.422741652 0.692191482 -0.981043041 -1.68310416
 813 1.11865938 -0.876536489 -0.363620222 -1.68201125
 814 0.648766339 -2.91209793 -1.74498856 -1.23928356
 815 0.723499775 1.57948852 -2.03069186 1.51672852
 816 0.104626000 0.160294801 0.876877844 -0.611584544
 817 1.15472305 -1.29837537 -0.515425086 0.373768479
 818 0.415591985 2.32698298 0.373212218 -0.582430840
 819 0.141423628 2.21801472 -0.584949434 -0.786120713
 820 -0.174600288 2.65144801 -1.14184737 0.253664970
 821 -0.114596598 -7.35958517E-02 1.44215870 0.793091416
 822 0.968011558 -0.114566475 0.633979321 -0.621828675
 823 0.589330673 -1.04196525 0.242065609 9.13002789E-02
 824 0.620920479 0.816066742 0.226239324 -0.786964536
 825 1.13007009 0.747451425 -1.47581530 0.468937039
 826 0.500452399 2.19432378 -0.622417510 -0.135503501
 827 0.433722675 0.229807407 0.251468062 -0.947004318
 828 0.515018940 -0.504158914 0.925443947 -0.260146379
 829 -0.810647547 1.16369748 0.813502669 -7.57868066E-02
 830 -0.509661973 0.464187652 1.61194968 -0.864577234
 831 0.755118787 2.58990645 -2.39866543 -0.655396998
 832 0.518095315 0.277446300 0.308969498 9.41032171E-02
 833 -0.194680795 -0.429354191 -0.795435369 0.445766509
 834 -7.82978833E-02 -0.977410972 0.125642076 -1.32063699
 835 0.900934219 -1.15680504 -1.60842252 -0.642897904
 836 -0.583087444 -1.35923171 -0.652360797 1.27533972
 837 1.16315770 -0.425585866 2.37392783E-02 -0.859505892
 838 0.439002067 -4.67889607E-02 0.602933407 0.717308521
 839 1.27063119 4.41706963E-02 -0.457183957 1.73054767
 840 0.108994082 0.428423643 -0.712929368 -0.313140363
 841 0.764815271 -2.30835676 -0.142656699 -9.37328562E-02
 842 -1.09770632 4.63092327E-02 0.471613109 -0.665189326
 843 -1.45083106 4.70283367E-02 -1.52656507 -1.02558136
 844 -2.51847506E-03 -0.836985707 -0.952493012 1.83916569
 845 0.558659196 1.65660727 -0.394700944 0.243007123
 846 0.121804118 1.23921013 -0.248165309 -0.152481720
 847 0.674096107 -0.168076426 -0.601046920 0.552150965
 848 1.78564727 0.954958916 -1.26636481 -0.405642718
 849 -0.298895836 -1.57677388 0.420519441 -0.123364180
 850 -1.05111563 0.537580967 -0.142751545 1.72629535
 851 -0.801961541 1.62234628 0.321411759 -0.670862973
 852 -0.848045170 0.715019047 -0.314403057 0.756800771
 853 0.388576895 0.520077109 -1.68370605 0.588319123
 854 -1.31118667 4.06348258E-02 -1.83363914 -0.172278672
 855 1.96761477 -0.648866892 0.200371861 2.92318249
 856 0.642820597 0.657050252 -1.46431911 0.646670282
 857 -0.427045256 -2.23646188 -1.73521787E-02 -0.304108232
 858 0.883961916 -1.66389263 -0.292244256 2.21338558
 859 -0.891301095 -2.65496063 0.886114717 1.35496712
 860 0.810738325 7.45997131E-02 -2.95325327 -4.53083664E-02
 861 0.216576606 0.338912338 0.445808411 -0.667478025
 862 -0.845082641 -0.380475402 -0.310744524 1.20065928
 863 -0.313225389 -2.43580389 0.239527464 -1.08679521
 864 0.693607509 0.198809475 0.739232004 -0.637862980
 865 0.161255807 0.855062485 0.777067840 -0.254867554
 866 1.50132656 -1.40445626 -0.914196968 -0.580460429
 867 0.715531826 -0.537933171 -0.966282547 0.509188831
 868 -0.885701478 -0.571274757 0.763339400 -0.956296623
 869 0.871776223 -0.976707935 2.58895802 6.77373633E-02
 870 -0.204997361 -0.569276214 0.728847265 0.509333014
 871 0.545331061 0.256289959 2.65996099 -1.07965624
 872 -1.87083125 -0.978312314 0.733426929 -0.524513364
 873 1.89688039 -1.62985575 0.752230108 1.28932083
 874 0.386463642 -1.09583354 1.55665505 1.00228536
 875 1.22964561 -0.844477832 -0.493779182 0.202963412
 876 0.858849168 0.196828619 1.26001573 -0.184031755
 877 -0.970943749 -1.39938521 0.767485321 -0.589424133
 878 0.570744157 -0.124518052 -1.03389895 0.208581686
 879 0.258416027 -0.765270174 0.768291831 1.75362146
 880 0.151175857 0.250214428 -0.355426550 -0.637452006
 881 2.15221477 0.289096177 -0.896820903 3.66136134E-02
 882 0.197952867 -1.29972017 4.63328958E-02 -0.693669796
 883 1.52792585 -2.23428202 0.761581481 0.820933580
 884 -0.654658794 -0.744393468 -1.46200705 -0.772265673
 885 -0.107308477 0.254110128 -0.434401631 -1.29976606
 886 1.41312861 -0.548984289 -0.235573605 2.16433716
 887 -0.435454279 3.16288173E-02 -1.18077493 0.819862962
 888 -1.24151492 0.174002886 -1.22025585 0.377341837
 889 -0.356294155 -2.96154833 1.39433110 0.898296297
 890 0.462585866 0.267459720 -0.798815429 3.48718166E-02
 891 3.45720798E-02 0.443246365 1.51588905 -0.532514453
 892 0.344288021 1.41656435 -2.30653238 0.202671260
 893 0.572332203 -1.79527724 5.71995974E-03 -0.472167373
 894 -0.123466678 -0.239924282 1.07540715 -0.710231423
 895 0.524422824 -0.479874998 1.14404666 1.24119580
 896 1.05490959 0.147461891 -2.50539970 0.105176665
 897 -1.11869276 1.82872260 0.316112667 0.192193985
 898 0.523376346 -1.56980610 1.83497238 1.43701541
 899 -1.14564896E-02 -1.41559958 0.190336928 -0.342975140
 900 1.25424254 0.483963609 1.07850099 -1.33549607
 901 1.03753877 -1.93552399 1.27796817 -0.477190197
 902 -0.111348897 -6.17903285E-02 -0.465901315 -0.715348899
 903 0.802450299 0.849328578 -1.93248451 -1.57350552
 904 0.947883964 0.526659012 -1.28057718 -0.744425774
 905 -0.353093326 -1.31418490 1.28988564 -0.463552415
 906 1.01392531 -2.42896771 8.91920179E-02 -0.627805829
 907 -0.133897990 -1.46328211 0.175788343 -0.784221828
 908 -0.416680127 -0.741334438 3.73018086E-02 0.909734845
 909 -0.364777923 -0.577080011 -0.340916812 -1.08482337
 910 2.07599497 0.415869653 -0.660459101 -1.06875813
 911 -0.542957723 -2.35813260 -0.757618308 -1.06701255
 912 -4.04667258E-02 0.749551594 -1.47997570 -1.05775952
 913 1.38982713 0.427897781 -0.118064441 -1.07349467
 914 0.948787451 0.862570226 -0.383456588 0.628860235
 915 0.615195751 1.92990553 -1.52735949 1.47803390
 916 0.397281110 -0.295057267 0.803656459 0.454167128
 917 0.138692155 0.900104165 -2.01546001 0.164845467
 918 -0.599032998 -7.11219013E-02 0.535490870 0.316586912
 919 1.74074447 -0.371679097 -1.96082997 0.676871955
 920 0.420249939 0.982123137 0.124746755 2.64912057
 921 1.23924041 -0.136940807 0.130705416 0.200101092
 922 -0.457294166 -0.770565629 1.06578815 1.12590933
 923 0.155281633 1.00787461 1.21585906 4.60614264E-03
 924 8.09718221E-02 0.201802745 -0.195275009 -0.700974941
 925 1.20741355 -8.28397721E-02 -1.92933190 -1.10506368
 926 0.165526599 -0.475418627 -0.591283321 0.537063062
 927 -5.30174375E-02 -1.24730945 1.11214566 -0.494383991
 928 -0.332312405 -1.17507780 -0.538171053 -0.518316984
 929 1.30656695 1.12940288 0.159863681 0.864032209
 930 0.878296793 0.400267601 -0.331089735 -1.64116025
 931 0.502134264 -0.132347092 -1.22236419 -0.589147985
 932 1.38108587 -0.115485340 0.627531171 2.82435966
 933 0.629167080 0.586924851 0.392561704 0.424412489
 934 2.50232530 0.832003355 -0.102892131 0.861553431
 935 -0.762627065 2.41245031E-02 -1.12412715 -0.522702456
 936 -0.130102992 1.28755534 -0.905604601 -1.49395871
 937 1.33252680 1.38763916 5.34087420E-04 0.379029334
 938 1.71308517 0.836987972 -5.09685129E-02 -0.419153512
 939 0.222970277 5.61320074E-02 -0.736201406 -1.51846206
 940 -1.63699102 -1.26352227 1.01972377 0.940020442
 941 -1.20285940 -4.56636399E-02 -0.374337494 -0.928019345
 942 0.531349301 -1.14480174 -0.530790508 1.72744703
 943 1.61059535 1.45296073 -1.11184418 0.435649872
 944 -0.114837162 -1.06647909 0.562257648 -1.62123179
 945 1.71910077E-02 -0.265487283 1.17305136 -0.260834545
 946 0.682369590 -1.27200496 1.72849476 -0.473223209
 947 1.68128133 0.191868931 -1.70668399 -0.576471269
 948 -1.25356233 0.977879286 0.316215217 1.36946487
 949 0.171780735 -1.94541526 0.434204310 -0.798547804
 950 1.22024095 -0.632880867 1.26884758 9.55273360E-02
 951 1.63468981 1.28919721 -0.843274951 0.412581027
 952 -0.512860775 -1.67609227 -2.17394900 -1.44664919
 953 0.912077367 -2.49314570 1.77377617 -0.929535210
 954 -4.82772738E-02 2.40190625E-02 -1.69003248 -0.414994866
 955 2.07652617 0.107792452 1.02582562 -0.790384531
 956 -0.411793351 0.679993689 0.715077996 -5.59221655E-02
 957 1.65168929 1.26366615 -0.599855542 -0.844983876
 958 1.52821863 1.00071073 2.41838384 -1.63254964
 959 -0.382761776 0.139465645 -0.991353452 -0.373827159
 960 1.49878275 0.155075669 -0.299438626 0.112154722
 961 3.73893976E-02 1.43646216 0.118924350 -1.03049445
 962 -0.572051883 1.39520466 -1.15950203 -1.29444814
 963 -0.622166216 0.401802927 -2.34928876E-02 -0.861765742
 964 2.37990785 0.800473809 0.906794250 -0.917168975
 965 1.69838905 -3.59433033E-02 0.409991562 0.951707959
 966 0.401583523 -0.506327569 -0.162583202 -0.676366866
 967 0.735402882 0.586703181 -0.504467249 0.610009849
 968 0.232769504 0.297550678 0.166459054 -0.971638083
 969 1.49636114 -1.03366220 1.07121766 -0.840867817
 970 0.298979282 0.169603974 1.96879184 -1.47036994
 971 -0.546004415 -0.880476773 2.27538490 1.16793180
 972 0.690900743 0.686216950 1.28866696 1.30268180
 973 1.49747610 -1.18226314 1.27982628 -0.146175757
 974 7.12339878E-02 2.11821776E-02 0.330617517 1.21468854
 975 -0.785130858 9.22541395E-02 -0.294429690 0.330083370
 976 0.740790963 -1.68591845 0.672694564 3.09902692
 977 0.471076667 -1.29923844 -0.213664278 -0.482808739
 978 -0.784826994 1.78747320 2.12559891 1.47888243
 979 -1.19810915 -1.12521327 0.273446918 1.85773897
 980 0.257350206 -0.661624551 -1.10253108 -0.921834469
 981 0.742039025 -3.26496530 -0.569975257 0.692903221
 982 -0.577069342 -0.508945584 0.509199977 0.484092444
 983 -1.20469832 -0.145736426 0.726724267 -0.897830009
 984 -0.173381522 -1.18693268 -1.10006773 -1.51946819
 985 -0.861733496 1.80351162 -0.589179337 -0.604153395
 986 1.26259184 1.07158470 -1.66625130 -0.824525714
 987 -1.49083138E-03 -1.27572262 -0.585719466 0.284525812
 988 1.69518197 -1.45743239 0.368425965 0.370116651
 989 -1.79056637E-03 7.72444904E-02 1.89350104 -0.888950884
 990 1.71755719 0.250337243 0.283384442 1.34610593
 991 0.679470599 -0.454848200 2.14718771 -0.460286587
 992 0.406890154 0.178401053 1.21980858 1.79951894
 993 1.44169831 1.16159737 -1.73386788 -3.74336690E-02
 994 0.737643600 -0.819209814 -0.352098525 1.69600761
 995 2.05008555E-02 -1.76924872 0.535372198 -0.394974023
 996 -0.522924542 -0.604478419 3.02813351E-02 -0.763301492
 997 0.250436515 0.777379632 -0.803590834 1.31928146
 998 0.381841213 -1.74334288 0.178924441 2.24854136
 999 -1.17475772 0.336976975 1.50669670 -1.34321034
 1000 1.71768510 -5.89236319E-02 -0.659224629 -0.837576091
 1001 0.379395545 -0.162411720 -0.671069741 1.38505578
 1002 0.307642400 -0.754773021 1.00719345 -7.31770843E-02
 1003 1.20909023 -0.587271154 -0.922462642 -0.508522749
 1004 0.290362537 -0.238898724 2.02667356 -0.508047223
 1005 1.17992473 -9.07202363E-02 -1.56084943 0.362171143
 1006 0.254003495 -0.633334637 0.885243297 1.66251314
 1007 -0.649374843 1.13772261 1.13202703 -7.39954412E-03
 1008 1.26288497 -0.190637201 0.583279312 0.491079807
 1009 -0.338702202 1.67140770 0.818830848 -0.803969264
 1010 0.190907598 0.497590989 0.903662503 0.723217428
 1011 1.09756851 0.370959818 -0.357147396 0.729909837
 1012 1.19833183 0.521438837 -0.210642174 0.208715960
 1013 -0.474779576 2.14891386 -0.507949591 0.600441098
 1014 -0.564325750 -0.115591779 -0.103104964 0.872979999
 1015 -0.940548182 -0.234262556 0.236159235 -1.45450544
 1016 1.71669686 -0.531880856 -2.00374651 -0.727967620
 1017 0.205126777 1.30479515 8.86106491E-03 -0.708549559
 1018 -0.168810382 0.592235327 -1.13216305 -1.42391098
 1019 -0.228768826 0.995939791 -1.37850118 0.650527954
 1020 0.100426152 0.119394407 0.989631712 0.472184896
 1021 -0.529211223 1.74281991 2.71695304 -0.935661077
 1022 1.74122047 -0.263215959 0.921254694 -0.615766406
 1023 -0.624215782 -1.13119996 2.29860619E-02 0.794317186
 1024 -6.51509315E-02 -0.788866460 1.31803250 -0.779198050
 1025 0.432767600 0.619518280 0.925149918 0.472382724
 1026 -0.299601853 1.08793688 1.53392601 -0.351590812
 1027 -1.05641127 0.723502338 -1.22393370 -0.578645468
 1028 0.435386926 1.27454340 5.26324213E-02 -1.53506160
 1029 -0.752992153 -0.619701922 0.420710921 -0.526074052
 1030 0.515099287 -9.06985700E-02 -1.28047609 1.23338544
 1031 -0.805297911 -0.205926523 0.858761668 -8.30508545E-02
 1032 -0.793630421 0.229665935 0.974999785 2.72244501
 1033 -0.414114833 -1.50050604 -0.744029343 -0.478665650
 1034 -1.79233766 1.23657489 1.95957887 -6.27710596E-02
 1035 1.16115093 0.548472047 2.25210643 -0.653187692
 1036 -0.918706536 -1.23970413 0.895223439 3.28384191E-02
 1037 -0.987710118 1.20911777 -1.72544897 8.42377245E-02
 1038 -2.03260398 4.80040908E-04 0.288787603 -0.307267487
 1039 -0.965517223 1.25361562 0.352031469 -0.214036852
 1040 -1.91162384 -1.55727208 0.911421180 0.806411743
 1041 -4.38448811 -1.18795967 1.46924984 -0.390095562
 1042 -1.00754499 -0.416814595 1.42976546 -0.860532045
 1043 1.25848806 -0.401935786 1.57711387 0.676497340
 1044 -1.63870096 -1.19964314 2.30697703 -0.848272502
 1045 -0.712329447 0.626879156 2.32535720 -0.550333858
 1046 -1.91689014 -0.545801818 1.46471107 -1.53534997
 1047 -0.100607067 0.555570245 2.04125500 -0.314369857
 1048 -1.01200640 -0.340747595 0.510116935 -0.382354349
 1049 -2.68626976 -1.24074447 1.70750356 0.351734906
 1050 -1.12330961 3.84763665E-02 1.15461540 0.665431917
 1051 0.164420247 0.429871827 1.55865633 -0.623309970
 1052 -1.68796897 -0.415129393 1.10167992 -1.52645063
 1053 -0.830052197 0.973825336 0.891627252 -0.166908249
 1054 -1.24875796 -0.215993851 3.74752593 -0.378169954
 1055 -2.92776513 1.12523329 1.61534786 0.559598505
 1056 -0.578953207 0.178153366 0.703500569 0.782733381
 1057 -1.88965321 -0.294807673 -2.73913629E-02 0.584606111
 1058 -1.48245323 0.210470349 2.11752152 -1.66513157
 1059 -0.321485460 1.05100298 2.86980271 2.51208639
 1060 -1.24869621 0.582767606 1.62610018 0.291096121
 1061 -1.77210581 0.323609501 1.97124135 -0.360938728
 1062 -0.463018447 -0.950333834 -0.737406015 -1.22302377
 1063 -1.54048061 -0.623808146 1.96456635 -1.74734890
 1064 -1.28083217 -2.13605189 0.830622315 1.27044225
 1065 -0.934873343 -0.448408335 0.758088827 -0.519518614
 1066 0.226795822 -1.22470498 0.939993978 -0.980612457
 1067 -1.37660778 5.66502661E-02 1.53041470 -0.654584289
 1068 -1.14402544 1.18643653 0.249687582 -2.37604976E-02
 1069 -0.314683318 -0.255688906 1.46402228 -0.501304924
 1070 -0.324793160 -0.528620183 1.35710180 -0.587864995
 1071 -1.52160490 -0.396031797 3.31875896 -0.546691537
 1072 -2.23351002 0.256291330 -0.862370014 -8.37062299E-02
 1073 -1.61120403 0.717640102 2.01573062 1.09095287
 1074 -1.39817989 8.52403790E-03 -0.409583926 -7.14005828E-02
 1075 -1.61945152 -0.809093952 -1.10590923 -1.52460253
 1076 -0.907283843 -1.09254074 0.477438360 -0.789353311
 1077 -1.27441359 1.48511827 -7.34753758E-02 -0.666508079
 1078 8.28665048E-02 0.614210069 1.00779855 1.95021343
 1079 -1.13733423 -0.821273863 -0.621756196 -0.983733773
 1080 -0.632335186 0.257202446 0.217327729 0.373581916
 1081 -1.04328549 7.93415532E-02 1.08347082 -1.30861080
 1082 -0.907313228 -0.240255326 1.09681809 -0.119667485
 1083 -2.17314100 -0.791852951 0.394714057 -1.53203952
 1084 -1.87624454 -0.119843483 2.23487329 -1.90892071E-02
 1085 -2.04531384 1.82029009E-02 -0.175592229 -0.669507623
 1086 -1.68089998 -0.117494330 0.995573997 -0.783741415
 1087 -2.17223573 1.29251015 2.33030200 -0.734859049
 1088 -0.496329606 0.101137787 -0.216216475 -0.487534463
 1089 -1.23836982 -1.90982223 0.307127118 0.869847119
 1090 -2.08340001 -0.547752261 -1.68748116 -0.573352218
 1091 -1.53394592 0.308966905 1.41632617 -0.683398843
 1092 -1.33175933 -0.624512732 -0.366527915 6.32251352E-02
 1093 -1.62751567 0.430830210 -0.373053640 -0.589073300
 1094 -0.371385157 0.421216577 -0.477827847 0.647472262
 1095 -1.53622866 -0.567809582 -0.665541172 0.599845409
 1096 -2.46052265 0.772541940 0.424909294 3.61550003E-02
 1097 -1.72788393 -0.479679853 1.35140312 1.23942578
 1098 -1.23024893 0.270113885 -1.01170778 2.06073141
 1099 -1.65012538 -0.126348659 2.16347098 -0.657234371
 1100 -2.21232700 0.368801951 -0.868394613 -0.740666151
 1101 -0.939933717 -1.43820119 1.23864996 -1.80024219
 1102 -1.58924580 -0.213827640 0.456818938 -1.14040673E-02
 1103 0.578230262 -0.951309323 1.16864908 8.70446861E-03
 1104 -1.76458645 1.30880642 0.479009271 0.635765076
 1105 -1.38435876 0.700600803 -0.466254175 0.801896393
 1106 -1.93000221 1.63065600 -0.200931996 -0.635913253
 1107 -1.73709929 -0.523769438 -0.812149882 -0.731933355
 1108 -2.74364114 -0.291274875 1.86025810 -0.183898062
 1109 -2.95555997 -0.171577424 1.57200968 0.111623369
 1110 -0.455373377 -3.94307673E-02 3.16851437E-02 1.44053578
 1111 -2.26831222 1.62010229 -1.32449961 -0.672291458
 1112 -0.278702319 0.284401059 -0.959207892 0.645295560
 1113 -2.17991376 -0.495533705 9.57135856E-02 0.914919257
 1114 -0.972743273 -1.13483477 0.595234036 0.157043308
 1115 -2.42541957 0.712681651 1.19903660 -1.72556615
 1116 -1.50961554 0.486764848 0.683136702 -1.01999772
 1117 -1.61532819 2.16521978 1.65868962 -1.19057012
 1118 -0.872465670 -3.19374725E-02 -8.59212428E-02 -1.38462722
 1119 -1.98113525 0.467332274 0.790689230 -0.556078911
 1120 -0.370559484 -1.52543831 -0.747620106 -1.17571223
 1121 -0.931984425 -0.293343425 0.911845446 9.97210890E-02
 1122 -0.801647186 -0.385501921 -0.305154681 0.481707335
 1123 -1.01284313 -0.925061822 1.52945876 -0.357954293
 1124 -0.294761568 1.54586315 2.42065620 -1.35041761
 1125 -0.399676889 -0.441590846 0.640537620 -0.453713596
 1126 -2.22098231 1.04194880 0.263446480 -0.713752031
 1127 -2.49186039 -0.742409050 -0.249888808 2.21092057
 1128 -0.903135180 0.165844709 0.535984099 -0.192002669
 1129 -1.15538085 -0.763274789 0.712995827 2.22756004
 1130 -1.58299983 0.348756433 0.954330504 -0.243702844
 1131 -1.49881780 -1.43850136 1.15821290 -0.517664015
 1132 0.446718246 -1.27359104 0.414779514 0.910286248
 1133 0.176715434 -0.983915687 1.51892030 -0.127439067
 1134 -1.97996128 -0.927441359 0.999818683 2.16303754
 1135 -1.86829257 -1.04320180 -0.367873549 -1.64706135
 1136 -1.61292064 -1.48800087 2.24744844 -0.305020809
 1137 -1.87627101 0.997854292 -0.956629992 0.423865914
 1138 -3.19532061 -0.277691603 0.251689970 -0.364373028
 1139 -0.364257514 0.923126400 -0.673286676 0.418668717
 1140 7.48215392E-02 -0.568305254 -0.524097502 -9.49776024E-02
 1141 -1.22642648 -0.486676693 1.55871904 -1.38287473
 1142 1.62487292 0.342593789 -0.926194608 0.666487694
 1143 -0.621228337 -0.140371263 -1.76416552 -1.62201142
 1144 1.05306160 1.61058950 -1.49279225 -1.31155860
 1145 -0.510696292 0.954601824 -8.54625851E-02 -0.512244165
 1146 -1.07575989 -7.05115348E-02 -5.93488775E-02 -0.108174302
 1147 -0.181151181 -0.490798533 1.27164459 0.168396980
 1148 1.13414502 0.432159752 1.17354858 0.471035898
 1149 0.378797859 -0.895260990 -0.866812348 -1.80281317
 1150 -1.25096130 0.720392942 -1.91520298 -0.674401879
 1151 -0.348765880 0.442496359 -1.67273891 0.438222200
 1152 0.575168550 5.84285893E-02 1.03061628 -1.25737834
 1153 -0.724263132 0.462591171 -0.946578622 0.183271512
 1154 1.87175071 -0.704175472 0.370441735 -1.52841496
 1155 0.448534518 1.73185229 -0.994293928 -0.513933897
 1156 -0.670236051 0.328090578 2.49585533 -0.822733641
 1157 0.518023014 -0.749220610 -0.681124151 1.59147829E-02
 1158 0.658165574 0.317592025 1.44653213 -1.49857318
 1159 1.84585977 -0.414522737 0.655846834 -0.994256079
 1160 -0.686960459 1.02079940 -0.602806509 -0.387705088
 1161 0.391886830 -0.264838517 -1.30882621 0.486844480
 1162 0.798650086 -1.49876821 0.362127632 -0.617399991
 1163 -1.47992671 -0.530898750 -0.300329924 1.62862575
 1164 0.423227876 0.689436376 0.701065481 -1.23509836
 1165 1.11961567 8.03229585E-02 0.396642625 -1.32281542
 1166 1.33358634 -0.451995432 -1.62702751 -1.39818406
 1167 -2.12894082 -1.46220815 -0.905442297 -1.54045939
 1168 1.38737786 0.192128167 1.36804473 5.62929809E-02
 1169 -1.91391325 1.50493550 -0.535820663 -0.745377481
 1170 -7.16472119E-02 -0.145443097 -0.321812719 -1.17194414
 1171 0.979896009 -0.671900272 0.269569576 0.100355282
 1172 1.19296038 -0.815521538 0.880939841 -1.33794200
 1173 -1.13609111 -0.220163405 0.988535404 1.66634774
 1174 -1.45501125 1.18827522E-02 -5.43862507E-02 -1.33403587
 1175 -0.556778252 -0.312260509 1.03820705 0.737801492
 1176 -0.905645967 7.53536522E-02 -1.47034752 -1.35801923
 1177 -0.831331968 1.78502762 1.43530333 -0.137566164
 1178 -1.04562044E-02 -0.684593558 9.39912722E-03 -0.657050073
 1179 1.42110169 1.12017632 -0.902577996 -1.67924154
 1180 0.955571175 0.538523793 -0.260336369 -0.481742650
 1181 0.293893576 -0.188366264 0.150784761 6.53979182E-03
 1182 -0.566095114 0.142574430 -0.753703475 -0.215403557
 1183 0.673206031 1.08546257 -1.12387776 -1.37031186
 1184 0.595579982 -0.538232028 -0.330806732 -0.678614318
 1185 1.21117079 -2.08237362 -0.498074770 -0.578292608
 1186 0.638597727 1.08381188 1.74040544 9.72170681E-02
 1187 0.277047276 0.830818594 0.543934107 -1.28216136
 1188 0.357581645 0.353506207 1.29711330E-02 -0.376102179
 1189 -0.230683386 0.450536847 0.949266791 -1.49483645
 1190 0.404301971 -0.462709367 0.922742844 -1.55130136
 1191 1.02655590 0.849007726 0.131468147 0.262868106
 1192 1.57691324 0.826821923 0.237180054 -1.34409678
 1193 0.708557010 0.138194367 -1.12031436 -1.20247173
 1194 -0.864646554 -0.342391849 -0.206843227 -1.85694206
 1195 0.756900549 -0.459477752 -0.703746259 -0.898310781
 1196 -0.712475777 1.08601725 -0.355342329 -1.24642897
 1197 -0.161702439 0.166383758 -0.124080062 0.754520357
 1198 -0.814879358 1.60056603 -0.378986895 -1.55950308
 1199 1.03866458 0.508265436 -0.421702296 -1.20380723
 1200 0.820278168 0.518988669 0.361614376 -1.76516044
 1201 -0.309789836 0.767791569 -0.661441267 0.330185831
 1202 -0.259014487 -1.41344595 -2.15982533 -1.41378474
 1203 0.821169972 -1.11997366 -1.14352930 -1.59941840
 1204 -0.147421211 -4.41347286E-02 -7.13761300E-02 -1.19951880
 1205 -1.44702923 -3.03815794 -1.19442606 -1.56427300
 1206 0.168826014 1.67854987E-02 -1.27254629 1.79712164
 1207 -1.23836780 0.447788775 -2.02742004 -0.616195560
 1208 -0.232593894 -1.49641597 0.750692606 -1.47971582
 1209 -0.690015852 1.48534924E-02 -2.66657114 -1.33047938
 1210 2.56185079 0.576676369 0.194449142 2.31032521E-02
 1211 0.990416944 1.72827542 -0.200835183 1.37645888
 1212 -0.212889746 -0.112786889 0.228913203 -0.486967146
 1213 0.675347447 -0.940510869 0.488612711 -0.618696392
 1214 5.20692766E-03 -0.551692843 0.214733422 0.181757554
 1215 -6.28867671E-02 0.256796658 -1.34247446 -0.562931478
 1216 -1.63659787 0.787802994 -2.45141244 -1.42282438
 1217 -6.82384744E-02 0.951690853 -0.785073400 -0.484408557
 1218 -0.173954248 -0.459624648 -1.63064170 0.322566688
 1219 -1.18748283 -0.645189404 -0.352195263 -1.52044094
 1220 -0.224725708 -2.17108679 -0.577194691 0.559485376
 1221 0.906960547 0.572674751 -1.11559498 -0.551599801
 1222 -9.39045697E-02 -0.528835416 -1.06775510 -3.17534804E-02
 1223 -0.437864065 -0.925116241 -0.574070215 -1.05222833
 1224 -0.935330868 1.00441194 0.256095827 -0.336176574
 1225 -0.924159527 -1.21358383 -0.565581799 -0.438086778
 1226 -0.101843402 -0.466892958 -0.997426987 8.29999894E-02
 1227 -0.302822798 -0.341716021 -1.41148782 -0.100722447
 1228 -1.04070044 0.263339221 -0.222265393 0.694866657
 1229 1.35430694E-03 0.854735374 -0.295322299 -0.620278835
 1230 -0.530884922 0.604964733 -2.36912036 -1.09930038
 1231 0.469802916 1.02353740 -0.882812142 -0.891893506
 1232 -0.400426030 -1.15330410 -1.52894425 -1.09683275
 1233 1.87981904 0.985627651 -7.91678652E-02 0.144116446
 1234 0.731977999 -1.00518537 2.08499575 -3.86359990E-02
 1235 0.646140218 -0.209010258 -0.255322486 -0.575089574
 1236 0.564108133 0.778117299 0.194540560 -0.490515500
 1237 -0.118003100 0.230445445 -1.12479270 -0.558735847
 1238 -0.256118715 3.68770733E-02 0.262655377 -1.29734182
 1239 -1.14829147 0.776908517 0.889678419 -0.100815207
 1240 0.565707326 0.825000048 -0.656173348 -0.914335668
 1241 0.432290703 0.144886985 -0.476872563 -1.85402369
 1242 0.147122324 -1.06249559 -0.255943477 -1.58645272
 1243 7.32735842E-02 -9.76916701E-02 0.922597229 -1.23984945
 1244 -0.490971148 0.167197198 -0.470516592 -2.05813074
 1245 0.499499142 -0.887570322 0.407514989 -1.40349805
 1246 1.40918517 2.12265825 -1.99016845 -1.02725267
 1247 -0.327744365 0.570424139 0.253994942 -1.04927969
 1248 0.978452981 -3.07248347E-03 -0.622226000 2.29843557E-02
 1249 -0.333545089 0.848044217 0.238789916 -1.68236876
 1250 -0.354559422 -0.298932970 -5.62517568E-02 -1.51025951
 1251 0.609928370 1.04232597 4.84680608E-02 -0.431835771
 1252 0.420519859 -0.851788759 0.170230940 -0.150116116
 1253 -0.203173593 -0.330699831 0.403548539 -0.283067048
 1254 1.28075123 9.66458768E-02 -1.21378624 -0.552383006
 1255 -1.34835148 1.15434766 -0.777989089 -1.35664427
 1256 -0.247948408 -0.211792856 -1.64259350 -1.90449429
 1257 0.442657650 1.34234452 0.242471978 -0.302264392
 1258 1.64586425 0.665956020 0.213138148 0.494504035
 1259 0.106849313 -0.624703050 0.216138124 0.434115827
 1260 -0.248101130 1.20950532 -2.34755659 -0.397940844
 1261 0.191791788 0.466130793 -0.719753027 -0.382095635
 1262 -0.862289011 8.27045739E-02 -2.54399109 -1.31524062
 1263 0.319840163 2.46438169 -1.50886667 -0.732477188
 1264 0.218162775 0.647448838 -0.672916174 -1.67963052
 1265 8.42373073E-02 1.86414385 -0.526833057 -0.452836692
 1266 1.68911064 1.14456010 -1.85993004 -1.75927889
 1267 4.33634222E-02 0.558928549 -0.132469922 0.479087174
 1268 0.697220087 2.41400719 -1.07906544 -0.741638124
 1269 0.106851190 0.324685991 -0.493653417 -0.888616085
 1270 -0.656257391 0.631610811 -0.563387275 0.930350780
 1271 1.07930183 2.03030038 -1.96097755 -0.565742195
 1272 0.647029042 1.36182857 -7.07113445E-02 0.103259489
 1273 -1.02717888 -0.399672508 0.259079844 -1.28578138
 1274 1.75225115 1.52213442 -0.933226585 0.562700868
 1275 -0.802850485 0.390231371 -0.622842073 -0.444157600
 1276 1.19057298 0.837314129 -1.26985765 -0.433948576
 1277 2.13577151E-02 1.26687384 -2.09057784 -1.32025015
 1278 1.10434818 1.52004766 -5.82155176E-02 -1.15293646
 1279 1.80707562 0.728621244 0.766182661 -0.166232660
 1280 0.459324628 1.18065310 1.01347077 -0.389679611
 1281 0.382547498 -0.350176513 -6.59803152E-02 -0.526823878
 1282 0.786033630 0.290091485 9.38530266E-02 3.02955359E-02
 1283 1.46251106 0.176642954 0.779383421 1.05959392
 1284 0.699452758 3.01211691 -9.08439793E-03 -1.18179989
 1285 -0.769248307 -0.653876424 -1.81234193 -1.70112062
