 1 0.457984269 -0.787951529 1.19865358 -1.64374149
 2 -0.287371814 -7.61146173E-02 -0.395510435 1.71788287
 3 2.52968645 9.38465372E-02 1.70192197E-02 -0.446428955
 4 0.368759006 0.218596339 0.356087506 0.654366791
 5 -2.00021029 -0.180889130 -0.598250747 -0.215657920
 6 0.553525090 0.375834316 -1.70188046 -0.719173312
 7 -0.424261957 0.328154683 -1.53320074 2.64568996
 8 -0.643044710 -0.537469923 -1.31704974 0.728894770
 9 0.309492886 -1.53643870 9.24259499E-02 1.95101583
 10 -1.44084156 -1.37140751 -1.60872066 1.58605695
 11 -0.918085873 0.486913860 -2.10720468 -0.124623388
 12 -0.269608796 8.59041810E-02 -1.04775453 -0.169160992
 13 -0.694722831 0.652608991 5.56226410E-02 -0.564127624
 14 -0.547281206 -0.840920091 8.01523924E-02 -0.284688354
 15 0.881901979 1.33337200 0.687870920 1.88337517
 16 5.54929078E-02 1.29223263 -0.373127103 0.730340958
 17 0.867507398 -0.484061003 0.681043029 0.580648422
 18 -0.410688758 -0.319110751 0.754685760 1.51287162
 19 3.62006575E-02 -1.02797687 -2.15156817 -0.528970480
 20 -0.737454534 0.143019795 -0.769786537 -0.150440067
 21 -1.54410172 0.276531518 -0.737857401 -1.54244614
 22 0.504607916 -1.27910268 -0.634840190 -1.02253270
 23 4.85027134E-02 -0.259057492 0.490971118 2.03645873
 24 -0.526122987 -1.02463913 0.178865552 -1.57588482
 25 0.642845392 1.38612592 1.79371798 0.299694479
 26 0.302617639 1.20726776 -1.55674911 0.780774951
 27 1.09366453 0.535096288 -1.31198192 -1.45084870
 28 -0.156889543 -0.711277306 -0.213074178 0.323284477
 29 -0.482712626 -0.846692562 -0.979990840 0.447260469
 30 2.58814788 0.134341449 0.139403418 -0.518108010
 31 -1.62896049 -0.305389464 0.656626999 0.578499913
 32 -1.24162483 0.679606259 1.72785342 -1.59106112
 33 -0.387470812 -0.839924932 1.28281796 2.80479193
 34 -0.287395090 -0.984009922 -0.863342047 1.08308268
 35 -0.218512550 8.04670751E-02 -1.08882535 0.171835363
 36 -0.507075250 1.16816056 -1.94686627 -0.578866005
 37 -1.94066882 5.53226769E-02 -1.40320075 -0.545429051
 38 -0.302275032 -0.896375656 -9.56853032E-02 0.506138861
 39 0.739612043 -0.585506797 -8.03478509E-02 -1.78716612
 40 1.93850589 -0.721733570 -0.322245419 -1.24093318
 41 -1.31419981 -2.30082130 0.154929832 -0.808765829
 42 0.421398789 0.288706779 -1.24393058 -0.224252641
 43 5.53390533E-02 2.83163404 -0.146112740 -0.351742566
 44 0.188635692 1.84136367 1.40206528 -8.82890821E-03
 45 0.422012091 0.969131947 -1.49986160 0.597062707
 46 0.117281899 -0.453355968 -0.625037253 -0.151012808
 47 0.978625536 -3.86748016E-02 1.67117524 -0.483528972
 48 -0.987219334 -1.86990821 0.468912899 -0.433082491
 49 0.157921910 0.515375555 -0.621166945 0.845631838
 50 -0.213633180 -0.688772500 -0.586621523 -0.520891488
 51 -2.60014057 1.22510529 -2.12136936 -0.335723370
 52 0.284869820 1.31832898 -5.79854399E-02 0.619139850
 53 -0.999856532 -0.945207059 -1.21686125 -1.30876040
 54 -0.355274916 2.37266868E-02 0.502837360 1.02000928
 55 1.00856149 0.360076457 0.310459167 1.86722994
 56 -1.28040767 -1.12070513 -0.145599365 0.251385450
 57 -0.209657177 -2.32253981 0.347014546 1.48229754
 58 -0.946827531 -0.406789780 0.108184673 0.211203694
 59 2.00508428 1.80827558 -0.486298740 -1.39915729
 60 0.361684859 -0.975427866 -0.770400226 0.376984179
 61 -1.82999521E-02 -0.329552114 -0.211744875 -0.212682813
 62 1.61905468 -1.44428837 -4.81783114E-02 -1.60393250
 63 -0.771817565 -0.432464331 0.928546607 -1.28930748
 64 1.25701499 4.46895808E-02 2.88123298 -0.752551734
 65 -0.209436357 -1.67752194 0.343215168 0.188366890
 66 0.840143442 0.497953534 1.88247168 -1.94499815
 67 -0.871367633 5.40857613E-02 -1.34451425 0.519106865
 68 -1.58440208 -0.437241971 -5.25502115E-02 0.361499012
 69 -0.817543209 -0.616819978 -1.04606950 0.679905236
 70 0.327679217 6.08910471E-02 -1.25754535 -1.38504016
 71 -1.03083265 -0.561756849 -1.95291483 1.61347663
 72 1.52743340 0.452109843 -0.890679896 -1.30969369
 73 -0.919421434 0.138835937 0.682893872 2.07869792
 74 -0.634116411 0.231126606 -1.06126630 0.495837033
 75 -0.614961863 0.598981380 -1.13225913 -0.328256607
 76 -0.530648232 -0.644067883 1.92188644 0.654296935
 77 1.57442892 0.978762805 -2.31746936 -1.51403463
 78 1.60613537 0.381386250 0.995212555 -0.425023347
 79 -0.375217736 -0.555365443 -0.480196685 0.461679041
 80 -1.22303522 -2.50610560E-02 -0.784978390 -0.532298028
 81 0.973950624 -0.223294139 -0.617794871 -0.372304767
 82 -0.434965223 -2.34743023 1.06174850 -1.38459098
 83 -0.827858925 1.73060095 -0.119866371 0.321226597
 84 -0.538776517 -1.40033364E-02 0.521364808 0.658190668
 85 1.50943995E-02 -2.93620825E-02 -1.79246509 -1.64537168
 86 -1.08321464 -0.590457797 0.205206111 0.674556196
 87 -0.206438959 -0.927859962 -0.181934088 1.84798741
 88 0.146306366 0.228065431 1.94268250 0.831630051
 89 -1.71226835 -2.64875889 0.820982337 1.08436787
 90 0.841853142 1.32172215 -0.489571989 -0.802118659
 91 -8.46637189E-02 -2.19781733 -1.32896495 0.940816522
 92 0.703346014 0.345398635 1.09135222 1.68682587
 93 -2.00000095 -0.930457890 0.351875842 -8.33168626E-02
 94 -1.22562838 0.612421334 0.600978196 -0.829094648
 95 2.26285219 -1.29116201 0.652096868 1.50681984
 96 0.103465870 -0.933685064 -1.79427671 -0.762976587
 97 0.803425074 -0.410751998 0.294271886 -1.32308733
 98 2.08023429 -1.00281727 -3.58659290E-02 -1.56225455
 99 -8.27485770E-02 -2.47923541 -0.419081956 1.07954669
 100 -0.194556326 -1.81503594 1.58271313 -0.174174204
 101 -0.258963764 0.540169597 -0.880175591 1.16788721
 102 2.85139203 0.163440064 -1.39870036 -0.376358539
 103 -0.218005449 -0.378286451 2.57546496 0.661871552
 104 -1.20368874 -0.814675272 -0.548157215 1.59046280
 105 -0.491170585 -1.58764362 -0.498916507 2.68478084
 106 0.736080408 -0.448356211 1.96568716 0.434608638
 107 -0.226824656 -0.170816049 0.148901522 1.63833463
 108 -1.79835117 -0.501008451 0.351238251 0.175130755
 109 -0.733944952 1.01807392 -0.409977973 -1.22941577
 110 -2.66232800 0.556948662 0.525109768 0.940761328
 111 0.941381931 -2.19762230 1.47740054 -1.15146208
 112 0.269408464 -0.696170747 1.40816510 -8.31077397E-02
 113 0.431023270 1.41294897 -1.46620488 -1.41035318
 114 -0.561627328 1.90483904 1.62805629 1.65550518
 115 2.52381253 -0.865681767 -0.326104343 -1.57594883
 116 -0.315493882 -2.20449114 1.37196183 0.599685848
 117 -1.30065823 1.24669826 1.94893634 0.356104910
 118 1.21302187 -8.95076245E-03 1.06369448 0.826813757
 119 -0.393428147 3.16334963E-02 1.56167364 0.201691687
 120 -0.386961818 1.44439483 2.03483891 1.54499578
 121 0.300037116 -0.798981190 -0.303253651 0.998729467
 122 -1.11055005 -2.69775057 0.772879601 -0.262392104
 123 -0.418294072 -1.85110974 -0.980343580 1.70449865
 124 0.217003912 -0.220746472 2.06120777 -1.22774279
 125 0.458391368 1.34971333 -0.740994573 -1.50356483
 126 -0.329366922 -0.541513503 0.149779424 -0.736125529
 127 -0.993360162 -1.55393720 -0.194467843 0.184518844
 128 -0.551725507 0.360414326 -0.492587507 0.539890707
 129 1.49488235 0.603788555 -0.123665318 -1.46380186
 130 1.08581901 -0.101395726 0.895091951 -1.48559141
 131 -0.606727004 0.198943228 0.847999275 0.564238012
 132 0.222829908 -1.00510991 0.910122335 1.44695807
 133 -1.30177641 -1.27568948 0.321080685 2.54338098
 134 0.725405633 -0.424229920 0.358141750 1.80288911
 135 0.906579614 -0.104757845 1.92360651 0.534154654
 136 0.853571653 -0.309817940 0.358767271 -1.46267152
 137 -0.375601530 -9.53643024E-02 0.779335082 1.86567473
 138 -1.75396430 0.419224262 0.256502688 -1.39923799
 139 2.47345853 0.371068448 -1.10137975 0.844275594
 140 -1.05357921 -0.665916681 0.632791460 -0.425821960
 141 2.65951037 -0.138615355 1.96861100 -0.473348707
 142 1.41587615 -1.09875405 0.307800472 -0.135021776
 143 -0.790681601 -1.44444370 -0.935994744 0.730723321
 144 0.441941351 -1.16851616 1.62692738 0.613364875
 145 -2.29061389 -0.351127416 0.486074150 -0.527869582
 146 -0.860502958 -0.629319549 -0.513127208 0.626215279
 147 0.934715390 -0.457302034 3.41298431E-02 -1.46166432
 148 -0.410869390 -0.935677171 0.894771338 -0.540387988
 149 1.19931138 -0.169391155 1.42522311 0.607639849
 150 -0.966484427 -0.424282521 0.163463235 0.549191713
 151 -2.29969645 0.199482471 9.99439210E-02 0.820429921
 152 -0.603235364 -0.916786313 2.03178382 -0.962242126
 153 0.617687762 -1.12578392 -3.19512039E-02 -1.67885590
 154 -0.184366360 -1.67371988 1.00070500 -0.393864363
 155 -0.734240651 1.92809355 0.123027697 -0.298998803
 156 0.128928930 -1.01763272 4.93792892E-02 0.279466212
 157 -0.843559980 -0.601892710 6.73735142E-03 -0.978303373
 158 -0.783503950 -1.95117497 -0.482790619 -0.315032542
 159 -0.561629295 0.362729311 -1.66245162 -1.59535825
 160 0.282484025 -0.267838895 -0.731994033 0.480648994
 161 -1.83996499 -0.941967487 1.10891998 0.510595441
 162 -0.437214285 -0.868345141 -1.85727417 0.662291408
 163 -0.190623000 -0.480980515 1.58828127 -1.35641026
 164 -0.624137104 0.488760889 1.14516115 -1.40001178
 165 -0.747245431 0.125820190 -2.03394032 -0.128749162
 166 -0.290852129 1.30783367 0.537960172 -0.132808894
 167 -0.407817811 0.802110612 1.82392311 -1.57475710
 168 -0.367022753 -0.517225802 1.65694118 -0.225307673
 169 1.09402919 -0.461181402 -0.454219222 -0.368285239
 170 0.725214660 -0.220584095 1.39378905 0.507938623
 171 0.598996878 0.650069237 1.56316972 -9.16442275E-03
 172 -0.629362464 -1.81066608 2.00113893 0.573724270
 173 0.360346884 -0.795358658 -0.168532670 -1.33036232
 174 -0.201151699 0.771800339 1.01256740 -0.399016589
 175 0.239858314 1.80635488 -1.33440733 0.713601232
 176 -0.685972452 -0.700805783 -0.858230174 -0.293905020
 177 -0.136599571 -0.384078532 2.16603351 -0.768647730
 178 -3.82796228E-02 -0.276668340 -0.427785367 0.448522478
 179 -1.06102252 1.28139687 0.774491668 0.479417294
 180 0.801640987 1.63136017 1.84442079 0.705003798
 181 2.20552254 0.583332539 -0.184635654 0.521209836
 182 8.45794380E-02 0.990765691 -1.32976294 -0.347251087
 183 0.703824341 -0.449649215 -0.293995738 0.821677566
 184 0.436369181 2.55882740E-03 1.97856975 -1.70317757
 185 -0.391142637 -1.36847639 -1.77909327 1.19169068
 186 -0.707136035 0.259632289 -1.93832529 -5.22956252E-02
 187 0.718711972 -1.34956169 2.57841563 0.817701817
 188 -0.488672554 1.24313486 7.24660680E-02 0.676729679
 189 0.889581919 1.35913038 -1.36303103 0.318847746
 190 0.904005766 -0.150647566 1.34919453 -1.73108673
 191 1.03424013 2.91338265E-02 -1.67980134 0.686070085
 192 0.220707566 -2.68848017E-02 -1.12534690 0.451124042
 193 -0.286731958 0.728328824 -1.83399868 -0.129937112
 194 1.25789583 1.17977381 -0.663204193 0.935542643
 195 -1.03324020 0.762431264 -0.692741096 0.288144171
 196 -0.777895570 0.664872468 0.375671625 0.312481403
 197 1.51098430 1.25778317 -4.85298038E-02 -0.914931417
 198 0.793478370 1.47141230 -0.606962502 -0.819025993
 199 0.131643891 2.67986301E-02 -0.377711117 -1.34493017
 200 0.410540402 -1.52757215 -0.378783047 -1.24085033
 201 1.35989487 0.622520268 -1.08170044 1.15654683
 202 0.693657517 0.360894591 0.496420354 0.192058742
 203 0.276834518 -1.92080736 -1.05878019 -1.62754011
 204 -1.20040023 -1.53495860 0.677838027 -0.361179888
 205 -0.495981336 -1.09412432 -1.15666592 6.38905764E-02
 206 0.301350951 -0.614243150 -2.23538661 -0.283304274
 207 0.576469719 0.907908618 1.03812087 -0.489786923
 208 -1.21933556 1.63591480 0.119754791 -1.91513777
 209 2.80621934 -0.506369889 0.279154420 -1.33501780
 210 0.862491786 -1.38987386 -1.13937557 -0.506259799
 211 -1.14646518 5.42823747E-02 0.942664266 1.47010040
 212 0.265421867 5.02474718E-02 1.83897614 -0.491315156
 213 0.996285558 -0.772463441 1.49994862 -0.475408465
 214 -1.25696254 0.754083037 0.306190491 -2.32848227E-02
 215 -0.814618945 -0.794524789 -0.951938033 0.852873325
 216 -0.815908551 1.28636706 -1.67280829 0.730732024
 217 0.597569346 -2.93123648E-02 1.61123729 -1.03939271
 218 -0.597373605 0.779550016 1.43776667 0.218746811
 219 0.117360614 -0.737748861 1.43843615 -0.738427639
 220 1.45692050 -1.42496049 0.616640925 -0.765042424
 221 0.134399846 -1.61528361 0.490267962 -0.594845057
 222 0.375549793 0.724209428 1.27244377 -1.96014988
 223 0.222526819 -0.104333833 1.52119052 0.599175692
 224 -2.62331676 -0.935509741 -0.554900527 -0.656662107
 225 0.535029769 -1.30785501 -1.67387736 -0.784793973
 226 -0.857885122 -0.762467504 -3.16171944E-02 0.640192568
 227 0.122730121 -0.804394007 -0.189868242 0.652745068
 228 1.62641525 1.45798445 1.57534754 -1.70741427
 229 1.30080903 -0.921597719 -0.491325021 0.556622088
 230 -0.790676236 -0.524790108 7.79435784E-03 1.42023802
 231 -0.103045389 0.643258572 -0.165690273 0.728645623
 232 0.490973830 0.384663999 1.43545759 -0.786213458
 233 0.739811778 0.873936892 -1.22269058 -0.909997284
 234 -1.53533411 -0.898056269 -0.153879315 1.36041033
 235 -0.760121346 0.631830633 -0.988415360 0.371205598
 236 -0.844701588 -0.117575034 1.15105927 0.690138221
 237 -0.563963890 0.452897727 -0.509616017 -0.318597436
 238 -0.161793694 0.460327029 -1.06184423 -0.445714027
 239 -1.32308209 0.729324698 -1.96100497 1.54502583
 240 -0.707797647 1.24301827 -0.173951089 -0.503995836
 241 0.552174211 0.885344446 -0.411749661 0.969677210
 242 -0.608106673 -0.594984174 -0.755311787 1.22139251
 243 -8.54911804E-02 -0.718905568 0.719160616 0.826873541
 244 2.53656840 -0.150172457 3.38671021E-02 -1.76496911
 245 0.145730436 1.09462857 -1.78510773 -1.42543483
 246 -0.896382809 1.70645285 0.370675594 0.415923059
 247 -0.498822540 1.64958990 -1.66703475 1.15444481
 248 -2.15531588 -0.791704416 0.170669883 -0.450901240
 249 0.105520904 0.384537607 0.307586342 0.779967487
 250 0.288042665 0.406319857 -1.05972528 -0.630468130
 251 -1.57203138 1.27183867 0.415612817 -1.22849035
 252 -1.65813303 0.517547369 -1.33688378 1.81791329
 253 0.211288363 0.110273331 0.364921451 -0.352246195
 254 -0.170680657 -0.552316725 -1.01106632 -1.31932080
 255 -0.318569094 -0.877486110 1.32850981 2.85861778
 256 1.20331720E-02 -0.975587308 -0.824029148 -0.411682069
 257 -1.31224823 1.61825216 -1.64219666 1.69870782
 258 0.441707999 -0.245406792 -0.645932078 1.64908111
 259 -0.416404098 0.514522076 -1.00053024 -9.79087353E-02
 260 -1.67943501 0.431177050 -1.13255215 0.174056292
 261 -2.36113238 -1.07009673 0.627318442 0.759274960
 262 -1.02747977E-03 -0.159833685 0.214871883 0.429700673
 263 -8.84923190E-02 0.952105165 5.86497784E-03 0.703187108
 264 -0.958007872 -0.942266405 -0.574879289 1.90313601
 265 -1.56021571 0.517908216 1.07947397 -0.344532728
 266 -2.10895681 -1.49227071 -1.55173099 -1.62452769
 267 -1.96266639 -0.407555044 -5.23374528E-02 0.682539403
 268 1.76030529 0.529357970 0.633473873 2.04116511
 269 -0.561763704 7.74958730E-03 1.27426231 -0.655005813
 270 2.17042828 1.07268071 0.998675704 0.386733204
 271 1.88871551 -0.744545937 0.542198122 -1.74426544
 272 -0.703498781 -0.481492251 -0.909221590 -0.588779569
 273 -2.59132004 0.734700978 -2.59486198 1.43460774
 274 0.313262463 0.619837344 2.10574508 0.697235227
 275 0.653053939 -0.156863719 1.62071931 -0.494772524
 276 1.53569424 0.161711544 0.557465315 0.749588549
 277 0.552560508 4.94456068E-02 1.33022058 0.776645422
 278 2.57169604 0.645048678 1.31403935 -0.417087853
 279 1.40416181 1.42142200 1.31150961 0.339800417
 280 3.24304795 0.750277162 0.796525240 1.35837150
 281 -9.29824710E-02 -9.69140232E-03 0.664577127 0.976016462
 282 1.22138631 -0.379688174 0.165588766 -1.62476933
 283 -1.52556956 1.18363154 0.320647091 1.52310050
 284 0.815306187 -0.183923990 -0.903592110 -6.98993802E-02
 285 1.28604269 1.00117576 0.545243680 -0.407411367
 286 1.07301247 0.319619000 1.38709724 0.199345589
 287 -1.53273976 0.377094090 -0.499770224 -0.543188691
 288 -0.408761024 0.193910003 0.564309120 0.388496399
 289 2.03171396 0.867883682 0.612023830 0.428524852
 290 -9.24652219E-02 2.67615318 0.238555551 0.375748217
 291 -0.853828728 4.67808060E-02 0.219451576 -0.275079966
 292 0.821824193 -0.987318516 -0.863376319 -1.07001030
 293 1.39566338 0.158704519 0.920098901 -0.314864367
 294 0.224978328 -1.93268180 -1.32670212 0.823519111
 295 0.150632992 -2.01472425 0.286922723 0.245236903
 296 -0.761311710 -0.162528381 0.239495158 -0.489465386
 297 -0.316212416 -2.19832778 -0.279469043 0.361535281
 298 -1.42995596 -1.74432623 -1.57660592 0.912115693
 299 -1.21579552 -1.28830147 -0.986649036 0.705067992
 300 0.725900650 2.18214893 -9.10853893E-02 0.603927970
 301 -1.48162544 0.183295250 -1.00733376 -1.41640639
 302 -1.29081607 0.780805826 -1.16728914 0.796762764
 303 -0.292946577 1.17878640 1.55171347 2.66086650
 304 0.551991403 -0.412987560 -0.865078449 -8.28103423E-02
 305 1.06445622 -0.967091620 1.35112667 -0.729672194
 306 -0.323948085 0.458249450 -1.17033637 -0.677751720
 307 1.64045882 -0.559789181 -0.894140422 -0.433686614
 308 -2.92552066 2.15611362 0.440196514 -1.44478440
 309 -0.764927626 0.622450233 -0.474807799 -0.128890410
 310 0.459310681 1.72150230 0.558388293 -1.44194639
 311 6.38140067E-02 0.421525061 1.37669468 -0.538598776
 312 -1.58383942 1.33408535 1.15494108 -0.217558473
 313 -2.02052689 -0.267491639 -1.03508925 0.340108275
 314 -1.74365878 -0.641073287 -1.48104525 0.601827264
 315 0.753524721 -4.71698046E-02 1.31891382 -1.84991121
 316 -0.652933836 0.512103438 -0.203716204 -1.67572534
 317 -6.78828731E-02 -0.892574251 -1.34597290 -0.958943009
 318 -1.97466183 0.495678782 -0.706008315 -0.986622930
 319 0.369182348 -0.815846562 1.62766242 0.732228577
 320 -0.319380283 0.836661279 0.487862766 -0.618306041
 321 -1.07351792 1.65815818 1.75779819 0.135327041
 322 0.706194639 -0.658217549 1.65241289 -0.577278018
 323 -1.26443911 0.879897296 -0.175273076 0.269464612
 324 0.918324769 0.583886802 6.85142875E-02 1.33780861
 325 -2.25594640E-02 0.470147669 0.657933295 -0.811781168
 326 -0.278031260 5.29167503E-02 -1.31437922 -1.76367617
 327 -0.325718015 0.472553909 2.10716796 -0.722630918
 328 -0.433442473 -0.568332374 0.914394677 0.873368740
 329 0.137135029 0.693970084 -0.629070878 -0.689253032
 330 1.23129725 0.102191195 -0.639802694 0.770322680
 331 0.485540092 4.91571501E-02 -0.525200725 -0.960838795
 332 1.20653975 9.15956572E-02 -0.555325210 -1.37885141
 333 2.87432969E-03 0.737738848 -0.691482544 0.411008626
 334 2.00120831 -0.582437456 0.440990627 1.10857272
 335 1.80955911 1.40796626 0.232913613 -1.50127327
 336 0.662203252 1.95773757 -0.296705902 -1.36754739
 337 0.180187345 -4.23659533E-02 -0.113175757 -1.08592844
 338 0.718735337 -3.07816672 -0.818379998 0.876374960
 339 -3.76202017E-02 -0.579413891 0.285291493 0.656613111
 340 -9.89978462E-02 0.857778668 -0.448837638 1.54850090
 341 -0.999070525 -0.378263861 0.987951458 1.51603377
 342 -0.807406962 -3.68551159 -0.848914802 1.71462059
 343 1.73351479 -2.36360550 0.921172976 -1.60411966
 344 0.677761972 1.07797396 0.908803821 0.405127168
 345 -0.881249547 9.95551571E-02 -0.213321730 0.558795810
 346 0.370610833 -1.33423674 0.427846700 0.920455694
 347 2.07924414 0.352875531 -0.600017309 -0.877809048
 348 0.627236009 0.973504305 0.348225623 0.731224597
 349 -2.18006253 0.296194971 -1.69193745 1.66698396E-02
 350 -1.35116529 2.54858470 0.856762826 0.808738053
 351 3.21464799E-02 -1.15716720 -4.02581841E-02 0.303974330
 352 0.757095933 0.642493486 0.353061914 -0.480991602
 353 -5.12888134E-02 1.46032536 0.756521761 -0.300146461
 354 1.21220326 -0.187756151 0.367678851 -0.178965181
 355 0.112692535 -1.68289971 0.131532252 1.67166042
 356 -0.213648930 0.224699199 -2.68169808 -0.196029201
 357 5.75140268E-02 -0.533805251 -0.545889974 -0.350466669
 358 0.623161137 -0.542592466 5.36829904E-02 -2.00914669
 359 1.33947265 1.09723985 1.87849355 -1.75347567
 360 -0.405005366 1.21300721 -0.806517184 -1.07868791
 361 3.16916943 0.895986021 0.669972003 0.692361057
 362 -0.488972008 -0.952554584 -0.646183014 -0.790185690
 363 0.404307902 1.12479091 2.10395408 -0.215768740
 364 1.27424872 -0.222514540 -0.491471589 -0.414673090
 365 -1.30592930 2.13972354 0.247900337 -0.461005986
 366 -0.544350088 -0.613190651 0.493077517 2.88860822
 367 -0.521897495 -8.07496458E-02 -0.434694439 -0.389892519
 368 -1.05874789 -1.19601953 1.37805474 -2.01701164
 369 -1.59431016 0.747680783 0.730209827 0.646160841
 370 0.449848443 -2.16020608 0.277041256 0.508284688
 371 -0.139753774 -1.00429428 0.804793477 -0.462167054
 372 1.80089331 0.669209421 1.49238348 -1.80409813
 373 0.505997419 1.26065326 1.06830192 -0.171739072
 374 -0.639316797 1.36575985 0.700884759 -1.44558406
 375 1.02164316 -0.301603049 1.03998923 -1.66843104
 376 -1.19026697 0.700570583 2.25784612 1.26360083
 377 -0.189775035 0.300850570 -0.587752938 0.495434791
 378 0.798014045 -0.798119724 -0.453170717 -0.618455112
 379 0.536571026 1.05456853 0.373160958 -0.356966883
 380 1.23225403 -0.767661810 0.598339915 -0.878361464
 381 -0.180863872 2.46185398 -0.316592813 -1.71880567
 382 -0.590609550 -0.167003214 -1.51426339 0.405841142
 383 -0.653679729 1.16569412 -2.32967234 -0.305211544
 384 0.165879697 0.289296329 0.426710367 -0.143488348
 385 8.94647241E-02 0.128251135 1.25079298 -1.99599528
 386 1.18944633 1.24724770 -9.61449295E-02 -1.99115574
 387 -1.61734617 -1.51128733 -2.68797874 -0.409868866
 388 1.98772180 -1.71608663 -0.525478840 -0.161547020
 389 -0.312978983 -1.23419166 -0.163363814 0.359816700
 390 -0.682412267 -0.676707149 0.266292930 -2.81704664E-02
 391 0.324597657 -1.31729007 0.324881136 -0.570991874
 392 -0.680875182 -0.496329963 0.292361408 -0.505190670
 393 -2.28748655 -0.725611687 -0.116386741 0.397879601
 394 2.10766435 0.367420852 0.698423862 -1.02497935
 395 -0.267504752 -0.807208061 0.865871191 -0.262948990
 396 -0.303187728 -2.35231543 -0.136802986 -1.20844376
 397 0.489961267 0.594216466 -0.878522158 -0.694112003
 398 -0.187259376 -2.84437370 -1.28077650 -1.55944264
 399 -1.57923687 -1.15477777 -2.65033460 -0.865190268
 400 -0.701637864 1.64165246 0.633477509 -1.34407818
 401 -1.55494142 -0.308723688 2.42791057 0.281733513
 402 -3.73075381E-02 -1.25526202 0.263828009 -1.15861773
 403 0.782121897 -0.141657263 -1.60875738 -1.86194301
 404 0.148356721 -1.11300039 -0.235162795 0.614448190
 405 1.64269006 1.14112270 -0.609946251 1.48761177
 406 0.602654457 0.546966732 0.173543453 -1.62591767
 407 -7.08681643E-02 -0.156554654 0.217547476 0.498727381
 408 -0.423575938 -0.589006662 0.140909880 0.289955139
 409 -0.466817200 9.95581746E-02 2.32974195 0.910724938
 410 -3.22230673 0.248241037 -0.528445423 2.27340484
 411 1.70590556 -0.396787673 -1.07636833 -1.49378395
 412 0.186999068 0.362792969 -2.98565552E-02 1.82059562
 413 -0.700121105 -0.220019385 -1.02533221 -0.792495966
 414 0.294587255 7.29753524E-02 5.28610647E-02 -1.60054147
 415 -0.576141894 -1.31533527 -1.53536582 0.198163003
 416 2.11639929 0.363376200 -1.99695385 -0.652522027
 417 -0.397202671 -1.15278971 -4.81043831E-02 -0.504947841
 418 0.683580041 -1.52134240 7.28234053E-02 -0.738838017
 419 -1.46592569 0.487136811 -0.251809180 -1.68511593
 420 1.03855205 0.721908689 0.595941663 -1.39789629
 421 -1.07602859 -0.857964993 0.596213341 -0.274548829
 422 1.46495724 -0.665233612 -0.380912513 -1.39743376
 423 -0.129920945 -4.45762277E-03 -1.05264759 1.93510652
 424 0.771294236 1.37084508 -1.49754906 -1.53914714
 425 -0.742407084 1.93262219 -1.89779186 4.18326259E-02
 426 0.166095480 -1.04138517 -9.14846063E-02 -0.555821419
 427 0.898336887 0.376270473 2.12057281 0.276776314
 428 0.820995271 0.280232757 -1.33411002 -1.66474366
 429 0.241129220 -0.315926135 -0.370649189 1.75989735
 430 -1.01378393 -1.07714391 0.288630784 -1.14584851
 431 0.947926819 -0.882240176 1.97896278 0.628420532
 432 0.291508406 0.650525510 0.338492215 -1.67847419
 433 1.73989594 1.59692740 0.958380878 1.38410676
 434 0.243940949 -1.66520882 -0.528264523 -1.42424083
 435 0.381926686 -0.332995683 -0.511142075 0.628767073
 436 -0.137815207 -2.18107653 0.898307085 -0.348983645
 437 -6.65586591E-02 -1.20869088 -3.08361411 0.786442995
 438 -1.96418345 1.81360579 0.410063803 0.570036054
 439 -0.527911961 -0.369153976 0.661425114 -0.523498714
 440 -0.410120696 -1.38454890 -0.289429545 1.88289046
 441 0.437837899 -1.71311796 -0.482858151 -0.548753619
 442 2.12354517 -0.759491742 -0.285526872 -0.358994931
 443 -0.671033859 -0.272382110 0.138319463 1.52427542
 444 -7.70778954E-02 -1.74590945 0.635891199 1.48993099
 445 -0.185030788 -1.44791532 -0.301057607 0.858831823
 446 -1.06940746 6.41502440E-02 0.213642240 -0.975365758
 447 0.762484670 -1.39793968 -0.709037960 -1.32577181
 448 0.595637381 0.876924872 -0.897758245 -1.27601647
 449 -0.527702570 -0.177995354 -0.613276899 2.95218611
 450 1.10751629 1.34097850 0.797232032 -0.770284235
 451 -5.01710027E-02 -1.03057110 -1.62139225 -0.674166679
 452 1.05293202 -1.84596515 -0.138621688 -0.340512842
 453 -1.21331620 0.961430848 -0.146705687 0.710564673
 454 0.670615554 -0.227369383 0.905401468 1.58752286
 455 0.224193916 1.73163079E-02 1.14317930 0.507832885
 456 1.51741064 -0.996671319 -0.189287901 0.800412416
 457 0.686787426 -0.553186953 0.809383154 -0.924379051
 458 -0.385525107 -0.540179253 -1.04994762 -0.251558959
 459 -1.92925322 0.345965773 1.37469363 1.59827948
 460 0.462260723 0.510383248 0.208830908 0.693113744
 461 0.629764140 -0.482237279 -0.187283531 -0.278258055
 462 -1.10909951 -0.392306805 -0.352322102 -1.01629448
 463 -1.29326785 -0.417233139 -1.16622961 1.99035704E-02
 464 -0.107672006 0.564962506 0.397872686 0.539124906
 465 -0.358499348 -0.451826841 -0.581229091 -0.231244266
 466 0.418877721 0.614080429 1.93191361 -0.213629201
 467 0.671072125 -0.906064332 0.581095695 0.543989539
 468 -1.16693127 -0.429342598 -0.910639346 -1.64873755
 469 -0.141222730 -0.954816103 -0.207923874 -0.386115849
 470 -0.292774022 -0.556190670 -0.279357284 2.05363512
 471 -0.704410911 -0.989773154 -1.43571520 -1.56710601
 472 -0.116969436 -1.14741564 -0.227512419 -0.578747213
 473 -0.451129317 -3.45802307 0.906853259 1.00836658
 474 -0.176478252 -0.632184684 0.491446555 -1.08119035
 475 1.09369969 -1.15524065 -6.65159523E-03 1.12141109
 476 -0.473387718 -1.52496290 1.17707586 0.295701236
 477 -0.145581469 -1.76160789 1.25091231 2.09472632
 478 0.606038094 0.725440264 -7.49570131E-02 -1.69244576
 479 -0.706463635 -0.409819126 0.225533187 -0.772027493
 480 -0.865150928 -2.59246492 -0.939288914 1.55476904
 481 0.474810660 1.17117298 -0.275618970 -1.50957978
 482 0.428867817 -1.65153861 9.50532034E-02 -0.328104645
 483 -1.29404271 -1.44144952 -0.875448704 -0.486974776
 484 0.770960212 -1.45430136 0.738130093 1.25128186
 485 -0.966834784 -1.22510231 0.499043405 -1.94292200
 486 -0.451069832 0.185287431 0.490865469 -0.187233821
 487 -0.358674884 -2.40249634 1.53768945 -0.391763687
 488 0.768845975 -1.21923196 -0.559357464 0.773138642
 489 -0.136346236 -1.76807392 1.68278563 -1.50468242
 490 0.406667084 0.235768735 -0.676441193 0.380068779
 491 -0.952873349 -2.89116788 -0.300610274 1.52765846
 492 -0.671293080 -1.17613816 4.74930182E-02 -0.706747949
 493 1.03142953 5.89589030E-03 0.442507505 0.605367362
 494 -2.60691419E-02 -1.89535701 -0.673838556 0.626771092
 495 0.819260240 -1.10967445 0.486616164 1.43394101
 496 1.91773927 -1.01947832 -0.542952180 -0.672174931
 497 0.122988522 -0.607516706 -2.66635442 1.50394630
 498 0.474183500 0.313125551 -1.33073950 0.211832315
 499 -2.72870064E-04 -1.66523278 9.38932598E-03 -0.556073844
 500 -0.229188532 -2.14926410 -0.842672467 0.754557729
 501 0.475835443 -0.453527600 -0.334949434 -0.694661736
 502 0.188498974 0.517015934 -1.06838775 -0.487347662
 503 -0.980567575 -1.17813897 -0.788519442 -0.244559452
 504 -0.673581779 0.207573414 0.153332680 0.515918732
 505 -1.61692452 -1.58160508 -1.11299193 0.350309730
 506 -9.98282880E-02 -1.78043389 0.378040880 0.838138461
 507 -1.07963192 -1.57458460 0.599640727 0.711460590
 508 -0.607772291 2.87494063E-02 -0.747636974 -0.326480687
 509 0.330420732 -0.752036035 -0.398401320 -1.84320688
 510 0.946993172 -0.756178379 -1.02405667 -1.12404537
 511 0.834972382 9.47493240E-02 -0.508256853 -0.722400904
 512 -0.844537318 1.00624800 3.18836458E-02 0.755337238
 513 -0.101777293 1.38266003 0.397871673 1.49296594
 514 0.256651372 -3.98014039E-02 -5.03975153E-03 -0.530506015
 515 6.89560771E-02 -1.30748105 0.208406687 0.507694006
 516 1.51290286 -1.94724512 -7.06566796E-02 -1.08500361
 517 -0.686651289 -1.31704533 -0.802719712 0.667373002
 518 0.665449440 0.971115232 -0.699019790 0.563543499
 519 -0.947890759 -0.406601250 1.70841110 -0.542821169
 520 0.429524183 1.34315443 0.443905503 -0.373184294
 521 -0.240748286 -0.185779154 0.148286968 -0.541798532
 522 0.659828722 0.961047769 -1.98104692 -1.49216652
 523 3.33003700E-02 -1.24357712 0.369569957 0.276667833
 524 -0.833080053 -2.65017366 -0.569390893 -1.64657009
 525 -0.418309808 -7.29637146E-02 0.326700360 0.769770026
 526 -0.898887992 -0.117632478 -1.46337414 0.640033126
 527 1.64533913 -0.577062726 -0.652188301 -1.40481651
 528 0.149069935 -3.99412215E-02 -3.93057726E-02 0.552752674
 529 -0.260293424 1.19568861 0.560553193 -1.28167617
 530 -1.16979265 1.12367943E-02 -1.15134203 1.25554609
 531 0.826839685 -0.547772884 2.26366997 0.543720186
 532 0.172779560 -0.435207546 0.504165113 0.201757193
 533 9.68623459E-02 -2.13398695 -1.07463205 -0.604482114
 534 1.38115835 -0.473116755 0.470124722 0.920230329
 535 0.973756909 0.151069373 0.490367293 -0.127631634
 536 -0.413057238 -1.07115936 -0.922287762 -0.108604878
 537 9.99276042E-02 1.06040239E-02 -0.925980330 -0.164278537
 538 -1.22549224 1.24064609E-02 -1.06619501 1.03475070
 539 5.21018803E-02 -2.25556564 -0.863255501 -7.10551739E-02
 540 -0.157084495 1.97135413 -0.312164515 -3.91070247E-02
 541 -1.35369182 9.97135490E-02 -1.77573478 9.39832628E-02
 542 -0.778019547 0.890349627 0.716056406 1.71343887
 543 0.733409226 0.468059003 0.599872708 -1.60805249
 544 -0.910678983 -1.00491655 -0.638638198 -0.474944562
 545 -0.698182344 -2.22366738 -1.04305577 -0.466226608
 546 1.74190450 0.881519735 -0.508384943 -0.322132200
 547 0.920730472 -1.33819962 -0.218753949 0.753861129
 548 -2.37685156 -2.85919118 -0.538082123 1.05290532
 549 3.62836719E-02 -1.66351318 0.230057448 -0.557925463
 550 -0.772297382 -1.10954237 0.365697473 2.39517260
 551 -0.594413161 1.15493798 -0.596469522 -0.585862577
 552 -8.87448862E-02 -0.779527843 3.64111066E-02 1.44174695E-03
 553 0.393874109 -1.62973011 -0.333951652 -1.42584908
 554 -0.963815987 0.236175060 -1.23528421 -0.311709166
 555 0.446758687 -0.209120333 0.782371044 0.604875624
 556 -0.553632736 -0.726162255 -0.869009793 -0.582086742
 557 1.33565950 -0.225421607 1.09700859 2.23267269
 558 2.08470941 -0.513428330 1.06298745 -0.155281544
 559 0.886810184 -0.170980036 -4.18390846E-03 -0.576447845
 560 0.257937372 -0.916390359 1.47324073 0.772254407
 561 -0.514746249 0.250340849 -0.559302866 -1.14905775
 562 -2.11399245 -1.96860182 -1.55202985 1.42490351
 563 1.17345798 -0.103125274 0.646033466 -0.573146403
 564 -0.228051513 -0.678483427 -0.705175221 -0.773640513
 565 -1.38789785 0.196198747 -0.178901538 -0.357869625
 566 0.807870507 -0.143490210 0.820946395 -1.26320553
 567 0.900780022 -1.58335733 0.859281301 -0.338840693
 568 0.351103067 -0.141347125 -0.457132578 -0.367921114
 569 0.413696557 -0.502625287 1.86792481 0.504770279
 570 -2.11537766 0.119602859 -0.409593701 0.560044289
 571 -0.294225305 0.845099151 -0.564283788 -0.360027134
 572 0.539661765 -9.89651084E-02 -0.895755410 -0.472638071
 573 1.13853240 1.49373007 -0.681432545 0.940220594
 574 0.909921944 0.421064734 0.974112868 1.53894711
 575 -0.917200446 -0.778277457 0.814988017 0.955753863
 576 -1.44354105 -1.23581254 -0.992790639 1.55316591
 577 -2.83512425 -0.820550621 -0.255727917 -9.97890681E-02
 578 1.58284259 0.106610239 5.03424145E-02 -0.194408357
 579 -7.59233236E-02 -2.02858281 0.531594694 -0.599538267
 580 -0.587121129 1.06917620 -1.07437527 -1.60364008
 581 0.218377113 -1.07626247 0.272377312 -0.309830666
 582 -0.330833197 0.105838552 0.164396584 0.634255826
 583 -1.25524259 -0.106559724 -1.22126496 -0.175276473
 584 -0.732015073 -0.509194493 -0.752065182 -0.743423462
 585 -0.409868479 0.787208140 -0.669065595 -1.50715303
 586 -0.314346820 1.98726845 -0.839174092 0.976653218
 587 -3.02715921 0.379926831 -0.924416006 -0.876782000
 588 0.643490255 -2.20796227 -1.89614725 0.575948358
 589 2.13117862 0.246574670 0.286417335 -0.799868941
 590 -1.04373503 -0.423080981 2.66561604 1.66864133
 591 -0.447178841 1.05710018 -0.685439348 0.500413060
 592 -0.310420275 1.32296610 0.297578812 3.71392369E-02
 593 -0.218169630 0.500441492 2.02827692 2.79807091
 594 -0.276152253 0.925056159 3.25838290E-02 -0.360431671
 595 0.686488926 -0.325873762 -0.436508358 -1.54507565
 596 -0.759606838 -0.919540644 1.52148378 0.701799572
 597 -0.537868977 1.30001795 0.138290644 -0.524405658
 598 -1.70968556 0.751107693 -1.99395943 0.727884293
 599 -0.515288472 -9.33974087E-02 -0.157155529 -0.440207094
 600 -0.828981102 -2.21389532E-03 -6.54639006E-02 0.568702757
 601 0.619267941 0.153165087 0.437270522 0.624567509
 602 1.61721218 1.27724671 -0.156815186 -0.586970568
 603 -0.160914749 -0.170436993 -1.07557344 -0.428818375
 604 1.25328994 -0.492705047 -1.15510237 0.437154353
 605 -1.73628473 1.11715698 -0.156033993 0.466248065
 606 0.805972874 0.836685240 1.00477934 0.443215460
 607 -1.08655751 -1.08946586 -0.116354868 1.78254640
 608 -1.60146487 0.111173242 0.156587407 1.46141315
 609 -0.768815637 1.41747749 -0.512695074 -0.527496219
 610 -0.415593058 -1.87426531 -5.49847931E-02 1.45396984
 611 -2.38332963 -1.14617229 0.319112152 2.73401427
 612 2.20798755 -0.464351177 -0.775601804 0.893638372
 613 0.172801882 1.10672009 0.116158485 -0.322751105
 614 0.419344187 -1.40593934 1.01515663 0.256052434
 615 1.22460389 -0.777686059 1.44786119 -0.245008036
 616 1.32917547 0.591176748 0.517325342 -1.36894894
 617 -5.26790321E-03 1.75499535 -1.41561401 -1.84733653
 618 -1.22190285 0.136504114 -1.38401186 0.747719944
 619 1.85097861 -1.06270528 0.138391197 -1.11796284
 620 0.111632392 0.363768458 -1.19311249 -0.438431978
 621 0.637689650 0.272825539 -0.170280099 0.670652330
 622 0.657271743 -0.372700304 -1.09723341 -0.740576863
 623 0.563296795 -0.673687577 -0.747244239 1.72091985
 624 -0.401188314 -0.617743671 -0.249445185 0.313671917
 625 -0.557215214 -0.777660310 -0.390376925 1.88754404
 626 -0.547441781 -0.623117089 -1.04427159 -0.429681420
 627 -0.464166015 1.29626989 0.868499339 0.482649118
 628 -0.693666220 -0.744877815 -0.899183571 0.694678068
 629 0.754555881 -1.67587578 -0.569871724 -0.196441293
 630 -1.98766142E-02 -0.420275629 0.498300254 0.868515909
 631 1.15788269 0.315820962 -0.226240307 1.14587057
 632 -8.72811824E-02 -1.16713476 0.166460305 0.655615509
 633 1.88561594 1.29526949 4.71786708E-02 0.275505245
 634 -0.526505172 0.341006160 0.395775527 0.940140367
 635 -0.217444316 -0.574078560 -0.560994446 -0.400528163
 636 -6.64047599E-02 -1.05087769 -0.572765172 -0.240581453
 637 0.600040495 -0.546036005 -0.261038214 -1.52779794
 638 0.458279043 0.102154277 1.33972120 0.333142757
 639 0.692341447 -7.21334592E-02 -0.441012949 -0.722788334
 640 0.103156790 0.245634452 -0.689428508 -1.72265387
 641 1.09660959 -1.42556787 -1.41348732 -0.863059402
 642 -0.219433516 -1.26979649 -0.288078845 0.577132463
 643 0.404866219 -0.502942681 0.494492978 -1.62275374
 644 1.04291761 0.157957315 0.724773288 -0.143987536
 645 -0.749389529 0.624811351 -0.362890184 -0.472819716
 646 1.26068115 -2.86608934E-03 -1.06051075 0.654108286
 647 0.802606046 0.602845252 -0.614523530 1.01237941
 648 1.24409318 0.395968795 0.941886783 -1.36673522
 649 -8.25283825E-02 -0.520097136 -0.410398602 -0.449270844
 650 -0.713896632 -1.17205179 0.307872683 -0.274464101
 651 0.442152113 5.48119396E-02 -0.718041182 -0.454598695
 652 -1.25878668 2.16750002 -1.86049068 -1.83579326
 653 -0.408944219 0.825212121 1.47218513 1.06166613
 654 1.63600409 0.439711720 0.572623491 -0.442849904
 655 0.511364698 0.581528962 2.07561255 -1.65750527
 656 0.278327316 -2.05935314E-02 0.205139697 -1.44148922
 657 0.953129828 -0.130583525 -0.302647352 1.47767162
 658 0.501562595 -2.37387395 -2.24914765 -0.536226034
 659 -0.183990717 -1.15761042 0.826227367 0.795222521
 660 -2.32325292 -0.466549873 -2.65779853 -1.14077950
 661 0.209883437 0.891180396 1.46132827 -1.37361789
 662 -1.17486405 1.87300634 0.733969510 0.678463697
 663 0.979160190 -0.115620263 0.810351968 -1.27742696
 664 1.15345573 0.939471006 2.16981816 -0.575501263
 665 -0.189530194 0.592741191 -0.567198932 -1.81383157
 666 0.171823323 7.92667270E-02 0.251460135 -1.46863592
 667 -1.19472957 -2.07780194 1.22513998 0.834404349
 668 0.396331966 0.109703094 0.665136814 -0.908468485
 669 -0.909339249 0.359525263 0.105467930 -0.277020007
 670 1.23241699 -1.27691352 -0.327081561 1.35643387
 671 2.14941978 3.96359265E-02 -0.710564435 -1.52572083
 672 -2.11620760 -1.40194976 -2.06920290 0.389274478
 673 -0.996002078 -0.458455116 -1.80617595 0.861445308
 674 -0.775674880 0.605373263 -0.693237662 -1.55590653
 675 -0.635048747 1.59146535 0.863961637 -1.01258421
 676 0.315586209 -0.224903136 -0.523957908 0.567897320
 677 -0.982768655 -1.31788445 0.191081926 -0.309730440
 678 0.361231357 -0.347677320 0.784251332 0.543897510
 679 -0.781268179 -0.891994119 1.54891086 -0.549214303
 680 -0.434943050 1.01482272 0.228533506 -1.75402951
 681 -1.92238986E-02 0.562438309 -0.427991331 -1.04460239
 682 2.01904297 0.335674405 -1.17993629 -0.350155652
 683 -0.122708678 -0.995193839 1.24551213 -0.587842941
 684 0.142800748 0.889926672 1.09433448 -1.75637329
 685 0.540919304 9.10964608E-02 -0.839588523 -0.180828840
 686 -0.448550671 -0.122452050 -5.00326492E-02 2.11816621
 687 -2.50813746 0.797955453 1.61581612 -0.306733876
 688 -1.27841973 -0.863548279 -2.66552663 0.465462476
 689 0.287230849 0.984763503 -0.577832222 -6.96641803E-02
 690 -0.885448098 0.909779251 -0.290231526 -0.448045790
 691 0.831618249 -0.116491079 1.11123657 0.457336813
 692 -0.654407740 2.14018822 -0.647954345 -1.93328857
 693 0.920306444 1.72027361 -0.289446563 0.676028490
 694 -1.43975472 -1.64094377 0.936820924 0.931434274
 695 1.10621047 -0.408765852 1.19091082 -0.351584643
 696 0.468184471 -1.82209027 0.559934437 -1.56704152
 697 -0.922842383 0.699261725 0.978248596 0.635803223
 698 -0.768753707 1.85261667E-02 1.58375502E-03 1.92911911
 699 1.07975626 -0.208608225 1.20568764 2.92631149
 700 -1.43486762 -0.891912699 -1.82450616 -0.443398565
 701 0.108667955 -0.246760979 -5.49253002E-02 -0.693638861
 702 -1.72421861 -0.772492468 0.207592040 -0.439380348
 703 0.454214603 -0.100941472 2.41864175E-02 -0.147820652
 704 0.749298215 0.278372645 -0.211462587 -0.862146378
 705 -0.978272915 -1.06530309 -1.36756682 -0.500052094
 706 -0.424757242 -0.633066118 0.268920541 -1.47405505
 707 1.08840871 0.131465629 0.468332082 -0.734297574
 708 0.591206491 -0.519914031 -0.440200299 -0.265847355
 709 0.385623127 -2.99079865E-02 -1.49811482 -1.24810255
 710 1.23637474 0.316954792 -0.812152267 -0.323262572
 711 -1.59590244 1.49369514 0.379249603 0.378163844
 712 -0.854362726 0.864546716 1.68337131 -0.118342102
 713 -0.562454164 -1.12435329 1.02605212 3.12797117
 714 -0.529954076 -0.561060071 -0.602273047 -0.740206778
 715 -1.14812279 -1.43882668 -1.37159324 0.282515883
 716 1.07331657 0.375285685 -0.190980822 0.531849742
 717 0.142234430 1.71606982 -0.911612689 -0.667040765
 718 2.42615175 -0.333196700 0.182271242 -1.49657071
 719 0.154830307 -1.31467879E-02 -0.281469822 0.764823020
 720 0.281883091 -0.499346852 0.782655716 2.94093370
 721 3.22049594 -1.39230072 0.417072266 -0.668240488
 722 -1.06835485 -0.727502525 -0.886374176 -8.90550762E-02
 723 0.420134127 0.743817627 6.54352456E-02 0.538460433
 724 -0.139910996 -0.638025403 -2.90171355E-02 -0.322305143
 725 0.287998974 -0.504140973 1.21636534 -0.308339834
 726 1.26706243 0.972706199 0.356877267 0.464341730
 727 1.71879697 0.260529816 -0.324724048 -1.33942783
 728 0.434979886 -2.48263621 -0.183297768 0.864543855
 729 0.586649597 -0.533257723 -0.176813900 -0.608769298
 730 -0.677387297 0.711679101 0.716471434 -5.89600801E-02
 731 -0.507444799 -0.632036090 0.432947487 0.647864282
 732 -0.763618469 -0.237634972 0.545765877 0.959675789
 733 0.246234030 -0.485278457 0.710785925 -1.69811869
 734 -1.83845234 0.932650626 -0.313932627 -0.500718772
 735 0.195123672 1.45201313 -4.55768406E-02 -0.414387614
 736 1.00289416 2.43016696 -0.436037660 1.65504277
 737 0.484209180 0.570479870 -0.448716402 0.670727253
 738 -0.385202378 0.961414099 0.584749937 0.451913416
 739 7.65026510E-02 1.66651154 -0.202697366 -0.444282264
 740 -1.51734996 -4.55474705E-02 -1.41701996 1.84596503
 741 0.632082105 0.384884089 1.08604681 -0.385478914
 742 0.943916440 -0.596273720 -0.381885916 -0.547300935
 743 -0.607921004 1.01018548 -0.868040025 1.65935826
 744 -0.261015952 0.891821861 -0.188648909 0.750041008
 745 0.625604153 1.08542466 -1.06242096 1.53905201
 746 0.394746155 -0.829581857 -1.40926552 -0.309965342
 747 -0.614180684 -0.731839716 1.08295143 0.591726065
 748 -0.132758707 -0.824759662 0.846985340 1.69945943
 749 1.51993096 -1.06516683 1.77443779 -0.499306560
 750 -0.123511180 -0.838537216 0.347733140 1.40261173
 751 -3.04151922E-02 -0.596092343 0.856462181 1.47667980
 752 -1.59194124 0.200971454 0.276145369 -3.51253152E-03
 753 0.481886685 0.164626896 -0.398771852 -1.94570124
 754 -8.05896521E-03 -0.900193870 1.24052870 0.298959762
 755 0.146077693 -0.751569927 0.528405249 -0.874053955
 756 0.154414505 -0.259505659 -0.314732790 1.00227225
 757 -0.833461046 -0.769519567 -0.846461236 0.483147502
 758 1.73619092E-02 -0.657132804 0.922249675 1.53762603
 759 0.902126014 0.537199378 1.75557637 -0.694529891
 760 -0.492138565 0.303938806 0.286941826 0.778022110
 761 -0.591018438 -2.03856468 -0.236049980 -1.83626199
 762 -1.40164208 1.26408565 -0.635117173 1.48570669
 763 0.574756205 0.774398088 0.462718278 0.685972810
 764 0.141703784 -1.04548228 0.558915854 0.418927550
 765 0.132611513 -1.46761405 9.77498293E-02 0.476862580
 766 -0.907457232 0.586403728 -0.675027072 -0.515541255
 767 -0.564603329 -0.450421751 1.08557808 0.677720904
 768 -1.65682411 -3.00317669 0.111229487 1.73879337
 769 -0.384546071 -0.439059079 0.404210567 -0.634357452
 770 -0.183285445 0.277668953 -0.214274734 -2.00970197
 771 0.555021524 9.21853408E-02 1.59561110 -0.580633700
 772 0.381574899 -0.337265849 0.275664687 -0.835115731
 773 0.925375164 -1.27717841 0.473970443 -0.817160249
 774 1.24255073 2.07589120E-02 0.691513181 0.582110047
 775 0.644147992 -0.778932810 1.58695340 -0.593829215
 776 0.863809884 -0.449141115 1.60927105 -0.487434000
 777 -3.20616651 0.484187394 -0.663512528 9.11969841E-02
 778 -0.307874709 -0.225617647 0.696678400 -0.207329974
 779 1.14186716 1.98166180 -0.458447933 -0.426753193
 780 1.00758505 0.255748212 0.630388796 -1.60063112
 781 1.14023530 -0.322618812 5.00888266E-02 -1.33259487
 782 0.959418237 -0.182586789 1.30730438 -0.440807700
 783 0.493866414 -0.448476553 0.385289133 -1.70874155
 784 -0.238007829 0.920238078 -0.171710104 -0.425659031
 785 -0.332724154 -9.54240113E-02 -1.28446102 -1.69398725
 786 -0.482894003 1.08194280 1.43061364 1.02139473
 787 1.28736234 -0.393149376 1.88319969 -0.879907370
 788 0.297859609 -0.802395642 0.198798329 1.56931865
 789 -0.181427628 -0.168025762 -0.275036514 0.770774364
 790 -0.268297791 -0.264234126 -1.12910235 0.395518035
 791 0.546672225 -0.361209691 -0.248678535 0.594871759
 792 -0.736991286 -6.53216466E-02 -0.146419257 -0.508790791
 793 -0.100106090 0.837457180 8.33963230E-02 1.89445627
 794 2.13701427E-02 -0.358438373 -0.104595341 0.184153408
 795 0.490947813 0.571425617 0.270573229 3.85701656E-03
 796 -0.394757211 0.671523571 -5.80328256E-02 0.625903904
 797 -7.38170743E-03 0.437342018 0.647664666 -1.83588052
 798 0.225035340 -1.61561221E-02 -0.167828932 -1.93897724
 799 -0.636262298 0.638536394 0.583549678 0.445781827
 800 3.80887091E-02 1.41406572 1.04442155 -0.234495997
 801 1.23604238 -1.13336170 0.134925812 -1.50875640
 802 -1.23498333 0.570745409 -0.850130320 0.848362148
 803 1.85760903 0.584339261 0.523991108 -0.114143878
 804 -0.503248453 0.129242629 1.65024304 3.93921733E-02
 805 0.907908499 1.34432328 -1.82356787 1.14177978
 806 -0.423315644 1.69705546 -0.601931810 -0.128004760
 807 -0.498704761 -1.04735827 -0.432616889 0.475166321
 808 -1.88955045 0.194146663 -1.01479757 -0.119522244
 809 -0.815351129 3.61100286E-02 1.71048939E-02 -1.32780445
 810 0.808053732 -0.239338547 2.38077068 -1.21505272
 811 -2.81022906 -0.775078237 -0.873209834 2.14701486
 812 0.951785207 -0.433038533 -0.602974832 0.565088391
 813 -0.537276864 -1.24563599 -3.94155532E-02 -1.01362765E-02
 814 -1.15054083 0.641109586 1.19031453 0.816990733
 815 -1.18800545 -0.435593009 0.178209126 0.320242167
 816 0.293476671 0.801140785 1.23901701 -1.52319491
 817 5.83374500E-02 -0.412715614 -0.174119532 -0.756393254
 818 1.29712749 -1.23669398 0.771955490 -1.54700696
 819 0.118150413 1.92911839 1.58720255 -1.58922267
 820 -0.897381306 0.704012692 1.33831632 0.696507990
 821 -1.05574560 1.05784905 0.194831088 -0.539068878
 822 -2.14939260 0.223696485 -0.188568160 1.96378446
 823 -0.134553686 -1.37611520 -1.22767198 0.905952692
 824 1.55457366 5.40281087E-02 1.14693010 -0.177517563
 825 -6.42750263E-02 -1.62601995 -7.33307004E-03 -0.399552077
 826 1.36585951 0.280109555 -0.878513336 -1.23785114
 827 0.543814063 -1.12331676 1.88400650 -1.39480579
 828 -0.290690094 -0.756592393 0.305288404 0.795748889
 829 1.18513346 -7.17220455E-02 -0.619655132 0.323754519
 830 -0.629521012 -0.309084058 0.463705242 -1.57656848
 831 -0.360049129 -0.612223446 1.13820994 0.676579833
 832 0.516295373 0.648518443 0.454269588 -0.573127270
 833 -0.550889850 -0.611015022 -0.987463653 -0.628521085
 834 -0.214762151 1.60440624 0.120088458 -1.62412882
 835 1.05781603 7.38355368E-02 0.130545929 -0.799633861
 836 0.728588164 -1.40225089 -0.793372214 -9.25690532E-02
 837 -0.242411375 0.496823609 1.43115509 -0.576374292
 838 -0.868783116 0.935835898 0.254300773 -0.841882944
 839 -0.187752753 -0.869377732 0.495004833 -0.661546648
 840 -6.55866414E-02 -9.24367737E-03 -0.429019958 0.616869926
 841 -0.722743034 -1.22446716 -1.20792925 2.15476751E-02
 842 1.02052486 -0.253876477 -1.09906030 1.22440457E-02
 843 2.99168378E-02 0.517223179 -0.369692147 -1.33104396
 844 -0.100343123 -0.382930636 -0.335816771 -0.740223527
 845 0.424130678 -0.901431561 0.389380753 -1.79295909
 846 0.473144382 1.34074879 -0.219419256 -1.33606982
 847 0.725008607 -1.12477863 -0.356459260 -0.378857732
 848 -0.603103578 2.51043588E-02 -1.25040138 -0.371407509
 849 -0.788233876 0.143025279 -1.51555705 -0.265380830
 850 -0.196370006 -1.46591735 -0.607546806 0.653464198
 851 -0.383280486 -0.371043265 1.16548514 -1.47422147
 852 0.364665419 -0.139182702 -0.628807724 -0.694851160
 853 -0.986050844 -0.737920403 3.31163108E-02 1.79624391
 854 1.34644079 -0.692403913 -0.191006750 0.481589794
 855 -0.610006332 -0.567121565 2.22084820E-02 0.460956454
 856 0.857548833 0.300048470 -1.08522153 -0.692846775
 857 -2.67487466E-02 -1.22728586 -0.905693054 -0.639403462
 858 2.07882261 -1.45978034 -3.15855294E-02 0.721208274
 859 1.22735035 0.603333473 -0.577893496 -0.459715843
 860 2.14207935 0.602258921 0.421122253 2.12330198
 861 0.476573288 1.14201939 1.61638618 -0.361969590
 862 1.56426167 0.337000221 -0.762916625 0.254647702
 863 0.363375396 -0.331903875 -1.24222612 -0.213203773
 864 0.272456735 -0.564856529 -0.776819468 0.336985290
 865 1.42231166 -0.325678051 0.112016469 -0.424933136
 866 0.915327609 -0.532813489 -0.154331297 -0.482668251
 867 1.68684387 -0.828755677 0.893432438 1.80051553
 868 -1.75313723 0.664637566 -8.11321437E-02 -0.167608649
 869 -2.79688239E-02 0.357171923 -0.691548645 -0.332912087
 870 0.827450275 -1.46495140 1.38341069 0.721613228
 871 0.182091683 -1.27513754 1.26914585 0.595004916
 872 9.59658772E-02 -0.866525888 0.630502880 0.714950144
 873 -0.249078333 0.973587334 -1.31470060 -0.472627997
 874 -1.60200417 -3.64573151E-02 -0.673699915 1.62774432
 875 0.672120869 -0.619891226 -1.50891900 0.585097492
 876 1.05880988 0.128044486 -0.642485976 -0.456532031
 877 0.211612552 -0.721111536 -4.34049964E-03 1.66993213
 878 -0.107234024 3.23593318E-02 0.193200439 0.757493377
 879 1.28257298 -6.81341887E-02 5.66237159E-02 1.91135061
 880 1.05283868 -1.61709356 1.63079095 -0.779764056
 881 -0.437492967 -1.01897466 -0.982158661 -0.644454777
 882 -1.34689724 -0.337114155 -1.94552135 -0.524123371
 883 -1.89209235 -0.304633707 -2.27983332 1.32352626
 884 2.25339913 0.254935503 -0.437757552 -1.80160165
 885 0.608536482 0.624548495 -0.123225778 -0.120198056
 886 2.34204674 -0.242921710 -0.251620144 0.207207054
 887 -0.102090500 1.36067080 -0.671447277 0.480493724
 888 -1.20183539 9.83170122E-02 -0.578628719 -0.639982879
 889 5.29775098E-02 -0.434119046 -0.954370797 0.855916560
 890 -0.684338212 0.581314862 -0.873467505 -1.47488332
 891 1.62163997 0.540103555 -0.654846370 0.958329618
 892 1.88683176 -0.534653842 2.32244134E-02 -0.697406411
 893 -6.77546263E-02 -1.19118845 -0.243177205 -0.453977674
 894 -0.147279158 -1.10483181 0.942497194 -0.338598192
 895 -1.66767871 -0.226704866 9.21182334E-04 0.762038827
 896 -0.512991488 0.702234626 -8.09510425E-02 0.610137522
 897 2.00680423 -0.368299127 0.287353486 -1.99216974
 898 -1.31381226 -0.885328829 0.286572099 -0.227305755
 899 -0.192080766 0.325451374 -0.550830245 -0.290747941
 900 -0.895575404 0.753627300 -1.84649217 1.63162053
 901 -8.76274556E-02 0.505231619 -0.962117314 -0.223352015
 902 -1.85599923E-03 -0.679885507 -1.05873466 0.538303316
 903 0.301599145 -0.551963508 -0.675399899 -1.31833339
 904 -0.858525991 -0.581162155 -0.223942757 -0.452900708
 905 2.29331684 -0.621233881 1.72287095 -0.421880603
 906 -9.47267562E-02 0.688766420 0.846090674 0.207877100
 907 -0.327947497 0.484543025 -0.394585818 0.542772293
 908 0.755396485 -0.414135665 0.438095301 0.601751506
 909 1.41034234 -0.907842398 -0.560448289 -0.251930445
 910 0.340430886 0.385979086 -0.277604520 -0.817422330
 911 -0.717606008 -0.274564445 -0.617314756 0.710955143
 912 -8.51636976E-02 0.517040074 1.25011456 -1.52632570
 913 0.507523179 0.853396416 0.705606580 -1.43975520
 914 0.558544755 -0.756496727 -1.36625922 0.495221317
 915 0.575420201 -1.06417990 0.992449760 -0.689432740
 916 -0.431520641 1.59675121 0.788472116 -0.704998970
 917 -0.854235172 1.24497497 1.03147948 -0.527134717
 918 0.167077944 -8.74767676E-02 1.04782867 0.462600946
 919 0.191700548 -0.517743051 0.184982359 0.246875837
 920 2.02574039 -0.884834051 -2.13460064 0.624620914
 921 3.59102599E-02 1.65869391 -2.33553243 -0.681304753
 922 -1.03609824 -0.589294791 0.947517872 -0.589502394
 923 0.372576058 0.290867001 -0.352562040 0.671157122
 924 0.747944415 0.286100388 -3.22004604 -1.36137569
 925 -0.907022893 0.722879291 -0.991345882 0.541787267
 926 1.59358013 -0.790927291 0.170006931 -0.717464924
 927 0.602484465 0.556634903 -0.590280294 0.533818483
 928 -1.31592989 -0.962166965 -2.32446647 0.394239902
 929 -0.197974071 -1.02357221 -2.01879358 0.477257937
 930 1.10656679 0.856661975 -1.09898102 -0.497539699
 931 1.03100276 -1.13468105E-02 -7.69301727E-02 -1.98811400
 932 1.12871170 -1.19819689 -1.99300909 0.320505053
 933 -0.933052301 0.237676740 -0.791646838 -1.30271423
 934 1.61581218 0.980660200 -0.789140821 1.71709263
 935 -0.814784169 0.423940808 -0.408374310 -1.43569076
 936 -0.655573428 0.231218934 -0.743569434 -0.745006800
 937 0.605465412 0.471382618 1.61473644 -0.663383067
 938 0.191843659 -0.713249326 0.723677099 -2.04493237
 939 -0.286682099 1.36790085 0.160872608 -0.987796426
 940 -0.314744860 -0.254093230 -0.499072731 0.806590557
 941 1.05788052 0.359059870 -0.407213241 -0.366842836
 942 -0.173103705 5.92827648E-02 0.474963158 0.393951982
 943 -0.723718166 -0.379007638 -0.274195433 0.299216449
 944 -0.660615802 -0.903478682 0.437876523 -0.537406504
 945 -1.51509535 0.247747332 -1.17101943 1.59169281
 946 -0.447386384 -0.317219436 1.79604077 -0.355607808
 947 0.221479967 -0.374734521 -0.771670222 1.23592472
 948 1.33856368 -0.118930429 0.418241471 0.792550862
 949 -1.07118571 6.53959513E-02 0.164063409 -9.42721963E-02
 950 1.74657357 -0.364963710 -0.981845379 0.541378200
 951 -0.589356303 -0.107977606 -0.530013859 -0.803261697
 952 1.58124971 0.913972437 -0.636418223 -0.617519617
 953 -1.35287333 0.133743718 -0.126352385 0.258024812
 954 1.56928110 1.55732512 -0.992125750 -0.321861744
 955 0.283624619 -2.13408732 2.33181939E-02 -0.436702609
 956 0.144932315 0.437216669 1.06800616 -1.71983099
 957 -0.247448027 0.160383821 0.235520899 1.00341797
 958 -0.105792157 -0.839697182 -8.59548599E-02 0.203760445
 959 -0.561191797 -1.41513193 -0.560438991 -0.508912921
 960 -0.822475433 0.454420358 -0.893334806 -1.40906513
 961 0.443060994 0.996161342 -1.12219512 0.764649570
 962 -0.352849603 0.473020583 -1.84946716 -0.391847700
 963 0.972773790 -0.141305938 -0.233222440 -1.65833879
 964 1.72543192 2.15546489E-02 -0.109666914 -1.58465707
 965 0.731275558 0.729683280 -0.199783459 0.582814693
 966 -3.18466872E-02 -0.222622290 0.734763622 -1.75233054
 967 1.53563440 0.630634308 -1.69839978 -0.689352453
 968 -0.787270963 -0.657063186 -1.36739767 0.743463039
 969 0.450300962 -1.38592052 -0.616262913 -0.377294421
 970 0.618514776 0.104829602 1.62396097 -1.61074710
 971 0.330535978 0.771752715 -0.905969083 -0.998149991
 972 0.375108898 0.464403600 1.25262988 -0.692655623
 973 -1.22986376 -0.377052158 -1.33502686 1.37408447
 974 0.479603767 -1.42811239 -0.947666705 0.915086448
 975 1.83102882 -0.477752149 1.85054874 -1.39103746
 976 1.30265355 -1.30997121 -0.935746670 1.54427874
 977 -1.68706954 0.697652757 0.108412862 -0.601595819
 978 0.759886563 0.757281661 1.42077494 -0.546147823
 979 -0.181695133 -0.128410995 -0.851006389 -0.539919913
 980 -0.616873622 -0.229004726 -0.528772235 0.526337147
 981 -1.84841943 3.23427618E-02 0.173762366 0.746426344
 982 0.814512372 -1.97514677 -1.42376614 0.130144566
 983 1.41110015 0.461678028 0.993413329 0.706763983
 984 1.28609276 0.605520308 -0.816352308 -0.274121821
 985 2.07953453 0.830104768 2.18781924 -1.10487235
 986 1.35211241 -1.40272582 -0.722438276 -1.43087995
 987 0.721327424 -0.176065579 2.45849514 0.714801192
 988 -1.13881266 0.526755452 -0.251149803 -0.174898952
 989 0.441795945 1.46297836 1.10639119 -1.98838627
 990 0.416726291 -0.674195230 -1.66938829 -0.698811531
 991 -0.597629786 0.289650798 -0.575918972 -1.20010018
 992 -0.861415923 -1.13300359 0.488676757 1.52806675
 993 -0.485945046 -1.53809690 -0.271771878 0.257999539
 994 9.54918861E-02 -0.544145346 0.923880339 -0.738383770
 995 1.15262961 -9.72672552E-02 -0.438879967 1.09503567
 996 -0.215442300 -9.36321169E-03 1.02488613 -0.743594468
 997 1.64456987 1.70247996 1.24821424 -1.52771723
 998 -1.10047877 -1.52082813 -1.05078244 1.55423880
 999 0.265243113 -0.647400141 1.49153101 -0.174213573
 1000 -0.495780438 -0.265398473 -0.779297590 -0.587525725
 1001 1.13058376 1.00670314 0.357906193 0.621152639
 1002 0.778165102 -0.925746441 1.32156599 -0.643644452
 1003 0.546320558 -0.193908259 -1.82787609 -1.41852617
 1004 -1.29654026 0.354314923 0.660635233 -0.764556944
 1005 0.167035848 -1.61364651 0.866249144 -0.394180745
 1006 6.13720715E-02 -0.934751093 0.205236018 0.111021698
 1007 1.36865830 -0.632623792 1.71533799 -0.463476896
 1008 -0.750768304 0.744371951 -0.379927665 1.63982701
 1009 1.72168040 -0.103951067 0.688501775 4.21196520E-02
 1010 0.796960771 -0.359621614 2.08190060 -0.523726702
 1011 -1.61689413 -1.68760395 -4.63806540E-02 0.619129062
 1012 -0.382525027 -1.97311866 -0.833146989 0.105874091
 1013 1.14862466 -0.550579965 1.31807733 -0.697878122
 1014 0.844712973 0.445042878 -0.762575984 1.86100960
 1015 -0.194453433 8.53986442E-02 -1.98224187 -0.360184848
 1016 1.21683478E-02 0.363015443 1.02992558 -0.452993333
 1017 0.580478013 -0.811809659 1.37467015 -0.307908237
 1018 -0.747555077 -0.676447809 2.19619131 -0.672975838
 1019 0.142194569 -0.388759226 2.05660844 -2.16364861E-05
 1020 -1.02045393 0.996188104 1.68724144 -0.177022249
 1021 0.843011022 1.28822458 1.28729117 -0.498346925
 1022 0.660562336 -1.39051151 0.490435064 -0.586938083
 1023 1.11638832 -0.853103757 -1.67749500 -0.401589543
 1024 -0.601092696 -1.54138136 -0.803189695 -0.970452070
 1025 8.28832984E-02 -0.381697208 0.804420829 -1.76929522
 1026 -0.511885762 0.266922891 0.822143435 0.354642898
 1027 1.03667164 -0.664663672 1.01901388 -1.25836968
 1028 0.497339785 -1.04447401 0.170279041 0.177712023
 1029 0.862640738 0.136527896 -0.681012154 0.768857956
 1030 -0.210063010 -0.555129766 -0.196507245 -1.00621390
 1031 -2.02460408 -0.869430065 -2.87326241 0.665417790
 1032 1.45328045E-02 -1.62632751 -0.833650708 0.466586560
 1033 0.223274097 -0.536937714 -0.860928416 0.510014117
 1034 -0.477568030 2.32037735 0.811983347 -0.515061557
 1035 0.562141180 -1.80574954 -0.525803983 0.487223506
 1036 -0.343342751 1.04433775 1.30557406 -0.465257525
 1037 -0.793630004 1.88973594 0.372197777 0.789805174
 1038 0.552200973 1.81153977 0.563770890 -0.792899370
 1039 -0.447708011 -0.385717690 0.263064206 -0.244316027
 1040 1.12995708 0.675986469 0.751039743 0.195378184
 1041 -1.44009614 2.24177027 -0.284380823 -0.411863446
 1042 0.371648550 -6.12772778E-02 -0.140343755 0.783727884
 1043 -0.848329842 0.633421600 0.776559532 0.806423664
 1044 -1.26003110 -0.186332017 1.06012094 1.16324329
 1045 -2.40027755E-02 -1.68770179E-02 -0.765950799 1.10277176
 1046 -0.655079722 1.15696275 2.12114477 0.118311882
 1047 -1.56994295 1.05741227 -0.788955092 0.187623143
 1048 -0.858578682 -0.554679871 0.954895139 -0.237142026
 1049 0.385623276 2.52120376 0.638267636 0.785492182
 1050 -0.955273151 0.620348692 0.357739359 1.11437011
 1051 -0.401271850 0.240519494 1.63895178 0.669864714
 1052 -1.08678138 0.480853975 0.303200185 0.600826681
 1053 1.50468275E-02 0.391524613 1.57181013 -0.481937289
 1054 -0.454115212 1.31617880 0.534318686 0.458843440
 1055 8.17840844E-02 4.82602865E-02 2.62687135 0.626790643
 1056 0.157349259 2.28435493 1.95333314 0.359089851
 1057 -0.434935480 0.583746672 -0.781763494 0.637207150
 1058 -1.67513371 0.145583108 -1.79105306 0.678463995
 1059 0.447871774 1.97840428 0.245642245 0.305251271
 1060 -0.371298790 0.462657720 0.654725850 0.329690039
 1061 -1.68195236 0.238898456 0.272693038 0.893393457
 1062 -0.336782753 0.471463740 2.06734872 -0.557144225
 1063 5.44826314E-02 3.51477712E-02 -0.318145961 1.91063559
 1064 -0.349455535 1.60635781 -0.177813038 0.535255969
 1065 -1.66215575 1.83798075E-02 -0.428992063 -6.98198378E-03
 1066 -0.904498994 1.01117718 0.696806371 -0.111277074
 1067 -1.09244835 0.770299017 0.598266244 -0.332537651
 1068 -0.926740527 -4.68333215E-02 0.213497266 -0.188556224
 1069 -4.76374030E-02 0.739179194 -0.151286989 -0.602672875
 1070 -1.68468308 -0.245372653 0.198668271 0.733783424
 1071 -0.301935494 1.76209354 0.654640019 0.524879694
 1072 1.43198764 1.09050775 0.857661903 0.597374022
 1073 0.420450807 1.06737268 -0.433635831 0.515765488
 1074 -0.641430259 1.01314378 1.59785926 -0.238580316
 1075 -0.483866066 1.74700582 -0.683015823 -1.32685494
 1076 -0.496653557 -0.332924217 0.575645924 -0.290128350
 1077 -1.05235457 -0.860587299 -1.43813300 -7.70274401E-02
 1078 0.554579377 0.526636660 -6.53723627E-03 0.714738846
 1079 0.871178389 -0.609411478 -1.78632963 1.55141032
 1080 -1.76268733 3.01907325 -1.10252905 0.841627777
 1081 -0.354658931 1.93939555 -2.22238874 1.78329217
 1082 -1.43738282 2.18916488 -0.972559214 -0.410375416
 1083 -0.210633457 0.235510200 0.729769289 0.449691564
 1084 -1.36586463 4.94697094E-02 -0.459468007 3.14611197E-02
 1085 -0.440158516 1.53740978 -0.146944121 0.936528087
 1086 -1.55595207 2.29688454 -1.25624716 -0.297214389
 1087 -0.714641809 0.813736796 0.448559314 0.959277749
 1088 4.67651188E-02 0.450440407 1.68120909 0.672595024
 1089 -0.199560940 0.960945129 0.882882357 0.672616303
 1090 0.191325113 3.72688127 -1.43833387 -0.350909352
 1091 -2.25910163 -1.32470679 -2.38992572 0.526407480
 1092 -1.96120191 2.83810854 -2.41503429 -0.542042255
 1093 0.421370387 -0.866272867 7.37883449E-02 -0.908520699
 1094 -1.30759013 -0.170366868 -1.13877082 -0.439823300
 1095 -0.486527681 -1.29064977 -0.359073758 0.159486234
 1096 -1.82730913 0.589800417 -0.222075075 0.696467459
 1097 -1.86241138 0.339110136 -2.21140862 -0.383384645
 1098 -1.15409207 0.485822201 -0.810051620 0.804230511
 1099 -1.51415777 1.97598958 -0.542583704 -0.337265879
 1100 -1.04547048 2.11200213 -2.72016859 0.976184607
 1101 -2.12674260 1.11353552 -1.69618952 -0.457900643
 1102 -0.270894915 -0.744308829 2.18664026 0.711513817
 1103 -1.00411391 2.33916259 -0.659150720 0.665344417
 1104 -1.27361846 1.98870909 -0.236250594 -0.462384015
 1105 -0.269018263 2.13714862 -1.50885129 -0.507084429
 1106 -0.697155237 -0.133153409 -0.783279836 -0.454829067
 1107 -0.352409840 1.22818899 -0.399172008 -0.781492114
 1108 -0.111387119 1.27181578 -1.50834012 -0.199617162
 1109 -1.14010239 0.972762406 -0.630241513 0.754564822
 1110 -0.667219639 -0.263495207 2.43448913E-02 -1.38608205
 1111 1.18494952 -0.142312258 -1.41000628 -1.33106327
 1112 -1.30543220 0.340147763 -2.73746014 -1.48026705
 1113 -1.52953863 0.798449755 0.462113738 -1.45005357
 1114 -1.00074005 1.93974590 -1.57943118 -0.390496224
 1115 -0.352409720 0.484593391 0.377680540 -0.156809151
 1116 -3.90094370E-02 1.32996023 -0.271516383 0.399951756
 1117 -0.844898880 -0.335939974 -0.489559293 -6.04718924E-04
 1118 -1.45623922 0.962131381 -1.47230566 8.04159045E-02
 1119 -1.48635268 -0.528116584 0.672811866 -1.56543589
 1120 -0.364337027 1.72154582 -1.25692165 0.608739138
 1121 -0.681890965 0.304000318 0.601489782 -0.494157076
 1122 -3.58063169E-02 0.325126946 0.103257194 0.665707290
 1123 -0.929862261 0.571330011 -0.634927690 0.727592468
 1124 -0.158328533 -0.159996122 2.39187670 0.828431070
 1125 -1.17624712 0.508840203 0.523872614 -0.605337560
 1126 -1.28580701 1.18693078 0.809741735 -0.453464270
 1127 -0.929738760 2.08720279 -0.621064186 -0.296791226
 1128 0.918809056 0.761376977 0.916618705 2.01609087
 1129 0.486520171 -0.393223166 -0.763948917 0.580012083
 1130 -1.41520751 -0.466102123 -0.187898174 0.838440895
 1131 -0.597373962 0.816334724 1.29170620 -0.267771840
 1132 -0.248896316 1.39533246 1.54989564 0.458011687
 1133 -0.593715906 -0.450084150 0.892451882 0.564841032
 1134 -3.44247669E-02 0.187808678 -0.137444898 1.04470754
 1135 -1.26085353 1.04023147 -2.31939411 -0.495395839
 1136 -1.20384765 1.71471810 -0.732685685 0.487001061
 1137 1.02016711 0.805486202 -0.908160269 -1.54092109
 1138 -1.81744063 -0.856850207 0.272762477 -0.255822778
 1139 -2.29204416 -0.728274107 0.903617620 0.680401385
 1140 -0.782887697 0.166005269 0.703063130 0.919857383
 1141 1.59617424 -0.717137694 0.384322166 -1.64836466
 1142 1.56521881 0.377888680 0.112200350 0.390098065
 1143 1.35421181 0.467294127 -0.741425991 1.25123668
 1144 0.505304217 -0.504120529 0.153975606 0.600045741
 1145 -1.78889251 1.40269184 -0.139302373 -0.885985970
 1146 0.690771937 0.676584363 -8.03644955E-02 -1.59075117
 1147 0.868268549 1.34401238 -1.17547107 1.38943410
 1148 -1.04048073 1.39307535 0.447827846 0.721854091
 1149 -0.623220384 7.85684958E-02 -1.68400252 1.50752604
 1150 1.07491052 1.37129104 0.549463153 0.222234040
 1151 0.645451725 1.28277779 -0.654005826 -1.70586979
 1152 0.504886746 1.73465288 0.408106536 1.50114501
 1153 0.348583311 -0.309499562 1.30209625 -0.535534799
 1154 2.17730284 0.280409873 -0.401040435 0.235936850
 1155 1.27259326 0.719479203 0.567450106 -0.136414975
 1156 0.129866838 1.09654891 1.04398024 1.83480501
 1157 1.07677102 0.120459050 7.47913942E-02 1.07388628
 1158 0.521732986 -5.56338280E-02 -0.822629929 -0.898247480
 1159 1.65022826 0.191506475 -0.692537546 0.769288659
 1160 -1.17140019 1.79925990 -0.191409722 0.606352746
 1161 1.43121815 2.06670165 -0.554135263 -1.38201141
 1162 -0.417629421 -1.01853788 0.677396178 -0.180267990
 1163 0.427790731 5.83501048E-02 0.470073819 1.43392301
 1164 -1.53181922 7.14906156E-02 2.22626328 2.18981123
 1165 -0.989782155 1.41026354 4.79304232E-02 -0.792483687
 1166 -0.266854137 0.130030245 -0.612037718 0.837635636
 1167 1.93370116 0.114554331 1.67641461 2.90226054
 1168 0.933319330 1.04303110 -0.927453041 0.416621655
 1169 -0.294144630 -1.17811346 0.673854470 -1.43812764
 1170 -0.899820864 0.212171927 -0.511829138 1.33899128
 1171 0.108549446 1.29918969 -0.229400054 1.65286279
 1172 -1.12116790 0.652562916 -8.03034008E-03 1.60442173
 1173 0.736760139 1.95461822 1.48079729 2.37658119
 1174 2.22248745 1.70405793 1.45954430 -0.307903737
 1175 0.757826388 1.41504276 1.10039628 0.805895329
 1176 -6.09964132E-02 0.842105389 -0.341810435 1.65458679
 1177 -1.07054412E-02 1.37734008 -1.45359862 -0.248751432
 1178 1.61914659 0.644741595 1.47810388 -0.757529259
 1179 -0.466362894 -0.357643396 1.56927407E-02 -0.845825434
 1180 0.730485678 0.531150937 -0.297595173 0.526569724
 1181 0.356315345 1.23126698 -0.388842225 1.06321752
 1182 0.548172832 1.90225089 -0.893108845 1.42683375
 1183 -0.269060493 0.969206274 -8.63395557E-02 0.692247510
 1184 -0.201863706 -0.183243349 -0.524688184 2.88675117
 1185 -0.152451575 -0.339376181 -0.772714138 0.438976884
 1186 0.274401873 1.24695778 -0.106692784 0.584201455
 1187 0.714955449 0.452174485 2.34358811 -0.389186382
 1188 0.260946780 -0.166047841 -2.77208734 -1.60941207
 1189 -0.718386173 0.246548831 -1.28995311 0.686553419
 1190 2.34230471 1.30962205 -1.26438272 -0.629200935
 1191 0.543575764 2.49473810 -1.32230747 -2.12246513
 1192 -0.355604291 0.561710596 2.07669258 -0.655268490
 1193 0.755398095 1.08360589 1.68649292 -1.80947518
 1194 -0.649610162 -0.285810173 0.336316347 0.821337640
 1195 0.528416991 0.842291117 1.62158775 1.43505001
 1196 1.87411833 1.24343729 1.60707641 1.44332123
 1197 -0.513901532 -0.707807660 0.282455236 0.385379970
 1198 -0.781398892 1.56482816 0.925452113 1.33115649
 1199 5.55463731E-02 -0.228104755 0.165857434 0.494251847
 1200 -0.720676780 0.383108377 0.375994891 -0.324318081
 1201 0.192889720 0.918461740 -1.08965337E-02 -1.73449767
 1202 8.36364031E-02 0.594230533 0.872377992 2.11437941
 1203 0.671334207 0.192458987 0.989411175 0.499896407
 1204 -0.917782843 -0.590248108 0.839067578 0.867821813
 1205 -0.529379129 0.887066126 -0.547454000 2.52680135
 1206 -0.284634173 0.999704480 0.756849587 -0.276549369
 1207 -1.44460106 0.377374202 -0.261344939 0.526562393
 1208 -1.00314534 -0.571051419 -0.986731112 1.40617800
 1209 -1.79375876E-02 0.987163961 0.906992972 1.67540050
 1210 -0.150743231 0.364803076 -1.45763969 -1.80150366
 1211 -0.284342229 0.849885404 0.832798779 -0.550648868
 1212 0.660204470 2.66224122 -0.319709122 -0.713588476
 1213 -0.102262661 2.26357675 0.280596823 -0.854967296
 1214 0.470636636 3.27165611E-02 0.756948173 -0.585057139
 1215 -4.46774364E-02 0.381982207 0.321458966 -0.510480046
 1216 -0.406603277 -0.337913334 0.747944832 0.472774804
 1217 0.545533419 4.59852517E-02 -0.941518426 -0.796482384
 1218 -0.487976432 0.424198449 0.743710697 0.323265523
 1219 0.542576790 0.122220486 0.151297420 6.36751056E-02
 1220 0.846038461 0.297214627 -0.192939639 -0.506608009
 1221 0.753900647 0.585407317 -0.390859008 0.438674778
 1222 2.33319473 0.815283239 0.845330119 -0.484148294
 1223 -0.723119259 -1.46817470 1.00859487 -0.823215246
 1224 3.78308892E-02 0.959648728 -0.375280857 -0.461068153
 1225 0.343127400 8.87372643E-02 1.48344898 0.919756293
 1226 0.713057160 0.465925306 0.890893638 0.656724513
 1227 1.59743500 0.305298746 0.868465722 -0.527101755
 1228 -0.427518427 0.202005029 0.297273159 1.62008560
 1229 0.165641993 1.03149176 1.13832295 2.63126564
 1230 1.51590598 1.87939548 -0.974245191 1.54211354
 1231 1.21230531 8.62138718E-03 1.52057183 -0.159848243
 1232 0.326525927 -0.450159431 -0.659118295 1.50445747
 1233 0.538912117 1.03811395 0.412728012 -0.185540587
 1234 -5.11602238E-02 6.28745779E-02 1.53094983 1.82936525
 1235 1.32075834 0.675898552 1.06872499 -1.60783160
 1236 1.32060027 0.200333029 1.08056951 -1.86677992
 1237 -3.41204107E-02 -0.185171857 0.562292933 -1.71119523
 1238 -0.534605563 1.01312053 -0.817138910 1.65189481
 1239 0.367227495 1.16221869 -0.122532107 -0.930153847
 1240 -0.599392831 -0.138265461 0.743158638 -0.168818682
 1241 -0.231865242 0.746256828 -0.544338107 0.758121669
 1242 1.59463608 0.218070611 0.352454633 -0.466384500
 1243 2.20171118 0.410235703 -0.123705879 1.00276828
 1244 1.34133303 -0.288906157 -5.12602925E-02 0.465684444
 1245 0.736896276 0.232506186 1.70574737 -0.137787580
 1246 -0.166246772 0.108236693 0.745332956 0.607386112
 1247 1.14081550 0.467107952 0.107703865 0.735065639
 1248 2.43499994 2.60161757 -0.673929632 -0.718408346
 1249 -0.914891362 1.83894622 -0.224790752 1.80048501
 1250 1.08722472 0.385337532 0.225508288 2.10621691
 1251 1.10185587 0.430936158 -0.579129219 -0.742327690
 1252 0.676445365 1.36197829 -1.45717824 -0.816037893
 1253 1.13510430 2.15376544 0.130667254 0.671594262
 1254 1.02661037 0.497685492 -1.31300986E-02 1.33831525
 1255 0.820400476 0.524805903 0.879195273 0.976891160
 1256 0.678985476 0.517557085 0.271541595 0.495006889
 1257 0.635920167 1.28508389 -0.387438834 0.324282676
 1258 0.982164264 -0.850242734 -0.261616856 1.63312483
 1259 1.56972921 2.73265392E-02 6.22636974E-02 2.63192296
 1260 -0.946569145 -0.847747922 1.77461469 0.184125990
 1261 0.851629674 1.44393849 0.773823678 -0.195752591
 1262 -1.63427854 0.160954326 1.09783638 0.813541651
 1263 -0.629688859 -1.55284107E-02 0.982259154 0.645650387
 1264 1.06523812 0.183398068 3.70669290E-02 0.366702974
 1265 1.19590044 1.69821870 1.32458770 0.668192506
 1266 6.31639212E-02 0.269797653 1.62455511 0.587999165
 1267 1.46846342 1.76316905 -0.337026238 0.135930717
 1268 0.333760172 0.300717652 1.87606359 0.795084417
 1269 -0.361605674 0.523672104 1.14419758 -0.656550169
 1270 0.276101530 -0.776449502 0.964814663 0.806797504
 1271 0.988560319 -0.433292717 0.801645517 -1.36632323
 1272 1.85680413 0.418099642 -1.63818896E-02 -1.65611482
 1273 0.835618198 0.410035521 0.449930251 -0.692168236
 1274 0.644562602 -0.543829501 -1.42569983 -1.32612526
 1275 3.76684666E-02 0.715681136 0.138534248 1.15489864
 1276 0.360823840 -0.267708212 -0.204565555 -0.386963308
 1277 3.45733857 0.809545934 1.01565146 -1.41371477
 1278 0.816791832 1.35106158 -0.912209511 -1.21030748
 1279 -0.107982010 -2.02803314E-03 0.358210385 0.754169941
 1280 1.75681627 0.155017212 2.09927559E-04 0.580785275
 1281 -0.913111985 0.843706906 -1.61101830 0.751567006
 1282 0.103149146 1.03850389 1.36053228 -0.465114057
 1283 1.58997548 1.15308058 -1.45722651 -0.504851937
 1284 0.967772424 -0.518530190 0.734965205 -0.194516659
 1285 -0.962708294 0.307698846 7.09278956E-02 1.54404736
