 1 -0.460844636 -1.12741756 -0.194068149 0.863186955
 2 -1.01648879 -0.414864898 0.440599084 0.998989582
 3 0.362461150 0.411182821 1.60271513 -1.01386428
 4 0.129333422 1.15129352 0.154351741 -0.543992043
 5 -0.287550092 0.484039843 0.340710908 0.376115233
 6 -1.45183727E-02 -1.16928935 0.498766989 1.19196069
 7 -1.67443228 0.516278446 -0.880452514 -1.40746272
 8 -0.722840071 0.518735230 0.144957334 0.566284657
 9 -0.971593261 -2.73282576 0.642317533 1.01043987
 10 0.931308389 -1.97116089 5.62889576E-02 0.389573991
 11 -0.908511162 0.482290894 0.266364783 0.361513555
 12 1.66631937E-02 -0.207826540 0.257534415 2.14852095
 13 2.09041286 0.477670491 0.151034936 -0.540922761
 14 1.06256807 -0.717263043 0.268345326 0.885739207
 15 0.962622523 -1.10427892 -0.982437193 0.468067348
 16 0.753156722 -1.98877573 -0.122391805 1.11009634
 17 -0.551810563 1.13302755 -0.254683107 -0.153060883
 18 -2.04702854 2.16148198E-02 -3.23073566E-02 -0.622532010
 19 0.335641921 -2.73596239 -0.681800008 0.185456902
 20 1.15602088 -2.44954705 1.37689543 1.38855958
 21 -0.562535167 0.862295747 0.200486332 1.04065371
 22 0.432596743 0.832736552 -0.336583197 -0.244826972
 23 -1.81938732 -0.789350271 -0.117902145 -0.510784507
 24 1.54576743 0.488255382 -1.20090127 -0.402915329
 25 -1.29019570 -0.714555681 0.349123746 0.922410607
 26 2.55576992 0.649871171 1.15565848 1.31379807
 27 0.100386903 1.66914940 -1.09322202 1.42740345
 28 1.51242006 -1.05821669 0.362551987 0.288990974
 29 0.279913008 0.925414622 0.275906920 -0.175410300
 30 0.522482097 0.391411155 1.77567303E-02 1.08714390
 31 5.81080616E-02 1.37989616 0.193985105 -1.27343881
 32 -1.23300838 0.151950717 -0.762981296 -0.947089672
 33 0.463531882 -1.10309160 -1.03849506 -1.43105662
 34 -0.861442924 -0.359704375 -3.33105102E-02 0.614991724
 35 -0.884898841 -1.02212274 0.571517467 -6.68147430E-02
 36 2.07958174 1.50484550 -1.41515470 -0.215477198
 37 -1.23436153 1.46964204 -0.152073473 0.809440672
 38 0.587488294 1.67588615 0.429693639 1.28330755
 39 1.97447324 0.376443654 -1.22917223 -0.524891734
 40 -0.832226694 0.853870392 -1.09559739 -1.31822908
 41 2.61878252 -0.316297650 0.593722463 1.02701449
 42 1.28026640 1.19888389 -1.80371773 -1.69390678
 43 -0.361422628 1.67000294E-03 -0.460515827 9.69002098E-02
 44 -0.302650422 1.08129036 1.41408336 0.712606013
 45 1.75432968 -2.50809884 -0.520680666 5.14970273E-02
 46 2.73618460 2.45431566 -0.750793040 -1.79937017
 47 0.607042372 0.881665766 -0.661680281 -1.62080601E-02
 48 0.780979216 0.926265180 -0.612883091 -0.164146870
 49 0.704079151 -1.53005016 -0.301482320 0.347231448
 50 -0.857447267 -0.493142962 0.928513944 1.22259331
 51 -0.662507653 0.348797828 0.273270160 0.917995274
 52 -1.72347331 -2.07668114 0.169068694 -1.18933463
 53 -0.266366065 -2.46727514 0.535333693 0.877394140
 54 1.06163085 -0.553855360 0.521764517 -0.613341570
 55 -0.430214882 1.11857510 0.637260258 0.382597089
 56 -0.613365948 0.541389704 -0.960827112 -0.361541122
 57 -1.90511084 0.422366977 0.641200304 0.188764840
 58 1.61544728 -0.335122108 -0.286071390 3.44971530E-02
 59 -1.52918351 -4.87731248E-02 -1.89762712 -0.246171236
 60 0.966946483 -0.449000746 -7.35683590E-02 0.234386235
 61 1.63122416 1.49192011 1.37492859 1.70385098
 62 0.564420104 -0.951483130 -0.861974716 0.814801574
 63 2.57232094 0.346751153 -0.746884704 -0.750548482
 64 0.359199464 -0.673347116 -0.727594674 7.09794760E-02
 65 -0.217736453 1.84291506 0.449720234 2.18198514
 66 0.302572906 2.04171824 1.73230246E-02 -1.83942306
 67 -0.846507192 -0.115773827 1.21116722 -0.374428660
 68 -0.633159280 1.27153993 1.49382985 1.32232404
 69 5.60098886E-03 -1.22345042 -1.02821004 1.10218978
 70 0.817462862 -2.02285945E-02 -2.58620644 2.50925869E-02
 71 0.670940280 0.174835771 -1.76126647 1.10666633
 72 -0.336851388 -1.86070764 -1.15057576 -1.67265880
 73 -0.180522367 -1.30468476 -0.787873745 -0.325826794
 74 2.31745648 0.886773109 2.28203630 -0.751785338
 75 0.800143361 0.910815120 -1.77857947 -1.82999921
 76 0.140961349 0.578432798 -0.906077683 -1.28387892
 77 0.187388361 -0.652730584 1.53800702 1.33904767
 78 1.11505651 2.24945498 0.617839992 0.802291214
 79 1.39804626 1.07460093 -1.00571096 1.59844422
 80 1.07401872 -0.465774596 0.587435782 1.06533062
 81 -1.51664615 4.30332720E-02 -1.92896032 -2.17482352
 82 -1.10117602 -0.789823472 1.05274999 0.984800875
 83 0.415283918 -0.705965996 -0.814395130 -0.183813334
 84 0.291414350 -0.538902879 -2.63598013 -1.77786934
 85 3.66635323E-02 0.365264773 -0.901383400 3.83667834E-02
 86 0.908810019 -7.90855438E-02 2.86457241E-02 0.576904953
 87 1.10601592 -1.19432175 -1.01960075 1.87062204
 88 0.685896039 0.289291203 1.23236084 -0.263938874
 89 -1.72477508 1.09520066 -0.340368062 0.480602741
 90 -4.68631536E-02 -1.01174963 -0.284253001 1.29234266
 91 -0.462709248 -0.900142729 1.25294590 1.51531672
 92 3.99169624E-02 -1.21855760 -8.22626948E-02 4.63831872E-02
 93 -9.85734016E-02 -0.557009697 2.59496123E-02 0.844664097
 94 0.137804687 0.193462968 -1.05547822 1.22821248
 95 -0.384973854 0.138569713 0.205281019 0.340742111
 96 -8.24045837E-02 0.431096673 -1.91389084 1.05192363
 97 -0.522295356 -0.484648228 -0.125966534 -0.311979681
 98 1.58876252 -0.867726326 0.627411008 1.07685554
 99 9.71538201E-02 -0.606235385 -1.10176790 -0.194111705
 100 -2.56022010E-02 0.596903265 -1.21266568 -0.444997191
 101 -0.105050504 -1.55635846 -1.10263193 7.10057914E-02
 102 -0.105332419 0.879747033 0.639598310 -1.75632954
 103 0.514569700 0.182227209 -1.75343347 -0.480912179
 104 -0.863807082 -0.801601827 -0.497697204 0.919711769
 105 0.830195010 -1.04189050 -1.01345921 -0.484001517
 106 0.837842882 -0.685448050 -0.188800156 -0.430886805
 107 1.01207483 -2.83783555 -0.488859981 0.668196380
 108 -0.293684661 0.616393387 -0.342837155 0.369690657
 109 0.461109072 0.105764866 -0.458395630 -0.318589091
 110 0.921352208 0.199910760 1.65578341 0.144466996
 111 -0.510680914 -1.19398475 -0.935426891 1.30655038
 112 2.15106368 -0.898279309 -0.162428513 -0.783988297
 113 0.693959475 1.28967130 -0.255732715 0.353268921
 114 0.208097547 -0.970128298 0.321427643 -0.709402561
 115 -7.04979599E-02 1.56253517 -0.896659553 1.34625280
 116 -0.670837820 5.58552332E-03 -1.48176098 -1.23896730
 117 -0.877277970 0.422419161 0.490301490 -1.21909654
 118 0.914473176 0.915255070 -1.47241998 -0.221200079
 119 0.485810697 0.212867960 1.53192031 -0.403359234
 120 -1.05706477 -0.241604283 0.576166511 -0.253512323
 121 -2.00849891 0.634890020 -1.30146289 1.46579409
 122 -1.10919094 1.46840358 -1.27245665 0.719309270
 123 -1.22644377 1.07618630 -7.84588903E-02 1.43940866
 124 2.20305061 -0.340566367 0.703350544 -0.562553525
 125 1.01099753 1.17093134 -7.93218762E-02 0.532739043
 126 -0.284009188 0.554121971 -1.75598431 0.749856234
 127 -1.80398822E-02 0.965950429 -0.970301330 -2.15677094
 128 0.190383792 0.207411349 -0.776639879 0.340720892
 129 -0.428401083 1.44721746 0.127676740 -0.486049294
 130 -2.00565481 1.82674575 -0.894777954 -0.662926674
 131 -0.196650594 5.70078045E-02 -0.558439791 1.11662483
 132 -0.969071031 4.22614068E-03 -0.845347881 0.419600457
 133 0.473708987 0.246276945 -0.719846368 3.31956856E-02
 134 -0.478808045 0.425127208 -0.171465889 0.319706231
 135 0.240762517 9.89020690E-02 -0.378908396 -1.09464633
 136 -0.737770379 0.399416536 -0.764572680 0.886923850
 137 -1.96691871 1.25948536 1.10047638 5.40493131E-02
 138 -1.31031609 -0.100346759 5.19535802E-02 0.665756762
 139 -0.471727997 0.180922449 -0.621359229 0.213408381
 140 -0.590955675 -0.819025993 1.57224548 0.858369112
 141 -0.146555483 0.748086929 -0.683003604 -0.145585001
 142 -0.304023981 1.03112352 1.39909458 -4.22264710E-02
 143 1.18498194 0.996990204 -0.558620393 5.15353084E-02
 144 0.201497018 -0.479250133 -0.235486150 -0.330074191
 145 -0.247470409 0.313224018 -0.583259761 1.43474750E-02
 146 1.55641747 -0.892191768 -0.358002841 0.186228931
 147 0.857480466 1.49217117 0.133653641 0.946803689
 148 0.857476652 1.26224840 -2.59586716 -1.55113935E-02
 149 0.271509558 1.22545874 0.715861082 0.131493285
 150 0.320415169 0.546175539 -1.38435519 -0.515560329
 151 0.304664135 -2.74841166 0.233365208 0.456590235
 152 1.77120721 0.425895095 -4.09909412E-02 1.19470036
 153 0.356375098 -0.873236895 0.554835200 0.921160460
 154 -0.720451891 0.206014454 5.62337153E-02 -1.54118264
 155 -1.67579782 0.288893163 6.13074303E-02 1.35044110
 156 0.597996414 -0.190797195 1.76488364 0.371570319
 157 0.124918088 -1.02215445 1.33345175 -0.810283899
 158 6.73256218E-02 -1.51524866 -0.509320140 9.64946300E-03
 159 0.388288140 -0.921751022 -1.34239197 0.288410842
 160 0.556204915 0.806729436 -1.64952075 -0.359574705
 161 -0.518734694 -3.06357443E-02 0.980094850 1.75262070
 162 -0.625800788 -0.658014774 -0.937943935 6.93894103E-02
 163 1.22381067 1.66855514 0.630084455 -1.70912504
 164 0.557883799 1.58929080E-03 0.460856289 -0.604915082
 165 0.833621204 -1.28293490 -2.35593605 1.16777647
 166 3.00622487 0.848871410 0.670438170 -1.71349108
 167 -1.31937075 1.31425607 1.91687191 -0.318646789
 168 0.319766104 -0.347974181 -1.40834832 -0.243040621
 169 -1.19122410 0.787177980 -0.329904228 0.680663049
 170 -0.409631401 -1.44005525 0.963375807 -1.43729103
 171 1.00881100 1.29669821 1.31979251 -1.43640482
 172 0.226591334 -4.47088778E-02 -0.322714955 0.616446137
 173 1.17704880 9.08528566E-02 -1.63397157 1.03777003
 174 0.207131743 -0.608884454 0.573920250 -1.66660297
 175 0.301318645 2.47327015E-02 0.664144814 -9.57333371E-02
 176 0.200021982 -0.729138434 -0.208488777 -0.391448498
 177 -1.77133930 0.787480354 -0.441041559 0.180981189
 178 -1.29264653 0.307116330 -1.14227974 1.94693708
 179 -1.82424033 0.413125873 -0.149395168 -3.58178243E-02
 180 -1.48854089 0.832625926 0.869485259 -1.50205946
 181 -0.332829058 0.177014858 -0.572686195 -0.626404405
 182 3.21720541E-02 -7.62065649E-02 -1.50435877 1.27138150
 183 -0.995140553 -0.316099882 -1.33637810 -0.642103136
 184 5.57811260E-02 1.11928737 1.22217166 -0.740789235
 185 -7.06787333E-02 -0.638454497 -0.458048970 8.00088271E-02
 186 -1.29483521 0.779101253 0.238153398 1.86202025
 187 0.979125857 1.41756988 -1.25939012 -2.02065873
 188 -1.44514441 0.706835866 0.665372670 -0.275609851
 189 3.60434502E-02 1.09636116 -0.342325360 1.91955364
 190 1.30007970 -1.90559018 0.624008894 0.687978625
 191 -0.905330241 1.06000209 0.602171600 1.86299872
 192 -1.43317842 0.361325920 0.113614827 -1.18823576
 193 8.01178664E-02 -0.537404418 0.107888922 -0.230076075
 194 -1.56034672 0.638561010 -5.21346033E-02 -6.33060858E-02
 195 -1.52031219 0.987982273 -1.22801459 0.830047488
 196 -2.17277813 -1.64705086 2.81779933 0.302223623
 197 1.22784340 0.791158378 -0.612225533 -0.176878497
 198 -1.60451508 1.38244605 0.218794882 -0.296850801
 199 0.301238716 0.657990634 -2.74053216E-02 1.11893976
 200 0.674915850 0.287422955 -0.413172096 -0.129107982
 201 -0.394110858 0.648081541 1.48623741 -0.993749857
 202 -2.14494109 -0.620553970 0.433052897 -0.608588099
 203 0.143085241 -0.209013104 -1.51774931 0.439456761
 204 9.07377228E-02 0.651054084 -0.518458843 0.863936543
 205 1.05134630 -0.194108859 -0.356939524 0.234689355
 206 -1.71235156 -0.403971344 -0.488180697 -0.387693197
 207 -1.47328806 -0.357350409 -0.376996875 1.13001913E-02
 208 -1.17687047 0.224560753 -0.439214766 -0.795976996
 209 1.61023068 1.58694434 -0.488706410 -0.850333810
 210 -0.139470980 -9.69392061E-02 -1.57951772 1.43990576
 211 0.407618284 0.408676624 -8.20866227E-03 -0.645197153
 212 -0.168613434 0.131335184 -0.358295232 0.112401485
 213 2.36796379 1.31277525 -0.415358752 0.494987696
 214 0.946000159 0.775065899 -0.707126379 0.707418919
 215 -1.24520445 -0.240342155 0.507647634 1.36539173
 216 0.116770118 0.914331436 1.73051608 0.506067812
 217 1.01594234 1.21390581 0.351358145 0.726578653
 218 -1.56725049E-02 -1.34688163 -1.49899740E-02 1.08795762
 219 0.437103987 1.40912247 -1.38470978E-02 0.295392513
 220 0.476224869 1.10294378 -1.13066268 0.528433740
 221 -0.418112397 1.78476334 -2.12213850 -0.487674385
 222 1.55051816 -0.661168933 -0.723226786 0.817603827
 223 -0.543784738 -0.755983353 -1.44525266 0.910728514
 224 1.14662552 2.24407721 -1.87744963 0.320513010
 225 -1.02606583 -1.16961241 0.474904537 1.74954832
 226 0.347607017 1.30727804 0.725038588 -0.948332787
 227 -0.149646759 0.969594359 -0.560525000 -0.126434416
 228 -0.114471257 -7.57610202E-02 0.504248500 -0.205169559
 229 -0.238700300 -9.09489095E-02 -1.14530075 0.353045940
 230 0.295124888 2.40560341 0.138740182 -0.572785974
 231 -0.507819772 2.05719378E-02 0.574811935 0.863046467
 232 0.979601264 0.380323499 -0.560851574 -0.312123239
 233 0.603455424 -0.498730242 -0.736868262 1.53815150
 234 1.17852199 1.40618563 4.79037985E-02 -0.215109885
 235 -0.274411201 4.38598916E-02 0.997912765 0.466844410
 236 1.95151877 2.25750637 -0.609663725 -0.446778208
 237 -1.60460615 -0.304270029 0.562688112 8.59631673E-02
 238 -2.37447953 -0.463061243 0.300212801 1.30446053
 239 0.464683622 0.848304391 0.284379780 1.19649553
 240 0.636817813 6.20809197E-02 1.33923209 -0.340602696
 241 -0.700907648 -8.16741437E-02 -0.307496041 -1.47242785
 242 -0.192192152 0.994818509 0.307861865 -0.810835958
 243 0.812053204 1.18252039 -9.13659930E-02 1.37997365
 244 1.55172837 1.66256666 -0.337833583 1.45319808
 245 0.619118214 1.53656185 -1.54749155 1.87108004
 246 -1.33620512 0.827955127 -0.233631298 -0.708041787
 247 -2.04872465 0.643542111 1.00288308 0.829761922
 248 0.710304976 -0.864432573 1.64460015 -0.916982174
 249 -0.202324867 1.42774677 0.150251150 -0.280084610
 250 0.952184439 -0.450938880 -6.21315502E-02 -0.647169590
 251 -0.725221395 -0.751251698 -0.113742113 -0.548687398
 252 -6.00904226E-04 1.06315839 0.271482795 -0.680302620
 253 0.932684779 0.574145615 1.55341399 -0.586409509
 254 -1.04110098 0.935701132 -1.18950164 0.395428717
 255 -0.542666674 1.44787145 2.82136679 -1.10609949
 256 0.545558572 -4.69449461E-02 -0.867726266 -9.09586549E-02
 257 -1.12206686 -1.21023047 -0.283061177 -1.29967070
 258 -1.20739365 0.322504222 -1.33851039 0.838645458
 259 0.909624100 -0.429150134 -0.307634413 1.00458777
 260 0.618341863 -0.473209113 -0.853640616 3.73878777E-02
 261 0.651668906 -0.282517403 1.10202003 -0.853303850
 262 -1.32509804 0.296549797 -0.118973494 0.207006097
 263 1.05674362 -0.832470000 -2.38629317 -1.61991370
 264 0.804781675 2.25323915 -0.389615238 -0.717428923
 265 -0.885214865 -1.32698083 0.944132447 -1.02460670
 266 0.272047877 -0.499748737 -2.01077461 0.777512193
 267 1.35395575 -0.883370757 -0.774216950 1.02803850
 268 1.04577672 1.35705090 -0.747973084 0.172373205
 269 1.39831626 -0.370822430 0.653233826 -1.54586709
 270 1.17006099 1.55858505 -0.282619655 -0.545106053
 271 0.187935144 -0.844465852 1.38151884 0.800037205
 272 -2.02502608E-02 6.48701191E-03 0.743337393 0.871809721
 273 -9.90216434E-03 8.13662112E-02 1.57607317 -0.352502942
 274 -2.02974343 -0.708716929 -1.63503706 -0.579873264
 275 1.20808077 0.515506983 -0.222601384 -0.649275184
 276 -1.65996480 0.289593577 0.207216382 0.743560076
 277 -0.119290620 0.832646608 -0.368437886 0.230956733
 278 -9.35425311E-02 -0.257542133 -2.41014361 -0.599400640
 279 1.88263893 1.65883493 1.64048779 -0.127103955
 280 -7.69146532E-02 -0.160995290 1.08412778 0.658974051
 281 -0.332800537 0.212033391 0.782868326 2.10526800
 282 -4.16855514E-02 -0.419162601 -1.47505808 -0.870157123
 283 0.700021625 -7.52976239E-02 -1.26144564 -1.41323793
 284 1.38224638 1.10128200 0.893928945 1.04386735
 285 -0.216721296 5.60743995E-02 1.29471290 0.472029775
 286 -0.879220903 -0.263889879 -0.530548930 0.853918076
 287 2.82070413E-02 0.717271566 -0.945354879 1.18326008
 288 0.204720527 4.99454960E-02 1.12297750 -0.169325426
 289 2.61995482 2.04211187 1.95397449 -1.87653947
 290 0.478075862 -0.492224365 -0.176964626 1.06382668
 291 0.773711741 1.04286981 -0.420524985 0.953854561
 292 -0.224765956 -0.784838974 -0.715202570 0.380102217
 293 -0.550338566 -0.961891532 -1.44722629 0.382346153
 294 -0.626339316 -1.05136395 -1.18934977 -0.876409233
 295 0.370303005 0.804999113 0.415815681 0.260650516
 296 -0.822763801 0.115804106 0.269336939 1.41578555
 297 -1.11236453 -1.75526357 -0.141124979 2.17567229
 298 -0.470604867 -0.952592373 -0.946243703 1.35065782
 299 -0.427919269 -0.143083781 -0.724516988 1.85254335
 300 0.265759677 0.905982375 0.932022750 -0.842371762
 301 -0.646605134 1.07850671 0.134720728 1.47953546
 302 -0.732762873 -0.378078759 0.257023633 -7.62034655E-02
 303 -1.03786254 -0.488976121 0.452556014 -1.39562094
 304 -1.80461800 -1.80631995 -0.640876591 -0.586095810
 305 0.578708410 -0.502366781 0.367852032 1.40709519
 306 1.60823095 0.369402081 0.243159860 1.63507771
 307 -0.499914110 1.94670355 -1.04292166 1.99738216
 308 2.19808626 -3.17978859E-02 0.390933722 0.301739901
 309 1.36902058 -1.85419321E-02 -0.373758793 -6.71050251E-02
 310 -0.316964090 0.633782566 0.449832022 1.28340352
 311 1.76197195 -0.236745477 1.05902791 1.54872680
 312 2.02005315 1.91911614 -0.721440434 -0.144527167
 313 -1.79455531 0.509114325 0.593330741 -7.12303892E-02
 314 -1.18346357 -0.724173307 -0.255021811 1.43340099
 315 0.663376451 7.46748149E-02 -0.634809494 0.717370629
 316 1.02460003 0.304848254 1.01598215 -0.730874002
 317 1.51699162 0.763756633 1.42102540 0.960490465
 318 1.58575094 2.12951517 -0.558479965 1.33996820
 319 -0.204478472 -9.54037905E-03 -0.387324810 -0.559849679
 320 2.27367425 0.108813763 0.388171762 -0.862998843
 321 -1.82046223 0.385022998 -0.366302311 -0.541931748
 322 1.49141192 0.415919065 1.11576509 0.979008555
 323 0.660413861 0.611792445 7.81193748E-02 4.82013077E-03
 324 -0.193866685 1.18500948 2.11780238 -1.97524354E-02
 325 1.19530201 0.191709369 2.32788301 -3.29133123E-03
 326 -1.42937398 0.486605793 -0.101311520 -0.143818110
 327 2.73979044 1.88492835 0.269179225 -1.36873782
 328 0.197109669 -0.773181379 0.797783494 1.42591667
 329 -0.384737343 0.341965437 0.556615055 -0.777304530
 330 1.19384491 0.868504703 0.205613062 -2.09718323
 331 1.33332658 -0.684349358 -0.735352576 -9.61328968E-02
 332 0.320812613 0.548303246 -0.288244754 -0.184229344
 333 -1.48261833 -0.444220215 0.296764076 -0.392672420
 334 0.390090376 0.516845345 0.374320567 0.402497470
 335 -0.361425072 -1.47345531 -1.77283108 0.571150124
 336 3.40281868 0.430644572 2.42522407 1.41349268
 337 2.29168940 0.480248183 1.37850082 -0.203130260
 338 -0.942342401 -2.13874030 -2.26813841 1.93353546
 339 0.103444666 -0.784900248 0.267015517 3.37295234E-02
 340 -0.262998521 -0.380269170 -9.56705213E-02 -1.58100557
 341 -0.247453630 0.313187420 0.221264988 -0.110516906
 342 -0.490528792 -1.54042399 -1.26682472 0.747627974
 343 -0.453391254 -1.07816637 0.887507141 1.22991931
 344 0.865911961 -0.324451983 0.564979553 -0.537396967
 345 0.226679772 -0.367706627 -0.435814559 -0.358807445
 346 0.357552141 -8.19649100E-02 -0.835642993 0.522294283
 347 4.32860553E-02 0.475197613 -0.645272255 -0.585265458
 348 1.19120002 0.485582352 -0.184784800 0.333147615
 349 -0.673195124 -0.297067016 0.591731429 1.36614943
 350 -1.21661973 -0.106590055 -1.15263915 0.813873231
 351 0.610756934 -0.109903559 -1.14082360 0.891839623
 352 -0.476489812 0.233294696 -1.69512880 -0.291141808
 353 1.45865905 -0.261516243 -0.940307736 0.608999252
 354 0.990560770 0.488469541 0.643226147 -1.82047081
 355 0.329246551 -0.445532382 0.392182350 -2.02695560
 356 -0.407118976 -0.915857971 0.250399530 1.42889991E-02
 357 1.25038373 -0.847338438 -6.44401908E-02 0.491125047
 358 -0.784219146 0.878076196 -0.169200093 0.761533558
 359 0.358089179 -0.381172746 0.986853361 0.604640901
 360 -1.74432158 -0.831919074 -0.453549713 -0.466672510
 361 0.707465172 -0.573489249 -1.29272890 -0.598012984
 362 0.582791805 -0.412515402 0.815709233 0.745392621
 363 1.39592648 0.929796696 1.18105984 0.796007395
 364 -0.535868585 0.610078335 -1.32800853 -1.16557610
 365 -1.61055517 1.17776155 0.411570251 -0.433128297
 366 -0.135278881 2.12390113 1.34488738 -1.09798551
 367 -1.50189269 0.735325277 -0.690956712 1.48209095
 368 0.169540554 -1.77831697 -0.213667780 0.555538177
 369 6.27476275E-02 -0.221973836 1.57676613 0.232785314
 370 -1.44252288 -2.53212404 0.294539988 1.06758893
 371 -0.767056346 -1.89309001 -1.02982664 -0.469456315
 372 1.54416168 1.82879210 0.808639050 -0.262721598
 373 -0.658140659 -0.428933412 -1.71296120 -0.214904353
 374 0.491132557 0.383240670 -0.899722457 1.06919432
 375 0.263487458 -0.900736570 -1.43214250 -0.126111940
 376 0.559269488 -0.619553208 5.18217832E-02 -1.73629746E-02
 377 1.59005702 1.24032676 -0.334513783 1.53414237
 378 0.371732712 -1.67116761 -0.251006544 0.959855378
 379 -0.337291807 1.44475138 1.43756199 -0.210205510
 380 0.347288072 -1.13896966 0.525741637 1.35962272
 381 0.129312932 0.213309929 8.87326747E-02 -0.112894066
 382 1.17705655 -0.828469098 0.798054874 1.06499600
 383 1.37209594 -0.148675963 -0.458212882 0.971558750
 384 -1.68931746 0.924134016 -0.752913594 0.544707298
 385 0.956004083 -0.518244147 0.610937774 0.204340994
 386 0.699163973 -0.285965562 0.292461306 1.01301086
 387 2.23636723 1.94445956 4.46256995E-02 1.05887151
 388 0.544652820 0.697404504 6.38843477E-02 0.702531278
 389 -0.900256038 -1.21514535 -1.13589847 1.99553013
 390 -9.27780792E-02 -0.170440435 2.00266051 2.17873406
 391 -0.152953982 -1.41121221 -0.843523860 1.44369197
 392 0.387950420 -0.790207863 -1.52406430 -0.443771303
 393 0.715472639 -0.131636724 5.70210144E-02 1.97587883
 394 9.32565331E-02 1.62429082 -1.36804342 -0.773897171
 395 8.41779858E-02 -0.629573584 0.422860086 -0.382205158
 396 -1.24463987 0.155402273 -0.609707415 1.21231365
 397 0.362980872 -0.745453358 -0.599596918 0.974412024
 398 -0.843286514 -0.833534658 -1.34828317 1.96471310
 399 2.62779951 0.982392192 1.81649232 0.548170567
 400 -1.16034114 -0.522347927 -0.437345624 1.75043428
 401 0.159692153 -0.484911710 -9.89862233E-02 -0.745209038
 402 0.600049615 -0.491813719 0.667693794 -1.14912999
 403 0.238200188 0.162192315 4.32142839E-02 -0.472905129
 404 0.865435839 -0.233148053 -0.302264333 1.31137085
 405 0.878981709 -0.828361690 -1.16530371 -0.475123763
 406 9.44891870E-02 2.00345182 0.531123757 -5.31903654E-03
 407 0.521066368 -0.260829955 -1.12300372 -1.87252200
 408 0.298242480 -1.07971203 0.316844642 0.117464349
 409 0.790357828 0.340274990 0.985227704 -0.168342263
 410 1.40236914E-02 0.134913087 0.799278736 3.52779627E-02
 411 0.911590457 0.641661644 -0.680085421 1.01733947
 412 -0.979824781 0.131868213 0.733772695 0.487048507
 413 -0.106800482 -0.378683150 0.626996636 0.606715262
 414 -0.720696688 0.582063913 -0.682415485 1.14368141
 415 -0.353873551 -0.342607975 -0.778933823 1.87323439
 416 0.762927294 0.396582365 -0.147458404 1.47708392
 417 1.21658719 0.265775025 1.68384004 6.40738234E-02
 418 0.306798249 -0.699633479 0.678810954 0.908255339
 419 -0.194355771 -0.504669309 1.15155506 1.17629933
 420 0.331959039 0.122525722 -0.224410772 -1.25525200
 421 0.846852303 3.77328545E-02 1.57133603 -1.27603638
 422 0.726104617 1.08409369 -0.816397429 0.875269532
 423 1.19174325 0.688023686 0.656961083 0.121893354
 424 1.59457111 -0.184706137 1.35998511 -0.292184472
 425 -0.874076486 1.09544492 -1.73287988E-02 1.16928899
 426 0.134952188 -0.119376354 0.399371207 -0.501282513
 427 0.551094413 -1.03749180 -1.04815412 -1.16603529
 428 -0.255287230 -3.21897864E-03 0.883902907 1.18924689
 429 -7.50265270E-02 0.656574845 -1.18766403 -0.376755983
 430 -2.05953002 -0.548935413 -0.178805858 1.16462398
 431 -0.199951231 1.79418421 0.149578020 -0.555756330
 432 -0.399016321 1.70272064 1.41187191 -1.93658006
 433 -0.258051693 -1.39436245 -0.526627779 0.382681578
 434 0.537505388 4.70291600E-02 -0.267941386 1.07707787
 435 -8.00028145E-02 0.271391630 -0.196199030 0.379422784
 436 -0.227223918 -0.371554554 0.456431985 -5.26575372E-02
 437 0.671180844 0.567406416 0.158477217 0.957795143
 438 0.708100140 0.158204138 -1.00019050 -1.46433043
 439 -0.286846131 -0.888471961 -0.819544554 -6.96247071E-03
 440 0.154994354 -0.805005550 1.23537064 0.525058329
 441 0.394572258 0.476073325 2.47203541 0.368227065
 442 1.40413833 -0.212520957 2.92511880E-02 -0.664637029
 443 1.00532389 0.361917317 0.361239195 -1.99468315
 444 0.530113757 -0.414414287 -1.31485510 -0.815103650
 445 0.648933470 -1.12619603 -1.38400841 -0.495376378
 446 0.162967056 -9.50125605E-02 0.385519743 -7.56965354E-02
 447 8.09054375E-02 -1.64172149 -0.794717073 0.704099119
 448 1.24991179 0.167355835 -0.708830714 1.87965786
 449 -1.25017352E-02 7.92239159E-02 -0.514270544 0.226520225
 450 -0.995791554 1.26847601 3.23134884E-02 1.08250606
 451 1.43514824 -0.856945753 2.68987045E-02 0.594674885
 452 -0.373192608 0.383574516 -0.316821247 1.16533637
 453 -1.04375291 -0.652551293 -0.236317724 -1.30612850E-02
 454 -8.31232443E-02 1.72523074E-02 0.632695019 7.38061070E-02
 455 -0.890718818 -1.40452421 -1.02291667 -0.759619296
 456 -0.821771622 1.35361516 -0.173419863 -0.388446629
 457 -7.15091228E-02 1.44841981 0.801307559 0.122359037
 458 1.50354016 -0.253962934 -0.174845532 0.768864989
 459 1.67525434 0.307395190 0.449415147 -1.57456768
 460 0.631188989 -1.79417804E-02 -0.660261095 8.38912353E-02
 461 -7.49292970E-03 1.07365251 -0.755053997 -1.48031521
 462 -1.47726285 -1.10241997 -1.59197485 -1.99436772
 463 0.827727437 -0.204477489 0.983140826 1.63124776
 464 -0.655111432 5.88142276E-02 1.19390476 -1.64150119
 465 -0.104330018 0.896822989 0.222794443 -1.81657267
 466 1.17321754 0.761806488 1.18447924 -0.566984355
 467 -0.151926413 0.412488759 1.37883115 0.670221925
 468 0.991175115 -1.02767038 -0.656154037 1.09478450
 469 -0.722748399 0.148007065 -6.34265244E-02 0.361021429
 470 -0.120131813 0.512752116 -0.255476564 1.43059409
 471 1.44072044 1.41902697 -1.49507415 1.13036108
 472 -1.79081118 0.629228532 -0.191428959 1.21842706
 473 -0.430407524 -0.578221321 0.556521535 -0.351629943
 474 1.17977417 -0.748365760 0.187907696 0.733948886
 475 -1.65158212E-02 -0.233833164 -0.377310395 0.268150687
 476 0.439487636 -3.10267329 -0.161067083 1.64641786
 477 -0.868685722 0.187372953 0.112295471 0.659683943
 478 -0.650901556 0.747723877 1.04965246 -0.566096365
 479 -0.231296435 -0.357690126 -0.746431410 -1.51202846
 480 -1.12942588 -0.650006533 1.05197692 1.76733208
 481 0.285246909 -0.674454808 -8.53627622E-02 -0.411864579
 482 -1.09292483 -0.406363010 -0.983321071 1.42346179
 483 -0.451961011 0.954775333 -1.47688389 1.86867595
 484 0.926953793 -2.23932695 -0.498223394 1.50395906
 485 -0.814148724 -1.12537229 -0.703359365 1.54984152
 486 -1.28512251 -0.117028221 5.77020794E-02 0.709636271
 487 1.09961641 -0.920311093 0.105659954 -2.87624002E-02
 488 -0.171854019 -0.797018886 0.575280368 0.988164544
 489 0.696520150 -0.995542288 -4.18760478E-02 -0.846396208
 490 -1.35674453 0.701759338 -0.323351800 -6.17012009E-02
 491 -0.401896536 9.38771963E-02 -0.483790934 -7.25085661E-02
 492 0.698228657 -0.876993835 0.345947057 1.02869928
 493 -0.534662306 -5.89090064E-02 -0.399631649 -0.188205376
 494 0.598974943 6.52357638E-02 1.34235692 0.872741759
 495 3.08976844E-02 -1.30823159 -1.31694543 1.56747818
 496 -1.70588231 -1.51708317 1.88045609 -0.429746419
 497 1.04203677 0.132822067 -1.86651301 1.51126981
 498 0.274007976 -0.656906366 -1.39823020 1.97206569
 499 -0.230727941 -5.85646890E-02 -5.15885353E-02 0.658097088
 500 -0.287711799 -1.13975930 0.810624838 1.46558738
 501 0.966720283 -0.608937740 -0.485344797 0.627402544
 502 0.107326537 0.535309911 1.99988224E-02 1.60775888
 503 8.13655853E-02 -1.03982639 -0.980279028 2.00809574
 504 0.244235218 -1.57843399 -0.528874218 0.986383379
 505 0.915664732 1.35816216 1.12986863E-02 0.274411142
 506 0.297618717 -3.01598787 -5.47460765E-02 1.63444042
 507 -0.684025526 -1.80369127 -0.379629403 1.54459333
 508 0.251810431 -1.00832677 0.582543075 1.15619874
 509 -5.17026484E-02 -2.10931897E-03 0.712035835 1.65233862
 510 -0.544374406 0.578943133 8.94266367E-03 -4.53025699E-02
 511 -0.853650928 0.828737497 1.31615603 1.67629397
 512 1.44808483 -0.222756892 0.902079046 0.815287411
 513 0.271908939 0.299020052 -0.706733704 0.481532693
 514 0.205686599 0.573470891 0.122514471 1.17206061
 515 1.18730092 0.830000460 -7.33714476E-02 0.804496467
 516 0.515747011 -0.593675017 -0.977939129 0.395240247
 517 2.45984554 -0.546945155 -0.917158127 -1.58339643
 518 1.70725155 -1.89732146 0.373217732 1.98178470
 519 0.747577548 -1.90357459 1.55789328 1.66311812
 520 0.887957275 -1.06581497 -0.619996428 -0.879217863
 521 -0.153256997 0.349721491 -1.61091673 -4.23264988E-02
 522 0.226232514 -0.400256485 0.465128988 1.31555545
 523 9.23489332E-02 6.45623356E-02 0.999147058 0.748142481
 524 0.316959828 -8.87447000E-02 -1.17186606 0.965737879
 525 1.62934959 -0.562456548 -0.834920824 -1.46414489E-02
 526 -1.18298662 -1.26085830 -2.04122686 1.07660902
 527 0.546956778 0.657389343 -0.515182495 1.95369148
 528 -1.18481755 -0.406275928 0.910869479 0.925698340
 529 -0.110429697 0.846831918 0.815777063 1.27629173
 530 -0.303690165 0.268452823 -1.04791296 -0.470922023
 531 1.06638682 0.253144324 -0.556102216 -1.42824602
 532 1.18724215 1.58219743 -1.18614125 0.697145760
 533 0.589236200 1.84391701 -1.17171109 1.48047614
 534 -1.70487881 0.327320457 -0.550126553 1.23319936
 535 -5.33547997E-02 1.66681314 -1.91237068 -1.55688512
 536 0.659773171 -0.401314855 -1.20562816 1.61285305
 537 -0.703565001 2.12245345 -1.31742227 -1.21181881
 538 1.58494925 -1.12143886 -0.290229440 -0.124066226
 539 -0.249178112 -0.914002657 0.397137225 0.860165358
 540 0.297092795 -1.53777599E-02 -1.07962739 -7.79046193E-02
 541 0.822929919 -0.529092014 -0.558445096 0.747505903
 542 1.24765241 0.834600747 0.151246667 -0.475413620
 543 0.640222251 1.30371583 -0.917714417 -4.54133824E-02
 544 0.216343954 0.848186195 -0.211150527 1.03748429
 545 -0.548520148 0.225557238 0.276466191 1.40749764
 546 -0.643651247 -0.617455363 -0.451583654 1.56554294
 547 -0.326511651 -1.41176569 -1.16600573 -0.244243175
 548 -0.786809444 -3.12093568 -0.740378916 1.13230991
 549 0.185674042 -0.786110580 0.431736887 0.902882099
 550 -0.301169157 -5.14202863E-02 -0.719237745 2.41652083
 551 1.58475053 0.351736367 -0.748297155 -0.166373760
 552 0.296625614 0.751198828 -5.77955917E-02 -0.901409864
 553 -0.866681397 -1.30402732 -0.385702729 2.49814093E-02
 554 0.247799411 1.14996672 -1.67728615 0.884085774
 555 -1.38155091 0.854552805 -1.84556890 -1.14150691
 556 1.89967465 -1.38952589 -0.487101793 2.18141270
 557 0.931651950 -0.278037429 -1.47767782 -1.15743721
 558 -0.358957678 -0.702225983 0.527160645 -1.71798491
 559 0.715120852 -0.166548252 5.23690879E-02 -0.707288265
 560 -1.26886022 -1.64520156 0.812546909 -0.197743490
 561 -0.529718280 1.29466760 -0.473744333 -8.48533213E-02
 562 -0.440070748 0.779004514 -0.413017601 2.12789965
 563 -6.03246540E-02 0.168915331 -0.117852211 -0.719390154
 564 -0.125249118 -2.23287010 0.918837607 0.726793647
 565 -2.46274620E-02 0.119797796 0.362638533 0.375270277
 566 0.518688977 -2.69768357 -0.302197844 0.905329823
 567 -1.61169147 -0.820104659 0.830056250 -0.679769456
 568 0.500507832 1.15897894 0.620623171 -0.997218728
 569 -0.966924310 -0.611843944 -1.27864325 -8.01742077E-04
 570 -3.11457944 0.437960416 1.21873176 1.24571061
 571 4.12075520E-02 2.80078840 0.479641020 -2.20356464
 572 0.720116913 1.25615346 -0.790906906 -1.01803160
 573 -0.117310017 0.580431700 0.747619092 -1.34530997
 574 -0.411885977 0.595208406 0.938513339 -0.555519938
 575 -0.170341909 -0.719261885 0.214532137 0.846839905
 576 -0.399464190 -0.140570119 0.687816799 0.372039080
 577 -0.162415981 -1.02426672 0.430793881 1.31557131
 578 -0.733009458 -0.991188049 0.480278194 -0.417223632
 579 -0.168101937 -1.61128533 0.568565965 1.21144783
 580 0.457491606 1.93432713 1.02488208 -1.24457812
 581 -0.276853710 -0.718250036 0.122431807 0.647952080
 582 0.400146991 -0.573745668 0.227413654 -0.653226554
 583 -8.72963592E-02 -1.50804853 0.551590979 0.533478618
 584 1.74385142 -1.50043046 0.758886039 -1.99486876
 585 0.897388577 -0.835381925 -0.229670942 1.25713730
 586 0.599239826 1.45724249 0.299067497 -0.754128397
 587 -1.15478039 0.505986214 0.827168584 -0.226203203
 588 0.745939195 -0.334692389 6.29138649E-02 1.87193251
 589 0.145918474 -7.48890638E-02 -0.543802023 1.16293991
 590 1.23486400 -0.892047524 -0.550431669 -1.27641177
 591 0.961809695 0.624335587 -0.239006668 0.890457094
 592 -0.366962612 0.651515067 0.962749362 -0.350737810
 593 -0.134210020 1.57314539E-02 4.62868959E-02 -0.325194210
 594 0.440658212 -1.59206116 -0.339987010 0.123262271
 595 2.12860537 0.537504792 0.509604454 -0.335312635
 596 -1.46253264 0.302540928 0.197210982 -0.177949205
 597 -1.36383331 0.269154400 0.117724806 1.23546457
 598 -0.462901950 -0.136716455 0.886452317 -0.394544721
 599 0.251232803 -0.189432785 -2.27145791 -0.983802915
 600 2.32663989 -0.325171947 -0.756603599 0.943141460
 601 -1.05207396 -0.457066119 1.07554162 1.02678037
 602 -1.19651902 5.41050136E-02 -0.284810781 0.703923583
 603 -0.105825379 -0.622973621 2.22299933 1.11447728
 604 9.85627770E-02 0.934404194 -1.02016282 -1.67686713
 605 -1.38928270 1.52918684 -1.02917171 0.801054418
 606 -1.50904465 -0.715752184 1.20357132 1.96447849
 607 0.907864690 -0.598171592 0.378647387 -1.39482737
 608 0.765784323 -0.804929554 -0.672460198 0.996120274
 609 0.550740302 0.376071036 0.108016044 0.261810213
 610 -0.107603848 0.620713592 -0.370371222 0.495030612
 611 0.384260297 -3.89932729E-02 1.04508090 1.81699991
 612 1.25276601 -0.853331327 -1.62104559 -0.721297026
 613 -0.470837176 -0.498767227 -1.57942379 -0.409755975
 614 0.185093284 -0.637211084 -0.153625578 5.01741469E-02
 615 0.723179460 -1.18834007 0.343341440 0.720126808
 616 0.267741740 -0.573721170 -0.781349063 -1.60308504
 617 -8.96696672E-02 7.66986236E-02 -1.66434109 -0.654789150
 618 0.137943342 -1.94194078 -0.189586058 1.36999309
 619 -0.315252453 0.870005608 -0.396259665 -2.04036310E-02
 620 0.172612578 1.39412355 -0.132660732 2.22944546
 621 1.04201210 0.435444474 -0.918813288 -0.922973633
 622 -1.36350071 -1.54295278 1.35301208 -0.180973500
 623 -0.239917725 0.765045047 -0.874727368 -1.62763166
 624 -1.20099318 0.238105282 -1.31580400 1.12270057
 625 -0.943494856 0.216648787 -1.28086042 1.61431694
 626 0.330616593 -4.13955450E-02 1.27003586 1.73585391
 627 1.39017606 -0.938924968 -0.701778054 8.68153423E-02
 628 -0.182966053 -2.82308888 -0.219469070 0.765369833
 629 -9.24323946E-02 2.23214293 -0.352501154 1.09957457
 630 5.14699817E-02 -0.893273413 -1.21952677 0.144248396
 631 0.440565407 1.57486224 -0.404757440 -1.26800597
 632 6.89881295E-02 -0.781730652 -2.03521490 -0.159774393
 633 -0.165284768 -2.37363672 5.51512018E-02 -3.32780406E-02
 634 0.164334804 -2.39592671 -0.900063872 1.16683710
 635 7.96053037E-02 -0.922904491 -0.345513761 -0.777943373
 636 -0.474468708 0.920032203 0.813027263 0.840523481
 637 -1.70755911 1.47651494 0.547491193 0.347339004
 638 -1.30076838 0.370405167 -0.166063011 -0.159519255
 639 1.26059115 0.169245332 0.126846984 -1.28811896E-02
 640 7.09090233E-02 1.14569211 0.287814409 -0.254995912
 641 -0.969930708 0.893963754 -0.657535136 0.619608879
 642 -0.521239460 1.01257348 -8.23237002E-02 -0.264592975
 643 6.26985356E-02 0.305496603 -9.00495052E-02 0.750284791
 644 0.630917072 0.760574520 -0.220694453 -1.67357087
 645 -0.316840529 -0.140350908 0.347126722 -6.44616783E-03
 646 -0.423890710 1.03134048 0.807601511 1.20479524
 647 0.979361296 0.262666911 -0.164977074 0.745729387
 648 -1.31518829 -0.137289673 -0.508443594 0.590094090
 649 1.21288323 -1.29325831 -0.624772906 0.457767278
 650 -0.950230002 -2.65264297 0.894413292 -0.380988359
 651 -0.465732366 1.70442879 1.28163648 -5.64926043E-02
 652 1.20263481 -1.41663563 3.45459282E-02 0.979544580
 653 0.858355761 0.631224692 1.04199314 1.02514231
 654 -0.390578747 -2.23615718 -5.56178167E-02 1.71565139
 655 -0.142120972 -0.119842708 0.596208572 0.591122091
 656 -0.198220640 -0.938338161 -1.32753229 -9.41012427E-02
 657 2.09104300 -0.133209348 -0.170898855 -0.270409524
 658 0.220360622 0.245860606 -1.46586192 1.45970678
 659 0.363626599 -1.40919471 -0.123677850 -0.349350780
 660 -0.329027832 -1.97476947 -0.980892539 1.25011408
 661 0.443104059 -0.608134329 0.331983864 1.34953070
 662 -1.05065179 1.15314102 0.238837630 1.50108743
 663 -2.15514183 -1.40366721 -0.173856750 1.31957376
 664 1.42511368 -1.50985867E-02 -4.20562476E-02 -0.669065654
 665 0.592722237 -1.77839077 -0.313034475 -0.737580955
 666 -0.692324162 1.51507103 3.93098593E-02 -0.632815540
 667 0.115868151 -1.06357086 1.53189123 1.39428937
 668 1.39075398 -1.56744385 -0.105853871 -0.527485967
 669 -0.228565544 -1.77917457 0.195748016 4.69114333E-02
 670 0.872895002 1.44334817 0.412487149 -0.178002879
 671 -0.507212579 0.121578693 -1.20522451 0.629057586
 672 0.846737862 0.570978343 0.667229116 0.837172925
 673 0.367015839 0.425032914 -0.982599139 0.518192708
 674 -1.24721539 9.83019099E-02 -0.224312633 0.824891031
 675 -1.42395473 1.49845493 -1.12245286 5.28753847E-02
 676 -1.02511704 0.860370994 0.894064844 0.286135793
 677 -1.54676187 -2.35204172 0.291081727 0.858768582
 678 -1.39545894 -0.601153731 0.473780811 1.54533565
 679 -0.715376556 -1.13653624 0.408833236 0.906076014
 680 0.976330161 1.98288584 -1.27593124 0.395106852
 681 0.535483837 -1.34113848 -1.99929285 -0.722299814
 682 -2.49638128 1.04290284E-02 1.65131330 -6.32098988E-02
 683 -1.49249017 -1.03159618 -0.935127437 0.922850251
 684 -0.259537518 -0.927438557 -0.659722626 -0.549994171
 685 -0.211039156 -1.94015217 0.873162985 0.371817917
 686 0.592516482 0.866111100 1.23480487 0.611548364
 687 1.34199190 1.50113225 0.993463397 -0.472025454
 688 -0.547971547 0.204715729 -1.80470836 1.39303815
 689 0.339268178 1.33651114 -0.316765010 2.11516261
 690 -1.78727353 -1.23942709 -1.06148684 0.551967621
 691 -1.94589114 -1.26486933 1.96040106 0.811358869
 692 -0.822730660 2.81449556E-02 -1.67546558 1.33846855
 693 -0.546546876 0.155896008 -1.11197603 1.78059828
 694 -1.03574288 0.461377740 6.12923503E-03 -0.218582779
 695 2.66743451E-02 0.592184603 1.31579590 -6.81958050E-02
 696 0.994740963 -1.00197196 1.24523842 0.527752817
 697 6.45416882E-03 -0.288416326 1.45661426 0.258320570
 698 -0.856358469 -0.193840623 0.672643423 -7.73972571E-02
 699 1.50711334 -0.582827747 -0.502594948 -1.35539615
 700 9.93544161E-02 -6.00466803E-02 -7.55797327E-02 0.611720681
 701 -1.70305967 1.06763780 0.681539357 -0.634354830
 702 0.452209860 -0.667984247 0.497772723 1.22221231
 703 0.706792235 -2.08128786 -1.06873739 2.23103118
 704 0.926363289 0.698409259 1.22528887 1.00619364
 705 -6.85715824E-02 -0.888968587 -0.982324898 1.45886278
 706 0.502803683 1.56502879 0.720924735 0.884084940
 707 0.290393680 0.155486882 0.139794677 1.43301129
 708 2.46598601 0.963985443 -0.627240181 1.08671451
 709 -0.176232219 1.61025822 -1.21070778 0.469706059
 710 -1.43982410 2.56712675 -0.435433924 -0.594252527
 711 0.351155668 1.65727687 0.158412501 -0.798438072
 712 1.62242520 -1.58707869 -0.904837251 -0.342770159
 713 -0.203168154 4.78428602E-03 0.754669428 -0.130009934
 714 0.290625155 0.403542399 0.420552135 -0.209153771
 715 6.53488040E-02 -1.20344114 0.326391518 0.988354623
 716 0.436510205 -1.43300819 -9.83507484E-02 0.385502428
 717 -0.304335922 -3.33217382E-02 0.175363541 -2.90728807E-02
 718 -1.02455795 1.17877507 -1.05241740 2.23592520
 719 -0.448620260 0.987724841 0.120591260 -0.602191031
 720 0.571275532 0.362839460 -6.15648478E-02 1.44498348
 721 -0.192640647 0.195851550 -1.73468351 -0.216270477
 722 0.605720878 -0.788121581 1.00187802 0.449306041
 723 -1.50019121 1.19419432 9.57058370E-02 -3.94215658E-02
 724 -0.138073742 9.42985117E-02 0.477038324 -0.917811871
 725 0.953774214 -1.67430115 -0.850602686 -0.550120592
 726 -1.55760717 -0.633451521 -0.157763094 -1.02023268
 727 1.18430245 1.39087117 0.663924456 0.613457978
 728 -0.828995585 0.426675916 0.313212663 -1.09780824
 729 -0.967502236 0.168826818 0.140671715 -0.599630415
 730 -0.465767920 0.538719058 1.01991701 -0.182758838
 731 -0.901093960 1.16876662 0.430381387 -0.319999993
 732 -0.219810069 -1.07500780 -1.27071059 -0.822809398
 733 0.317204714 -1.07294250 3.72407734E-02 -0.359690547
 734 -8.74201506E-02 1.46525353E-03 -1.23948526 0.922360778
 735 -1.32693350 0.581902981 1.11833668 1.25445938
 736 1.53846657 -0.374505758 0.843643367 1.00202751
 737 0.179433867 -0.248401746 2.15545273 -0.453484803
 738 1.35114932 -1.36160326 -0.955443919 -0.547896147
 739 0.504888892 1.36175072 -2.50535905E-02 0.146810755
 740 -0.896181881 -1.13335192 -0.951592863 -0.620037675
 741 0.381794453 1.01740420 -0.647037029 -2.00198460
 742 0.837140203 0.638731897 -0.838818014 -6.95882440E-02
 743 -1.94443011 -0.437657446 0.750330150 -1.18679261
 744 -0.828061521 0.464278579 0.583928168 0.297013849
 745 0.555952787 -0.561291814 -0.478982538 7.50892982E-02
 746 -5.41974641E-02 0.373103023 -1.33340573 0.497937799
 747 -0.594401300 0.413761169 0.829302847 -0.879008889
 748 -0.632079661 0.366877437 -0.101231530 -6.55202121E-02
 749 3.23050916E-02 0.391532898 -0.201572895 0.667015672
 750 0.160128564 -0.972145081 -0.873553634 1.09815383
 751 -0.655180097 -1.15262222 0.737850428 -8.25921297E-02
 752 1.00996792 0.188134909 -0.191770434 1.35315704
 753 -0.259293616 1.48162663 -0.658126116 0.551990688
 754 1.15979731 -1.26720524 -0.684067011 -0.135008663
 755 8.37176293E-03 -3.17826629 1.52160823E-02 -0.565683186
 756 0.115162954 0.147103310 0.193566620 0.786614299
 757 -0.243390322 0.708668828 -0.802051485 0.472240925
 758 -0.335754722 6.05792776E-02 -0.199420094 0.789539099
 759 0.435148239 1.37893939 -7.45344535E-02 -0.474244863
 760 -0.306987286 -2.24118066 -0.519451737 -0.891800404
 761 1.50832045 -0.591902375 -0.416520685 1.41146922
 762 -0.168639868 -1.41362679 -2.41419697 -0.165467799
 763 0.279411525 0.202701300 -1.41232264 0.570814312
 764 -0.575731397 -1.57933012E-02 -0.454480588 0.739981532
 765 -0.946899533 0.220211893 -0.598984480 0.725267470
 766 -0.690035880 1.06841373 -1.00559068 0.692886591
 767 1.25994396 -2.45849752 -0.257380486 0.517494678
 768 0.472382039 -1.74378181 -0.206252053 1.17348504
 769 -0.352245927 -0.977346718 0.167230994 -0.154830918
 770 1.70231616 -1.38841283 -0.422788054 1.43697512
 771 -1.26977074 -0.680720687 0.425933421 0.991761327
 772 -0.376754999 -0.719896317 0.604637861 -0.145349786
 773 -0.852921009 1.13107264 1.16469407 -0.290367216
 774 1.98719311 -1.87015080 0.908252716 0.402619660
 775 1.67718577 0.555588603 0.229101598 -0.614066660
 776 1.37153268 0.782785535 0.290556669 -0.745357573
 777 -1.67200267 -1.22521007 0.998253584 1.54370308
 778 0.866164267 -0.867993593 -1.27789485 -4.50644493E-02
 779 -0.817026973 -0.982702851 -1.76482964 -1.57842767
 780 1.03736854 1.47053492 5.05313277E-04 -0.509313703
 781 -0.369176209 0.231644884 -1.14914036 -1.49419785
 782 0.718074620 -1.48054719 4.25115786E-03 0.693046153
 783 0.549113095 0.562507927 0.908889830 -0.805812776
 784 0.250773430 -0.496062309 -0.866322219 -1.39900696
 785 -0.754919529 0.899193764 1.85903955 0.191224277
 786 1.55681944 7.94153959E-02 0.592334986 0.678400278
 787 -9.23238099E-02 -0.627074242 1.20568585 0.972458422
 788 0.577494740 1.06611633 0.898910284 0.469924301
 789 0.856526077 0.265170366 -0.141758084 -1.51431262
 790 0.732434750 -0.985483289 3.36304307E-03 -0.323714525
 791 -0.120146155 -3.19698977 0.931700706 0.223482370
 792 0.491575420 -1.71653092 -1.66238368 0.231526032
 793 0.452616602 1.84284890 0.439648151 -0.231423736
 794 -0.550481379 -1.15150630 0.344818115 1.08147180
 795 -7.37383068E-02 -2.05799365 0.520010948 0.600485682
 796 -0.317815721 0.225499421 -0.378931701 -0.414873362
 797 0.115533315 -1.56292653 0.755645752 0.876631618
 798 -1.74144709 -1.14434028 -0.700302601 1.57466519
 799 1.58703411 -0.416889668 1.25298917 -1.20364106
 800 2.56723166 -1.26441109 -6.45994693E-02 1.35390127
 801 -0.415761948 -1.35842323 0.769559860 0.324316680
 802 0.473665088 1.06045532 -1.12069523 -1.90868902
 803 -0.359574020 -0.749716997 -1.15815306 5.03171980E-02
 804 -0.237434909 0.212722152 0.392013669 5.19748554E-02
 805 -1.32709968 -0.513931155 -1.88533902 0.650391519
 806 -2.45907712 2.50351238 7.96549395E-02 -0.445958495
 807 2.40448713E-02 0.196786791 0.869737089 0.975780785
 808 -2.33988357 1.45544481 0.852708936 0.986149430
 809 0.462111712 -3.92920971E-02 -0.171808645 0.390204161
 810 1.50793791E-03 -1.41554999 1.84433055 0.838399351
 811 -2.72176862E-02 -1.58112729 0.427813828 0.375552714
 812 -0.210898712 -0.788413286 -0.340145290 -0.647014558
 813 -1.55835235 0.802738905 -0.222790897 1.06805253
 814 0.262511492 0.533111811 -0.612068832 -0.157620072
 815 5.70933521E-03 -1.04636085 -0.979336858 -1.95587862
 816 -0.245529324 0.126085833 -0.796295941 0.172842696
 817 -0.613220334 0.368915617 -0.782797575 -0.514807820
 818 8.56019780E-02 -1.49338901 -0.814842582 5.57095706E-02
 819 0.290426463 0.667307556 -8.05257410E-02 -0.530380845
 820 0.592823803 -7.60342330E-02 0.831945777 -0.186274230
 821 -0.430823445 -0.720185399 -0.718701959 2.36228108E-03
 822 1.17197847 -1.35915041 2.09872794 -0.611713588
 823 0.953502655 -0.205976784 2.32216716E-02 0.720640540
 824 -0.109138057 -1.48276806 -1.55906212 1.01508349E-02
 825 -1.49609661 -0.505234480 -0.624864459 1.27408993
 826 -0.376968205 0.301643461 -0.976364970 -0.782014847
 827 -1.79914749 -1.19842446 -9.74010825E-02 1.13851678
 828 6.12807125E-02 -0.501708031 1.07660508 1.02667522
 829 1.13478935 -1.18411873E-02 0.204332620 9.40787047E-02
 830 1.69986904 -0.464389920 0.705231607 0.692804277
 831 0.934736013 0.412633419 0.779569387 -0.610007823
 832 1.40441358 0.614821911 -0.967834651 -0.612640381
 833 0.229252130 -0.292524099 0.281560332 0.870654225
 834 -0.505990744 -0.473272860 -0.960484147 0.856608808
 835 -0.651912272 0.390451580 -0.837997198 0.912604809
 836 0.197523147 -1.60623944 0.380149513 0.260929763
 837 -0.231125295 1.91288555 0.127922744 -0.156417966
 838 -0.503485501 1.26868367 -0.549096704 0.252050966
 839 1.38380694 -1.98897195 -1.07897604 4.34003919E-02
 840 -9.46762413E-02 0.164469242 0.626860499 1.45376337
 841 1.33205354 0.858987093 1.81820381 0.802201927
 842 -2.30093718 -0.352627933 -1.15215647 0.461123198
 843 1.03583765 -0.214357778 2.88256109E-02 -0.646661937
 844 1.12044144 -2.09719586 -5.73807955E-03 0.830302000
 845 -0.563419700 -0.705072284 -0.223249406 1.16977274
 846 -0.814310014 -1.07006574 -0.193615004 0.423179209
 847 0.622414768 0.180382520 -0.256938636 -0.256704032
 848 -0.473907322 0.144316807 -2.28294945 -0.134385794
 849 -0.952271700 -0.418344826 0.426365584 0.734707355
 850 -0.608425796 -0.395701021 0.257955492 -4.20854017E-02
 851 -1.79805088 -0.996783078 -0.456368387 0.595930457
 852 -0.294265687 0.523962319 0.101485021 -0.107401669
 853 9.67381597E-02 -0.526884675 -1.01174426 -2.07383180
 854 -0.319041997 0.245464221 0.408599228 -4.58079204E-02
 855 -0.383187175 0.238018841 -0.468308777 -0.984953225
 856 -1.06506109 -0.349678606 -0.855666339 0.620037556
 857 0.440652966 -0.245686442 1.21396708 1.24572253
 858 -0.392705947 -0.555403829 6.31101578E-02 -0.215483040
 859 1.99981427 8.62048566E-02 -0.184912235 -0.486807019
 860 0.944053888 1.73459113 -1.43012941 -9.00536105E-02
 861 0.419548035 -0.466886848 -0.259638697 -0.213649213
 862 -0.437271357 -0.347378552 0.276824176 2.03812194
 863 1.71794391 0.704432964 -0.125145867 -0.701708138
 864 -0.855500340 -0.378466636 -1.50595224 -1.53922796
 865 0.585436046 1.17042208 -0.276017189 -0.543708205
 866 1.35553038 1.15694702E-02 -0.892925382 1.37747800
 867 -0.150588453 -1.01818430 -1.11709309 0.943888664
 868 0.483092546 -0.250544876 -0.943783641 0.598560154
 869 0.161345571 -1.13928914E-02 -0.395280629 -0.865453780
 870 -0.726870358 -0.318161488 -1.03941393 0.840063512
 871 -1.31988347 1.28593683 -0.435194254 -2.05973840
 872 0.394695878 -0.732777715 0.205058560 0.230750889
 873 1.02817881 -0.174170643 -1.03529346 1.36458302
 874 6.91446438E-02 -0.138075963 -0.311882675 0.285872072
 875 -1.82486987 -6.75109178E-02 -1.71160829 -0.673179865
 876 1.09089100 0.573394895 -1.41012335 -5.09735346E-02
 877 0.595954716 -0.551661968 6.31525815E-02 -8.67843628E-04
 878 0.108934470 -0.729418695 -1.07960129 -1.34389901
 879 0.925341606 -0.273845315 0.249287158 6.85241893E-02
 880 -0.177569002 1.21789289 0.243928194 -0.641283929
 881 1.65698242 0.187559485 -0.933913231 -0.870159507
 882 -0.622015178 3.30148041E-02 -0.817977667 1.06779552
 883 -1.48965812 2.86018774E-02 -0.551154554 6.04657084E-03
 884 1.53810465 1.30210757 -1.59392834 -0.647396088
 885 0.675686240 -0.663815558 1.38746202E-02 0.171818718
 886 -0.641659260 -0.705592692 0.504137635 0.174707353
 887 0.108384296 -1.12740791 -0.121746100 -0.409195811
 888 0.138261616 0.387316823 -0.778471112 -0.321394593
 889 -0.105293900 -1.32808781 -1.45368004 1.96324492
 890 -0.612947702 0.279955089 1.05199921 -0.463008106
 891 -0.941080809 -0.682575345 -1.92576051 -0.370765090
 892 -0.291330069 -1.12012279 0.277303159 1.34073877
 893 -0.376136690 -0.947843194 -0.844740272 1.56579876
 894 0.460673958 -1.75748360 0.187576786 0.964104652
 895 0.178720921 -2.28014016 -2.06290197 -1.19897616
 896 -1.15054083 -0.840764880 -0.127716333 1.29870617
 897 0.274071246 0.670174897 1.19501615 -2.27275920
 898 -1.22375762 -1.31333637 0.703365922 6.62815720E-02
 899 -1.88797688 -0.556405962 -1.38214421 -0.494394541
 900 -0.298268139 -0.690316319 -2.37939000 -2.04774165
 901 -0.719736338 0.934127688 -1.60986173 0.520233512
 902 1.34107935 1.20307970 1.39107025 -1.16951597
 903 0.180181786 1.15084553 -0.958319366 -0.193609148
 904 -0.310528576 0.205834672 1.45160973 1.06195879
 905 1.45085239 1.40979350 0.905405581 0.109951809
 906 -0.381008744 0.144743875 -1.17913377 -0.196095034
 907 0.536867142 0.106203206 0.535488367 -0.387906492
 908 -1.06732273 -1.25115085 0.871955931 -0.432326347
 909 -0.967429817 0.920374334 1.54678965 -0.482799828
 910 -0.322522908 -0.975950360 -2.26454949 1.02871430
 911 -1.99968767 -0.333841741 -0.372188747 -0.671527445
 912 -1.04541922 1.11792564 1.28568959 0.779645026
 913 0.751581311 -0.256178677 2.49883384E-02 9.25384536E-02
 914 0.699740946 0.387285471 0.105755515 -0.412685931
 915 1.41222954 0.141200215 7.35635981E-02 -0.168321699
 916 -0.376570523 0.819262266 -1.40680766 0.152445257
 917 1.02784979 0.172938526 0.846032321 4.33252454E-02
 918 6.37334362E-02 0.449286908 -0.834441304 -0.524739921
 919 -0.149327278 -0.572660387 -0.181859091 1.06892622
 920 0.342341691 0.645322144 0.761303663 -0.239920765
 921 -1.96148539 -9.18635800E-02 -1.83195412 0.825799704
 922 1.84003985 -0.114044741 1.26401067 0.159390479
 923 1.99208558 0.227905944 0.573769093 -1.47894919E-02
 924 -1.40035915 -0.601208210 -1.44652820 -0.342764020
 925 -7.65494108E-02 -0.354055345 -2.02687073 -1.27929902
 926 -0.480755717 0.374407858 1.64959621 -0.614741802
 927 1.22753644 0.978708684 8.20759833E-02 -0.279299647
 928 -0.258512318 -1.05759704 -1.72055674 -0.601353467
 929 1.83355808E-02 0.987248898 -1.65376174 1.26275456
 930 -0.540713370 0.202084452 -2.05081558 -1.38439465
 931 -0.503219426 -0.977890193 0.679581642 1.23791778
 932 -0.231410876 -1.57286465 -1.31808972 -0.127460197
 933 -0.775538623 -0.248869136 2.07187235E-02 -0.324104398
 934 -1.33149862 0.593535423 -2.22550988 0.905566692
 935 0.914637744 3.42847183E-02 -1.45303977 1.18490469
 936 -0.544080436 1.16201508 -0.313135475 0.914805114
 937 7.99785256E-02 -1.19685161 -0.352734178 0.634031057
 938 0.324765891 -0.605760813 -0.177457005 0.376900554
 939 0.163553789 -0.861397386 -0.815917611 0.799030602
 940 -0.855093300 2.18483305 1.39184320 0.248037890
 941 -1.23147416 -0.134965897 -1.05921638 -0.112982251
 942 0.712175548 0.152492195 -3.01621072E-02 -0.678298891
 943 -1.34770691 0.485563517 -1.29263103 -0.274019778
 944 -1.03132665 -0.115542367 0.479984194 -0.794005573
 945 -1.53624606 -2.57892179 -0.617765725 8.63410309E-02
 946 1.55120516 1.13335896 1.04512930 -1.21195114
 947 -0.664750338 1.02262044 -0.714910567 -0.551157713
 948 7.83535838E-02 -0.867241263 1.12089932 -0.175392210
 949 -1.55867493 -0.257927001 -0.834822178 -0.940769672
 950 3.16849686E-02 -0.456665754 -1.11108446 -0.761208951
 951 -7.69190192E-02 -0.252064675 1.44397616 -0.215149790
 952 -0.682343960 1.12911224 -1.77234888 0.828030705
 953 -5.65955937E-02 -0.265871346 0.282924771 -0.503506482
 954 -0.870228648 1.03600597 -1.17758536 0.911497116
 955 -0.869022071 1.37306249 1.03903961 -0.734909475
 956 0.570392966 0.217272431 -1.04035783 -1.58579826
 957 -0.400814444 -1.63612628 -1.77511573 -1.61127830
 958 -1.10846996 -0.461941421 -0.914782166 1.60578465
 959 0.489308596 2.27328446E-02 2.43092537 0.724699438
 960 0.349742204 -1.25866330 3.45990732E-02 0.914082170
 961 -1.01651871 2.23791504 -0.760755479 1.28220534
 962 1.31069779 8.18037689E-02 -2.78182849E-02 -0.309506118
 963 -0.725835443 -0.797392488 -0.137117624 2.04092789
 964 -0.207495108 0.818727016 -0.892080426 -0.428610981
 965 -0.229877338 -0.562660456 -2.33593535 -1.07583785
 966 -1.03447223 -0.296122164 -0.420894891 -0.367105961
 967 -1.07454646 -1.94169629 -1.76717460 0.164625540
 968 0.985355020 -1.45654190 -0.380403101 -0.240983814
 969 0.612140238 -0.645706296 -0.790033519 0.267949581
 970 -0.115999244 -1.14774418 0.849166393 2.54400468
 971 0.905299544 -1.07206547 -0.305001587 0.800882936
 972 -1.53224123 -2.50740790 -0.870230496 4.99596447E-02
 973 -1.71156788 0.896649599 -1.13763237 -0.177962631
 974 0.491469979 -1.28917956 -1.38295794 0.890330851
 975 0.588522434 0.759819150 0.814774752 -1.30230415
 976 6.56977221E-02 0.186066240 -0.209868133 5.89656755E-02
 977 1.54848802 8.82589072E-02 0.285842836 -1.57417822
 978 0.420937300 -1.98142684 -1.49165809 -0.154616266
 979 -0.848392367 -0.992325187 -0.805704355 1.43859828
 980 -1.57859087 0.294790983 0.484551817 -1.51490676
 981 -5.66714071E-03 -1.44883990 -0.292402655 1.17727965E-02
 982 -0.245733172 -0.654449999 -0.906560063 4.19878066E-02
 983 2.06135130 1.39960575 1.89084888 -0.120347120
 984 1.28028154 1.14724946 -0.506135345 0.325034618
 985 -0.369082570 -2.32613516 -0.368578762 1.68396664
 986 0.738252342 1.59396172 1.81464088 -0.948227406
 987 0.229709312 3.08374427E-02 0.167606950 -1.93773210
 988 0.454222202 2.49323559 -1.75447178 0.153666794
 989 -9.82441008E-02 -2.03642654 -0.926184237 -0.309504926
 990 -0.995887935 -0.440417618 -0.339593589 1.78676450
 991 0.355945617 -1.10035539 -1.36153817 1.13661134
 992 -0.664402306 0.109612510 0.329394251 0.746477187
 993 1.51836002 -9.65887159E-02 -6.66012615E-02 0.621151209
 994 1.57435203 -0.161874607 4.55593914E-02 0.183481544
 995 -1.42008615 5.03574312E-02 0.108753428 -0.506443024
 996 -0.575330436 -1.22147167 -0.970276654 -0.546849608
 997 -1.11618090 -0.848431289 -1.29461682 -0.108963281
 998 1.32947183 -4.14530747E-02 -1.21110618 0.188572168
 999 1.84749198 -0.484535396 1.17722857 0.750181317
 1000 -1.59346128 -0.104707181 -2.34170413 -0.812959433
 1001 0.376480043 -1.11013913 -0.286688238 0.374798357
 1002 0.395108342 -1.48740494 0.385630727 0.991173089
 1003 0.239079803 -0.484462202 -0.716171980 0.858681917
 1004 -0.181851819 -0.812239647 0.221271679 -0.118586704
 1005 0.365371406 1.28703713 -0.235821232 -0.586828887
 1006 -0.157845944 -0.701860785 0.456222117 -0.220251426
 1007 0.374743581 -0.369308352 1.80798554 -0.312382936
 1008 6.51841313E-02 0.418720186 -1.34822309 0.239034608
 1009 -1.19710982 2.59864740E-02 1.29152015E-02 0.862008333
 1010 5.64575829E-02 -2.26102614 0.217434436 -1.61962137E-02
 1011 -1.12300992 -0.286115974 1.41031098 1.07575321
 1012 1.17634320 0.204842389 0.799817502 -1.02613986
 1013 0.997962356 -0.109539688 0.565339506 -0.240740210
 1014 1.48522532 -0.798283935 0.231216088 0.389923453
 1015 0.332283080 -1.51443553 -0.671555281 0.788001776
 1016 -1.14604139 0.620189369 -2.37245584 1.17066312
 1017 -0.878827810 -1.21886468 -0.504421592 -0.341515034
 1018 -0.485978425 2.16830945 0.156851947 -0.659090638
 1019 -1.64447379 -0.557946324 0.616810203 -0.656511903
 1020 -0.718945444 -0.834037423 1.02911448 1.08351111
 1021 -8.35133940E-02 -4.42559719E-02 -0.325425565 0.125396550
 1022 0.571074724 0.518279433 -0.582944512 -1.22506395E-02
 1023 0.626674235 -0.591113687 -0.910304904 1.30078363
 1024 0.795468152 -0.182761997 -0.248363748 0.851475418
 1025 -0.504011929 -0.715588808 -1.32327899E-02 -0.232894242
 1026 -0.398469627 -0.590790987 0.477085501 -0.516788721
 1027 -2.82602453 -0.722025514 0.886265278 0.587955773
 1028 -0.440771997 0.917439401 2.24606133 -0.696111560
 1029 -0.952506900 0.274507254 0.412083536 0.664520621
 1030 0.186957195 -1.28780866 1.77122867 -0.290043592
 1031 0.172534823 -0.561451793 -1.02829003 9.90743339E-02
 1032 0.764296472 0.126609907 7.39835203E-02 -9.40850377E-02
 1033 0.387864709 0.707589209 0.116345167 1.47243309
 1034 -2.09860301 0.843568623 0.462082803 -1.48371041
 1035 1.06141496 1.43474787E-02 -0.370996714 -1.58829832
 1036 -2.13317227 -1.02344811 0.778578162 -0.649208546
 1037 -1.26414359 -0.133403912 1.10201395 -1.13369083
 1038 -2.28133202 0.502288520 -0.924569607 0.197019994
 1039 -2.67540526 0.772035539 0.943479061 -1.32177818
 1040 -1.30384839 1.62526047 -1.33873105 1.50337517E-02
 1041 -1.00730658 2.60469615E-02 0.197913155 -1.87361872
 1042 -0.762851179 -0.134961724 1.88813949 -1.98392987
 1043 4.92163152E-02 -1.29617643 0.440808088 1.85425058E-02
 1044 -0.150902539 -0.350928515 2.31627417 -1.90815926
 1045 -0.311037302 0.226239145 0.122007146 -1.76014555
 1046 -1.28840590 0.960921586 -0.339727730 -2.05831671
 1047 -1.23534346 -1.31611884 1.40943384 -1.22317791
 1048 -0.502812982 1.53120971 0.221871406 -2.17711473
 1049 -1.75224102 1.26416159 7.59888813E-02 -1.56359696
 1050 0.139767900 0.201200724 2.74669337 -1.26328945
 1051 -0.798184931 -0.472462952 1.29544210 -1.58487618
 1052 1.07828796 1.17575026 2.43282771 -2.40143442
 1053 -0.482209802 0.703996897 1.50912666 0.109646767
 1054 -0.454880983 0.418875813 -0.990003943 -2.33286643
 1055 -1.60018599 -0.274183542 1.05771101 -1.70108128
 1056 0.357216805 -0.563206315 0.136594117 -1.04927528
 1057 0.298248082 0.368260324 0.174182251 0.645286977
 1058 1.11940992 -0.257293075 0.505330265 -1.71226013
 1059 -0.847248256 -2.38389587 -0.539220750 1.47209573
 1060 -0.936509907 -1.34770143 -0.858004332 -1.15909755
 1061 0.229282737 -0.877985001 -9.49664041E-02 -1.81341577
 1062 -0.459549934 2.02782178 -0.332653224 -0.906854570
 1063 -0.120484225 0.846289277 0.568489194 -2.06192780
 1064 -8.22190121E-02 -0.260147572 2.16423774 -0.686401010
 1065 0.337260932 -1.87754142 1.79060698 0.172186866
 1066 -0.508048773 -1.49692428 -0.272426218 -2.03354502
 1067 -2.09680343 -0.919862151 0.416473031 -0.580443323
 1068 -1.65152669 0.442302972 -0.942545950 -0.410788506
 1069 -0.376846969 -2.39163804 0.178072363 2.19219637
 1070 -0.125679880 -0.521165252 0.283137619 -0.234446615
 1071 -1.25808406 2.95873284E-02 1.86127830 -1.67094886
 1072 -0.660995543 0.325745642 0.160258114 -0.748469949
 1073 -0.231447786 -1.42067826 0.108897939 0.330516517
 1074 -0.911875129 -1.23724699 1.19254172 -0.818479598
 1075 -0.508112550 0.424342126 -0.921330571 -0.280795574
 1076 -0.697613180 7.86713213E-02 1.65036488 -1.50913024
 1077 0.442543536 -0.383011401 1.74374783 -1.90811896
 1078 -1.30365765 2.31812859 -0.903964520 -1.83110759E-02
 1079 -0.975382566 1.34125912 0.426149786 -1.76871037
 1080 1.27979004 -0.279474735 1.89409840 -2.10451651
 1081 -0.741374314 0.319606990 7.86936879E-02 -1.68721533
 1082 0.383289278 -1.23645031 1.03023386 -1.50745857
 1083 -0.133118302 0.439735949 -0.864663303 -2.00956798
 1084 -0.154085636 -0.995639801 -1.17445159 -1.88910401
 1085 -1.91761649 1.20528197 0.289620638 -0.390149385
 1086 -0.311631888 0.318423510 1.25486696 -1.70454979
 1087 -1.41240942 -0.605153739 -1.09065294 -0.384591728
 1088 -1.60867941 -0.111930795 1.41678488 -1.75460613
 1089 1.21312261 0.148906961 2.67525578 -1.61317384
 1090 -1.88518548 0.328498423 1.68212485 -0.358361512
 1091 0.259334773 0.714262009 -0.219014511 -1.77413332
 1092 -4.50277030E-02 -1.09089196 1.74373960 -1.97513008
 1093 -1.02101707 -5.56859523E-02 1.41930926 -1.83585453
 1094 -2.68974519 0.732782304 0.194985926 -0.295589864
 1095 -0.791685462 0.123618871 1.05280769 -1.58843827
 1096 -1.45857048 -0.231015295 -0.526987195 -0.498481929
 1097 -0.339537084 -1.14899743 0.263699502 -1.57468796
 1098 -1.65621555 -0.226018205 0.213803530 -2.10730124
 1099 -2.02716970 0.245688006 0.666715622 -0.842299759
 1100 -2.79441714 1.22540128 1.41513205 -0.676185369
 1101 -4.63602543E-02 0.439666629 0.424487919 -2.17438245
 1102 -0.769883990 -0.132726848 2.22170043 -2.25540304
 1103 0.516431510 -0.233664766 2.01954865 -1.87240219
 1104 -1.62246561 -0.910370827 -0.342090815 -0.641963899
 1105 -0.865175486 -0.269026995 0.794829309 -0.422285676
 1106 0.466587067 -0.151533246 -2.74829194E-02 -1.83015966
 1107 -1.60204375 4.51292098E-02 0.715030074 -1.53939867
 1108 -1.21957457 0.484548450 0.739859343 -0.465919405
 1109 -0.965672374 -0.368309915 -0.488041967 6.30005300E-02
 1110 -3.78414169E-02 0.254565090 0.228785321 -1.64425159
 1111 -1.61672533 2.53847980 0.847437739 -1.63432252
 1112 -0.576859653 0.193204463 0.407976121 -1.07099032
 1113 -1.77658081 0.160953969 1.06479311 -1.71008575
 1114 -0.763518929 -0.596558034 1.55151367 -1.66137314
 1115 -0.124816097 -0.397936523 -0.705895543 -1.79874158
 1116 -1.40956461 0.331681728 0.773193836 -1.62117171
 1117 -1.84220600 0.899540842 1.36154091 -0.815233052
 1118 -1.49853206 0.408708006 0.394234061 -0.688858390
 1119 -0.894383192 1.92124844 -0.781063080 -0.639189124
 1120 -1.87230921 -1.23943472 0.991560698 -1.97348273
 1121 0.122785002 1.44214189 1.90411747 -1.75589073
 1122 -2.04407454 -0.303478718 0.570416510 -1.81294286
 1123 -1.19741118 0.138524726 0.671067953 -1.69269407
 1124 -0.895723879 -0.530699968 2.63296604 -1.87740541
 1125 -1.87053728 -0.986166656 -0.279570878 -2.02826405
 1126 -1.58822656 -0.232373968 1.50524151 -0.720385909
 1127 -3.10470438 0.429618359 0.604376078 -0.440628022
 1128 0.170068711 2.23824787 0.683816195 6.31831586E-03
 1129 2.18579769E-02 1.71553445 -0.345202178 -1.94961083
 1130 -0.729759276 0.105838649 0.501936197 -1.59939873
 1131 -0.495806873 2.56390238 0.874318182 -1.51288414
 1132 -0.107246846 1.50359845 0.902464747 -1.59369564
 1133 -1.01175284 -0.623898089 1.69276297 -2.29377055
 1134 0.587113798 0.818181038 -2.26680422 -1.68493390
 1135 1.31547117 0.141642302 0.320635200 -1.71414101
 1136 -0.342835963 -1.02986014 2.34720826 -1.79182577
 1137 -0.903590739 0.610010982 -9.28849876E-02 -0.360729694
 1138 -0.203071773 0.656420529 -0.329807073 -0.223788515
 1139 -0.204893619 0.221655563 -0.760874093 0.725968421
 1140 -0.994855106 -1.55734718 -0.189634964 -0.453252971
 1141 0.975875199 -0.416874141 -5.39970584E-02 -0.195739880
 1142 1.34968567 1.79376292 0.743088484 -0.502285540
 1143 -0.718823671 -9.77740139E-02 0.460875303 -0.459594905
 1144 0.289840996 0.777185559 -7.59983361E-02 1.04403377
 1145 0.450531363 1.32253492 -1.85434222 0.743380964
 1146 -1.67274225 0.304892898 0.210975513 -0.401693165
 1147 0.953422308 1.97963428 -1.06467628 0.895191669
 1148 1.39478981 1.11163867 0.295570225 -0.475651801
 1149 0.388491005 0.823278904 0.760784328 -0.768990695
 1150 0.936153591 1.79297972 0.775928080 -3.53302062E-02
 1151 0.930236101 1.78036427 -0.155582517 0.645096958
 1152 2.01870704 0.350292474 1.45330739 -0.320783615
 1153 0.233196199 2.04953527 0.881546974 -1.77636194
 1154 0.699942708 0.477103412 1.55388355 -1.67725289
 1155 0.454873621 1.79543114 1.41727543 -1.77747560
 1156 1.00614750 -0.191956937 1.49898088 -0.191711605
 1157 0.112015016 -1.09591997 0.783753872 -1.99753881
 1158 1.15024483 -0.327887774 1.43051183 -0.604515553
 1159 0.810109854 0.701095760 1.43496120 -0.581954837
 1160 1.17544556 2.08356142 -2.10235643 0.907516360
 1161 1.55449677 -1.66852057 -0.136648849 -0.577103555
 1162 0.508107662 0.225207031 2.58520555 -1.17719567
 1163 -8.72628987E-02 0.474262834 -0.137689412 0.899274647
 1164 1.27201092 1.54240036 -0.668739974 -2.04116750
 1165 1.24820900 1.30471563 -0.735429287 0.736850619
 1166 0.877695501 -6.22868026E-03 1.83763158 -1.81167042
 1167 0.291320533 1.55999875 -0.486112893 -0.556439042
 1168 1.72015846 0.267641723 -0.133417204 0.810798943
 1169 1.19774234 1.12350535 0.553695798 -0.463646024
 1170 -0.203593463 1.03859282 -1.31602681 -0.877826989
 1171 -1.16935122 0.334865183 -1.45869839 -0.118775010
 1172 2.20195246 -1.34688222 -0.986241341 -0.542087257
 1173 0.632707536 0.983991742 0.444845408 -0.943265080
 1174 0.407325149 1.02718973 -1.52280331 -0.273563176
 1175 0.514099121 0.496290118 -0.224674836 0.180200875
 1176 -0.878911018 -0.125495523 1.17718017 -0.616236329
 1177 -1.11520731 -0.585975051 0.650023818 -0.385669380
 1178 0.773249507 0.668146193 0.988450885 -0.742825031
 1179 1.38352585 1.69749808 3.11228919 -1.69828653
 1180 1.02580869 1.31340408 2.41525531 -0.318103135
 1181 0.460810155 0.497922838 0.715308666 -2.09228206
 1182 -1.19763792 -0.794347644 1.54365540 -1.27625692
 1183 1.57903147 2.14635324 -1.41735399 -0.481632054
 1184 1.27942252 -1.32973552 2.07226658 -1.72041059
 1185 1.18025994 0.212187961 1.43945801 -1.61397469
 1186 3.12007380 1.48390663 0.382978201 0.196578234
 1187 -0.652817428 0.912952423 2.94012809 -0.236939371
 1188 -0.567819715 -0.681398273 1.19066608 -0.201385736
 1189 0.736182988 -0.330714136 -0.799370348 0.826780260
 1190 1.66738594 0.448132843 2.61308551 -0.479230374
 1191 1.46331859 -0.944450974 3.31395531 -0.709172130
 1192 2.15980911 0.794962049 -0.176943421 -4.81316745E-02
 1193 1.40166736 -0.838968992 1.58570123 -1.69039965
 1194 0.118421033 0.236903548 0.853671968 -0.956703067
 1195 -0.583693624 0.293897808 0.149114653 -1.70928025
 1196 -0.265101075 2.77520657 -0.911293030 -0.628725886
 1197 -0.941657364 0.349603713 0.571227431 -0.993870139
 1198 1.64778495 -0.499183387 -0.922276378 0.833692014
 1199 0.590699255 0.894952714 1.13497651 0.577703834
 1200 0.804444671 1.41375709 0.867382288 0.107775643
 1201 4.96265404E-02 -0.112118870 2.40398312 -0.296119213
 1202 -0.947336912 -0.222264573 0.671343327 -2.02892327
 1203 1.27213824 0.512885928 2.29319644 -1.45793009
 1204 3.14597559 0.400896490 0.481550455 -1.04555571
 1205 0.147587463 1.75401568E-02 0.259230942 -0.618289590
 1206 -0.393129587 -0.504564166 0.411298037 -0.818180084
 1207 -0.682527065 0.214464277 1.57763040 0.749959648
 1208 2.20700312 0.790321589 -0.750468314 -1.46288013
 1209 0.610737979 0.434563428 1.02592671 4.33432460E-02
 1210 1.50919878 0.814117551 1.75113094 0.860116243
 1211 -1.85138118 1.31661987 -0.958359599 0.280281901
 1212 1.09782422 0.681340337 -1.99042690 -0.675817013
 1213 1.84072661 -0.524902821 -0.867983639 -1.59306991
 1214 -1.26482570 -0.481469989 0.302151620 -0.464155078
 1215 -0.345805943 0.417821616 0.525209069 -5.30726016E-02
 1216 0.698832035 -9.62553322E-02 1.01782453 -0.664829254
 1217 -0.393653929 2.29509783 -1.10527384 -0.340723991
 1218 -0.620816171 0.806702733 -0.439527243 1.02734053
 1219 7.52806738E-02 -0.439493805 0.235297918 -0.437465370
 1220 0.751976609 -0.652920127 0.582643092 -1.77977920
 1221 -1.60689318 1.62302852 -0.246671915 -0.385680199
 1222 -5.35671413E-02 1.52514184 0.325648814 -0.449419171
 1223 -1.21336150 0.462636858 1.41748321 0.596414030
 1224 -1.20825338 1.44211638 1.65726352 -0.525923312
 1225 0.347167134 1.83237445 -0.770684421 -0.876551390
 1226 0.779963374 -0.945468783 -1.30492413 -0.770595491
 1227 -0.490024090 -1.17107201 2.35012960 -1.76311243
 1228 -0.586746871 0.949675858 -0.255343318 0.916025519
 1229 1.09367061 -0.573547304 1.15367877 1.09887874
 1230 2.71331072 2.96180153 -1.19721186 -1.87880850
 1231 -0.159963965 0.224001080 1.33142042 -0.973462045
 1232 -0.155425936 0.880028784 2.57655525 -1.72138262
 1233 0.255979806 -1.54450011 -1.36076415 0.712573707
 1234 -0.484661609 1.94898593 1.30244207 -0.468987107
 1235 -0.347177237 -1.02540469 0.415371835 0.841260016
 1236 0.718238235 -8.91313702E-02 0.369563401 1.11103070
 1237 1.49503851 0.585687459 2.32910800 -0.630225122
 1238 1.25706947 0.407269925 -0.381092787 -0.835421324
 1239 0.347558975 -0.313816339 0.184982896 -1.86546707
 1240 -1.75392687 -0.585898340 0.582532704 0.364745647
 1241 -0.828569174 1.17829585 0.373052239 -0.305779785
 1242 0.414243340 -0.354832202 2.02641916 -0.916373312
 1243 4.19640839E-02 2.37863255 0.826449752 2.89185718E-02
 1244 -3.12092900E-03 2.21431136 -1.36806273 -0.633997440
 1245 0.370313615 1.25898027 1.93190980 -1.56105971
 1246 -1.41529477 0.481268913 -1.32481003 0.292052090
 1247 -5.11228293E-02 -1.77931058 0.566054225 -0.476573497
 1248 -0.391232640 0.612573624 2.21868896 -1.65097344
 1249 0.839299083 1.88709939 -0.791639507 0.975392163
 1250 0.797188282 0.707577646 0.745572388 -1.29766417
 1251 0.436580896 1.02657044 -0.244247839 -1.44815254
 1252 2.17033601 -1.41744018 1.13619745 -0.240651816
 1253 0.152769506 -0.513451338 -0.992274344 0.486523211
 1254 1.85816097 -0.174973905 -0.298402935 0.390531033
 1255 -1.61391723 0.737584054 0.276133776 3.07886451E-02
 1256 -0.440927565 -0.481607556 1.43898213 -0.265985191
 1257 -1.02771950 1.07593083 -3.56178544E-02 -0.652040005
 1258 1.28704059 -0.698354363 1.72095227 -0.852631032
 1259 8.91000926E-02 0.593251348 0.147344530 -2.06291914
 1260 0.191724241 1.52941799 -9.92808416E-02 -0.127610117
 1261 1.15815222 6.31775707E-02 3.54570460 -1.75172853
 1262 -0.665737391 5.50586730E-02 0.353991628 -0.782535911
 1263 0.230486795 1.13224101 -0.858426511 0.708140969
 1264 -0.717614532 0.221331954 2.16149259 -1.85207653
 1265 -1.15304101 1.58960891 2.06340694 -0.620963216
 1266 -0.934270799 0.564407170 -0.552168369 1.17876840
 1267 0.273856789 -0.168125540 1.22145331 -0.292717844
 1268 -6.75082207E-03 1.32535386 0.512857020 0.599741697
 1269 0.490001976 1.51669216 -0.524431467 1.12618840
 1270 1.21986175 -6.09194040E-02 1.39808774 0.643582165
 1271 0.538147688 0.658261955 1.29623282 -0.752887189
 1272 0.856265128 -3.24344635E-02 -0.438878059 1.05749643
 1273 -0.468366683 0.524457455 0.936933637 -1.37992108
 1274 -0.253732681 -6.44052476E-02 0.594002962 -0.815733969
 1275 1.43884623 0.899669170 -0.335742235 0.675373197
 1276 0.366984367 0.173666805 1.20753503 0.489864469
 1277 1.36004937 1.19438434 3.33180094 -1.65410852
 1278 2.27549505 0.712308526 1.20268679 0.425286382
 1279 -1.84829545 -0.699390113 0.251522988 -0.516685724
 1280 -1.65633547 0.526985347 0.788232565 -0.234709904
 1281 -1.77244568 -0.345228434 -0.115592830 0.915722430
 1282 0.211106420 0.796216786 1.02076244 -0.668058872
 1283 -2.68970132E-02 0.198674068 1.73381269 -0.615796268
 1284 0.279585481 0.948511302 0.355316311 0.953275859
 1285 0.747245729 0.784225881 -0.498479486 1.26632237
