 1 -0.416746676 0.472875029 0.169572636 0.103648871
 2 -1.08344936 1.17271078 0.689653277 0.529572845
 3 -0.779464245 1.70787728 -1.79799771 0.559350431
 4 -1.86016977 1.13458157 -4.27502692E-02 -1.47329628
 5 -1.88147902 0.452890933 -1.41290855 1.29418325
 6 -1.32057393 0.124832436 -0.616468072 -2.63691950
 7 -1.53118074E-02 0.217513442 1.36774576 -4.51189876E-02
 8 0.117755860 1.08032060 -0.917284012 -0.779666126
 9 -1.12721682 -0.362381518 0.660833240 0.501607060
 10 0.474778891 1.18355250 0.734719217 0.879802644
 11 -0.132671356 1.58823669 -1.01970649 -1.74404788
 12 -0.830613315 1.79092908 -1.32164574 0.439059943
 13 -0.509925485 1.08454633 0.689062178 0.729735315
 14 -0.386054695 0.566284120 0.128862888 -1.16529095
 15 0.480359197 -0.805046499 0.389722019 1.34975147
 16 -1.63951075 0.241356641 0.416424334 -0.901125550
 17 0.306743741 -1.15699959 0.189138442 -0.613089144
 18 1.03036213 0.396528572 -0.647512913 1.24406791
 19 -1.36904788 0.399943739 -0.543415666 -0.374819547
 20 -0.775805414 0.658199668 -8.32680613E-02 0.776327252
 21 -0.745852649 1.37372351 0.399286926 -1.79398465
 22 -0.473440081 -1.83247292 1.85695374 2.46505737E-02
 23 1.46270394E-02 0.815486789 -0.183419883 -0.317616493
 24 1.67689013 1.42932498 3.93168926E-02 -0.990928650
 25 0.833595812 0.613640547 1.08029902 0.734139442
 26 -1.85946858 -0.168372199 -3.47094536E-02 0.918590069
 27 1.15211558 0.795220017 0.201015949 0.518302023
 28 -0.892067611 -0.151126087 -1.10477066 -1.35946560
 29 -0.463241041 -0.722364724 0.119335592 0.818948925
 30 9.79268923E-02 0.106513947 0.881759286 -1.85421109
 31 -1.81861234 -0.390623182 -0.271821827 -0.349610537
 32 -1.73489594 -0.216759771 1.26390958 1.28334248
 33 -0.414003223 0.403187871 -0.556110859 2.30686903
 34 9.64961350E-02 2.26593494 0.387291044 0.891852975
 35 -1.53903544 0.556078911 -0.298364222 -0.776596487
 36 0.709789395 -0.230251521 -0.610853672 -1.22208965
 37 1.53349268 -1.22823000 9.21235383E-02 -1.98812497
 38 -0.370644301 1.10515058 -0.933257520 0.727706909
 39 -0.927886307 -1.96025956 0.263869226 3.10686082E-02
 40 -0.651331067 -0.158077866 0.566286743 -1.45274234
 41 -0.248290181 0.833727241 -0.771227062 -0.986926258
 42 -0.475486755 0.333413422 0.340703070 -0.557889521
 43 -2.19999385 -0.335580945 0.314265698 1.42324698
 44 0.110932432 0.815662861 1.80038810E-03 -0.336760402
 45 -7.16418028E-03 1.59966171 -0.692281246 1.30119801
 46 -1.08079374 0.289894581 0.751961708 -0.476313442
 47 -0.231298804 -0.957284093 -2.13763857 1.03618526
 48 -0.270123392 -1.26995194 -0.467229724 1.36871636
 49 -7.31756985E-02 -0.723217189 -1.01418781 1.44947982
 50 -1.74106669 0.637916446 -0.587589562 -1.09755778
 51 -0.364494890 0.124266654 -1.95200682 -1.04928648
 52 -0.609839857 0.410357237 -0.259659171 0.369140774
 53 1.99611437 0.808987916 0.401113153 -0.522960544
 54 -1.45799661 -1.48320484 -1.06401670 0.625756860
 55 -0.516161084 0.872490168 0.455135822 -0.236628562
 56 -0.753458261 -1.30572248 0.710304260 0.269148946
 57 -0.933591008 4.33493257E-02 -0.427623004 0.230741143
 58 -0.118549787 1.61274898 -1.05680895 0.366574109
 59 0.991670609 0.389639735 1.17634869 -1.53180039
 60 -1.07117391 -0.618965626 -0.374270916 -0.312401474
 61 0.638235092 0.938911140 -2.49379539 1.74315000
 62 0.861172497 -2.31766081 1.06805480 0.832012177
 63 -1.22479558 -1.53281534 -6.19698502E-02 0.388337374
 64 1.73397708 -0.839634299 -1.02004659 7.46681467E-02
 65 -1.04951775 1.45088601 -0.536055088 -1.12540960
 66 -0.926106870 -1.58317816 -0.181506351 -0.563627958
 67 0.982864678 1.38007617 5.48206270E-02 0.921481252
 68 -0.301302969 0.123680964 -0.463192940 -0.770296633
 69 -5.03305197E-02 -1.47758079 -1.78179109 1.05708385
 70 1.04524469 -0.892344773 -1.20454407 0.468855262
 71 -1.97365427 -0.271056026 -0.734874845 1.11576545
 72 1.47386265 1.04522550 -1.25652587 0.254377663
 73 0.963822365 0.520554841 -0.386528343 -0.868590236
 74 -1.42361379 -0.958170533 -2.03228045 0.594871700
 75 1.28661799 -0.237721175 0.223983213 2.04919279E-03
 76 -1.10780454 0.223131150 0.278607756 0.472729802
 77 -0.510931253 -1.27874875 0.332429796 -0.409295678
 78 0.936695397 0.310253084 -0.768172264 0.294855177
 79 -1.06312370 -1.41844356 -0.344580293 1.19683361
 80 -1.50697434 0.762753487 8.74823034E-02 0.821039915
 81 -1.27394164 -0.784495294 -1.47808158 -1.17528188
 82 0.671004653 -0.445681155 -0.834014893 -1.52940321
 83 -2.15444040 0.503071070 -0.241932571 1.87959611
 84 -0.278142184 -0.941316247 -0.544691563 -0.686420977
 85 2.02105117 -0.885111272 -1.64609170 0.124040991
 86 -1.09541166 0.671731889 0.354583144 0.870779037
 87 -1.28469110 1.58934295 -1.38094461 0.961249352
 88 0.705250502 0.425468117 1.57544959 0.760327041
 89 5.76416701E-02 0.326750785 0.329034388 -2.15957594
 90 0.867544591 -0.377899259 -0.276749909 1.16604853
 91 -1.33298707 -0.979484081 0.356374949 -1.37484336
 92 -0.763014913 9.29658189E-02 -2.18824673 0.232877240
 93 0.147437707 -0.267252296 -0.839733779 -1.28156829
 94 -0.180720940 -2.15093270E-02 0.223438323 1.86366057
 95 -0.864503026 -0.384365499 1.04229301E-02 0.102145284
 96 1.21081245 -1.03458524 -1.29110181 0.533732176
 97 1.65487325 -1.51386166 0.304811448 0.965126276
 98 0.734706283 1.45523798 0.345402598 0.250745952
 99 0.879438937 0.733584344 1.52269900 1.21529412
 100 0.922866821 -0.249035731 0.999639034 -6.71692044E-02
 101 -0.689447463 1.64232254 -1.37233162 1.60045576
 102 -0.725649118 -0.779674828 -1.16532612 -0.204830199
 103 0.793669760 -0.777034760 0.643027306 1.11485040
 104 -0.783403337 0.468654573 0.530053854 0.516997278
 105 -1.02618670 1.06540918 0.570816517 1.88004613
 106 -1.33446324 0.602611363 -0.297145098 -0.460106909
 107 -0.929850042 0.914456129 -1.30287933 -1.51000571
 108 0.247625053 2.24952400E-03 0.218002290 1.68448246
 109 -5.30273765E-02 -0.222422510 -1.03901589 -1.59782410
 110 0.512653232 -0.740905046 0.273791999 -0.123104781
 111 2.94109035 -1.74531817 1.07581675 0.487848163
 112 0.410611898 -0.284760386 0.586728275 -8.51667374E-02
 113 -0.117250323 -0.223899126 0.403963685 -3.06824541
 114 -0.716946006 0.232713223 -0.205812618 -1.71002173
 115 0.826066971 -1.69400573 -0.243983641 0.686004937
 116 0.520464718 -0.697556734 0.304215550 -1.46361494
 117 -1.40822637 0.650337577 0.687300801 -0.460471630
 118 -1.69218624 -1.20418870 0.736988664 -0.648066878
 119 -0.366565794 -2.05926847 0.766784608 -0.130941391
 120 -0.556007266 -0.342639148 -0.284232736 -0.180825993
 121 9.46263075E-02 0.630898237 -0.120130077 -1.51980495
 122 -6.35139197E-02 -6.93334639E-02 -0.478834838 -2.14370704
 123 -1.01641989 -0.128432736 5.44671267E-02 -2.60949349
 124 -3.17579359E-02 -0.715389132 0.268027008 1.20488417
 125 -0.398296475 -1.13767076 -0.545553625 -1.94901204
 126 -0.894750059 -0.696029186 -0.781391859 -2.48066306
 127 -1.07487297 -0.881233275 0.337976575 0.240543664
 128 -0.248112082 1.86732662 -0.208322957 -0.980082870
 129 0.253260374 -0.804966152 -0.396632105 0.525891304
 130 -0.135921836 -1.80342889 -0.236745983 -1.85385823
 131 -0.154070020 1.05410886 1.23701715 0.961803854
 132 0.483752370 -1.00325143 1.10283613 -0.276308835
 133 -0.714242458 -0.343700886 0.835335433 -0.975109458
 134 0.200926349 -2.35022688 0.103577532 -2.31627965
 135 -1.95056760 1.10707450 -0.895078242 1.19829845
 136 0.192121595 1.06370711 -0.500786126 -0.397084266
 137 1.03489256 9.17222500E-02 -0.395473599 -0.769706786
 138 -9.10175964E-02 1.05965817 0.991814137 -1.32784808
 139 -0.854297280 1.72833192 1.03643584 -1.01115036
 140 -0.136162624 -1.97964680 -0.386607736 -0.890330911
 141 -1.11291206 -1.07550895 -0.370359123 -0.680198252
 142 -1.50927508 -4.34974581E-02 0.220795542 -0.238937512
 143 -1.08470392 1.94696784E-02 1.09782887 -1.43232262
 144 0.636882663 0.958551228 0.289838791 -0.145274669
 145 0.119142197 -1.25334370 -0.423046321 -1.16392279
 146 -1.16361046 -0.242196426 -0.744983852 -1.75149763
 147 1.88504732 -0.122590244 0.709280729 0.740305662
 148 2.54229069 -1.09230375 -0.261334002 0.256893903
 149 1.07590246 -0.224981636 -1.12798977 0.914890051
 150 -1.71691930 -1.50754631 1.05694282 -1.94006729
 151 -0.216225624 0.727546751 -0.631081879 0.325735450
 152 -0.329881847 -0.148860455 -7.99639896E-02 -1.45073771
 153 -1.76909566 -0.934506893 -0.144566059 -1.72386646
 154 -0.247546792 0.763515115 1.76377928 1.47572446
 155 1.57123828 2.12719226 -0.285372108 -1.83519840
 156 -0.326097339 -0.749666631 -2.26998813E-02 -0.757874072
 157 -2.09218311 1.23563623 -0.718788862 -2.71866202
 158 0.627340257 2.04490590 -0.209337547 -1.90710580
 159 -0.644081891 0.951300859 1.70501363 -0.473766237
 160 1.68362617 0.558997631 0.834267616 0.290509880
 161 -2.04765582 -0.504600048 0.750274122 1.68821228
 162 0.761232734 0.236812964 1.04207087 1.36641681
 163 -2.14475274 -0.802097559 0.286778033 0.155157477
 164 6.45069182E-02 0.357749045 0.358805299 1.80059469
 165 1.24816215 2.70278955 -1.88290441 0.832321882
 166 -1.01617885 0.165363505 1.14221179 0.325566173
 167 -8.83559063E-02 -0.882116079 2.75290060 0.354598582
 168 0.611855268 1.87606788 -0.550905704 -1.86754894
 169 1.40684259 -0.615010023 0.391400516 -0.509826541
 170 -0.102661058 0.622842729 0.705016971 0.475931495
 171 -1.02410638 8.70479792E-02 0.424584627 0.278431058
 172 -2.26161003 0.654415190 0.389673710 -2.84418297
 173 0.913661301 0.484703481 -0.356345028 0.944516718
 174 -2.25742245 -2.68905997 -0.278300792 -0.754870653
 175 1.05525100 1.63586748 -0.702390015 0.908857524
 176 1.29695225 1.59072423 -1.66045499 -0.341847360
 177 -0.640363932 -0.304758161 -0.285529882 -2.82755852
 178 -0.851280391 0.176632375 1.20853925 0.419789314
 179 -1.13385904 6.44448102E-02 0.521388531 0.445199043
 180 -0.200940803 1.33052242 0.563048482 1.11460924
 181 -0.298477739 -2.02287102 0.115661100 0.117426336
 182 1.10214818 -0.848667026 -1.74643433 9.75617766E-03
 183 -0.801041603 -0.257865667 -0.116617501 -0.662310719
 184 1.05763507 0.570074081 0.106173813 1.09669769
 185 -1.25634050 1.40864873 -0.781329334 -2.76820159
 186 1.23889756 0.211459205 -1.14646816 -2.19053078
 187 -1.58923912 -0.414730787 -1.13844192 1.95792353
 188 -3.88102755E-02 0.731645703 1.48685539 0.247388631
 189 0.659087062 0.689533710 -1.18663716 -0.746359348
 190 0.870707512 -0.344349682 -0.499947369 1.23422647
 191 0.936335981 -0.305401444 -1.23317754 1.57735085
 192 -0.571180046 0.782649815 -0.308663100 -0.917940617
 193 -0.895585179 -1.69053841 0.196421191 -0.169730321
 194 0.947259367 -0.629214227 -0.419610590 1.21441436
 195 -0.180246994 2.17587352E-02 4.16939855E-02 0.869868279
 196 0.308943540 1.49251294 1.01750696 -1.70674622
 197 0.644300401 -2.88863897 0.655995786 -0.166079909
 198 0.871222973 -2.79743338 0.541746855 -1.58995211
 199 -0.474267155 -0.134186178 -0.403121322 -0.903772771
 200 0.357589453 -1.01430511 0.886870921 1.12594783
 201 0.441166639 1.76092291 -1.16209137 -0.721229970
 202 0.559114575 -0.847804070 0.888172269 0.864205182
 203 -0.925269246 -0.165517867 -1.16400290 0.419632614
 204 0.849906743 -0.644878447 -0.483654618 0.461890340
 205 1.45943797 0.375403583 0.449264556 1.04993236
 206 -0.258800656 0.846648872 -0.636437953 -2.85231173E-02
 207 0.445734352 0.257445902 0.709475756 5.71303666E-02
 208 -0.712815881 -0.973046184 -0.380307585 -1.34111059
 209 -0.385304362 -0.779882014 1.08417237 -3.94035727E-02
 210 0.490486205 -0.880847633 -0.232346699 -0.729082882
 211 -1.78135657 1.15008616 0.188405022 1.31458318
 212 0.279891998 1.49949062 -0.159535915 -0.822620571
 213 -0.176756993 -1.01367116 1.89641154 0.504389882
 214 -0.418508172 1.09016609 -0.185914680 0.105580211
 215 -0.704673946 -0.322135061 -0.644863605 -1.88963962
 216 0.514903903 1.37974334 -1.12500000 1.67294967
 217 1.54351389 -0.924438596 0.134565607 0.926330447
 218 -1.64895606 1.69839025 0.106806129 -2.95984435
 219 -0.209360167 -0.151949659 -0.367648363 0.109863959
 220 0.370757997 -1.57670248 8.83610696E-02 1.73030943E-02
 221 -0.773946285 -0.352828324 -0.912153721 -1.28986931
 222 0.756591380 0.963663340 -0.155318826 0.103197180
 223 -0.339021683 1.83667791 -0.767424107 1.18533254
 224 0.692961752 0.561946929 -0.525991738 1.22375190
 225 -0.302333623 0.719470620 -0.612084270 -4.64416221E-02
 226 -1.20348597 0.442535490 -0.253859073 1.07752526
 227 -1.62609145E-02 -0.433198601 -0.551765740 -0.125228941
 228 -0.308852166 -0.478628844 -1.44348860 0.629119933
 229 -0.137102768 -0.418593824 -1.50643408 9.11598504E-02
 230 -0.476028383 0.610920906 -0.277565897 -0.533667445
 231 -0.896573424 1.74014902 -6.73896149E-02 -0.744392693
 232 0.388817608 -0.696119905 -0.695970833 0.600777149
 233 0.253817499 -1.40157247 -0.645199478 0.559889555
 234 -0.470922709 0.240605175 0.303644001 0.931264639
 235 -0.244752839 -1.45866203 -0.768569946 1.14105439
 236 -0.960471332 0.870779216 0.364707738 0.734797597
 237 1.11900330 -2.35306549 0.344406605 -0.824458838
 238 1.88492537 2.37611890 -0.372729540 -0.328937411
 239 8.60566869E-02 0.713132083 -0.887317777 -0.845715642
 240 -1.54416263E-02 1.62652111 -1.47202229 0.943255603
 241 1.31837893 -1.17760968 1.51511097 -1.18250525
 242 0.946796477 2.32826948 0.124551974 -1.96709466
 243 0.305783242 -1.57928348 1.53867531 0.344537526
 244 -0.444420516 -1.42983139 -0.627004564 0.951012969
 245 2.30918765 1.14565587 -0.153979599 -0.665774047
 246 -1.14422917 -0.852819443 -0.634251952 0.647798121
 247 0.298514694 -0.945469201 -0.965338588 -0.354384124
 248 0.436371446 -0.852157235 -0.122449405 -1.83029389
 249 -1.28869569 -0.144062117 -1.00340116 1.40070307
 250 -0.304772377 -1.13343847 -5.88558912E-02 0.650592029
 251 -1.42784142 1.11115468 0.103611380 -4.68393937E-02
 252 -2.19657803 0.761598945 -1.58174372 0.200020835
 253 -0.793020487 0.641957283 -1.12863183 1.86897790
 254 1.15233374 0.841045380 -0.156030238 -2.03722477
 255 -1.49744296 -0.476271123 1.05729330 1.69636142
 256 -0.177077159 -1.28802598 -0.891124666 -2.63933825
 257 -0.213504508 0.486023813 -0.167266756 0.276644379
 258 0.267099082 0.738451183 -1.30902147 1.86726379
 259 -3.92031372E-02 -0.424366295 -1.09351110 -0.849094391
 260 0.605801761 -0.930186093 -0.325266600 -0.832423091
 261 -1.11759090 0.754062355 -0.444564164 -1.57029760
 262 -0.205617025 -0.221959978 0.214588106 -1.90996528
 263 -1.56409633 -0.416010708 1.06622720 -0.432527840
 264 -1.41164696 1.16005719 -0.684940100 -0.404703379
 265 -1.82866812 0.226665869 0.360733330 1.83084202
 266 1.55516481 -0.458625168 -0.497387707 -3.02173305
 267 0.278857589 -1.16562676 -0.219846502 -1.77934444
 268 -0.102544308 -1.02241230 2.39468366E-02 -5.28993905E-02
 269 -0.283441186 0.109577253 -1.01870489 0.875582635
 270 -0.550656855 -1.17863989 -0.831204116 0.217698783
 271 -0.367794037 -1.00836802 3.50514650E-02 -0.788030922
 272 -0.508045793 -1.63767958 -2.13141179 -1.98845172
 273 0.637240767 2.80506897 -1.45947611 0.612468660
 274 -1.00186980 -1.13679385 -0.432871908 0.320937932
 275 -0.615383387 -1.30976617 -0.975981116 -0.140302211
 276 -0.696172833 0.235417455 -0.458476543 3.67980376E-02
 277 -0.329100192 -1.53825140 -0.837793589 1.16695023
 278 2.56695375E-02 0.541345894 -0.314442337 0.955145299
 279 -0.839810014 -1.74841344 -1.56027138 -0.848984838
 280 -1.20581794 0.632566512 -0.223171428 0.336368024
 281 0.207674712 -1.14658844 -6.02255464E-02 -1.37466681
 282 -0.413543135 -1.04700327E-02 -0.391553670 1.23463619
 283 -0.313081652 1.38089597 -0.525026917 -0.263192415
 284 0.391327947 -0.406786799 0.787292540 -2.04562950
 285 -1.12898982 -3.57611775E-02 -0.991169035 -7.52569735E-02
 286 0.638880372 -1.26977241 -0.204555780 0.690704763
 287 0.852446258 0.490704149 1.11984026 -2.79163170
 288 -0.104742602 -0.252520651 0.367403865 8.03503990E-02
 289 -1.46023643 -0.838085651 -8.04485232E-02 -0.287443727
 290 0.344514668 0.440712661 -0.386117637 0.112885863
 291 0.921639204 -0.172399640 1.57002449 -1.94148827
 292 1.46978307 -0.977784872 -0.537955344 -1.49925208
 293 1.28534245 0.816376328 1.84889424 0.603882611
 294 -0.434693217 0.821067274 1.32216120 -0.194534495
 295 -1.34448659 -0.889357507 -0.516815901 1.14325142
 296 -1.10389543 -1.17096019 -1.13951766 -2.12718773
 297 0.834610939 -1.18697274 0.104344316 0.618193746
 298 0.160393268 -1.48313296 -0.292977035 -2.65802765
 299 0.309370279 -1.36089563 0.973241091 -3.27188325
 300 -0.924601734 0.588525414 -0.994175494 0.364018589
 301 0.589377642 -0.547398865 -1.09143627 -1.73736727
 302 0.591494799 0.799133539 -1.64714062 -0.439269066
 303 0.439483464 -0.748925805 0.113577329 0.822900474
 304 0.458800673 0.795463562 -0.279550672 -0.343381405
 305 0.453864634 -0.973519742 8.06122124E-02 -4.86931205E-03
 306 0.991521955 0.777258873 -0.413575262 0.892898440
 307 0.220205650 -1.66496837 1.54872203 -0.735462785
 308 -1.15654624 -0.520088077 -0.656895339 -0.937084377
 309 -0.782337546 0.612469912 -0.594877481 0.788436353
 310 -0.906670749 -1.78062224 -0.151456833 -1.00499010
 311 -0.145578176 -0.790472746 -1.31594574 0.870243669
 312 -0.907166779 -1.16005421 -0.666311800 0.383084774
 313 2.04392815 0.316868335 1.62008011 -0.503248453
 314 1.49635184 -0.677141070 -0.642253220 -0.943534493
 315 0.412036926 -1.02822161 -0.223334283 0.967264652
 316 -1.21859479 -7.84776285E-02 0.103212178 0.243530884
 317 -1.33132267 -1.20948577 -1.41194928 -1.45239794
 318 -0.332733393 -0.491747409 -1.60400009 0.295361102
 319 -1.13608551 0.635465682 -0.741104126 0.687356949
 320 0.330367863 0.372200966 -0.601953268 0.874508679
 321 -0.472930461 0.118693970 -0.713231444 0.463083088
 322 0.714467168 -0.495115399 2.09176588 0.666812003
 323 0.792184472 0.832950294 0.258390725 0.173072189
 324 -0.467216969 -2.13585329 1.54507101 -0.908146143
 325 -0.258677840 -1.42834222 0.321147084 0.525208652
 326 -0.468790770 -0.538211942 0.289238781 -1.79867959
 327 -1.93964970 -1.89882445 -0.230034620 1.01916111
 328 -0.700797200 -0.457422614 0.622775376 -2.07395339
 329 -1.11030066 0.196687579 1.39049852 -1.99995458
 330 0.525574267 -0.396375060 0.677970171 -0.626960158
 331 -0.334229350 -1.19028342 -0.419692069 0.510380208
 332 0.582694709 -1.04117179 0.252342969 1.04939389
 333 4.21247631E-02 1.40581691 -0.324554920 0.607942462
 334 0.840367734 2.65761304 -9.61868912E-02 2.45814323E-02
 335 1.48829865 6.16828501E-02 -1.65358961 -0.462125301
 336 0.991446018 2.19843102 -2.00325632 0.172689095
 337 -1.81429732 -0.643031001 -1.43237221 -0.640445471
 338 2.37844086 -0.954923630 0.144262552 1.60394287
 339 -1.72681475 -0.580271959 0.123815633 -1.17140961
 340 -1.16237366 0.263499707 -0.338728666 1.15673041
 341 1.69332361 -0.309278429 3.70760560E-02 -9.24109742E-02
 342 -1.96984339 0.145898804 1.80103576 1.13745868
 343 -0.680554390 0.284495592 -0.480540723 -1.56007373
 344 -1.75050676 0.262739658 -0.693003178 1.07517064
 345 0.296652704 8.30069631E-02 -6.04931116E-02 1.76772881
 346 0.105049908 -0.298355043 -1.63220727 0.926169693
 347 0.808558702 2.29105091 0.556175709 2.05388963E-02
 348 -1.36665654 0.197638899 -1.02342749 0.940637887
 349 -0.199083194 -0.605534911 -1.39655101 0.120260343
 350 0.368492067 0.197239697 -0.368173599 -1.45885408
 351 -0.365844637 -8.91656205E-02 -0.700174093 -0.417753637
 352 -0.237312302 0.306186527 -1.66790640 1.19257259
 353 0.384534717 1.48094118 -1.49696815 -0.278647333
 354 -0.773157597 0.523221731 -1.23539710 0.653194368
 355 0.261566997 1.04773486 0.427477270 0.734730005
 356 0.589019954 0.207810014 -0.416978240 -1.08859491
 357 0.714719474 -0.721888483 -0.476603985 -1.97643948
 358 -1.35985708 1.11102116 -0.806632817 -0.475527823
 359 -0.122341633 -0.203309745 -0.158203602 0.176471651
 360 -5.25414944E-05 0.844032943 -0.294471055 0.143589169
 361 -0.912332296 1.30044651 -0.545205712 8.91093314E-02
 362 0.189688385 -1.03201032 1.07191694 1.37307560
 363 -0.429524422 -1.00535583 0.494785458 0.133599296
 364 1.32772255 -2.15345168 -0.206182510 -1.75933528
 365 -0.190316290 -0.360483646 -1.28238714 8.53659809E-02
 366 2.98330635E-02 5.87313026E-02 -0.191628337 -0.540340662
 367 5.09437025E-02 -2.20495343 -0.164793476 0.154225886
 368 -0.140666381 -0.938445628 -0.853914142 0.129817158
 369 0.596510530 -0.240524381 1.33907986 0.342278689
 370 -0.464933813 -0.240405738 0.719347596 1.85810316
 371 -1.17294681 -0.572284579 -0.179766282 1.00114107
 372 0.428717613 -1.78447032 -1.07962108 0.161524028
 373 -7.91152120E-02 0.519459128 -0.840755582 0.969025910
 374 0.852671325 0.778118789 -1.53017128 -0.251583576
 375 -0.114840806 -1.10120940 -1.36709535 1.52965021
 376 0.970373213 -0.291509151 -2.46551847 0.663786948
 377 -2.10746121 -0.436029315 0.202181086 -0.799902022
 378 -1.18930244 1.63748658 -1.07980359 -0.595371842
 379 -1.39310384 0.469993591 -1.19933975 -1.22594702
 380 -0.798153579 0.501799703 0.436800599 9.62007940E-02
 381 -5.53939044E-02 -0.291421533 -1.40418470 -1.64781928
 382 -1.09624195 -0.485556781 1.37450933 1.56545317
 383 1.00471067 -6.59707338E-02 -1.93434346 -0.489963710
 384 -0.397048920 0.321478516 -0.457594603 1.32618177
 385 -0.677947640 -3.13467216 0.209505394 0.434140950
 386 -0.976423383 1.41647041 1.04996908 -1.48927927
 387 0.728012025 -0.585222781 -0.708293438 1.39959764
 388 -1.44223511 -0.820896983 -3.14754546E-02 -9.97871831E-02
 389 -0.937674165 -0.467111766 0.138663709 0.530291259
 390 -1.62970543 1.37626445 -0.978613853 0.710555017
 391 -1.01785147 -0.304406017 -0.924647272 0.464871377
 392 -1.70101237 4.51467633E-02 -0.377589881 0.110644341
 393 -1.40632319 1.56794131 1.16850889 -0.198716074
 394 -0.407602131 0.400824547 1.15738642 0.311203063
 395 -1.22635126 7.69315213E-02 -0.318507642 0.528845906
 396 1.67335045 -1.93084884 -1.16548526 -0.950918794
 397 0.152214795 -0.942716241 -0.754460394 -1.75496936E-03
 398 1.91905951 -1.84615493 -1.19286454 -1.30942726
 399 -0.810390413 -1.13996518 -1.38731575 0.313700378
 400 0.592077196 -0.715095282 0.257820547 -1.70016062
 401 1.16879916 -0.899494231 0.133339524 -1.06761754
 402 -0.752301753 0.274853557 1.16833234 -0.272875905
 403 -6.63531870E-02 2.64884904E-02 -0.793397903 -0.841852307
 404 -0.567592204 6.46171644E-02 -0.516385615 0.848942161
 405 -0.246415868 -0.208544850 -1.47408402 -1.51886261
 406 1.09903145 -1.85132265 0.172693342 0.509331584
 407 -7.45804310E-02 -0.504332423 0.614505947 -0.725389421
 408 -1.59346080 1.60895395 -0.237885863 1.69758081
 409 1.62119710 -0.162791729 -0.356928945 0.247898474
 410 -5.30099720E-02 0.545435131 -1.79468346 -0.369922101
 411 -0.360756040 -0.586407781 -0.218913406 0.575352371
 412 -2.06503010 0.167271882 1.41382909 -0.631722331
 413 0.782518864 -1.32886899 -0.405536056 -1.45303869
 414 0.451179087 -1.21274185 1.08045459 -0.920138478
 415 0.372101992 9.67084318E-02 -1.13514686 -0.558294415
 416 -0.246074498 -0.834713459 -0.886224926 -1.04883122
 417 -1.27682853 -0.748945057 -0.758466363 -0.268773496
 418 4.71716896E-02 0.144494787 -0.115467191 0.590991735
 419 0.839787722 1.04342949 -1.78243494 0.281598032
 420 -0.254796118 -0.615076303 0.880010962 -3.03468183E-02
 421 -0.409155548 -1.09278071 0.918427944 0.372203201
 422 -0.504808366 0.997667909 -1.49880767 0.377858758
 423 -4.48096916E-02 0.866518795 0.777421236 1.24987078
 424 -1.11942255 0.685319841 1.64078331 -0.129595786
 425 -1.69033825 0.246445268 1.37662673 -1.18688071
 426 -0.205877960 -0.133139998 -0.991731286 1.08256960
 427 -1.58659995 1.01547074 -1.02304697 1.38124979
 428 0.573205173 -0.642196774 0.278446317 -2.93980098
 429 -0.356966853 -1.72442687 -2.21889639 -1.40909767
 430 -0.565179706 -1.87188244 0.573405743 -1.93303561
 431 0.744657218 0.528715491 -0.673835874 8.29871446E-02
 432 -0.515334845 -0.581337690 -0.616707027 1.12054396
 433 -1.34247983 -3.70170176E-02 -0.435798675 -0.737000227
 434 -0.808173299 -1.55298972 -0.444940269 1.07896352
 435 -0.962148249 -1.34434879 0.753612816 -0.645766914
 436 -1.76115048 -0.988154769 -1.27860093 -0.106137007
 437 -0.190508142 -0.497950703 -1.75574851 1.72263670
 438 1.26647425 -0.458855897 -2.43519354 0.807158947
 439 -1.16718376 -0.404822886 -0.717129707 -1.44126463
 440 -1.52620018 0.800376356 0.484169930 -1.22768402
 441 -0.206463933 -1.09072590 1.17407930 -1.21659970
 442 -0.758139491 1.52721453 -0.636108637 0.859429717
 443 0.538534939 1.18692398 0.911704719 -1.40336251
 444 -1.41790414 -1.30856109 0.274270177 -0.345736384
 445 0.432406723 1.53118932 0.155523121 9.94683132E-02
 446 -1.46042645 0.251971453 0.364093006 1.42451131
 447 0.480585665 -1.23078358 -4.99711037E-02 0.318333685
 448 0.296608537 -0.467091143 2.26162934 -3.44801688
 449 -1.35284948 -0.606354475 -0.990019798 1.02378845
 450 -0.439773142 1.52490401 0.111583054 0.781976819
 451 -0.418213636 -1.17658305 0.624117136 -2.16558051
 452 -0.475050807 -2.44964862 -0.624591947 0.767460406
 453 -0.431392610 -0.640120149 1.39981067 -0.246611923
 454 0.355845749 0.837967336 1.65390706 0.697111607
 455 -0.971973658 0.207455099 -0.317165017 -0.658397615
 456 0.808821321 -0.208716780 1.67520463 -0.106723852
 457 -0.431430191 1.20067716 1.32712185 -1.07727873
 458 -1.17852080 1.21159625 -0.725854635 0.670435667
 459 0.468368948 -0.575493038 0.853643596 0.310309500
 460 -1.68810713 -0.348049819 -0.412280321 -1.32252419
 461 -0.279404163 -1.30333006 -2.27113533 1.16820872
 462 -0.498394132 0.104476735 0.322188854 0.421378136
 463 -1.10312331 -0.639900029 0.932492793 -0.218892932
 464 -0.117669471 -7.97121003E-02 -0.873113573 1.09692919
 465 -1.30304646 -0.581365108 2.76152349 -1.46452796
 466 0.979438245 0.120567888 -0.804965019 1.34583044
 467 -0.712103546 -1.24900532 -0.478552282 -0.634578884
 468 -0.348291755 -1.26204944 6.96881115E-03 0.616168857
 469 -0.374952585 -1.71844769 0.268776685 -0.339263767
 470 -1.42236626 -0.954422355 -0.712126136 -0.932028532
 471 -1.25076437 -2.15656996 -0.395675361 0.468232453
 472 -0.334892571 -1.80770981 -0.214582324 -1.07090104
 473 -0.630318522 -0.368003070 -0.534893990 0.374768883
 474 -0.525033116 -1.44199896 6.09575510E-02 -1.51302779
 475 -1.32732511 -0.135651529 -0.329423457 0.200438395
 476 -1.69084775 -0.340896964 0.109912187 0.624039352
 477 -1.33801115 -0.737276793 0.199568272 -2.23896980
 478 -0.123730198 0.935928881 0.369174659 -0.138161063
 479 7.92386010E-03 -0.574390292 -1.31763506 0.320456475
 480 0.740161300 -1.86224985 7.22335875E-02 1.63070989
 481 0.514505625 0.200654328 -0.453969032 0.452009827
 482 -0.743595064 0.727658629 5.48921525E-04 0.771627426
 483 0.691081405 -0.676148534 0.140080303 -2.11536741
 484 -2.20896721 -0.737205148 -0.752546191 1.78430915
 485 -1.01098251 1.06935477 -0.176405668 -0.750048935
 486 -0.779164672 -1.36562717 1.17323399 -0.695370197
 487 -0.822557449 2.97879130E-02 -0.619639635 1.01463175
 488 -1.59681070 -6.85980320E-02 -1.47818244 -1.26731730
 489 -0.872197866 -0.841875196 -0.128662765 1.28316224
 490 1.22432029 2.04713494E-02 -0.480893403 -0.373672366
 491 0.167525798 -1.19235849 -0.732456684 1.01588655
 492 -0.878062248 -0.720489621 0.360404730 -5.40220737E-02
 493 -0.826505721 -0.700076342 0.502699375 0.909144044
 494 -0.233699962 -4.78588566E-02 -0.999170423 -0.169826031
 495 -1.41393363 -1.18827295 -1.35244012 2.19259214
 496 1.39150135E-02 -1.27938652 -0.824144959 -1.23638821
 497 -1.31045377 -0.848651648 -0.651455939 -7.14496747E-02
 498 0.837408781 -0.337135494 -0.741182685 0.734855771
 499 -0.753509939 0.107630000 -0.848430336 -0.280800760
 500 0.161416769 -1.41613269 0.190273345 -7.52644390E-02
 501 -2.59328699 -0.445855916 -1.14472902 -0.939638853
 502 2.97601297E-02 -0.152679622 0.518924952 -8.22513476E-02
 503 0.324104011 0.471453249 -1.23073483 0.191501021
 504 -0.813675046 0.743739307 -1.52543962 -0.412786305
 505 -0.488070279 0.277056813 0.657528460 1.15381551
 506 -0.160424411 1.29713500 -0.459920913 0.956742406
 507 -1.14301741 0.588508844 -0.521590590 1.45742190
 508 -0.158947051 0.662588120 0.775792062 -0.913992882
 509 -0.682029128 -1.45032191 1.95130587 7.29533955E-02
 510 1.51721096 -1.67175925 -0.714302301 -0.228864402
 511 -0.587949097 -0.897772729 0.835974872 -2.89864755
 512 0.757800937 -0.521308482 0.560111523 -0.699431360
 513 -0.704800367 -0.701885462 -0.361842096 -8.60428214E-02
 514 -0.376313061 -8.61319602E-02 0.438012630 -2.82112050
 515 -0.939333439 1.18508363 -0.352616221 1.90442061
 516 -5.04224747E-03 -1.04868281 2.80200243 -0.886704743
 517 -1.16367817 1.01668954 0.768789053 0.612417817
 518 -1.05398691 -0.949581385 -0.330865413 -0.330289215
 519 -0.725696683 1.27013969 -0.786824882 1.62607265
 520 1.29287791 1.33313715 -0.276571065 -0.207644522
 521 2.10724926 8.77192020E-02 1.02831125 0.132684231
 522 0.146484375 -0.773761809 0.537359476 0.463898331
 523 5.50922938E-02 -1.70247602 1.32442176 1.55680060
 524 -1.39927804 -0.784398496 2.82506719E-02 -0.356764436
 525 -0.702412128 0.606206238 1.34347534 -0.185483426
 526 -1.13540828 0.954937816 -0.276101321 0.465226829
 527 -0.479472905 -0.732549846 0.695742488 -0.208993435
 528 1.01877141 -0.669694781 0.607780516 4.56441045E-02
 529 0.120405421 -0.656028867 1.27216423 -1.59779334
 530 1.89955735 -0.671223879 -2.54105902 1.06560338
 531 -1.10457480 0.988385022 -0.467371345 1.41116786
 532 -0.228794992 -0.481175780 -0.428481668 -1.45337713
 533 0.412920386 -1.69980645 -1.71330833 1.25829709
 534 -0.627827644 -1.52431250 -0.243468374 0.977284193
 535 0.530361176 -0.659801006 -1.17941380 5.99527508E-02
 536 -0.774511397 -1.54654682E-03 -2.70312524 0.165029779
 537 -0.695286870 -1.38546824 0.605056524 0.503253579
 538 -0.624814749 0.865947127 -0.710470080 1.13131976
 539 -8.89499113E-02 -2.08195400 -1.96036649 -0.974659264
 540 0.207925498 -9.26330537E-02 -1.65018094 0.246435374
 541 0.691382766 -0.669813097 -1.06945014 1.20919001
 542 -0.172351420 -2.07871151 -1.55112827 1.84366405
 543 -6.92722946E-03 3.20707846 -0.684293985 -0.280916929
 544 -1.91041744 0.483396769 0.198159114 0.495792508
 545 -0.184131801 -2.32984114 -0.556815863 0.281405181
 546 0.143850327 -0.913949966 -0.372701466 0.764405906
 547 -0.562251389 -0.379834354 5.96976876E-02 0.741864383
 548 1.16763139 -0.288075149 2.49636173E-03 0.537496269
 549 0.178505480 -0.877954066 -1.49745679 1.47352910
 550 -1.18762207 0.108612590 -1.66533813E-02 1.74226737
 551 -0.429542959 -1.75131297 1.02266598 0.540655494
 552 0.311965108 0.324433386 -0.769814014 1.09016657
 553 0.847135007 -0.302588940 1.34759510 0.598088205
 554 -0.241609424 -1.28560460 0.181964666 -1.08201683
 555 0.776609778 1.23468506 1.04183149 -0.233254761
 556 -8.91392380E-02 -1.23107684 0.847828507 -0.765854418
 557 -1.51872742 -0.166996583 1.26571059 -0.616265535
 558 -1.08828270 1.12288320 5.66579401E-02 -0.156273454
 559 -1.14602351 -1.28666484 0.241614670 -0.541851282
 560 -1.84202302 1.41776967 -1.74201870 0.581725061
 561 0.120532818 0.562926769 -0.457052201 -2.91337276
 562 0.453392386 -1.00939310 1.22343302 0.295515239
 563 -1.34585869 -0.490053058 0.257717043 -0.704657555
 564 -1.00434804 0.314745426 -0.911420941 -1.09824836E-02
 565 0.573481619 0.220205247 1.39227271 1.07400930
 566 -0.557191551 5.49604483E-02 -1.55111110 0.727189302
 567 -1.26654971 -0.872226000 0.401270032 2.00151157
 568 0.970649660 1.61461198 -0.958646536 0.405912519
 569 0.134936303 -0.631529510 0.760269761 -0.523770094
 570 0.900816202 -0.944061875 0.732760608 0.590995312
 571 -0.713846564 0.783503771 -0.221432179 -0.270329654
 572 -0.566516638 2.44409665E-02 0.194436371 1.40742624
 573 -0.748120964 1.04860771 1.55597758 -1.69812322
 574 -0.655527830 -1.15907407 -0.401728660 1.55465984
 575 -0.305941850 0.752620816 1.13412011 -1.40670466
 576 -0.814117193 -0.299975038 0.874110341 0.937785208
 577 5.07453084E-03 -0.325574994 -0.564198673 0.793846548
 578 -0.358559251 -0.618350863 0.146761060 -1.51910162
 579 0.548029065 -1.67486441 -1.13683522 -1.88055813
 580 0.239665255 -8.91725272E-02 0.271484822 0.591366410
 581 -0.348487258 -2.32737184 0.325486511 0.854467630
 582 -1.61806583 -0.159260690 -0.267816782 0.426270902
 583 -0.208389848 -5.16727865E-02 0.241474003 -1.64794195
 584 -1.59675324 2.94485688E-03 -0.564219475 -0.470971167
 585 -0.223215416 0.459491909 0.640719652 0.917080998
 586 -1.53489029 -1.11271298 7.14147091E-03 -1.64562845
 587 0.685002804 0.862586021 1.00766468 -0.546049833
 588 -1.24572039 1.17660308 -0.972110689 -0.175416052
 589 -0.661544621 0.298570484 1.43489218 0.818350017
 590 0.305290282 0.120585993 1.02336359 0.737842321
 591 -0.700165629 -0.529595792 -0.758558393 1.61776519
 592 -1.21519673 -4.99375202E-02 0.402580470 -0.101070888
 593 0.276502728 -0.297479898 1.22921038 0.863667727
 594 -1.39811528 0.715958178 1.76735270 0.293764621
 595 0.259059638 -1.92544723 -1.70324028 1.09981692
 596 -0.320323199 0.742494285 0.127304465 -2.27049804
 597 1.02056718 0.384672701 0.211461455 -0.408402115
 598 -1.26061356 0.184627801 1.54184651 1.18154466
 599 0.459648311 0.169460401 -0.378025472 0.678850055
 600 0.806579053 -0.520107687 -1.33250284 2.29706466E-02
 601 0.963135004 1.07132447 1.33706117 0.638068259
 602 -0.138332993 0.835026503 -0.520487607 1.74503922
 603 0.628344774 1.18600655 1.33950233 -0.382054508
 604 -0.893491089 8.98520947E-02 -0.958959520 0.646690130
 605 0.539318562 -0.746993184 0.486452430 0.762954891
 606 -0.732501507 -1.78788960 -0.101555385 0.324805349
 607 0.425010622 -2.13563204 -0.542042375 0.998971999
 608 -0.648824453 0.153334826 -1.65050113 -0.290241629
 609 -8.33528936E-02 -0.295628041 0.470604271 0.334456295
 610 0.450026691 0.783720255 1.48760915 0.733271003
 611 0.179262385 -0.624014378 0.962584734 0.786491513
 612 -0.455253243 -1.35375690 2.12894726 -8.19423348E-02
 613 -0.810893655 0.877056360 0.113148481 1.83685076
 614 0.182573944 -0.141487420 0.817928553 -0.396991402
 615 -0.480056643 1.22599578 -1.20913863 3.07687074E-02
 616 -9.67743099E-02 8.95900130E-02 0.439638048 0.333382279
 617 -0.337534010 0.304458857 -1.09704506 -0.173426643
 618 -0.581111729 -1.49884081 -0.952202260 0.547619104
 619 -0.468407691 -1.12416673 1.15317786 -0.309198171
 620 0.858003020 -0.104870163 0.689141452 1.05247426
 621 -0.355754346 4.32406887E-02 0.867808223 0.545673013
 622 -0.991950154 3.46966982E-02 0.800970674 0.107220665
 623 -0.539800942 0.155824035 -0.543878317 0.945536375
 624 -0.128861994 5.95239550E-02 -0.743821740 -1.68186426E-02
 625 0.245431021 1.01655042 0.214494452 0.262088388
 626 -1.82154322 1.24409759 1.05314565 0.984114885
 627 -0.792050123 0.789517701 -2.83153892 0.657328010
 628 0.568388045 0.763173163 -1.63297045 1.02346385
 629 -0.205965906 -0.516322792 -1.51803541 -0.488757372
 630 -1.22069812 -1.51082119E-02 -0.296308994 1.72644222
 631 -0.874718547 0.154476285 -1.14678288 -1.17930937
 632 0.838500381 -1.03911340 8.41464996E-02 -2.20911932
 633 0.853152633 -0.558793008 -1.68105054 0.814914703
 634 -0.240643620 0.310451567 -0.604893744 0.920876443
 635 -0.289989859 -0.242523476 -0.975020528 0.177323639
 636 -0.854928315 -0.677186847 -0.515873253 0.810114682
 637 -3.92091051E-02 0.131276801 -0.384414792 -0.681630313
 638 0.158666342 -1.35627985 0.707258344 -0.145453304
 639 1.78453350 -1.80505663E-02 -6.25088811E-04 0.743690491
 640 -1.20209527 -0.434396029 -0.623347342 -0.891095221
 641 -1.26732373 -0.690313458 0.308756679 -1.47274804
 642 0.422854543 -0.469355166 -1.17959189 -0.155086920
 643 0.193460241 -3.17890681E-02 0.270163119 0.559362471
 644 -0.786081076 0.630304754 0.212790117 0.871652842
 645 -0.308793098 0.884344459 -1.38718933E-02 -6.04493245E-02
 646 0.211030856 -1.56671345 1.33090603 0.349140316
 647 0.282298237 0.796735764 -1.53387213 0.584851325
 648 -0.772674799 -0.993020535 -0.593958974 -0.930100739
 649 0.232410803 1.17983675 0.409490824 0.821618617
 650 1.21277452 -1.31185532 0.854424536 -1.63410211
 651 0.145930082 2.77292728E-03 -1.30100679 1.05366111
 652 -0.112596303 -0.532937646 -0.991236508 1.94773269
 653 -4.73718718E-02 -2.14117622 -0.197772205 0.998540640
 654 -1.04294884 -0.692542613 1.02206481 0.231347024
 655 -1.62269521 1.72444904 0.992138028 0.146238878
 656 0.308204263 -0.279306382 -0.201595902 1.26977754
 657 -0.115513563 -0.102796242 -1.11278093 1.24161243
 658 -7.05837607E-02 -1.22666132 -0.215462297 -3.50265622
 659 1.02032197 1.25457358 -1.75537407 1.87631249E-02
 660 0.642441630 1.05358720 -1.12931693 -0.213746130
 661 0.185725361 -3.30248475E-02 -0.487486422 -1.61503828
 662 -4.67699617E-02 0.839561224 -0.978353500 0.837865770
 663 0.471164852 -1.05758286 -0.664357007 0.625820100
 664 0.412601173 -0.444795072 -0.113988400 0.786791623
 665 -0.475989491 -6.65439665E-02 -0.553004265 0.627542794
 666 -0.587928891 -0.678862810 0.229318023 0.266462743
 667 0.980588377 0.497182488 0.830356061 0.739167273
 668 -0.409683347 -0.561524987 -0.105877250 -0.197874755
 669 0.631075442 1.24789834 -0.840562284 0.612838984
 670 -1.19264519 0.623769879 1.46378040 1.26816678
 671 -0.310577154 -0.339336753 1.19064605 -0.811702013
 672 -0.301593453 0.648872554 0.172546715 -0.371457964
 673 -0.452039838 9.94850919E-02 -0.891671062 0.110542774
 674 -0.357825160 0.929650128 0.795487165 0.354295373
 675 4.60857153E-02 0.628458261 6.46822453E-02 1.08240223
 676 0.391238630 -1.37533855 0.990211427 0.735672712
 677 -8.44907761E-03 1.42002904 1.24956715 0.205086231
 678 0.418705970 -0.550195038 -0.328958958 0.959971607
 679 -1.77798164 -2.95169187 0.501425922 -0.331575394
 680 -1.07261801 -0.218180895 9.58362818E-02 0.385716021
 681 0.825666606 -0.216449395 1.06571150 1.01199579
 682 3.20358425E-02 1.72245526 2.99863267 -0.829438448
 683 -0.194619939 -0.962929070 1.27164125E-02 -0.266639620
 684 -8.60182941E-02 -1.72521591 -0.988888502 -0.863939941
 685 0.213956565 -0.206174091 1.04887068 -0.838280201
 686 -0.435510218 1.07200098 0.776182115 -1.42769694
 687 0.823306561 -0.341836691 0.105339505 0.549616218
 688 -0.661686718 -1.34449196 0.167119086 0.511256695
 689 -1.41031516 0.184468955 -1.29338908 0.472954988
 690 -1.24460161E-02 0.382322550 -0.325232029 -2.17624426
 691 0.688377142 0.211265892 0.272778988 0.877247512
 692 0.598286510 2.91676372E-02 -2.71279454 1.50664949
 693 0.238665149 -0.650031090 0.381195605 -1.48518157
 694 -0.238636181 0.586041868 1.03901362 -1.25173545
 695 -0.838549018 -1.47649217 -0.858817458 0.507230937
 696 -0.462403417 0.183932811 -0.335051090 0.293159276
 697 0.896707952 0.145189315 -2.08747673 -0.549396753
 698 -0.257228076 9.15472507E-02 0.301120907 1.07552779
 699 0.319293976 -1.34305644 0.307801783 0.591246605
 700 -0.955367684 0.397889167 -1.91833770 -0.535828590
 701 1.20558202 0.506741881 3.86774987E-02 1.82319963
 702 -1.09892118 0.148549765 1.12971997 1.65532589
 703 7.56118894E-02 -0.615143001 0.470244020 1.30465913
 704 0.333917379 -0.335088044 1.23260450 1.47751224
 705 -0.560310900 -0.725847781 -1.79662752 -1.79235172
 706 -1.67045736 -0.779502630 -2.59927201 -0.852098107
 707 -1.17323470 0.217871651 7.96026066E-02 0.849549234
 708 -0.743891120 1.23757696 2.51037870E-02 1.87419307
 709 2.33049244E-02 -1.49381506 -0.456109673 -0.209351406
 710 0.747720718 1.91041303 -0.389885068 0.338294894
 711 -0.375521362 -1.34572744 0.469722033 0.656607866
 712 0.826863050 -0.526936710 -2.28889108 1.94063926
 713 0.284318805 -1.25928843 0.730310678 1.78530061
 714 1.81111693E-02 -1.48337317 0.219621271 1.77087104
 715 -1.17489159 -0.493840784 -0.264148593 -0.229005009
 716 0.579013228 -0.889114141 -0.738258243 0.278602302
 717 -0.565681159 0.507689059 0.505047619 0.590715647
 718 -0.317386985 -0.465698868 0.709458649 -0.715298474
 719 4.67272401E-02 -1.52407873 -1.67170155 -0.806009889
 720 1.48971152 -2.10578942 0.152654052 1.13830793
 721 -0.907147110 -0.405443639 -1.70813525 -1.20925689
 722 1.06722796 -1.66592002E-03 -0.969289660 -0.168189898
 723 0.158434123 -1.36593461 -0.353267074 0.884599149
 724 -0.831286490 -0.186803356 -0.765042722 0.728867233
 725 1.02055562 -0.325872838 -1.03395134E-02 0.414473802
 726 0.447584718 0.382294416 -0.782987714 -1.77227199
 727 -0.295156687 -0.119436905 1.22196488E-02 -1.95918596
 728 -8.96521211E-02 -0.576423943 0.279355556 1.22164559
 729 -1.91708791 0.857828140 -0.325171083 0.344425291
 730 0.130207300 -0.818909168 -0.625123978 -0.185117707
 731 -9.83538032E-02 0.792199612 0.535938263 -0.750280857
 732 1.06275892 1.07722282 -1.05054045 0.277423024
 733 0.358838320 -0.236183539 0.278427720 0.452169627
 734 -3.08227912E-02 0.462318659 -0.896049380 -0.134028614
 735 0.502008080 -0.166905239 -0.300027370 -0.932349920
 736 -8.53463933E-02 0.255909681 4.80758250E-02 1.56078267
 737 -0.782261252 0.949215949 -2.19501758 1.13116133
 738 -0.524281025 1.37137961 -1.85471058 0.947651803
 739 1.97968316 -0.253455818 -1.06164312 -0.240930796
 740 0.884805202 0.933341861 -1.38967669 0.390235960
 741 -0.346280396 -3.37767527E-02 -0.597328365 -0.122819930
 742 2.05042958E-02 -1.06790912 -1.41043854 -1.34514809
 743 -0.640917063 1.99982369 -7.75038525E-02 1.31537712
 744 -0.473607183 1.25471139 1.84429049 -0.360268503
 745 -0.616440773 0.910833180 -0.546519279 1.79415846
 746 -0.180651665 0.742587686 0.431615412 -0.977349401
 747 -0.901437342 -1.26491475 0.780402064 0.385574967
 748 0.478876173 0.821426332 1.02054179 -0.630408168
 749 -0.624900699 -0.803967059 -0.410451651 -0.472020626
 750 0.585048795 -0.244177297 -1.11668539 1.61092424
 751 -1.48487604 -8.70764256E-04 3.85007709E-02 9.99319553E-03
 752 -0.967150390 -1.00351954 -0.976243079 -0.614893436
 753 0.315816700 -1.17011547 0.693769038 1.92829609
 754 0.479938924 0.949432313 -1.44580626 0.879655600
 755 -1.58916187 1.53036952 -1.31841195 -2.73952335E-02
 756 -0.207803667 -0.107765645 0.957345247 -1.33186805
 757 -0.839499593 0.638002515 1.10641348 -0.952268720
 758 -0.809103847 -0.333914042 -0.546571255 1.40320110
 759 -1.76785064 -0.381904542 -0.193879902 0.495592266
 760 -0.656640947 2.05916882 -0.365212917 -0.343148023
 761 0.794423997 -1.53260028 -0.444297910 1.36104214
 762 -1.87153816E-02 -0.393067688 -0.448309988 1.68982530
 763 -0.991051674 0.859656632 0.796935856 -0.377467722
 764 -0.113303684 0.166649699 -0.113482319 -1.78565156
 765 -0.424740523 0.465472609 -0.232874274 -1.62006760
 766 -0.252899885 -0.656117260 0.535297155 -1.94925940
 767 -0.663431466 9.31328908E-02 -0.195806399 0.679063201
 768 1.67400658 -0.891352892 0.335090101 0.322611868
 769 5.82682490E-02 0.451277018 -1.55389857 0.234588206
 770 -2.39946693E-02 1.85558462 0.388365865 -0.299230039
 771 -0.878363311 -0.519592762 0.181599647 0.115755029
 772 0.154820904 1.95901704 0.379615545 0.818557262
 773 -0.591831326 0.808634639 0.164288968 -0.504694819
 774 -0.896396518 -0.349056542 -0.164233819 1.80075765
 775 -1.32038307 1.35924721 -1.30530834 0.134409219
 776 -1.50960720 1.07621813 -1.65983093 -1.61545128E-02
 777 -0.299490392 -0.742974639 -0.941336155 -0.344639778
 778 -0.496101379 0.939076364 -0.561482549 1.09312844
 779 -0.788398862 -0.561091959 -0.596305251 -0.200792998
 780 -0.747077346 -1.19188237 0.862026989 0.675463080
 781 -0.490636021 -2.74255574E-02 -1.06814790 1.40440941
 782 -0.386398226 -0.308995903 -5.21153994E-02 0.356709391
 783 -0.640950322 1.13207269 -0.613601685 -0.328146845
 784 0.224091545 0.509298146 -0.819661975 -1.17634737
 785 -0.714645863 -0.631779730 -0.236898348 -0.118464224
 786 -0.572121382 -0.757655382 -0.785011888 0.806346238
 787 -0.392956078 0.947272420 -8.52974504E-02 0.541347265
 788 -2.59831762 0.917545319 0.676041842 0.483487368
 789 -0.395275801 0.319676638 -0.614924967 0.488754421
 790 -1.14542508 1.18380892 1.49245429 -0.562765300
 791 -0.159841672 0.410102695 1.78398550 0.158948183
 792 -1.14944410 2.36065173 0.938077927 -1.47981834
 793 3.05190086E-02 -0.712850213 -0.524229407 1.48635960
 794 -0.152206302 0.959020793 -4.01531160E-02 1.62159729
 795 1.13901877 -1.49748576 -0.963857770 1.15534544
 796 -0.343225837 0.390798211 0.111824445 1.72383070
 797 -1.03358066 0.762992799 0.665648103 0.730654299
 798 -0.492163092 0.615022838 1.13079059 0.697529495
 799 -2.10953069 4.24726903E-02 -0.142189145 0.498759508
 800 -0.718099773 -0.538781285 -2.96159554 0.654221952
 801 -0.436475813 -0.447868943 -0.143029273 0.210234627
 802 2.87754051E-02 -0.470830649 -0.596556783 1.21898091
 803 -8.88313651E-02 -0.117682725 -8.67370889E-02 0.119320892
 804 1.43582451 -0.603528440 0.125490561 -1.08922708
 805 1.20560825 0.185372651 7.01034069E-02 0.607348740
 806 -1.95616269 -0.389189899 0.716487646 -1.23603749
 807 0.101066008 -1.72360122 -0.788371682 -1.55830479
 808 -0.250015646 -0.976771712 0.638877988 -2.33685827
 809 -0.633766890 -1.50986385 1.21419978 0.670519233
 810 -0.400440097 -0.549899876 0.210009038 0.312211335
 811 -9.02591795E-02 2.37079144 -1.46854615 0.940755367
 812 -0.219791859 -0.153302267 0.668334365 1.66117275
 813 -1.36176383 -1.30990446 -0.640328407 -1.63784647
 814 0.550097287 -0.846137166 0.766570747 -0.575307786
 815 -2.00814867 1.41507328 -1.50962532 0.457466900
 816 -1.09484577 -0.741553605 1.40627694 -1.39178395
 817 -0.997825623 -1.27504873 2.95425951E-02 -0.348512083
 818 -1.88609779 -0.274187773 1.04090832E-02 -1.66166747
 819 -0.913461506 -1.79014540 -0.531071961 0.350088716
 820 0.372378439 9.47438180E-02 0.517975092 -0.398048282
 821 0.356398463 2.21358943 1.02882469 0.986800671
 822 -0.382427841 1.50413918 -0.213262141 1.35491025
 823 -0.936628163 0.391828924 -1.00825858 -2.05374050
 824 -0.476589054 0.613224506 -5.47784567E-02 0.616230369
 825 -1.42400873 -0.520238757 -8.81007910E-02 -0.914999127
 826 -0.680644512 0.172382116 1.29338765 0.544669211
 827 -0.757899821 0.375768989 0.685730696 0.749073863
 828 -1.74437392 -0.597731233 -0.433779329 -0.738071799
 829 0.140148848 -0.112156302 0.722548962 -0.877272546
 830 -1.25484562 2.31180787 -0.235100389 -0.811859608
 831 -0.758474588 -0.697684705 -0.260964245 0.380267680
 832 -1.09367764 -1.16333270 0.912819147 0.548734784
 833 -0.736383200 -1.75748563 -0.961993814 -1.50530565
 834 -0.104432583 0.839087129 -0.209156841 1.13819075
 835 -0.603340626 1.58410764 -0.120656230 5.89834452E-02
 836 0.349811167 -0.343740225 -1.18647420 0.863619745
 837 -0.842681766 -0.201068550 0.438194185 0.458683491
 838 -2.05957222 -1.41823554 1.89581740 -0.608966887
 839 -0.450525224 0.648467302 -0.447536111 -0.346417665
 840 -1.24312937E-02 0.489696205 -0.732662380 -0.223249421
 841 -1.90155590 1.16168118 8.15458000E-02 0.705336690
 842 -3.54857147E-02 0.927434087 1.21891367 -0.177685082
 843 -0.665105343 -0.997412562 0.715864956 1.40966320
 844 0.425578892 -0.955452204 0.490221530 -0.562672019
 845 0.453678459 -0.226171374 -0.798165262 -0.661552191
 846 -0.242250293 0.336414665 0.677064657 -0.184224784
 847 0.157051444 -0.726822853 -0.818160117 0.805365503
 848 -3.97008136E-02 0.624837995 0.402178109 -0.612544417
 849 0.337933451 0.206393898 -0.195954680 0.326923937
 850 1.24135685 -0.636877239 -1.43632340 2.13882232
 851 -0.476731956 -1.67007327 1.44824457 0.491882801
 852 0.187040552 -0.810927987 -1.36714852 1.64235461
 853 1.38531709 -5.79816103E-03 -1.56777799 -0.260392278
 854 -0.915905833 0.575312555 1.04167187 0.685403883
 855 0.186477885 -1.24420476 -0.486181051 -0.255372226
 856 0.109463163 -0.800686181 -0.823487163 0.428391874
 857 -0.405556738 5.10150045E-02 -0.139576077 -0.833356082
 858 -0.167103365 -0.266619444 -0.847099662 -1.19150901
 859 -0.203620374 1.71922553 -2.12773943 1.86874485
 860 -0.285495013 -1.41650808 0.841374218 -1.56553102
 861 -8.45158696E-02 0.193459064 -1.23511827 1.24649644
 862 -1.10048652 -0.334858298 1.15406680 -0.532297850
 863 0.242551118 0.516879678 -3.23874068 -9.28724930E-02
 864 1.00451148 -0.773426831 -0.457417339 2.61011347E-02
 865 0.864812493 0.586564839 -1.29772866 1.79549158
 866 0.786569834 0.679864645 1.70710731 -1.54896557
 867 9.38999951E-02 0.242431492 0.438062191 1.79902053
 868 -0.940531850 -1.01602292 1.35903931 0.936079085
 869 -0.790877938 0.550826430 -1.34146225 -1.09545195
 870 -0.473514587 0.320861876 -0.892209172 -1.49313772
 871 0.572878718 -1.50020182 0.740030050 -0.280755162
 872 -8.34995508E-02 1.70761228 1.07714975 0.324977040
 873 0.271967858 0.752281070 -0.887184978 -0.641142786
 874 -0.857142866 1.24241555 -9.74065959E-02 -1.18117619
 875 -0.211100549 -0.476544529 2.07776880 -1.94612169
 876 0.210532188 -0.309926450 -1.49500239 1.07244456
 877 -0.795355916 -0.128635168 -0.560933173 1.10125458
 878 -0.162792131 -0.676568866 0.723652601 -1.31552744
 879 -1.26340115 0.996362925 -0.402776748 0.917934060
 880 0.490179181 -1.46627378 -5.38813211E-02 -9.07811150E-02
 881 -0.386803120 0.214270577 0.126390874 -1.12450123
 882 -0.256811261 -0.614182830 0.729738891 0.753668427
 883 1.20099390 -1.20190775 -0.426315188 -0.154343233
 884 0.903736830 -1.55688655 -0.727603018 1.29997277
 885 -0.920286238 0.955459654 1.78949237 0.766271949
 886 0.429713607 -2.44469404 -0.900281787 1.28709018
 887 -0.326708704 0.504382253 -0.399284661 -0.645821691
 888 -1.35404062 1.34438574 -0.744078934 -0.601423740
 889 -0.384019077 -0.630927980 -1.45083606 1.52189517
 890 0.718646586 -1.35864925 0.751229405 -1.15531087
 891 -0.692520559 0.860089898 -5.01385331E-03 0.715873241
 892 1.70257592 -2.26868820 1.09834504 0.651239038
 893 0.686121643 -0.933649480 -0.906526327 1.03787208
 894 -0.503800631 -0.115870386 -0.440856129 0.379051775
 895 0.619632006 1.34422159 -0.179157808 0.793274403
 896 -1.53775680 2.08353305 0.643388510 -2.32556677
 897 2.32553935 -9.81977284E-02 -0.757821202 0.737969875
 898 0.526495636 1.07659340 -0.546206355 -0.683727145
 899 -0.897041440 0.344566822 -6.19908869E-02 0.151910663
 900 0.136551589 6.87609315E-02 1.65694642 0.816436589
 901 -0.696934938 0.732973397 -0.265965819 0.471883535
 902 -0.320536822 -0.101569176 -1.73712122 0.826408863
 903 0.884354770 -0.878557563 -0.148849577 -1.33654499
 904 -0.822712481 -0.331129074 1.04785299 0.472374201
 905 -0.564134240 -0.938746810 -2.23971367 1.71536052
 906 0.775838912 4.93604690E-03 -1.10879850 0.179601341
 907 -1.39170754 -0.826995969 0.171749622 0.525116980
 908 -0.223779917 -9.57246423E-02 -0.609146535 -0.164082617
 909 -1.20602679 4.59196419E-02 0.401875168 0.113811135
 910 0.111954436 1.22141147 0.760229290 -0.649264097
 911 0.616406262 -7.04541057E-02 0.679615557 0.245355904
 912 0.606363535 -1.47911012 -2.60009803E-02 -0.671426892
 913 0.990646601 4.16981280E-02 0.522435367 0.548743308
 914 0.247906372 8.62194002E-02 -1.54291368 0.717088819
 915 7.07270727E-02 -0.622312903 1.35522497 -0.687687397
 916 -0.663401127 0.500462830 0.479655594 0.398853421
 917 0.502061069 -1.75858986 -0.995213151 0.959315181
 918 -8.94416869E-03 8.13250989E-02 -0.454102814 2.18017268
 919 -0.300737381 -2.98326015 1.34193623 -0.213014990
 920 1.02384973 0.393265128 -2.33310342 -1.35648406
 921 7.76484162E-02 -0.268479049 -0.709872425 0.130448282
 922 -0.597730756 -0.339699954 -0.868766487 -0.374219298
 923 -0.334358335 9.53099728E-02 -0.101778418 -0.490981579
 924 0.724719346 0.116965339 -0.320162237 -0.957634270
 925 -0.162557617 0.700511217 0.413772464 -0.657963514
 926 1.44054949 -0.719050765 -0.353037357 0.654282153
 927 -1.03715408 -0.138832659 -0.194379777 1.07025623
 928 -0.706742048 -0.884478450 -0.693349004 -0.739478469
 929 0.224026307 -1.94500339 -9.56826210E-02 -0.582694411
 930 0.404129326 1.70054054 0.813436866 -0.268401295
 931 -4.73933816E-02 0.474341422 -0.668254793 1.79049754
 932 5.14358953E-02 -1.14228201 0.878117800 -0.999355137
 933 -0.869133949 0.751076877 -8.95902216E-02 -0.646443963
 934 0.422800511 1.15205169 0.836452723 -1.38063061
 935 -0.606017947 0.119231723 0.239320174 -0.111247733
 936 -1.29075837 0.558456004 1.06717634 0.157988459
 937 -2.90829515 -0.803360283 -1.33083093 0.123850435
 938 -8.05193111E-02 -0.606507301 0.992190242 0.361775339
 939 -0.284473419 0.305919081 2.27589393 0.153514206
 940 -0.534960985 0.667454720 -1.13117540 1.17846656
 941 0.691352725 1.43531811 0.569381714 0.596891880
 942 1.20297229 1.00462306 -0.936905563 1.11510205
 943 0.157867491 0.662349641 0.882673025 1.36012483
 944 -0.301980436 0.151459455 -0.411386222 0.681706250
 945 -0.311595917 1.83189774 -0.204832748 0.831432939
 946 1.34110737 -0.735600948 -1.92303419 0.466375172
 947 -0.953383684 -0.484083414 -0.305197537 -0.430243403
 948 0.411012203 -0.242316604 -1.57094824 1.71520650
 949 2.00250298E-02 -0.326772124 1.42865694 -0.127149031
 950 -1.70380211 2.05148625 2.34166884 0.579792976
 951 -1.05287445 0.641240358 -0.511269450 -1.28599179
 952 -0.203949660 -1.50860751 1.52808487 -0.591937065
 953 -0.108188778 0.302727342 -0.425631493 1.18834400
 954 0.153525010 -0.711783946 -1.31494653 -1.20040488
 955 -1.26075745 -1.19065416 -0.309835345 -1.74667954
 956 -1.91312587 1.04392719 -0.754012644 0.355666846
 957 -0.695197999 1.10060298 -0.420367718 1.07564950
 958 -0.535428047 0.135367244 -1.60640121 1.14137483
 959 -0.992860675 0.291710824 0.469835699 0.803068399
 960 -0.713332951 -0.485789061 -0.208092019 -0.779826164
 961 0.420423478 -0.363429338 -0.117048353 -1.46708524
 962 -0.412590951 -5.81987277E-02 -1.37720013 -2.22460866
 963 -1.57694435 -0.281603068 1.21644819 -1.22419143
 964 -0.762699842 -1.14244425 -1.83923793 -1.40998507
 965 -0.143744573 9.54594314E-02 2.12458158 0.743520141
 966 -0.115449339 0.654008806 -0.810575485 1.24943805
 967 0.435495138 0.462145865 -0.400895834 -0.671131015
 968 -1.91013193 4.73161638E-02 -0.330300421 -0.517601132
 969 -1.60234904 -0.490331829 0.168102264 0.265749007
 970 -0.675905585 0.288954824 -0.106396675 0.572646379
 971 -1.83370543 -1.03551483 0.340956450 -0.417984962
 972 -3.22599113E-02 0.224477068 -0.331861228 -0.668227911
 973 1.06937349 4.32067737E-02 1.54671311 0.235812411
 974 -1.55328763 -0.931758761 0.585205913 -1.58252430
 975 0.197481453 -0.265026897 -2.25205326 1.56283319
 976 -0.254658014 0.772249699 -0.678713858 6.94741160E-02
 977 8.19649100E-02 0.738664150 0.402124852 -7.50731751E-02
 978 -0.326404184 0.229432806 -2.17485428E-03 0.849143386
 979 1.04641676 1.34536862 -0.259025097 -3.82934362E-02
 980 -8.85021538E-02 0.426565319 -0.728650153 -9.23374593E-02
 981 -1.23099518 -1.00550449 6.11289628E-02 1.09851336
 982 1.13997293 -0.565349698 -0.639731586 0.393506438
 983 0.314400166 -0.434690058 -2.20856595 -0.570211291
 984 -0.523669958 0.519867539 1.32803333 1.47622526
 985 -1.68651652 0.241451785 1.20070338 1.41619372
 986 -0.564957500 -0.630079448 -0.827234387 0.357560158
 987 0.147323996 0.542895734 -0.748756170 2.74165869E-02
 988 -0.946327329 0.468971729 0.882899165 0.116511226
 989 0.448456585 0.868522584 0.201766610 1.42903602
 990 9.17168483E-02 -6.02302700E-02 0.554053843 -2.02214551
 991 -1.66354513 -2.69470286 0.564093947 -0.154128343
 992 -1.97471321 0.201495290 -1.27468348 -0.966934323
 993 -0.180488735 -0.834459841 -0.949723780 1.34263813
 994 -1.00075006 0.619321287 -8.46498832E-03 -3.31791714E-02
 995 -0.476424217 1.93705225 0.276032031 1.23371124
 996 -0.419041783 2.23688185E-02 -1.82590222 2.94877887E-02
 997 -0.751182079 2.27061248 -1.69787431 1.60745120
 998 -0.593546152 0.919701159 -0.541608334 0.474018514
 999 -0.834133565 -0.888718367 -1.71361876 0.916842937
 1000 -0.380513042 4.75854333E-03 -1.04220009 0.310480177
 1001 0.585241377 -1.08073795 -0.195142195 -0.395957232
 1002 -1.09340620 1.66738474 1.00297379 -0.899888277
 1003 -1.23021722 -0.891415060 7.14593679E-02 -0.599134088
 1004 -0.483988762 -1.14196551 -0.749094844 -7.65983090E-02
 1005 6.39658570E-02 -0.723244071 -0.135789543 0.252203405
 1006 0.691586316 0.532963276 -1.15590751 -0.738338232
 1007 0.188017309 -0.813249469 -0.709782362 -0.416929811
 1008 -0.101562738 0.892119884 0.601485372 0.645672917
 1009 -1.95155501 -1.04663002 0.590835214 -0.512089252
 1010 -0.351245046 0.668888748 1.83269989 -1.95692039
 1011 -1.27470386 -0.796870470 0.926928222 -1.85707283
 1012 -0.303089529 0.265682638 -0.670472980 0.917682290
 1013 1.66880655 -0.521637857 -1.66836691 1.08140004
 1014 -0.396184742 1.66329086 -0.272732019 4.48441505E-03
 1015 -0.203423485 -0.305425495 1.40009928 0.723050177
 1016 0.596848071 -0.562572122 0.234450847 0.369347632
 1017 0.516908646 -5.02655134E-02 0.810500860 1.25657034
 1018 1.66310453 -1.82895994 -0.165699601 -7.28719532E-02
 1019 -4.16356027E-02 -0.963558793 1.79312730 0.677082121
 1020 -0.890441418 1.02334690 -1.00006080 0.705115259
 1021 -0.969652295 0.504108667 1.09513736 -8.63309503E-02
 1022 -0.256109774 -0.833208501 -0.977913976 -0.474654615
 1023 -0.449660748 1.81631185E-02 -0.624428451 0.487792403
 1024 -1.93754435E-02 -2.17389250 -1.52407074 0.339322656
 1025 -1.37516987 0.722207963 0.700511456 9.23722237E-02
 1026 -0.412900895 1.71542084 1.19934440 -0.612234950
 1027 -0.720062852 -1.49599183 -0.839189351 1.00396240
 1028 -4.41972017E-02 -0.703807712 -7.16334581E-02 -0.861141324
 1029 0.222007230 3.51000726E-02 1.05068648 0.213604391
 1030 0.557335377 -0.806897879 -1.98713124 0.949459136
 1031 -6.54463097E-02 -0.392021924 1.10282850 -8.84146243E-03
 1032 0.651758075 -0.671181679 -0.587461591 0.487793446
 1033 7.31661320E-02 -0.488080740 -2.00295591 0.223987728
 1034 0.966000915 0.414156795 0.373686910 -0.655271769
 1035 -0.764694571 0.577017128 2.02619886 -2.42143989
 1036 1.62234759 0.312149316 -0.263314128 0.949889898
 1037 0.355908573 1.07839930 1.56084478 0.271869332
 1038 1.92520118 0.136910781 0.179733366 -1.21817493
 1039 0.236981988 -0.766457617 2.34024525 -9.74956974E-02
 1040 1.22121334 0.162204266 -0.459409952 0.657875538
 1041 0.777966142 1.40931320 1.89640844 0.593963027
 1042 0.378781080 2.26644874E-02 0.558573127 -1.42182565
 1043 7.15379640E-02 -0.416732609 0.357936472 1.34205019
 1044 0.979802072 2.13070321 0.513607323 0.723290920
 1045 0.396861941 1.07926655 1.28700411 -1.24287760
 1046 1.62662351 1.24975872 -1.13618219 0.258238167
 1047 1.35574710 1.37532675 -3.20342183E-02 -0.613238156
 1048 1.08364308 1.29444623 1.66415322 1.14239967
 1049 2.25005603 0.862964153 -0.677385390 0.599344313
 1050 -1.13632607 1.07316661 2.10015750 -0.793657541
 1051 0.761509597 1.41638088 1.19856310 1.21468472
 1052 1.07360339 0.932632565 1.01445389 -0.584769249
 1053 1.94414949 1.74470961 1.69681609 0.721061945
 1054 0.582379341 1.36713922 -0.760757864 -1.01347351
 1055 1.19396687 2.12479830 1.66471973E-02 1.36208951
 1056 0.279672116 1.72460783 0.894981623 1.93000758
 1057 0.581226170 2.32421899 1.88131344 1.25790036
 1058 2.35098529 0.276750028 1.15258884 0.334492683
 1059 1.45392001 -0.777918458 0.563546240 0.653331399
 1060 0.324570954 1.60984540 0.500753880 4.83076572E-02
 1061 0.963029623 2.90520191 -2.77453214E-02 0.485873193
 1062 -1.23113585 1.37707269 2.08114934 -0.743661463
 1063 0.721113920 0.583861113 -0.465107799 0.629172683
 1064 0.233543068 2.54489064 1.62495899 1.10159123
 1065 0.555876613 1.58530557 -2.01534182E-02 -0.841118336
 1066 1.18463838 2.08466434 1.91250539 -1.13938081
 1067 1.40370369 0.191379130 1.39071703 -1.18057621
 1068 -0.211334452 0.664173067 1.69928730 -0.934031546
 1069 2.05047154 1.21607327 0.641266704 -0.517450690
 1070 1.35876226 1.76612532 1.89739895 0.811447024
 1071 2.03665113 0.672378719 -0.604325891 0.285820395
 1072 0.407615840 0.958494604 1.20066524 0.917383790
 1073 1.08590293 -0.422646612 0.928275347 -1.30756855
 1074 -0.341097414 1.15520334 1.55852652 -0.662703395
 1075 2.41939807 0.723994434 1.30508971 1.49786544
 1076 1.43715799 1.06850958 -0.318916112 0.994121790
 1077 2.04052567 0.586201251 1.19392979 1.36707687
 1078 0.812417090 -0.782551050 1.49590456 1.57715452
 1079 -0.303717524 -0.444538951 -0.139447659 0.592614949
 1080 0.851906717 2.53182101 6.01214096E-02 -0.383420169
 1081 1.42135334 -0.346771717 -0.199076056 -0.238192379
 1082 2.60943866 1.01368392 0.956857860 1.18922281
 1083 1.50644433 1.36734760 0.872871220 -1.61832404
 1084 1.63235676 0.710104823 2.96122122 -1.21512401
 1085 0.397776872 0.478522956 0.556992054 1.06733847
 1086 1.72933412 1.41070545 -0.199708983 -0.248690844
 1087 1.27013779 0.980318666 0.246364251 -0.346799403
 1088 1.08091211 1.27160299 0.227082193 -1.14259648
 1089 -1.29866385 -0.237395078 1.66958928 0.113442391
 1090 1.75160396 -0.326531470 1.86258197 0.769334793
 1091 2.03728938 0.490513325 -0.210522726 -0.585207820
 1092 2.68512869 0.478090167 0.658029079 1.83209038
 1093 0.988719344 -0.444959790 -9.09972340E-02 0.291134059
 1094 1.38839829 -1.46827936 0.870819688 -0.354539633
 1095 0.848759711 -1.03440857 0.936333060 -0.112797089
 1096 -0.303521395 -1.31669736 -0.360655069 -2.62900949
 1097 2.18288946 0.826266527 2.35322332 -8.97774473E-02
 1098 3.20749354 0.426101685 1.06575465 -0.224755019
 1099 1.58711290 0.887578249 -1.23724091 0.861025572
 1100 1.25998211 -0.600703657 1.00403535 -0.341003776
 1101 2.43925071 0.177145734 -0.538322151 0.202643514
 1102 0.318827301 0.670823693 0.237872243 -0.325719863
 1103 0.530147314 1.43240857 1.39350629 -1.22049427
 1104 2.00634813 -0.424582064 -0.600544930 0.472071111
 1105 1.01239145 1.20653689 1.68096280 -1.06502366
 1106 1.27741432 0.482759446 1.60767913 0.326968700
 1107 0.451132834 -0.850944579 1.29197311 -0.943597794
 1108 1.33723485 -0.396668732 0.441559672 -6.31049648E-02
 1109 1.25246978 1.34000927E-02 0.836948633 -0.983619213
 1110 1.34348297 -0.831516325 2.20435596 0.675348699
 1111 2.32747674 -1.84208441 -1.68493986E-02 -0.663178563
 1112 0.914041340 0.590185046 2.59972429 -0.345761955
 1113 1.45303011 0.649526119 0.865391493 -1.78909349
 1114 2.08287287 0.668001592 1.38274050 0.519865513
 1115 0.720785677 0.338113219 2.16738558 -0.678506851
 1116 0.673544884 -6.39131218E-02 -0.547074854 -0.723074317
 1117 1.87415600 1.10617232 -1.35691011 1.38022625
 1118 1.01445687 -0.776333690 0.675231516 -0.759472489
 1119 -0.758568943 0.187578499 -0.105460376 -1.00039923
 1120 1.37452126 0.775737464 1.48823094 0.273717463
 1121 -0.696955264 0.251298875 0.369293779 -0.329707652
 1122 -0.336238712 -0.884100258 -0.269498259 0.799937010
 1123 0.302841872 -0.451396704 -0.286530852 -0.917480350
 1124 2.12062287 1.23591447 1.77403319 -1.01051378
 1125 1.61251700 0.909381092 -0.762050927 -0.306889892
 1126 1.36732471 -0.818571985 0.380974561 1.11084628
 1127 0.991208553 -2.02100945 1.37820637 -0.652513742
 1128 0.226545542 0.368587077 0.969161332 1.48603523
 1129 1.54200161 0.652857423 0.689143777 0.359947950
 1130 1.40804994 1.14609146 1.19842732 -1.12708676
 1131 7.75088221E-02 0.914790511 -0.730366528 -1.25137854
 1132 0.441589087 1.90675807 0.415342003 -0.926774085
 1133 0.324593455 1.96097136 -0.856519818 4.77344245E-02
 1134 1.62681460 1.28247869 0.101350814 -0.936231852
 1135 1.28600442 0.890256464 0.610073328 -0.458860099
 1136 0.847764611 0.806496620 0.889075160 6.29740357E-02
 1137 0.863359451 0.280750632 0.824793696 -2.43433166
 1138 1.72378874 -1.49843764 1.17440152 -1.04370499
 1139 2.67071438 -0.343121380 1.18306470 -9.04591680E-02
 1140 -0.701290309 0.532142401 1.59476268 -0.393971741
 1141 -0.490710855 -0.801728070 -0.586624265 0.626816213
 1142 1.41546047 -1.93026215E-02 0.625841320 -0.209390044
 1143 1.10296607 -5.28188050E-02 1.60770142 -1.30722702
 1144 1.34231508 1.36724448 0.154744267 -0.126112565
 1145 1.78043246 -1.07051373 0.893039942 0.606811404
 1146 0.296037734 -0.238745213 -9.05172229E-02 0.408441544
 1147 2.37784052 1.23286927 3.51100564E-02 -9.60381329E-03
 1148 0.420088321 1.53771400 1.14954853 0.173846304
 1149 0.849936306 1.20607185 1.28823364 0.136849880
 1150 1.69642699 -0.609292090 0.731656432 -0.843940198
 1151 1.12875557 0.365887046 0.534525454 0.107527301
 1152 1.87688184 1.92880976 1.43884027 -0.374620259
 1153 1.35114610 -2.50507221E-02 0.654399633 -1.76549745
 1154 0.424288213 0.220044404 1.39711165 0.181444198
 1155 -0.551005483 -0.302957058 -0.538924456 -9.34176445E-02
 1156 0.632058859 0.988346756 0.316434801 -0.111771643
 1157 1.40379441 0.768747211 0.536019087 -0.426066756
 1158 1.73329651 1.41650188 -0.200393796 0.448333114
 1159 1.60458100 0.536100984 -1.18811548 -2.02431679
 1160 -1.70461982E-02 5.93718290E-02 0.844520450 0.584634602
 1161 -0.254232287 -1.23327899 0.809357643 0.560986280
 1162 2.43146324 1.12052798 0.193308428 -1.00129163
 1163 6.71291500E-02 -0.273135871 1.33133698 0.378298253
 1164 1.54040861 1.91570580 2.46436968E-02 8.58441293E-02
 1165 1.61997509 0.281613737 1.08798933 0.980098128
 1166 1.33321285 0.648081243 -0.700276554 4.91784513E-02
 1167 1.12831748 0.998787463 0.895238698 1.49411428
 1168 1.43842971 0.208627030 1.83374023 9.94826555E-02
 1169 0.858413517 -0.721540987 0.985273182 0.833859563
 1170 2.59332013 0.890891850 0.321985960 1.03794932
 1171 0.618818462 0.827282190 0.100608230 -0.651766956
 1172 0.595336258 1.64686036 -2.30733752E-02 0.825044513
 1173 1.65114748 1.19409966 0.987464011 0.331709474
 1174 2.86892605 0.360296965 0.695968330 1.52513599
 1175 0.920528889 -1.30862820 0.947049201 -1.55929363
 1176 3.51457000E-02 0.405821145 -0.467464924 -1.67138922
 1177 1.30330229 -1.67382491 0.683636963 4.84118462E-02
 1178 0.337080091 0.426182985 0.762667477 1.05059206
 1179 0.460495949 0.900144935 0.633344829 1.49763095
 1180 0.566070914 -0.988501728 1.77887225 -0.376374900
 1181 -8.33113790E-02 0.755777240 2.22273397 -0.433844000
 1182 0.617803693 2.75492072E-02 0.234732270 -0.476609945
 1183 0.799655557 -0.663257241 1.81350195 -0.149922132
 1184 0.330836028 1.98685598 1.04445255 0.326290458
 1185 -1.06223774 -0.110108383 2.37050128 -0.672701359
 1186 1.65017521 0.656898916 2.93696070 -0.180702269
 1187 0.499557495 1.04293823 1.22065437 -0.136746302
 1188 0.744265616 0.101341054 -0.229148090 0.901099980
 1189 0.985159874 -1.48303008 3.15051675 0.532193661
 1190 1.07836819 3.22651602E-02 1.96463811 -3.70742343E-02
 1191 -0.507461309 -0.339043617 0.933809459 8.75710547E-02
 1192 0.482998282 -0.342334569 1.76448905 0.769720912
 1193 -0.800083756 -0.450153589 -0.161156267 -0.116035327
 1194 1.16328144 0.562681913 2.36673141 3.63002643E-02
 1195 -0.825126410 0.471201301 0.481449991 -0.162651703
 1196 2.12371302 1.92211759 1.29856503 3.97390723E-02
 1197 0.863342166 1.14824295 1.28338361 -0.879900277
 1198 2.57869029 0.662074804 0.458600283 -1.17918348
 1199 2.08010054 -0.181372106 0.584073782 0.270544350
 1200 -5.85893095E-02 0.205964774 1.71357405 -1.25807559
 1201 -0.143865764 0.950506926 -1.55741012 -0.713489413
 1202 1.32109118 1.28730631 0.470661849 -0.306394696
 1203 -0.344189137 0.910813868 2.16871166 1.46486259
 1204 1.51650679 9.58836153E-02 -0.356134146 0.722674012
 1205 1.19434845 1.53205001 2.28574967 -1.07161832
 1206 -1.97533953 1.85031557 0.230316997 -2.78601274E-02
 1207 1.12411559 2.06112981 0.865547478 -0.118120208
 1208 2.34524369 1.70745552 1.01001954 0.329771996
 1209 0.347050488 0.966276228 1.75468409 -1.08677888
 1210 1.66537070 -1.41805100 0.812507272 -0.363667369
 1211 2.34310865 -0.893683791 -1.07483339 0.891236186
 1212 0.396845639 -0.531262636 1.31490827 0.636012077
 1213 1.97364855 0.532784104 0.873667240 -2.03831434
 1214 2.45458078 -8.95337909E-02 -0.313435137 -0.840699673
 1215 -1.68742108 -1.55054820 0.512935460 1.10853708
 1216 0.515400052 1.37339735 2.15515566 -1.37335813
 1217 1.07453299 -0.648272038 1.79654992 -0.450034082
 1218 0.286092877 -0.651073337 0.123081952 0.661548257
 1219 0.804924965 1.26834512 -0.907426119 -0.388992757
 1220 0.697978139 2.26378322 -0.126366466 -0.985236645
 1221 1.12538564 -1.43246055 -0.177300304 3.61866951E-02
 1222 0.858822584 -0.593621135 -1.25215650 1.17583323
 1223 0.976190865 0.119053468 -0.790526569 0.979451776
 1224 5.50618917E-02 -2.01265407 -0.611721635 1.16401780
 1225 2.22917557 -0.168250963 -0.817540050 -0.292292595
 1226 1.92913270 -0.754227221 0.416064560 -0.646543980
 1227 1.74172580 -0.159782618 0.507166386 0.695020497
 1228 0.958276808 -1.98279023E-02 1.30544341 0.755866170
 1229 0.409448951 0.114981040 -1.22824574 0.794955492
 1230 0.867170453 -0.695320845 0.797809482 0.811420321
 1231 -0.645109355 0.488110244 0.439882010 8.01098943E-02
 1232 0.437095255 1.55576468 2.38597989 0.398962945
 1233 -0.282585889 -1.66112781 0.277056724 -0.109845802
 1234 -0.109353334 2.08768940 0.444856197 -0.145919278
 1235 1.35158741 0.495932043 0.404956281 -1.38439441
 1236 0.655657947 1.31237662 -1.61055076 -4.16732095E-02
 1237 1.31456482 -0.403260291 1.98013973 -4.79027666E-02
 1238 1.10255194 1.46497023 1.53769314 0.498510092
 1239 0.922556043 -0.530298948 3.06619763 -1.78184882E-02
 1240 0.671621084 0.389777303 0.161848709 -0.422027141
 1241 1.95170724 0.125102311 3.10590267E-02 -0.227578640
 1242 0.458357990 1.56346309 -0.763733506 0.142648131
 1243 2.75767851 0.852994144 6.61268681E-02 -0.352760702
 1244 1.42167199 -0.810648739 1.29450369 0.760138035
 1245 0.601754129 1.37081623 1.99047589 5.88637590E-02
 1246 0.746268392 0.421378374 0.267468482 1.88143253E-02
 1247 0.659259081 0.549931288 0.143216550 1.00166214
 1248 0.961892128 -1.56577206 -0.280444294 -0.371551424
 1249 0.203607202 -0.772264004 -0.158544198 -0.180613831
 1250 1.30075192 1.02330530 -0.293776214 -6.51378632E-02
 1251 1.72750103 1.39544702 -0.358332574 -1.68713820
 1252 1.36654949 1.02512217 0.697834313 1.30078048E-02
 1253 -0.660156488 0.107285477 -1.38998389 1.10569513
 1254 1.13021195 1.12424970 0.762145936 0.323371708
 1255 0.846114218 9.26818848E-02 -1.28646219 1.07354736
 1256 1.74293065 1.44824946 -0.744253576 -3.20457697
 1257 2.05272675 -0.122663446 0.829481483 -0.325065076
 1258 0.678955972 5.04662916E-02 0.384698063 -0.363650441
 1259 1.22318614 0.714303017 -1.15249550 -7.72161037E-02
 1260 1.28803158 -1.42183328 2.51217318 -0.218439385
 1261 0.319068521 -1.03460014 0.493149579 -0.110571429
 1262 0.840564489 0.875697196 1.23140490 -2.09019375
 1263 0.172140583 -1.72766638 1.25722313 0.462989599
 1264 1.34821939 -0.606599748 1.81085300 -0.144659445
 1265 0.827565610 -1.96355259 0.348974258 0.211784393
 1266 2.18303823 -0.832641602 0.876240075 -0.265717924
 1267 -8.29387754E-02 -1.23480058 0.316760808 0.553423285
 1268 2.28621674 -0.931857884 0.375119597 0.756913364
 1269 1.03583395 0.157867998 1.02603114 3.78823131E-02
 1270 1.45829880 -0.231457770 -1.77790022 2.08677053E-02
 1271 0.217368424 0.201717436 -0.170085818 -0.154351890
 1272 -3.00888717E-02 2.07071495 0.495894015 0.344221175
 1273 1.42026532 1.57438755 0.346690297 0.403461307
 1274 0.750001907 -0.264183491 1.16216803 0.193991721
 1275 1.74575639 0.495767087 1.45150542 -1.11146569
 1276 0.451740086 1.07996809 1.07541847 -8.34238231E-02
 1277 1.29907560 0.503558517 0.750769079 -0.504603028
 1278 1.15331519 0.517553091 1.73652995 -1.75951159
 1279 0.728270471 0.738605022 1.33651507 -8.07709545E-02
 1280 -0.119770959 0.746643662 1.46719706 -0.454758853
 1281 0.896547139 1.37087893 1.49765754 0.126272306
 1282 1.28576624 -0.551219463 0.137209997 1.06969178E-02
 1283 0.601420224 0.398505479 0.744100809 -0.237926245
 1284 2.32110929 -0.523473799 2.04675961E-02 0.622128844
 1285 1.24240410 -0.109990552 0.305536449 -0.910480499
