 1 0.456087857 -0.729310870 -0.610492289 -0.213748306
 2 0.896920204 0.566627920 -0.738407671 -0.471810877
 3 1.25575268 4.46879864E-03 1.99107134 -1.11058688
 4 0.172440276 -0.369995832 1.46050501 0.507185459
 5 -0.803847730 0.998150468 -2.76538706 -0.199691474
 6 0.794135392 -0.658671796 1.03302503 1.32759464
 7 0.668153167 -0.938108385 0.919508040 -7.31784701E-02
 8 -1.02169847 -1.25679314 1.11324883 0.251377672
 9 -0.340480477 -0.571952105 0.842045605 -0.686400890
 10 -0.305479050 0.707713485 1.43189883 0.460262656
 11 1.04268801 -0.278844118 -0.727912307 -1.29965353
 12 -0.325369298 -1.57265031 0.926816344 -0.854458511
 13 0.734740198 1.69350171 0.672846437 -1.11431944
 14 1.38226807 1.09663320 -0.644476533 0.314799815
 15 1.11245680 -2.18759727 -0.277003586 1.30751014
 16 1.59491026 0.340659112 -0.390782237 0.766932964
 17 1.04793429 -0.892586589 -0.946426868 1.00705302
 18 -1.37008667 -0.471256703 0.965758324 -0.286752999
 19 -8.82368311E-02 1.47967970 1.47765732 -0.968247890
 20 5.91019727E-02 1.28510427 1.65183878 -1.34566247
 21 0.744351864 -9.54893231E-02 1.87024736 -0.821793377
 22 -9.68681052E-02 3.69303375E-02 -0.109632790 2.01894045
 23 -0.596964002 0.803153574 0.231226236 0.908162117
 24 -0.756793022 2.16048670 -0.253283203 -1.62560761
 25 1.47011077 0.677962065 -6.87589347E-02 1.70520568
 26 0.108123645 1.01488745 -0.815595627 2.64482722E-02
 27 4.36862148E-02 -1.19768322 -0.504235864 1.36594522
 28 1.06684923 -1.35612476 -1.15921640 0.185455620
 29 -0.764446557 -2.25976408E-02 1.67405128 -1.09587526
 30 0.587024093 -6.42293841E-02 0.957060993 0.266258746
 31 -1.45691562 -0.829718053 -0.394212425 -0.647966683
 32 -1.52667403 -1.17145371 -0.333891749 -0.859233379
 33 -0.244340718 -0.792155266 -0.253323495 -0.845767915
 34 0.435791910 -0.255474746 -1.91870344 2.26264596E-02
 35 1.23667133 0.333907366 1.22456741 -1.38063347
 36 -0.217296511 -0.611333966 -8.17561522E-02 -0.831589818
 37 0.761560917 -0.434636772 -2.53597386E-02 -1.34546626
 38 0.457287997 1.04116738 -2.30584216 0.983768821
 39 0.196831107 0.954951763 0.782814145 -0.223678946
 40 -0.963643312 0.471113652 2.16033506 9.92631018E-02
 41 0.821596503 -0.330621988 -0.806218624 -0.201533645
 42 0.798338830 1.38106775 -0.137040243 0.700932920
 43 1.02627242 -1.48827434 9.09100473E-02 1.67124048E-02
 44 2.00410986 0.287989140 -0.370650470 0.430242330
 45 -2.07269979 -0.554202318 -1.24586630 0.649881482
 46 -1.00526214E-03 -0.165088475 -0.749121547 -0.907928169
 47 -1.26644957 4.17231172E-02 -1.68151569 -0.328134209
 48 -0.565115809 -1.09672189 -0.201623797 -0.246730328
 49 0.921004355 0.134468049 0.291853845 -1.47357059
 50 -0.757030487 -5.35213351E-02 0.908430755 1.01441050
 51 1.83573496 -1.29592645 -0.920233011 -1.49523461
 52 0.268963724 -0.664675891 1.33051920 0.477345586
 53 -2.03135061 1.37901247 0.699647069 -0.980150342
 54 -0.644806206 -2.18607831 1.46724057 -1.83080089
 55 -0.769154549 0.674601376 2.42446423 0.749443114
 56 0.919185698 -1.36011589 1.09579873 0.131429791
 57 0.224251792 1.54270160 0.326009154 1.57263470
 58 -0.773080468 -0.383481592 -1.27429080 -1.53638673
 59 -0.465224147 -0.295083702 1.66473818 -0.383653730
 60 -0.601719916 -1.12224340 0.908402324 8.16886798E-02
 61 -1.05228031 -0.339086652 -2.70100331 0.350035399
 62 -0.705327809 -1.16757512 1.87915146 -1.08509088
 63 -1.11261034 -0.283845156 0.207017869 -1.55931914
 64 1.07937729 1.94807088 5.52146584E-02 1.32575524
 65 0.131752342 -1.05875182 -3.62395644E-02 -0.216065586
 66 0.219986975 -1.54455173 -0.130942240 4.96037379E-02
 67 -0.238949627 1.42165911 -0.866484404 1.31705940
 68 -1.07277369 -0.718255162 -0.747578800 -1.01330614
 69 -0.586724281 -1.34223223 0.701600313 -1.60209572
 70 3.06325257E-02 0.775917470 -0.771872997 0.341244549
 71 -1.26124084 -0.224492371 -1.12191713 -1.31094337
 72 1.12879956 -1.45398533 -0.377318501 -1.29045951
 73 1.60760152 -1.64791250 -0.962879777 0.677238286
 74 -0.411591351 -0.529361367 0.730104208 -1.03040266
 75 -1.40789104 1.63231921 -1.33580947 0.380138695
 76 0.583154202 6.15758002E-02 1.51758766 0.476443529
 77 0.176523432 0.306621999 0.659993827 6.33423030E-02
 78 0.242863923 1.27664578 0.131798029 0.591717541
 79 -0.483900160 0.785540283 0.416085213 0.276796132
 80 0.487861097 0.553561151 -0.243569195 -0.981794655
 81 1.05770481 -0.107290767 0.332024038 -3.21532860E-02
 82 -7.49869645E-03 -1.25104582 1.53897047 -0.935583711
 83 -2.04131174 -1.32421732 -4.78028134E-02 1.47877002
 84 1.31518817 -0.438960344 1.59162712 -1.46387839
 85 -1.24442315 -1.26471150 -0.827005744 -0.141024709
 86 1.12810588 -0.817380011 -0.773177862 0.295969963
 87 -0.777001500 1.56028748 -0.438893050 0.123143360
 88 -0.542603910 1.02896464 0.322972864 0.360098153
 89 1.78534126 -1.41613328 -4.76377904E-02 -4.70202975E-02
 90 -0.124596089 1.35462952 -1.03311229 0.127846032
 91 1.24559784 0.136106968 -0.882123113 0.345152825
 92 -0.223912776 1.00794721 0.346429825 0.199387327
 93 1.29277205 -0.463300973 -1.32150710 -1.39616251
 94 -1.81406844 0.530807257 -0.204087704 -0.116993725
 95 -1.48191321 -1.27063298 -0.884836197 1.53449059
 96 -1.31601512 -7.53117502E-02 1.48391926 -0.319597214
 97 0.106034294 1.97931755 1.23224354 -0.488603413
 98 0.852088511 2.88122225 0.942640841 0.953962624
 99 0.672964811 0.765466094 0.644612551 0.623006463
 100 -2.69722044E-02 1.67417860 1.15399373 -1.32697046
 101 0.808766007 -0.764474392 0.430379897 -6.90657124E-02
 102 -1.24079537 0.480242103 1.21389318 6.72596693E-02
 103 -1.24832308 0.966564119 -0.644544482 1.15872979
 104 0.257061034 0.380351007 -0.724200249 1.22100818
 105 0.546310008 0.564983845 0.301455021 -3.58490124E-02
 106 0.832589328 0.953767121 -1.60174286 1.09998620
 107 0.312249362 0.855979443 0.944527686 2.04835725
 108 1.37521255 0.427714527 -0.405367702 -1.10677981
 109 -0.113698296 -1.54426098E-02 0.506480932 0.335236371
 110 1.02139080 -0.305091292 -0.194272310 -1.40501785
 111 1.28085196 0.707329750 0.300305486 0.612919152
 112 0.352214009 -0.224102974 -0.631659985 -1.65296054
 113 1.18573606 0.666101575 1.32017350 0.751437068
 114 0.285388172 1.60503757 -5.06187677E-02 1.67674041
 115 0.268256843 0.908907950 -0.447521836 -0.610580862
 116 0.206955642 0.296766520 4.91887927E-02 1.11650586
 117 0.572363496 -0.760179758 -1.53089845 -1.42745090
 118 0.309845746 0.829981923 0.410569549 1.55020905
 119 -1.48461246 0.129159257 0.897442222 -1.97793758
 120 6.97279945E-02 1.30366552 -0.256741643 1.77713573
 121 1.02427793 0.225047171 -0.674499035 0.856431246
 122 1.32548356 -0.892047882 -1.71194279 -0.285780013
 123 1.51365495 1.23124933 -1.35274935 1.39187682
 124 0.333000928 1.02262294 -0.106428631 1.73225069
 125 -0.667742252 1.03201854 -0.635062695 1.74134588
 126 1.18502784 -1.48895240 0.140040994 -3.41518521E-02
 127 -0.654940426 -1.10762739 5.61536737E-02 0.293499857
 128 0.411357701 1.63023770 -0.547805667 0.220217466
 129 1.51341939 0.589992881 -2.71197391 0.282632053
 130 2.12379956 0.260383070 1.32187510 0.961319864
 131 2.14452219 1.61602163 1.32077432 0.494205475
 132 0.755296707 0.838654876 -0.286053091 0.777808487
 133 -0.113031745 1.77880764 -1.65137756 -0.107570663
 134 1.14944220 1.21283782 0.727167249 0.638282418
 135 -0.970788538 -5.82928136E-02 -0.351232946 1.99232697E-02
 136 -1.01169360 -0.470944464 -0.561770797 1.36393976
 137 2.83545542 -0.805646241 0.387930781 0.348526537
 138 0.695225596 2.36085010 -0.845056474 -0.651747048
 139 0.507864475 -0.192291155 -0.270186305 0.148656815
 140 0.887195230 -1.64378941 -1.66846597 1.67355514
 141 -0.711030304 -0.271073878 0.508526444 1.70775747
 142 -0.568666637 0.524192333 -0.194885522 1.86013412
 143 0.621691465 -1.46633160 -1.59463370 -1.50348842
 144 0.740873456 0.895092249 -1.19537711 1.58463848
 145 -0.659287453 0.467171967 -0.745564163 -0.101297908
 146 -0.914928436 -0.281117976 -0.311483741 -0.228863031
 147 0.130310625 1.62025154 -0.233750552 0.685441554
 148 -1.15077782 0.530508280 1.00680745 -1.53754890
 149 -0.715937972 -0.310441703 0.696131349 2.16730785
 150 0.417369783 -0.608996212 -1.70092940 -1.12830412
 151 -1.65598989 -0.444917560 1.47719860 -1.17273486
 152 -2.96570277 -0.323196054 0.358731806 -0.397675008
 153 0.164475232 -0.275868654 1.21976352 -0.149366260
 154 0.190741599 1.81018424 0.695383430 -4.05842960E-02
 155 1.59725440 0.459978133 -0.363242030 0.255757570
 156 0.139658764 1.05947721 0.612238824 1.75265384
 157 0.407474518 -0.825034082 1.41017747 0.527235925
 158 -0.451105505 0.899959683 0.641990542 5.53710386E-04
 159 1.26192844 0.361470491 -0.440490216 -0.169539735
 160 0.327471554 1.12424207 1.06061614 1.85146689
 161 0.729278326 -1.53094435 -1.50227094 -0.828671992
 162 2.08887243 -1.14060414 -1.92235351 8.95641148E-02
 163 1.37125552E-02 0.270713687 0.329665899 0.981589675
 164 0.447680175 -0.413148522 1.11785233 1.24222445
 165 -0.406329572 -0.326901555 -0.961283922 -0.170455396
 166 -2.06025577 -0.480133325 -0.995628774 1.42694223
 167 -1.52922225 0.277074724 -0.142289221 -1.50821757
 168 -1.46036017 2.10150552 0.178432167 1.89495310E-02
 169 -0.659489214 -0.125255778 0.804717422 -1.49875903
 170 -0.679254591 -1.93330812 7.25840032E-02 1.25625861
 171 -1.93749869 -0.397345930 -0.937820911 1.25471044
 172 -1.48831308 -1.78800523E-02 0.300411433 1.08949065
 173 2.25469804 0.229424745 -0.136793420 1.44342482
 174 3.78074721E-02 -0.654003263 -2.79919356E-02 0.256383896
 175 0.357150018 -1.52845883 -2.62075949 0.639442623
 176 1.65493035 0.961173296 -0.112597272 1.07566917
 177 -0.281939596 -0.221121728 -0.334257901 4.99782637E-02
 178 -1.04864538 -1.11965799 6.79954067E-02 -1.20823097
 179 -0.539682806 -0.778383493 -0.746987700 -0.105697624
 180 -0.492758214 -1.78453326 1.39927113 -0.257310092
 181 -0.576839805 0.344568670 1.47590673 1.27242434
 182 0.590507269 -1.27549696 -0.846274316 0.792720258
 183 -1.18022752 0.946226299 1.08660924 0.501953721
 184 -0.120944351 -2.32019305 0.787536860 0.204362318
 185 0.173807338 -0.119367361 1.90643489 -0.202092320
 186 -0.252643853 -2.23965693 -0.808565974 -0.387686700
 187 -0.208848640 -1.89786065 1.21852803 -0.418755114
 188 -0.381521523 0.184368372 -2.23071694 0.590086699
 189 -0.209773004 -0.886831403 1.79595590 1.34101439
 190 -0.194265991 0.138651133 -1.32973123 0.189271718
 191 1.67356074 -0.864309311 -1.65492916 0.181614339
 192 -0.421482444 -1.12900209 0.960811555 -0.324382097
 193 -1.16646719 -0.177376866 1.09411955 -1.97928902E-02
 194 3.74031365E-02 -0.161866352 0.230365962 -1.19472969
 195 1.53547454 -0.493238032 -0.261783719 0.562279940
 196 -1.22354221 -0.782961309 -1.72595894 -1.22021270
 197 -2.19677305 -0.214953005 1.16425264 1.51602650
 198 -1.39281130 0.909422100 -0.634802103 1.23598790
 199 -0.599041820 -1.38062823 6.17194176E-02 -0.756838679
 200 0.884103775 0.701123953 -0.895873547 0.210485816
 201 1.12827420 -0.380128354 -3.17399427E-02 0.102245599
 202 -0.406308025 2.05682230 -1.50217974 5.00054955E-02
 203 0.173162982 1.63978350 0.766614974 0.280183673
 204 -0.239050254 -0.439784944 -0.156632811 0.905947745
 205 1.18896699 -0.147001982 -0.633068800 -0.696447670
 206 -0.254449427 -1.07674599 1.22576618 0.358863682
 207 1.30986750 -1.04723513 1.27017355 0.237376362
 208 -0.857438087 -1.68664515 2.87849951 -1.41587090
 209 0.351083130 0.970287800 2.67195249 1.77730072
 210 -0.385555297 0.235201225 0.750896096 -0.322307825
 211 -0.406424880 0.207921565 0.502221763 -0.924506664
 212 0.946201205 -0.136607513 -1.39572644 0.886577368
 213 -0.921847224 2.22860479 0.923987925 1.31362033
 214 1.11104536 1.85467117E-02 8.01240504E-02 -1.55706418
 215 3.00755978 0.533441603 0.393749595 -0.261484891
 216 0.517572045 -1.04672742 0.771809518 1.47795868
 217 0.924030721 2.12116694 -0.534553170 1.64962018
 218 0.645838022 1.08624804 8.68873596E-02 1.24709320
 219 0.321114540 0.465173304 -1.13208485 -1.75613022
 220 -0.633050561 1.56279278 0.269053847 0.359837741
 221 0.174116164 -0.897741020 1.19440174 -7.20323920E-02
 222 0.606663465 1.04428482 -0.403583527 -8.54100212E-02
 223 0.296292692 0.634049058 0.316357791 -1.27810585
 224 0.503250241 -1.05563080 -0.926680267 -0.133430958
 225 0.441875547 -0.573342800 0.664454162 -0.602582633
 226 -0.860847771 1.91352046 0.242267102 -1.51072216
 227 0.700415194 0.184414327 -0.205790892 1.18961346
 228 0.430984229 0.373030126 0.260316253 1.81750834
 229 1.47316897 -1.47416329 0.383738101 1.31307256
 230 0.445568353 -2.17393637 1.62371862 -1.40148211
 231 1.00448501 0.750833511 -1.39464879 0.158131897
 232 1.01624274 1.18013823 0.590041757 0.148097187
 233 -1.25866008 0.661317587 -0.432419956 -0.206830367
 234 -0.706804216 -0.860119760 0.354937851 -0.602361619
 235 5.17692640E-02 -0.853286386 1.15784192 -1.21194530
 236 0.159304380 0.343254596 0.493093073 -1.73953629
 237 -1.75316358 -1.16165864 -9.34688561E-03 -3.64878029E-02
 238 1.33540463 1.36453164 1.95741832 1.40423644
 239 1.78762400 -1.54851079E-02 -0.543026209 -0.191886112
 240 1.24036348 1.54892552 -1.13262165 -1.09010410
 241 -0.861174703 -0.961955965 -0.322143078 -0.224764094
 242 -0.705485642 1.77919519 0.563639283 1.59762549
 243 -0.635880232 -0.442673206 -1.04365456 0.117039621
 244 -0.509455502 -1.03413260 0.963313639 -3.44476402E-02
 245 -0.367812723 -1.12702405 -0.358903289 -0.229447410
 246 -0.428926528 -0.849191844 0.627719522 -1.55994296
 247 0.341191351 -1.24858880 -1.45734119 -0.748157978
 248 0.604300082 -1.37095487 0.555994272 -1.07454669
 249 0.459283113 2.07418427E-02 -1.13688838 -0.214216292
 250 -4.03685868E-02 -0.472748905 0.622587383 -5.19365296E-02
 251 -1.09608543 0.255675524 -6.75445944E-02 -0.232579470
 252 0.907269120 -1.55099344 0.675262213 -1.19009674
 253 1.26491618 -0.608551145 -1.21352673 -0.678922772
 254 0.189222336 -0.156079710 5.20715266E-02 -0.178826481
 255 -1.31335771 0.610065341 -0.403831542 -1.18015587
 256 1.43538439 2.06610441 -0.197320521 -0.184056103
 257 -0.796593010 0.477820456 -0.905031085 -0.786622286
 258 -2.08869648 -0.852231503 -1.03515601 -0.713747263
 259 -0.683680058 -1.33884788 0.629207611 0.157523453
 260 -0.142583430 -0.636514485 0.183076978 -0.588119328
 261 -0.944289625 0.988289118 8.20706040E-03 1.41213357
 262 0.352821887 1.87959361 0.128442705 1.20480764
 263 0.984589100 -0.162158623 -0.868032813 0.815670252
 264 -1.59965873 -1.67072999 2.18131256 -0.602288544
 265 -0.129784092 -1.01629353 -0.601207852 0.138895780
 266 -2.22460699 0.723248601 0.119932771 -0.684181035
 267 -1.66802406E-02 0.304573894 0.370638281 0.250796407
 268 -1.18922818 8.85913298E-02 0.229406953 6.59763515E-02
 269 0.707118988 0.485162675 0.575959086 -1.09627807
 270 1.18500972 0.773867249 -0.204467922 1.23751676
 271 1.14524627 -0.461248964 -1.78793228 -0.460760891
 272 0.187511235 -0.627190411 -1.34674466 1.41742337
 273 0.579525471 -1.00084579 2.26407313 1.01912057
 274 0.986310542 -0.381986052 2.93979496E-02 -3.60706672E-02
 275 -1.47707438 -1.09156299 -1.66847301 -1.86459756
 276 0.648714542 -0.123782009 0.521825671 0.247707456
 277 -1.01284564 0.584226727 -1.01176238 0.556588352
 278 2.16235042 -6.17663786E-02 0.373731047 1.89361596
 279 0.519489884 1.09947181 -0.549230039 1.46276009
 280 0.595936358 -0.246642858 1.08777523 2.03229308
 281 1.08223903 0.386006951 -1.48812509 1.95888257
 282 -0.524643958 0.145678848 -2.16274261 1.46258271
 283 0.166181237 -1.35554028 -0.617714107 -0.342624843
 284 1.11029768 -0.715247452 5.82055598E-02 1.57700253
 285 -0.111008048 1.59673965 1.35625136 2.23287129
 286 -0.312890291 -0.930644810 0.693761110 -0.367057502
 287 0.882656813 -0.856924474 -0.323209107 1.44056487
 288 0.614479303 -1.80527830 -0.327717483 -1.45151639
 289 0.644581676 0.861655116 0.359557152 1.32369435
 290 1.89723289 -0.427459985 -0.345890701 0.783126712
 291 1.08693945 1.06244564 0.149468780 0.691884518
 292 -1.13018763 -0.772471666 -0.762349248 -1.30533695
 293 1.79393053 -0.238103658 -0.286558390 1.92350376
 294 1.49518363E-02 -0.375239015 0.487486660 -1.10150528
 295 0.294746757 -0.591045141 0.912274122 -0.508066118
 296 -1.50853658 -8.14308524E-02 -0.746093214 0.296392560
 297 -0.496635973 -1.30599141 0.769751251 0.645197809
 298 -1.38654780 -2.25492740 0.515725732 0.434201568
 299 0.455693871 -1.13455153 0.882061779 0.576086104
 300 0.733609676 -0.372113138 -0.477370083 0.627784252
 301 -1.00272107 -0.300220609 0.825920701 -0.493333161
 302 -0.692623794 0.370904267 -0.438346922 0.107357942
 303 -1.82067502 -1.39063299E-02 1.29890025 -0.294257969
 304 1.14855719 -0.635116339 0.208579481 2.65718326E-02
 305 1.26237333 0.713861227 -1.04091990 -0.535543680
 306 0.408603102 3.43131423E-02 -1.47276628 1.13149381
 307 -0.812360466 -0.813264430 1.26011908 -1.27844536
 308 -0.209030807 0.759226680 0.319393396 1.70818639
 309 -0.242631376 -0.732800961 -2.38227558 -1.70507371
 310 -1.17168498 -0.391683549 -0.135413289 -0.436453670
 311 -0.157597721 -0.289135516 -0.556549430 0.404787183
 312 -1.29998529 0.856513619 -1.10488379 1.21432471
 313 1.12502348 0.350327879 -1.63846147 -0.973895252
 314 1.33539295 -1.79408252 0.525514126 0.146914065
 315 -0.369505495 0.266414732 -1.46181893 -0.298682362
 316 1.31928813 -0.857815862 0.758090615 -0.337568194
 317 -0.757841349 -0.849938929 0.242474586 -0.310059547
 318 -1.52458286 0.828034997 -1.67060900 0.561159432
 319 -0.582289100 1.00444698 -0.921618104 0.580139697
 320 0.488153040 -0.263562560 -1.17306542 -0.114069052
 321 -0.896921396 -0.205759034 -0.624385536 0.331425935
 322 1.06767142 0.858797550 -0.768566728 0.206038743
 323 1.33306420 1.13541627 -0.329586029 1.59512019
 324 1.67406166 -0.412278593 -0.496748477 0.769028842
 325 0.260683894 -0.803788066 0.767330825 0.221758664
 326 3.60272676E-02 0.161857232 0.817195594 -4.15930264E-02
 327 -0.179105505 -0.846780419 0.654578090 -0.119381696
 328 -0.399068683 -0.228161752 0.372978091 0.170036525
 329 0.708681583 -0.466306448 0.713408351 0.756362855
 330 0.216995537 0.539135635 1.33784020 1.39320171
 331 -2.27662182 -0.873459101 -0.858231068 0.257054836
 332 1.34272277 -0.345825732 0.721692443 8.27949196E-02
 333 -0.583024085 1.19056666 -0.102595419 -0.676221788
 334 4.08094376E-02 -0.763674021 -0.616053939 1.97035933
 335 0.941493034 0.694572210 -0.804691851 1.94444442
 336 0.478134513 -0.581647694 -1.08629942 1.44375372
 337 0.538783252 -0.162420064 -1.46275330 -0.311588168
 338 -0.210930109 0.369338661 1.56056368 0.371026218
 339 0.395169556 -0.780051708 -0.696550012 0.558142245
 340 0.997080445 -0.457940966 0.505319059 -0.575121045
 341 -0.405637622 1.07013094 -0.525574684 0.317030489
 342 -0.958644450 -2.07983327 1.03352296 0.323517829
 343 1.39514983 0.544462442 0.789593577 1.60302722
 344 0.298676699 0.908872664 0.559943140 3.49234045E-02
 345 0.686834455 -0.750391126 9.27181840E-02 0.579041958
 346 2.28154361E-02 0.179363251 0.509358644 0.631638348
 347 2.35921955 0.561136186 -0.132647812 1.56246877
 348 0.739209056 1.85268748 -0.798720241 -0.293855786
 349 -5.85924648E-02 -0.475692630 -0.296570539 -1.07138264
 350 0.894663036 0.432296574 0.216926992 1.39930248
 351 -0.452244461 -0.841433883 -1.93904018 -4.99895997E-02
 352 1.90297924E-02 1.57352126 -1.21718967 -0.335649520
 353 7.48493373E-02 1.70466375 -1.04581201 0.127076268
 354 -0.605370343 0.252807766 2.24389648 0.504028261
 355 0.798579037 2.09160995 0.666524053 0.835377574
 356 0.839838505 9.99571756E-02 0.218645006 -1.31912839
 357 -0.125379622 0.844839334 -0.883098602 -0.340350211
 358 -0.484553874 -0.851825118 -1.20016766 -0.320832431
 359 1.58396214E-02 0.151395440 -0.157039374 1.53854012
 360 0.420861125 2.69693732E-02 0.567093253 -0.955110669
 361 1.11553907 0.868699551 1.32409215 -0.613397539
 362 0.139059946 -0.801784635 -1.73828912 0.414859235
 363 0.390665352 -0.987789214 0.775777936 2.07680368
 364 -0.877705634 0.932063162 -0.225653499 -1.12065232
 365 -0.894514978 0.324614137 -0.462411195 0.616439462
 366 0.610079050 -0.136719137 1.55732846 -1.21128821
 367 0.273695767 -1.67590058 0.219375938 0.299608290
 368 -0.737733841 -1.55577552 -0.944006562 0.194128871
 369 1.12142003 -4.22009945 -1.27149653 -0.590554059
 370 1.95098817E-02 0.690561593 1.96523416 0.669079542
 371 -0.112450331 -0.199633881 -8.58737752E-02 -0.285063684
 372 -0.392597437 0.256372601 0.512541413 -1.07533073
 373 0.182446331 0.564235926 -0.747453690 0.223151594
 374 -0.495595336 -1.47257566 -0.413601160 -0.643472493
 375 -0.854817748 -0.622282624 -0.824106514 -1.29062784
 376 -0.738364100 0.923705101 -1.07968211 1.26533318
 377 0.835874140 0.706457198 0.344249904 0.415849686
 378 -0.895435393 -1.23802304 -2.24855185 7.31446370E-02
 379 -0.337629199 -1.05394590 2.09532571 0.220402122
 380 0.945114374 -0.115601778 1.00235784 -1.34805369
 381 0.657363296 -0.271994770 -0.974541366 -0.528270900
 382 0.705557168 0.122114643 -0.562633395 -1.45553529
 383 -0.311058283 -0.671449840 -8.65752101E-02 -1.35896492
 384 -2.30150247 -0.625298858 -0.185053065 -0.329462111
 385 0.734366059 -0.964525461 0.261577547 -1.40785384
 386 0.131707534 -0.121616133 0.686710715 1.34691393
 387 -1.07696760 -0.149169043 -2.13128495 -2.03158998
 388 1.05370486 0.680163145 1.78086662 0.706097782
 389 -0.381515503 1.22556758 -2.55854797 -1.45747745
 390 -1.40573931 -2.50020313 -1.10955071 -0.747027576
 391 -0.109536767 -1.27662683 -1.77675331 -0.222314134
 392 1.87342614E-02 0.916525185 -3.02416968 -1.51779354
 393 0.681559205 -0.976860881 -1.85314143 -1.11481261
 394 0.392180622 -1.13330901 2.73193145 1.11092126
 395 0.338538319 -1.22463131 1.31597257 1.60298455
 396 0.415596813 0.184805050 -1.47789490 -1.88003731
 397 0.694914520 -0.396069825 -0.989368320 0.569882810
 398 -1.70314157 -0.476011306 -0.366095066 -1.35553336
 399 0.891628325 -0.767992496 -1.47828007 -1.49082613
 400 -0.116767257 0.499861091 0.879373729 1.38990796
 401 -0.712890029 -0.137602702 -0.867499113 -0.232211217
 402 -4.58178483E-02 -0.659351289 1.21522069 -0.689739048
 403 1.06005323 0.666287899 7.62820840E-02 -0.684797764
 404 0.172101766 -0.873953283 -2.16994786 -1.88100433
 405 1.42032039 -0.993618369 -0.897895873 -0.254754066
 406 0.537188649 -1.43516719 7.63007402E-02 1.54099691
 407 -0.799825668 -1.04073894 1.46266794 0.373750150
 408 0.267195344 -0.803138316 -1.25939250 -0.771229506
 409 -8.86569396E-02 1.36490941 -0.523303092 -0.214458510
 410 -0.141889989 1.81034064 -1.37089431 -0.283306658
 411 -0.132891461 -0.424289167 -0.293615878 -0.201122850
 412 0.488338649 -0.303824276 -0.133234560 0.340806246
 413 -0.696216762 -0.676019192 0.743699610 1.34766054
 414 6.31047338E-02 0.379634976 -0.910428703 -9.45473313E-02
 415 -0.629718065 -0.733649254 -0.106530726 -1.24305737
 416 0.403876066 -0.455604136 0.807299733 -1.29134560
 417 -1.65878403 -2.27341461 2.77038431 0.701443195
 418 1.39211929 -0.452900529 1.20232284 -1.68734813
 419 0.939989269 3.21230739E-02 -1.14758205 0.404587090
 420 -0.825206995 -1.03732526 -0.286418438 0.499869049
 421 0.210755527 -1.93069863 0.740413189 -7.21986964E-02
 422 0.464196354 1.03728807 -0.407569587 0.148257211
 423 0.730796278 -4.81376573E-02 0.601611018 1.19553220
 424 0.524644971 0.472998738 0.778875291 -1.38392401
 425 1.18425536 -0.694667518 -0.116526842 -1.08450389
 426 -0.801925182 0.449816376 0.438702852 -0.956386209
 427 -1.21354079 -1.76734900 0.248981759 0.330575526
 428 1.06452847 -4.16756272E-02 -0.861786008 -1.11206031
 429 0.882113338 1.79612148 0.301390052 -0.194663942
 430 -0.494012177 0.277606368 -1.19143784 -1.43053555
 431 -0.162038237 0.475619435 0.209770471 -0.290070236
 432 -0.137059599 0.967681468 -1.56552660 0.414895952
 433 -0.490961462 -0.271337301 0.813747108 1.80625236
 434 -1.78473794 0.793075025 -2.40177155 -8.20360482E-02
 435 0.902330101 0.949710608 -2.14744711 -0.405035853
 436 -0.227801591 -0.935824811 -0.993657231 -0.353741974
 437 0.156221479 -0.748975098 1.89529324 -0.441851556
 438 -1.28054321 1.76702893 -0.469449848 1.53696799
 439 -1.21230352 -1.88648856 -0.260850847 -1.78751671
 440 -1.14879346 -1.17478335 -0.469374418 0.169370696
 441 -0.339664578 0.330881268 0.196037546 0.978913963
 442 -0.829837084 -0.204220176 0.543407023 0.686038971
 443 0.384500116 1.50193727 1.61938071 0.349451393
 444 0.686155736 -1.02433562 -2.08701038 -0.582420766
 445 7.56384730E-02 0.162315369 1.02598143 0.985726953
 446 3.53928767E-02 -0.874964833 -0.276172310 -1.44081151
 447 -2.00697112 0.651660681 0.337410182 -1.55095053
 448 -1.11880708 -0.859645605 0.711026549 -0.828661442
 449 0.754216552 -0.999716043 -1.35524631 5.17794415E-02
 450 2.69191003 -2.18311357 2.05151725 0.745353818
 451 1.99548793 0.144163042 -0.278551698 0.616956413
 452 0.958715200 -1.49786747 0.551742077 2.19786242E-02
 453 1.15660012 -0.368493229 0.621155918 0.206873238
 454 1.26771796 -8.84485394E-02 -0.257074445 2.17810011
 455 1.61387968 -0.167327374 -1.03647339 -6.40806183E-02
 456 -0.647427082 0.672306001 1.68787658 1.37062883
 457 1.17948818 8.54833275E-02 0.613735437 -1.73403990
 458 -1.19427824 -0.819785953 -0.442123055 -0.509900212
 459 -0.676179767 2.03946567 0.185428962 0.447892964
 460 -0.122162186 -0.991905451 -7.84423202E-02 -0.320804983
 461 0.771981537 -1.56025124 -8.51684660E-02 -1.00174522
 462 -1.29947519 -0.227675140 0.726983130 2.42010951E-02
 463 1.00322080 -1.32591653 -0.646150827 -1.48543191
 464 0.983657360 -0.330759525 0.254459739 -1.15619159
 465 0.820676446 0.731780231 1.64075568E-03 1.47049367
 466 0.222402647 0.411036640 1.48672211 -0.334146291
 467 1.26305974 0.393881619 0.420347691 -0.168348491
 468 1.95645177 -1.66556215 -0.870115519 0.112017348
 469 0.929912269 1.24920893 -0.700913072 1.16759050
 470 -0.461750031 -0.436072618 -1.12799299 -0.371017069
 471 1.61811486E-02 7.77117163E-02 -1.25003767 -1.65211821
 472 -0.577803850 -0.538504422 0.758149028 4.05388102E-02
 473 -0.937466800 -0.797992766 -0.367569178 1.45361149
 474 1.31029081 0.965467215 0.358222723 1.30086303
 475 -0.489822328 0.263518810 0.765600622 -1.15180635
 476 -0.287854254 -1.11668921 0.901395380 -0.397907585
 477 -0.293351591 1.23306680 -0.658317089 1.37737226
 478 -0.502432942 0.502523601 1.15368521 -1.04887486
 479 -0.906434000 -1.50173056 0.438392520 -1.40221059
 480 1.74902320 -0.255133271 -0.175011218 0.613045633
 481 1.12202775 3.88534293E-02 -1.39073420 0.162568480
 482 -1.60068822 0.160188153 0.796286941 -0.336604625
 483 0.219722837 -1.05872083 -1.02287686 -1.53221416
 484 -2.45222259 -0.504909515 -3.73106837 -0.425829738
 485 7.73973949E-03 0.667340279 1.16997933 -0.131447941
 486 1.79288554 0.955549479 -0.436852813 -1.05246353
 487 0.183557257 -1.64509666 0.170137942 -6.73029423E-02
 488 -0.360491395 -1.33846068 1.89750528 -1.43462527
 489 0.510306716 -2.81973481 -0.549687862 -7.68632591E-02
 490 -0.659900308 -0.689633369 1.93190312 0.251869917
 491 -0.828251123 1.97550428 3.76125723E-02 0.307582974
 492 1.77434349 -0.590364635 1.13266861 1.36073756
 493 -0.464088917 0.999135852 -2.15462232 0.457937717
 494 0.483126163 -0.137758672 -0.174781114 -1.19154155
 495 -0.134949699 -0.690200806 -2.28707457 -0.386029601
 496 -2.63396144 -0.274491280 1.66578734 1.31301141
 497 -0.926178455 0.742896736 -1.25409591 7.51530305E-02
 498 0.232944310 8.39477777E-02 0.734670043 -0.150934324
 499 0.386727035 6.01917505E-02 -0.129778206 0.351835936
 500 -1.47907794 -0.708023608 -1.84325123 -0.587854326
 501 1.09658480 0.450412035 -1.54698646 0.693278790
 502 -0.372354507 -1.75806713 1.21706223 -0.431593180
 503 2.09037805 -2.51258636 7.04064220E-02 -0.209699571
 504 0.265308797 0.593198180 0.183476478 -0.376203060
 505 -0.227944404 -0.846732318 -1.10326672 -1.59063494
 506 -0.745133579 -1.08475435 3.30739915E-02 1.09530044
 507 0.168957159 -0.614473879 -1.27234292 -0.570066869
 508 1.30560510E-02 -1.10784650 -0.919675529 -1.37860668
 509 0.407963723 -0.660537601 1.17938423 -0.223019391
 510 -0.516481400 -0.206179202 -3.46558243E-02 -0.454339921
 511 -0.759629488 0.832740486 -0.551824570 -0.332369775
 512 0.327802122 1.10648209E-02 -0.619302034 0.655403733
 513 -0.161287457 5.90800941E-02 -0.616434395 0.273591697
 514 -0.345721453 -0.402599603 -0.467604339 1.21991336
 515 -1.35460973 -1.11250067 -2.71009207 0.380487740
 516 -0.843951464 -1.21036768 1.36180568 -1.43189144
 517 0.319633842 0.988589525 -0.811699867 -7.12434128E-02
 518 0.878489017 0.442084312 -0.545692921 1.03141069
 519 -0.134902015 -0.434879482 -1.24873197 -1.58291578
 520 0.303644300 1.50339103 -1.10649014 1.72354984
 521 -0.370784789 0.178731143 0.329051614 0.541197181
 522 0.418778598 -0.547538280 0.418881416 0.874856651
 523 -0.115596183 2.22330856 -1.06750333 0.570303798
 524 -0.451932371 -0.887778282 -2.03213334 3.21564972E-02
 525 -0.317460358 -0.622818947 -0.136395454 5.81461191E-02
 526 0.719002128 -0.476211607 -2.51990962 -5.91705739E-02
 527 0.763120294 -2.45071602 0.787836790 8.32989439E-02
 528 0.916347444 0.278998852 -1.77367640 1.15833092
 529 0.796081483 -0.241889417 0.963274300 -1.69807744
 530 -0.812072694 0.501031160 1.27956247 0.698275566
 531 0.134036824 0.505800426 -1.04723763 1.43870461
 532 -0.756417394 -0.637656629 -1.60334396 1.94220662
 533 0.771361411 -0.119201884 -0.999951005 -0.244356424
 534 -0.717919886 0.403485537 0.395028472 0.264216632
 535 0.131511480 0.248826504 -1.69466841 -0.144009307
 536 -2.61381340 -0.583434701 0.645201683 -1.15441537
 537 -0.686938703 0.476518780 -0.830904901 0.211177662
 538 0.613023639 -0.867238641 -2.83000618E-02 -0.554243147
 539 -0.617673934 -0.786335826 0.554571152 -1.53572965
 540 1.21091282 0.193929955 -0.244303286 -0.834639430
 541 -1.07592034 -0.375311494 -0.633751571 -1.29397213
 542 -0.495538056 0.544901431 0.269965380 -0.816565752
 543 0.219103470 0.216982886 0.616737366 -0.377529621
 544 -1.37300169 -0.413384378 -1.16241789 -0.184506059
 545 -1.04477882 -0.881829321 1.13709593 1.50630176
 546 -1.95059502 -0.662525177 -0.563560426 -0.337860942
 547 0.776985407 0.694106877 -9.86475945E-02 0.389947385
 548 0.109637149 -2.35130072 -0.823308706 -1.72600299E-02
 549 -0.600285411 0.426200926 -1.30143285 -0.108768091
 550 -0.580580711 -0.730397820 -0.157538041 0.766408324
 551 0.539036810 -1.01594138 1.22310472 -1.18902314
 552 0.317060024 -0.421439320 0.562988639 -1.25096703
 553 -4.35212553E-02 -0.633359015 1.11677372 0.787249684
 554 -1.60427427 -1.19543433 1.11033702 -1.25477147
 555 -1.50075483 0.120032653 1.76652336 0.525934398
 556 1.82560432 -0.880837202 -0.336967319 1.32181931
 557 -0.288528115 0.159172684 0.198780298 0.394646734
 558 -1.89469790 -3.16034667E-02 1.10851467 -0.628180861
 559 9.64715481E-02 -1.36867619 1.69878519 -1.80098033
 560 -0.101933204 1.53070927 -7.51671568E-02 5.07103652E-03
 561 0.416901469 1.47935843 -1.17183018 -1.03524876
 562 0.149086073 0.616818786 -2.15089250 -0.242637709
 563 -1.20230341 -0.833913684 1.37812126 0.185407043
 564 -0.225751713 0.622706294 -0.604322910 -1.64391613
 565 0.693674505 0.535905838 -0.680955410 2.17264175
 566 1.48430324 -0.670499742 2.05985045 -1.00227296
 567 1.45054901 1.69086862 -1.06959641 0.870067954
 568 0.712249637 2.01209593 0.320516825 -0.900623798
 569 0.863235831 -1.04240084 0.434929669 -0.974080503
 570 -0.136080265 0.264300942 1.03933525 0.176853180
 571 -1.58135462 -5.36120906E-02 -0.445025057 0.399076968
 572 -1.69673586 -0.580200553 0.507082880 0.871374846
 573 0.114512086 0.331586868 9.78841484E-02 0.422935486
 574 2.37034440 0.954082608 -0.289123356 0.348174810
 575 0.109473772 1.16573083 1.51981175 4.80640605E-02
 576 0.444115996 -1.12639499 0.249613762 -1.20708025
 577 -0.665809393 -1.70677054 -1.90135682 -0.904950440
 578 -0.351250648 -1.38743806 1.23268461 -0.304656208
 579 -1.31529105 -0.430317879 8.03352445E-02 -0.379319072
 580 1.08067620 -1.42367935 1.30197549 0.818457603
 581 -0.439941496 1.23753536 0.355225265 0.495795846
 582 -1.15159082 0.316061974 -0.308944941 2.38376707E-02
 583 0.674371362 0.303788573 0.347096473 0.323527098
 584 1.10717785 1.42026758 -1.20111954 -0.662118673
 585 2.13602901 -0.958996654 0.235268503 -0.880778670
 586 -0.279717445 -0.731962562 -0.247945875 -1.03444993
 587 0.816723824 -0.479876369 1.25300753 0.568337560
 588 0.495828778 -1.03210866 1.33268702 -0.558028340
 589 -0.578900576 0.100257903 1.40305519 -0.100542389
 590 0.194617048 -1.36552060 1.60741901 -1.36235738
 591 -1.03268182 0.744658172 1.65078807 -0.701460361
 592 0.377120793 -1.02993536 -0.163970470 -1.57096076
 593 -1.80131388 1.26178265E-02 -0.771247685 -0.572658300
 594 -0.529353499 8.71453658E-02 0.682110846 1.72677708
 595 -0.834708869 0.726252794 0.103548735 -1.09138584
 596 1.15390193 0.655067086 0.397650898 1.46619928
 597 1.85356879 -1.43885648 0.619386375 -0.213681549
 598 -0.720363081 1.17301285 5.10175675E-02 -0.242668748
 599 -0.618077099 -7.63529092E-02 -1.66125560 -0.741961360
 600 -1.51967227 0.755829215 0.238825530 1.23232543
 601 0.682314217 2.33757198E-02 2.11062312 -0.717449665
 602 0.890589535 -0.222786576 1.19852591 -0.118016794
 603 1.21098864 -0.919240713 -0.802646995 0.382768571
 604 -0.355982244 -1.48589110 1.66355920 0.167022079
 605 -0.803347468 0.169604197 0.808884978 -1.16897607
 606 -0.285549611 -0.150697947 -0.340330034 -1.87587380
 607 -1.46737838 1.09389675 -1.97371840 -0.537797749
 608 0.135911211 -0.259856820 0.706253588 1.09173703
 609 0.274378508 -1.22142458 0.248285592 -0.512380600
 610 0.579998195 -2.16006374 -0.334527105 -0.863714576
 611 0.357706040 1.23438323 1.14279234 -1.34310114
 612 1.12197864 -1.44445884 0.446320653 -0.678169072
 613 0.225036472 -2.48914547E-02 -0.554870486 0.111812085
 614 -0.205969572 -2.98370743 1.86426258 -0.207692802
 615 0.691834509 0.751062572 -0.150281355 -0.481414318
 616 1.33018506 -2.67159343E-02 -0.376644790 -0.836325884
 617 6.57319725E-02 0.374067605 0.677716017 -1.40187466
 618 1.35307932 -0.822083294 0.973238826 -1.44980276
 619 0.818712056 -0.626877308 -7.23837763E-02 2.05868077
 620 0.129415303 -1.54046071 -1.09381199 0.197281688
 621 -0.621581614 -0.596846223 -2.00882435 -1.87777364
 622 -0.727238297 -1.54975247 -1.27805948 -2.71954685E-02
 623 -0.844145358 -0.434235096 1.67708123 -1.05154788
 624 0.180895820 4.75892797E-02 -0.106334306 -1.00132346
 625 -0.593541086 0.419666380 -1.87192166 0.147913724
 626 1.28170717 -0.756978571 0.207580775 2.14716125
 627 0.446713507 -0.758212209 1.20999658 -1.27353120
 628 -0.162262842 5.71459085E-02 1.25588572 -1.06244373
 629 -0.912308931 -0.103107855 0.805958271 0.507075250
 630 -1.20974255 -0.448452801 -1.02112317 -0.260989010
 631 1.22085202 -1.13693881 0.510031760 8.35430324E-02
 632 -0.833484054 -0.838889182 -0.405976683 -0.931557298
 633 0.575354338 0.976003051 0.397402674 0.177586243
 634 -1.89323521 0.690348685 0.567010760 -0.428661585
 635 0.873594522 0.642807961 0.916977346 -2.18550014
 636 -0.821463406 -0.234076843 1.34141243 0.249223396
 637 -1.08510947 -0.696964741 3.00147200 1.52529156
 638 1.14733100 1.68359697 -0.234034151 1.85039714E-02
 639 0.673595667 1.30580735 2.24648565E-02 1.40441442
 640 -0.832638919 -0.970735013 1.32294571 1.87848234
 641 -1.18494058 0.122857109 0.868126750 0.451320082
 642 -1.17639136 0.828881264 0.146014512 0.318538457
 643 -0.402746141 1.18411160 -0.259756595 -1.50049543
 644 0.463143557 -3.27493834 0.425291777 -1.50100374
 645 -0.703254342 -0.200368404 0.316102564 1.17842138
 646 0.357564539 -0.783898830 -1.87840164 -0.612265527
 647 1.28552866 0.107825682 1.62681878 -0.716429770
 648 9.97098386E-02 -0.456938565 1.43419933 4.47303839E-02
 649 0.236835927 0.252408683 0.848818243 0.717946887
 650 0.759970069 -0.708311319 -1.08312678 -0.185710728
 651 0.223186046 -1.33973813 -0.243168324 0.671730042
 652 0.890140414 -1.07706285 1.23140907 -0.144371495
 653 -0.299056292 6.95818439E-02 1.46876240 -0.308284104
 654 -1.59977913 1.02343166 -1.81848168 -0.113256544
 655 -0.553013802 0.594999075 1.07508242 -1.59654975
 656 -1.00147212 1.28690112 5.18333837E-02 -0.156595170
 657 -0.414065421 1.45595706 1.40029168 -1.68576407
 658 -1.92956722 -0.849739075 0.542743087 0.388890237
 659 -0.975902259 0.160464153 0.579965174 -0.899581552
 660 -0.428256363 -0.448316365 0.607681870 -1.18610895
 661 0.524248123 1.15496445 -0.527998626 1.06990480
 662 -0.240783364 0.539168835 1.24059308 -2.49267668E-02
 663 0.902768314 -1.87004721 -0.125386745 -1.89727604
 664 -1.34054363 1.43064380 1.02782464 1.71196318
 665 -0.618659616 0.138473466 2.67393446 -1.37846005
 666 0.285712779 0.231319502 -5.83499670E-03 -1.29299355
 667 1.88596618 0.166621894 -6.32972717E-02 -0.219331473
 668 1.89583838 -1.35223293 -0.961850405 -0.651121318
 669 4.97936457E-03 1.28209305 0.229095697 -0.802875936
 670 -0.182933271 0.718393981 -0.443084240 -1.41440725
 671 -0.707555652 0.141613707 0.994310379 9.27802920E-02
 672 0.634757996 0.292669713 1.17262113 -0.554187536
 673 0.319263101 1.32024801 1.43527997 -1.11630332
 674 0.214391693 1.39360380 0.785852969 -1.40712714
 675 0.237373069 -0.491768926 8.13988075E-02 0.885444045
 676 0.113369986 -8.22231919E-03 0.205440775 -1.07176948
 677 -0.243571118 -0.544107735 -0.717911482 -0.635177374
 678 1.03459907 0.637371540 -1.23594141 -1.78274131
 679 -0.138466209 1.21967447 0.208599657 1.12121475
 680 -2.27251863 0.437193066 -0.490949035 -1.34537470
 681 -0.491625458 0.860871017 2.16131949 -1.87242079
 682 0.403383791 0.877539992 3.10621168E-02 -1.38823688E-02
 683 -1.31347239 -0.577006638 0.591130257 -1.44478202
 684 -0.964958489 -2.75571346 0.403183132 0.671760738
 685 0.910235763 -0.705438852 -0.106801465 0.444792062
 686 0.236141294 -2.49729276 0.407739282 -0.601956069
 687 -0.678166628 2.18682384 -1.63808250 1.02700067
 688 0.184645399 -1.40900683 1.10924375 -0.860172033
 689 0.474498838 7.90291056E-02 0.295336723 1.18648458
 690 1.71120155 0.635693252 2.57569289 -0.994222105
 691 -0.799277186 0.176248118 1.04104543 -1.49312472
 692 -0.930333376 -0.420190781 -0.336814076 -1.30477190
 693 2.38861704 0.433881879 -4.50609550E-02 -0.514257133
 694 -0.945522606 -0.644297361 -1.35235810 -1.08513892
 695 -1.93972492 -0.235715568 1.80924749 -1.32212079
 696 -0.674541950 -9.22873914E-02 0.416819751 0.302648395
 697 -0.510356784 2.92391330E-02 0.383800566 -1.40017569
 698 -1.40848422 0.191082194 -0.364517629 -0.992871106
 699 7.12774694E-02 2.21358776 1.21478415 -1.04844570E-03
 700 -0.244473651 0.192758337 0.522635341 -1.20874631
 701 -0.255782187 -9.70288962E-02 0.703840256 1.41231978
 702 3.39866281E-02 -1.15909696 0.376081347 -0.840144455
 703 2.56778002E-02 -7.41415396E-02 -0.967150092 -1.62726617
 704 1.41445446 1.48876905 -0.241430163 5.59101254E-03
 705 1.31736338 -0.104516327 1.07211840 -0.126465455
 706 0.976391912 0.333412081 -0.266658932 -1.15330076
 707 -0.714437962 3.40987444E-02 0.968658030 2.10918307
 708 -0.480800748 1.05579865 -0.337956160 -0.489264697
 709 -0.274326354 -0.594862938 0.389345944 0.374490559
 710 0.597569704 -1.16135848 0.259378135 1.50028312
 711 -0.456229270 0.896673381 -1.06872964 0.758735895
 712 -0.172942042 -0.264740318 -0.358406395 -1.90946126
 713 0.626731336 1.74809706 1.53593868E-02 0.113861725
 714 2.74657083 0.387380898 0.795889854 -0.355784833
 715 0.996820211 1.53243613 0.406585962 -1.29121327
 716 -0.320120484 -0.542944968 2.76922321 -0.188166887
 717 -0.991873384 -0.106222063 -0.476401150 -0.367509454
 718 0.215456784 -0.893466890 0.773407161 -0.552637160
 719 -0.512321115 1.35270751 0.803736866 -0.225183010
 720 1.01977837 1.28433919 -0.762230873 0.849165857
 721 1.15634441 0.950554132 1.46678364 1.74241424
 722 1.45646882 1.24818683 -4.40621823E-02 -1.09000146
 723 -1.68144202 -0.156729579 9.89420190E-02 0.601664782
 724 1.14118910 1.65279591 -1.58959031 -0.828723073
 725 1.86537981 -1.74835277 0.133726165 -1.57280242
 726 0.234821528 0.926500082 1.46512747 -1.17702854
 727 -0.280181557 -1.11379135 -0.501862288 -0.383464158
 728 0.173931956 0.679041028 -0.264639020 -1.10838866
 729 -0.950414956 0.942103863 1.79544950 -0.454337507
 730 -3.43586504E-02 0.365529269 -1.18315935 -1.00790918
 731 -2.57677734E-02 -2.00999284 8.27743411E-02 -0.294877082
 732 0.967261851 0.371762156 0.289744705 -1.45970428
 733 0.184731081 -1.35594273 -2.96628065E-02 -1.48067081
 734 -0.651631832 -0.725053549 0.816336095 -0.296764970
 735 1.13401377 1.89053619 0.121473163 -0.257676482
 736 -4.16361131E-02 -0.302920282 -0.523329914 1.45571303
 737 1.08672738 0.257059991 1.82473636 0.518454194
 738 -0.445695162 -0.348677605 1.69649982 -1.23055160
 739 0.396808803 0.229587480 -0.906439126 1.79732573
 740 0.107355088 -0.146948591 8.52641463E-02 0.380790621
 741 -0.153321177 1.14062715 0.434351563 -3.27413455E-02
 742 -0.486649692 -0.176987916 -1.59002197 1.33527219E-02
 743 -0.292547256 7.24701509E-02 1.07215762 -0.371757239
 744 -0.816868901 0.183958247 0.518033624 0.754441082
 745 -1.43952358 0.474338084 1.50912261 -0.638193369
 746 -1.64361465 0.880437851 0.292452484 0.775142491
 747 -1.14044452 1.08534753 -0.321637511 1.36261535
 748 1.16402984 1.11754501 -1.75910127 -0.842741132
 749 -1.04378104 0.494947284 -0.148460537 1.32161427
 750 -5.11437282E-03 1.57932794 1.35907197 0.201875150
 751 0.356131792 -0.642706394 -0.195605934 -1.73317289
 752 -0.952178419 -0.125624567 0.690995276 -1.05353320
 753 0.195442304 -4.84104306E-02 -0.299011350 0.780484676
 754 1.33729029 0.235433102 -0.628903031 -1.26854718
 755 -1.91313569E-02 0.888021290 2.24571300 -1.33644223
 756 -0.170804814 1.12555349 -2.27035731E-02 -0.275698245
 757 0.186977923 -0.770035744 -1.39337277 -0.689657569
 758 -0.573030114 1.82387245 0.744071782 1.00775218
 759 0.583762527 -0.301441371 0.275405169 -0.195652813
 760 -0.838465691 2.01557112 0.757931709 -1.04620457
 761 0.154636011 1.04609179 -6.30067661E-02 -4.45280746E-02
 762 -0.199390471 -0.120257586 -0.489888400 0.481217504
 763 0.186617345 0.409636736 0.273863912 1.26837158
 764 -0.200661778 -1.03673840 0.965882719 -0.684007943
 765 -0.131594062 -0.678270698 0.690379143 -0.662924886
 766 -0.637393475 1.08389449 -0.557361722 0.367972732
 767 1.18230617 -0.862888455 -0.766855597 -0.541564286
 768 2.19244456 0.568849266 0.308455765 0.911084712
 769 0.796750069 1.28587496 0.916062057 -0.925654829
 770 -0.415198863 -1.32403052 0.473295152 -1.75444520
 771 -1.98685849 0.887336612 -4.65196818E-02 -1.05669999
 772 -0.170184121 -0.238588035 0.166437089 0.176356584
 773 -0.449518085 0.494443119 0.237784982 1.41462994
 774 2.70113373 -0.193161190 0.535873353 -0.184753746
 775 -0.617554545 5.35568297E-02 -0.514299035 -1.18669581
 776 -0.833195746 -3.12163569E-02 -0.570120096 -1.49520922
 777 0.857249498 -0.837764859 -2.07367688E-02 -0.959283769
 778 -5.87533712E-02 0.197601125 0.193587437 -1.27886188
 779 1.15217817 1.17264819 0.994825363 -1.14262044
 780 -1.09830046 -0.730403423 -9.05734897E-02 1.65373468
 781 0.283657193 -0.251940608 -0.486797333 0.342095852
 782 -2.38538432 0.534335256 -0.961103201 -1.13929093
 783 -0.711760223 0.693552971 8.22246820E-02 -1.48882699
 784 0.739511073 0.816204906 0.441291392 0.465916038
 785 1.24077618 -0.976830959 2.64646554 -4.57357466E-02
 786 -0.743802845 0.191521093 0.462964267 0.274649292
 787 -1.44279385 -0.223788232 0.816625893 -0.354898989
 788 1.07798297E-02 -2.12379313 -0.205849841 -1.81974828
 789 0.271568865 0.951826394 0.337911963 -0.953074574
 790 -0.292739421 -0.253533602 0.624973416 -0.942312896
 791 -0.183279335 1.33434534 -0.450145006 -1.18304110
 792 -0.749451518 0.157814592 2.23886132 -1.35564411
 793 -0.307441056 -0.316919267 0.126959935 -0.552613497
 794 2.89707923 0.788011968 1.49255228 -0.632950008
 795 -1.86759841 0.862518907 0.913100600 -1.37947142
 796 -2.19951344 -2.03632259 1.93702960 -1.75589502
 797 1.37055278 -1.16001034 0.815024674 -1.23503411
 798 1.21491373 -0.550313473 1.50499701 -0.460688591
 799 6.28514886E-02 5.58385253E-03 1.40718722 0.549903393
 800 0.777281463 2.38313293 -1.42287922 -0.500106573
 801 -1.23793352 0.896485627 0.173830986 -5.44408113E-02
 802 0.558267653 0.736001015 -1.56142211 -0.476854891
 803 1.31630450E-02 -1.07909167 -1.03618109 0.610148311
 804 -1.67598140 0.919093549 0.935240746 0.186266392
 805 -0.545917034 -0.124522269 -0.282344967 -1.04107523
 806 -1.24544477 6.29613400E-02 -0.120554045 1.26773822
 807 -1.07042861 0.684885621 0.964121699 -1.64193797
 808 1.12938452 1.49279237 0.970929503 0.519808292
 809 0.880192459 -9.23962295E-02 -0.414432704 -1.13524425
 810 1.08668363 -0.265231133 0.110880755 -2.05064154
 811 0.274382770 -2.33573055 0.606384635 0.100170873
 812 0.522502363 0.831883073 0.848699033 -0.101586379
 813 0.858163595 -0.240185842 -0.188947201 1.15069950
 814 0.126153216 -1.12442493 0.225526020 -3.11864316E-02
 815 -0.712624729 0.566048682 -0.780092299 -1.27893794
 816 -1.04960120 -0.723954737 0.231001481 -0.142576590
 817 -0.460691541 -0.788370252 0.603662372 2.09686756E-02
 818 -0.213795155 -0.889635265 0.182085693 -0.210261449
 819 -0.585818589 -0.704570115 -2.19291353 0.861549497
 820 1.83108044 -7.66591802E-02 1.29539382 1.31326437
 821 1.90175676 1.81021750 2.04935122 -0.768616498
 822 -0.219445273 1.47788930 0.700658441 0.226089552
 823 -0.423095882 -0.542453945 0.426919281 -0.939071953
 824 -0.695705056 0.777592063 -1.90172100 -2.08749104
 825 -1.90157259 0.249245256 -0.993591011 -5.19576930E-02
 826 -0.248730078 0.606641412 -2.11678481 -3.02270651E-02
 827 -1.03358257 -0.292116046 -0.484727979 -1.59478736
 828 -0.731465936 1.68245721 -0.615044296 -0.182917431
 829 0.782796025 -0.185161442 1.03020501 -0.710824549
 830 -0.427199572 0.569959760 -0.684275448 -1.59235775
 831 6.33468255E-02 1.85487008 -0.148011088 -0.178106412
 832 -1.35537386 2.88183427 -0.656314790 0.648566425
 833 -0.906883061 -0.780414999 1.14180398 -1.80414891
 834 -0.590002835 0.920825839 0.430155277 0.378044665
 835 0.476635396 0.154929861 1.05914927 -1.65797091
 836 -1.29094410 1.35171473 0.119701043 -0.857784808
 837 -0.927861929 0.275207102 -0.701954842 -1.11073506
 838 0.304417968 0.385620832 -0.117934354 -1.25392866
 839 1.49478829 0.366483063 -1.34793615 -0.285982847
 840 0.409315377 3.39771621E-03 -0.979592204 -1.14547431
 841 -1.77950072 -0.412869155 -0.424552202 -1.16225171
 842 4.99350578E-02 1.68549740 0.795770884 -1.51059103
 843 -1.12766647 0.448370367 2.24129987 -1.82904685
 844 -0.987405300 0.213697493 -1.23065317 -7.68245459E-02
 845 6.43193275E-02 -0.896534324 -1.32027376 -0.206081510
 846 0.597704887 1.43300712 0.794390440 0.113957092
 847 -1.38291240 2.64953279 -0.542043149 0.388691574
 848 -0.869117200 -1.20462668 -0.262603313 1.51306725
 849 0.911518455 -1.23272085 1.34331930 1.48021126
 850 -0.285998970 1.16916430 -1.47608244 -8.18922818E-02
 851 -1.46831918 -0.397288024 -0.311031640 -0.840382338
 852 -1.78540468 1.44010818 1.22073281 -1.24531734
 853 -1.39336181 -1.06429636 -0.288309634 0.172248185
 854 -0.318426222 1.18363714 0.896377504 0.262660086
 855 0.311326712 -0.505789995 -1.06174874 1.11086857
 856 -1.15740252 -0.824276328 -0.999067187 -0.274545670
 857 1.77162433 0.838407457 0.479182005 1.70003414
 858 1.27517283 1.15745258 0.243870080 0.125254035
 859 0.592398703 0.470902383 0.349089801 -0.436639607
 860 -1.71323872 -0.240449041 3.00472283 -6.39325380E-02
 861 0.317612767 0.694517374 0.341626257 -9.94925499E-02
 862 -0.331696063 -0.907868147 1.61973464 0.122899398
 863 1.78053249E-02 0.241401196 0.217008844 -0.757327437
 864 0.798533082 1.30209935 0.914015174 0.284214169
 865 -2.30494952 -0.971734941 -1.60359943 -1.63037574
 866 -0.911153078 -0.534728944 -0.219254702 0.338558376
 867 1.21167886 0.232796490 0.131975025 -1.14071870
 868 -1.35786700 -0.474710286 1.11156464 -0.112428091
 869 2.05959654 -0.287559479 0.739735603 -1.82102585
 870 1.61696398 1.28519297 2.20034432 0.822924674
 871 1.10748017 -0.614286184 0.424717814 4.54807058E-02
 872 2.75422764 0.909705341 1.63654125 -0.879437447
 873 0.397958696 0.945180357 0.802668691 0.480082273
 874 0.836012423 1.22041154 1.77679884 0.466080606
 875 -0.428448617 -6.18726015E-02 0.578988492 0.416236669
 876 -0.558846295 0.965084672 0.179303259 -1.86201930
 877 1.16755247 -0.921419263 -1.20283127 -1.30801594
 878 2.38584614 0.546547294 1.50421715 0.519874036
 879 -0.811576843 0.121911034 0.187526435 -1.44095874
 880 -0.684289932 -0.322588623 1.38041520 -1.76179242
 881 0.302990884 0.829531014 2.94142771 1.68067169
 882 -0.104622930 0.240891576 0.584530890 -1.64349198
 883 -1.88944006 0.254113793 -0.172246918 -0.977744401
 884 0.260164797 7.15028346E-02 -0.126885936 0.167064458
 885 -3.68135047 0.337039530 -0.150025368 -1.79312634
 886 -2.33387566 0.962327659 -0.641700387 -1.38451695
 887 -1.91763449 1.89669430E-02 0.803298712 -0.979375899
 888 -0.928307772 1.52638662 0.581838906 -0.615773022
 889 -0.477985203 4.36535776E-02 -0.305871218 -1.50900412
 890 4.15981412E-02 0.821233988 -1.26573849 -0.570491731
 891 1.42436409 2.29459167 0.361071885 1.39591885
 892 0.181024283 -9.07198936E-02 0.406186014 1.09436965
 893 0.805925012 -2.40793085 0.388925523 -1.63457954
 894 1.48347664 -1.33223176 -0.415125728 -1.50413275
 895 0.476650536 -7.32498318E-02 0.949965775 -1.16284084
 896 -0.120210797 0.847765028 0.616660237 0.285330832
 897 -0.960861981 1.08780587 0.625889897 0.434942067
 898 0.401528537 2.23153400 1.81959903 -0.905125380
 899 -1.24824977 0.378070295 -0.455613732 -0.313144237
 900 -0.328635931 -0.179210484 0.333238184 0.392330170
 901 -1.30922639 -0.372692138 1.81389534 1.33742452
 902 1.06004393 1.46084166 -0.775697470 -1.25648856
 903 -1.79813123 -1.46775091 0.329436302 -0.423107207
 904 -0.217082903 -0.635453463 3.58584076E-02 -0.209088355
 905 0.390281647 2.00335789 0.383589089 -1.07345581E-02
 906 1.44924140 1.78197050 0.358121037 -1.40000546
 907 2.07373047 1.44085336 1.69273722 -0.845239103
 908 1.06068993 0.546239793 -4.48968150E-02 1.49970758
 909 -0.171166897 0.516947985 1.46458864 -1.16664577
 910 -0.974296689 -0.485535264 0.269441128 1.72867858
 911 -0.575699329 0.820818841 0.844285965 0.897907317
 912 1.91632199 0.770064890 -6.17277473E-02 -0.316463232
 913 1.36770082 -0.814943790 0.528423727 -0.820967913
 914 2.28360519E-02 1.39657700 -0.236039862 -1.23827434
 915 -0.611763120 0.319565892 -0.671731234 2.02862167
 916 -1.61712253 0.121866062 0.936104238 -0.562921464
 917 -1.03174317 0.610832393 -0.677535832 1.49079216
 918 1.19718957 0.543546736 -0.780974805 -1.24186492
 919 3.59427333E-02 1.51252687 1.15507555 1.80794358
 920 -0.310830742 0.267597198 1.14873409 -0.770010471
 921 -1.14134264 0.395828724 0.594832599 0.316790342
 922 1.12760794 0.101718366 0.919086993 0.627683520
 923 -1.10943770 0.134196401 -2.40833044 0.595849276
 924 -1.06924605 -0.282893866 1.57923996 0.121595323
 925 0.848149300 0.804711461 0.771465421 -0.305390120
 926 -0.896000028 -0.189588249 -0.651621222 -1.05914414
 927 0.748841763 1.04715109 -0.646515906 -0.913759530
 928 -0.477363288 -0.405245721 -0.539715350 -1.58920550
 929 0.425661743 -0.526303470 -0.575134158 0.893982887
 930 0.843778491 -0.625466883 1.06533229 0.496563137
 931 -0.206035703 -0.129439428 0.573690534 0.266427279
 932 1.01771462 -0.529708087 2.16987357E-02 0.395713747
 933 0.669477105 0.507679403 -1.27303648 -0.514301419
 934 -0.713384449 0.523051381 0.641403437 1.51353061
 935 5.82852289E-02 -1.89063013 1.69398332 0.882544756
 936 0.605485737 1.49296439 -2.16512012 -0.492292166
 937 -0.224480063 -0.943220139 7.00828135E-02 -1.84217918
 938 1.05325603 -1.03657317 -0.275715202 -0.840343952
 939 -0.246515200 -0.337285936 0.658385158 -1.31566668
 940 1.29636896 -0.737665057 1.22540474 0.137666270
 941 0.828764319 0.890848875 0.141304523 -0.499182701
 942 0.830407262 0.314612180 0.647456110 -1.10568786
 943 -2.02324986E-02 0.132347256 -1.59191382 -2.60501355E-03
 944 -0.263562292 0.718489289 0.205142200 -1.39946330
 945 0.807731688 0.691239178 1.96476102 7.98080266E-02
 946 -1.14715528 1.61751807 -1.26122606 -0.187891603
 947 -1.55088282 0.676277101 1.16969728 -1.48802519
 948 -2.47132230 1.40180218 -0.120656632 -1.13258827
 949 0.151117861 0.780620456 0.317263961 0.832866192
 950 -0.245532185 0.568012357 -0.429804862 -3.55394557E-02
 951 -0.257273674 1.62665474 1.36084878 1.17525530
 952 -1.21810925 -0.269345134 1.92021120 -0.351982147
 953 0.765692413 1.00260162 1.60859454 0.529218674
 954 0.392154813 1.11699748 1.00257599 0.955250144
 955 -1.79498494E-02 -1.05292106 -3.48195434E-04 0.308791041
 956 -1.20504391 0.935027599 -4.32553887E-02 -8.61033499E-02
 957 -9.42398533E-02 -0.312457263 1.03584242 0.330172271
 958 -0.569558918 -0.269191712 2.18738985 -0.234264150
 959 1.31761193 -0.980878830 0.905131638 0.268875360
 960 0.401409447 -0.223172933 -0.452607155 -0.376645774
 961 0.577746272 0.597206056 -0.979188204 -0.183535367
 962 0.548286319 -1.29704666 0.864690483 -1.80453002
 963 0.222636566 -1.09668970 -1.85789764E-02 -0.397572219
 964 -0.895719290 -0.443294585 0.767087638 0.575094759
 965 -0.549056172 -1.11062062 -0.272220016 1.69792521
 966 -0.361861140 0.960891128 -0.183697119 -1.78405404
 967 1.68894088 1.25807273 -0.246256754 0.415907055
 968 0.763493121 -0.843692958 0.690340996 -1.30764782
 969 0.127217576 1.82754421 2.39465642 -0.379936963
 970 -0.321700305 -0.449481070 0.327031076 0.465606928
 971 0.232276097 3.50025916 0.696088016 -1.16995764
 972 -0.975773096 1.43757427 0.313177943 -0.890635073
 973 0.310331404 0.819915891 1.21409202 1.11843181
 974 1.61779833 1.45120037 0.227093726 -0.167110428
 975 -0.785294235 -0.341899544 0.840837896 -0.240511656
 976 -0.474837840 -0.301043332 1.59765005 -0.699866831
 977 -1.59767377 0.154862881 1.46725917 -0.228820503
 978 -1.49961495 0.639513433 -0.968765020 -1.07222915
 979 -0.483766735 0.389768213 0.273461163 -1.45793712
 980 -2.82234836 -0.496221930 1.52528733E-02 -1.26008356
 981 1.66720057 0.532612920 0.798648834 0.106894419
 982 -1.04805303 1.02090001 -1.14982986 -1.10411108
 983 7.29937553E-02 0.563756704 0.321177572 -0.106200919
 984 -1.23581064 -5.16130105E-02 -0.907540262 -0.978852034
 985 0.128423944 0.776314020 -2.37487578 -1.13511491
 986 -0.653151989 -0.403307617 7.00705051E-02 -0.599417984
 987 0.753866315 2.51602197 1.36872530 -1.31449544
 988 -0.819217324 0.627875924 -1.39215791 -1.71891975
 989 -1.02343130 1.45666313 1.33196819 8.20845887E-02
 990 -1.15277636 -0.216302767 -0.270164669 0.399593741
 991 1.29908657 0.745033503 1.32124412 2.05494910E-02
 992 0.894853771 -1.43782318 0.656632960 0.209926590
 993 0.922991574 1.94073462 -0.151606187 -0.466979802
 994 -0.159158319 -0.444352806 1.28657055 -0.407815993
 995 0.807380080 1.99883831 0.789998293 -1.49059308
 996 -5.38586155E-02 0.604812860 -0.312168002 -1.10189831
 997 -0.723776579 1.26723003 6.39336407E-02 0.188712478
 998 -0.680582404 1.24648225 1.40196455 -1.16323006
 999 -0.158119544 1.28207195 -1.74216843 -0.159956217
 1000 1.04436207 -0.536052108 0.354098886 0.382560611
 1001 1.10955644 -1.39718688 -0.259582639 0.395046324
 1002 0.907589674 -0.347977966 -0.630894721 0.454695642
 1003 -1.03285956 0.312959969 2.58074737 -0.129076973
 1004 0.211727783 -0.267598689 -0.993050814 0.740904033
 1005 0.156657666 0.154286161 -1.03069019 -1.04091740
 1006 -0.331288755 1.55086052 -0.214595795 1.07334411
 1007 0.590888202 0.336053789 -0.758440077 1.45859087
 1008 -1.31909537 -1.37242818 0.391011894 0.750459850
 1009 0.788578749 6.14842176E-02 -0.122841150 -0.301315427
 1010 -1.01297903 -1.07073390 6.46908656E-02 0.193764403
 1011 -0.389936686 -0.774262190 0.553633571 -1.31948292
 1012 1.11701250 -0.353866279 -0.720956147 0.433811575
 1013 0.383799523 1.14056683 -7.05144554E-02 0.348922133
 1014 0.812308311 0.468828917 -0.108267002 -1.49243796
 1015 1.13377440 1.26488423 1.64954066 -1.43903530
 1016 -1.53613687E-02 0.901837170 0.722613573 0.215238184
 1017 -1.00203633 -0.491244376 -0.263820618 -1.51252186
 1018 -0.758325934 -0.670773745 0.410015583 -0.341996998
 1019 -0.916178167 -1.21778166 0.633263350 0.231629133
 1020 0.424730211 -0.348888218 0.423952013 1.11059129
 1021 -5.86889237E-02 0.789526641 -0.844954371 -1.60387516
 1022 0.180096030 -0.593820930 1.26243258 -1.18304813
 1023 -0.206866503 0.887220263 1.63261497 -1.68505991
 1024 8.95923972E-02 -0.219597518 -0.569621623 -0.962986946
 1025 1.91518164 1.00831747 0.582063317 -0.817817032
 1026 -0.139130116 -0.503600597 -0.429551363 -1.69490278E-02
 1027 1.38351274 -0.707972050 -0.758988619 -3.19488347E-02
 1028 -0.424507678 -9.65338945E-03 1.07324862 0.436260343
 1029 -0.250456333 1.30274987 1.47698689 -0.399324685
 1030 6.46175146E-02 0.837099135 2.24491334 -0.814607859
 1031 1.94810486 -2.41958857 -0.292284697 -0.927321374
 1032 0.369812727 0.436271787 -0.305496991 -0.205562174
 1033 0.144423291 -1.21053541 -0.940464556 -1.44519711
 1034 0.352552116 -0.627476454 -0.176403180 0.715717018
 1035 0.161713436 -0.490282953 0.562439084 1.21124673
 1036 3.97009254E-02 -0.660949826 -0.776540041 -0.237111390
 1037 -0.753569484 -0.214939088 -3.35036665E-02 0.268341988
 1038 1.24792933 -0.787571371 -0.919389427 -1.27084529
 1039 -1.62980270 -1.26447272 -0.229487479 1.67600763
 1040 -0.553583443 -0.904232323 -0.981556177 -1.36801267
 1041 -0.700296521 0.713543952 0.574460685 0.443166792
 1042 -0.112073429 -0.310042381 0.330008805 0.114970684
 1043 -1.10543990 -0.118038058 -0.838249326 -0.962907493
 1044 -0.845187426 -1.12523663 0.784571946 -0.894873679
 1045 -0.476998955 -0.451167762 -0.544212401 9.85722020E-02
 1046 0.608453929 -1.63034332 -1.34220421 -1.04120934
 1047 0.149798572 -1.15400541 -1.24955535 -1.77734995
 1048 -1.67167842 0.440041780 0.359259427 0.118340604
 1049 0.764396250 -0.581131995 -0.746582627 -1.30363309
 1050 -2.41407681 -0.969910145 -0.404788047 -1.73337615
 1051 -0.365133792 -2.51942182 -4.74374145E-02 0.254833043
 1052 -0.829526186 -0.744038343 0.277025789 -1.20498633
 1053 0.153079644 -0.628111899 0.966954827 -1.78120124
 1054 -1.58576444E-02 -1.75904763 -1.15342474 -1.08870649
 1055 1.02538109 -0.707264662 1.30654395 -0.584382057
 1056 -0.356986523 -0.228447497 0.347461611 -1.09007394
 1057 -0.843794823 5.29819131E-02 -1.49364424 -0.397920042
 1058 0.303493828 -1.51778066 -0.974177897 -1.21280360
 1059 2.63853192 0.391597033 -1.16052103 2.77597159E-02
 1060 1.52786100 0.524122715 -0.629418731 0.222577989
 1061 2.08663583 -1.97441757 -0.989119172 -1.07396722
 1062 0.510370612 -1.96545923 -0.690863490 -0.240423620
 1063 -1.52551687 -1.93518519 -1.11911750 -0.245996565
 1064 -0.243645221 -0.507692218 -8.78816023E-02 -1.60721695
 1065 -2.08651495 -1.72799706 0.959634542 -1.16738498
 1066 -2.83473921 -1.56936908 -0.875461817 1.14167407E-02
 1067 0.106307402 -1.27544546 -0.341544926 1.24924183
 1068 -0.211655512 0.202260658 0.256961823 5.15258387E-02
 1069 -0.759315670 -0.550441265 -0.979675353 -1.56641102
 1070 0.190696254 -0.960787773 4.35880721E-02 -1.68576217
 1071 -7.92860985E-04 0.126671344 -1.69742131 -1.38370776
 1072 -0.617101669 -0.619666100 1.56470835E-02 0.530946791
 1073 -0.834044099 -0.935093880 0.630906582 0.140768975
 1074 -1.74870145 -0.524231553 0.525652587 -1.23200810
 1075 -1.76985860 0.446492970 9.60340276E-02 -0.302903742
 1076 -1.28078473 -1.26150370 -0.482353777 0.347683430
 1077 -1.61789834 -2.11706758 -0.185248882 -1.33330786
 1078 -1.33021879 0.207877219 1.03513908 -0.160227016
 1079 -1.01666665 1.56716752 -0.741106272 -0.191088498
 1080 -8.58572870E-02 -1.88334596 0.524747849 -7.10179806E-02
 1081 0.196416020 1.15597379 8.86805654E-02 0.378176570
 1082 -4.11717892E-02 -2.13923788 -0.673207521 -1.26572371
 1083 -1.31170642 -0.772356570 -1.87809789 -1.30969191
 1084 -0.738114595 -2.39360976 -1.70037353 -0.133183077
 1085 -0.759997249 -0.925001979 -1.62435102 2.64942124E-02
 1086 -0.747235894 -0.345502526 -1.05465341 0.247589454
 1087 -0.120950788 -3.26349998 -2.08363795 0.545754671
 1088 -0.735369861 -2.36122274 0.449123204 -0.154408187
 1089 -0.554037273 -1.57932138 1.35141945 -0.687668383
 1090 0.822388649 1.03979838 -0.798636138 -0.962833405
 1091 -0.275050282 -1.71139181 -0.942563534 1.51451492
 1092 0.230868936 -0.624802470 0.184047699 -1.11180437
 1093 0.305349380 0.250344008 0.488980681 1.46356177
 1094 -0.317806184 0.297078997 -0.364080399 0.616175354
 1095 3.53315473E-03 -1.75913215 3.16614620E-02 1.37890673
 1096 -2.98577142 -0.207536787 -0.685726047 0.347900689
 1097 -1.03611457 -1.89808202 -1.22495008 0.198906958
 1098 -1.25562882 -0.298133016 -3.64683867E-02 -1.51491094
 1099 0.768951654 -2.47981024 -0.921970904 5.37467152E-02
 1100 0.308448821 -0.522411108 -1.06298089 -1.08901536
 1101 -3.88452262E-02 -1.07306838 -0.425720930 -1.05314076
 1102 -0.368302286 -1.48613417 0.706780553 0.362751245
 1103 -0.145765513 -1.27121806 -1.01032972 0.163247541
 1104 1.03574312 -0.911313713 0.339856982 -0.758203745
 1105 -0.633384764 -0.605876565 -0.485228419 -7.51438737E-03
 1106 -2.65827394 -1.37143588 7.46970177E-02 1.07548892
 1107 -3.94326448E-03 0.264051050 -0.266849965 -0.881113231
 1108 -1.29777193 -0.736341834 1.37628391E-02 0.617082953
 1109 -3.06494534E-02 0.180694103 -2.17343330 0.451906323
 1110 0.839532733 0.437997997 -0.600862920 -7.84283504E-02
 1111 1.84461308 -1.00432658 -0.542954445 1.57781601
 1112 -2.27905655 -0.434633076 -0.743191183 0.366619408
 1113 0.325600892 -0.235753298 -1.06307268E-02 4.38073277E-03
 1114 -0.616865218 0.261974394 -1.24487877 -5.76350540E-02
 1115 -1.20881367 -2.38007331 -0.986928344 0.216901988
 1116 -0.539569199 -0.452879846 -0.676273882 0.435219169
 1117 0.574395061 -0.279573053 9.16840285E-02 -1.21216011
 1118 -3.58148980 -1.33240902 -1.43882239 -0.256144017
 1119 -1.52355707 -1.17069709 0.104330555 -4.71170992E-02
 1120 -1.29745519 3.61614376E-02 -1.03615499 1.15740669
 1121 -1.06704664 -0.958732069 0.808889985 1.35879660
 1122 -1.57678127 -0.181006074 0.915638804 1.91516483
 1123 -0.525224686 -0.117062286 -0.173012078 9.89944711E-02
 1124 0.129501760 -1.24568033 0.676708996 -0.853699148
 1125 -0.127477869 -1.21974945E-02 -0.756881356 -1.32935071
 1126 -0.161886141 1.11342645 -4.64121997E-02 0.677680254
 1127 1.36609101 -0.242194951 -0.814021349 -1.02473533
 1128 0.577632487 -0.973416924 -0.402371258 -0.730837107
 1129 -1.51410949 -0.749534667 -0.202494055 6.47632703E-02
 1130 -1.01475286 -2.19078517 1.37723219 -0.773280501
 1131 1.69368887 -0.326665491 0.389848411 1.96245098
 1132 -1.58558500 -1.17969644 -0.816364646 -1.15631521
 1133 -0.133617625 -0.958120644 -2.06121016 0.687642694
 1134 -0.113240153 -1.36397457 -0.188947290 -0.935882568
 1135 -0.370698839 -0.113314018 -0.950873613 1.27449894
 1136 -4.10927534E-02 0.597036481 -0.365206927 4.00612056E-02
 1137 0.600020647 -1.37034047 0.837401628 0.359372258
 1138 -2.69645596 -0.801493645 -2.03706598 -9.76197869E-02
 1139 1.12484050 -0.656765699 -0.402309626 1.19900930
 1140 1.34094274 0.627530038 -0.322767854 1.74975228
 1141 1.12297916 1.17916155 -1.49804020 -7.87932873E-02
 1142 -0.878032148 1.53461969 -7.38772973E-02 1.44694185
 1143 1.07798672 -0.415331870 -0.542116404 1.14533901
 1144 0.288055420 0.149086922 -0.236337125 1.60422087
 1145 7.09161013E-02 -1.40089738 -1.66037822 0.859667897
 1146 0.537149847 -0.386341333 -0.592531681 0.402932227
 1147 -0.267421663 0.135113686 -0.945012152 0.193485931
 1148 5.71153983E-02 0.633448243 1.96779072 0.507518589
 1149 -0.562434435 0.352532089 1.71849775 1.77445352
 1150 0.184193462 0.182069480 -0.763387680 1.38822150
 1151 -0.826784790 -1.47224498 1.24817109 2.31118917
 1152 0.100823961 1.28242671E-02 -0.158903971 0.437700212
 1153 0.343283802 0.195685387 0.280027300 1.14805281
 1154 0.480822474 -0.189415678 0.841311276 0.919535637
 1155 0.612907410 0.772271752 -4.31837365E-02 1.81893802
 1156 0.852099180 -8.30953717E-02 3.63722444E-02 1.42934430
 1157 0.100278109 -2.60884142 -0.970089138 1.36577058
 1158 0.430917680 0.864198148 9.93374810E-02 2.56079435E-02
 1159 -0.820752680 -0.153837457 9.02851298E-02 1.02048171
 1160 0.162887990 0.984072328 -0.749762177 -0.521099508
 1161 -5.24726063E-02 0.716719091 -1.15296686 1.85005736
 1162 9.91185233E-02 0.536751986 0.210993201 0.583785713
 1163 -0.275682688 -0.822292984 0.657366455 0.619547129
 1164 -0.555296183 -0.863548934 -1.72028756 0.833146095
 1165 1.25257349 0.976504922 -1.10255611 0.334499657
 1166 -1.51739466 -0.933963180 1.10692358 2.07022023
 1167 -0.529676855 1.13380027 -0.887380838 1.72896576
 1168 0.214334533 -0.121978909 1.79276693 0.319907457
 1169 -0.613598406 2.01333618 -0.801405132 0.174370170
 1170 0.209312618 0.230767041 -1.68823910 1.86400759
 1171 0.396362603 2.10335970 -8.07592869E-02 8.86777863E-02
 1172 1.57412517 1.31031013 -1.13097811 -1.13657200
 1173 0.486726016 -0.745884657 -2.35229230 1.87857425
 1174 -1.12472403 -0.380512357 -1.70251858 1.24475360
 1175 -1.83883333 2.22252250 0.808881402 0.464589179
 1176 1.43134725 -4.08530980E-03 0.399090886 1.02684820
 1177 3.18391100E-02 0.615315855 -1.34993613 5.24641722E-02
 1178 1.02618504 2.05036592 -1.54104078 0.715558290
 1179 0.671940267 -0.579244971 -0.296957493 0.237354428
 1180 0.503397703 2.04296637 1.97793043 1.33050680
 1181 1.30342638 0.928954959 -1.33570862 1.93098891
 1182 -4.72933948E-02 -0.660177767 0.364115655 1.69054270
 1183 0.869047463 1.31541312 0.712780595 1.15569544
 1184 0.705048203 -0.560852766 -0.485444665 6.26840293E-02
 1185 1.88974023 2.34981680 0.965316296 1.38491917
 1186 0.862195551 -1.90598977 -0.630112767 1.39547825
 1187 0.255237401 1.63616037 0.189694852 0.231662929
 1188 1.07641220 1.04231977 -1.23240685 1.75040710
 1189 2.06503057 -0.545392632 -0.699224293 -0.179028541
 1190 -1.46041441 1.14056206 1.14170694 1.77496111
 1191 -1.65580189 0.187329829 -1.81880891E-02 1.56041563
 1192 1.61767852 0.606847048 -4.16524261E-02 1.13392568
 1193 1.32418835 1.97136021 1.24355757 -0.521891475
 1194 0.568564951 -0.388671398 -1.03285587 1.36564815
 1195 0.598487973 0.746989965 -1.06930268 -0.541294813
 1196 -0.124098659 -9.93416384E-02 6.80875927E-02 1.46077049
 1197 1.94762564 -0.420315444 -1.34175682 0.432260573
 1198 1.78811634 1.16294181 0.404206753 0.458141536
 1199 0.619543850 0.588622093 -1.03316641 1.93721247
 1200 2.36099148 0.917527020 -0.437538058 0.471672982
 1201 -1.04553592 -0.260471135 0.799493432 -0.256032914
 1202 1.23911381 2.49876833 0.699716687 -0.262266576
 1203 0.886028886 -2.04138905E-02 -0.482259214 0.843671560
 1204 0.279180646 -0.431501746 7.74841309E-02 0.127968416
 1205 1.12993813 0.526767612 -1.06507111 1.41729319
 1206 -1.89112520 -7.76912272E-02 0.433303028 1.14858818
 1207 -1.32198763 0.877023220 -1.28257382 0.300840765
 1208 0.169985116 1.82931983 0.721161366 -0.945414424
 1209 1.24526501 0.682930946 0.247597039 0.924892962
 1210 1.17220020 2.37768888 0.297402024 -0.996356905
 1211 0.328729481 1.18547738 -1.43328071 2.40837908
 1212 1.10879171 -1.56710482 -0.603718877 1.35167348
 1213 0.152230650 -0.877310157 1.74997759 1.38792527
 1214 2.33879614 -0.125715673 -0.508723140 0.104161628
 1215 -3.09649277 1.93544459 -0.156181052 1.52770817
 1216 0.746307611 -0.403289139 -0.259771526 1.09892011
 1217 0.743555009 0.581688285 -1.68868494 1.33102477
 1218 -0.435608029 0.270314932 -1.01645720 1.71536922
 1219 1.57554233 -0.897382140 0.502633929 1.64677155
 1220 -1.17816997 1.67557943 0.239444792 1.75008595
 1221 0.962027729 0.950843275 -0.428749412 1.44319844
 1222 -0.931394815 1.50530934 1.76931918E-02 1.82116854
 1223 0.510005295 -0.575099289 -0.106282435 -0.935843825
 1224 -0.199341610 0.640485764 -1.93675506 0.610885203
 1225 0.393197864 1.19220769 4.32017744E-02 2.37092519
 1226 -0.625578880 -1.46424919E-02 -0.520895422 1.98606753
 1227 -0.597898841 9.51170176E-03 -3.86710651E-02 -0.468098044
 1228 -0.793814719 0.311483443 -0.258111864 1.76468813
 1229 0.459128141 1.76201832 -0.622556031 1.72848094
 1230 -1.86472058 0.686662614 -0.381044656 -0.453352928
 1231 -0.931037128 -1.55981028 -7.04612434E-02 1.54747486
 1232 -0.194400489 -0.354197919 -0.814781308 1.84796786
 1233 1.20548081 -0.182402834 0.844209373 0.499233276
 1234 -1.19232237 0.833214998 -0.825517654 1.40021873
 1235 -9.03485864E-02 0.979418337 -0.121604890 -0.931947470
 1236 -0.830105960 -1.28677201 -1.04121649 2.11498642
 1237 1.27763033 0.308928311 0.981327772 0.318024814
 1238 1.02602422 -0.260258675 -1.08293772 1.31008613
 1239 -0.801819026 -0.377323478 -1.31876135 1.94752336
 1240 7.71074742E-02 -1.11102462E-02 -1.00134957 1.08308887
 1241 1.06880581 0.374439120 -0.465972781 2.01298738
 1242 1.30955672 -1.88937783E-03 1.18662202 -1.03306127
 1243 -1.36321616 0.509326041 -1.75721908 1.53693700
 1244 -3.37448865E-02 -2.16827178 -9.53612924E-02 1.87611401
 1245 0.668070436 0.793541074 -0.313089579 1.70767272
 1246 0.508509159 0.905189931 8.47884864E-02 1.47255874
 1247 -0.502603292 2.24396110 -2.63278985 1.90029228
 1248 -1.13825047 0.882915914 -2.55732799 1.49218178
 1249 -0.921855927 0.808068991 0.288419843 1.20800853
 1250 0.446036041 0.981188059 -0.831207871 1.09793007
 1251 1.34268987 1.11439323 -2.05306530 1.21128035
 1252 0.833529472 5.65175861E-02 -0.583660662 0.854524136
 1253 4.42911834E-02 1.97445989 -0.158785388 0.217195526
 1254 1.70960617 0.856425643 -1.39876258 1.28490376
 1255 0.628718734 -0.259996384 0.472780526 0.177032337
 1256 0.415106148 0.789140522 1.05755639 -0.626988292
 1257 -0.158355743 -0.404161066 -1.27727294 1.40650606
 1258 -1.27434242 1.02448761 0.830353975 1.84638083
 1259 0.101602226 0.136878818 -0.556521416 0.423160106
 1260 0.449755013 0.118994504 -0.534266949 1.70001709
 1261 -0.589804530 2.45447993 -0.624928594 0.487188339
 1262 1.67126787 -0.856005013 -0.207887858 1.21480644
 1263 -0.708271980 0.774707556 -0.458818465 1.87924778
 1264 0.658447564 1.22374976 -0.274526924 1.51248562
 1265 -1.07230353 0.610944688 -0.975474954 2.03699327
 1266 2.41386461 1.37392437 0.506219685 -1.05172229
 1267 -0.651574731 0.779317677 -1.78464651 1.21033311
 1268 0.855508626 -7.37692267E-02 -0.638662636 1.97229457
 1269 0.274398357 1.39348805 -0.877700686 1.17241049
 1270 -0.492931873 0.341466010 0.422885060 1.25813913
 1271 -2.41658044 1.14903224 0.449087530 1.77342212
 1272 -0.786262751 0.103687152 0.287177831 1.94932199
 1273 0.963648081 -0.703749478 2.06303406 -0.268576324
 1274 -2.89553165 0.615083575 -9.73194242E-02 1.57303762
 1275 -1.05942345 1.54174960 0.562268555 1.98113084
 1276 0.199489966 0.728872776 -6.31969869E-02 -6.94022477E-02
 1277 -1.33239329 -0.621240377 0.641051710 1.18393826
 1278 -0.912506640 1.47241032 -1.49657393 0.730171978
 1279 0.828859806 0.468942046 -0.970123172 3.19488123E-02
 1280 1.84915555 -0.139230251 0.117791645 1.42852712
 1281 2.97511220E-02 -0.575953841 1.81286621 0.197399706
 1282 2.42946410 1.00893664 0.841520667 -0.255934358
 1283 -2.19397473 0.309386671 0.393461645 2.25534797
 1284 2.17050624 -0.352599680 -0.575842559 0.347089767
 1285 0.930847704 0.906099677 0.412155509 1.05950975
