probIn varB
0.4044152 0.0004110155
0.3708037 0.0003706863
0.3612283 0.0003463501
0.3482548 0.0003356136
0.329691 0.0003355761
0.3234926 0.0003178301
0.3121382 0.0003097297
0.301363 0.0002935651
0.289835 0.0002817915
0.2837094 0.0002894852
0.2751283 0.0002869556
0.2739072 0.0002759533
0.2659773 0.000280072
0.2600656 0.0002803401
0.2578916 0.0002821407
0.2575052 0.0002922851
0.256304 0.0002925859
0.2614239 0.0002939681
0.2493362 0.0002861892
0.2519318 0.0002869259
0.2577547 0.0002902864
0.2619799 0.0002834675
0.2648857 0.0002733773
0.264776 0.0002792076
0.2664278 0.0002820122
0.259514 0.000295499
0.2633221 0.0002928964
0.2685172 0.0002855812
0.2642994 0.000286989
0.2636226 0.0002849435
0.2613989 0.0002913118
0.259858 0.0002982874
0.2673769 0.0002960626
0.2694729 0.0003097458
0.2611421 0.0003075723
0.2564449 0.0002992637
0.2824163 0.0003008598
0.2670171 0.0002931499
0.2673516 0.000299432
0.2745803 0.0002884695
0.2803848 0.0002885871
0.2863625 0.0002872721
0.2842741 0.0002777527
0.2951794 0.0002696647
0.2982907 0.0002866944
0.2836686 0.0002917357
0.2784856 0.0003026169
0.2727982 0.000306054
0.2690511 0.0003090931
0.2766892 0.0002985179
0.2757716 0.0002983448
0.2732443 0.0003043999
0.2880288 0.0002988417
0.2854714 0.0003087281
0.2897053 0.0002990548
0.2871435 0.0002836815
0.2906227 0.0002805426
0.2884524 0.0002797534
0.2774216 0.0002788279
0.2776417 0.0002789261
0.2789174 0.0002866379
0.2801099 0.000277833
0.2785131 0.0002816994
0.2700348 0.0002703465
0.2740627 0.0002803343
0.272538 0.0002791009
0.2758478 0.000284766
0.2801346 0.0002808518
0.2715856 0.0002829528
0.2764339 0.0002717335
0.2855987 0.0002712765
0.282484 0.0002760384
0.2826246 0.0002787458
0.2752546 0.0002762098
0.2701303 0.0002691005
0.2757169 0.0002798416
0.2897952 0.0002789067
0.2971514 0.0002739792
0.3053616 0.0002720165
0.2965595 0.0002846556
0.2905965 0.0002778449
0.287999 0.0002708564
0.2906522 0.0002839245
0.2812592 0.0002786606
0.2869519 0.0002875664
0.275667 0.0002966577
0.2640089 0.0002939902
0.2574137 0.0003065555
0.254974 0.0003025322
0.2486246 0.0003005692
0.2534978 0.0003003178
0.2556508 0.0002885118
0.2649628 0.0002808848
0.2533749 0.0002805389
0.25251 0.0002774176
0.2584409 0.0002792493
0.2624076 0.0002772926
0.2648584 0.0002737697
0.261209 0.0002761189
0.273199 0.0002809558
0.2768846 0.0002829437
0.2799882 0.0002775517
0.2814222 0.0002780643
0.2736941 0.0002735866
0.2752683 0.0002742916
0.2854584 0.0002764638
0.2885057 0.0002828427
0.2876257 0.0002797147
0.2751975 0.00027945
0.2831803 0.0002860786
0.290375 0.0002876156
0.2957221 0.0002952279
0.2898853 0.0002901112
0.3040513 0.0002893377
0.3103847 0.0002905637
0.3083504 0.000293127
0.3140329 0.0002796593
0.3074185 0.0002835594
0.3078644 0.0002811403
0.30165 0.0002887082
0.3011933 0.0002829191
0.3025878 0.0002890472
0.2983998 0.0002825265
0.2953938 0.0002771277
0.2934202 0.0002828928
0.2871981 0.0002856584
0.2828819 0.0002913805
0.2801341 0.0002996228
0.2810832 0.0002947035
0.2890136 0.0003017243
0.2922009 0.0002959493
0.2961829 0.0002939388
0.3126221 0.0002832669
0.2955764 0.0002793702
0.2990999 0.0002865365
0.2966592 0.0002869177
0.294753 0.000289326
0.2948628 0.0003003244
0.2913335 0.0002900634
0.2788046 0.0002996935
0.2761691 0.0002895347
0.2816139 0.0002881269
0.2790771 0.0002919949
0.281103 0.0002945915
0.275464 0.000303894
0.2732013 0.0002933927
0.2788155 0.0003023576
0.2914087 0.0002944099
0.2838096 0.00030614
0.2777385 0.0003077158
0.2806277 0.0003082939
0.2763103 0.0003153927
0.2774203 0.000313801
0.2784534 0.0003159955
0.2689622 0.0003160216
0.2802175 0.0003123025
0.271399 0.0003058569
0.2630694 0.0003057473
0.2616462 0.00031305
0.2535281 0.0003244742
0.2435117 0.00033168
0.2490792 0.0003385719
0.2507358 0.0003234079
0.2533957 0.0003180539
0.2556755 0.0003280097
0.2620543 0.0003204482
0.2515332 0.0003235668
0.2538084 0.0003211481
0.2540735 0.0003262273
0.2612738 0.0003192207
0.2539345 0.0003303788
0.2461057 0.0003392016
0.2464289 0.0003443254
0.2386959 0.0003601925
0.2332704 0.0003575858
0.2318935 0.0003685826
0.2341248 0.0003620809
0.2310066 0.0003767295
0.2353194 0.0003725887
0.2313363 0.000388068
0.2264928 0.0003784026
0.2307062 0.0003852341
0.2285097 0.0003882034
0.2304308 0.000377592
0.2321638 0.0003781383
0.233975 0.0003707382
0.2361713 0.0003591403
0.2401184 0.0003545696
0.2413115 0.0003486362
0.2376228 0.0003578712
0.240941 0.0003746798
0.2321398 0.0003672688
0.2368417 0.0003785492
0.2374822 0.000362607
0.2352756 0.0003746659
0.2409139 0.0003674977
0.2363006 0.0003589259
0.2480688 0.0003481061
0.2504453 0.0003476669
0.256268 0.0003437576
0.2556508 0.0003322285
0.2596882 0.0003443055
0.2562336 0.0003488309
0.2415951 0.0003523992
0.2450908 0.0003460886
0.2439159 0.0003536656
0.2369112 0.0003606731
0.2299906 0.0003728549
0.2336805 0.0003699225
0.2314813 0.0003750444
0.2358502 0.0003700451
0.2310699 0.0003839175
0.2350332 0.0003905974
0.2347774 0.0003897143
0.2319297 0.0003860197
0.2270202 0.0003886554
0.234464 0.000387692
0.2346205 0.0003766142
0.2395744 0.0003679981
0.2350199 0.000368211
0.2314037 0.0003731101
0.2255256 0.0003785121
0.2298921 0.0003777637
0.2283716 0.000372965
0.2344411 0.0003806864
0.2313575 0.0003817761
0.2277092 0.0003797034
0.2338246 0.0003820314
0.2240692 0.0003807329
0.224924 0.0003881162
0.2200827 0.0003863268
0.218641 0.0003839901
0.2171504 0.0003885607
0.2087966 0.0003696515
0.2111365 0.0003567412
0.2100672 0.0003690535
0.2161511 0.0003727405
0.2062096 0.0003726042
0.2085943 0.0003610869
0.2051118 0.0003524475
0.2144757 0.0003580068
0.2211458 0.0003775495
0.2229998 0.0003684529
0.2185078 0.0003705142
0.2240373 0.0003670274
0.222613 0.0003863093
0.2196225 0.0003824878
0.2242294 0.0003839101
0.2254509 0.0003720223
0.2280403 0.0003791411
0.223097 0.0003805545
0.2164573 0.0003977193
0.2248137 0.0004038459
0.2173874 0.0004007574
0.230765 0.0004069265
0.224707 0.0004035488
0.2189332 0.0003855161
0.2375939 0.0003859084
0.2420555 0.0004062774
0.2372768 0.0003983711
0.2394971 0.0004156781
0.239543 0.000399372
0.2424961 0.0003998948
0.2359114 0.0004016217
0.2402108 0.0004043281
0.2374744 0.0004205097
0.2297037 0.0004137005
0.2258457 0.0004111628
0.229777 0.0004324582
0.2206933 0.0004426189
0.2237229 0.000424068
0.2193951 0.0004250671
0.2217401 0.0004246249
0.2268851 0.0004494755
0.2312772 0.0004278755
0.2326668 0.0004346243
0.2311121 0.0004438253
0.2274983 0.0004648452
0.2258437 0.0004400434
0.227653 0.0004380157
0.2250066 0.0004194799
0.2221067 0.0004321464
0.2185311 0.0004448649
0.2175656 0.0004328001
0.2196684 0.0004287692
0.2231614 0.000420734
0.2244473 0.0004228991
0.230618 0.000417791
0.232278 0.0004064692
0.2158197 0.0004079264
0.2271719 0.0004201667
0.2440858 0.000407889
0.2511258 0.0003921734
0.2366768 0.0004039303
0.2522032 0.000387929
0.2537311 0.0003951124
0.2511844 0.0004022831
0.2508275 0.0003994984
0.2475415 0.000404174
0.2477298 0.0004058425
0.2534604 0.0004014677
0.2545301 0.0003954657
0.2511006 0.0003905144
0.2491762 0.0003992944
0.2465397 0.0004042502
0.2496161 0.0004053833
0.2386524 0.0003960046
0.2371109 0.0003858604
0.2403368 0.0004077276
0.2350821 0.000398648
0.2214726 0.0004092118
0.2172403 0.0004181753
0.2135648 0.0004251344
0.2204524 0.0004140995
0.2148737 0.0004097809
0.221833 0.0004295201
0.2130089 0.0004376235
0.212366 0.0004713984
0.2150599 0.000469448
0.2148965 0.0004671262
0.2138628 0.0004689079
0.2149454 0.000474363
0.2106996 0.0004633899
0.2094404 0.0004773903
0.219847 0.0004780965
0.2125127 0.0004804757
0.2113118 0.0004816311
0.206586 0.0004763114
0.2119608 0.0004579347
0.2106967 0.0004504344
0.2133086 0.0004469395
0.2152633 0.0004472089
0.2033603 0.0004548613
0.2085866 0.000453805
0.2019083 0.0004555562
0.2003617 0.0004508087
0.2016229 0.0004635863
0.2064942 0.0004735987
0.2119034 0.000463914
0.2064094 0.0004525632
0.20812 0.000457381
0.2016929 0.0004736852
0.2108052 0.0004664673
0.204366 0.0004606862
0.2013233 0.0004562853
0.2087287 0.0004515112
0.2024941 0.0004465403
0.1929483 0.000448311
0.1955736 0.0004588183
0.1951769 0.0004807438
0.1964965 0.0004998912
0.1925034 0.0004796794
0.1969088 0.0004720908
0.1911857 0.0004868414
0.1852902 0.0004842528
0.1957429 0.0004882516
0.1865747 0.0004910425
0.195328 0.0004792291
0.1961735 0.0004757454
0.1987577 0.0004696302
0.204684 0.0004751889
0.2033732 0.0004650737
0.2044965 0.0004553506
0.2036982 0.0004595414
0.2082738 0.0004411482
0.2184564 0.0004622268
0.2172643 0.000468575
0.2138937 0.0004650602
0.2086441 0.0004691223
0.2154399 0.0004797253
0.2209405 0.0004886799
0.2160824 0.0004567843
0.2204437 0.0004556728
0.2195704 0.0004841029
0.2032768 0.0004853342
0.2068185 0.0004954397
0.2069054 0.0004862874
0.1978652 0.0004845648
0.1991543 0.0004902871
0.2075432 0.0004983791
0.2069989 0.0004847433
0.2117749 0.0004836448
0.2108635 0.0004774795
0.2105935 0.0004652632
0.2168667 0.0004500621
0.2165518 0.0004501018
0.2083235 0.0004635223
0.2056377 0.0004684954
0.2036487 0.0004751562
0.2026586 0.0004936238
0.2033447 0.0005037748
0.2032944 0.0004853034
0.2002347 0.0004811611
0.201177 0.0004830428
0.2053341 0.0004696886
0.2043535 0.0004718245
0.2011868 0.000479298
0.2050868 0.0004838462
0.2070317 0.0004729047
0.2045252 0.0004701883
0.2075951 0.0004643242
0.209808 0.0004551446
0.2117202 0.0004649376
0.2086395 0.0004462351
0.2252547 0.0004385165
0.2302984 0.0004436257
0.2231495 0.0004389187
0.223535 0.0004455125
0.2212931 0.000459978
0.2174596 0.0004493727
0.2268529 0.0004457201
0.2235066 0.0004484742
0.2135701 0.0004424836
0.2081338 0.0004495188
0.2115371 0.0004509914
0.2170408 0.000439529
0.2170368 0.0004431386
0.2115586 0.0004513174
0.2105458 0.0004620469
0.2141246 0.0004671915
0.2074217 0.0004720286
0.2070627 0.0004780104
0.2089932 0.0004761957
0.2075499 0.0004825443
0.2008339 0.0005005868
0.198891 0.0004928373
0.2072378 0.000487707
0.2021324 0.0005001153
0.1962243 0.0005119778
0.2010834 0.0004953063
0.1951817 0.0005019348
0.1973391 0.000490073
0.2002964 0.0004851133
0.1953635 0.0004834854
0.1939674 0.0004647823
0.2042588 0.000468772
0.1993915 0.0004804732
0.199367 0.0004708153
0.1909004 0.0004690078
0.1943038 0.0004689588
0.1964527 0.000461648
0.2055598 0.0004677978
0.2053827 0.0004464502
0.2097198 0.0004437413
0.2140703 0.000435277
0.2055322 0.0004536469
0.2008925 0.0004396798
0.2110387 0.0004545917
0.2104447 0.0004622456
0.2017946 0.0004463917
0.1977899 0.0004482366
0.1994342 0.0004683209
0.2048511 0.0004625328
0.2015706 0.0004672823
0.2037714 0.0004556517
0.2093094 0.0004488092
0.2075463 0.0004685309
0.2054787 0.0004750796
0.2078456 0.0004830927
0.2068374 0.00046595
0.2087989 0.0004604027
0.2090637 0.000464763
0.197953 0.000455558
0.2021435 0.0004454828
0.2050333 0.0004433304
0.2126387 0.0004469902
0.2144947 0.0004366504
0.2112708 0.0004396261
0.2178528 0.0004308351
0.2229351 0.0004166556
0.230183 0.0004192527
0.2302072 0.0004153592
0.2257927 0.000418106
0.2202559 0.0004125391
0.2227474 0.000426302
0.225015 0.0004255929
0.2323916 0.0004340135
0.2346363 0.0004204207
0.2320588 0.000424627
0.2255602 0.0004186592
0.2279973 0.0004316858
0.2281507 0.000428785
0.2305485 0.0004214047
0.2323004 0.0004232314
0.2464666 0.0004280341
0.2457062 0.0004100969
0.2439065 0.0004163734
0.2511936 0.0004053131
0.2537851 0.0004210694
0.2424501 0.0004251498
0.2344769 0.0004237321
0.2335802 0.0004353657
0.2320922 0.0004160732
0.2418846 0.0004368514
0.2351296 0.0004408314
0.2378352 0.0004478165
0.2322914 0.0004391949
0.2415471 0.0004418644
0.2376597 0.0004409894
0.2394275 0.0004456055
0.2406942 0.0004472862
0.2327431 0.0004475685
0.2335548 0.0004316271
0.2376513 0.0004369048
0.2422833 0.0004174777
0.2410822 0.0004241024
0.2305751 0.0004236465
0.2343553 0.0004236595
0.2401757 0.0004147463
0.2383203 0.0004128539
0.2391382 0.0004189871
0.2344434 0.0004188273
0.2330547 0.0004301697
0.2292292 0.0004361421
0.236937 0.0004386857
0.243056 0.0004346049
0.2331453 0.0004232718
0.2342717 0.0004257132
0.2372482 0.0004177555
0.2332107 0.0004118049
0.2281625 0.0004123169
0.2277538 0.0004133337
0.2285857 0.0004289162
0.2260781 0.0004368142
0.2214951 0.0004456783
0.2260211 0.0004403569
0.2216761 0.0004411876
0.2192982 0.0004373856
0.2140827 0.0004279765
0.214729 0.0004403486
0.2196589 0.0004255192
0.2124172 0.0004347413
0.212179 0.0004404492
0.2121718 0.0004295286
0.2097047 0.0004633988
0.2078983 0.0004489845
0.2114869 0.0004401468
0.2097283 0.0004318528
0.2074266 0.000431929
0.2111254 0.0004226364
0.2136919 0.0004131677
0.2125752 0.0004052569
0.2116153 0.0004099544
0.2189044 0.0004245975
0.2206897 0.0004312367
0.206655 0.0004396572
0.2040905 0.0004479974
0.214101 0.0004371627
0.2118879 0.000424085
0.2072713 0.0004264869
0.2145874 0.0004252757
0.2114185 0.0004480839
0.2000423 0.000464368
0.2032046 0.0004643575
0.2148073 0.0004780045
0.2201288 0.0004638863
0.2078808 0.0004714183
0.2184932 0.0004673162
0.2163605 0.0004515882
0.2166892 0.0004688423
0.208724 0.000472033
0.2187297 0.0004561056
0.2217424 0.0004412159
0.2253922 0.0004292594
0.2244538 0.0004274722
0.2289517 0.0004271302
0.2234779 0.0004235155
0.2227751 0.0004282176
0.223007 0.0004166135
0.2233483 0.0004189386
0.2282119 0.000420684
0.2277964 0.0004352286
0.2223711 0.0004391879
0.2281135 0.0004300385
0.2303044 0.0004185462
0.2263427 0.0004172716
0.2332375 0.0004105586
0.2226846 0.0004130933
0.2283006 0.0004104241
0.2291438 0.0004233202
0.2231071 0.0004225705
0.2321916 0.0004219423
0.2204636 0.0004216931
0.2322566 0.000416685
0.2305098 0.0004263235
0.2204249 0.0004321241
0.2184616 0.0004405804
0.2173372 0.0004508004
0.2090463 0.0004685923
0.2148672 0.0004459294
0.2107965 0.0004521209
0.2167047 0.0004369005
0.2106991 0.0004349318
0.2120488 0.0004313384
0.210564 0.000440836
0.2162844 0.0004420264
0.2088068 0.0004381529
0.217936 0.0004373708
0.2185894 0.0004388859
0.2154386 0.0004378375
0.2110663 0.000441493
0.2220471 0.000440289
0.219995 0.0004530283
0.2162785 0.0004368919
0.2287739 0.0004311298
0.2232378 0.0004413079
0.2182916 0.0004290198
0.2165343 0.0004321147
0.219195 0.0004263969
0.2222699 0.0004388458
0.220311 0.0004223311
0.2233875 0.0004241238
0.230286 0.0004121706
0.2338854 0.0004030769
0.2263748 0.0003956958
0.2324269 0.0004107317
0.2370105 0.0003985899
0.2248907 0.0004136058
0.2308141 0.0004103096
0.2295395 0.0004212908
0.2329485 0.0004238884
0.2336528 0.0004166331
0.2347566 0.0004166648
0.2325198 0.0004025015
0.2348458 0.0004125193
0.2211979 0.0004157449
0.2256192 0.0004041717
0.2204862 0.0004145648
0.22572 0.000402935
0.2300056 0.000402424
0.2437033 0.0003986842
0.2375701 0.000408544
0.2265136 0.0004254045
0.2350965 0.0004157754
0.2297939 0.0004264548
0.2291544 0.0004435047
0.2255069 0.0004456394
0.2277366 0.0004504051
0.2260407 0.0004376067
0.2151811 0.000439393
0.2306613 0.0004485558
0.2211329 0.0004538009
0.2238391 0.0004531386
0.2256852 0.0004462634
0.2293883 0.000444505
0.2302501 0.0004418623
0.2368799 0.000436775
0.2369973 0.0004417934
0.2339739 0.0004502543
0.2407602 0.0004367558
0.2339341 0.000425279
0.2369066 0.0004302475
0.2414488 0.0004191164
0.2413112 0.0004046083
0.2452063 0.0003982314
0.2426395 0.000380627
0.2522678 0.0003668389
0.2564949 0.0003675432
0.2514417 0.0003645844
0.2501951 0.0003670423
0.2543505 0.0003736403
0.2487444 0.0003832026
0.2442647 0.0003788779
0.2470078 0.0003993286
0.248898 0.0003947733
0.2437877 0.0003986648
0.2375795 0.000394167
0.2422268 0.0003905163
0.2418486 0.0003880901
0.2488866 0.0003965613
0.2617647 0.0003773803
0.2604739 0.0003819724
0.2624553 0.0003711431
0.2674196 0.0003738815
0.251884 0.0003781573
0.2610974 0.000376637
0.255318 0.0003717605
0.2634135 0.0003735204
0.2598951 0.0003757616
0.2554693 0.000374716
0.2569784 0.0003927216
0.2541693 0.0003973125
0.2602551 0.0003914833
0.272981 0.0003758953
0.2668668 0.0003780714
0.2772005 0.0003624049
0.2837878 0.0003722034
0.2800442 0.0003646986
0.2768362 0.0003715948
0.2702572 0.0003742505
0.2673172 0.0003813314
0.2657359 0.0003540263
0.2743098 0.0003389823
0.2802518 0.0003414252
0.2752632 0.0003444923
0.2788965 0.0003548405
0.2711923 0.0003660963
0.2667703 0.0003738081
0.2644671 0.0003721103
0.2629127 0.0003808417
0.2674453 0.0003672518
0.2560672 0.0003613125
0.2549276 0.0003609259
0.2675416 0.0003485263
0.263077 0.0003557373
0.2570816 0.0003670009
0.2579387 0.0003714735
0.2646548 0.0003577549
0.2663263 0.0003721004
0.2624583 0.0003621751
0.2681317 0.0003635816
0.2607564 0.0003706569
0.2573944 0.0003571065
0.2609505 0.0003602158
0.2512563 0.0003661752
0.259579 0.0003513644
0.2646034 0.000357412
0.2610661 0.0003408738
0.2564253 0.0003569876
0.2629723 0.0003459635
0.2634966 0.0003613301
0.262083 0.000357618
0.2634839 0.000367183
0.2703195 0.0003721662
0.2656577 0.0003711559
0.2605199 0.0003861022
0.2575379 0.0003830699
0.2626649 0.0003857057
0.2578943 0.0003838953
0.2563918 0.0004085594
0.2632226 0.0004024974
0.2708556 0.0003953852
0.266444 0.0004037577
0.27075 0.0003989616
0.2741356 0.0003988054
0.2763057 0.0003881915
0.2838671 0.000372966
0.2759547 0.0003786601
0.2748744 0.0003895094
0.2832849 0.0003768706
0.2853883 0.0003673328
0.2851746 0.0003699764
0.2829083 0.0003643792
0.2834831 0.0003539824
0.2913736 0.0003542992
0.30027 0.0003470862
0.3044203 0.0003376619
0.3049328 0.0003251553
0.3082714 0.0003254862
0.3061207 0.0003131256
0.3156992 0.0003210479
0.3239478 0.0003274582
0.3222723 0.0003161539
0.3232693 0.0003024187
0.3270735 0.0002997792
0.3236915 0.0002986322
0.3271044 0.0003071977
0.3199421 0.0003158919
0.3252139 0.0003087188
0.3219636 0.0003130576
0.3178113 0.0003048788
0.3182398 0.0003014796
0.3113746 0.0003271608
0.3085022 0.0003315842
0.29854 0.0003340193
0.3045034 0.0003288938
0.3015884 0.0003216094
0.302458 0.0003276283
0.2984425 0.000331899
0.294665 0.0003364157
0.3015795 0.0003283442
0.3016975 0.0003247238
0.313346 0.00032655
0.3129426 0.0003340874
0.3010932 0.0003433634
0.2945298 0.0003358935
0.2971547 0.0003299592
0.2955654 0.0003414566
0.2965926 0.0003250662
0.2945303 0.0003227173
0.2990426 0.0003336199
0.2887982 0.0003338517
0.2990094 0.0003271347
0.2993576 0.0003296772
0.3024222 0.0003261
0.2987201 0.0003307258
0.2903194 0.0003342344
0.2963056 0.0003391276
0.2835999 0.0003398069
0.293195 0.0003339137
0.2818504 0.0003401792
0.2919745 0.0003397455
0.2806263 0.0003557067
0.2835625 0.0003522459
0.2881495 0.0003617868
0.2832749 0.0003492914
0.2819856 0.0003558195
0.2867864 0.0003504486
0.2866821 0.0003571366
0.2966668 0.0003484094
0.2922054 0.0003504687
0.2925041 0.0003444322
0.3019263 0.0003428564
0.2941635 0.0003515971
0.2905934 0.0003490142
0.2854911 0.0003467316
0.2944923 0.0003608207
0.2920376 0.0003603204
0.2947456 0.0003642054
0.2938262 0.0003570276
0.295054 0.0003491085
0.2980708 0.0003632335
0.2837855 0.0003749698
0.2923495 0.0003705428
0.2876582 0.0003692773
0.2907703 0.0003661563
0.288717 0.0003712064
0.2938725 0.0003708781
0.2822301 0.0003729033
0.2759848 0.0003924379
0.2830327 0.0003940615
0.2807742 0.0003861781
0.2779314 0.0003773041
0.2804048 0.0003628184
0.2776451 0.0003645274
0.2789396 0.0003739861
0.2825343 0.0003581254
0.2915878 0.0003612601
0.2871695 0.0003494816
0.2830317 0.0003418863
0.2841734 0.0003583173
0.2808527 0.000339314
0.2889515 0.000348648
0.2900049 0.0003481823
0.2930279 0.000348494
0.2961101 0.0003523906
0.2954025 0.000363609
0.2931712 0.0003703909
0.2952038 0.0003578868
0.2913413 0.0003623422
0.2956384 0.0003542993
0.2921325 0.0003492484
0.2923874 0.0003499762
0.2973039 0.000346867
0.2943158 0.0003517375
0.3062755 0.0003465401
0.3071543 0.000341614
0.3183001 0.0003419417
0.31925 0.0003425329
0.31424 0.0003425911
0.3153114 0.0003414331
0.3101297 0.0003423017
0.3080585 0.0003347943
0.3154033 0.0003300209
0.3131017 0.0003446572
0.3078946 0.0003389681
0.3032377 0.0003465792
0.305084 0.0003601843
0.2955592 0.0003488013
0.2990011 0.0003491073
0.3021548 0.0003516062
0.3011325 0.0003420432
0.2934891 0.0003531794
0.3015442 0.0003510325
0.2921412 0.0003586747
0.2930129 0.0003637023
0.288836 0.0003461433
0.2879144 0.0003596102
0.2930198 0.0003613845
0.288407 0.0003577265
0.2923607 0.0003571176
0.3008213 0.0003496629
0.3083496 0.0003547345
0.302098 0.0003677805
0.3038147 0.0003692509
0.2864821 0.0003762208
0.2941958 0.0003589936
0.2933386 0.0003603544
0.2959139 0.0003602446
0.2970582 0.0003649038
0.3009858 0.0003625562
0.2888051 0.0003623032
0.2902126 0.000359554
0.3031543 0.0003486433
0.3001451 0.0003361142
0.3099629 0.0003448477
0.3132693 0.0003399012
0.298103 0.0003509285
0.2984725 0.0003486207
0.3018127 0.0003480764
0.2970556 0.0003451837
0.3004422 0.0003415581
0.3105879 0.0003368567
0.3104993 0.0003404461
0.316397 0.0003327974
0.3153255 0.0003351693
0.3125294 0.0003385521
0.2994849 0.0003456885
0.3079703 0.000348376
0.3120365 0.0003584261
0.3112223 0.0003372845
0.3261922 0.0003336945
0.3286793 0.0003335585
0.3381839 0.000331215
0.3401188 0.0003264981
0.338261 0.0003277615
0.3292207 0.0003206421
0.328816 0.0003190274
0.3291413 0.0003231488
0.3248956 0.0003289211
0.3254997 0.0003201977
0.3386404 0.0003179091
0.339258 0.0003171271
0.3293596 0.0003153673
0.3346988 0.0003177322
0.3172845 0.0003176477
0.3299795 0.0003185786
0.3204065 0.0003193924
0.3280839 0.0003257676
0.3307783 0.000329869
0.3261752 0.0003246603
0.3307314 0.0003236086
0.3389805 0.0003267775
0.34453 0.0003145935
0.3500163 0.0003166781
0.3482517 0.0002994431
0.3552233 0.0003062172
0.3478939 0.0003066725
0.3537912 0.0003175749
0.3485487 0.0003109962
0.3505145 0.0003036978
0.3479545 0.0003132718
0.348769 0.0003141173
0.3484381 0.0003057512
0.3487754 0.0002984308
0.3502026 0.0003057454
0.3557554 0.0003113237
0.3539835 0.0003195639
0.3467974 0.0003150617
0.3448111 0.0003191547
0.3415778 0.0003212234
0.3387211 0.0003210532
0.3431961 0.0003166091
0.3398323 0.000317991
0.3339694 0.0003376525
0.3235194 0.0003291432
0.3303687 0.0003347658
0.3383616 0.0003195915
0.3468697 0.0003275552
0.3383521 0.0003346946
0.3366751 0.0003357527
0.3389979 0.0003257671
0.3332058 0.000323138
0.3399438 0.0003276047
0.3368932 0.0003241074
0.338366 0.0003286214
0.3358462 0.0003210775
0.3435087 0.0003119813
0.3397113 0.0003135556
0.3321426 0.0003172273
0.3371692 0.0003287331
0.3223515 0.0003192876
0.3265876 0.0003097495
0.3286749 0.0003196704
0.3199035 0.0003266897
0.3236988 0.0003341497
0.3190066 0.0003324164
0.3101826 0.0003443783
0.3160539 0.0003434693
0.3190334 0.0003347988
0.3152144 0.0003338768
0.3282675 0.0003379819
0.3180541 0.0003306783
0.3259705 0.0003307136
0.3326823 0.000334472
0.3282852 0.0003297475
0.3250057 0.0003253085
0.3165644 0.0003295236
0.3133358 0.0003194456
0.3173699 0.0003089287
0.3347994 0.0003049732
0.3302003 0.0002965213
0.336399 0.000296933
0.3430115 0.000297051
0.3366664 0.0002964952
0.348434 0.00030692
0.353456 0.000297557
0.3551198 0.0002977871
0.3440155 0.0003138234
0.3301945 0.000315534
0.3306965 0.0002989183
0.3229266 0.0003023535
0.3320095 0.0002935663
0.3322091 0.0003126001
0.321771 0.0003104299
0.3222405 0.0003243925
0.3214579 0.0003245722
0.3310302 0.0003361215
0.3253248 0.0003257701
0.3239631 0.0003354838
0.3269302 0.0003264513
0.319105 0.0003207384
0.3260402 0.000312419
0.3364834 0.0003171763
0.3333111 0.0003246559
0.3311015 0.0003413947
0.3250217 0.0003344605
0.3285345 0.0003264734
0.3246479 0.0003314792
0.328767 0.0003334481
0.3304132 0.0003339695
0.33484 0.0003425399
0.3390932 0.000339476
0.3309992 0.0003285519
0.338342 0.0003241744
0.3327338 0.0003376971
0.3391491 0.000327965
0.3421012 0.000324066
0.3363498 0.0003261305
0.3514226 0.0003240204
0.3501676 0.0003155578
0.3643065 0.0003037284
0.3674523 0.0003098852
0.3582097 0.000311075
0.3578124 0.0003133558
0.3600122 0.000304956
0.3612004 0.0003012859
0.3701677 0.0002996371
0.3794925 0.000305892
0.3696719 0.0003004708
0.3764907 0.0003003431
0.3811002 0.0002856639
0.3892674 0.00028838
0.3844909 0.0002921336
0.3882035 0.000282609
0.3901466 0.0002765762
0.3846577 0.0002805249
0.3770064 0.0002854086
0.3720543 0.0002894665
0.3730389 0.0002947769
0.366538 0.0002922014
0.3647079 0.0002994106
0.3617587 0.0003001852
0.3544726 0.0003017734
0.3491605 0.0002922881
0.33937 0.0002951372
0.3440932 0.0002976903
0.3459665 0.0003065687
0.341007 0.0002982513
0.3466105 0.0002925815
0.351174 0.0002880187
0.3519037 0.0002784374
0.3598149 0.0002823966
0.3624515 0.000275292
0.3591642 0.0002750243
0.3538355 0.0002763706
0.3617364 0.000286138
0.3655732 0.0002804709
0.3676238 0.0002740215
0.3676475 0.0002814831
0.3730998 0.0002809955
0.3695629 0.0002873551
0.3800084 0.0002827496
0.3583961 0.0002924575
0.3693976 0.0002784446
0.3624415 0.0002788675
0.3691639 0.0002657604
0.3810413 0.000258133
0.3881506 0.0002549313
0.3826262 0.0002551736
0.3811932 0.000255166
0.3858687 0.0002542839
0.3930642 0.0002532614
0.3984049 0.0002507097
0.4093375 0.000252
0.4165609 0.0002587404
0.4089287 0.0002470816
0.412267 0.0002495395
0.4163318 0.0002557817
0.4278833 0.000251015
0.4213574 0.0002527922
0.4197018 0.00024951
0.4230637 0.0002425687
0.4104837 0.0002591097
0.4087236 0.0002555108
0.4205181 0.0002497933
0.4217528 0.0002534566
0.4334678 0.0002483972
0.4257118 0.0002465328
0.4281463 0.0002420004
0.4189298 0.0002507588
0.4251851 0.0002479701
0.4171945 0.0002479836
0.4130075 0.0002499917
0.4167757 0.0002487568
0.4147084 0.0002514935
0.4122659 0.0002481957
0.3968792 0.0002576316
0.4022753 0.0002601415
0.4065927 0.0002573538
0.4123153 0.0002486979
0.4008454 0.000255825
0.3950128 0.00026368
0.3970375 0.0002618086
0.3940083 0.0002599734
0.4048949 0.0002501354
0.4105625 0.0002566829
0.4215596 0.000248754
0.4243382 0.0002426991
0.4259935 0.0002383435
0.4277467 0.000236794
0.4381033 0.0002401716
0.4397098 0.0002339683
0.4225158 0.0002361205
0.4258406 0.0002407956
0.417574 0.000233721
0.4245618 0.0002397571
0.4322673 0.0002389748
0.4185019 0.0002385268
0.4223548 0.0002290399
0.4222613 0.0002364817
0.4319131 0.0002295153
0.4318144 0.0002304387
0.4328392 0.0002308714
0.4369847 0.0002339525
0.4366084 0.0002346274
0.4209768 0.0002290511
0.4273122 0.0002301025
0.4293961 0.0002214923
0.4376428 0.0002296813
0.4381602 0.0002224637
0.4382326 0.0002279712
0.4380989 0.0002322464
0.4402065 0.0002307282
0.4427126 0.0002437641
0.4397249 0.0002370168
0.4247208 0.0002355581
0.4181211 0.0002414641
0.413945 0.00023429
0.417608 0.0002295373
0.4161306 0.000223824
0.4264767 0.0002223012
0.4286771 0.0002208481
0.4331535 0.0002226989
0.4471448 0.0002212449
0.4464189 0.0002250318
0.4446975 0.0002218291
0.4465909 0.0002225273
0.4408589 0.0002191998
0.4392267 0.0002179572
0.4316726 0.000220552
0.4351651 0.0002131669
0.4344259 0.0002193808
0.4330505 0.0002255149
0.4452351 0.0002230195
0.4387678 0.0002282337
0.4382757 0.0002238059
0.4360328 0.0002308208
0.4355628 0.0002258384
0.4539495 0.0002211174
0.4611406 0.0002222893
0.461832 0.0002199765
0.4657461 0.0002245738
0.4639633 0.0002191544
0.4648752 0.0002111763
0.4548778 0.000211155
0.4540751 0.0002120827
0.4537493 0.0002129924
0.4528956 0.000209628
0.4547535 0.0002131133
0.4478477 0.0002109665
0.4559373 0.0002188636
0.4433501 0.0002224315
0.4440538 0.0002275308
0.4458749 0.0002268551
0.4381314 0.0002259161
0.4414386 0.0002250504
0.4472484 0.0002243585
0.445323 0.0002212869
0.4383129 0.0002290794
0.4383491 0.000223386
0.4422562 0.0002206419
0.4435573 0.0002229638
0.4308585 0.0002225712
0.4392542 0.0002271779
0.4496683 0.000233975
0.4487888 0.0002398667
0.4539204 0.000234091
0.4422944 0.0002474588
0.4431428 0.0002529366
0.4514055 0.0002469265
0.4479028 0.0002454905
0.4499165 0.0002428544
0.4519893 0.0002416979
0.4598726 0.000243587
0.4626115 0.0002294192
0.4549045 0.0002356235
0.4535821 0.000239097
0.4553575 0.0002448201
0.4485864 0.0002442353
0.4509637 0.0002404851
0.4408375 0.0002389353
0.4388423 0.0002421645
0.4309703 0.0002457392
0.4342045 0.0002507882
0.4329593 0.0002405577
0.4225413 0.0002480565
0.4216366 0.0002532554
0.408712 0.0002535954
0.4130685 0.0002573469
0.4016843 0.0002588896
0.4031615 0.0002636193
0.4044144 0.0002647362
0.4142763 0.0002627438
0.4024123 0.0002618602
0.4082117 0.0002669917
0.4017686 0.000271472
0.3802138 0.0002784109
0.3739425 0.000285656
0.3718993 0.0002846814
0.3850675 0.0002825983
0.3697323 0.0002846211
0.3742719 0.0002722257
0.377665 0.0002739314
0.380724 0.0002841091
0.3858496 0.000278311
0.3828967 0.0002798731
0.3918298 0.0002751477
0.3925267 0.0002755081
0.3999754 0.0002773825
0.3959601 0.0002729469
0.3949753 0.0002700413
0.3914316 0.0002608618
0.4108843 0.0002593338
0.4035723 0.000257454
0.4053861 0.0002504133
0.4184978 0.0002552767
0.418357 0.0002533259
0.4271214 0.0002538329
0.4287741 0.0002492796
0.4337767 0.0002530573
0.4322806 0.0002529409
0.4365459 0.000255285
0.4408403 0.000249638
0.4455627 0.0002495585
0.4394816 0.0002473353
0.4450258 0.0002484564
0.4494188 0.0002475371
0.4353615 0.0002452676
0.4462867 0.0002466731
0.4477922 0.000249757
0.4480051 0.0002491531
0.4445774 0.0002459473
0.4369799 0.0002569389
0.4335724 0.0002563908
0.4330975 0.0002472679
0.4332086 0.0002520654
0.4208229 0.0002550795
0.4229755 0.000251149
0.4204081 0.0002482898
0.4304938 0.0002539395
0.4202124 0.0002571077
0.4137508 0.0002665826
0.4025543 0.0002695927
0.4163832 0.0002687573
0.4133809 0.0002744499
0.4111154 0.000270702
0.3990807 0.0002846563
0.3961148 0.0002767157
0.3968613 0.0002769172
0.3976884 0.0002824575
0.3872891 0.000274781
0.3895848 0.0002740066
0.3933322 0.000275545
0.3834703 0.0002848214
0.3747778 0.0002845809
0.3729455 0.0002860322
0.3680721 0.0002941672
0.3738828 0.0002892081
0.3788377 0.0002896844
0.3857178 0.000293932
0.3763651 0.0003074069
0.373085 0.0003101892
0.3763568 0.0003068099
0.3712585 0.0003145726
0.3698056 0.0003103214
0.3860894 0.0003039684
0.3878216 0.0003089229
0.3847028 0.0002958097
0.3765752 0.0003089952
0.3814953 0.000297361
0.3781352 0.0002930794
0.3785176 0.0002981237
0.3758244 0.0002989148
0.3716863 0.0002927497
0.3767389 0.0002920378
0.370466 0.0002864838
0.3772139 0.0002923791
0.371048 0.0002788506
0.3692967 0.0002762979
0.3644834 0.000279194
0.3608568 0.0002780078
0.3609864 0.0002804157
0.3540531 0.0002882921
0.3525154 0.0002914415
0.3551965 0.0003018824
0.3531353 0.0002912337
0.3395958 0.0003039033
0.338435 0.0002996813
0.3530607 0.0002925221
0.3449585 0.0002938959
0.3380822 0.0002924263
0.3424279 0.0003080539
0.3431782 0.0003122448
0.3365802 0.0003079965
0.3383459 0.0003175802
0.3407736 0.000314106
0.3462443 0.000323924
0.3351832 0.000315779
0.3267674 0.0003222681
0.3321066 0.0003092361
0.3340387 0.0003074428
0.3395577 0.0003118467
0.3417314 0.0003290356
0.3379428 0.0003202442
0.3373496 0.0003221593
0.326075 0.0003278835
0.3119251 0.0003441712
0.3048354 0.0003374785
0.3069411 0.0003506158
0.3027647 0.0003510029
0.2955298 0.000350085
0.2988098 0.000349979
0.3065129 0.000342816
0.3173169 0.0003445998
0.3139622 0.0003567797
0.3182456 0.0003508373
0.3109921 0.0003538644
0.314856 0.0003582214
0.3149929 0.0003482822
0.3152314 0.0003333172
0.3162598 0.0003418973
0.3271527 0.0003455544
0.3306653 0.00034367
0.3221605 0.0003392435
0.3072994 0.0003542688
0.3079301 0.0003499784
0.3154553 0.0003542158
0.316069 0.0003486659
0.3154122 0.0003334074
0.3235251 0.0003316955
0.3272723 0.0003381673
0.3233512 0.0003297666
0.3223521 0.0003213991
0.3173619 0.0003308549
0.3155993 0.0003369421
0.3156394 0.0003284732
0.3072553 0.0003305448
0.3112861 0.0003396654
0.3006274 0.0003396913
0.3064868 0.0003385067
0.3089595 0.0003533409
0.2987462 0.0003397512
0.2954064 0.0003458112
0.3026094 0.0003307945
0.2978564 0.0003315184
0.2921315 0.0003226849
0.3025126 0.0003216753
0.3025588 0.0003187964
0.3093064 0.0003243441
0.3122862 0.0003269648
0.3110485 0.0003284163
0.3119567 0.0003190995
0.3123827 0.0003124653
0.3052629 0.0003198291
0.3255406 0.0003136259
0.3164815 0.0003228167
0.311027 0.0003277817
0.3139997 0.0003268383
0.3282813 0.0003211252
0.3243044 0.0003190599
0.3108338 0.0003118255
0.3181495 0.0003115003
0.3287562 0.0003003971
0.3183876 0.0003085997
0.3150981 0.0003192949
0.3047377 0.0003134789
0.3090981 0.0003237448
0.2994874 0.0003254873
0.3031198 0.0003287222
0.315719 0.0003280942
0.3142961 0.0003188261
0.303085 0.0003288047
0.2971845 0.0003443507
0.3058915 0.0003276597
0.301493 0.0003409562
0.2993865 0.0003333794
0.2970995 0.0003310997
0.3002802 0.000328534
0.3000101 0.0003145593
0.2971027 0.0003185787
0.3019355 0.0003319585
0.3051818 0.000331735
0.3009876 0.0003361829
0.2881654 0.0003618003
0.2896485 0.0003615929
0.2888133 0.0003569723
0.2933866 0.0003528988
0.2905033 0.0003513279
0.2863025 0.0003490273
0.2789976 0.0003516648
0.2838332 0.0003590074
0.2876414 0.0003450242
0.2792958 0.0003526947
0.2754692 0.0003515346
0.2780543 0.000360119
0.271235 0.0003511729
0.2766041 0.0003493432
0.2758804 0.0003502454
0.2746712 0.0003416377
0.2791033 0.0003388099
0.2762293 0.0003347626
0.2713756 0.0003327546
0.2791112 0.0003379455
0.2820135 0.0003352575
0.2802349 0.0003390523
0.2764933 0.000344428
0.2746045 0.0003431147
0.2754205 0.0003399027
0.2811912 0.000328202
0.2907619 0.0003268404
0.2894033 0.0003209519
0.2856623 0.0003135336
0.2816607 0.0003040554
0.2978899 0.0002991505
0.2917286 0.0003013196
0.2982979 0.0003000995
0.2969618 0.0003058797
0.2847408 0.0003058894
0.293895 0.0003056569
0.2850327 0.0003103318
0.2813648 0.0003111453
0.2847939 0.0003116965
0.2874877 0.0003191242
0.2871542 0.0003211447
0.2799978 0.0003178113
0.2738032 0.0003164551
0.2722221 0.0003373829
0.2682035 0.0003398151
0.2689302 0.0003501347
0.2654866 0.000355458
0.2651216 0.0003407871
0.2625461 0.0003447647
0.2841941 0.0003445224
0.2782628 0.0003572466
0.2856818 0.0003524097
0.2922899 0.0003512278
0.295427 0.0003441312
0.2938093 0.0003480326
0.2933009 0.0003450563
0.2784738 0.0003562324
0.2854435 0.0003408477
0.2947809 0.000346774
0.2892562 0.0003394578
0.2810208 0.0003513026
0.2829399 0.0003618792
0.2780225 0.0003617891
0.2898403 0.0003635681
0.2923082 0.0003565012
0.2980308 0.0003442815
0.3000112 0.0003440049
0.3002556 0.0003372689
0.2952785 0.0003470193
0.2944319 0.0003312663
0.2939948 0.0003452246
0.2875819 0.0003405914
0.2840452 0.0003488739
0.2812274 0.0003481258
0.2817248 0.0003570284
0.2821871 0.0003688817
0.2751499 0.0003531622
0.2732783 0.0003415955
0.272068 0.0003329051
0.280398 0.0003231329
0.2826667 0.0003307728
0.2834283 0.0003252742
0.2891758 0.0003224101
0.2847942 0.0003268483
0.2814421 0.0003209432
0.283047 0.0003131295
0.2739828 0.0003195904
0.2864185 0.0003184947
0.2945817 0.0003152515
0.287702 0.0003205636
0.2901329 0.0003285772
0.2771475 0.0003295534
0.2799377 0.0003242271
0.2816146 0.0003229928
0.2848857 0.0003202187
0.2835083 0.0003287629
0.2855186 0.0003442373
0.2856635 0.0003453684
0.2933045 0.0003456678
0.2984238 0.0003451391
0.2916193 0.0003460692
0.3038146 0.0003364987
0.2990907 0.0003301992
0.3017288 0.0003302353
0.2998275 0.0003280174
0.3071055 0.000319745
0.3041288 0.0003210485
0.2984133 0.0003197412
0.3056213 0.0003197598
0.3026433 0.0003162171
0.311339 0.0003152781
0.3067503 0.0003172776
0.3111844 0.0003083963
0.3088996 0.0002987667
0.307332 0.0003116798
0.3200108 0.0003041484
0.3157755 0.0002986693
0.300287 0.0003085537
0.2995404 0.0003062543
0.298877 0.0003047964
0.2996007 0.0003078665
0.3007152 0.0003065938
0.3121146 0.0002997766
0.3141692 0.0003020892
0.3117244 0.0002944677
0.3118863 0.0003035439
0.3115755 0.0003070375
0.3029444 0.0002956134
0.3128922 0.0002980675
0.309715 0.0002901334
0.3148346 0.0002982882
0.3210772 0.0002927443
0.3115183 0.0002951451
0.3230079 0.0002968277
0.3264069 0.0003081549
0.310246 0.0003071189
0.3225443 0.0002932845
0.3214609 0.0003003953
0.3229112 0.0003053763
0.3163303 0.0003061727
0.3160255 0.0003211693
0.3137885 0.0003028996
0.3096817 0.0002990429
0.3080972 0.0003071011
0.3064981 0.0002972489
0.3197094 0.0003031212
0.3153645 0.0002949858
0.3141916 0.0003086601
0.3118135 0.0003138027
0.2929547 0.00029928
0.2899518 0.0003056581
0.2932325 0.000317707
0.2857253 0.0003250666
0.2811904 0.0003271382
0.2833217 0.0003289624
0.2726552 0.0003260955
0.2782404 0.0003283462
0.2949169 0.0003322509
0.2948629 0.0003326461
0.2898359 0.0003308248
0.2768269 0.0003345398
0.2865862 0.0003482969
0.2776099 0.000351224
0.2879371 0.0003521085
0.2834168 0.0003390149
0.2926452 0.0003333888
0.2890858 0.0003223872
0.2949848 0.0003218416
0.2950971 0.0003385051
0.2887357 0.0003388643
0.2862517 0.0003459882
0.2831689 0.000353656
0.3012695 0.0003507438
0.298127 0.0003374596
0.3006662 0.0003535237
0.288235 0.0003488577
0.2881354 0.0003565275
0.2911392 0.0003563966
0.289573 0.0003397937
0.2971119 0.0003382204
0.2983739 0.0003424704
0.2910403 0.000333445
0.3019252 0.0003487267
0.2989211 0.0003602752
0.2985068 0.0003487805
0.2930002 0.0003487875
0.2869605 0.0003561577
0.2883986 0.000349526
0.2876382 0.0003523173
0.2981338 0.0003476498
0.2981191 0.0003527605
0.2999058 0.0003481507
0.2948913 0.0003614017
0.2793094 0.0003635908
0.2821703 0.0003670075
0.2811352 0.0003666789
0.2839523 0.0003602033
0.2806176 0.000339914
0.29621 0.0003396225
0.293928 0.0003407244
0.2962134 0.000341953
0.3039007 0.0003290716
0.3019442 0.0003262938
0.3073424 0.0003330918
0.3105897 0.0003270223
0.3229008 0.0003229041
0.3207559 0.0003112683
0.3192427 0.0003204556
0.3234338 0.0003117912
0.3247868 0.0003096372
0.3271663 0.0003130554
0.3324558 0.0003102857
0.3296799 0.0003053629
0.3290497 0.0002998615
0.3304835 0.0003033944
0.3243579 0.0003132726
0.3304682 0.0003190035
0.3243088 0.0003196483
0.3319627 0.0003117606
0.3282525 0.0003152438
0.3159114 0.0003165224
0.3134133 0.000334749
0.3134776 0.0003313416
0.323778 0.0003274325
0.3219051 0.0003347885
0.3201188 0.0003349975
0.3073522 0.0003331719
0.3213178 0.0003175368
0.3304433 0.0003249529
0.3329071 0.0003166568
0.3337912 0.0003173449
0.3376972 0.0003102761
0.349401 0.0003105709
0.3494296 0.0003208389
0.3511151 0.0003358272
0.3508294 0.0003436395
0.3425251 0.0003418221
0.3380557 0.0003451314
0.3437644 0.0003448439
0.3477173 0.0003442393
0.3350502 0.0003455077
0.3411574 0.0003383231
0.3482756 0.0003283893
0.3491652 0.0003261741
0.3492262 0.0003338629
0.3396187 0.0003213636
0.3363566 0.0003257687
0.3237057 0.000334564
0.3288461 0.0003307982
0.3177156 0.0003366393
0.3227857 0.0003242868
0.3270747 0.0003297736
0.3384709 0.0003207237
0.3419548 0.0003011625
0.3417969 0.0003087589
0.3378886 0.0003041371
0.3444237 0.0003006768
0.3501056 0.0002998833
0.348489 0.0002967686
0.3526497 0.0002928783
0.3457389 0.0002938626
0.34386 0.0002911885
0.3449268 0.0002896179
0.3389614 0.0002908944
0.3427559 0.0002865436
0.3379064 0.0002811987
0.332339 0.0002957476
0.3340779 0.0002907698
0.3329638 0.0002898523
0.3294742 0.0002891183
0.3406999 0.0002829438
0.3423825 0.000285559
0.3452697 0.0002906591
0.3365163 0.0002856609
0.3346223 0.0002861209
0.3421606 0.0002899821
0.3421141 0.000295927
0.33445 0.0003075106
0.3368208 0.000298019
0.3470029 0.0003048829
0.3498219 0.0003037273
0.3475299 0.0003042997
0.3403042 0.0003039075
0.3339489 0.0003130833
0.331185 0.0003079056
0.3433383 0.0003033827
0.3270175 0.00032207
0.3330992 0.0003281631
0.3254346 0.0003298907
0.3329128 0.000326236
0.3308979 0.0003296946
0.3316573 0.0003243196
0.3232122 0.000335162
0.3233291 0.0003315552
0.3158316 0.0003273987
0.3196788 0.0003287831
0.328366 0.0003199987
0.3256315 0.0003218364
0.3283733 0.0003228607
0.3336493 0.0003151671
0.3371774 0.0003148363
0.3369635 0.0003154269
0.3381724 0.0003054114
0.3441489 0.000314107
0.339851 0.0003147318
0.3273376 0.0003343717
0.3263893 0.0003345989
0.3195271 0.0003389866
0.316661 0.0003389104
0.3114325 0.0003403661
0.3099619 0.0003405297
0.3149399 0.0003345773
0.3152502 0.0003229318
0.3178566 0.0003286325
0.3214759 0.0003309078
0.3173057 0.0003406399
0.3162252 0.0003315722
0.3189147 0.0003368428
0.3155228 0.0003368579
0.3187104 0.0003483902
0.3222157 0.0003379796
0.3206826 0.0003543388
0.3241897 0.0003413719
0.3277431 0.0003421161
0.318954 0.0003467346
0.31478 0.0003531591
0.3255173 0.0003478497
0.3304304 0.0003510956
0.3313001 0.0003425408
0.3220657 0.000350864
0.3232181 0.0003583485
0.3186042 0.0003589288
0.3210482 0.0003606239
0.3175343 0.0003511001
0.3195696 0.000355066
0.3243764 0.0003532863
0.3326393 0.0003403433
0.3300762 0.0003343145
0.336378 0.0003441575
0.3413775 0.0003315366
0.3425698 0.0003202917
0.3410675 0.0003264556
0.3448834 0.0003308094
0.3473988 0.0003243368
0.3488965 0.0003375739
0.3462339 0.0003394768
0.3517351 0.000329526
0.3511249 0.0003338713
0.3513695 0.0003343109
0.3537699 0.0003253298
0.3564823 0.0003236195
0.3473827 0.0003232685
0.3424642 0.0003039191
0.3440755 0.0003049219
0.3462302 0.0003066181
0.3539688 0.0002978545
0.362237 0.0002934622
0.356593 0.0002937214
0.3577078 0.0002952731
0.3570963 0.0003003862
0.3516444 0.0002979979
0.3537176 0.0002992705
0.3531452 0.0002994488
0.3564384 0.0003015104
0.3631068 0.0003075186
0.358313 0.0003010172
0.3558934 0.0003109121
0.3590896 0.0003005547
0.3588763 0.0002986848
0.3587679 0.00029457
0.364053 0.0003025193
0.3611173 0.0002954657
0.3636622 0.000296765
0.3727077 0.0003036253
0.3656555 0.0003087033
0.3571954 0.0003109172
0.3565679 0.0002963084
0.366414 0.0002968628
0.3756466 0.0002846426
0.3886326 0.0002842693
0.3840336 0.0002713937
0.3861342 0.0002815048
0.3897842 0.0002710411
0.3858225 0.0002718618
0.3837215 0.0002721705
0.3763113 0.0002761191
0.3761596 0.0002756416
0.3792807 0.0002717144
0.3836608 0.0002690498
0.3827295 0.0002755078
0.3780705 0.0002822038
0.3686175 0.0002949889
0.3678124 0.0002969805
0.3630904 0.0002953897
0.3579082 0.0002853898
0.3675787 0.0002768156
0.3749492 0.0002745838
0.3725052 0.0002760306
0.369614 0.0002737045
0.3747384 0.0002827442
0.3715314 0.0002724346
0.3792458 0.0002635221
0.3734556 0.000266856
0.3796612 0.0002688114
0.3730229 0.000280271
0.3759697 0.0002796309
0.38631 0.0002791257
0.3960803 0.0002730859
0.3857769 0.0002818578
0.3795426 0.0002720712
0.3738185 0.0002799334
0.365555 0.0002795698
0.3636342 0.0002814339
0.3689644 0.0002839985
0.3637234 0.0002857957
0.3592951 0.0002792952
0.3590006 0.0002740679
0.3534815 0.000267093
0.359496 0.0002687003
0.3555274 0.0002753455
0.3545597 0.0002647772
0.353918 0.0002711218
0.3519981 0.0002738926
0.3524496 0.0002672005
0.3578274 0.0002661958
0.3660967 0.0002724141
0.3647836 0.0002688403
0.3593011 0.0002749604
0.3506475 0.0002741498
0.3528623 0.0002713669
0.3686314 0.0002694931
0.3551072 0.0002739024
0.3619354 0.0002730991
0.3729046 0.0002705435
0.3807047 0.0002714617
0.3679649 0.0002737457
0.3826859 0.0002716825
0.3766223 0.0002708823
0.381685 0.0002734258
0.3875559 0.0002633397
0.3885605 0.0002650687
0.3844242 0.0002727762
0.3900608 0.0002746162
0.3779115 0.0002743389
0.3669404 0.0002843778
0.3768887 0.0002737182
0.3650182 0.0002802019
0.3674964 0.0002799296
0.3577244 0.000281201
0.3558289 0.0002884599
0.3766235 0.0002824884
0.361511 0.0002837106
0.3631519 0.000285577
0.3685557 0.0002829032
0.3672415 0.000279976
0.369498 0.0002818489
0.3735867 0.0002684764
0.3782641 0.0002702789
0.3683033 0.0002722072
0.3642139 0.0002744416
0.3641817 0.0002755889
0.3609657 0.0002844075
0.3689833 0.0002832582
0.3783849 0.0002823769
0.3874307 0.0002807299
0.3807864 0.0002785455
0.3737261 0.000282358
0.374693 0.0002866816
0.3743566 0.0002916951
0.3665705 0.000288597
0.3740698 0.000291453
0.3772407 0.000284011
0.378222 0.0002810797
0.3790609 0.000275266
0.3747405 0.0002696849
0.3812148 0.0002726644
0.3810436 0.0002849392
0.3772476 0.0002846523
0.3732912 0.0002801485
0.369436 0.0002761658
0.3743465 0.0002745506
0.3679755 0.0002679481
0.3678558 0.0002663341
0.3768286 0.0002721888
0.3768962 0.0002661771
0.3794231 0.00026955
0.3800574 0.0002558849
0.3816539 0.0002617358
0.3853038 0.0002581002
0.3759365 0.0002613319
0.3816898 0.000250055
0.3913378 0.000257644
0.3840777 0.0002629137
0.3908886 0.0002561864
0.3976005 0.0002527765
0.3938818 0.0002599093
0.389441 0.0002630119
0.3930544 0.0002574581
0.4001241 0.0002573939
0.3988689 0.0002562885
0.3964929 0.0002580422
0.4164147 0.0002480153
0.4191481 0.0002449935
0.429943 0.000238363
0.4256575 0.0002461987
0.4120769 0.0002493259
0.4208868 0.00024545
0.4214672 0.0002469291
0.413077 0.0002435999
0.4286804 0.000247066
0.4177393 0.0002400093
0.4213429 0.0002386189
0.4176602 0.0002368221
0.415863 0.0002463623
0.4272472 0.0002407569
0.4298675 0.0002397531
0.4248866 0.0002399757
0.4207639 0.0002396707
0.4318005 0.0002356793
0.4312793 0.0002372529
0.424799 0.0002349557
0.4301945 0.0002302374
0.4214997 0.0002362012
0.4289393 0.0002361342
0.4313679 0.0002259547
0.4385484 0.0002287735
0.4220481 0.0002328876
0.4230023 0.0002362142
0.4167487 0.0002394035
0.4153822 0.0002427596
0.4063438 0.0002426198
0.4196468 0.0002373565
0.4112836 0.0002447448
0.4139745 0.0002427904
0.4125242 0.0002587262
0.413094 0.0002504381
0.4093309 0.0002558099
0.4044962 0.000258109
0.4034929 0.0002554639
0.4042753 0.00026609
0.4105823 0.0002587202
0.4192699 0.0002563007
0.4245601 0.000253738
0.4233901 0.0002512039
0.4116908 0.0002538431
0.4272655 0.0002482648
0.431619 0.000245375
0.4386567 0.0002444926
0.4227873 0.000246545
0.4229717 0.0002541763
0.4188987 0.0002479536
0.4225578 0.0002430685
0.4283058 0.0002466955
0.4318422 0.0002468479
0.4381887 0.0002464926
0.4257237 0.0002459988
0.4247486 0.0002410849
0.4060977 0.0002434508
0.4051826 0.0002460408
0.4134088 0.000241626
0.4106809 0.0002474835
0.4132719 0.0002414452
0.411112 0.0002540614
0.4094168 0.0002544736
0.4145829 0.0002490114
0.4112607 0.0002506692
0.4042258 0.000256078
0.4077779 0.0002480949
0.4132791 0.0002497875
0.4057177 0.0002529413
0.3998877 0.0002671615
0.4075907 0.0002657554
0.4123739 0.0002670817
0.4127641 0.0002595518
0.4209485 0.0002511346
0.4299005 0.0002471489
0.4271055 0.0002440731
0.4330398 0.00024628
0.4334261 0.0002395739
0.4308146 0.0002347232
0.4268039 0.0002385121
0.4280598 0.0002366363
0.4350472 0.0002389688
0.4192941 0.0002442244
0.4225161 0.000249254
0.4267312 0.0002383094
0.423204 0.0002436042
0.4228271 0.0002426587
0.4192134 0.0002470423
0.419233 0.0002449522
0.4231783 0.000244105
0.4205786 0.0002474325
0.4207968 0.0002499511
0.4161848 0.0002565255
0.4040583 0.0002491209
0.4012116 0.0002435816
0.4040313 0.0002306122
0.4208502 0.0002359681
0.4185409 0.0002377183
0.422972 0.0002390136
0.4224938 0.000249715
0.4272736 0.0002419363
0.4303162 0.0002427558
0.43053 0.0002378746
0.4277122 0.0002397355
0.4161815 0.0002472454
0.4148337 0.0002496847
0.4061359 0.0002603081
0.4136411 0.0002544568
0.417649 0.0002501663
0.4157897 0.0002526108
0.414549 0.0002493434
0.4295128 0.0002366734
0.4444389 0.0002329722
0.452214 0.0002222783
0.4414757 0.0002234925
0.4485145 0.0002138217
0.4349609 0.0002232233
0.4281805 0.0002263388
0.4245519 0.0002404948
0.4303063 0.0002383486
0.4308349 0.0002438974
0.4294921 0.0002399139
0.4237697 0.0002483282
0.4241488 0.0002422124
0.4267127 0.0002418469
0.4347201 0.0002422153
0.4312519 0.0002485419
0.4329781 0.0002404093
0.4375946 0.0002315459
0.4218516 0.0002293187
0.4256235 0.0002342782
0.4224709 0.0002424615
0.4305874 0.0002402515
0.4467687 0.0002267771
0.4480412 0.0002268539
0.4525145 0.0002231727
0.4536628 0.000222468
0.4545187 0.0002254171
0.4478392 0.000223251
0.4478142 0.0002215107
0.4515137 0.0002265863
0.4622264 0.0002187992
0.4670784 0.0002170141
0.4572679 0.0002180411
0.4646391 0.0002215482
0.4707669 0.0002223712
0.4756255 0.0002189802
0.4648953 0.0002152713
0.4697686 0.0002173114
0.455812 0.0002244756
0.4534935 0.0002287239
0.4549468 0.0002234999
0.4483463 0.0002275277
0.4544316 0.0002235789
0.4657325 0.0002152855
0.4576857 0.0002189079
0.4666664 0.0002151704
0.4716396 0.0002152079
0.4676401 0.0002113704
0.4756295 0.0002155288
0.4807242 0.0002146092
0.4779173 0.000209356
0.4818952 0.0002122323
0.4798692 0.0002129974
0.4708722 0.0002134447
0.4692982 0.0002139084
0.4606818 0.0002051671
0.4750105 0.0002185022
0.4792378 0.0002133739
0.4800758 0.0002152879
0.4895069 0.0002167306
0.4878362 0.0002195963
0.4853444 0.000224745
0.4795382 0.000228915
0.4818493 0.0002289979
0.4742857 0.0002335089
0.4690853 0.0002271483
0.4721675 0.0002299762
0.4730079 0.0002322321
0.4757507 0.0002322609
0.4836322 0.0002357428
0.4733028 0.0002316581
0.4803207 0.0002359477
0.4953816 0.0002368823
0.4779221 0.0002311079
0.4811854 0.0002321126
0.4824542 0.000228739
0.4854436 0.0002347186
0.4718395 0.0002303156
0.4826107 0.0002395998
0.4821729 0.0002319326
0.4779868 0.0002258401
0.4640015 0.0002285647
0.4647677 0.0002270862
0.4550901 0.0002332873
0.4704841 0.000236083
0.4588002 0.0002372886
0.4561166 0.0002354267
0.4550119 0.0002343105
0.4475731 0.0002330885
0.4421423 0.0002375635
0.4450917 0.000236141
0.4411264 0.0002414365
0.4482799 0.000241762
0.4539415 0.0002406403
0.4559524 0.0002414893
0.4541826 0.0002392712
0.44745 0.0002386727
0.4528827 0.0002370161
0.4552726 0.0002481473
0.4638661 0.0002369205
0.4475911 0.0002462097
0.4508752 0.0002452543
0.4562576 0.0002448775
0.4603107 0.0002393781
0.444666 0.0002365143
0.4488333 0.0002356125
0.4331579 0.0002371928
0.4468426 0.0002432694
0.434048 0.0002373062
0.4308276 0.0002531238
0.440752 0.0002561179
0.4459635 0.000251706
0.4404129 0.0002598946
0.4440123 0.0002527417
0.4404796 0.0002530318
0.4390968 0.0002567674
0.4303257 0.0002523537
0.4398774 0.000252875
0.4384312 0.0002513518
0.440678 0.0002426738
0.4370147 0.0002432534
0.4342638 0.0002450644
0.4317029 0.0002465122
0.442486 0.0002504889
0.4252639 0.0002515102
0.4273846 0.0002372028
0.4260239 0.0002391367
0.4294649 0.0002460677
0.4244938 0.0002408554
0.4397783 0.00023218
0.4529169 0.0002308459
0.4437143 0.0002289445
0.4310006 0.000232357
0.4318832 0.0002266112
0.4314101 0.0002239629
0.4358055 0.0002255944
0.4282562 0.0002322304
0.4422391 0.0002286943
0.4496614 0.0002345328
0.4562118 0.0002309872
0.4474192 0.0002366899
0.4471431 0.0002328763
0.4536763 0.0002271366
0.4577143 0.0002303264
0.4459225 0.000237948
0.4349391 0.0002345459
0.4409098 0.0002408005
0.4378799 0.0002368827
0.4365684 0.0002464667
0.4422674 0.0002496512
0.4239355 0.0002423789
0.4347624 0.0002426413
0.4336541 0.0002475618
0.4349049 0.0002413157
0.4281593 0.0002430033
0.4334322 0.0002484609
0.4293206 0.0002322009
0.4332243 0.0002315227
0.433111 0.000228476
0.4447646 0.0002249291
0.437804 0.0002305006
0.4343447 0.0002320724
0.431626 0.0002299868
0.4325793 0.0002311841
0.4365671 0.0002254682
0.4307199 0.0002272879
0.4404906 0.000231133
0.4356819 0.0002308136
0.43364 0.0002362674
0.4267289 0.0002361173
0.4344225 0.0002311879
0.4339024 0.0002248343
0.4209551 0.0002310359
0.4290207 0.0002295941
0.4207709 0.0002222145
0.4313456 0.0002189656
0.4291974 0.0002166806
0.4311265 0.0002142961
0.4489473 0.0002063263
0.4508693 0.0002144429
0.445641 0.0002247555
0.4387541 0.0002243147
0.43581 0.0002284126
0.4320153 0.0002293474
0.4313117 0.0002385075
0.4459984 0.0002340066
0.4641595 0.0002250233
0.4574622 0.0002267949
0.4646939 0.0002216992
0.4612508 0.0002199463
0.4573302 0.0002148127
0.4539591 0.0002160645
0.4551365 0.0002181922
0.4498858 0.0002133946
0.4613637 0.0002139134
0.4611662 0.0002100276
0.4569788 0.0002162116
0.4682624 0.0002190109
0.4556976 0.0002145259
0.4621084 0.0002120052
0.4779281 0.0002111912
0.4679513 0.0002198959
0.4692226 0.0002126458
0.4735082 0.0002146333
0.4820043 0.0002056535
0.4895557 0.0002145767
0.4689375 0.0002106815
0.4750703 0.0002145387
0.4820714 0.0002132871
0.4871834 0.0002085779
0.4929432 0.0002054711
0.4838668 0.0002078005
0.486265 0.0002029666
0.4997377 0.0002014978
0.4898041 0.0002077026
0.4880734 0.000209078
0.4905528 0.0002047683
0.4928742 0.0002035837
0.5001649 0.0002066884
0.487666 0.0002040527
0.4957105 0.0002080259
0.5053627 0.0002049648
0.5130639 0.0002060634
0.495027 0.0002134615
0.4904786 0.0002077486
0.4830549 0.0002068907
0.492858 0.0002079205
0.5130411 0.0002111955
0.4959345 0.0002095059
0.4984746 0.0002166118
0.5056583 0.0002146977
0.5047822 0.0002099173
0.5117151 0.000217509
0.5207801 0.00021737
0.5177192 0.0002149144
0.5211575 0.0002120461
0.5137445 0.0002156443
0.5202017 0.0002201208
0.5277232 0.0002211452
0.5141088 0.0002199088
0.5315077 0.0002142301
0.5216252 0.0002153509
0.5254363 0.0002152244
0.5208039 0.0002142345
0.5162955 0.0002172014
0.5081283 0.0002270745
0.5076289 0.0002236296
0.4992657 0.0002178917
0.5022228 0.0002195286
0.5020988 0.0002186281
0.4980581 0.0002231808
0.5140246 0.0002217832
0.5183837 0.0002211678
0.5170269 0.0002234786
0.5131393 0.0002290943
0.5048213 0.0002204467
0.5013368 0.000218548
0.5037712 0.0002254376
0.5105948 0.0002253568
0.5078038 0.0002278505
0.5015347 0.0002309817
0.5027546 0.0002336042
0.4822068 0.0002317094
0.4856216 0.0002339591
0.4910461 0.0002319617
0.5019698 0.0002343925
0.4913992 0.0002298579
0.491982 0.0002217124
0.495311 0.0002351145
0.4879814 0.0002373926
0.4770952 0.0002377156
0.4840056 0.0002414458
0.4932196 0.0002331776
0.4937947 0.0002362363
0.4861496 0.000233079
0.486479 0.0002314754
0.4911879 0.0002295781
0.4683774 0.0002301273
0.4762659 0.0002243495
0.4815748 0.0002224328
0.4869878 0.0002266886
0.4889699 0.0002256982
0.4741743 0.0002281076
0.4794838 0.000227396
0.4811066 0.0002299588
0.4859439 0.0002277619
0.4825181 0.0002355001
0.4748693 0.0002328963
0.4605368 0.0002307467
0.4633924 0.0002332546
0.4646374 0.0002296699
0.4715459 0.0002278193
0.4632037 0.0002347094
0.4724427 0.0002289224
0.4750577 0.0002239888
0.482659 0.0002194815
0.4828453 0.0002266254
0.4873854 0.0002208193
0.47031 0.000228938
0.4813415 0.0002311309
0.4757786 0.0002290294
0.4689376 0.000230497
0.466997 0.0002252932
0.4651646 0.0002272842
0.4630354 0.0002217861
0.4530707 0.0002167704
0.448111 0.0002219552
0.4537703 0.0002229334
0.4632434 0.0002172789
0.4578086 0.000219071
0.4609547 0.0002268385
0.4613303 0.0002221699
0.4650787 0.0002193942
0.4772004 0.0002292801
0.4581085 0.0002266666
0.4555945 0.0002343569
0.4627328 0.0002359611
0.459921 0.0002340096
0.4559273 0.0002254388
0.4727623 0.0002296531
0.4636686 0.0002333854
0.4692862 0.0002297185
0.4680752 0.0002302286
0.4628191 0.0002320102
0.4687123 0.0002275722
0.4728075 0.0002265773
0.4646078 0.0002258444
0.4620907 0.0002241349
0.4586991 0.0002203442
0.4517763 0.0002199529
0.4513746 0.0002313165
0.45175 0.0002274655
0.4529313 0.0002239336
0.444497 0.0002282501
0.4523102 0.0002230693
0.4575435 0.0002162961
0.4658191 0.0002192307
0.4647437 0.0002250293
0.4576583 0.0002166371
0.4523105 0.0002233803
0.4501499 0.0002182986
0.4431319 0.0002197643
0.436716 0.0002279205
0.4436405 0.0002162617
0.4557691 0.0002192952
0.4592317 0.0002117314
0.4521744 0.0002175596
0.4523972 0.0002168646
0.4452844 0.0002161556
0.4435583 0.0002225663
0.4288529 0.0002313068
0.433972 0.0002228646
0.4130362 0.0002320669
0.4153938 0.0002373445
0.4148467 0.0002376986
0.4089927 0.0002382669
0.4083319 0.0002375884
0.4116651 0.0002426357
0.4139786 0.000245636
0.3996922 0.000247677
0.4033645 0.0002430606
0.4169596 0.0002469339
0.4161229 0.000249056
0.4214059 0.0002400091
0.4286626 0.0002422675
0.4337085 0.0002377957
0.4426199 0.0002366552
0.4534963 0.0002356835
0.4386491 0.00023755
0.4454114 0.0002419952
0.4483315 0.0002314444
0.4507258 0.00023072
0.4445853 0.0002288725
0.4419859 0.0002336354
0.4376921 0.0002317647
0.4421075 0.0002344943
0.4470362 0.0002348895
0.4496798 0.000230922
0.4497993 0.0002348861
0.4408019 0.0002423707
0.44612 0.0002374415
0.4494551 0.0002314894
0.4546928 0.0002350173
0.4634157 0.000234035
