 1 0.644478381 -1.25721145 -9.80318636E-02 0.566931307
 2 0.876699805 -0.619319975 0.186964557 -8.34634081E-02
 3 2.11051035 -1.25240481 0.161467835 6.57634623E-03
 4 -1.44673765 -8.14117640E-02 0.672861576 0.888228416
 5 -1.83125985 -2.04656869E-02 -0.199249208 2.49838810E-02
 6 -0.699579597 1.41430986 -0.239775270 -0.283333689
 7 -2.31035948E-02 -1.72735381 -0.293870151 0.849227846
 8 -0.238894567 0.986158133 1.67750084 4.00286950E-02
 9 -1.41826880 -1.62863135 -0.434264362 -0.721874177
 10 0.524276137 -2.24386549 -1.32826889 -1.28489542
 11 1.36548460 -0.312309057 -1.35344112 -0.489128113
 12 6.76320866E-02 -1.88659990 1.40218019 -0.736437082
 13 -0.430979490 -1.64644110 -1.12806582 8.09123814E-02
 14 -0.526628375 -0.363908142 0.394741565 -0.590240180
 15 1.28136432 -0.107214779 1.84879470 0.756887436
 16 0.466676712 0.652705312 -1.77603507 -0.429700315
 17 0.286028355 0.348078072 -0.678107798 2.33578110
 18 0.943019509 -0.172898412 0.227595747 0.632701516
 19 -1.57808411 -0.690133572 -0.437323064 0.430087894
 20 -0.818877399 -2.38321447 0.914683700 -0.821820915
 21 0.281162262 -0.423615426 -0.769899607 -0.323296428
 22 -1.49134862 -0.323662490 -0.793559015 -1.52197480
 23 1.05805779 -1.27733111 -0.395080447 -0.279276907
 24 0.634348631 -9.57689881E-02 -1.28105342 2.04191542
 25 -0.450075388 -0.267493576 -1.25198686 0.215920165
 26 -0.432020605 -0.501038849 1.11516428 0.162386805
 27 1.48681283 0.122975886 -1.22352457 0.888267100
 28 -1.79625237 0.133789137 -4.78448644E-02 -1.43732464
 29 -0.425532281 0.995430946 0.483549416 0.393068075
 30 1.34383655 -1.29878855 -0.682900131 -0.896614909
 31 -1.29307091 0.344133526 -0.442356378 -6.14742935E-03
 32 -1.09216666 -4.28472757E-02 0.764245152 -0.959798992
 33 1.13936794 0.168783516 0.226892099 0.675090075
 34 -1.24232352 0.168054193 -0.256462395 0.382317752
 35 -0.397211909 0.143058851 0.398309320 0.621446729
 36 1.78865349 1.92914510 -0.144670993 -1.33246648
 37 2.98000908 2.84958267 -0.137288287 -0.373210251
 38 0.351811975 -0.123155124 0.941355050 0.653604031
 39 -0.287109286 1.18487775E-02 0.148981318 -0.118790403
 40 1.83530378 -0.809294641 -0.669301391 0.443151087
 41 -0.806174517 0.577925920 -0.371337235 0.191455454
 42 -0.393448263 0.366648346 -0.444405049 0.571139872
 43 2.56961659E-02 -0.366298139 -0.923015773 0.317950726
 44 1.28448892 -0.301779747 -1.92953217 2.80608088E-02
 45 -1.06248534 -0.269304395 0.632745147 1.76782405
 46 0.787314296 0.338698953 0.157407090 1.74431133
 47 0.243694454 -0.104441911 -0.349698722 0.622324586
 48 -0.666395664 -0.466311306 -0.397455513 0.969737828
 49 0.345372170 -0.923995793 0.344771385 0.443296880
 50 -0.297543228 -0.703887224 2.00472977E-02 -0.814331889
 51 1.30063486 -0.616126418 -0.647483230 2.31516981
 52 0.503724813 -0.356623083 -1.04963088 -1.22571242
 53 -0.369972825 1.31324708 0.713133335 -0.306562573
 54 -1.09012723 -0.965416789 -0.405546695 -0.301738352
 55 0.728548706 -2.34906650 -0.435381532 1.39963901
 56 -1.85524559 -0.847281456 0.301605016 -1.40226424
 57 1.40679455 -0.528641701 1.31653976 1.14528823
 58 0.832097888 -1.14163411 9.52719897E-02 0.385679722
 59 2.79857206 -0.273181826 -1.36774373 -0.176384836
 60 -0.866725802 -5.64941317E-02 1.54304719 -5.04834577E-04
 61 -0.779490948 0.162289783 0.110953599 -0.702150941
 62 0.908198476 -8.53291005E-02 -0.454220057 1.76178002
 63 0.138633326 0.374309421 -0.965876222 -2.54583812
 64 0.502838612 0.254944980 -0.360497296 0.383392662
 65 -0.147065684 0.200188220 0.746268213 0.181058824
 66 0.364294440 -8.90903473E-02 1.14161086 -1.21747029
 67 0.223672092 -0.378531218 0.215226918 -0.562267661
 68 -2.63755918E-02 1.56770170 0.989307106 -0.714640796
 69 -0.467261732 0.256954849 0.189856887 1.37479496
 70 -0.553927422 0.599101126 -0.457474589 0.744966149
 71 -0.245081931 1.34736419 0.351925135 0.540063202
 72 -1.57701969 1.27301490 -0.360777408 0.673583269
 73 2.24784112 0.683444977 -0.143226191 2.41290712
 74 -0.504578352 0.354279935 -0.165611580 0.265447348
 75 0.494111806 -0.371946663 -0.963643432 0.761846602
 76 0.761216521 -1.03575027 0.276444405 0.422360182
 77 0.943568230 -0.573912382 -0.102371909 -2.05164385
 78 0.628526568 -1.54899216 1.62816739 9.89359617E-02
 79 -0.518546999 0.420852304 -0.423361331 0.362057090
 80 -0.717870474 -0.527293324 -0.695595145 0.828312576
 81 -0.144335732 0.277948469 -1.13707781 0.256617129
 82 -0.849093199 -0.323480189 -4.07901108E-02 0.164603800
 83 0.361871660 0.234027117 -1.01422334 -0.462271541
 84 1.28084922 0.938215435 0.466983497 0.693058133
 85 0.209508494 2.69071484 -1.45981574 0.841314912
 86 -0.280276835 0.273271441 -0.878960192 -0.481004000
 87 0.503671467 -1.06708705 -0.502752244 0.219652683
 88 -0.137861550 1.00725150 1.17994452 0.225428134
 89 0.305904120 0.987327993 0.248097464 2.16018200
 90 0.323899537 0.314134181 0.927334905 2.32250839E-02
 91 -0.891860902 0.108649135 1.32879448 0.467774749
 92 -7.06100464E-03 -0.165664941 -1.52711248 0.470050961
 93 0.327432811 -7.92690516E-02 1.18960369 0.998367369
 94 1.03219342 0.549142301 0.649725378 4.16411161E-02
 95 -0.886421561 1.34996569 -0.376673341 0.288191617
 96 0.814689279 0.660142660 -0.429666549 0.162394166
 97 -0.172591507 1.07555676 0.109703824 -1.26212311
 98 0.735376298 -0.368158251 0.671379447 -0.264700294
 99 8.72670263E-02 0.918410897 5.36382198E-02 0.807310104
 100 0.532432318 0.735994399 -0.413424283 -2.22513580
 101 0.316601694 -0.189708188 -0.353302956 1.57502592
 102 -0.613255382 0.581690133 0.443814993 -0.602878451
 103 3.48099172E-02 1.06807816 -1.05220664 -0.799570739
 104 -0.877078652 0.605817676 9.30969417E-02 6.94456249E-02
 105 0.264515519 1.87339616 -0.551084995 -0.850206494
 106 -0.813630581 0.277461499 -0.206949309 -0.712080956
 107 -0.304907739 -0.291061342 -0.717853606 0.200820833
 108 1.07650948 -1.34356880 1.98052526 1.48500609
 109 7.13716149E-02 0.783327460 -1.36039138 0.312120378
 110 0.895869970 -0.280831575 2.23263597 -0.780381560
 111 0.566139519 0.444402456 1.02204132 0.412364244
 112 -0.137267172 2.23679185 -0.346253842 -2.53053451
 113 1.42956161 1.16904497 -1.45562136 -1.69260228
 114 0.268279910 -1.51585925 -1.27235663 5.90834320E-02
 115 -0.568195105 1.56970537 0.318709433 -0.476181775
 116 -5.86149096E-03 1.70184708 -1.00812459 1.16360104
 117 6.87437654E-02 -0.310987502 -0.224312395 2.28929448
 118 0.242972076 0.966775179 -0.450201154 2.28118443
 119 -8.43062997E-02 0.647289813 0.972797334 0.940578222
 120 0.356885374 -0.875222325 -1.83539808 1.33480716
 121 -0.507606208 0.370880246 -0.308371156 -0.390556812
 122 0.536717355 0.634010553 -0.195620850 0.230678052
 123 -0.512070179 0.888886392 0.999542534 -0.240326896
 124 0.456382900 0.765677750 0.497790128 1.48085630
 125 2.04261243E-02 1.59161556 -0.236263543 1.56194413
 126 -0.710495830 -4.23195213E-03 -0.432613313 0.618165851
 127 -0.511852086 1.89013124 -1.23641825 0.228766680
 128 0.502156556 0.404986858 1.56905949 1.67070198
 129 -0.602104366 0.464843392 0.365730762 0.496167034
 130 -3.52289379E-02 1.94923437 0.840945601 -0.237005740
 131 1.17418158 0.175460219 0.143974036 1.16351199
 132 -0.512647331 0.325067550 -0.819110811 -0.500779748
 133 -0.482123554 1.72178900 -5.27485646E-02 1.07289791
 134 1.02239120 0.718903840 0.382415533 1.05350637
 135 -0.248544052 -1.55550838E-02 -1.88405573 0.445777118
 136 0.153233230 0.222790956 0.266738951 -7.06833526E-02
 137 0.131294608 -0.354137033 -1.31873882 -0.215960622
 138 0.200261593 -0.800530434 -0.678353667 -0.410535634
 139 1.14047861 1.69768929 -0.956800520 -0.228973836
 140 0.825100660 0.574948847 0.256313533 0.873947382
 141 0.126997039 0.964847147 -3.11574042E-02 -1.10137391
 142 -6.81789368E-02 0.613121033 0.507892489 -0.573290646
 143 0.811933756 0.841275573 -0.798502445 -0.534241319
 144 2.25495195 0.564945698 6.80627376E-02 2.06876183
 145 -0.547562718 1.03359890 -0.176689535 -0.497451007
 146 -1.45005786 0.703981280 0.515485644 -0.198427156
 147 1.60314655 2.16789985 0.277776182 -1.72428870
 148 1.92810595 -1.20173407 0.388399959 2.00963306
 149 1.59532523 -0.633560479 -0.568788707 -0.240474030
 150 1.24607074 0.534490287 -0.252234876 1.18127036
 151 -1.20706260 -1.81318140 -0.965471983 -0.768104672
 152 -0.664998353 -2.22577453E-02 -0.554279864 -1.26653409
 153 0.484652400 -1.00207698 -0.300355911 8.27520490E-02
 154 0.227788657 1.06940830 -0.202968597 1.17935073
 155 1.21659482 3.30724120E-02 -1.96215749 -0.670871019
 156 -1.85210752 0.350377560 1.12940693 -0.461329877
 157 -2.03520870 0.791924298 1.15092289 -0.755083501
 158 -0.886991978 -1.12910330 -1.68190897E-02 -0.840924263
 159 0.880542755 0.930139422 -6.65122271E-03 -4.36914563E-02
 160 0.800628304 0.844961584 0.435728103 -0.239804298
 161 -0.942564726 -0.835791945 0.611107647 0.539005637
 162 -0.493820101 1.56839323 3.22867334E-02 0.827519953
 163 -0.582660675 -0.492272764 -1.07811666 -1.20663333
 164 0.910524845 1.11075950 -0.587436318 -0.321748435
 165 -0.203807473 0.732970238 -0.143277287 0.391525745
 166 1.87723339 1.35605645 -2.23023939 -1.13259673
 167 -2.45124841 0.357729197 0.804215908 8.58666897E-02
 168 0.533759117 -0.587726295 -0.323456258 -0.475699842
 169 2.17155075 0.787362218 7.84856901E-02 -0.263885587
 170 3.15310597 0.439153701 -1.95762962E-02 -0.881779432
 171 1.50260234 0.538414538 -0.276995361 -0.237814113
 172 3.05205956E-02 -1.06509030E-02 -0.938144445 -2.91699195
 173 1.84638226 1.82783043 1.02188385 0.361725509
 174 -1.04600000 1.61669981 1.21496475 -1.63333094
 175 -1.09795213 1.61564553 1.63745797 -0.146196917
 176 0.698078334 1.15769613 -1.32547903 -1.37579644
 177 -0.298128545 0.560498953 0.791451216 1.07230103
 178 -0.438909233 -0.607578874 0.718167782 0.487033010
 179 1.83764553 -1.12873101 -1.54987311 0.265389860
 180 2.52074289 -0.310278475 -2.98729837E-02 -1.12785184
 181 -0.265493363 0.469969839 0.756755471 -0.146542311
 182 0.671705306 0.798485458 0.291608006 -0.259201139
 183 -0.274775118 0.861587167 1.37349355 -0.492134988
 184 2.48020077 -1.14852762 -0.201043203 -1.80154550
 185 -1.48825073 0.550732017 1.36569512 0.605472386
 186 1.95184636 2.02436876 0.577718735 0.681079984
 187 0.232924461 -1.11719394 -0.551986158 -1.23168921
 188 1.51263440 1.16068542 -0.851919234 -0.189250201
 189 1.47159255 0.452240795 -0.572401106 1.03285921
 190 0.636334777 1.72417545 0.294148684 -2.97654718E-02
 191 0.216753483 1.61172545 0.319032878 0.325342238
 192 0.606913090 -3.63308154E-02 0.824188292 -0.431052864
 193 0.338837683 2.01504660 0.623934686 0.134285539
 194 1.58733833 0.639536023 -1.26758146 1.98783290
 195 1.24277472 -0.124014437 -0.544328094 -1.33262253
 196 -2.32319212 1.56269979 -1.92957437 -0.991514266
 197 1.26149750 0.513119459 -0.276656538 0.405371666
 198 0.948033571 1.51581860 0.195213348 -0.262839794
 199 0.938919127 -0.875007212 -0.474104553 1.40911520
 200 -0.943513393 0.456117511 1.15653300 -0.185065061
 201 0.277768523 2.44875476E-02 -0.508309543 0.581708014
 202 0.948485553 0.896032810 -0.589416802 -0.618202806
 203 -0.392428905 -0.774974585 -1.27379715 -1.57810724
 204 0.446700335 -0.636912465 1.02387500 1.64892566
 205 4.64916229E-04 -0.528475285 0.769557118 0.388853371
 206 -7.10640550E-02 -0.217194766 -1.72250175 9.17030312E-03
 207 0.669775724 1.18791962 -0.249745533 1.43806887
 208 -1.45928609 0.127857596 -1.35139108 0.870805681
 209 1.06403852 2.84185123 0.784932375 0.323465109
 210 -0.307782680 0.998290062 0.332121253 -0.874385953
 211 0.533027470 0.725859523 1.60193294E-02 0.399312735
 212 5.32251000E-02 -0.249244243 -0.632280350 0.882184088
 213 1.15703535 1.86489499 -0.219562590 -2.35688305
 214 0.182684869 0.233810648 1.22525048 1.06995010
 215 -1.02691960 0.635332465 1.25135159 -0.811903596
 216 0.478408188 0.264416426 1.23500967 1.31647897
 217 0.231102154 0.955036640 0.271360457 1.06442237
 218 -0.147958651 -1.31733680 0.308595926 -0.354453206
 219 1.69716549 0.251335412 0.361845195 -0.180252030
 220 -0.977571368 3.90369892E-02 -0.212460563 0.289662838
 221 0.113501698 1.15693843 -1.15901732 -0.385807872
 222 0.535790026 -2.69852579E-03 0.371284753 0.426704854
 223 0.694687307 0.468640983 1.62632632 -0.298007876
 224 0.968731105 0.982041657 0.631541014 1.71718740
 225 -0.243502587 -0.240584850 -0.507589340 -1.00288880
 226 -0.597824574 0.339109361 1.17159450 -1.51021266
 227 0.197473824 1.81491518 0.495841444 -3.02227791E-02
 228 0.851700962 -0.342100084 -0.764042795 0.458333045
 229 1.11785662 0.767127395 -2.93247008 -0.454996765
 230 0.301236242 -0.425462991 -0.521625638 -0.456838191
 231 -0.131067023 -0.372055978 -0.215684772 -0.253217936
 232 1.57095754 1.09509301 0.585513890 -0.503262818
 233 0.591380179 0.705089867 7.84299672E-02 -0.429127276
 234 0.434588313 -0.992965281 0.696992636 2.71104723E-02
 235 0.274468005 1.41655827 0.153141588 1.44094396
 236 5.74520230E-02 0.350644857 2.20823511E-02 -1.35837650
 237 0.833348632 1.69633102 -0.250944555 0.150189161
 238 0.869507015 0.667500377 -1.77334499 -1.28067291
 239 0.544279993 0.189810157 0.355671138 -7.67410994E-02
 240 1.31661677 -0.169107392 1.29504442 0.371106863
 241 0.264102697 1.52771246 0.507393479 -4.89306413E-02
 242 0.926629901 1.01083755 -0.756020665 0.645898223
 243 0.493403256 1.34854603 1.39401615 -0.480087698
 244 0.207786486 -0.572269976 -0.745970547 -6.69876039E-02
 245 1.11237252 5.06635457E-02 -0.869889021 -5.59735298E-03
 246 0.238663375 -0.378587008 0.146270096 -0.893284559
 247 -0.173417449 1.06945193 -0.492341101 0.311076552
 248 -0.419976771 0.824203789 1.11116445 -0.523756087
 249 -0.231218010 2.14868927 -0.100743130 -0.427674681
 250 -8.07865858E-02 -0.499001771 0.646965325 -0.873494804
 251 -0.674332738 -1.00895083 -1.43550897 1.88936245
 252 -0.592695057 -1.35673499 -1.01710224 0.894583106
 253 -0.141650677 -0.306519210 7.28745461E-02 -0.447571784
 254 0.620994806 -0.149235845 0.275637269 -0.399769127
 255 -0.230057448 -0.274015129 0.638817787 -0.598644912
 256 1.10212398 0.641679943 -1.15673041 0.744896352
 257 -1.19425249 0.375508755 0.556312203 0.314745754
 258 -0.124134883 5.01672179E-03 -0.115837902 1.31327868
 259 -0.402449101 -1.07727373 1.27733123 1.12565303
 260 1.17849147 -0.175637841 1.19525993 1.60593224
 261 0.488366455 1.02385557 -0.726101696 -1.59366357
 262 0.296296954 1.58416033 0.941390753 -4.46870923E-03
 263 -0.336551785 1.12383544 0.173282593 -0.633611917
 264 -4.85396981E-02 -0.930104852 -0.202936977 1.28088975
 265 0.979209244 -0.389251620 -0.297688663 -1.13400126
 266 0.974572778 1.64522624 -0.505355954 1.00731933
 267 -0.201537460 0.986475766 0.725141168 0.993060172
 268 0.913865089 -0.589502633 -0.213480428 0.266271800
 269 -0.150401205 -0.654920101 1.03661370 0.174776167
 270 0.437662005 0.419542134 0.395913392 1.33294988
 271 0.144501820 -0.503099680 -0.737361550 0.965271592
 272 -0.366758555 0.708079457 0.538924277 0.675887465
 273 0.699013174 0.158582851 -7.99100921E-02 -0.156048909
 274 2.25638700 0.316721201 -0.460338235 8.51365328E-02
 275 -2.51261020 -0.384436101 -0.881383598 -1.55795681
 276 2.20108771 -0.812101126 -0.314302385 0.775605559
 277 1.33061850 -0.223166674 0.819915891 0.428411067
 278 0.730329275 -1.06357217 -3.19257900E-02 1.20989633
 279 1.41971195 0.406465381 1.01632667 1.71234012
 280 1.21341169 -1.92820811 -9.17845219E-02 0.157775551
 281 1.85419452 0.583930850 0.571416080 0.382236511
 282 -2.62852788 0.354429334 0.440770984 -1.19833362
 283 1.26537383E-02 0.897746205 0.752614498 3.39919031E-02
 284 -3.26273590E-02 2.07633662 1.45960724 1.94571471
 285 0.305696160 -2.25719976 -1.64113176 9.37672704E-02
 286 -2.15735602 -1.29319453 0.664832830 3.09084803E-02
 287 -1.00512815 1.76833248 0.438747078 0.717800379
 288 0.586312413 -1.05341029 1.58625007 -1.09765911
 289 1.16217363 1.09492838 0.113896295 -0.158157676
 290 0.433783710 0.577147305 -0.153579667 0.843519568
 291 0.396802902 1.96064091 1.10110843 0.424255490
 292 0.908740878 1.40405273 -1.85939801 -0.203068480
 293 1.03261685 0.719326854 0.899302959 0.612746239
 294 0.807188392 -9.01716501E-02 -1.00176632 1.00205863
 295 1.95748961 1.07921982 0.969797850 0.746942520
 296 0.252173007 4.59582023E-02 -0.809490323 0.699467957
 297 9.58647579E-02 -0.583359599 0.760333955 -0.865942299
 298 8.61193836E-02 2.73605132 0.741322100 1.04524291
 299 1.33037543 1.71689785 1.01036870 0.177902073
 300 9.73850489E-03 1.93616831 -2.26227593 -1.15181673
 301 -0.360313177 0.620804071 -0.259285569 0.667781532
 302 -0.295966029 3.04468945E-02 0.124609441 0.642623067
 303 -0.178664371 -1.39397275 -0.738872886 -0.396331370
 304 6.99222088E-04 -8.96233544E-02 -0.180121273 1.53204656
 305 5.50474860E-02 0.690027475 1.79696333 1.15729737
 306 -0.244317263 0.720311999 -0.415111929 0.949717164
 307 -0.148687094 0.436402649 -0.257137954 0.412284285
 308 -2.16573381 -0.961207032 0.183527499 0.542942226
 309 0.389528155 4.20826599E-02 -1.82290542 -1.36894584
 310 9.80097055E-02 -0.284963191 -0.566046536 -0.322558016
 311 1.38383055 -8.18979368E-02 0.785924554 1.02276516
 312 0.296328127 -1.68760860 -1.01198208 1.03605032
 313 3.13680315 1.32467103 1.11727977 -1.50768292
 314 0.413229525 0.716659784 0.640577197 1.16942036
 315 0.793191791 0.844362199 0.278332621 1.09837687
 316 1.31683147 -1.19000041 1.09926116 0.126338959
 317 -0.250036836 2.34209895E-02 -1.24024796 -0.158001214
 318 -3.15051004E-02 -0.556686640 -1.52869856 1.20353830
 319 0.349885345 -2.57209134 -0.687869668 -0.350808769
 320 1.54874158 1.21826017 -0.269918174 -0.196826965
 321 -1.18263280 -0.122989222 -1.14001167 0.304973483
 322 -0.833397150 1.16953301 1.89391649 -4.05830070E-02
 323 0.909065723 -3.90247703E-02 -4.92501110E-02 4.40439209E-02
 324 -0.892371178 0.969454944 0.984706104 1.17582464
 325 -3.09760571E-02 0.119930327 -0.718157947 0.305998951
 326 0.172932684 0.384756207 -1.64421916 1.68442595
 327 -0.203398988 0.277448148 -1.99947059E-02 -1.56952727
 328 -0.593333840 0.826667666 -3.55297290E-02 0.293467641
 329 1.16484451 1.85490084 -1.34940529 1.45780051
 330 0.687259674 1.19630468 1.35581183 1.84240210
 331 -2.72977901 0.463080049 -0.944321990 1.68689859
 332 -1.20476604 -1.29772365 0.535240889 -1.03567755
 333 0.365422040 1.61566883E-02 -0.218311727 0.101390719
 334 -1.69883817E-02 -1.51487067E-03 -0.337450981 1.87666130
 335 1.37206745 0.426150322 -0.503026605 0.945777476
 336 0.473620415 1.66117752 1.01597452 1.04344845
 337 -0.266906261 0.578495741 -0.420082718 1.35732293
 338 0.882966638 1.12400091 -0.133939534 -0.335426629
 339 -0.279233962 0.523397088 -0.372022778 -1.65919876
 340 0.389231980 -0.891258657 -0.405598521 -0.949788570
 341 1.50266743 -0.145644128 -0.510261655 0.790184259
 342 -1.04997241 0.114688262 3.30422074E-02 1.45286298
 343 0.649884462 -0.516431093 1.31101477 1.49785650
 344 -1.23853076 -1.39605248 -0.476760030 -3.14872414E-02
 345 0.434697807 1.25699878 -0.292286873 -0.354501933
 346 0.589847445 -1.00644886 0.507812738 1.77625513
 347 0.471581101 1.23787594 -0.426836908 -0.391338557
 348 1.66559780 -2.21599269 -0.412953526 0.131404012
 349 -1.70343411 0.806374192 0.304323733 0.624472022
 350 0.758402586 1.35470462 -1.40591431 -0.348236620
 351 -0.950627208 0.133814186 0.963992238 1.10700250
 352 0.970642328 -1.23345661 -0.739775658 0.881004572
 353 1.38215065 -0.625967920 -0.824250698 0.492448866
 354 -1.04104018 1.21437955 -1.09195876 -0.284570783
 355 -0.480997860 0.364276707 0.185926169 -1.05433071
 356 0.285110027 0.465185702 -1.15844393 -0.511806846
 357 0.438534439 0.261113346 0.155535519 -0.632082224
 358 -1.51418602 2.24534559 -0.731599450 0.948282242
 359 -0.399111032 0.696362138 -1.61097199E-02 -3.44807096E-02
 360 0.396941423 -0.416997224 0.405012012 1.11350799
 361 1.72435772 -0.529281378 -9.91422161E-02 -0.532795608
 362 -0.949209690 0.270309359 -0.544681311 0.585736990
 363 1.25651276 -0.466901958 0.813729644 3.61780971E-02
 364 0.317292929 1.22031510 -3.62180173E-02 0.563987017
 365 0.428916752 3.58715504E-02 -0.337922722 1.61157298
 366 0.854861021 -1.33286226 0.502137303 0.261597514
 367 -0.643246472 1.53130174 -1.83549374E-02 0.285781294
 368 -1.88979077 -9.58598256E-02 -0.262689948 0.666020989
 369 1.44819999 0.538643360 1.42204475 1.18636966
 370 -1.66187823 -0.249590397 -0.543493092 -0.117400296
 371 0.323595911 0.875512421 -0.157148540 1.48227692
 372 2.03156829 -0.328188032 1.05364668 -0.288451880
 373 0.925364494 -0.846275747 -4.41971049E-02 1.58994591
 374 1.84549618 -0.818837941 -1.62435424 0.492342979
 375 0.247624815 -0.239435434 0.269828320 0.955425322
 376 1.06743145 0.463684380 -0.599994302 0.315586984
 377 0.460888445 0.185887828 0.192012623 0.151601255
 378 -1.17147279 0.695074201 9.40105170E-02 -0.211697206
 379 -0.412461251 0.970263660 0.216061920 -0.530415595
 380 0.223812908 -0.766251147 0.633115351 1.51907527
 381 0.417499661 -3.39991748E-02 -0.978267789 -0.386333942
 382 -0.242425039 9.44467634E-02 1.32310522 -0.380228817
 383 2.08927679 1.57534409 -1.93627214 5.42387143E-02
 384 0.832895279 1.60138488 1.85978997 -0.223228693
 385 -9.79081616E-02 -8.18464905E-02 1.16258264E-02 0.852976978
 386 -0.508063138 -0.189514428 -0.647842169 -4.29844037E-02
 387 -0.787318349 -0.152219847 -0.118353173 0.361001194
 388 0.922988772 -0.140479922 0.640756130 -1.23797739
 389 -0.918936789 0.258656383 0.212863833 1.78368163
 390 -0.806887269 -0.786444426 1.62224615 -0.776056647
 391 -1.39852703 0.189432055 0.483971357 1.49121368
 392 -1.66005325 0.886780083 -0.869600177 2.65645170
 393 -0.826085329 -0.157115132 4.22947258E-02 0.762122452
 394 0.479013443 1.45867157 -0.138912395 -2.32774377
 395 0.427532077 0.947106898 -2.64611506 -0.453840584
 396 -1.07738864 -8.65947530E-02 0.118773371 0.767965615
 397 -0.975193143 -0.279616237 -1.08527660 0.603997231
 398 -1.88254559 8.44616294E-02 -0.793791175 0.820129037
 399 -1.06355786 -0.244595915 0.911633193 0.256913900
 400 0.111727193 -0.351276845 0.683076859 0.160185322
 401 -0.805207312 -0.505272746 -0.193936765 0.207725048
 402 0.910965562 0.906923056 -1.61405480 0.928694963
 403 -0.651373744 0.112514496 0.892684698 1.06254685
 404 -6.44963235E-03 -0.498471558 -0.894111037 0.263750494
 405 0.200390726 1.71338093 -0.330950260 -0.942408979
 406 1.34777856 2.36679125 0.814632654 7.29976445E-02
 407 1.11843657 0.381581604 -0.968958616 -1.85869741
 408 -1.27439713 0.158664078 -0.568240583 1.34298730
 409 1.80365884 -1.02366567 -0.823899448 0.330783904
 410 0.390145808 -1.42518878E-02 -1.82506549 0.417166114
 411 -1.74970675 -0.901656330 -1.15364480 0.924038112
 412 0.897006989 -0.554177284 -0.922955096 1.57520902
 413 -0.775088489 0.604574502 0.513675094 0.274633914
 414 0.236520648 -0.466588318 -0.550928056 -1.40837538
 415 -1.88512123 0.413962156 9.84154493E-02 0.735411048
 416 2.21888089 0.466449708 -0.498111576 -0.699475348
 417 -0.240318686 0.696174324 2.17329168 -0.604278028
 418 0.238757119 -2.13435984 0.606152713 -0.813802421
 419 0.639661849 -0.624527693 -0.462794662 0.492881775
 420 -0.499922991 0.181325018 -1.12093306 0.652453601
 421 0.419545442 1.71756625 -0.707795978 1.84643102
 422 -0.935459971 -1.91179037 -3.42268491 -1.19466889
 423 -0.363799423 1.89543855 0.945366919 0.638279319
 424 0.618027627 -1.11934626 -1.63205159 -0.777387261
 425 1.16847122 -0.196559444 -0.549752235 0.461053342
 426 -1.71162057 0.841178358 1.14501095 0.292721510
 427 -0.292488754 -1.65363550 -1.36845601 -1.00059044
 428 3.09310389 0.913994670 -0.300952077 -0.279335380
 429 0.622464716 1.33655667 0.255566239 0.347229838
 430 -0.994765401 0.382203549 0.357226402 1.23510218
 431 0.479626656 -0.857877433 -0.903307736 -0.749821723
 432 -1.23514342 1.60693383 0.443303466 -0.251940310
 433 1.26404965 0.666984439 -0.696442366 1.48544264
 434 -1.93268847 -0.123053774 -0.679511905 1.54419494
 435 -0.241984218 0.531028926 -0.574660301 2.03645825
 436 -0.465833694 -0.156698227 -0.575938821 1.49115992
 437 0.502103209 -0.454648525 0.203956395 0.893669605
 438 1.46605456 0.895266652 0.286154866 -1.67860174
 439 -0.408286363 -1.02051342 -1.93526304 1.64815712
 440 -1.05700624 -0.399896979 -0.557344794 0.214850545
 441 0.195737928 1.60569167 1.26654148 0.455974281
 442 0.122486502 -0.785394490 0.857177734 -0.648893118
 443 1.13236010 0.634478569 0.497877717 1.15112174
 444 -2.23251653 0.669703841 -0.664248943 -1.17165661
 445 -5.89874089E-02 -0.850394249 1.20207751 -0.936442733
 446 -0.298238814 -0.818868756 1.06358314 0.510939360
 447 -0.819815457 0.336914778 0.257452488 0.496092021
 448 0.726430297 1.19949901 -0.985638440 -1.57553148
 449 0.299726635 1.26518011 -0.583724260 1.61752701E-02
 450 3.60192299 1.50420094 0.801277399 0.242128253
 451 -0.847886920 -0.183471382 1.12677813 -1.43072033
 452 -2.07558322 -0.348469466 0.645669043 1.74131858
 453 2.90912652 0.537967324 2.52777338E-02 0.520713687
 454 -0.156000897 2.36445451 -0.357208192 0.385642409
 455 0.979817986 -1.32198143 0.973276079 0.545540810
 456 -1.01451981 -0.381437540 -0.563079596 0.953016460
 457 6.75081760E-02 -1.03608751 0.872316360 -0.321713328
 458 -0.467954010 -0.718081832 1.24108887 1.07991192E-02
 459 0.436042964 1.15970862 0.119724214 1.07752538
 460 -0.310175896 -0.814500451 -0.698531032 0.734220505
 461 2.76906586 -0.630663276 -2.49623466 0.287441671
 462 -0.619040549 0.666935861 -0.780658722 0.591222763
 463 -0.162750065 0.609476089 1.13846052 1.60284472
 464 -0.262741089 -0.845252454 0.439565867 1.60402155
 465 -1.28003800 0.418082237 -0.281004250 1.40978110
 466 2.12055254 -1.27078187 0.366262048 0.930532753
 467 0.132483765 0.108647853 0.785866022 1.61733663
 468 0.457486629 -0.334243596 0.863133729 -0.414647132
 469 -1.36729908 0.451400578 -0.406645119 -0.552332759
 470 -1.74996400 0.569684327 -0.548230708 -0.464626640
 471 -1.40033305 6.30484968E-02 1.30011857 0.141672999
 472 -1.29940605 0.228150010 0.149054855 2.93991864E-02
 473 -0.616037726 1.08597851 0.722580910 0.487590611
 474 -1.92422998 0.868964672 -0.501769125 -1.08656383
 475 -1.97988153 -1.48583853 1.69514608 -1.13437963
 476 -1.52026069 -0.197531238 0.357390136 -2.21195889
 477 -2.35142756 0.615161419 -0.757134140 -0.684001446
 478 -0.179373056 -7.36244395E-02 -0.966139138 0.428927869
 479 -0.970460355 0.834770262 -0.299034864 -0.191950038
 480 -0.386474729 0.492984056 0.921380579 -0.262336016
 481 -1.38532519 0.553494632 -2.69934535E-03 0.774768233
 482 0.465180635 -0.956631780 -1.29918301 0.509796798
 483 1.72498560 -4.73365188E-04 0.813920438 2.27167606
 484 -0.494096100 -0.478025079 0.102730647 -3.25297117E-02
 485 -0.531883419 0.322290987 -0.530997097 0.125965267
 486 -0.618294001 0.458739758 0.642484665 0.621697485
 487 -1.67106998 -1.19780171 0.517841637 2.63955425E-02
 488 -0.249350697 -1.60768390 0.259684294 -0.474936396
 489 -1.47908032 -1.02632904 1.64900947 -0.640631855
 490 1.16053700 -0.505223334 -0.203974426 0.174632132
 491 -2.05744481 -1.58845115 -4.68880981E-02 0.119162083
 492 -2.36979651 -8.88042748E-02 2.29727030E-02 -0.393731952
 493 -0.261801481 -0.300285071 -0.145048916 1.27206588
 494 -0.751644790 1.47075057E-02 0.836395025 1.03018653
 495 -1.40017700 0.327855229 0.905314803 0.127988696
 496 -1.79507303 -0.388908863 1.62694812 0.245876014
 497 0.395039320 1.34570789 0.434229553 0.298509955
 498 -0.229328796 -1.61388433 1.43518913 -0.121410638
 499 0.824541926 7.21872747E-02 1.19135773 1.94504356
 500 -0.287252784 -0.838471532 0.333328635 -0.221609563
 501 -0.194763720 1.41710615 1.19395483 0.296276838
 502 0.249474138 -0.491995245 0.178239644 -1.05079925
 503 -0.199773744 -1.39590740 0.311359465 -0.255527437
 504 -5.62330484E-02 -0.953534722 1.10342479 -0.320366174
 505 0.190965742 -1.25288963 1.99284959 1.61620355
 506 -0.589890480 -0.432361215 1.81972361 -1.43727112
 507 -1.65763640 0.161341712 0.424478352 -0.651768744
 508 0.515960991 3.68912518E-02 -0.104042552 0.535050035
 509 1.78446472E-02 -0.130467325 0.138017476 -2.04237866
 510 0.690433919 -0.311165661 0.523109138 -3.63286585E-02
 511 0.880166829 0.572798908 -1.34573805 -7.16688111E-02
 512 1.84717143 0.106756411 1.59933639 -0.812113762
 513 2.39128447 -0.171340957 -1.47631919 0.690947175
 514 0.124489978 1.18938994 0.917356670 -4.11965176E-02
 515 -6.80216253E-02 -0.706815720 -0.732631743 -0.922269344
 516 0.703431368 -1.47920513 -0.619637430 4.50382531E-02
 517 -1.99361444E-02 6.09457493E-02 -2.27943945 8.73775482E-02
 518 0.779164135 1.70286882 -2.35837746 -0.952345967
 519 -0.986319959 -2.39649343 1.14646900 0.405252755
 520 0.598283887 -0.910108328 0.175835669 0.704900503
 521 -0.389523476 -0.249245837 0.366241932 0.901276946
 522 1.68453240 -0.840776205 -0.294661731 -1.24597716
 523 -0.485208303 1.06576729 -0.201034129 -0.415725559
 524 -2.23990488 0.568304181 0.475974023 2.12573624
 525 -0.972669482 1.53461230 -0.492100567 -1.80439985
 526 -0.980972409 1.09655476 0.560298145 1.09168887E-02
 527 0.864855766 0.214259714 0.230675593 -7.38556907E-02
 528 -0.657043755 -2.34816968E-03 -0.557299137 0.380679309
 529 0.632172465 -0.146209821 0.259718478 -0.152416214
 530 0.900456011 1.25113976 0.575884342 1.16964388
 531 -1.03177011 -0.188960969 -3.00928569 0.500800788
 532 0.348093390 2.24634504 -0.245359391 1.27985430
 533 -0.362175465 0.443767458 0.532128572 0.483277231
 534 0.632717252 -1.28276336 1.38915002 -0.982125759
 535 -1.04555321 -0.986270726 -2.09809804 -0.818973362
 536 0.305228204 0.752321601 -0.711303115 0.119159162
 537 0.499366581 -1.73891556 -0.420982689 -0.788482904
 538 0.475982100 -0.971556425 1.25617349 -1.26542008
 539 -0.603157938 -0.458897352 0.688878179 0.853238702
 540 -0.474028975 0.582205176 0.647852242 -1.32068586
 541 0.164999723 -0.598743200 4.12108600E-02 0.340735376
 542 -0.673767924 -0.588553369 0.662631273 -0.684414089
 543 -0.402100980 1.05704868 -0.987934291 -2.37071490
 544 -2.53201985 0.411577046 -0.764155865 1.06266701
 545 0.288914114 0.547545671 -0.168983981 1.57371473
 546 -0.480873078 0.581831098 0.995579302 -0.140065655
 547 -1.04202473 -0.149390951 -0.319500983 1.18060350
 548 -1.14416718 0.617899120 1.92241085 0.842070937
 549 -0.231251970 0.267318189 -1.23500967 0.309701592
 550 -2.25134182 0.392710239 1.01085007E-02 0.416432261
 551 0.263856500 -0.835999012 0.605331361 0.335108697
 552 -0.454819202 1.83954096 0.147305578 2.42674160
 553 -1.31907058 0.705813587 1.44340682 1.16318178
 554 -0.499870777 -1.39514410 0.592113853 -7.21903443E-02
 555 1.28259027 -1.92150807 -2.13413739 1.35135317
 556 -0.112414479 0.809997141 1.27884764E-02 -0.417779028
 557 0.685146809 -0.511905551 -0.908828080 -0.222738653
 558 -1.00427103 -0.922801018 -1.13912296 -0.253897637
 559 -0.625164211 -0.576080024 8.90342593E-02 1.22568798
 560 -1.37719071 -1.02187979 -0.811762750 6.54034317E-02
 561 -0.538168430 1.41218710 -1.73220313 1.73476684
 562 -6.89336956E-02 -0.429347694 0.450947404 -1.19437838
 563 0.417530358 0.980970263 -1.41253257 0.247109205
 564 -0.961688876 0.868989587 -1.22041106 0.710428238
 565 -0.116338708 1.59972215 0.186690301 -0.774081230
 566 0.854452789 -0.425953031 0.543014884 0.419522136
 567 -0.402969122 1.77479768 0.834329188 0.465808064
 568 1.51098537 0.595461428 0.486809164 0.694440842
 569 0.573098719 -0.724066734 0.936664760 1.08183920E-02
 570 0.315391898 1.19103169 2.00575876 0.754470468
 571 1.23684430 0.308332086 -0.368899494 -2.44897819
 572 1.00307548 -0.188755408 3.08430046E-02 -1.70157039
 573 1.00390029 1.04622066 -0.593620181 -2.17413139
 574 -1.07452238 -0.944577694 -9.52935815E-02 -1.26972735
 575 -0.423108190 -0.178264365 8.24934244E-02 0.144277483
 576 0.619700670 -0.573448718 0.160334766 -2.23837185
 577 -0.366421819 -1.57345998 -0.158102751 0.614939392
 578 -1.91969359 1.24732721 -0.693946123 2.92310417E-02
 579 -0.631147921 -7.16863573E-02 0.823866487 1.06273961
 580 -0.862292945 -0.236987501 -0.357462645 -2.04109836
 581 0.749735475 0.124648318 -1.30676055 1.88600612
 582 -1.91338634 0.997470140 0.506398201 0.923150361
 583 0.853897512 0.996942282 0.257610381 -1.65518448E-02
 584 -1.28878629 -0.397716343 -0.302500397 0.573488057
 585 1.15936172 -1.32795310 -0.892060876 -0.661700368
 586 -8.27672929E-02 -0.196868733 0.211126298 -1.20790339
 587 0.335649371 0.669132471 1.49014628 1.08582246
 588 -1.26279950 -1.18819153 0.675265789 -5.49089909E-03
 589 -0.678571641 -1.71316147 -2.67879739E-02 0.127243355
 590 0.364605069 -0.268682361 -0.597640753 0.462722957
 591 -4.52616215E-02 -0.163575053 0.731585681 0.355180025
 592 0.983556986 -0.241306007 0.347960323 -0.894255996
 593 -0.237140119 -0.681725442 -6.48748130E-02 1.21919179
 594 6.92168921E-02 2.75804043 -0.598365784 0.773270190
 595 -0.318529010 -1.03276861 0.989328444 -0.943810999
 596 -0.304274529 0.147525489 -0.225275323 1.04751182
 597 1.95089912 -0.616731763 -0.167109013 0.934495389
 598 -0.774887204 -2.27388954 -1.37817729 -1.33360648
 599 0.299180269 -0.533775032 1.83467484 -1.18802679
 600 1.24200308 2.13738441 -0.363185942 -0.223404944
 601 -0.998912811 -0.628273070 0.628516972 -1.12388694
 602 -2.60786116E-02 -0.827746451 -0.357889473 0.710233748
 603 0.272787243 0.492908657 1.60125959 -3.60250920E-02
 604 0.151296169 -0.703501642 -0.800633907 0.524176002
 605 0.387378395 0.551260233 1.46722615 1.53284252
 606 -1.18792713 -1.59854162 -0.406434625 1.71307278
 607 -0.994166791 -0.503264427 -0.314111561 -0.212585717
 608 -0.638307214 0.451455683 -0.365740716 0.622336984
 609 1.07113361 -0.480946720 -0.862245917 -1.00413752
 610 -1.29276514E-02 -0.646874428 1.69183993 -0.740383983
 611 0.293386579 6.73368126E-02 0.188586161 -0.168569237
 612 0.396347225 1.04343903 0.272858560 -0.643579364
 613 -2.02215719 -0.667718053 0.592062473 0.370090067
 614 0.515516102 0.276593417 0.635574222 1.45371032
 615 -0.610077679 -0.560599566 -0.429621279 1.36915183
 616 -0.626931071 -0.668449819 -0.926168919 1.08515811
 617 0.214929432 -0.764732063 -0.327886492 -0.560874939
 618 1.47843218 0.852967024 -0.797700286 -0.196579188
 619 -0.476844668 0.886947453 0.989189804 0.572006345
 620 0.475989163 -0.272724986 0.789551258 -0.502171874
 621 -0.429873824 0.475799143 0.324400336 0.230952799
 622 -1.20226324 1.26751244 0.802657247 0.812753141
 623 1.04508698 -1.89095104 -1.49148107 0.461649120
 624 0.679429531 5.08323014E-02 0.663133860 0.636068583
 625 -3.58914435E-02 0.218632072 0.101710975 -5.56467623E-02
 626 -0.157173932 0.812344074 -0.642701864 0.788015604
 627 0.453276873 -0.431366622 0.123457596 -1.02637327
 628 -0.749047160 -1.14173222 0.597623169 1.01521921
 629 -0.782240927 1.65950787 -0.281488985 -0.373217523
 630 -2.29101133 -0.512978375 -1.46410537 -0.942433476
 631 0.965386987 0.952420175 0.996536136 0.547440708
 632 -0.353437126 -0.371753097 1.29514742 1.12389791
 633 0.669970751 0.273367345 -1.51930380 0.779645860
 634 -3.75072658E-02 0.110705778 -1.23520041 0.267536402
 635 -0.305486292 -1.02069592 -1.90831685 -0.960344613
 636 -0.940169215 -0.479997694 0.707702398 -1.00869358
 637 0.480385482 1.55118358 -5.95426969E-02 -0.553204834
 638 0.360618591 4.13839966E-02 -0.786503792 -0.215479314
 639 0.241089135 1.25280023 -2.45662642 -0.373213977
 640 -0.338444710 5.78180104E-02 -0.255805463 1.10154855
 641 -1.31195629 0.950365782 -0.257705033 0.298263818
 642 1.06553888 1.50062501 0.304837942 -0.338120341
 643 1.33622158 -0.954249442 -0.536869168 9.21094418E-03
 644 0.134486273 -0.893901169 -1.61764312 -1.39157832
 645 -0.739070415 1.45040643 -3.76086757E-02 1.11416709
 646 -0.352837294 0.483954966 -0.490789711 0.836647093
 647 -0.931633234 -0.950323761 1.07129121 0.260369509
 648 0.782192171 -1.53314197 -1.88285708E-02 0.277032703
 649 -0.576465130 1.53647876 -0.319246620 -0.732401192
 650 3.48207802E-02 0.321083069 5.51759824E-02 0.553837776
 651 7.55774230E-03 -0.392914981 -0.143889710 -0.126373380
 652 -8.13053697E-02 0.712388098 -1.01717782 4.52763587E-02
 653 1.61013794 -0.457525849 -0.443200111 0.564899445
 654 -0.971801281 -0.445688725 -0.763963163 0.743003249
 655 -2.04558587 -1.53550613 1.17994273 -0.283455133
 656 -1.45125735 0.326884001 -7.46004283E-02 0.560515702
 657 0.244607672 -0.237057373 0.117728487 0.871958137
 658 -0.128705561 1.35251164 0.665297270 -0.156292051
 659 -1.31810260 -0.127183691 0.708668232 1.31442165
 660 -0.607278466 -0.798256397 0.305110157 1.33348489
 661 2.00880289 0.294094533 -0.780865669 1.82731867
 662 -1.54265285 -4.16347980E-02 0.887831926 -0.287667096
 663 -0.180680782 -0.330689460 -1.15996683 2.01493788
 664 3.42799127E-02 0.742006779 0.557844877 -1.11901653
 665 -0.917655706 -0.418365628 -1.08212221 -0.595408142
 666 -0.150873408 0.621057510 0.244652241 0.190185636
 667 -0.108626947 -0.821319401 0.474235296 0.853953004
 668 0.380975395 0.138447478 -0.180183917 -0.245993435
 669 -1.31124711 -1.60921896 -6.58634156E-02 1.04348195
 670 0.459588379 0.665726423 1.08801281 -0.926427424
 671 -1.23373222 1.22028875 0.813901365 -0.674690068
 672 -0.256767035 0.266044259 0.331079900 0.646514893
 673 1.40166795 2.02361846 0.210113645 -0.221947730
 674 0.856330276 -2.69922090 -0.233217016 0.985611320
 675 0.509349704 1.19756675 0.115119040 2.14002275
 676 0.307944417 -1.06695712 0.301262021 1.52543962
 677 0.814887464 0.757488668 -0.592437267 0.945506036
 678 1.49264252 0.341750056 -0.864619732 0.317733765
 679 -0.132706612 0.660066605 -0.109048292 -5.34725636E-02
 680 -0.911293685 -0.495087683 0.318518102 -2.72642660
 681 1.39297080 -0.389237583 -1.84514821 0.878368974
 682 1.15025842 0.274649054 -0.561341941 0.487876505
 683 0.786092043 -0.446297586 0.114707172 0.495029867
 684 -0.613839567 -1.01681232 -8.58653337E-02 0.570458829
 685 -0.547965467 1.50987208 1.53347576 1.26218021
 686 0.494637132 0.494421244 0.776079178 -1.94590867
 687 2.06326795 -0.275805354 -0.347441077 1.56439245
 688 0.137243748 -2.07211900 0.449654818 -0.148063391
 689 -0.179752439 -5.53869233E-02 -1.81900620 -4.06470522E-02
 690 1.81266642 0.288478523 -0.472997338 5.00071794E-02
 691 -1.57824707 -1.52513087 -0.596170247 -7.82200694E-02
 692 0.302279413 1.19588542 -0.229133397 -0.468512654
 693 2.15351725 -0.444929957 -2.98666842E-02 0.470019579
 694 0.753480494 -5.36558032E-03 -1.49234271 -3.52379084E-02
 695 -1.09467793 -1.35923481 0.482802361 3.46815214E-02
 696 -0.333955884 -1.29270566 0.853120744 -0.745290041
 697 1.40704107 -1.78527999 0.828829467 -0.101541810
 698 -1.08571053 -1.00905323 0.403376818 1.14618862
 699 1.36175275 0.563977242 0.250858277 -1.25819933
 700 -0.660380006 -1.42940795 0.245523274 1.62783492
 701 -0.746090770 1.27903652 -0.265265286 0.735594571
 702 -0.305064023 0.732257068 0.193822563 -0.387413859
 703 0.115545981 -0.259958893 1.06947410 -0.858367205
 704 0.120290026 0.575303197 8.97282511E-02 0.695677400
 705 0.403438359 0.281417370 0.645274758 -0.644644976
 706 0.228995472 -0.954974651 -0.619539738 -0.820765078
 707 1.66167080 0.815544546 -1.22420740 0.382824749
 708 0.387123317 0.718705893 -1.58008540 -0.999047399
 709 -6.22373968E-02 1.56247795 -8.33131969E-02 -0.175267950
 710 2.15057039 0.243363783 -1.04329586 1.89134288
 711 9.19493735E-02 -0.567083716 0.168605953 8.45490694E-02
 712 0.979867041 4.63086665E-02 -0.141204804 -1.29322708
 713 -0.473984659 1.60157466 0.851615191 -1.52412069
 714 1.08249652 -0.987357974 -0.353998959 -1.34153724
 715 -1.18423080 -0.699834585 0.714217961 -9.29530635E-02
 716 -0.673850477 -8.53952765E-03 1.34552085 -1.23555219
 717 1.09642756 1.01573598 0.260565102 -0.114727207
 718 -1.59852898 -2.72810125 -1.12639654 -0.171307087
 719 0.559056282 2.09540677 -1.17017961 1.58014977
 720 0.806047797 1.38525665 0.525522649 0.627362967
 721 -0.674343228 0.702015281 -5.23038208E-04 2.20862484
 722 -0.102664433 0.803161979 -0.394311726 0.966673970
 723 1.10848093 -1.13533139 -1.28290391 -0.264215320
 724 -0.969031811 -0.740101993 -1.11950493 1.46127617
 725 1.15018272 -0.770106196 -1.09344125 -0.601040363
 726 0.169259757 0.539288819 0.196553290 1.14593446
 727 0.498974144 1.80851030 0.428914189 -0.872158527
 728 -0.323193789 1.06855035 -0.590075612 -0.482755572
 729 0.900924921 0.279477239 4.23677862E-02 -0.598200619
 730 -0.495635539 -1.36108696 -1.24517477 -1.27674985
 731 0.343972087 0.121582486 1.07774889 -0.622157753
 732 0.647129834 0.701984406 -1.91023719 0.401031256
 733 0.894264579 -0.613089442 -1.50563204 -0.364295870
 734 -0.852656066 -0.382645816 -0.220116362 -1.40884888
 735 -0.289366722 1.78186595 -1.46811473 -0.353759944
 736 -0.609312832 1.65460610 -0.683631659 -0.411134213
 737 0.294866115 1.07911551 1.56759769E-02 0.620004058
 738 0.278629482 0.353231251 3.86044383E-02 -0.116289079
 739 0.604523540 -0.704116046 1.26548755 -0.600584626
 740 -1.67587113 -0.673011959 -0.158915669 0.634881675
 741 -0.780107319 -1.52170873 -1.91333926 -1.31744277
 742 0.518545747 2.23125482 6.42786771E-02 1.55779481
 743 0.724654555 -1.20210338 -1.76228189 2.26904821
 744 0.905037999 0.539322913 -0.809040904 0.641744792
 745 6.36002868E-02 -0.767490149 -0.257318050 -0.660489559
 746 -1.05697513 0.363459289 4.26187515E-02 -1.25476813
 747 0.741845608 0.419856966 0.299786478 -0.493774593
 748 5.89186773E-02 0.121243730 -0.347485334 -0.561287642
 749 -2.51375031 9.30923820E-02 0.770253539 -1.16680813
 750 -0.719620168 0.497066230 0.872827888 -0.833591163
 751 -0.209726050 -1.18274188 0.812321365 -4.89093661E-02
 752 -0.375573635 0.304318249 -0.442890644 0.496792406
 753 0.458335698 0.198136985 0.357939065 0.299618542
 754 -1.37290049 0.834854722 5.64084128E-02 -0.118577905
 755 -0.804366231 -1.69135463 -1.02893043 0.126347840
 756 -0.916888595 -0.344637454 -0.487683862 0.304704517
 757 1.98458588 -1.45763481 -1.17955756 6.32682890E-02
 758 -0.255936056 0.771512091 0.407681584 0.863317370
 759 -0.874411225 -1.35095167 -7.86511600E-02 -0.206931114
 760 5.87035194E-02 0.188437134 -0.505576253 -0.594247937
 761 -1.52051926 -0.296056360 -0.875642538 -1.34446788
 762 -0.904408097 0.963942528 -0.626200140 2.12342381
 763 -1.17954063 -0.463704497 0.147417530 0.658538103
 764 -0.143991575 -1.56393933 0.637172103 -0.684246957
 765 -3.90176475E-02 -1.69172716 0.364573985 -0.882466257
 766 -1.86639440 -0.370736957 0.758925796 -0.966423273
 767 -0.973180115 -0.632847488 1.45727181 0.919283032
 768 -0.892730534 0.796362102 1.50861964E-02 -1.61273408
 769 -0.926405251 -1.12772882 -1.38269460 -0.465366304
 770 -1.53553998 -1.69888747 0.433189839 -0.496478319
 771 -1.91118073 -1.71640527 -0.228384167 -0.303721070
 772 -1.48110211 -0.749700665 1.57970071 -0.697506845
 773 -0.411640465 0.843800426 -9.79354680E-02 -0.443342268
 774 1.18675148 -0.156694010 0.968036294 -1.69518769
 775 -9.91257802E-02 0.156236500 -0.832042396 -0.889068127
 776 -0.297937244 -0.129992902 -0.475090474 -0.381659091
 777 -1.35727918 -1.86955798 0.628350198 0.790076554
 778 0.144272894 0.169644490 -0.431928158 -1.21890795
 779 -0.600627899 0.863920689 0.717703819 -0.965699673
 780 -0.646461666 0.930542111 0.518916070 -0.125946969
 781 0.301098883 -0.656778693 -0.688524008 0.487503171
 782 -0.420788944 -0.745135665 0.818900168 -0.739347935
 783 -1.14425933 -0.269022048 4.15603518E-02 -1.05805016
 784 0.452486485 -1.70334911 -1.09991896 -2.26421058E-02
 785 -1.43549109 -1.19460058 0.171726897 0.162248001
 786 1.18373966 0.875850379 -2.87098251E-03 -8.79614800E-02
 787 -1.92689586 -0.809811771 1.24021649 -0.503884077
 788 -0.883723199 -0.411911905 1.00943863 0.646051168
 789 1.47185981 1.76385438 -0.340482533 0.579125166
 790 -0.401321113 -1.74299073 -0.545369148 -1.16455829
 791 0.423864901 -0.428773910 -1.39859569 -1.17240179
 792 -0.756618381 -1.56078625 -0.106980234 -1.26910222
 793 0.769051075 -0.748128951 -1.00108933 -0.644139528
 794 0.237592518 -2.38191009 0.541375518 1.04959035
 795 0.549589217 -1.15517557 -0.446337044 0.216614157
 796 -0.905091107 -3.31155634 -1.27582455 0.893054008
 797 -0.193322599 -3.81173635 -0.970890760 -0.636585116
 798 0.342420638 -1.12998188 0.516121864 0.425941348
 799 -2.21011686 -1.09578335 -1.14629841 -0.871571422
 800 0.216976613 0.803822637 -0.434043169 0.347340286
 801 -0.980799317 -0.738319516 -6.18962646E-02 0.547041416
 802 0.398413658 -0.786572158 -1.59507155 2.08364797
 803 -0.305939704 1.23263431 -1.20006061 -0.273047775
 804 1.85977995 -0.369063258 -0.574518323 1.16576171
 805 1.15492368 -0.114629962 1.89986634 -0.796231925
 806 0.873062372 0.609281182 -5.35033122E-02 -0.686494291
 807 0.563869357 -0.728165090 0.354268909 -0.248030335
 808 1.37127888 1.23852813 0.453529835 -0.337241113
 809 -0.133067966 0.817564726 0.171267867 -1.07704866
 810 -0.245555580 -0.339574516 -0.988448799 0.973121524
 811 -0.746013343 -0.419016868 1.06018174 3.32686305E-02
 812 0.869419754 -0.896575212 -1.00140989 -1.41253603
 813 1.92624593 1.07788122 0.532128394 0.627553761
 814 1.53351271 5.68080842E-02 0.610711336 1.75296450
 815 0.941979527 -0.236684263 0.395575762 0.525945663
 816 -2.02298856 -0.776889682 0.141197711 -2.58989811
 817 9.64964181E-03 0.551782191 4.58745509E-02 -0.115982041
 818 -1.72136581 0.885601997 0.926497817 -2.01213694
 819 0.156445935 1.08784366 -1.18653572 -0.625877678
 820 -0.350816429 0.482285410 0.580286622 -1.06196213
 821 -0.958949566 -2.27300096 -0.256282896 0.576749921
 822 0.629557073 6.03163466E-02 0.495072186 -0.506286919
 823 0.369501889 -2.13692284 1.74411595 -0.161376134
 824 -1.34442902 -0.366847813 -0.232235134 -0.640148997
 825 -1.02370584 0.237632260 -1.38750541 -0.554480851
 826 -1.78692222 1.40867567 -0.708403647 0.444210052
 827 -0.906032145 -0.763262749 -0.222591609 -0.193913847
 828 1.64188650E-02 -1.31867516 -1.71871334E-02 -0.169147074
 829 0.268283993 -0.196863621 1.84972787 -1.13565969
 830 -0.730469108 1.77434608E-02 8.89049917E-02 -1.16218770
 831 0.745570481 0.956483185 0.260582536 -0.765198350
 832 -0.498001516 1.42282784 -0.494179130 -1.88596976
 833 9.30253640E-02 -0.994601011 -1.12030828 0.976717591
 834 -0.530831933 -9.21643972E-02 0.554446876 0.670474946
 835 0.702944636 0.311151743 -0.885585904 -0.716316819
 836 -0.367334425 0.213512167 -0.758713126 0.848363698
 837 -5.10376990E-02 -0.406211078 0.564317524 0.197246671
 838 1.12761116 1.16185021 1.02323759 -1.35339141
 839 -1.48123240 2.39700818 -1.28874767 0.483748019
 840 3.54633629E-02 0.453997880 -0.339740932 -1.00021315
 841 -1.41516924 -6.92839026E-02 1.51449966 -1.86160326
 842 1.25342011 -1.22151542 -0.954733014 -0.105862416
 843 0.654510140 -1.58556294 -1.85050571 0.589995205
 844 -1.37761617 1.10809767 -0.492459416 1.36231375
 845 -3.17975841E-02 0.254535407 -1.30486143 2.07264900
 846 2.07620263E-02 -0.696639240 -3.51035222E-02 0.936727762
 847 -0.849323392 0.500465274 0.840264440 -1.41841233
 848 1.07153273 1.56326461 -0.436422706 1.59684646
 849 -0.795603812 0.211879000 0.159516871 0.400285482
 850 -1.02449012 0.199648723 1.71124160 1.40058994
 851 -0.995011687 -0.958948076 -9.39920023E-02 0.676854134
 852 -0.195604086 -0.234858096 -1.33942270 1.10837209
 853 -0.917007387 9.97775793E-02 -0.861531317 0.834124088
 854 -0.102460086 -1.10520661 -0.636839330 -5.86697906E-02
 855 1.08250296 -1.32968950 -0.450621247 0.138618112
 856 0.315219849 -2.46189833 -0.564961314 0.980512857
 857 0.623159528 0.101394311 0.364820540 0.568300307
 858 0.432907999 0.469704807 0.534687996 -0.508921325
 859 -0.382169336 -1.63771796 -0.738906026 0.944234729
 860 -4.49827909E-02 -1.37254930 -1.21952713 -0.153624326
 861 -0.979295075 -0.282396704 -1.85851920 0.636094987
 862 -0.382185042 -1.40435064 -1.29114962 -1.45624328
 863 0.616078615 -1.30401421 0.385974020 -1.10852718E-03
 864 0.529843330 1.50909829 -0.492075741 1.01440179
 865 -0.752469897 -0.598532021 0.647649765 0.976774991
 866 0.531614721 -0.392472565 -0.150986314 -1.54608679
 867 1.57654750 2.36417031 -2.15237886E-02 -0.767088890
 868 0.754561186 -0.574704409 -1.20393908 0.106160939
 869 -0.649777353 -0.590446949 -0.116693780 1.35964900E-02
 870 -1.46915102 0.103430249 1.80682170 -0.585459173
 871 -0.573667884 1.37998724 -0.161757469 1.73113382
 872 0.190738469 -1.01000881 -0.114262849 -0.361262888
 873 1.29062021 -0.402956814 -0.205949277 0.330925137
 874 -0.557211757 0.975049794 -0.250528753 -0.660177112
 875 0.679178834 -1.75812915E-02 0.167692721 0.744129002
 876 2.69544125E-02 0.983409882 -0.942712426 -7.11589307E-02
 877 -0.419890195 -0.167575613 0.237626910 1.74793732
 878 -0.811232209 0.646511376 -1.38344383 1.31805325
 879 -0.956692815 0.444294810 -1.47389412 -0.485232830
 880 -0.465196848 0.325821251 -0.751467645 0.996703804
 881 0.206428692 1.50204861 0.782785416 -2.13902497
 882 -0.911799729 -1.34602904 -1.53130555 1.26029134
 883 1.00864613 9.43075493E-02 -3.91729251E-02 -0.576835871
 884 -0.487553924 -0.518584788 -0.386511624 -0.872300029
 885 -1.46034503 -1.23013222 -1.01433969 -0.286839783
 886 0.260616899 -0.229972690 0.952282846 1.36308026
 887 0.133743107 -1.17945957 0.104114898 0.200297311
 888 0.485030770 -0.518697560 -1.41050971 -2.48713121E-02
 889 -1.34520376 0.409096122 -0.555895925 0.686501861
 890 0.446886301 0.105219170 1.87178925E-02 0.803989828
 891 0.624160707 2.45676589 -0.872413874 1.19240725
 892 0.669372678 -0.144940913 1.04855776 2.34293628
 893 0.571623206 0.177160814 -0.309828579 0.882466674
 894 -0.817825675 -1.12640440 0.887788892 -0.148207456
 895 0.145690054 -0.119094290 -0.684706211 -0.733789146
 896 -1.39809465 -0.421229422 0.844983697 -1.04463506
 897 -0.267305762 1.06380928 -1.35123968 0.447346568
 898 -0.354998440 2.61733532E-02 -0.407320470 -0.321533442
 899 0.383730888 1.04728591 -1.07574809 1.11434460
 900 0.674649835 1.36019874 -8.11185241E-02 0.336610019
 901 1.29723608 0.967430353 1.09075749 1.69916093
 902 -0.323722303 -0.904976845 -1.25719023 -6.92372769E-02
 903 0.924913585 -0.680204988 -0.911926448 1.53855026
 904 -0.756804585 -0.364765346 -0.423711866 0.199973986
 905 0.731379688 0.863805771 0.334278494 0.978319824
 906 0.532682955 -0.256453723 -0.513688743 1.36114013
 907 -0.993538857 -1.58018899 -0.153461412 -9.06522125E-02
 908 -0.828819394 1.96906626 -0.293537199 1.74213493
 909 -0.992757857 0.106672645 -0.666944563 0.653356433
 910 -0.752804637 1.98692608 0.265674025 -6.12407476E-02
 911 -1.28456950E-02 0.804055572 0.808635950 0.364211500
 912 0.218748748 0.727007627 0.195787668 0.732888103
 913 1.88102746 1.07697296 -0.728220582 -4.26156148E-02
 914 -0.571505487 -0.898803592 0.123165421 0.242683768
 915 -0.821167767 1.65065086 0.379568905 6.16192818E-04
 916 -0.365057379 -0.179152116 -1.15079820 4.21117917E-02
 917 0.394671112 1.42523646E-03 -0.491285563 -0.524665713
 918 0.126702875 -1.59191048 -1.68529725 0.334232330
 919 1.06637156 1.13702691 0.144467711 -0.213306099
 920 1.31109428 -1.06973386 1.02235377 1.43534267
 921 0.834314346 0.452687830 -0.505447805 1.52556860
 922 -5.03512621E-02 -0.418241978 -0.777772903 0.919303298
 923 -1.12318039 1.01089334 -1.75672102 -0.878625512
 924 0.307865739 0.561683059 -0.716834307 1.48202205
 925 0.800506234 2.76733828 1.61896199E-02 1.57208776
 926 -8.94018412E-02 -1.61067963 0.612818360 1.61726582
 927 -0.547653079 8.23974609E-04 -1.05523038 -0.343007207
 928 -0.287706763 2.31382227 -0.635150194 0.209003404
 929 -1.04116273 1.77406442 1.20856082 0.966656744
 930 1.42528999 0.855905354 0.869827390 1.66147709
 931 -1.74977589 -1.66351688 1.27705252 1.13986969
 932 -0.843481600 0.505082667 0.280264556 1.98588645
 933 -0.228100747 -1.17906785 0.305005074 1.32530332E-02
 934 0.641679227 1.81846869 0.346386433 1.07450426
 935 -9.27691758E-02 -0.917545199 0.813859224 -0.737533689
 936 -0.958679378 1.61356664 -1.48075497 1.00145555
 937 0.214500830 -7.52561837E-02 -1.59114075 -2.10576820
 938 -0.776804209 5.30161038E-02 0.795794010 -1.79057169
 939 -0.735165596 -1.45151234 -1.78500962 0.514450490
 940 1.84377825 -0.432707220 2.16757917 1.26908302
 941 1.11049628 -0.392503113 -0.636960030 0.918974280
 942 -0.857601464 -0.436051846 -1.43972039E-02 1.57497084
 943 -3.60352099E-02 0.151879072 -1.33155799 0.906206846
 944 0.633733869 -1.88321638 -1.44037843 0.820719123
 945 0.452171475 1.54400706 0.497077078 0.174451709
 946 2.54295135 1.12505567 2.94058658E-02 0.958327770
 947 -0.535065532 -1.58346033 -0.590376496 0.976919115
 948 -0.725686491 0.111704186 0.123733416 1.83139145
 949 0.355395496 0.223641008 -0.205751508 1.94600344
 950 0.839168012 1.44830072 0.545950115 0.137539357
 951 0.761260569 8.66562426E-02 0.340362012 -1.04542434
 952 -1.26532149 -0.423269808 -0.208903477 1.51913035
 953 -1.04153013 0.260507047 0.446055919 0.610582709
 954 1.11776865 -0.500855327 -1.24384463 -0.175055817
 955 -1.80008972 0.519798577 -0.396783561 0.472122729
 956 -0.611143708 -0.519195557 -1.39385951 -1.50222790
 957 -0.882088661 1.78207171 -0.565582991 0.634905457
 958 3.79544795E-02 1.11371255 1.32754028 0.433314204
 959 5.62731624E-02 -9.74642187E-02 0.969889998 1.19729066
 960 -0.980406284 -1.58714294 0.229887545 -0.231409967
 961 1.52180338 1.92719007 -0.491075933 -4.86602783E-02
 962 -0.194738939 -0.608137310 0.297185242 -7.28813633E-02
 963 0.385971755 0.430870980 9.94895101E-02 1.66367257
 964 0.244435132 -1.17410421 0.309836209 0.140559942
 965 0.534434438 1.30297995 -0.698457956 -0.350920260
 966 -1.17968106 -1.24753463 -1.72636938 -0.302100003
 967 0.675255120 1.23499918 0.910922527 0.736108541
 968 4.50065769E-02 -0.431763291 2.75642425E-02 -1.54845810
 969 -1.07283306 -0.277030617 0.716639221 -1.04435575
 970 0.164603382 -0.661572337 0.133239537 0.172703877
 971 -0.566986620 1.40104890 1.00245321 -1.04251587
 972 -0.839698792 0.150628537 -0.898886621 -0.650304794
 973 -0.266146809 0.802338123 1.13602197 1.15644169
 974 -1.70622408 0.371523678 -1.62407613 -1.83811593
 975 -0.217623025 1.90549886 0.446218967 2.27288389
 976 -0.418509871 -1.99652922 6.15593493E-02 1.10157287
 977 1.15414584 0.857134342 0.362833887 0.120568901
 978 -0.300106823 -0.807016373 -2.17534590 1.10985327
 979 0.732778072 0.656634867 -1.24917078 1.53516662
 980 0.189988777 0.170531273 -3.05754757 -1.82711089
 981 -0.557792068 -0.651340783 0.666919231 0.339915007
 982 -0.788779676 0.573400676 -0.928840518 -0.863314331
 983 -0.505812347 0.295990497 1.05517733 0.947317839
 984 1.78261733 -0.380298615 -1.88992608 0.252203137
 985 -0.390484214 -0.337642252 -2.26027274 -0.282720149
 986 -1.03502250 -2.46617723 0.438228369 0.335135520
 987 -1.18190968 -1.01813483 -0.371253490 -0.481784314
 988 0.822648764 0.166152090 -0.425357580 -0.544558287
 989 -0.803602695 -1.24053359 -0.636876047 0.375817120
 990 2.56552911 1.38918817 -0.306958437 -0.100737840
 991 -0.650230527 1.99720860 0.464083672 0.847340047
 992 -1.78479326 -0.871810973 1.51177979 3.62623930E-02
 993 -0.289890677 0.460119635 -0.226591855 0.569701254
 994 -0.134584397 -0.451486498 -5.70779219E-02 -0.968366027
 995 -1.15863550 -0.132379696 -1.37026501 -9.58263278E-02
 996 0.119190410 -1.34257293 -0.480549514 1.30938864
 997 -1.37800646 0.256302655 -0.786679327 0.212455660
 998 0.287995011 -0.586100221 0.950479388 -0.337123036
 999 -1.35836315 -0.272825480 -0.551291049 1.15414321
 1000 1.30588710 0.180484816 0.165453598 1.18911600
 1001 -0.636573315 1.35513210 0.798068047 1.11750674
 1002 -8.19933340E-02 -0.527282715 0.644417465 1.38187027
 1003 -0.572259009 0.606204510 0.430846035 -0.146990150
 1004 -0.174555272 -0.223917991 -0.810995877 1.36975348
 1005 -1.05643988 0.423934549 -1.26914334 0.887187839
 1006 0.420485407 1.91549706 -0.153510407 -0.252656549
 1007 -0.703407824 1.68060756 0.465778708 0.902990758
 1008 0.437098742 1.19366598 0.511872947 0.602817893
 1009 -1.39884841 6.80142194E-02 0.855495214 -0.536545396
 1010 -0.181355372 -0.256789744 0.732785940 1.85282695
 1011 -1.10596287 -0.131332427 0.156130493 -0.713382721
 1012 -0.335923523 8.11529011E-02 0.145168886 0.508608520
 1013 -0.826063693 0.159283176 1.29056621 0.846797466
 1014 -0.213710040 -0.183379829 0.762722313 -1.44291759
 1015 2.19967961 -0.802775145 -1.06624830 0.949593425
 1016 1.51238906 0.764694810 -0.165009245 -0.135398000
 1017 -0.888846517 0.500046074 -0.430736065 0.257493854
 1018 2.02181625 0.897099137 -0.718233347 1.59936035
 1019 -0.898350000 -1.11696279 -0.567352414 0.957822323
 1020 0.565400481 -0.424537927 -0.687314212 0.518711329
 1021 0.185933501 -2.12830162 -1.92024398 1.53549635
 1022 0.417590469 0.118757635 -0.405864179 -0.924095869
 1023 0.305531502 -1.30416453 -2.01271439 -0.382928252
 1024 -1.03125095 -0.527573049 1.42921209 1.39371181
 1025 -1.82877469 -0.392787635 0.660103917 -1.00111496
 1026 -1.02537978 -0.824860752 1.03885210 0.536922812
 1027 7.53931701E-02 -1.75092363 -1.24880409 -6.40466958E-02
 1028 -0.895492673 2.16474438 0.821847975 0.640812457
 1029 1.60148108 -1.41156936 -1.92973542 -0.631217659
 1030 0.272398233 -1.85740054 0.798010945 -1.41873360
 1031 -0.360401690 0.552348971 0.462988198 0.121576548
 1032 -0.486445814 -0.203122407 0.576755762 -1.16281343
 1033 2.87457943 0.957565010 -0.626519918 0.415929705
 1034 -0.826345086 -1.18712091 -0.948856294 -0.967824996
 1035 -0.515576601 -0.769906759 -1.47261286 -0.737876713
 1036 -0.316224843 -1.32609260 -0.970331490 -0.638697505
 1037 2.11851645 -1.95975077 -1.87682819 -1.60433733
 1038 -1.21712196 -1.73745000 0.135420069 -0.726066291
 1039 -0.701037645 -1.62379909 -1.48112059 -1.86585665
 1040 -1.94981563 -1.71043122 -0.345264554 -1.40278029
 1041 0.269902170 -0.226788938 -2.73540664 -1.00709558
 1042 -0.393213689 -0.243203491 -1.08746123 -1.07095933
 1043 -0.782192647 -1.37859309 -0.144354045 -0.785966039
 1044 -0.236175507 -0.692369819 -1.01876080 -0.318567514
 1045 -1.57431722 -0.208464175 -1.06229830 -1.51916850
 1046 -3.11877346 -1.37510455 0.206064522 -1.18466353
 1047 -1.60448670 -0.456378818 0.922686458 -0.104664251
 1048 -2.45376158 -0.704079509 -1.36848330 -2.31438351
 1049 -0.456239760 -0.527672291 -2.62301278 -0.828108788
 1050 0.694826126 -0.782740057 -1.87090528 -1.35156024
 1051 -1.94496500 -1.08125675 0.245611891 -1.03602684
 1052 -1.39687014 -1.31396317 0.264873445 -0.887461483
 1053 -1.94513083 -0.792108417 0.144225121 -2.28614974
 1054 -1.87422442 -0.927559376 -1.06582761 -0.512872159
 1055 -0.974778712 -0.554577529 -0.318577617 -1.83833349
 1056 -2.01177096 -1.87385750 0.661615670 -1.19198298
 1057 0.504258573 7.47824311E-02 -0.852338970 -1.61331987
 1058 -0.681949973 -2.61534643 -2.00247598 -0.821777701
 1059 -0.358223379 -0.101613700 -1.06439769 -0.876291752
 1060 -0.578229785 -0.109031491 -2.37459660 -1.09396553
 1061 0.426859677 -1.44806361 -1.12127423 -0.926895678
 1062 0.596164107 -0.954471171 0.247066692 -1.95960927
 1063 -2.42144513 -1.88995588 -1.17723024 -1.20847201
 1064 -1.89431036 -1.03844786 -0.768236816 -0.481463522
 1065 -1.64248586 -5.15313447E-03 -0.310960710 -1.93624306
 1066 -1.36309159 -2.14486289 -0.772096515 -1.59186125
 1067 0.644411981 -0.159492105 -1.67215991 -1.24961782
 1068 -0.110776737 0.303100109 -0.273653358 -2.11620116
 1069 -3.23754698E-02 -0.967823625 0.709204078 -1.23878610
 1070 -1.95766044 0.641054511 -1.38437176 -1.17115426
 1071 -2.52253985 -2.48585367 -0.285460770 -0.635649979
 1072 -0.274487823 -1.94996428 -1.07072937 -1.10679305
 1073 -0.335561991 0.679575920 -2.17625856 -1.64359879
 1074 -0.669025004 -0.983851433 -2.48962522 -0.194064826
 1075 1.03859854 -1.75287795 -1.75421214 -0.955850422
 1076 0.574227512 -0.555896044 -0.356149018 -1.98832452
 1077 -0.757757962 -0.593204081 -0.449994385 -1.83498478
 1078 -1.66111934 -0.690547228 -1.17298949 -0.559339404
 1079 2.28318311E-02 -0.344815224 -2.57954502 -0.506982565
 1080 0.124593124 0.482848495 -0.921332717 -0.320279628
 1081 -0.696545720 0.240327060 -2.04247236 -1.24360693
 1082 0.570899010 -1.23409033 -1.01036763 -0.732230783
 1083 -1.55636215 -1.29287386 -0.540365458 -1.57051408
 1084 0.963242054 0.914053917 -1.47867477 -0.642699122
 1085 -0.945914567 0.509498298 -0.522657931 -1.57821810
 1086 -0.358336151 -0.476863563 -9.38777328E-02 -0.437612057
 1087 1.16174817 2.26588106 -2.13484216 -1.94601941
 1088 0.700256705 0.808873653 3.93355042E-02 -1.60163498
 1089 -1.12690759 -0.379684567 -1.88448906 -1.40424848
 1090 -2.65900660 7.16383830E-02 -1.25180793 -1.64771616
 1091 0.579446971 -0.533557475 -1.42186821 -0.366864622
 1092 -0.228033319 -0.995549083 -1.71372950 -1.09209394
 1093 0.232629314 -0.368764162 -1.00142670 -1.35166574
 1094 6.40677586E-02 -6.51084110E-02 -0.892064035 -0.951961398
 1095 1.90605998 -3.18403989E-02 0.493725508 -0.882289588
 1096 2.02664471 1.10828638 0.226472065 -1.91388929
 1097 0.276356339 0.434357464 -0.667289138 -0.757304609
 1098 0.577143550 1.01414049 -2.18742609 -1.11634886
 1099 -1.52447343 0.723455310 0.263464659 -0.353193790
 1100 -2.07628131 1.33120930 -1.43870544 -1.31909072
 1101 -0.523975909 -0.982507169 -1.30075431 -1.92890012
 1102 -0.737986684 7.59932399E-02 0.130719230 -1.12475073
 1103 -0.839737356 -2.76727319 -1.37985945 -0.719601810
 1104 -1.37741339 0.886955619 -1.27992964 -0.665629923
 1105 0.631637394 0.150325209 -1.02354777 -1.61778760
 1106 1.08255363 -1.59732187 -0.360506594 -1.66076994
 1107 0.434381485 -0.686828256 -0.511542082 -0.919475555
 1108 0.776992142 -7.24594295E-03 -0.898237824 -1.18795252
 1109 0.412279069 1.31425548 -0.762078702 -0.697495580
 1110 -1.47287774 0.830279768 -0.568200171 -0.409054607
 1111 0.309833676 -0.571366370 -0.166549444 -0.719500482
 1112 0.215555146 -0.777325392 -1.99069560 -2.32042909
 1113 -0.153756127 -1.65292776 -4.57341708E-02 -0.607498825
 1114 -0.677626669 -1.07237554 -0.810664952 -0.773629785
 1115 -0.138024271 -0.483931750 -0.668889880 -2.04601645
 1116 -0.205948830 -0.327033043 -2.04439545 -1.02662683
 1117 -1.82229173 -1.07067728 -1.08747327 -2.17706156
 1118 -0.626886487 -2.47300529 -0.458470702 -2.66074729
 1119 0.754870296 0.127229840 -0.274996877 -1.76069760
 1120 -0.147657871 -2.35160446 -0.794386387 -2.12752604
 1121 -1.48813319 -1.54434276 -0.555972457 -0.928365707
 1122 1.36203718 -0.665012598 -1.46631825 -0.486869574
 1123 0.789972663 0.673040390 -2.28362918 -1.05103588
 1124 -0.352781653 -0.302694023 -0.644254625 -1.16459727
 1125 -1.04976094 9.67255756E-02 -0.356622279 -2.28647113
 1126 -1.83105481 -4.09238040E-03 -1.37037587 -1.19250298
 1127 0.165454403 2.14135098 -0.600348353 -0.606225908
 1128 -1.28175116 -6.38254881E-02 -0.586681068 -1.91839755
 1129 -1.53752255 -1.48772526 -1.45133173 -1.82456613
 1130 -1.45806634 -1.05387211 -0.446462423 -1.89933813
 1131 -1.51819623 0.315451980 -1.42576551 -0.535918415
 1132 -0.661066473 -0.688391328 -0.974873006 -0.673958540
 1133 -0.927326679 0.706105947 -0.384196818 -1.50441086
 1134 -1.06225288 -0.782295465 -0.371408492 -0.743433416
 1135 0.331594944 -0.111156702 -1.55887175 -0.626411736
 1136 -0.737260044 -4.73333597E-02 -1.30480051 -1.22701836
 1137 0.165380090 0.700711846 -1.24110079 -1.97225702
 1138 0.128682494 1.67608321 -1.40038300 -1.22863328
 1139 -0.153622076 -0.375641525 0.705907702 -1.16167116
 1140 1.61305666 -0.362544358 1.32408643 -0.893141031
 1141 1.31230271 -9.00729895E-02 -0.826234818 1.60498738
 1142 -1.52728903 -1.00194955 0.651162267 1.50000775
 1143 1.84989965 0.510267258 1.16987658 -0.501132607
 1144 0.319189072 2.09688902 0.876685262 -1.75373828
 1145 2.14373541 0.328908980 1.73937309 -0.889032006
 1146 0.510422289 -0.815700769 1.03569424 -0.438929558
 1147 -0.467793226 1.05414772 1.27400839 -0.232669860
 1148 -1.40021789 0.240065724 1.49425793 0.478351563
 1149 0.801053166 1.34581208 1.87406671 -0.417377383
 1150 0.889177978 0.504328132 1.10839176 -2.37081200E-02
 1151 -1.44628954 -0.470640659 1.33269799 -0.763181269
 1152 1.81671488 -0.859775186 1.31502676 0.331037641
 1153 -0.548863828 -0.740499198 0.518514812 -1.69120324
 1154 0.421746463 1.26422966 1.79531980 1.72214746
 1155 -0.296080410 -1.78899813 3.71126235E-02 1.50634432
 1156 -0.496855080 1.44073665 0.845036149 1.61853671
 1157 0.792710662 -1.44817078 0.331952870 -0.979821563
 1158 -0.371534318 0.486214340 1.25341487 0.507940769
 1159 -2.95910835E-02 -6.39717802E-02 0.934062243 0.519681454
 1160 0.187715352 -0.518001556 1.30349648 1.50580442
 1161 0.813394904 -0.391110539 0.806429982 -2.23517790E-02
 1162 0.394226551 -0.578527808 2.19321179 -1.31157398
 1163 -0.398936093 -0.356162161 1.18834627 0.793714404
 1164 0.170235425 1.07109809 1.45033693 7.66006410E-02
 1165 0.323577940 1.54633522 1.55068254 -0.655642271
 1166 -0.932664514 -0.680541635 2.65695691 0.899973214
 1167 1.08239293 0.198399693 2.01084161 1.20433807
 1168 0.323396415 1.06980741 1.58445454 1.85033548
 1169 -1.10867560 2.33623409 0.707278550 1.28931785
 1170 0.842049360 1.19370949 0.736559272 1.20119500
 1171 1.16801631 0.540345669 1.57021475 -2.11233830
 1172 0.631037891 1.14242935 1.04592657 -0.462316513
 1173 -0.535661817 -0.414262831 1.56195164 1.14211392
 1174 -0.519530714 -1.18468630 1.62326670 2.14014649
 1175 -2.62050939 0.254043192 0.783439100 -0.505865812
 1176 0.455411792 1.07721281 0.619378448 -0.768456340
 1177 0.466535240 -1.89387429 1.51381719 -0.952598631
 1178 1.41439605 -1.51913118 -0.616389215 -0.155448511
 1179 -0.715743840 0.702348590 2.35075212 1.40268135
 1180 2.23717427 0.618839860 2.34406638 -2.61340094
 1181 -0.266964585 0.331154317 2.44360352 0.424587637
 1182 -0.817082465 1.05168176 1.26665401 -0.442685843
 1183 0.709467411 0.549536884 1.57834148 -1.73641145
 1184 -7.47614056E-02 0.384834945 1.88564527 -8.86245966E-02
 1185 0.241558313 0.237482131 -0.514302075 -0.320212156
 1186 -0.690224051 -0.808361292 1.94671714 1.37314498
 1187 -0.891358197 -1.12905502E-02 -0.209312066 0.212114975
 1188 0.694830179 -0.830878913 0.744901776 0.261986911
 1189 0.255212724 -1.19204438 1.98058510 0.296812743
 1190 -5.06651402E-03 -0.119641572 0.936780274 1.66244912
 1191 0.756643593 -0.306277126 2.41890001 1.47280598
 1192 1.11179316 0.252852798 2.09301376 1.23059726
 1193 0.829834342 0.672019124 0.248047352 0.219864756
 1194 0.437104970 6.05146550E-02 1.33391702 -1.45075321
 1195 -0.858416259 1.16198385 1.17995477 1.16885555
 1196 -0.264527678 0.548382282 1.68945932 0.180712879
 1197 0.582035661 -0.194675505 1.96362996 -0.307218373
 1198 0.996419013 -0.832674623 2.13999057 0.547982812
 1199 1.18106496 0.896123290 1.47800958 -1.50850356
 1200 0.470406204 -0.412332326 2.49205089 1.75463390
 1201 -0.443087906 -0.675210118 1.30731046 1.13216531
 1202 0.896848857 -1.67667222 2.62324715 0.755323172
 1203 1.18569982 -0.365809113 1.84677708 0.592943013
 1204 0.168800518 -0.127241611 1.26865232 0.355184287
 1205 0.818787456 -0.801782310 2.06383705 0.253300339
 1206 1.75997996 -2.03413892 0.174309835 1.58701468
 1207 0.485346586 0.809632242 1.27076375 0.530926943
 1208 1.73267961 1.06536484 2.20668387 -0.770834446
 1209 0.992663801 -0.534205437 1.72674656 -0.203593343
 1210 0.410902739 0.537212491 0.991933465 1.34859407
 1211 0.363093913 -0.615124404 1.89617586 -2.19744611
 1212 0.954419553 0.289507449 1.76198959 1.88259220
 1213 -1.38762677 -1.74263573 2.08258867 0.270927697
 1214 1.01289928 -1.43823016 0.973038673 -1.20208669
 1215 0.678542316 1.27452314E-02 0.277936995 -0.889001787
 1216 0.820440352 0.648893237 1.21946943 -1.49289298
 1217 0.662435174 -1.56445503 0.977962255 0.120324463
 1218 0.762502313 0.963610530 1.77521288 -0.568234921
 1219 -6.21351674E-02 -0.488509923 1.56443179 -3.33937854E-02
 1220 -1.72119606 -0.733341098 0.624462306 -1.71499753
 1221 0.247135222 0.148191839 1.62586617 -1.58308494
 1222 -0.313483894 -0.986549973 1.09657729 -2.19390035
 1223 2.60517120 -0.788038373 -3.93619686E-02 -0.603738844
 1224 0.199954584 -2.23572874 1.15756965 8.67332816E-02
 1225 -0.318071008 1.05714154 1.16688621 -1.79439497
 1226 -1.37684155 -0.189836726 1.58288622 -2.50515056
 1227 0.819323003 -7.02571347E-02 1.99732327 -6.98215365E-02
 1228 -1.11076939 -0.168990374 2.84475517 0.210318014
 1229 1.42468154 0.424289793 2.05368304 0.385731906
 1230 -0.471653402 -0.258200258 0.595420420 -1.28111613
 1231 0.858724117 0.219529226 0.753105223 0.594374597
 1232 0.800624609 0.837827623 2.47793651 -1.00303471
 1233 0.415923923 8.20555538E-02 0.305421442 0.563544571
 1234 -1.08298659 0.559508741 0.627427220 -0.298064232
 1235 0.304774731 0.422535062 -0.114962220 0.358818680
 1236 -0.100050211 1.03094900 1.26651752 1.01990044
 1237 0.884602726 0.112959623 0.649625599 -0.117327571
 1238 0.808566630 -0.372061610 1.50878274 -1.97057295
 1239 -1.59597349 0.312204897 3.23996687 1.39218521
 1240 0.211056620 0.975382805 2.00798965 -0.200167239
 1241 -0.210280150 0.769068003 0.970309734 -1.46378899
 1242 0.352343500 -1.02633691 0.679443240 0.225841999
 1243 -0.194310158 -0.126997396 1.26862228 -1.71915531
 1244 5.59089184E-02 -2.24731421 1.54525626 -0.166740894
 1245 -6.04701638E-02 0.410212904 1.39291108 -0.303899527
 1246 0.684356272 0.996709466 1.03652918 -1.72322977
 1247 0.137334749 0.331922889 2.05751085 1.25610542
 1248 -0.569795907 -2.04016924 0.209184676 3.25004458E-02
 1249 0.370241255 -0.936932087 1.92309093 -0.111811399
 1250 0.944165885 0.663362503 -0.372004777 0.406104386
 1251 -1.64076126 0.995338202 0.883940101 -1.51118803
 1252 1.13426030 0.188641593 0.813993752 1.45166862
 1253 1.24062324 -1.79777253 0.594709218 -0.771200359
 1254 -0.367037833 0.623020768 1.96427107E-02 -2.27927089
 1255 1.01826847 -3.39844450E-02 1.10110211 -1.55828309
 1256 0.393014193 0.118314475 0.291609466 -0.441357046
 1257 -0.267470419 0.480678856 1.37342334 -1.59787989
 1258 0.219853461 -0.997204661 0.423017263 0.619092226
 1259 -0.696010530 6.34988025E-02 1.19757628 0.326140344
 1260 -0.826092005 -1.47053981 0.463753730 8.89965594E-02
 1261 -0.454335988 0.318294644 -2.25338638E-02 -0.491996169
 1262 0.463627934 1.54715455 0.540809453 -1.51110327
 1263 1.44283688 -0.952344179 1.37981606 -2.29637671
 1264 0.622803032 0.916440487 2.01714206 -1.02286041
 1265 -0.463896036 -1.29088426 1.28559363 0.137396425
 1266 -0.127033040 1.30692923 0.576056004 -6.33996129E-02
 1267 -0.279173464 -0.584861875 1.42346776 -0.751502395
 1268 0.705296397 -0.164917231 2.45573902 -1.38726974
 1269 0.164504766 -0.297201306 -0.141830266 1.78799295
 1270 1.16452098 -0.286211073 0.685930014 -0.474255919
 1271 0.861361861 -1.77890372 -3.43431979E-02 0.733510435
 1272 0.418108672 -1.14771569 1.54444516 -0.601786435
 1273 -0.277771860 -0.168629497 1.97547293 1.08975694E-02
 1274 0.719802618 -2.06323123 1.18941617 5.60347550E-02
 1275 1.29341602 -0.119346894 2.10464239 6.79815859E-02
 1276 -0.969126999 -1.54794431 2.10824418 0.918610573
 1277 1.08458531 -0.285639614 2.49870610 0.371574253
 1278 -0.471794695 -1.75668967 1.72345376 0.215254694
 1279 -2.09078169 -1.24730659 1.30393338 2.25413442E-02
 1280 -1.16162610 -3.95811014E-02 0.743494034 0.992254615
 1281 -0.549604118 -0.919734061 1.81719851 1.63974297
 1282 -1.81877708 -1.02666438 2.37822437 0.386901110
 1283 0.143921256 4.04613465E-02 0.873078525 0.224886775
 1284 1.72523463 -0.571250081 1.76145291 -0.758549333
 1285 0.586179972 0.185408995 2.01510525 0.128000200
