 1 0.444942325 0.225485995 -2.25721449E-02 -0.526038468
 2 -2.44777822 0.654501081 -0.497207344 -0.170637369
 3 -0.114072308 -0.457147896 -2.44990349 -9.14127454E-02
 4 -0.846333504 -0.333718657 0.952000976 0.725929976
 5 0.551373243 1.30738354 1.74173331 0.492932349
 6 -1.41194141 0.780538440 -4.14321534E-02 1.15239418
 7 -1.22953832 0.610244572 1.96652496 -0.119087249
 8 -0.124789298 -0.601853549 -0.113185942 0.405120194
 9 -1.69357574 0.900009453 0.395279646 0.246287316
 10 -0.566764355 -0.569750369 0.574547052 -7.74720088E-02
 11 -0.818779230 -1.38517618E-02 0.547321200 1.78374797E-02
 12 -1.49679995 -0.470671147 1.08863151 -0.705160797
 13 -1.09724271 -0.221912146 1.42265046 -0.376019865
 14 -1.01238239 -0.209958881 -0.486348093 0.598336875
 15 0.156922221 -0.529932320 -0.222958475 0.717430770
 16 -2.17017174 1.70386946 -1.21896136 1.39576232
 17 0.560386837 0.775517106 0.863501132 -0.585658014
 18 -0.465739608 -0.568630815 -2.62273860 0.452298492
 19 -0.567441225 -0.636969268 -0.716457129 0.327013075
 20 -0.353612006 0.935205221 -2.67215252 1.14762206E-02
 21 -1.23128736 0.521321058 0.434868813 -0.647875547
 22 0.433927625 1.46981645 -0.426829427 -0.559345365
 23 -0.839003325 2.86096632E-02 -0.286466688 0.358584553
 24 2.13426924 -0.431936294 -1.26599407 -0.109855264
 25 0.147621095 0.982504547 -0.575337946 0.810379744
 26 0.366922945 0.590527296 -0.720164299 -5.85391819E-02
 27 0.982012928 -0.578294754 1.41119623 -0.703550935
 28 -0.897870541 0.327697188 0.564347625 0.803861499
 29 -1.87349522 1.24105978 0.461096048 -6.84009343E-02
 30 -1.43423557 -0.713024259 -0.164488882 -0.656428576
 31 -1.27563357 2.00833392 -0.390989035 -0.120231144
 32 0.750201046 -2.09086132 -1.94160211 0.914942026
 33 0.794523418 0.295427054 0.193149403 0.615313649
 34 0.610989988 -0.527549386 0.550659418 0.402159154
 35 0.934706211 0.383041590 -0.709949911 -0.572208583
 36 0.434327960 0.842283130 -1.24156737 -0.440057337
 37 0.378423154 -0.363287538 -0.664028406 -0.837161362
 38 -0.822196960 1.01449442 0.246247977 0.505001545
 39 -0.498224676 -3.20189595E-02 0.734946728 -0.282704353
 40 -1.07176328 0.429910541 1.24951470 -0.551019549
 41 0.585256517 1.03178513 0.108190835 0.469542384
 42 0.122752726 -0.768006206 -0.439468563 -0.787594020
 43 -0.890942574 1.40177023 0.351126909 -1.73136666E-02
 44 1.77614009 0.612118125 0.153394431 0.491993159
 45 -1.27855158 -0.419853568 -0.396990836 0.298971325
 46 0.985795259 -0.522715449 0.830037475 -9.36262310E-04
 47 -0.141922578 1.23889804 -1.16051435E-02 0.695337296
 48 0.265241951 1.75496459 -0.876775503 1.22022676
 49 0.381703377 -0.491231501 -5.01785278E-02 0.118296795
 50 -0.676589727 -1.08293021 -1.04090369 1.47939205
 51 1.02236915 0.546783030 -1.23968875 0.188969061
 52 0.121583730 -2.01593161 0.116753951 5.02727032E-02
 53 2.61739278 -1.08333850 -1.05127490 -2.10676529E-03
 54 -0.497798473 0.100060686 1.01730800 -0.450930893
 55 -2.54214406 -1.29360700 1.31630015 1.12461317
 56 -0.499970108 0.388042271 4.55172434E-02 0.227810681
 57 -0.608712077 -0.606453657 0.650220156 0.636163116
 58 -0.222727254 1.43760014 -0.249819428 -0.132001355
 59 -1.49715149 -1.69677925 -1.45063174 0.718111634
 60 -1.40072513 1.33006424E-02 -0.956932366 8.85856003E-02
 61 4.36422303E-02 1.46725237 0.257233977 0.184078336
 62 6.80926889E-02 0.432104737 0.755190849 6.42047077E-02
 63 1.01349366 0.308087528 1.17763400 -1.21281613E-02
 64 0.533723056 1.66511214 -1.08943295 0.597171426
 65 -0.831870317 -0.446358591 0.930372596 -0.812702537
 66 0.798969805 0.790924251 -0.831382275 -0.703965187
 67 0.723322093 -1.39420700 0.230750561 -6.57183677E-03
 68 -0.920049310 0.233282238 -0.113355108 -0.178202018
 69 5.10412827E-02 0.535547733 -1.16848874 1.41413498
 70 0.723915994 0.247419029 -0.155544251 -0.157674149
 71 -2.11732411 -0.305994213 -0.833744168 -2.42855120E-02
 72 2.19768572 -0.836165905 -1.08581257 0.527898610
 73 0.455877632 9.58710536E-02 -0.913153231 0.172360122
 74 -1.41875339 1.61986923 0.433905452 -0.206008643
 75 1.13684034 -3.81021351E-02 0.554787755 1.35710156
 76 0.150818467 0.265892327 1.25471294 0.555068731
 77 -0.878128350 0.715851784 -0.805187404 -1.06118202
 78 -0.933561027 3.25132087E-02 0.679197431 0.782307386
 79 -0.495154202 -0.507316113 0.719116926 -0.551198184
 80 -1.57395351 0.105874270 2.87761068 -0.104051381
 81 -0.429800361 -1.04065871 0.261178315 1.91428270E-02
 82 0.866937637 0.670179904 -1.24107254 0.436064452
 83 -1.24486768 0.127750218 -0.982517004 -1.54240578E-02
 84 -1.86504412 0.505886972 -2.26093245 0.701970816
 85 -1.54967082 1.22333336 0.230993286 1.17661297
 86 -0.135873705 1.01337993 0.554793954 -0.430345058
 87 0.711194873 -0.411081761 -0.612783313 7.54393190E-02
 88 -1.28890610 0.459011853 -1.16520464 0.402427495
 89 0.959766746 -0.480674267 -0.467057824 0.715501487
 90 -2.00683856 1.21105075 -1.35875916 -0.286797583
 91 -1.64639592 0.245721921 0.974316776 -0.200030833
 92 -1.04750562 0.954341888 -0.432698786 0.577550769
 93 1.06886590 0.496439308 -1.02708638 -1.50040826E-02
 94 -0.598221362 0.543574929 -0.270074964 -0.201421052
 95 -1.53698885 -0.616747856 0.224892318 -0.777330697
 96 1.37222922 -0.736238658 0.873210251 0.998035729
 97 -0.501727521 -2.10441923 -0.434275657 -0.527962744
 98 -0.520922720 -1.92984009 0.333617747 -6.71343729E-02
 99 0.803396225 -0.838772953 0.731757224 -8.86567533E-02
 100 1.08358228 -1.46954978 -0.141968533 -0.135138199
 101 0.472118020 0.158830523 0.238616884 0.491461277
 102 -1.22877806E-02 -0.856984675 0.697598219 -0.533477366
 103 2.07228363E-02 0.679372907 -1.08610713 0.518282413
 104 0.382571220 -0.593956053 -1.66825569 0.989792943
 105 -0.207815170 2.51028053E-02 -1.04120028 1.20025909
 106 0.566307247 0.298600852 -0.273706436 0.292535573
 107 -0.986799240 1.02333176 -0.658595324 1.41174197
 108 -0.926266193 1.45431340 9.06086564E-02 -0.243403718
 109 -4.16576341E-02 -1.75379813 -2.24504614 0.417588532
 110 4.43832949E-02 0.909297109 0.206187218 -0.472997308
 111 0.163487270 0.892686486 -0.908398867 0.609280467
 112 1.34430492 -0.670882583 0.970277011 -0.153252527
 113 1.30821443 -0.457678020 -1.52770889 -9.46701914E-02
 114 -0.722176373 -3.05235013E-02 -0.846185625 0.955636024
 115 2.15579128 0.324896157 0.517022014 3.98704633E-02
 116 1.34365523 1.10152698 -1.27336490 1.15218234
 117 -0.101803675 3.46437767E-02 -8.38209987E-02 0.374367535
 118 -0.389827758 0.208885431 -1.06693649 -0.124798320
 119 -0.201743677 -1.19019866 -1.83264852 -7.79125839E-02
 120 -0.909093022 -1.53283334 -1.97535586 0.981434345
 121 0.504377723 -5.00969104E-02 -0.588191867 -0.480892032
 122 1.16534638 0.447008550 -0.853818536 -5.83154485E-02
 123 -0.326843262 0.991027236 0.201641157 -1.17601478
 124 -0.483538538 -0.627197623 -0.516216040 0.591522336
 125 0.436829090 -0.946453154 -7.09877312E-02 -0.107876420
 126 -0.759653687 0.620421946 -0.185883865 2.97076013E-02
 127 5.88886291E-02 0.320358932 1.31482160 0.468045115
 128 -0.104324192 0.830763936 -0.200395286 1.06510162
 129 0.674052119 -0.910215497 -0.612583280 -0.212705582
 130 0.376436353 0.360671610 0.672109485 -0.681851208
 131 0.103809327 0.921809018 0.694723248 5.39605245E-02
 132 0.336631477 0.572083175 -0.589428782 1.17926788
 133 -1.58329260 1.80161858 -1.18910873 0.511364639
 134 -1.46498537 -0.823160112 0.922945619 -0.622955382
 135 -1.15395117 2.39304590 0.582831919 0.649804711
 136 0.673883498 -0.254144430 -0.473555923 -0.170825407
 137 1.30981469 5.33414222E-02 0.859869957 -0.471201658
 138 0.261626452 1.51644909 -1.19840670 -0.782939196
 139 -1.64059806 -1.09853458 0.472559422 -1.14846420
 140 0.714514494 1.08418965 1.12598133 -0.124633297
 141 1.12752330 -1.00538504 -1.10932839 -0.729268730
 142 0.528174460 -0.833288193 0.294106960 -1.24694550
 143 9.64780152E-02 -1.08490992 -1.08006012 -1.32769656
 144 -0.662841380 0.897822857 0.848206937 0.554101944
 145 0.684194386 0.632442772 -1.78052223 1.16278076
 146 -0.688275576 2.28746772 -1.99734330 1.26982343
 147 1.22800958 0.892505527 -0.139825612 -1.02905091E-02
 148 0.358592808 -0.693618834 -0.314150989 -0.367679894
 149 -1.46564353 0.335885614 -0.828583837 -4.83259931E-02
 150 -0.974946260 0.486397654 -1.42741120 -0.214292631
 151 -0.319329351 1.52388585 0.814513445 -0.208175242
 152 0.479232013 0.354553193 0.794857264 0.615153670
 153 -0.279828161 -0.107203767 0.582437336 6.24186248E-02
 154 0.776510596 0.383278698 -1.01730442 0.863377273
 155 1.25362670 -0.744156420 1.36461627 -0.558407784
 156 0.865654230 -0.102840334 -0.730549753 1.10078800
 157 -0.514151692 1.25803971 -0.978834927 0.170431092
 158 -1.14671731 -0.151185721 -0.400845796 0.642023921
 159 -1.08624399 -6.72532544E-02 0.114445835 -1.25968003
 160 -0.672614217 0.689203560 0.803978801 -1.34309232E-02
 161 -0.758577168 -0.273698241 0.368020594 0.869873941
 162 -0.267442584 0.310172468 -9.18785632E-02 0.124617934
 163 -0.817685664 0.516044617 -0.905822635 7.97909219E-03
 164 0.615759254 -1.46036363 -0.410070300 7.85351396E-02
 165 1.43550491 1.13531697 -1.50487030 1.22036159
 166 0.449906141 0.282955527 -1.80982518 -0.379715979
 167 0.805129766 -2.44750166 -1.86683941 1.25457287
 168 2.16467237 1.25873780 -0.883010983 -0.529521286
 169 8.78044367E-02 -1.04528904 -0.161659360 -0.604981184
 170 -0.621128440 -0.807106137 0.952948809 0.509191334
 171 -0.974694490 0.602471888 -1.32665408 0.182824776
 172 0.319465488 0.420548469 0.248603791 0.491116822
 173 -1.91443115E-02 1.26031744 1.31941843 -0.640489221
 174 0.609918833 1.00455904 0.948527157 -0.609084487
 175 -8.27439725E-02 -0.393942684 -0.734248042 0.475998282
 176 3.22942615 1.44117296 -0.632375002 -1.39125539E-02
 177 3.99878025E-02 -0.106834956 -0.356158912 0.614993930
 178 -2.02323413 2.44364254E-02 -9.36714187E-03 1.07181644
 179 -0.365052134 -0.114535376 -0.469752371 1.16726696
 180 9.26430672E-02 0.869171321 -1.98523271 -0.731152296
 181 0.708807230 -0.282217711 -2.47256197E-02 -0.310432494
 182 0.121256918 -4.66473177E-02 -1.41543913 0.521612883
 183 0.453854203 -0.592250288 -0.803566396 -0.699592590
 184 0.581393600 1.54461789 -0.690860152 -0.422211647
 185 -1.07106781 0.218335658 -1.44332039 0.987584114
 186 0.349789768 0.526001573 -0.178631216 -0.181114599
 187 0.453581393 1.00484800 -0.138522759 9.54565033E-03
 188 -0.177215889 1.70096719 0.567441583 0.522574782
 189 -0.746893108 -1.34055102 1.56120133 -0.717029333
 190 2.05216885 0.528655529 -1.02058434 7.06515014E-02
 191 -0.332454026 -0.130420581 2.03494716 -0.505840182
 192 -0.331215918 -2.91226059E-02 0.541141391 -6.18019290E-02
 193 1.38980186 0.865107238 -0.304548264 -0.683620811
 194 0.853879333 0.770503879 1.61165011 0.534832537
 195 0.350687355 -0.964766562 0.410507321 -0.217598826
 196 1.34836447 -4.33810726E-02 -1.36498511 -0.266748130
 197 -0.227273673 -0.110004850 -0.955265284 0.548079610
 198 1.30546140E-02 -0.813213587 0.126695067 0.627696753
 199 -0.505967677 0.561888456 -1.56271255 -4.95044254E-02
 200 2.02666044 0.369536459 3.01681310E-02 -1.40097380
 201 0.586497605 -0.923023224 -0.222967073 -0.240163267
 202 -0.353043616 -0.412556618 0.805118620 0.393777072
 203 -0.352026314 5.89433685E-02 0.784652531 0.564491630
 204 0.818584621 -0.987620950 -1.05838668 1.32696867
 205 2.32558084 -1.79217458E-02 0.341327190 0.140541598
 206 -0.585652828 -0.649615824 1.24790812 0.555690646
 207 -9.70619917E-02 -1.55569315E-02 -1.23104465 0.632223248
 208 0.595879793 -1.07107818 0.487929970 1.37267637
 209 -1.03552806 0.576442420 1.16887093 -0.953951120
 210 0.237174600 0.311898917 -7.47037083E-02 0.513787031
 211 7.38810450E-02 -0.765555561 -1.65332890 7.97955617E-02
 212 1.55728245 1.45949936 -0.319731593 1.34141552
 213 -0.195155680 -1.61205721 -6.70753047E-02 0.256182909
 214 0.122806683 -0.391536623 -2.21803951 -0.702760458
 215 0.449795604 -8.11008364E-02 -1.12026608 -0.789561212
 216 0.191515893 0.739737749 1.09949386 0.497313291
 217 0.312177181 0.119750910 -0.432182014 0.613148749
 218 0.100620002 0.290759683 -2.31755185 -0.554159701
 219 -0.578797698 -0.328423262 -1.01330876 -1.09893095
 220 -1.18704915 -0.448582530 1.24969137 1.29462636
 221 0.426052213 0.594480038 -0.556172609 0.208649367
 222 -0.950350463 0.374430180 0.544173658 1.17064130
 223 -0.819387674 -3.17136645E-02 -1.44572580 -0.424960971
 224 0.651733339 0.334461749 -0.686847806 -0.623978615
 225 0.325234056 -0.614649951 1.38880730 0.599338591
 226 3.71401049E-02 -0.449021906 -1.42417932 -0.111587472
 227 1.20448065 1.70106781 1.16114056 0.480637580
 228 -1.55693567 7.44065493E-02 -1.27994907 0.742530644
 229 2.06370044 -0.981719971 -7.71990195E-02 -0.496476829
 230 -0.364990652 0.687368989 0.190068707 -3.90723161E-03
 231 7.83506855E-02 1.30183208 -0.880848646 -1.01328611
 232 -1.06948912 1.52838016 -0.323117316 1.33644605
 233 9.35584232E-02 0.402173311 -0.501149237 0.465340585
 234 -1.11479127 0.133275241 -0.732675910 -0.259313792
 235 -0.152291998 -0.619811773 -1.44116104 1.22918260
 236 -0.201101646 -0.794059813 -2.29863548 0.289160907
 237 0.933752954 -0.684281588 -0.758039415 0.638931155
 238 -6.63808361E-02 -1.67253506 0.536184251 -2.68604606E-04
 239 0.287185133 -0.918872595 -2.49245191 -0.281769544
 240 -0.161243737 1.08647025 -0.455155283 -1.26971614
 241 0.116684794 -2.13371801 -1.38959813 0.489483684
 242 1.22896349 0.633914351 -0.574345350 -0.760399938
 243 -1.15284348 3.00044790E-02 0.229949057 -0.475106299
 244 0.388460249 -0.204838872 -2.08746552 -7.15727732E-02
 245 0.822049499 -0.855278134 0.697485805 0.710080147
 246 -0.195983082 -0.152222112 -0.978626668 0.526727140
 247 1.19077861E-02 0.214292422 -0.765784025 0.700281501
 248 -0.664589882 -0.944384396 -0.273039758 0.452882677
 249 -3.14651132E-02 -0.354828089 -0.851225853 -0.581468225
 250 0.531887770 -1.11790085 0.851033747 -5.34403436E-02
 251 -0.283417344 1.29198110 -1.21721423 1.22915125
 252 0.699097574 0.747110128 -1.31563902 0.573246062
 253 -0.724475861 1.60172629 -0.730693996 -0.176430792
 254 0.991192162 0.133716807 0.364097774 -0.148838252
 255 -0.384618372 -0.395439476 -0.553592741 0.439337403
 256 0.984192729 0.351153880 -1.65958357 -0.559131742
 257 0.739071906 2.95549780E-02 -3.22068143 0.636441350
 258 0.839848280 -1.03692210 -2.86736369 1.10312355
 259 0.659933209 -0.268141955 -1.89293194 1.18276250
 260 -1.91740406 1.39276040 -0.365521252 0.174126744
 261 -0.430402040 -0.702890992 -0.695540667 0.770530105
 262 -0.151635975 0.232599095 -1.56084180 -0.710233092
 263 -5.78819290E-02 1.01691711 -0.769544125 -9.61377174E-02
 264 -0.131541312 -0.539317608 0.590555608 0.511439860
 265 -1.29937398 -0.450923353 1.88900381E-02 -9.50482711E-02
 266 1.12515569 -1.16839671 -0.518199444 0.540026605
 267 -0.444632113 0.314960569 -0.171979874 0.543148100
 268 -0.897049487 -0.873612642 -0.534371614 0.456686765
 269 1.15992665 -0.367035508 -1.62246430 0.162953451
 270 0.388765156 0.970974922 0.499319464 -0.103010431
 271 0.258550853 -0.833454847 0.686353862 1.18885565
 272 1.81512368 1.12864220 -0.336819142 0.519360185
 273 1.78199522E-02 -1.21603477 7.27831200E-03 0.123707741
 274 -1.27361655 0.776388347 1.02615798 0.642334998
 275 0.148583531 0.746304870 0.176372662 -0.533596158
 276 -1.55281448 -0.464765012 1.03994977 1.15572548
 277 -0.176401988 0.905863464 -1.00922263 0.557234824
 278 -0.206984743 2.36774898 -0.855203509 0.635410905
 279 -0.527018309 0.298320889 0.443090707 -3.42358276E-02
 280 -1.47557092 -0.676036000 0.761835515 0.666102469
 281 0.458040148 1.25576329 1.37964046 0.559700668
 282 2.63511389E-02 1.00027382 -0.143160492 -6.34613261E-02
 283 0.111163884 1.30866969 -0.425256073 0.650038362
 284 0.371455014 1.33789706 0.652742624 -0.562074423
 285 -1.61048090 -2.02164936 0.719923377 0.461728871
 286 0.293509543 1.46629655 -1.51170290 0.549057722
 287 0.226531416 -0.319552243 -1.59314442 -0.696065724
 288 -0.548257887 0.250303328 1.24594009 -0.145246387
 289 -1.34192121 0.582184374 -0.126973391 -0.588664114
 290 0.299497902 1.97122371 -0.852130651 2.24514883E-02
 291 -3.64008248E-02 -0.356330067 -0.197209328 -1.26337767
 292 0.134526953 1.18600178 -8.71113539E-02 0.679954052
 293 -1.25887394E-02 -1.02643704 -0.666526735 -0.254279286
 294 1.02991998 -0.381019652 1.16799855 4.23104092E-02
 295 0.159877971 -0.197079688 1.56678522 -0.353443116
 296 -0.634783447 7.69154131E-02 9.63679403E-02 8.95397663E-02
 297 -1.24557638 0.902259290 0.550730944 0.631672561
 298 -0.292303920 1.14533174 2.20969391 0.421048015
 299 0.395903170 0.222806901 1.60083377 -8.13886374E-02
 300 -0.925652266 1.19871819 -1.25687194 -0.563465536
 301 -0.682996869 -0.244929388 -1.27079272 0.588663280
 302 1.89468682 -1.04457998 0.124769449 0.568626821
 303 -0.260087758 -1.59496009 -1.21100712 1.19805431
 304 1.39186478 -1.19765413 1.24097657 -0.150666699
 305 0.165099323 2.54084206 1.16083002 0.161270216
 306 1.25945103 0.811362326 8.66757184E-02 0.568006456
 307 -0.203499541 1.89244533 -1.28931117 0.504197598
 308 1.65826231E-02 1.08141840 -2.10044909 0.586979151
 309 2.93395758 2.57509649E-02 -0.428447038 -0.647853792
 310 -1.49116576 0.372636318 -0.253316551 -0.141137153
 311 -0.514352262 0.988863587 0.135983899 1.25448799
 312 0.683529377 1.17623210 -1.26428342 1.07765186
 313 2.74735242E-02 -7.47337043E-02 0.587954223 0.358814597
 314 -0.155958354 0.235985085 1.76979184 0.905835152
 315 0.526632965 0.931255639 -1.05585265 0.988786519
 316 0.284958214 2.76167355E-02 -1.08838952 -0.328027636
 317 0.657085180 6.84921518E-02 4.74243686E-02 1.21504033
 318 1.37653935 1.47564805 -1.37708509 1.21216547
 319 -0.305173248 -0.894789398 -0.796075881 0.600356340
 320 0.595943630 -0.754633129 -1.51296484 -0.306995034
 321 -0.869304299 0.540894687 -0.163179383 0.751682520
 322 0.321701497 1.49844337 1.14494300 -1.00983810
 323 0.415796965 -0.658419192 -9.02098119E-02 0.395491540
 324 0.410316497 1.22245991 0.419268131 -1.14898396
 325 1.06121325 1.79378200 0.318674922 1.08666646
 326 -0.476790845 -0.184591874 -0.972148776 0.625773191
 327 -0.649445951 -0.436997801 0.668892860 -1.35846460
 328 -0.596706271 -1.72667131E-02 0.511487246 0.640322864
 329 -1.12345397 -0.449660450 -1.70994604 1.13881958
 330 -0.454444289 -0.129061073 8.06888789E-02 -1.40357137
 331 -1.64903677 1.48335946 -0.568654001 0.419413775
 332 -0.550529122 1.09440112 -0.890035868 -1.28687692
 333 -1.32587230 0.486052573 -0.887396097 0.266440034
 334 -0.379723459 0.145053551 -1.61243081E-02 0.714264393
 335 -2.17969155 0.795466661 -0.316515356 0.569589138
 336 -1.71259773 1.02629793 -1.00046408 -0.155572534
 337 1.14741778 1.27059662 0.751023352 -0.115809470
 338 0.794394195 0.191182762 -0.156654716 0.124330737
 339 2.71171927 -8.99885595E-02 1.21753240 -0.171658725
 340 0.939102173 -0.534204602 -7.68331885E-02 6.19105846E-02
 341 0.216943234 -3.11180204E-02 -2.26153183 0.550606430
 342 -1.59556198 -0.463642240 0.703332305 0.898955703
 343 -0.763534665 0.604020953 0.399949849 0.548835456
 344 -1.40267754 -0.545750201 -0.839453697 -8.78664032E-02
 345 1.72127771 -0.958403587 0.510439575 -0.324738801
 346 -0.898545086 0.544922352 0.268169105 1.25795078
 347 0.476979256 -1.24095058 -0.816358328 -1.24958181
 348 -1.21016335 4.16342840E-02 -0.130764455 -6.56477921E-03
 349 1.90925598 2.81090045 -1.93822408 0.483828008
 350 1.36038482 8.23650360E-02 -2.13846374 1.14312029
 351 -0.332084894 1.36600566 0.204923898 -0.655083418
 352 -1.94574463 -0.703983247 -0.801097929 0.781079531
 353 -0.634080708 0.741997540 -0.355991095 -1.68857649E-02
 354 -1.90547669 1.48449481 0.336234570 -0.177698150
 355 -0.898907542 -0.124202251 8.30010772E-02 -0.540362060
 356 -1.50562003E-02 1.78775585 -0.135793984 0.112884089
 357 0.879846275 0.635862470 1.88998431E-02 0.606625915
 358 6.56317919E-02 0.501697302 -0.385260105 0.792680025
 359 -1.01678681 -1.37843561 0.115153387 0.578632832
 360 -0.127354741 0.340547621 -1.07582593 0.765210092
 361 0.276730776 1.48236012 -0.146107182 -0.518731833
 362 -0.563244462 0.504413724 0.200102225 0.667203546
 363 -1.20683634 0.946650505 -0.561722100 0.479662031
 364 6.42368197E-02 0.188838959 -0.245079994 0.166459829
 365 -1.56411350 -0.660619915 -0.801875591 0.964777350
 366 -0.320546895 -0.213823378 -0.581349671 -0.110098720
 367 -0.515145600 1.42760766 3.66923064E-02 0.225840300
 368 1.40915155 1.17066312 -1.41483080 1.42290735
 369 0.274088621 -2.61635852 -0.897509813 0.609443367
 370 -0.306822479 -0.384725451 -1.12763286 0.465450943
 371 -0.850982428 0.425086319 -0.655375481 0.816612840
 372 -0.108430177 1.18711591E-03 -0.229019463 -0.683354139
 373 -0.735388875 -0.437641263 -0.240608841 1.00126719
 374 0.240347743 -1.14165807 -0.517428756 8.60417709E-02
 375 -0.272219598 1.53263700 0.270448446 0.707432151
 376 1.11387062 0.566831350 -1.04682016 0.999566555
 377 -2.44907403 -0.348973602 2.46076870 8.25866312E-03
 378 0.631991267 1.05005217 0.528289199 -0.133687437
 379 0.193718493 0.964673638 -0.490037352 -0.171282291
 380 -1.11155081 0.125581771 1.59873009 -0.479706585
 381 1.08015907 0.254357547 1.98410600E-02 0.205671981
 382 -0.506259799 0.509937942 1.87808871 -1.02660716
 383 9.74488631E-02 0.343425751 -0.230349049 -0.151971906
 384 0.869485795 -1.67639482 -0.948417187 0.499665648
 385 -0.939156950 -0.251763850 -0.146887302 0.867609024
 386 0.514668941 -0.139943480 0.126330823 0.446815014
 387 -0.841502249 -0.124400809 -0.475644886 7.07687959E-02
 388 1.34099948 0.587107778 -1.04574895 -0.255895019
 389 -0.203923896 0.509401858 -0.185816824 1.20863283
 390 -1.06016636 0.135012567 1.72220290 0.652442813
 391 -0.432840466 1.01229203 0.167360723 -5.17536178E-02
 392 -1.04259402E-02 1.62066329 -0.801473022 0.636826515
 393 -0.923910499 -0.308700681 0.992023230 0.473242849
 394 -0.400271654 0.268086940 -0.788481116 -1.17311525
 395 0.273564249 0.887418807 0.312191218 -0.135787219
 396 1.71042073 1.36771703 -1.15652728 1.14675105
 397 -0.502893567 1.01971221 -0.526838660 0.372543991
 398 2.45131850 1.11712146 -1.45705485 1.46855223
 399 -2.36099386 0.490689427 2.60421395 0.690661013
 400 -0.250324041 0.848221064 -0.711533427 0.707647502
 401 0.882918537 1.25564170 -0.279103369 -2.96813548E-02
 402 -0.925838768 -0.192152679 -0.669837356 4.22757044E-02
 403 1.03686678 -0.997211933 -0.338538378 0.602045774
 404 1.12893927 0.587433696 -1.13547063 -0.647304952
 405 -9.02921408E-02 -1.27472734 -0.204306051 -0.539182544
 406 -0.428735167 1.29019070 0.398672551 0.549466848
 407 1.69574523 0.566900909 -0.525377393 -0.493546605
 408 -0.155376464 1.43242788 0.676763773 1.14700985
 409 1.50455391 1.05778515 -1.23795521 0.477463424
 410 0.585679233 0.104499251 3.60659547E-02 0.860200047
 411 -0.312591493 1.42896211 0.935464382 -0.314036608
 412 -1.24379158 0.388664663 1.32519341 1.37018919
 413 1.14391637 0.197306842 -0.270033807 -0.615899205
 414 -0.363803864 -0.141741082 -1.39946866 -0.607224822
 415 1.85984230 1.48228812 -2.68152905 1.38015842
 416 -0.581093073 9.43643153E-02 -0.560151339 -0.523131371
 417 -1.04865801 -0.194958225 2.61254239 0.582734764
 418 -0.311903000 0.342238039 0.125437170 -1.22772765
 419 0.853826523 -2.06456351 -2.16454625 0.349294901
 420 -0.520092010 -0.248769671 -2.04107618 0.189047575
 421 -0.422442466 -0.962477684 -7.24884272E-02 -0.223746493
 422 -1.10566247 -0.357466668 -0.354740262 -0.109408490
 423 -0.609605551 -0.677724123 1.45400095 -0.150773659
 424 -0.723504603 1.66237628 0.637831450 0.194733843
 425 -0.213672861 0.743024409 -0.172968626 -0.630356073
 426 -0.773839533 0.609717131 -0.245265990 -0.121548712
 427 -0.811313570 -0.291331321 -0.935799599 -1.05121639E-03
 428 0.223604128 0.512728095 -0.886371791 -5.79030365E-02
 429 0.362742603 2.18184900 0.246308833 -0.196109548
 430 0.447187066 0.651116252 -0.194377601 1.13205671
 431 1.33048475 -0.631695509 -0.861917377 -2.89454889E-02
 432 -1.19084144 1.78325641 1.27510059 0.699684739
 433 -1.25131929 5.09082824E-02 -1.09209180 0.876895308
 434 0.623764753 1.11112165 -0.826658905 1.11342955
 435 0.625623822 0.416795433 -0.107915401 7.33864084E-02
 436 -0.320279926 1.04323947 0.851941466 0.787796378
 437 -0.313505411 -0.173180461 1.03529608 0.700648606
 438 -0.914201379 -0.356751919 -0.279694796 1.34673941
 439 8.34499300E-02 1.09345102 1.92655027 1.15090966
 440 -1.12742364 0.750946343 3.04498768 0.636799157
 441 -0.229792386 1.00097656 1.33405471 -0.101962008
 442 -0.124072224 -0.790153205 0.542751908 -0.685085535
 443 -0.607979536 0.310529709 -0.499244541 0.543933868
 444 -0.830805659 -0.208634257 -0.763539433 -7.50590116E-02
 445 -0.747417688 -5.34476936E-02 -0.344095349 -7.04535320E-02
 446 -0.620688915 0.113320410 1.23945510 -4.01766859E-02
 447 0.668407023 -0.507967412 0.353701830 0.581722677
 448 0.414190888 0.310952842 -1.61308539 -0.568515778
 449 -1.22652948 -0.131464630 0.753321111 0.379166096
 450 0.961366177 -0.598257303 1.10275424 0.112822592
 451 0.126679748 1.13880873 -0.111782305 -0.555846572
 452 -5.88259399E-02 0.280602038 0.906271219 0.445821792
 453 0.478290766 -9.42593887E-02 0.548189163 -0.653749406
 454 1.60311341 0.606099427 1.01275504 -0.148637891
 455 0.793938994 -0.300327182 -0.141285196 -0.846701324
 456 0.658190072 -1.26317441 0.900598168 0.558394551
 457 -1.79454994 1.19077802 0.917401254 -0.244316906
 458 -0.489508271 0.480413973 0.174704894 0.518943489
 459 0.516017675 -0.344533652 -1.59500587 0.781037629
 460 -1.70187438 -0.177327633 1.82195604 0.296052337
 461 2.01556516 0.143647194 -0.915920973 0.189320266
 462 0.767971575 -0.293720603 -1.45743334 0.525921106
 463 -1.15166950 -1.05165577 7.16722086E-02 0.430998087
 464 0.655802250 0.596409559 -1.48447864E-02 4.57385629E-02
 465 0.200747058 -0.986485422 0.890783310 -5.59054762E-02
 466 -1.08539891 -0.920760155 -1.79963350 -1.99133102E-02
 467 -0.806320012 1.31080389 -1.27423549 -5.77595457E-03
 468 0.646286488 -0.708267152 1.98451206E-02 -0.674490333
 469 -1.09532619 1.18945849 -0.738867998 -0.111008778
 470 -0.956284165 1.33879042 0.240145087 0.724017501
 471 0.768334448 0.373985708 0.146399930 1.21007299
 472 0.338705599 0.671539545 0.554686129 1.09590340
 473 1.43402553 0.989153028 -4.83494699E-02 -0.592465639
 474 -1.00448942 0.272259325 -0.658307612 9.32154506E-02
 475 -2.81183028 0.256289005 0.560552955 -0.500960946
 476 1.20458364 1.91540921 0.350090444 -0.556108832
 477 -1.37798595 0.692331791 0.235292614 -0.159609452
 478 -0.935931563 -0.211423144 1.73367822 9.80127417E-03
 479 0.724004030 0.988568783 -3.00750136E-04 0.424970418
 480 -2.15660954 0.369487941 0.422041714 0.685760319
 481 1.87151146 0.821148992 -0.332559198 0.561112106
 482 0.202163830 0.223684788 1.33849347 0.170443267
 483 2.00889373 -0.440787762 -1.48771501 1.16641533
 484 0.817087233 1.66528416 -0.101744801 0.653332710
 485 -0.172579050 1.51923263 0.773864090 -0.201436639
 486 0.571478903 5.28951585E-02 -1.28805983 0.679742754
 487 0.672527134 1.53615975 1.24892616 -0.556169450
 488 -1.56916797 -3.36219892E-02 0.356748730 0.218978539
 489 -0.547213674 1.02826452 1.13405657 -0.182088494
 490 0.390162587 -1.10545397 0.995725751 0.408035398
 491 -0.170335442 0.479308456 0.311266661 2.51155403E-02
 492 0.248337001 0.532745600 -0.919734120 0.490520120
 493 -0.540503502 0.506100714 1.08940887 -0.121950731
 494 1.73674846 0.359491169 -1.71259356 0.578100801
 495 0.259513080 1.01134956 -0.298739463 0.719290614
 496 0.828516781 -0.480294555 1.21191049 -0.788601518
 497 0.751443684 1.27498078 0.373603821 -0.567776442
 498 0.612539411 1.73251700 0.542406499 -9.67306346E-02
 499 1.34600055 -0.404708982 -0.271717906 0.663018763
 500 0.611454964 -0.219428450 0.561670601 1.09282434
 501 1.02808058 0.690118372 -0.699934483 -3.24787274E-02
 502 0.378583848 0.540342987 3.61536145E-02 0.613717616
 503 1.25526917 7.38602579E-02 -0.324228168 0.893288612
 504 0.607865930 0.470712513 -1.07593799 -0.803591371
 505 -2.51661301 1.72039485 2.05192900 0.346655846
 506 -0.330835104 0.100605369 0.156155556 0.636929691
 507 0.968372285 2.32199907 -0.782560468 -8.49587023E-02
 508 -1.09729016 -1.02035129 0.767840564 -3.59996893E-02
 509 -0.282744616 -4.87474203E-02 -0.400400966 -0.730331481
 510 -4.53989133E-02 -0.766479909 0.865255833 0.738047481
 511 -1.61400294 -9.37654525E-02 -0.976102054 -0.121316656
 512 0.164449736 -0.609546602 0.924213290 -1.91578045E-02
 513 -1.32989335 -0.256770194 -0.853478789 0.504669666
 514 1.08066988 -0.624861956 0.547185242 0.354862094
 515 0.116407350 0.910646439 0.762314558 -0.673343301
 516 -0.271878898 0.264481872 1.01612151 -1.45848449E-02
 517 0.811842620 0.988268256 -0.442041397 7.68512413E-02
 518 -1.72166848 1.69098485 5.28500676E-02 1.05238450
 519 0.994283080 0.918845654 1.01146376 3.84911671E-02
 520 -0.471857488 1.01892936 -0.803044379 -3.17376256E-02
 521 1.00779772 -4.19621021E-02 -0.835016549 0.559291482
 522 -0.148359448 -1.39230728 -0.589316726 -0.789478779
 523 -1.62615371 -0.620702744 0.491854310 0.678174615
 524 -0.661556005 1.39370036 -0.528953552 0.600877523
 525 1.20040989 0.854302883 0.160515830 -0.915750980
 526 0.400365233 -0.258317053 -1.44426179 0.371410221
 527 0.616118789 1.41619885 -0.311904490 -0.503159106
 528 0.524620652 0.439620703 -4.58535254E-02 -1.29019690
 529 -4.25045788E-02 1.45564806 -1.04853964 0.511877298
 530 -3.01918685E-02 -8.17420855E-02 -1.71640885 -0.142744482
 531 -0.404332310 0.660029292 -0.199204907 -3.18053588E-02
 532 0.363019735 0.929307342 -0.602438331 0.682874501
 533 -0.521636486 -0.404836178 -1.53676724 0.568996012
 534 -0.501774073 7.55853057E-02 0.730566442 0.912086487
 535 0.262241304 1.20563126 -1.01517546 -1.16655087
 536 -0.495128512 0.791338265 -0.130950093 1.22094941
 537 1.48378420 0.268785894 -0.178521350 -0.107381985
 538 -0.292051554 -1.18217826 0.550897002 0.526212394
 539 -0.755509257 1.99667811 -2.63299894 1.18188882
 540 1.29819202 7.32900202E-02 -0.642871141 0.791561127
 541 -0.320333719 0.788012385 0.179563522 0.572795689
 542 -1.47547936 -0.913089991 -1.33650506 0.114754498
 543 -1.18924534 -1.13187611 1.59321761 -0.245438010
 544 -0.784596324 1.63796735 -1.06372511 1.18924630
 545 -3.08973646 0.115943640 1.39986491 0.389171243
 546 0.598029077 -0.253138781 1.18945146 0.554014266
 547 -3.14415060E-02 0.572271824 0.341939628 0.713534594
 548 -0.490500689 0.915874660 0.338439107 1.26134455
 549 5.78809828E-02 1.00309610 -1.63644946 -0.795714617
 550 0.340258747 1.87446427 -0.487286985 -2.95438562E-02
 551 0.655415177 -0.441741168 -1.48194230 6.97690994E-02
 552 -0.517297924 0.267563999 0.506036997 -0.696743131
 553 2.01325727 0.904060245 0.439633191 -0.552435994
 554 0.399075896 -0.890085280 2.26450972E-02 0.607768416
 555 0.614130318 -0.219018936 -0.103344515 0.655159414
 556 0.836816013 0.534726501 -1.19739103 1.19406748
 557 -1.46792138 0.339743108 -1.12102759 -0.555838287
 558 -1.16511631 0.484340668 1.32654715 -0.715925157
 559 -2.17710257 0.450865418 -0.984092832 2.99374573E-03
 560 -0.845343232 1.76044369 9.66902077E-03 -0.110121593
 561 1.75896955 1.06259775 -0.445350289 -0.236198276
 562 0.304944634 0.214511573 -0.704532266 -0.113334864
 563 0.283181995 -0.574823320 -0.686845660 -7.53563344E-02
 564 -0.618411899 1.33574927 1.20462525 0.541045189
 565 0.565387487 -0.746110737 -0.296431839 0.460095346
 566 -0.106749237 0.713993907 -0.211072132 -1.31309676
 567 1.41528630 1.74490440 -0.991148472 -0.546435416
 568 1.08776641 -0.406389356 0.990898490 -0.665314376
 569 -1.52348983 -0.157670200 -1.59008884 0.672497034
 570 -0.735504270 -0.423790842 -0.265775740 0.505967140
 571 0.192793950 -6.07871413E-02 -1.16416907 1.47121903E-02
 572 0.284061611 -1.28211528E-02 0.669729471 -0.701806247
 573 -1.40187073 -1.28356886 -0.892057538 -0.604947329
 574 -0.501512110 0.964925170 -2.62152505 7.81080127E-02
 575 -0.542686343 -0.165840223 -0.463855982 1.40514374
 576 -1.90164220 -0.711668611 2.36211061 -0.498706788
 577 1.10707319 0.613632262 -0.646394134 0.592469156
 578 -0.333584994 -0.701212466 -0.954263985 -0.176213548
 579 -0.203731537 2.04642177 0.243146822 -0.483673662
 580 -1.69030607 0.103812836 0.414631277 -0.640214801
 581 -3.35859442 0.687586308 1.49802804 1.19656754
 582 -0.229752183 0.654072821 0.174907446 0.584764183
 583 0.575138628 -0.383908272 0.183719948 0.800706446
 584 -0.944606960 0.457607031 0.369078159 0.393216908
 585 0.280551732 -0.570345998 -2.94522142 -0.702517927
 586 0.644806266 -0.216052085 9.31211412E-02 -0.716968119
 587 -0.791221976 -1.79470313 -0.857867599 1.24729419
 588 -0.630860865 -0.228989929 1.35824502 7.28943152E-03
 589 -0.674096942 0.383620381 -0.294893861 -0.681641400
 590 0.547856808 -0.270466596 -1.87940955 -0.105038308
 591 -2.16374588 1.16083062 0.469611347 -0.304345489
 592 0.519057810 0.121515229 -2.33265758 -0.178704888
 593 -0.812083662 0.752927661 0.178550214 -0.400244474
 594 -9.63871181E-02 0.565519273 -0.171766341 0.151711628
 595 -0.792589366 3.53920683E-02 1.25357997 -7.59283602E-02
 596 0.476686358 -5.90663850E-02 -1.27939606 0.476212054
 597 -1.62828934 0.407218456 0.167167902 -0.701806307
 598 -3.52180600E-02 -0.464628547 0.383770555 0.571202159
 599 -0.799860477 0.305670857 -0.625212133 6.42454345E-03
 600 2.31576538 -0.624671817 -0.991025746 -1.23029554
 601 -0.134486407 -4.93206382E-02 -0.771718025 -4.53015044E-03
 602 0.949524760 -0.661179066 -0.997100174 -0.633075058
 603 1.48742008 -0.605085611 -0.838100493 0.335517228
 604 0.162802488 -0.445988357 1.74937820 -0.665212989
 605 -2.69871616 0.745698154 1.21181273 1.19564724
 606 -0.321279138 1.05595899 -0.308388293 8.18720236E-02
 607 1.40738428 -0.436445355 0.413886666 0.126703709
 608 4.66739833E-02 -0.282603681 -0.502338529 0.708942890
 609 0.281612754 -1.09429312 0.322111994 -1.19089532
 610 -1.58546638 -0.454235137 0.743788838 6.75276220E-02
 611 1.01510155 0.172059178 -0.358537793 -2.02941783E-02
 612 1.27867907E-02 -1.16873932 -1.41883492 -0.720166564
 613 -0.735505819 1.71035361 -1.69234467 0.720146954
 614 -1.01053691 -0.592444599 -1.20261526 0.250514030
 615 -1.88988388 0.214002460 -0.388919473 0.336654335
 616 -0.571582437 0.821118593 -0.301201731 0.542854011
 617 -1.42569852 -0.316624284 0.158477858 1.12831090E-02
 618 0.342394173 1.39843535 1.70523310 -0.124729723
 619 -0.913122177 -0.899593711 -0.478639483 0.548537016
 620 -1.79373372 6.12508059E-02 -0.234241322 0.131733671
 621 -5.28020859E-02 0.562792599 0.365128547 0.522262573
 622 1.65862656 1.36098754 1.21527183 0.802386284
 623 -0.101219796 -0.990929425 0.574697316 -0.842125595
 624 -2.07675624 -0.123675905 -0.657128692 0.573545754
 625 5.90264797E-03 0.707461715 0.781552494 -0.832600534
 626 -0.265715659 0.480275482 0.151835695 0.112946816
 627 -0.840371609 0.759564638 0.473325998 -1.09974253
 628 -0.342421353 -0.710102320 -0.927906632 0.663304925
 629 -1.39502966 0.710946798 -1.64567339 -0.557777762
 630 0.536619246 -0.126217812 -0.565433502 -0.697296202
 631 -0.332860410 0.780532777 0.138700768 -0.684913516
 632 -0.374227524 1.20442593 -0.444408625 0.691693842
 633 0.259450316 0.234171450 0.205591962 0.934708357
 634 -0.409914970 -0.610565782 -0.572808504 0.952749848
 635 0.245727777 -0.220361471 0.350338489 -0.451120079
 636 -0.166911051 1.31096017 -0.874198079 0.227169335
 637 -0.800270915 -0.668199122 0.601762056 8.06264579E-02
 638 -9.23300683E-02 -0.159208745 -6.53697550E-02 -2.86332984E-02
 639 -0.758249283 0.284882545 0.342999220 0.264471233
 640 -1.78668964 -1.72248793 0.650172114 0.478289843
 641 -0.459636152 1.27695644 -0.310391992 -8.11940506E-02
 642 -0.783294678 0.681346238 -0.619024336 -0.157283694
 643 -2.38564801 -0.965025902 1.22248888 -0.300318599
 644 -0.366214693 0.585726023 0.189988554 -0.571447313
 645 -2.09594440 1.75542414 -0.953821838 0.725732386
 646 -0.117263645 1.99161351 0.583281875 0.553216100
 647 -1.28900254 -0.846984506 -0.485503674 -0.877893567
 648 -3.16584110E-02 0.173436940 0.563950419 -1.10530424
 649 0.336542130 -0.510496914 -1.03778303 0.518176913
 650 0.887014389 0.314780563 0.235319555 0.394321978
 651 -0.369272351 0.291428149 -1.52701497 0.691211998
 652 5.87359816E-02 -0.139254600 -0.111396909 0.639072597
 653 -1.58864284 0.507375717 0.463104218 0.236053914
 654 -0.464384437 0.922141314 -6.59922659E-02 1.23096061
 655 0.442844898 0.377604425 -1.28847933 0.438266903
 656 -0.468920916 7.17600435E-02 -1.26714790 0.479572833
 657 7.01684356E-02 1.09701765 -0.579624593 -1.06608593
 658 -2.03406048 0.321898699 2.45767617 0.732206583
 659 0.524785638 0.216082260 -1.22828674 0.777848899
 660 -0.981574059 1.09456325 0.108432092 1.13012958
 661 -1.76843631 -0.134611771 1.56655872 -0.265621841
 662 -1.12375188 0.693898618 0.793049991 -0.381636232
 663 0.687951028 1.02416134 1.43159151 -0.214198664
 664 -2.62904382 -9.60271358E-02 -0.661453664 -1.17141129E-02
 665 -1.61959052 0.212655917 -0.693655193 -0.929913640
 666 -1.65760779 -0.146584362 0.100548275 -5.65769300E-02
 667 0.627837300 0.646240413 -1.05806518 0.129058450
 668 -0.387172192 1.04261911 0.482489258 0.472879082
 669 -1.02593243 1.34951973 4.77557927E-02 0.558836043
 670 -1.04968703 0.936777413 0.440476626 0.708243966
 671 0.176005006 1.89239383 -1.10590005 0.548787773
 672 -0.421860188 0.485021293 0.223233640 0.470958114
 673 0.105316781 0.827930927 -0.750698447 -0.100383811
 674 -0.494709432 -0.472689629 -0.922173262 -0.210323662
 675 0.209505796 0.821014762 0.631295919 0.650733471
 676 -0.627378523 8.94697458E-02 2.72032881 1.24341416
 677 0.296061039 -0.771087408 -1.44623744 0.666117966
 678 0.395069987 0.877002358 1.57161903 0.402272671
 679 -0.330642104 0.214661479 -6.03614748E-03 0.707788289
 680 0.462654769 0.558312237 -0.246144786 -0.199083388
 681 -0.176296085 -0.471370697 -0.301702529 -0.181778908
 682 1.67263341 -0.588233232 -0.302446932 -1.53034553E-03
 683 -1.00552058 0.495313346 0.838941097 0.506198943
 684 -1.62572527 0.191782624 -0.551797867 0.270366192
 685 -3.87578607E-02 0.248025954 -0.468476743 1.28985512
 686 -7.76996985E-02 -1.13547087 1.04295623 8.07439610E-02
 687 -1.40544391 5.76009750E-02 1.07541907 0.448242426
 688 -0.992490709 -0.959264100 0.995446622 1.31412625
 689 0.805669665 -0.130913466 -0.114397675 0.165550947
 690 0.103700623 1.16213012 -5.45781553E-02 -8.72868448E-02
 691 -1.04528522 -0.449545026 0.135005742 1.67738535E-02
 692 0.575112462 0.421858728 -1.30207384 -3.90397906E-02
 693 -0.584340870 1.00657773 -2.01148915 -0.520836890
 694 -5.71650676E-02 -0.973984480 0.543608665 0.469986171
 695 -1.71726847 -1.45910180 0.448307812 0.147860318
 696 1.58861840 0.798943281 0.174079239 -0.110213004
 697 1.44196749E-02 -0.323982120 -0.945508718 -0.514611900
 698 0.365524471 -0.706418157 -1.57604110 -5.85350096E-02
 699 1.07672226 1.03584313 -0.136544108 5.26836589E-02
 700 -0.111089587 -0.492624819 1.05245984 2.03309003E-02
 701 -0.265953392 7.89423734E-02 0.417393208 -0.309772909
 702 -0.685215771 -0.734499276 -6.66637421E-02 -3.67015377E-02
 703 0.231199026 1.28574347 0.219818667 0.715076864
 704 -1.92243898 0.584178269 0.406879783 1.06720352
 705 -0.573158503 1.09106243 -0.616954803 -8.67355391E-02
 706 -0.203916490 0.199662536 -0.945961475 0.448949516
 707 -0.584895968 1.47741544 0.677573562 -0.129647076
 708 -1.80237806 -0.207999080 -0.790024996 0.499245644
 709 -1.39826608 0.772718787 -0.242691308 -0.160949737
 710 -0.487266660 -0.527588367 -1.26733458 1.10565448
 711 0.590777338 4.17854637E-02 -1.44637418 0.511899114
 712 -1.93999410 -0.790673852 1.72624981 -0.514730930
 713 -1.01553321 -0.883240461 -0.776830852 0.475095153
 714 -0.295564771 0.333148330 -1.38076019 2.91846227E-02
 715 -1.75473189 -0.367289841 -0.135998473 -0.646718919
 716 -1.50965631 4.71414737E-02 0.371229529 -1.19038129
 717 0.327273726 0.106221288 -0.749955416 0.532633305
 718 0.101358190 1.39801741 -0.642621219 -1.19963169
 719 -0.239674523 1.35331535 -1.12706411 0.553141236
 720 -0.189857140 0.680484653 -0.718190730 0.789620578
 721 0.180725932 -0.169302016 -1.39913476 -9.88826901E-02
 722 -1.00707746 0.930042326 2.89753824E-02 -6.88329525E-03
 723 -0.309423029 0.180304796 1.20300055E-02 -0.827846885
 724 -0.604681730 0.735736549 1.77135587 0.493320912
 725 0.347241521 1.09712446 0.294516563 -0.693232536
 726 -0.333151221 0.147837326 0.646010995 0.310630262
 727 4.61533442E-02 1.19698858 -0.525940955 -1.34984887
 728 -0.231982380 -0.267883211 0.369734377 0.880700350
 729 -1.19109511 -9.34231207E-02 -0.111641496 -0.576660156
 730 0.288355291 0.544625521 0.124526478 -3.75517085E-02
 731 -0.998999834 -0.926712155 1.45114684 0.616331041
 732 0.446153492 -0.193060145 -0.913539052 0.424830019
 733 0.850326180 0.933592558 1.00285399 -0.197225749
 734 0.753344536 0.916325867 0.940008640 7.76759312E-02
 735 0.608835638 6.07081205E-02 0.359711587 -0.484069824
 736 -0.688089013 0.284935057 -1.05381691 0.239832252
 737 1.13685429E-02 -0.382291824 -0.297091126 -0.136129439
 738 0.604454815 0.259940177 -0.648687124 -0.157058686
 739 1.37465572 -0.562111497 -0.290163517 0.149880990
 740 0.472611368 -5.19552082E-03 -1.89974535 0.930535316
 741 -4.21138294E-02 -0.891497016 -0.638205528 -0.155398101
 742 0.509299040 1.64393866 -1.68065429 0.773581505
 743 -0.450676739 0.784827530 0.562919557 0.332948983
 744 -0.172748655 -0.218523711 0.251210004 2.70280112E-02
 745 -1.23536623 -9.29367691E-02 -0.529324949 -9.11774412E-02
 746 -0.125148386 0.785105705 -0.910546839 1.42940760
 747 -0.192392945 0.947523654 4.54706252E-02 0.107172973
 748 -0.379242778 -0.405846596 -1.42230880 1.35227156
 749 -1.17136753 1.33985758 5.84780127E-02 0.138825610
 750 -0.516990900 0.594113171 -0.692088425 1.22465527
 751 0.147677302 1.18739922E-02 -2.11726809 8.87808762E-03
 752 -0.159008846 -0.766812027 1.03789544 0.597534537
 753 0.212904453 0.951062441 0.258339405 0.757926226
 754 0.726992965 0.486703098 -0.744151473 0.352544069
 755 -0.256157190 0.377951592 -0.870553374 -0.138708115
 756 -0.301653117 1.05562198 -0.737123132 -0.505929470
 757 -0.542954922 -0.861516595 1.39275098 0.506172299
 758 -0.715588689 1.82538652 -0.155533940 2.59226449E-02
 759 -1.05317056 0.792757809 0.155035019 -2.17067264E-02
 760 0.386876494 -1.15311217 -2.00393534 0.595514596
 761 -2.12818551 1.22749925 -1.45510447 -0.308771521
 762 -1.13565683 1.13657892 -1.46981454 0.620799005
 763 -7.45228827E-02 0.390536398 0.840948641 7.28183985E-03
 764 -1.45253253 -1.03404236 -0.779264569 -0.137562975
 765 -1.30958903 -1.41558933 -0.351291269 -0.250613958
 766 -0.996585369 -1.07194841 -6.48314320E-03 0.187264293
 767 -3.90718244E-02 1.14840519 4.32709530E-02 -7.67341107E-02
 768 -0.134702861 1.58262861 -6.07810616E-02 3.37251946E-02
 769 -0.213479638 -1.49786949 0.252153754 -0.606976688
 770 0.823979795 0.352183312 -0.671913445 0.784225464
 771 0.749769449 -0.733169377 -4.73036766E-02 0.690354884
 772 0.166513667 2.15425827E-02 -2.07272768 -1.03460622
 773 0.147418484 0.443930924 5.36004156E-02 -0.217743859
 774 -0.495218188 0.218163893 -0.856210113 -8.61123949E-02
 775 1.31023812 -0.326143235 1.53612532E-03 -7.62725398E-02
 776 1.31471872 -0.380510449 -0.570877016 -3.09635643E-02
 777 0.988953292 -1.15668321 1.48804152 -5.84661663E-02
 778 0.326218456 1.11825120 0.478858024 0.262990296
 779 -0.917610645 1.12434685 -0.274215102 0.607956290
 780 0.663845837 1.28364956 -1.14363313 -0.608396828
 781 1.23200595 1.66181934 -1.83238888 -2.16450691E-02
 782 -0.161601022 0.590093195 1.06794274 1.31205487
 783 -0.401668549 5.44367470E-02 -0.462403297 -4.08339202E-02
 784 0.540180802 -0.316269189 1.87539804 0.537786543
 785 -1.01363385 -0.887238801 1.57547557 -0.750979245
 786 -0.140349835 0.301174998 -0.279661566 -0.597468853
 787 0.622588456 -0.320852041 0.485013068 0.685960710
 788 -0.403544813 1.12721002 -0.421671033 -0.462214351
 789 4.29905951E-02 0.244736776 -0.323533028 0.769406497
 790 0.333121479 -0.291507810 1.00924778 -0.678025484
 791 -0.244489729 0.883713126 -0.650617719 0.121768825
 792 0.217150807 0.570499480 -0.738788426 0.432245672
 793 -0.855845451 -0.323809862 -0.910580635 -0.857555509
 794 0.623036742 1.17895627 -1.10495949 0.149631083
 795 -2.88306475 0.438956499 0.942216575 -9.21441615E-02
 796 -1.79707003 -0.918878675 -2.17719388 -1.06249042E-02
 797 -0.766808212 1.01168716 0.381029367 -1.30098712
 798 -1.11919141 -0.114610329 0.128488272 -5.39808422E-02
 799 -1.21035755 0.141575813 -0.701988757 -0.492438734
 800 1.87348199 1.93884099 -0.664625585 0.734734774
 801 1.03389871 -0.679142416 -1.45839381 1.41932702
 802 9.21892375E-02 -0.653520882 1.53939462 -5.07047325E-02
 803 1.39069712 -0.705959320 1.07822561 4.91687469E-03
 804 -2.08721852 0.206035167 0.371953368 1.14702106
 805 -0.549686074 -0.457146972 0.662656665 -6.64763376E-02
 806 -2.38708663 -1.34244025 -0.310221672 -5.85141182E-02
 807 -2.82488728 -3.41248587E-02 1.73777366 -0.232661515
 808 1.36197376 -0.137327731 -0.846038282 4.45859581E-02
 809 -0.592118919 0.125864759 -1.21746922 -0.812659264
 810 0.839649498 1.49785030 0.764160275 -0.270588696
 811 0.447360843 -0.175240085 0.940757632 9.52978991E-03
 812 0.228792429 -0.200706005 -1.69026995 1.86261851E-02
 813 -1.17067492 0.402409971 1.43024588 -0.263755202
 814 0.438211799 -9.80209708E-02 -0.797380447 -9.19676796E-02
 815 -1.04258215 0.732101917 1.55699277 5.91809824E-02
 816 1.00592363 1.23341668 0.636466622 -0.132405251
 817 -0.617363930 -0.852333784 0.421896785 -0.137550384
 818 0.793414056 0.735514700 4.85965312E-02 -2.71543320E-02
 819 0.366360188 0.294990778 0.658662200 -1.02137423
 820 0.289170861 0.756296813 0.229209989 1.07969189
 821 -1.73013955E-02 1.85887367E-02 -0.147619411 0.133754730
 822 0.271623492 0.751319826 -0.955838680 -0.100867219
 823 -0.156601831 -5.03111184E-02 1.15864253 -0.873273849
 824 0.204375863 2.45162956E-02 0.837566376 0.557566583
 825 -0.588611603 1.56239998 -0.275457025 -0.552151859
 826 1.73998380 0.666801572 -0.738678098 0.532218933
 827 1.47165000 0.252303183 0.764115274 1.21231592
 828 1.32452655 0.345238745 0.627285004 0.531293511
 829 -1.95682323 0.131194174 -0.181998581 0.133822426
 830 -0.884920776 1.01833808 -0.552270949 -0.710484505
 831 -0.962497115 0.170519099 -0.531090736 -0.677389860
 832 -0.746356606 1.15458179 0.757700682 0.522990823
 833 -0.212403893 -0.882650733 0.276977956 -0.171932846
 834 -0.168087006 1.36583531 0.189269066 2.50758976E-02
 835 0.896023095 -4.56209891E-02 -4.96077091E-02 -7.91054890E-02
 836 -0.981942773 -0.686272562 0.851346076 0.981944144
 837 1.29210651 -0.438542038 -1.80851495 -0.608084083
 838 -0.121193200 -2.31620669E-03 -0.942804337 -1.24489427
 839 -0.869029880 0.895883918 0.123345792 0.732539177
 840 0.412326097 -1.03026748 -1.37615323 0.570953906
 841 -1.12235904 0.215743482 0.950258434 0.105922870
 842 -0.178340614 -2.01284814 4.51624840E-02 -0.491289973
 843 -0.130442992 0.162094370 0.433479607 0.450230747
 844 0.266636014 0.239264533 -0.821867704 0.189878494
 845 -1.38552547 0.965463698 5.84209859E-02 0.673247457
 846 0.127255455 0.622230053 -0.253580391 -0.109454736
 847 6.08985424E-02 1.25743592 -1.62720788 0.652599573
 848 -0.384665966 -0.728178442 -0.796757877 0.476226509
 849 0.203767329 -0.855703354 0.914505839 -0.104760617
 850 -1.31518281 0.985715151 0.221317664 0.587863624
 851 -0.979857326 -0.282510072 0.625256956 0.769813180
 852 -0.497797579 1.41996086 -1.07439327 -0.838591516
 853 -0.317065209 0.227658138 -1.37084889 0.414853245
 854 -0.307319432 -1.31058943 -0.543510079 0.710068166
 855 -0.600245178 0.226423010 0.719877422 0.183362439
 856 -0.822833657 -0.974931359 -2.28022709E-02 0.979646206
 857 -1.09710884 -0.105597965 1.02106118 6.74457476E-02
 858 -0.644911051 -0.440078437 5.10189980E-02 0.207979307
 859 0.668971121 -0.808989108 -1.72620857 -0.597476125
 860 -0.555727541 -1.34977996 -0.666965246 0.444689393
 861 1.40623307 0.107142344 -0.485379636 -0.408924490
 862 -1.26893890 6.89352155E-02 0.504284084 -1.25138044
 863 -1.36750782 8.14385787E-02 0.406468809 -0.645064533
 864 -2.21669388 9.79303122E-02 -2.35793479E-02 0.877872825
 865 -0.243790805 1.52520084 0.470238775 -0.658539534
 866 0.368734837 0.113399312 0.966566205 0.479855686
 867 -0.602554321 0.375078738 0.736152649 -0.146574512
 868 0.255449355 -0.910513818 0.903762758 1.17829502
 869 -0.570532978 0.218746975 1.33942795 -8.72809812E-02
 870 -0.195864826 0.973338902 0.200051606 -0.153816074
 871 -0.543737292 1.04131567 1.83590090 0.576125979
 872 0.818661749 -0.264382541 -1.26921213 6.08939379E-02
 873 -0.941653788 -0.348090649 -6.23166561E-02 1.11852169
 874 -0.254693478 -0.957832813 -0.263622046 -0.530081868
 875 -0.883696258 -0.917957902 1.85067868 -0.209791303
 876 -1.36498618 0.933897495 -0.853688359 9.47585106E-02
 877 -1.38390064 -0.937653720 0.541479886 0.395744741
 878 0.870363593 1.21866298 -0.355947822 3.45649868E-02
 879 -0.993991494 1.02450645 9.90993679E-02 -0.449731112
 880 -0.831440091 0.883656621 4.29951772E-03 -0.541054904
 881 -2.24606037 1.40283656 -0.950624168 -0.104745403
 882 -1.13629138 -0.351713747 -0.290945202 1.20013046
 883 -0.386292905 -1.58358836 1.74459600 0.942776680
 884 -0.259855270 2.02519536 0.225898728 -1.22512722
 885 -1.06221390 -1.04002166 -0.321781576 1.10287035
 886 0.382154703 -0.329218924 -0.415642738 1.27833712
 887 -1.00837576 -1.24973130 1.80102050 0.528975368
 888 0.259142756 1.33131361 1.40089542E-02 -0.782489002
 889 0.486692250 -0.738542378 -4.35916856E-02 0.839233875
 890 -1.98455453E-02 5.22682667E-02 0.720815182 0.503265023
 891 -0.508666515 0.519669890 -1.61731029 1.03255916
 892 0.731435061 -0.948707581 -0.482633114 0.770028830
 893 -0.478799909 0.585108638 1.61907375 -6.70440495E-02
 894 1.04176950 -7.12264851E-02 1.70973134 -0.601274967
 895 -4.28676605E-02 -0.129490957 -1.22332108 0.350903094
 896 0.610593677 7.69399852E-03 -1.04707253 1.02392840
 897 -0.746794939 -1.37896132 1.07923365 -1.15502104E-02
 898 0.883210063 0.130815834 1.22917700 0.469319254
 899 -1.97925878 -1.65043533 1.77736998 0.450244188
 900 0.325253814 -1.48253703 0.261629850 0.119128905
 901 -2.06394458 -1.60261369 0.384457171 0.839486361
 902 -0.116492152 0.342061073 -0.295848280 -0.951503992
 903 -0.541007698 0.761306942 2.16199350 -0.717770040
 904 -1.33552420 0.732021093 1.65957105 -0.857464194
 905 5.38970158E-02 2.66896033 -0.727777421 7.34447837E-02
 906 1.28961933 1.12145042 -0.784522951 -0.752504349
 907 -1.79002059 -0.377507776 0.171579003 -0.760014951
 908 -0.168466896 -0.256822318 0.249905646 1.16770375
 909 -0.402216315 1.60975909 0.502772152 -1.20810127
 910 0.836627245 0.718705475 0.392813176 1.30745471
 911 -0.895040989 -1.03716409 1.07412791 0.476343989
 912 -3.39715853E-02 0.462978899 -1.28943408 0.322529197
 913 0.462608933 -0.637628913 0.173491582 -0.525366902
 914 -1.47907984 1.54326797 -2.07938218 -0.565205097
 915 -1.57660329 0.810150146 -1.81414616 0.123707585
 916 -9.92076099E-03 0.120284915 -1.36032820 -0.155491963
 917 1.34256971 1.36844665E-02 0.314498842 -0.148858964
 918 6.90309405E-02 -1.46175456 -0.235636681 5.32236472E-02
 919 -0.742528677 -0.449695826 0.343121529 0.433593869
 920 -0.747177601 0.410854071 0.530392468 -0.779999256
 921 0.301465273 0.525411427 -0.823549986 1.38828743
 922 6.48347288E-02 0.190044805 -0.198442370 0.426373661
 923 -0.153698519 0.353448153 -0.604978979 -0.562003970
 924 -0.925343573 1.04956591 -0.733785987 1.14672363
 925 -0.670842588 -9.07556638E-02 -0.937773228 1.12873089
 926 -0.520583928 0.151514530 1.00826716 -0.718561769
 927 -0.260941535 1.36950970 -0.357003719 -0.557054996
 928 -1.22982335 -2.04408574 0.824460506 1.37560308
 929 -1.25523353 1.07035625 -0.439523786 0.751531065
 930 -1.48648298 -0.433324665 -0.429757476 0.599156439
 931 -0.580168009 -1.04658341 -0.598277152 -0.135958523
 932 -0.584097683 2.18104601 -3.12319547E-02 0.510800898
 933 2.50867724 -0.317818373 0.543278456 0.921859860
 934 -0.908384085 -1.29805350 0.906839252 0.284065276
 935 -3.44945043E-02 0.618688941 -5.12821823E-02 0.798660994
 936 0.430296272 -0.363992810 -2.19728565 -0.142027110
 937 -1.23802173 -0.526845336 0.468740702 -0.587142646
 938 0.398004949 -0.778069317 -0.702566981 -0.383724749
 939 0.733125091 0.214032918 0.252225459 0.479460955
 940 8.82615000E-02 -1.34431136 2.33432293 0.535485804
 941 0.843745351 -0.107150584 -0.896691918 0.590257049
 942 4.03668880E-02 2.06919551 -0.707109809 -0.419197202
 943 -0.676705420 -0.214252636 0.496294945 1.20799601
 944 5.34284711E-02 0.875951409 1.07123405E-02 0.692957819
 945 -0.675369501 -3.64243388E-02 -0.890588701 0.100826107
 946 0.899461389 1.64079642 -0.478414178 0.178277537
 947 -0.401495069 -1.01460826 0.473158479 -0.173308372
 948 -1.51365542 0.736828923 -0.380577236 0.509614587
 949 -1.20330763 -1.25579035 1.21949625 0.961364508
 950 -2.10316396 -0.337746292 1.01936567 0.974559724
 951 -1.70845342 0.913605809 1.25493431 0.611830711
 952 -0.956772149 -0.157516420 0.140823230 1.19087327
 953 -1.05343139 1.37384093 0.715674281 0.806048870
 954 7.26774931E-02 -0.269008458 -0.191388398 0.643754303
 955 -1.36529899 1.04642141 1.92085123 -0.444651306
 956 9.09360945E-02 0.978874028 -0.824603438 -5.27075529E-02
 957 -0.641629279 -0.271262497 0.896545291 -0.306360811
 958 -0.426488191 1.67129326 0.439812213 0.576415181
 959 -0.237468287 0.499743611 0.819940507 -0.531360686
 960 0.528176546 0.372312486 0.777697146 -0.611811996
 961 0.887554049 0.349593520 -1.59212422 -0.476162016
 962 -0.167267814 0.157445192 1.37841535 -1.24200809
 963 -1.18003678 1.69562066 -0.571365058 -0.147685915
 964 -1.31687629 -4.58576083E-02 1.07280803 -0.708967388
 965 -0.679883778 -0.866973639 -0.404458135 0.605915308
 966 0.822099447 -9.94723812E-02 -0.472175211 -2.10953578E-02
 967 -1.13036001 0.641971111 -9.21947807E-02 -0.114862785
 968 -0.773257196 -1.37076592 0.815824509 -0.648367524
 969 -0.230529428 0.638947904 0.734669924 -6.09354675E-02
 970 -0.790810823 2.76964021 -0.414315462 0.600004435
 971 -0.833065510 -0.246822864 -1.18739080 0.443452835
 972 0.782621443 0.642825067 -0.540058732 0.325141668
 973 -0.150470719 -2.03716660 0.462197542 1.21767879
 974 1.16328299 0.486162841 -0.906645775 3.14523280E-03
 975 -0.782929480 0.754906356 4.83986288E-02 -0.758135557
 976 -1.75204468 -0.514833689 2.91468787 0.134823531
 977 0.560718298 -0.638891160 -0.958028615 -9.95759293E-02
 978 0.443436831 0.222903565 -0.199435204 -0.162188172
 979 0.844844162 -0.495406747 -0.836371422 0.767767429
 980 0.803116858 -0.778694153 -1.15048504 -0.572735846
 981 0.407479376 1.12913108 0.299340010 0.716817260
 982 -0.414290041 -7.84662962E-02 -0.275726914 0.647413671
 983 -0.896344841 -0.246517435 0.313796639 0.920970559
 984 -0.370026857 7.84574822E-02 1.18123019 0.199057624
 985 1.33728707 0.860941172 -0.305791110 0.615488052
 986 -1.29715276 -0.260766119 0.841000199 -1.12537408
 987 1.10482740 -0.972185850 -6.52391091E-02 -4.28314060E-02
 988 -0.467602372 1.67551458 -1.17810011 -0.157649159
 989 -0.616818666 0.156511560 -0.732140660 -0.177218735
 990 1.23692417 -1.27731252 -1.69874012 2.66188234E-02
 991 -2.31265998 -0.188895434 -0.166762829 -2.86599435E-02
 992 -0.590101421 0.938510597 1.19112539 -0.507239282
 993 -1.28239512 1.77066791 5.55530488E-02 -3.05258278E-02
 994 0.487494111 0.197957203 -0.325828254 -0.531953692
 995 0.970840514 0.153864980 -0.379153907 -0.165739819
 996 -0.823183358 2.07173777 0.887617052 0.404161543
 997 -0.374279231 1.52249098 -0.474645108 0.564576268
 998 -0.216733605 0.847822428 0.239104927 0.592640281
 999 1.38504577 0.923335195 -0.319205999 1.12602317
 1000 -1.46553206 -0.255999476 3.14994305E-02 0.532225430
 1001 9.96096358E-02 1.59408998 0.457132161 1.28939927
 1002 -1.59095812 1.49726880 1.15353775 0.680716276
 1003 -2.13628078 -0.269853860 -0.588600278 0.130437419
 1004 -0.218869537 0.888335586 0.583017528 1.26136732
 1005 0.217754945 -0.169740707 -0.312127322 -0.499486208
 1006 1.84514129 -0.714727283 -1.15817213 0.256508023
 1007 -1.10946679 1.05894220 -0.773551643 0.435934484
 1008 -1.35139585 -1.14276063 0.569977403 0.594347358
 1009 -0.759768367 1.37190139 -1.43659437 4.36799899E-02
 1010 -1.12363029 1.43417323 0.131202698 0.582951188
 1011 -2.49532247 0.156306088 2.38627815 -0.163578615
 1012 0.718849301 1.36820114 -0.506420970 -1.16058028
 1013 -0.887464046 0.988401830 -0.136604220 -0.337994576
 1014 -0.432637900 -6.70944750E-02 1.55750966 0.185452029
 1015 -0.975026488 -1.80140615 -0.380992889 -0.598298669
 1016 -1.22036874 0.440129220 1.67236936 0.804562628
 1017 0.824891150 1.50309348 0.356815338 -0.511286855
 1018 -2.03059340 2.15119696 2.05580997 -0.600266457
 1019 -0.800028801 -0.277425051 0.581042290 0.572895288
 1020 -0.657949924 -0.624082327 -1.10331595 0.742939115
 1021 -1.25867665 1.85351336 0.164640933 0.497490227
 1022 -1.60912609 -8.48352462E-02 0.904355764 -0.816173553
 1023 -1.47560692 0.230025336 -0.443544596 -0.380147099
 1024 0.227965742 1.38245618 -0.417632252 0.283870637
 1025 -0.515231609 -0.548980474 -0.525026560 -0.219583780
 1026 -0.274669021 0.143767238 -0.750028133 0.688459873
 1027 0.703817487 0.938212931 0.307915360 -6.08054176E-03
 1028 -0.483537048 1.17185366 0.498471022 3.57525051E-02
 1029 -0.381236792 7.62697607E-02 0.550174832 -1.19256461
 1030 -0.129268825 0.438952208 -0.417278588 -1.29329479
 1031 -1.44703579 -0.151976973 1.26761460 0.701554477
 1032 -0.685623348 0.781071484 -0.683546424 -0.172792226
 1033 -6.37815222E-02 -8.26512277E-02 -0.624284983 -1.18906355
 1034 0.366671473 0.193497688 0.345966101 -2.53564048
 1035 2.56647921 0.283041805 1.26718974 -1.89105070
 1036 1.23736334 -0.212743461 -0.389933467 -2.89230347
 1037 2.09954333 -1.02333045 0.803723335 -2.73701048
 1038 0.919437110 -7.03574717E-02 -0.131123781 -2.79220438
 1039 0.639214575 -9.71640646E-02 0.568808258 -2.74578404
 1040 1.40457535 -0.598107219 -0.105055705 -3.13238645
 1041 1.95248592 -1.60076594 1.80210447 -2.29633331
 1042 1.89417851 -0.190260947 1.55387807 -2.89968538
 1043 -4.84844185E-02 -0.300101131 1.41818094 -2.72220469
 1044 3.13117862 -0.318321109 1.09426093 -2.74515557
 1045 0.544712722 0.240768462 -0.317063928 -2.38823533
 1046 1.35283947 -0.390869915 -1.15666282 -2.65654111
 1047 0.374048173 0.396334589 0.182940960 -2.42456722
 1048 -5.49834073E-02 -0.820166707 4.18878198E-02 -2.65980673
 1049 1.60617852 -0.674935818 1.54225373 -2.71302724
 1050 1.79260683 0.607091606 0.641687274 -2.33437181
 1051 0.392943829 -0.576985598 1.21819615 -2.37950897
 1052 0.825130403 2.11374760E-02 1.15991545 -2.37392473
 1053 0.600164771 -0.875889003 0.575595498 -2.53941846
 1054 1.16065431 -1.51595533 1.09904635 -2.45203066
 1055 2.14236569 -0.556909680 0.994580090 -2.99394560
 1056 -0.682947695 -0.408572674 0.656683326 -2.36394906
 1057 1.61287546 0.616347373 -0.398317158 -2.61145329
 1058 0.787182927 0.295300812 -0.295904607 -2.85735035
 1059 0.765900135 0.422050714 1.45335555 -2.14422679
 1060 0.997961640 1.20420083E-02 1.08980775 -2.52969456
 1061 1.36226892 -0.352522075 6.45915568E-02 -2.59782386
 1062 0.845249355 -1.11366069 -0.457675338 -2.44211960
 1063 1.90313160E-03 -0.252473474 0.826230526 -2.89098907
 1064 1.05412972 -0.358100593 -0.143091291 -2.48529005
 1065 1.44372976 0.242374033 1.11354887 -2.40401793
 1066 0.214118242 -0.578277588 0.847477436 -2.95513654
 1067 1.74084651 0.826303959 0.767905533 -2.85933399
 1068 2.46817613 -0.864450693 4.58213538E-02 -2.83961773
 1069 0.437434316 1.72908998 2.15604544 -2.93306994
 1070 0.635062218 9.83027667E-02 1.02200937 -2.58750129
 1071 1.29334152 0.903352678 -7.37124383E-02 -2.65260315
 1072 0.429776609 -1.50049138 0.590017259 -2.27518797
 1073 1.48152697 0.904718935 0.315016866 -1.38952744
 1074 1.16331923 0.375483781 2.66781545 -2.62183547
 1075 -8.73031914E-02 0.430876672 -5.84034771E-02 -2.37437701
 1076 1.48095548 0.203512043 1.85563040 -2.22427917
 1077 0.846763492 1.26353455 1.67585862 -2.16616678
 1078 1.64483428 0.691734731 0.991760373 -2.68234706
 1079 0.977913857 -0.578355491 -0.518026650 -3.06159401
 1080 2.29662585 -0.933005095 -0.957732558 -2.36524677
 1081 0.786372006 0.430337489 1.40895987 -2.77537203
 1082 1.73599327 1.75418806 -5.22162318E-02 -3.19254136
 1083 0.640224278 -5.96129894E-02 -0.857776999 -2.89265609
 1084 1.85429096 0.571157753 -0.793246388 -2.73352909
 1085 2.35021806 0.113385290 -2.58768126E-02 -2.67245007
 1086 0.924445927 -0.480999857 -0.603111327 -2.58689904
 1087 2.58811498 0.446616471 -2.01520610 -2.10955071
 1088 2.32346892 -0.723411858 0.329060972 -2.64755416
 1089 0.138294190 -1.08298433 1.50590777 -2.79654098
 1090 1.55508113 0.241750658 0.771727800 -2.26780653
 1091 1.58757007 0.238161206 -0.643011212 -2.75554156
 1092 1.75613689 -0.639692605 0.867504001 -2.50823140
 1093 -0.385715246 -5.65038808E-02 1.60287499 -2.61124063
 1094 -0.595321357 -1.29235125 -6.45119846E-02 -2.78744435
 1095 1.96022189 -1.71268463 1.12241542 -2.89612746
 1096 1.13138819 -0.703156412 -0.379856586 -2.81461859
 1097 1.66652083 0.694196999 -1.22516358 -2.88122630
 1098 0.307391524 -1.17230213 0.953535080 -2.80467486
 1099 0.617380500 1.45669293 -2.54791975E-03 -1.75955355
 1100 2.07635260 -0.414262325 1.27909005 -2.47497153
 1101 2.38638258 -0.599490285 -0.745769680 -2.88004184
 1102 2.76860571 0.499620110 0.829896212 -2.06470132
 1103 0.989396751 -1.32816136 -0.619390309 -2.03113985
 1104 1.67627335 0.209876478 0.441452563 -2.45613599
 1105 1.75407863 -0.286744535 -0.448948741 -2.91998029
 1106 1.34372187 0.149603695 -0.770230353 -2.68843412
 1107 0.358785748 0.570578694 0.979233325 -2.25046587
 1108 2.21501637 0.817186832 9.21970382E-02 -2.50720310
 1109 2.09127164 -0.175199062 -2.07575822 -3.08426857
 1110 1.08663476 -5.68283573E-02 7.79205561E-02 -3.00732446
 1111 1.93544292 -0.551091611 -0.664841473 -1.80922079
 1112 1.42293370 -1.04577351 -1.24107540 -2.93512917
 1113 1.40203929 -0.369829476 -1.19985199 -2.49228144
 1114 1.15009141 0.334877044 -1.45348668 -2.90389633
 1115 0.420900613 -0.133378640 -0.724802673 -2.91980886
 1116 0.905488074 6.34086132E-02 1.62678063E-02 -2.32625723
 1117 1.05567217 -0.786075115 8.90253186E-02 -2.74722958
 1118 0.805453002 -1.80421770E-02 -1.59143233 -2.08240438
 1119 1.52600443 -1.10472023 -1.06752241 -2.84875774
 1120 1.27487135 0.794708252 -0.348300487 -2.14332199
 1121 -0.127504095 -1.41318727 1.58234835 -2.76292443
 1122 5.78572676E-02 -0.958925128 2.11562395 -2.34755611
 1123 -0.199738771 0.118978202 1.25468087 -3.04187536
 1124 1.58992207 0.237478063 0.442886353 -2.79619527
 1125 1.38029635 0.433785170 0.667398989 -2.66023326
 1126 1.47569454 0.201256335 -0.241696715 -2.23960519
 1127 1.75593221 -0.372145474 -0.852079153 -2.71631861
 1128 1.36896169 -0.698705435 0.619762063 -2.29558849
 1129 0.982110977 6.96976334E-02 2.32434678 -2.80484152
 1130 1.48621535 -0.815137029 1.34912241 -2.21844220
 1131 2.88493252 -0.124248460 -7.78225362E-02 -1.77364099
 1132 -0.107266411 -0.184741169 0.593722582 -1.81265104
 1133 1.43101490 -1.94479930 -0.469947368 -2.67462993
 1134 1.97381628 -0.266673982 1.12405181 -1.78425121
 1135 1.88508070 0.548917055 -1.23846626 -2.74271035
 1136 1.70057321 5.89028597E-02 1.19940090 -3.11845970
 1137 3.39297986 -0.180693001 0.827052593 -1.76129389
 1138 0.921472430 0.103060573 -0.531355262 -2.84474397
 1139 1.38829815 -1.27630389 -0.552257776 1.51270998
 1140 1.45507109 -1.91030228 -0.183424547 1.37402964
 1141 1.48382206E-02 -2.76142836 1.87893379 0.661094666
 1142 2.03906369 -2.20402360 1.20068145 0.430347145
 1143 -0.443384022 -0.369086027 1.80531991 0.470381409
 1144 -0.212949470 -0.369536281 0.671943545 1.47018719
 1145 1.57947707 -2.50870991 -1.87892330 1.37257326
 1146 1.29809558 -1.13573718 0.887220263 0.364454150
 1147 -1.14332736 -2.80635571 1.87298369 0.380958021
 1148 0.167300954 -1.25536644 0.242802575 1.15736294
 1149 1.39985323 -1.57511330 2.70591229E-02 0.470172256
 1150 -0.936326623 6.92159235E-02 1.32250798 0.431520373
 1151 1.34395242 -3.11359906 -1.88109517 0.643383503
 1152 1.07143557 -0.627185583 0.601929367 -0.431754917
 1153 -0.450875789 -2.28118253 1.52831364 2.15746450
 1154 -0.182660490 -1.60673702 2.22713208 0.648480773
 1155 -0.151338309 -1.72350073 1.85130167 0.334680468
 1156 0.253104448 -1.54970717 0.880775452 0.536335468
 1157 1.18239582 -2.34237576 -0.480830967 1.51824546
 1158 0.406401783 -1.65837598 0.764263690 1.37450063
 1159 0.363088787 0.101342209 1.02366352 1.14552212
 1160 1.14875591 -0.210594267 1.80072463 1.29143298
 1161 -0.849308252 -0.890155017 1.56851411 0.469352543
 1162 1.30777419 -0.786081314 -0.573467016 2.39076638
 1163 0.864354908 -2.56261086 -0.540095508 0.491043448
 1164 0.904386520 -0.165878505 1.35664189 0.903901458
 1165 -0.330145836 0.366050124 2.76551461 0.506617725
 1166 -1.05036521 -0.108360976 -0.412546933 -0.219644159
 1167 1.01905024 -0.979603410 -1.05711627 1.21037138
 1168 1.16848826 -1.13664770 0.126165047 0.483313769
 1169 0.358749151 -1.35919774 1.34813499 2.24574542
 1170 -0.487359256 -1.38740563 0.875239789 0.513937533
 1171 -0.577280700 -1.57332015 2.02469802 1.55808520
 1172 0.769829690 2.33057290E-02 0.548052430 1.42925680
 1173 -1.29263306 -1.22761548 1.52811635 0.392680705
 1174 -0.605058432 -1.09795821 1.72658288 1.08131313
 1175 1.95325840 -1.46578884 0.495682031 1.96058834
 1176 -1.01737142 -2.68924117 1.57906854 1.30954397
 1177 1.19106519 7.25944340E-02 0.231683001 0.638414085
 1178 0.939942837 -2.17060113 1.75837898 1.41592753
 1179 -0.344249904 -0.698366284 0.613658190 0.548038661
 1180 0.256535828 -1.68521023 0.128663197 1.12027669
 1181 0.378953844 -2.03619075 0.368344426 0.679831982
 1182 0.617279112 -1.94087577 0.729256868 0.415442973
 1183 0.340466470 -1.98694181 -0.515414894 1.52250230E-02
 1184 -0.624632835 4.67630625E-02 -0.200420082 1.21598589
 1185 1.47076964 -1.72361040 0.877383053 1.14871919
 1186 -0.351493329 -2.18957090 -0.499471426 0.436093271
 1187 0.482943803 -1.41685486 1.11444294 0.498584658
 1188 0.436524212 -1.63856161 2.14071536 1.52501416
 1189 0.506221414 0.123192877 0.759248912 1.21604967
 1190 1.19641328 -0.757258713 1.46360242 0.404021651
 1191 1.37155974 0.226976678 0.192411870 -0.470911860
 1192 0.894386530 -1.49523664 2.40789509 -0.522827327
 1193 0.772127509 -0.261551499 1.67892814 1.46116650
 1194 0.515566528 -0.159319162 -3.84826139E-02 0.335195422
 1195 -9.67139602E-02 -9.20464993E-02 1.76340222 1.71919429
 1196 0.533915043 -2.55197740 1.30928791 1.61859632
 1197 1.75934434 0.235434398 1.74459004 1.38575304
 1198 -8.51257145E-02 -0.599659324 0.541516006 0.618131876
 1199 0.747383416 -1.27502787 0.618884146 0.237138480
 1200 1.19943333 0.654648721 1.07446468 -0.248976961
 1201 -0.251035631 -2.05784607 0.110877469 0.492282182
 1202 0.321155936 -1.17625821 0.596123815 0.931377769
 1203 -0.949845791 -0.825740457 1.82286918 1.49700356
 1204 0.296704710 -0.400200069 0.176853418 2.22704530
 1205 0.271309614 -2.15810704 -0.491412014 1.05776417
 1206 1.26508164 -2.10211635 -2.44948566E-02 0.578050613
 1207 2.42646050 -2.72361588 -0.125314310 0.627427399
 1208 0.186901376 -0.894972444 -0.203731894 -0.451177806
 1209 1.04058236E-02 -0.817662120 2.36334324 0.401417792
 1210 -0.873230457 -2.11634326 1.73118043 -0.307698518
 1211 1.12555563 -1.53769004 0.236123249 0.719745696
 1212 0.293648452 -2.25951767 2.04246950 0.428895712
 1213 -0.616721809 -2.09924459 1.52959979 1.34712183
 1214 1.26608014E-02 -1.77970839 2.77970552 2.06056428
 1215 1.06231081 -1.62276435 0.759734511 -0.754446626
 1216 -0.218439609 -2.06680894 0.323571384 2.03015375
 1217 -3.17015909E-02 -1.96808243 2.23134804 1.13337016
 1218 1.26322842 -2.32942390 0.229772300 -0.373086691
 1219 -0.403467298 -2.32364082 3.83326709E-02 0.973985732
 1220 -0.767484963 -1.65357280 0.840599895 0.313639581
 1221 -8.79272521E-02 -1.03427625 0.701028585 0.387010038
 1222 -0.986829877 -1.35094452 1.09156728 1.44470668
 1223 -0.269437104 -2.05314112 1.67436266 0.733211994
 1224 0.517497659 -1.33115101 1.26008248 0.525918484
 1225 1.04412884E-02 -1.50927520 0.798183203 1.44892645
 1226 -0.757922351 -1.39573073 -0.537087202 -0.122992992
 1227 0.279931366 -2.14003444 0.851844430 1.54429817
 1228 -5.20428233E-02 -0.295141339 1.63424265 0.143795520
 1229 -3.92515063E-02 0.127252340 0.337137520 1.30131674
 1230 -0.373927832 -2.18903327 -0.305929333 1.29643011
 1231 9.36733037E-02 -1.41612363 0.195230484 -0.301319450
 1232 -5.62680792E-03 -1.93399370 -0.659372091 2.18360925
 1233 -1.04307938 -1.12797678 0.112188682 0.538717747
 1234 0.894236445 -1.59855497 1.57791972 1.18233550
 1235 1.47647715 -3.39290786 -2.36914730 0.703989685
 1236 1.14824617 -2.94607162 -2.48527288 -0.487576663
 1237 2.28529167 -1.56508851 -1.26787889 0.682185888
 1238 0.850275099 -2.18726254 -0.907699585 1.30486262
 1239 -0.552204490 -0.864915013 0.212422743 -9.22372639E-02
 1240 -5.10942936E-03 -0.314845324 -0.719679952 2.47148967
 1241 -0.133780763 -2.59210157 -0.835704446 1.34437370
 1242 1.12682283 -1.77436900 -0.968916118 0.285795033
 1243 0.370636553 -1.05662549 1.94302273 0.401942611
 1244 -0.595761061 -1.76533008 0.971793711 1.37364125
 1245 0.833317101 -0.480747938 -0.393293202 0.211788505
 1246 0.230784029 -2.36618352 -1.08998466 0.580980182
 1247 1.60032690 -1.62664509 -0.345965445 -0.244857073
 1248 0.628726482 -0.217277333 6.87150806E-02 0.552552044
 1249 0.564289451 -1.71415603 0.403827310 1.48287463
 1250 0.692339480 -2.00628352 0.481183439 1.40374982
 1251 0.773145854 -1.36482000 2.16076732 1.47169304
 1252 0.556436777 -1.61850441 1.86299300 0.332024515
 1253 -1.02911019 -1.97720265 1.67707765 1.35934126
 1254 0.482561976 -2.33017921 1.22494483 1.29440951
 1255 -0.234399050 7.38911778E-02 2.22348642 1.41866159
 1256 -0.297993243 -2.72367454 -0.106286407 1.40707183
 1257 0.729190171 -0.909893990 0.507701993 0.709727168
 1258 0.230989188 -2.01890302 0.914725423 1.42047822
 1259 -3.77392210E-02 -2.51392841 0.186938256 1.45517099
 1260 1.48883986 -1.57434225 0.412281990 1.37465239
 1261 0.161137313 -0.109017774 0.437120944 0.477328509
 1262 0.938932419 -1.96379125 0.380065560 0.979807734
 1263 1.61615026 -1.85508692 0.562771678 1.02318978
 1264 0.678747714 -2.16436434 0.481328607 2.59418607
 1265 0.422100067 -0.385034293 1.48536193 -1.24508643
 1266 0.151026160 -2.11966705 1.40638876 1.26029336
 1267 1.04102588 0.235843509 0.935996115 -0.104625553
 1268 -0.553398669 -0.230367899 -0.103203617 2.34186745
 1269 -0.309025973 -2.78165746 0.936013520 1.38374913
 1270 1.88214493 -1.84225321 1.59164739 1.14602304
 1271 1.73483026 -2.15962481 -0.290821850 0.508546591
 1272 -2.06867123 -1.29770327 1.05093026 0.441154271
 1273 -0.159044266 -0.205522299 1.01674867 1.12886655
 1274 1.32679319 -2.14082479 -2.18282485 1.41594458
 1275 0.160514161 -1.51424098 -0.463293165 0.444569767
 1276 1.36206913 -1.34889674 -0.578683436 -0.229773194
 1277 -0.488255709 -0.112347126 1.23203564 1.30150354
 1278 -0.310351253 -1.41515887 -0.884142280 -0.539996147
 1279 0.171421334 -1.17770708 1.30969667 1.46226192
 1280 -1.68622088 -1.43212080 1.79944921 0.608188033
 1281 0.960143983 -3.39401531 -1.68611097 0.474047750
 1282 1.47682810 -2.12831640 -5.91103137E-02 1.05697834
 1283 0.884381115 -1.75011885 -0.974884152 1.43169451
 1284 0.603080153 0.599881172 -0.730735421 1.48752785
 1285 -0.481920034 -1.46286118 -0.120082408 0.513364255
