 1 -1.35459614 -1.03781104 -0.559610605 -2.07586670
 2 0.171030670 0.661132216 0.673473239 0.838540792
 3 1.35636091 -0.387034088 -1.30209744 0.634733558
 4 -1.49914825 0.101578847 1.76009941 0.791625500
 5 0.992003143 0.529233098 1.93685031 -0.229065061
 6 -0.189985111 1.46622908 0.381344289 0.538994551
 7 -0.552491307 0.564607084 -0.535710335 0.604092062
 8 -1.15070987 0.614874482 0.436946929 -1.66018414
 9 -1.17073131 -0.302327961 0.828475893 0.444339395
 10 -1.03160739 -0.688760400 0.365867168 0.832818031
 11 0.935641050 1.35425889 1.45064521 0.788649797
 12 -0.791419506 0.980948567 -1.90842450E-02 -2.19525825E-02
 13 -0.362690926 7.79040456E-02 0.668877721 0.245960891
 14 -0.495925784 -0.227821484 -0.567696512 -0.162538603
 15 0.849840879 3.12430859E-02 -2.38163328 0.162600785
 16 -0.699675202 7.57026970E-02 0.986453891 1.11865115
 17 0.605339348 1.44353878 1.02841496 0.611504853
 18 -0.145490468 1.89280891 -0.743419945 0.693785548
 19 0.523558259 -1.52150965 4.71111238E-02 1.31849992
 20 -0.697290957 -0.720068395 0.706058621 -0.100563839
 21 9.27375704E-02 0.152964264 -5.82764074E-02 0.351255506
 22 -0.407814592 0.861157894 0.593591809 0.443331957
 23 -1.51845145 0.861726940 1.73153746 0.533203185
 24 -1.09699440 -0.428423643 -3.03945690E-02 -0.441859573
 25 -0.344777465 -1.12823796 0.566290081 0.841266334
 26 -0.356516898 0.833506227 0.707345128 0.694944918
 27 0.870244861 1.54647470 0.818643570 0.364643574
 28 -0.293501437 1.04865503 -1.17906475 -0.191233203
 29 1.85407388 1.92160845 0.130143434 0.182933837
 30 -0.218325123 -0.330399513 -1.25128841 -0.239861354
 31 -0.581277966 1.44208622 1.05175447 0.666627705
 32 -0.881632447 -0.359992921 1.01349759 0.926655054
 33 -1.70618445E-02 1.52437592 4.46946621E-02 0.115740098
 34 0.204098463 0.824166298 -0.214358896 0.651787996
 35 0.538677454 0.832588494 0.248725787 -0.272225589
 36 1.03767276 2.97959924 0.682445765 -0.209999204
 37 0.325808227 1.88074422 0.264375687 -0.107354119
 38 0.199057534 0.630768776 -0.514211893 0.375479221
 39 -0.491245091 -7.33604431E-02 0.597311378 -1.58811355
 40 -2.18044353 -0.960474074 0.932640851 0.748910666
 41 -1.44963253 -7.16525540E-02 0.708618045 -1.24107134
 42 -1.19678259 2.09211278 -0.833390832 -0.804772794
 43 -1.40092337 0.720482886 0.812591076 -1.06450248
 44 -0.800029695 1.66466427 -0.996711671 -0.160062298
 45 0.187882543 1.82543433 -1.36482644 -1.72270203
 46 1.07171554E-02 2.59321570 -0.156414077 -1.83216381
 47 -0.795445085 1.01904321 1.03141427 -6.79224730E-04
 48 -0.309672147 -0.585792065 -0.250260204 -0.963357985
 49 -0.982176840 0.684413731 -1.63803196 -0.836528301
 50 -0.668815613 -0.294723272 -0.265774757 -7.54843354E-02
 51 -1.04213500 0.793334782 -0.362038493 0.755531192
 52 -0.820225000 -1.03286755 -1.41005027 -0.908786118
 53 1.47095525 -0.364565432 0.934584618 -2.00678222E-02
 54 -0.930031419 -0.455194831 0.582213104 -1.06618094
 55 0.781705201 0.614544630 -1.29909265 0.480929106
 56 0.588090181 -0.378903121 0.593280613 -7.36634731E-02
 57 1.11846209 -2.01966524 1.07908118 0.274408013
 58 -0.203885347 1.07918370 0.313576251 -0.217462659
 59 0.826086402 -1.33373570 1.33686340 -1.77027023
 60 -0.651487947 0.812620938 0.523520648 0.557485759
 61 0.365598768 1.40790486 -1.29991877 5.85606731E-02
 62 -1.01377988 -0.915800333 -7.83414096E-02 0.903369546
 63 -1.07612753 -0.404882014 1.62289965 0.126287520
 64 -1.31723320 -1.03497505 1.00675964 0.519390583
 65 0.234149605 0.339233160 0.435340166 -0.158903837
 66 -1.55467069 0.646978378 -1.29204857 -5.84219918E-02
 67 0.743070245 0.862327337 1.95114827 0.656656981
 68 0.405441850 1.01614189 0.329559088 -0.247433305
 69 -1.09223568 -0.343012393 -1.01836848 -1.75964952
 70 0.153805643 0.921712279 -0.295557112 -1.37860727
 71 -0.959763169 -0.423792124 0.161401823 -0.343426645
 72 -0.631219745 1.58530629 0.279290318 -1.41407537
 73 1.41091764 0.252645820 1.45049930 5.80997132E-02
 74 -0.632435501 1.45486331 0.340352029 -0.355039924
 75 0.106383398 2.19506574 -0.196415901 -1.63400030
 76 -1.79087090 0.624853730 0.707089663 -0.264897853
 77 -0.790412426 -0.871853113 0.244201824 1.29500163
 78 0.608240187 0.623900771 -0.544110775 -0.271934390
 79 1.15688241 0.156963110 0.594348133 1.08672631
 80 0.945011616 1.99408841 0.181368366 0.182970196
 81 -2.11220765 0.289431661 0.849790573 0.210554942
 82 -1.82124317 -0.944130599 0.584347486 0.744943261
 83 0.410255879 0.819728553 -0.986022055 -0.260636538
 84 -1.23808300 -0.956427097 0.708130658 0.135088727
 85 -4.38699499E-03 0.310583174 0.587338865 -3.23629677E-02
 86 -0.778198779 0.768433988 1.37711930 0.689558148
 87 -0.723980308 -0.189153761 -5.73225915E-02 0.405387789
 88 -3.76155786E-02 -0.489464939 -2.30235863 -7.13902414E-02
 89 -0.712238193 -0.723683596 -0.686640024 -0.104939193
 90 -0.427061260 1.41920471 -2.08430886E-02 0.564722896
 91 -1.93816555 1.05942428 -1.84749496 0.168858871
 92 -0.903121233 -0.895482361 0.230956241 -1.80032492
 93 -1.37657678 -0.204228699 -0.217892647 -0.299847007
 94 -0.779316545 -0.308953315 0.456945837 -1.22715604
 95 0.420092016 -0.469025135 0.514180660 0.735171318
 96 -0.712591290 0.892991900 0.713410199 7.21456707E-02
 97 -9.33130533E-02 -0.219601259 -1.73599124 0.360670805
 98 0.622499168 -0.776729167 -0.656386554 -0.133978903
 99 0.335240602 -1.29434812 -0.925582767 0.639729917
 100 -0.474936455 -0.750359178 -0.769552946 -0.203905761
 101 -0.673520029 1.08815706 -0.270779669 0.723117471
 102 -0.733454108 1.10782385 1.95766926 0.710837722
 103 -0.659448206 1.08250153 -4.95266914E-02 -9.28339511E-02
 104 0.513656914 -0.352472693 -0.355691254 0.768297076
 105 0.745181680 -0.570887923 -1.31151927 0.320539534
 106 -0.572481990 -1.00462174 1.71371126 -1.83312058
 107 -0.638942480 -0.593124747 0.742673278 -1.61892223
 108 -1.90609062 0.176832676 1.46842730 -1.10392213
 109 0.522301733 -1.04055607 -3.10630631 -1.27412915
 110 -1.18279505 0.280676901 -1.51070046 -0.135405943
 111 -0.974837363 -0.637709677 -0.889554858 0.212974310
 112 2.20311284E-02 -0.854264259 -0.159671172 0.222724825
 113 0.398593336 -1.20377100 -1.10957801 0.994581223
 114 0.321743906 -1.21109712 0.785784543 5.17275706E-02
 115 -0.470833719 -0.324470431 0.749849558 -0.226478755
 116 0.935102999 -0.158729658 -0.167481527 -5.20974398E-02
 117 -2.09470391 0.614352703 0.977641940 -1.46045840
 118 -1.01685071 -0.215325028 -0.706477880 -1.85246289
 119 -1.50420976 0.500468969 0.744124353 1.09358358
 120 -0.183681235 0.211313337 1.17303336 -1.69138265
 121 -1.03549647 -0.411678016 -0.581694245 0.374357820
 122 -1.52051353 -0.496199459 -1.16221642 0.216592893
 123 -1.71200395 0.575441957 -0.432413667 5.82538582E-02
 124 0.273765445 -1.05186069 -0.830495119 -0.170107275
 125 -0.666918397 0.321600288 2.50985622E-02 -0.157980427
 126 -1.16159022 0.508779526 -0.956191301 -1.71351683
 127 7.28375018E-02 3.28081548E-02 -0.115591064 -9.47333276E-02
 128 -0.381023914 0.717983484 2.14624405 -1.66603410
 129 0.509152949 0.723745763 -0.162180305 -1.41047108
 130 0.611666381 -7.67404810E-02 -1.03433549 -0.234046340
 131 1.13674593 1.04094446 0.705372691 -1.25068831
 132 -1.09923935 -0.310224921 2.40046525 1.17477596
 133 -0.148026049 3.11087751 1.31050932 -3.28840911E-02
 134 -1.60648346 -0.271294355 -0.665172696 0.316672266
 135 -0.623181701 0.853997588 1.93483198 -8.71956870E-02
 136 0.603883445 0.682633281 0.454851002 -0.394252449
 137 -1.36302006 1.04418993E-02 1.32831502 0.570065498
 138 -0.152350813 0.447076321 -7.13684484E-02 0.866367936
 139 -0.447462052 1.58183336 -1.41939723 -1.48710087E-02
 140 -1.67466688 -0.183635145 3.64522934E-02 0.439503610
 141 -0.266577184 0.303468257 0.826359570 -0.228548720
 142 -1.22127748 -0.282951325 1.44159842 -6.16318919E-03
 143 0.209904656 2.55348849 -8.31695944E-02 0.402024388
 144 0.887995124 -0.436834514 -1.99535894 -7.22589344E-02
 145 -1.41769552 -0.195907146 1.40131032 0.841815829
 146 -1.53080690 0.220837027 0.888012886 0.252789110
 147 -0.889585614 -6.32002354E-02 0.314914405 -0.633897305
 148 -0.784467340 -0.408909559 1.08076322 -0.137342587
 149 -0.851575136 0.467280269 -0.519168079 1.07537758
 150 -0.161563963 2.43504357 -0.458462983 0.142024651
 151 -0.904505253 -0.414321095 -0.895382285 -0.253158331
 152 -0.177750006 -1.11703300 3.51596594 -0.226222724
 153 -0.243124872 0.956644058 -0.162762582 -0.145032510
 154 -0.682146251 1.02240396 0.965322256 4.31237444E-02
 155 -8.38968456E-02 1.38232327 1.46166289 0.444574416
 156 -0.865751088 -1.37820169E-02 0.378630042 -0.518476367
 157 -1.48775578 -1.05692255 1.10422754 0.654327512
 158 -1.53024876 7.38797411E-02 -1.07587981 0.855990291
 159 0.630847454 1.42805839 -4.31613624E-03 -7.94333220E-02
 160 -1.14957714 -1.24917436 -0.703720689 0.542869210
 161 -0.139705911 1.24642897 0.837276220 -0.168514669
 162 1.31725502 1.38986397 -0.739771247 4.68013510E-02
 163 -1.60034323 -0.199765980 1.08513427 0.773027539
 164 0.474015325 1.02940142 -1.05179858 -0.230720401
 165 0.486330599 -0.493665159 1.80965364E-02 -3.09524592E-02
 166 0.464481264 0.535361052 1.86552703E-02 0.776654005
 167 -1.82120895 0.251184434 0.583697319 1.46592724
 168 -1.53819609 0.959897399 0.188417807 0.250141770
 169 0.153569624 1.61100423 1.67313671 0.110340916
 170 1.90003943 -0.576597929 0.900717020 -0.287733704
 171 1.22046065 -1.67321181 0.787905693 -0.233630717
 172 -1.61772108 -1.00867772 1.37360108 -0.166164964
 173 0.779004514 0.234412968 -0.960822105 9.33371559E-02
 174 1.31902099 -0.400880307 0.829122007 0.722802043
 175 0.507964373 -1.64937913 -0.588278651 0.122926444
 176 -0.518938541 -0.356491596 1.29277778 0.856484294
 177 -1.30305517 1.01872540 1.90544868 8.88680890E-02
 178 1.08229709 -0.620551944 0.212950870 -0.206439883
 179 -0.492326319 0.533769011 0.944465935 0.284146965
 180 0.338416547 -0.348350883 0.219262779 -0.461769462
 181 0.330014408 0.455806553 1.38913655 0.423770547
 182 0.499111176 1.95975852 -1.02647460 0.158386707
 183 -0.119803905 0.816827893 1.71574092 0.673083603
 184 0.578531861 0.242963374 0.734614372 -0.170838013
 185 -0.722437859 3.47355902E-02 0.204256311 7.70480856E-02
 186 -9.74856317E-02 0.195714012 0.715183854 0.526850045
 187 -0.395903677 0.453218728 2.72842813 0.217513651
 188 -5.22629637E-03 2.13443804 0.518406749 -0.195905954
 189 -0.598339319 -0.431867003 0.367696315 0.476030111
 190 0.824120522 0.511351824 0.640699089 -0.518372178
 191 1.08282185 -0.265784562 -0.204934627 -4.72598821E-02
 192 1.08275497 -1.48028541 1.92737317 0.797141075
 193 1.25871503 0.318833411 1.48787165 0.181823909
 194 -1.22546470 0.799777508 0.649005175 -1.29441500
 195 0.115418300 0.227231503 0.420669436 -0.119734578
 196 -1.44795084 -0.760752797 -0.164083406 -0.490053594
 197 1.54914057 -2.39651371E-02 1.74345624 0.736088812
 198 0.594930828 -0.316127777 2.66190124 -0.106546588
 199 -4.18013260E-02 9.57679600E-02 -0.745039940 0.337149560
 200 -4.08972353E-02 2.42968702 -9.77723300E-02 -1.71644425
 201 0.216190055 0.846191406 0.504132926 0.522738516
 202 -1.02470672 -8.13372284E-02 1.15326047 0.153734446
 203 -0.389339358 2.03691912 -1.32614386 -0.878450513
 204 1.46372449 -2.11121488 -0.990606070 -0.429712713
 205 -0.167291328 1.74574590 -0.896143496 -1.21482944
 206 0.436982870 0.530270040 0.715700805 1.42214990
 207 -2.02186108E-02 -0.604568124 0.158004791 0.522678614
 208 -1.54769969 0.430378586 0.339989245 0.661731482
 209 0.124697357 -0.141880840 -5.29073775E-02 0.449479967
 210 -2.81717587 -4.96010855E-02 3.96684706E-02 0.538003683
 211 0.231169492 0.215190470 -1.09458673 -8.72370377E-02
 212 -0.638698697 -0.595773518 1.66172147 0.586050749
 213 0.256697685 -0.527961612 0.166609645 -3.65602449E-02
 214 0.694405735 1.28450310 -1.44431472 3.23017761E-02
 215 -1.10941386 -0.575568855 -0.683108449 0.270318151
 216 0.436079323 0.168774366 -1.32454717 0.194690108
 217 0.233882383 -0.668936968 -1.15635037 -0.236055672
 218 -1.47189951 -0.267882288 1.21766925 0.463952094
 219 -2.42917418 0.478560716 -0.375539899 -1.48574829
 220 -0.919315159 -1.98510242 -1.04557025 -8.72581378E-02
 221 -2.16668105 -0.916500628 8.68448168E-02 -6.57828897E-02
 222 0.529381692 -2.19000578 -0.106121756 0.561769903
 223 0.629646063 -0.641802073 1.04597318 1.12322159E-02
 224 0.410312206 2.03092551 -1.03242302 8.44319016E-02
 225 -2.75556035E-02 0.867826104 0.813005567 0.322142988
 226 0.238897607 1.62252104 0.879009306 -8.23308527E-03
 227 3.34430672E-02 1.42544210 -0.479384512 7.01838359E-02
 228 0.961572468 0.100846082 0.316162378 -9.09312293E-02
 229 0.470558584 0.614771962 1.85366762 0.148343951
 230 -0.767990947 0.503579259 -5.31545430E-02 -0.966313720
 231 -1.84621513 -1.18214655 -0.657013237 0.542209923
 232 0.846480012 -0.411033601 0.186962590 -0.369740576
 233 -1.01620913 0.522871494 -0.146306649 -0.349961579
 234 0.102641925 1.00416613 -0.385392368 -0.390440047
 235 -1.19211638 -2.01052570 -0.431220442 -2.32497263
 236 -1.09191144 1.36727524 -0.207819462 -1.50226653E-02
 237 -0.777297139 -1.18227327 2.00011253 0.514291704
 238 0.824433446 1.41096830 0.716066539 0.622162938
 239 -1.99225771 0.575714767 -0.132981539 0.781183004
 240 -2.14111972 0.621871889 -4.75467220E-02 0.124680869
 241 0.442071408 -0.936215341 1.90236139 0.538073540
 242 -0.994551718 0.358543307 -0.800384641 0.521974981
 243 -0.740178764 1.44928718 -0.730373144 0.345426053
 244 -0.228680432 -0.432969570 -1.35636151 -0.988046288
 245 0.426291347 0.699590206 0.101792939 0.117897183
 246 0.663400590 0.620081902 1.47234082 -3.27551812E-02
 247 -0.714264870 0.942042232 2.28263330 -0.934668422
 248 2.12966688E-02 -0.663116395 0.966942132 1.30452800
 249 -0.809638083 1.16790819 0.206303388 0.446603924
 250 -0.656423509 1.73347306 0.356776595 -0.177768141
 251 -0.917881250 -1.30721426 2.08785748 0.605809808
 252 0.187015235 0.539183736 -5.03969789E-02 1.16577971
 253 0.373365462 0.175138324 -0.319916159 -5.55842631E-02
 254 -5.85982203E-02 0.493520796 0.736545086 -0.269239932
 255 -0.232794464 0.972806334 0.203343481 0.866190314
 256 -1.94506013 1.09508705 0.127592653 0.396710694
 257 -0.305369318 0.803754449 1.19312429 -1.63270545
 258 0.745482862 1.43761206 0.570224464 -1.41512835E-02
 259 0.534646034 -2.14808369 -1.31298018 -2.38699794
 260 6.76434338E-02 0.315824270 -1.07171249 0.822780550
 261 -2.70803422E-02 0.676721931 -0.183609962 1.25695908
 262 -1.32475817 -0.618723869 -6.43000286E-03 0.896268964
 263 0.178685814 -0.286559939 -0.874654412 1.30524822E-02
 264 -0.936553121 1.67906439 2.79409811E-02 -9.66292322E-02
 265 -0.680366993 1.27763331 0.656206250 0.629318416
 266 -0.268245697 0.858785987 -0.190952450 0.620182931
 267 0.828285754 -0.218113542 -0.547933102 0.276852757
 268 0.451968014 2.13591766 -0.492771894 0.547483742
 269 9.41717774E-02 0.835860610 -1.07452703 -0.249336749
 270 -0.840684056 0.827590823 0.467976034 -4.23951745E-02
 271 6.68033957E-03 -0.130442798 -1.50408256 -3.18637395
 272 -1.13664412 -0.391681641 -1.39348793 -0.686185479
 273 -0.960127056 1.08632624 -1.64566374 0.614920557
 274 0.632077038 0.632642329 -0.801140904 0.362690866
 275 -0.882078290 6.91958442E-02 0.420952499 0.376830190
 276 0.996456861 1.25562906 -1.53302920 0.987131596
 277 -0.733022869 -0.646796405 -1.17671525 7.85567090E-02
 278 -1.09861994 -0.468697816 1.54772139 0.461322367
 279 -0.458405614 0.263372749 0.921186566 0.183159307
 280 0.531798482 -1.59296358 -1.11096311 -0.857712448
 281 -0.245810077 -0.344273925 -1.38864398 0.442339301
 282 -5.89772686E-03 1.72160935 1.38001907 0.469801515
 283 -0.896589100 -0.110140450 -0.496604443 0.632002771
 284 -0.207926869 2.67543745 -1.14124477 -0.228389680
 285 -0.625672400 -0.445823967 -1.84724724 0.689236701
 286 -1.34205592 -2.06295586 -0.885654986 -1.09566855
 287 0.184843883 -1.37093806 -1.13626313 -2.13585272E-02
 288 -1.22156191 -0.473571002 -0.198113412 0.266262233
 289 0.476920336 1.34316230 -0.179982081 -0.138632342
 290 0.152473375 0.673349023 -1.59057558 -1.77474964
 291 -0.746430755 0.154490381 -1.11414480 4.06184569E-02
 292 -0.367154539 0.451982319 -0.419007987 0.522915781
 293 -8.30562115E-02 -1.00492489 -2.09643745 0.626536250
 294 -9.28314775E-02 0.616126180 1.52660418 -2.00884485
 295 2.34193945 -1.28836942 1.79266310 2.33274549E-02
 296 -0.840415657 0.150886476 0.517488658 -1.23746002
 297 -0.879171789 8.47720802E-02 0.319228053 1.18988228
 298 0.998882294 2.95931846E-02 0.194803923 0.237518132
 299 0.285765082 0.118081719 -0.885583401 -0.156826690
 300 -0.711737037 0.420027345 1.05613160 0.471033752
 301 0.113963038 -0.478108227 0.974170268 -0.943747759
 302 -0.521573782 0.323906749 -1.06045222 5.81101850E-02
 303 -0.728424489 -7.36668110E-02 1.63622475 6.85828924E-03
 304 0.256258965 0.475774348 1.40126824 -1.56465745
 305 -0.263775855 3.34200189E-02 -1.88798475 -0.179763332
 306 0.375907600 -1.35389876 -2.57159781 -1.61330247
 307 -1.28832054 -1.15438974 0.542894959 -2.48657227
 308 -0.530709982 -0.872858763 -0.757852733 -1.58561563
 309 -0.169602856 1.77442932 1.31097090 -7.30947778E-02
 310 -0.329792082 -0.393193364 -0.421923190 -2.14978909
 311 -0.781523108 -1.52642047 -2.24696445 -1.52662611
 312 -1.50001752 -1.62596214 0.758773923 -1.80641484
 313 0.111446038 1.79625452 -0.197934121 -7.09811747E-02
 314 1.48111367 -0.724473953 -8.94756019E-02 0.565182447
 315 -0.505586982 -2.50768256 -1.64401853 -1.59212625
 316 -0.435720295 -1.61304808 -0.188030109 -0.225014642
 317 9.29643512E-02 1.11349499 0.524797320 -0.963579059
 318 -0.722981632 -1.29863775 -0.716802001 -0.348407418
 319 0.521307111 -0.436220050 -0.960998356 -7.61833787E-02
 320 0.162494153 -0.529107392 -1.54880083 3.11108157E-02
 321 1.36767662 -0.933016896 0.303273737 -0.264697462
 322 -0.563925028 0.393673927 -1.16629326 -0.480109990
 323 -1.14020854E-02 -0.612047136 -2.10884190 0.740626335
 324 -0.594950199 0.993182242 1.00718665 -0.118693359
 325 -1.40039086 0.668666065 -1.10906506 0.840383530
 326 0.417406768 -0.582796395 -0.499358267 -1.18441701
 327 -1.48125005 -0.768072248 1.84846926 0.640748620
 328 -5.81483841E-02 -1.15727782 1.05413985 -0.719024539
 329 1.36195254 -1.43081200 -1.38589978 -2.29642749
 330 -1.32010007 0.686036587 1.09106302 0.884613633
 331 -2.89472193E-03 -0.745274901 0.219984010 -2.77039504
 332 -0.843243659 0.669668853 1.04016435 1.49892378
 333 1.13344920 -0.391544610 1.03451014E-02 0.954054475
 334 -0.220125973 0.130357727 -1.83551741 0.476597011
 335 0.536649287 0.925652802 -0.216470718 0.377494693
 336 -0.100035310 0.127641544 -0.582059920 -0.722828865
 337 -2.44791603 0.492143452 -0.500763595 0.645240903
 338 -0.340232879 -0.552694082 -0.129252344 0.644084990
 339 -1.06274748 0.369778395 0.293753058 -1.53659928
 340 -0.690669537 1.95062852 -4.28384542E-02 -0.261895627
 341 -1.33103526 0.328006715 -0.176979512 -1.41420925
 342 0.442413718 -0.844987631 1.24423051 0.156105250
 343 -1.15304041 -1.99839866 -7.88350552E-02 0.717092276
 344 -1.41121624E-02 0.674379408 -1.63053453 0.174240321
 345 -1.44334161 1.03306770 1.55161297 0.764117420
 346 0.845632434 -1.51562750 0.825669646 -0.483912885
 347 -0.120986111 0.677239895 0.674720585 -1.30037653
 348 0.750091076 1.41259491 0.285236210 0.732586265
 349 -0.922701359 -0.302094102 1.31225240 1.11521673
 350 -0.506783307 0.687565982 2.17839503 -5.95963523E-02
 351 0.562792301 0.302908331 -6.86699674E-02 9.85560939E-02
 352 1.91666090 -0.735476434 0.350412041 -8.27643126E-02
 353 0.792322159 0.372690380 7.78005496E-02 0.702751517
 354 1.20558500 1.55258417 1.51438308 -8.96807536E-02
 355 -8.01868215E-02 0.596786499 1.23864055 1.12599885
 356 -1.22255552 0.220451087 2.72123361 1.38967395
 357 -1.35151017 0.660934687 0.338502079 -0.179280430
 358 0.304124922 0.229187399 -0.246720418 0.415787756
 359 0.370527208 -0.577197731 -1.57842278 -0.381963879
 360 -0.362275034 2.32472920 0.955090106 -0.311330050
 361 1.07903588 0.110372186 1.14174783 0.560238659
 362 -0.323616505 0.487273395 -0.425260216 -1.07777750
 363 -0.216051415 -0.606432974 9.45934355E-02 0.523511350
 364 0.359674513 1.51737976 -0.115046039 -0.127970502
 365 0.913768888 0.632435262 1.51673245 -3.04716751E-02
 366 -0.782196343 0.887164474 1.67810452 0.533678174
 367 0.807817936 -0.127415657 0.404581785 -1.56148434
 368 0.377510041 -2.19795227 -0.236889377 -0.894944131
 369 -0.678696394 0.993180811 -1.33892775 0.714879334
 370 -0.428084642 -0.625534773 0.261914045 -1.32339442
 371 0.507077575 0.141962603 -1.02348256 -1.64810729
 372 -0.266802758 1.61263496E-02 -1.36960864 -2.34515524
 373 0.134662226 0.989388347 0.403962463 -7.35976174E-02
 374 -0.506422937 1.60603452 1.86435115 -1.43054020
 375 -0.601839304 1.96833825 -1.82238066 -1.66823804
 376 0.184021115 -0.149238437 1.30305004 -0.165697455
 377 0.588839948 1.59653997 0.502893686 0.220351070
 378 -4.89361286E-02 0.456067681 0.790327013 -1.72140610
 379 0.160430357 2.16201401 -0.905821025 2.75599882E-02
 380 0.646704733 1.38154733 -2.42835689 -1.49960494
 381 -2.23174214 1.14663863 2.01054215 0.641237557
 382 0.815957367 0.508486032 0.168753982 -3.89128402E-02
 383 -0.873708963 2.23113680 -1.08791435 0.778966010
 384 -0.577253461 1.14038694 -0.275691152 -0.172919899
 385 0.581736684 -0.862482190 8.80377218E-02 -1.18743336
 386 0.112523489 -2.16574526 -0.604436278 -0.907689691
 387 1.54807460 0.292438209 0.161328778 -0.209804237
 388 2.70267820 0.227052540 1.41851270 -1.61530599E-02
 389 1.07412922 -0.876580656 -2.07283354 -0.799089551
 390 -0.178965807 0.497379720 -7.29385018E-03 -1.49019980
 391 0.271414012 0.988709390 0.376705289 -1.62542689
 392 0.533867240 1.46546066 0.321861327 -4.65687439E-02
 393 0.647738457 2.25494719 -0.969007194 -1.57862699
 394 -0.245228902 -0.102094032 1.10529017 0.597904205
 395 -0.489195824 -1.12992477 0.123132750 1.25384557
 396 -1.40226746 -1.92304146 -0.958955765 -1.06813014
 397 1.77975225 -0.666451633 -0.117815569 -0.570991576
 398 -2.26083249E-02 -2.38586426 1.19362402 -0.349912494
 399 -0.448085487 2.17134452 0.639992297 0.679883301
 400 -0.660579324 -0.386381030 1.21536529 0.428836048
 401 -1.28276312 -0.102123335 0.906271160 -1.10158896
 402 5.28059304E-02 0.130797431 -0.904801548 0.709946752
 403 -0.368221253 -0.561269164 0.960693061 -0.333309740
 404 -1.75182557 -0.140145168 -0.302220166 -1.63770676
 405 -0.253772557 0.182880551 -0.530218303 -0.954946101
 406 8.66560414E-02 -0.101541094 -1.25417042 0.402326047
 407 8.54523182E-02 1.90343499 -9.14643481E-02 0.391093850
 408 0.516413450 1.73832679 -7.28444755E-03 -1.44844747
 409 -1.29379404 0.344278514 1.60801780 0.113635547
 410 0.237732843 0.476558626 2.72252154 0.348896086
 411 1.56034064 -0.629554570 0.213254541 -0.701230049
 412 -0.246449232 0.578243375 -2.62023807E-02 -1.45530999
 413 0.520924866 -0.450848401 0.435179055 -0.966998100
 414 -0.415182590 -0.985026538 -1.05130446 -0.958248198
 415 -2.73070526 -0.927287340 -0.748910725 -1.48499203
 416 -1.52190661 -0.761969388 -1.80361950 1.29813802
 417 1.28104675 -0.384667397 0.426988870 -0.962237179
 418 -0.769313872 -1.03928542 -1.13424718 -1.36288130
 419 0.487121195 1.44258308 -1.63547349 -0.316330254
 420 0.159000188 1.00844181 -1.25742745 -1.03087997
 421 1.10442984 0.807530284 -2.27349949 0.350556344
 422 -0.288550824 -0.850489616 -0.199910253 -0.301732659
 423 -1.23056567 2.02396464 -1.46179032 -1.62366128
 424 0.528558552 -0.952039897 0.499782801 1.38668454
 425 -7.83097148E-02 -0.259141684 0.335634649 2.67820060E-02
 426 0.873072982 -0.648406923 -0.996927202 -1.32323885
 427 -0.386460632 -0.837568402 1.06102276 -1.77098024
 428 -2.01778650 -0.632745504 -1.58832443 0.514536977
 429 -0.573666394 1.08306217 1.35703409 -0.366799951
 430 0.292097121 -0.693036914 -0.212441951 0.317477345
 431 -0.997255683 1.80510318 -4.91238572E-02 0.473205805
 432 0.253102094 0.185611844 0.812539637 0.285774231
 433 -0.618710279 0.208573803 -1.58328354 5.98285198E-02
 434 -0.374438345 -0.437567085 0.329655349 -1.58287251
 435 0.441505671 0.821960926 -0.570868134 6.28424436E-02
 436 0.527482212 6.59108907E-03 -0.161287993 1.41998753E-02
 437 0.420322120 -1.14649022 0.405069709 -1.45414925
 438 -0.297470450 1.26495123 1.54742312 0.610604584
 439 -0.405837983 2.20434952 -1.14112234 -1.94407320
 440 -1.85359561 1.33467162 -0.611087084 -1.61319590
 441 -0.261863410 -0.131283253 -1.70249462 -0.303492844
 442 0.282895982 -0.441397011 -0.649800777 -1.64709640
 443 -1.03567147 2.41826810E-02 -0.919152915 -0.675461411
 444 -0.727930307 0.319182605 0.486151814 -0.401117861
 445 -1.20298886 -1.13991606 -0.417361379 -0.941344202
 446 -0.146997109 0.999693871 -0.501560211 0.309183925
 447 0.175451308 0.888982952 -0.320389360 -1.44479644
 448 -0.705014348 -0.762529910 -0.540984511 -0.555916369
 449 -0.517436028 0.515706718 0.860201359 0.290549219
 450 -0.921705961 1.42666531 1.60498285 0.600260019
 451 -1.88933218 -0.286969125 0.990621686 0.646508753
 452 1.85052884 -0.746941984 -1.06750536 -1.77752626
 453 0.163203567 -0.245900720 0.596008480 -1.06458271
 454 -0.708953738 1.38687825 -1.40469825 0.250268966
 455 -1.53284192 0.245628089 2.21219850 -1.74550295
 456 -0.127984643 -0.633016765 -0.388176918 -1.18588686
 457 -2.42219639 -1.36521459 0.598660409 -0.896402240
 458 1.25249159 2.41343379E-02 1.46055305 -1.63644159
 459 -0.790581107 0.174385875 0.567207038 0.197968572
 460 -0.236471206 2.19779015 -0.936759949 -0.268109262
 461 -1.10748184 1.11994672 -1.48054504 -0.138849303
 462 -1.12772942 -0.171150684 1.49299049 -8.71787220E-03
 463 2.20160484E-02 0.696745157 -1.21264946 -1.79969120
 464 -0.950002372 0.694159865 -0.622664809 -0.511318862
 465 -0.929991663 0.895800233 -1.66973662 -1.42607474
 466 0.208520234 -1.12364125 -0.569898963 -0.152184948
 467 1.22019947 -0.871938407 -0.337850809 -0.531395137
 468 -0.613051057 0.377416790 -1.45568109 -1.20159078
 469 -0.714028001 1.13431120 1.25324404 -1.76117587
 470 -0.281454027 7.09736645E-02 1.64692938 -1.62039721
 471 1.37384975 -4.88992035E-02 0.164868951 0.442067713
 472 1.86884725 9.21891630E-02 -1.13426304 -7.74567574E-02
 473 0.706382513 0.779923916 1.98524511 -0.264798403
 474 -0.236274809 -0.502661824 0.586389661 -1.88515007
 475 -1.81108510 -0.701534271 1.63394606 -1.56986308
 476 -0.694833875 -1.79312408 0.196188122 -1.52420294
 477 0.217605144 0.401716590 1.06980419 -9.59656984E-02
 478 0.789549887 0.812484503 -0.410039634 1.18293834
 479 0.325929880 0.622870505 1.73007178 0.599410474
 480 -0.275466084 -0.211059362 0.410958916 -1.08428001
 481 0.790761352 0.777522922 0.165187135 -1.89440644
 482 -2.50429809E-02 -5.21489307E-02 3.16879004E-02 -0.134732753
 483 -0.325491667 -0.787380338 -1.34075999 -0.212892368
 484 -0.849607348 -0.826085210 1.12426138 -1.31568563
 485 -6.32240251E-02 -1.15221751 1.25600803 0.505712390
 486 0.488433242 -0.958777428 -1.45743513 -1.09966743
 487 -1.23864806 0.263523817 0.290639758 -2.03665420E-02
 488 0.492724717 -1.46578407 -0.637807369 -1.05939209
 489 -1.02871478 -0.718649507 0.342396259 -0.327912420
 490 0.492202878 -6.08102381E-02 0.186460122 0.464715868
 491 -0.479078829 -1.36659336 1.25781167 -0.344615161
 492 1.07001114 -1.03453898 -0.606321812 -0.231368169
 493 -0.226450264 1.58223760 -0.907859266 -3.88342962E-02
 494 -0.430047780 -0.494535744 -1.27367032 0.676822484
 495 -0.294705182 -0.924540281 -0.468338549 -1.88779700
 496 0.357932687 -0.685415983 2.08889198 0.608339548
 497 6.97187707E-02 -1.30912513E-02 1.41292036 0.221149698
 498 -0.281838238 -2.20999789 1.93275058 0.485273004
 499 -0.356047511 -0.922863245 -0.142216578 -0.223314941
 500 -0.236589730 -1.76204443 -0.416197270 -1.60984230
 501 -1.12981689 0.214035094 2.13079381 3.47011127E-02
 502 -0.207369953 -1.72978032 -1.34669042 -1.04337013
 503 -0.557561934 -0.738077998 -1.36314678 0.161751688
 504 -1.45838380 -0.194498584 2.13771439 -0.238859400
 505 -0.860054791 2.12229967 -0.566762090 -0.177662671
 506 5.94459176E-02 -0.750706434 0.360362291 -1.65855736E-02
 507 0.157489479 0.603094757 1.26900053 -0.136419997
 508 -0.163310379 0.725876689 0.416955829 -9.65823010E-02
 509 -1.04217541 -1.54358184 1.87481987 1.24268699
 510 0.508950651 -1.20992637 -0.278049648 -0.109034732
 511 0.267463416 -0.980035424 0.253896415 -0.195976973
 512 -0.251012564 -1.68835366 -1.24838829 -0.431916475
 513 -0.184282839 1.74453557 -1.18263233 1.00524604
 514 0.536844432 -1.32340479 0.193582058 6.19823821E-02
 515 -0.873084068 1.28161335 -0.738457203 -0.334840626
 516 -1.88153958 -1.98757648 0.153747395 -0.932165146
 517 -1.86512756 1.30471992 0.605171561 0.473783672
 518 4.03241627E-02 0.313873768 5.37021086E-02 0.691159070
 519 -1.21768057 0.406727761 1.04927373 -2.01856232
 520 -0.785314560 0.115536600 -0.417023808 1.08590639
 521 -1.51635683 0.963011861 0.155889675 7.45716989E-02
 522 0.185235247 0.494965523 -0.168683439 0.241019487
 523 0.749153614 0.100487038 0.307555437 -0.100605547
 524 4.18772921E-02 0.180392906 -0.902722538 -1.74686670
 525 -1.54580498 0.970474422 0.524971008 1.06364524
 526 -0.753784001 0.793194175 0.150463268 0.196452275
 527 -0.608874917 -1.55756629 1.67907703 1.28001475
 528 0.157197908 0.736393452 2.22389889 0.350482881
 529 -0.516290188 -1.81773734 -2.41614604 -2.76399946
 530 -0.178123504 1.97040868 -0.928763688 -1.50678288E-02
 531 -1.34327626 0.767718852 -5.91734052E-03 -0.246253014
 532 -0.732840300 0.604411006 -0.777082443 0.996801376
 533 -0.367657065 -1.71181929 -0.298513412 -6.88521415E-02
 534 1.07674479 2.29835510E-03 -2.11580753 -3.22805929
 535 -2.07238865 1.53494358 -1.19334638 -1.06453872
 536 -1.33224058 1.07821321 -0.350935310 0.670982420
 537 -1.44728649 0.970551372 0.105931774 -1.44938874
 538 -1.21655023 0.954995930 -0.722285509 -1.29108214
 539 0.675272703 -1.37059808 -0.890495479 -1.73439074
 540 0.526970446 -0.417698443 -0.781607628 0.409721553
 541 0.898730338 6.23791665E-02 2.26332116 -6.96049631E-03
 542 -0.947739244 0.606013954 -1.80833232 -1.33087993
 543 0.195519641 0.287447900 -0.932032287 -0.994946063
 544 -2.95380205E-02 -0.234623402 1.93361652 -1.76482296
 545 0.650984645 0.947547674 0.177441061 0.627071142
 546 -0.101055652 0.150035799 -1.93330610 -1.50468981
 547 0.748522639 -0.895447731 -0.579658568 0.691917360
 548 -1.00759315 -0.171570599 0.243359640 -1.83535206
 549 -1.01275897 0.675466597 -0.487831593 -0.164439723
 550 -9.85116437E-02 -0.934183538 1.95133257 4.29763868E-02
 551 0.386079341 -1.96713293 0.384110242 -1.15174508
 552 -0.929906249 9.14368629E-02 -0.178153589 -0.700171351
 553 -0.575614691 1.64418721 -0.954685807 -8.25260431E-02
 554 -0.787081838 -0.312143385 -0.380463362 -1.62696695
 555 -0.662472367 -1.37413800 1.76732373 -1.60084999
 556 -1.04189730 -0.650760233 0.609250307 -2.66312647
 557 -0.430578321 2.24259591 1.82957506 0.688786864
 558 1.31295216 -0.305048913 1.16818690 -1.03427768
 559 -0.587411463 -1.32799661 -0.735133171 -1.37289178
 560 1.49049246 -0.674257278 0.402856827 0.166599974
 561 0.699879766 0.813620985 0.767997503 -0.532938600
 562 -0.238667011 -0.163449869 -0.257721871 -0.369886875
 563 -0.763851285 0.566616654 0.634448528 -1.09031892
 564 0.362007022 -7.05990195E-02 0.274523884 -0.802080274
 565 -4.84841764E-02 -0.917304397 0.496698380 9.79744941E-02
 566 -0.945945978 -0.976329625 -0.508188188 -1.39105356
 567 1.10016954 -0.838175714 0.819082499 0.359667003
 568 0.960271716 1.35500717 0.682561278 -0.437523305
 569 1.19463372 -0.142022416 1.46724236 -1.28147626
 570 2.02338004 -1.10297072 1.26396310 -1.13521898
 571 -0.383087635 1.05979860 1.88467574 -1.48453951
 572 0.515163660 -0.611843109 1.16382134 -0.326457530
 573 -1.82544076 0.372508705 -0.258637726 0.133464038
 574 -0.797989786 0.737797856 -0.437249035 0.648669839
 575 5.55634536E-02 -1.45223165 0.121493667 -0.670240998
 576 -1.11286736 0.914000034 0.781283200 0.583624780
 577 -1.96182244E-02 -1.05044699 1.97159946E-02 -1.78519666
 578 -2.12549901 0.237740889 -1.04139709 -6.17316365E-02
 579 -4.06966209E-02 7.23476037E-02 -1.43552005 -0.382778317
 580 -0.522661686 -0.554681063 0.167078599 1.16926455
 581 -0.151801765 -0.602947891 -0.634010434 1.67324269
 582 -0.723687947 0.229809672 0.672858715 -1.06159258
 583 0.349606335 -1.03152609 -1.29883766 -0.847667933
 584 0.145830050 1.81474411 4.89418656E-02 -0.174911812
 585 0.451010168 -0.321581930 -1.05405641 -1.47692966
 586 -1.67779231 -0.277091682 -2.60579959E-02 -3.03898025
 587 1.11329865 -1.20743811 -0.950579226 0.416830897
 588 -1.59714890 0.335188299 -1.19125748 0.136169761
 589 0.336302638 -2.48904750E-02 1.08449435 -0.968680799
 590 0.378865898 -0.843668222 -0.254770786 0.599852145
 591 0.407926738 6.82071298E-02 1.08501959 0.692070842
 592 -0.669078171 -0.593114197 -1.69404173 -1.17196822
 593 0.751129150 1.17979896 2.21646500 -9.97607037E-03
 594 -1.81631446 0.427773952 0.627510071 1.45634139
 595 -0.512535930 -1.83206916 -1.70664454 0.359411538
 596 0.116456009 -1.05919242 -0.529266238 -1.01589704
 597 0.743151784 -2.54473090E-03 1.05031061 1.76135802
 598 -0.170977324 -2.26986074 1.12374043 5.18913157E-02
 599 -0.921501696 1.10805213 0.782293618 1.78225264E-02
 600 0.637017965 1.41198945 -0.243085325 6.69960827E-02
 601 -0.156739995 -0.771012187 -1.41745639 -0.254874170
 602 0.743101239 2.05902600 -1.33465719 -1.43566644
 603 -2.65989518 -1.54357684 -1.36651659 -0.921278954
 604 0.528372407 0.697964191 0.390360832 -1.48560071
 605 1.11724675 -3.42776775E-02 0.329562664 -1.56890666
 606 -0.865013480 -0.559727907 2.31973290 -1.38669610
 607 -0.335674196 -1.19323528 1.58344555 -0.279548287
 608 1.29082739 -0.693515420 -0.571927786 -1.29536557
 609 0.421783209 -1.36294031 -0.324557126 -0.905186355
 610 -1.06038523 0.151688427 0.676788986 0.320386827
 611 -1.32916081 0.789049745 0.734535694 3.15525755E-02
 612 0.331056118 -2.06389880 -1.49323571 -0.794607460
 613 -0.897819698 -0.897793531 -0.416779101 -1.27783144
 614 1.55808866 0.442875147 -8.83009583E-02 -1.25940442
 615 -1.06931591 0.400273293 -0.133183390 1.34317505
 616 0.747970581 0.156195611 -0.929921746 -1.91030204
 617 0.852485180 -0.454731464 1.99651325 0.540138125
 618 -0.122018605 0.111192115 2.45180440 -5.04244640E-02
 619 -0.144571975 0.195450664 -1.63123906 -1.00982261
 620 0.932701230 -0.452287555 -1.12916672 0.437272072
 621 9.79030132E-02 0.396255314 0.696285546 -0.125737056
 622 -1.47691679 1.38084769 0.841430187 -1.53596008
 623 -0.357000798 -0.754429698 0.564119577 -0.751855314
 624 0.224983424 -0.656715930 -0.220052257 8.10065866E-03
 625 -0.592370510 -0.809230328 0.507352948 0.491187215
 626 -0.158446416 -0.580504656 1.28924632 1.23186409
 627 7.71853775E-02 1.67128491 -0.131313801 -0.378280699
 628 -0.914974689 -2.32774138 -0.463929832 -1.71316576
 629 -1.07929349 -0.339146614 -0.274153769 -0.176580325
 630 0.986664176 -0.250917375 -0.370611727 -3.24163318
 631 -1.10120797 1.96757412 -2.02124333 1.39852738
 632 -0.248699278 -1.52066672 -0.148036450 -1.61016190
 633 1.01684415 -0.214181095 0.408274889 0.483936191
 634 0.500753820 -1.16180301 1.74301922 0.344410956
 635 -1.33689189 -6.08264506E-02 1.74729562 -1.25823840E-02
 636 -0.428765297 1.57507062 -0.106056064 -1.71209669
 637 -1.09754193 0.316769809 -0.997189999 1.45451677
 638 -0.875382721 1.21216607 0.394668341 -0.211301923
 639 -0.865729392 0.759391367 0.435070157 -0.246383995
 640 -0.993629932 0.539058864 -2.06932664 -0.137519538
 641 0.280943006 0.255428314 0.162869558 0.992168128
 642 -6.62281811E-02 1.04178560 -0.143322304 0.794354558
 643 -0.943224251 -0.259132594 0.464588642 0.580690682
 644 -0.787440956 -0.178645566 0.782457888 0.519341528
 645 -1.16845608 0.512912869 -0.133630708 0.469122887
 646 -1.07151020 0.194789454 -0.227062464 -1.07880509
 647 -1.64328504 0.323112756 -1.13941109 -1.25441790
 648 -0.628606260 0.247614592 0.606207371 0.449679434
 649 -0.547970355 -0.162829816 -0.123438276 0.357715338
 650 -1.43002796 -1.27547848 -1.15225315 -1.39974189
 651 -0.200237021 -0.465723664 0.692575097 -0.430158228
 652 -0.336896122 0.397336662 -1.58284545 0.142256752
 653 -1.38346505 -0.975900888 1.91358793 -0.945435047
 654 0.321491271 -0.868560314 0.548493326 0.299763829
 655 -9.00200307E-02 -0.626554072 -0.376967132 -0.194651589
 656 0.313120127 0.586941838 0.534511447 0.824248195
 657 -1.21981764 -0.142650083 -1.52923954 -0.278153181
 658 -0.450098008 0.863179803 -1.03750134 0.830936432
 659 -1.00873864 -0.448446453 -0.473611176 0.218268365
 660 -0.792559862 -1.09266150 2.40700580E-02 1.37939906
 661 -0.163282081 0.159312636 0.333741575 3.26494202E-02
 662 -1.77678800 1.05369925 -0.992211282 0.560403585
 663 0.313401461 -0.399155855 0.336338520 -1.33311248
 664 4.37522605E-02 -1.29021883 -1.36777353 -0.244641870
 665 -1.58772171E-02 0.423534751 0.439693481 0.453746200
 666 -0.666136503 9.90838408E-02 -0.327452481 -0.788653493
 667 -1.87506545 1.16207051 0.608963728 -0.158302292
 668 -0.132608548 -0.286671013 -0.309051991 -2.20651340
 669 -0.373963594 -0.667489469 0.517570138 1.01549184
 670 -0.556903839 1.21193242 -2.07227767E-02 -1.08781719
 671 -0.405180603 -1.37070644 1.02616489 1.10568571
 672 -4.80620787E-02 -0.182583228 0.122844093 0.697784424
 673 -1.01382303 0.628359556 -0.805222869 0.494420469
 674 0.214840680 -1.99695182 0.265071988 0.663455606
 675 1.19005132 1.17777169 0.907711923 0.456946731
 676 0.375936002 -1.32343197 0.295425802 -1.25454724
 677 0.769407868 -1.84989476 -0.219658926 0.648077786
 678 1.24378097 0.927033782 0.665487409 0.634873807
 679 0.234638914 -0.375437975 0.225693479 0.212064117
 680 -0.673034787 0.901403487 0.588969827 -5.68070784E-02
 681 0.183559299 0.236079603 1.48499751 -1.07038665
 682 -0.963189542 -0.677142620 -0.535565674 0.793501318
 683 -0.847271979 -0.419704050 0.521047890 -0.119173720
 684 -1.52432632 6.29151165E-02 -2.43550539 -0.780289650
 685 -1.18434024 -0.910819113 -0.790592551 1.30170774
 686 6.67152479E-02 1.78406549 0.197805911 -0.187624589
 687 -0.681153774 -0.138345584 -0.163793400 0.471990347
 688 5.36814332E-03 -1.33652997 0.256434023 -0.662922978
 689 -0.925205469 1.25379848 -1.09408522 1.10147083
 690 -0.779820919 1.07830513 -6.90876245E-02 8.84645432E-03
 691 4.37118113E-04 -0.897617936 1.03155518 1.05952871
 692 -8.43946487E-02 0.978566766 -0.354990184 0.266110539
 693 -1.20623410 0.655492187 0.680125237 -1.07291114
 694 -0.718119621 0.129590794 1.06803644 0.720328808
 695 3.86906266E-02 -0.424429655 -0.992378712 -1.64611769
 696 -0.666033506 -0.289738715 0.448353589 -2.97851396
 697 -1.55236268 1.84133232 -0.898259699 0.598760188
 698 -0.136693910 -0.578579605 -1.91442502 0.211283594
 699 -8.80733952E-02 5.15774265E-03 1.49118650 1.52070746E-02
 700 -0.691328704 0.354106516 0.473363757 1.14725924
 701 -0.218878716 0.828651607 2.64750481 0.650689602
 702 0.248945221 -1.58322299 -0.837704420 -0.872476578
 703 -1.32575536 -0.249523073 1.49067664 -0.465127319
 704 -0.511966527 -0.239588916 0.549783230 0.285115600
 705 -0.183486283 1.06717134 1.47135794 -0.820098937
 706 0.340115547 0.338639706 0.741025269 -0.205517769
 707 -0.722543538 1.47147596 0.417763948 0.515494645
 708 0.434281111 -8.65307823E-02 0.922356844 0.280374169
 709 -0.607286692 -0.147528440 -0.265016019 1.15592003
 710 -9.70873758E-02 0.411546916 -1.17107844 -0.366995037
 711 -0.832797885 0.262106657 -1.20551229 -0.934363604
 712 -0.373753965 0.969440579 0.915980816 -4.25790250E-02
 713 -0.403662741 2.14573646 0.977935314 0.463915348
 714 0.992319942 -0.785801232 0.621086776 0.840481877
 715 -0.926033437 -1.45947433 0.560533881 0.646762133
 716 -0.969562709 -0.355493933 -2.08985019 -1.85377383
 717 -0.658283591 0.936743915 -0.287668735 -0.145283028
 718 -1.57401991 -1.40016818 -1.27209461 -0.649155378
 719 -0.650690913 0.169219285 0.220043719 -0.104228795
 720 0.543979824 -0.652071357 0.984237552 0.654392958
 721 0.292597920 -0.823443055 -0.211122751 -0.460720867
 722 1.21510482 -7.35154450E-02 0.987029552 -0.497954905
 723 -0.326612651 1.55362856 -9.67425108E-03 0.625906408
 724 -1.05171859 2.35598969 0.943080366 0.328669131
 725 -0.391475618 0.246420637 -0.514484286 -3.45867300
 726 -1.87953591 0.182369545 -0.101694345 -0.391339511
 727 -0.295560569 0.678288281 -9.54479799E-02 -2.10099363
 728 0.302511573 1.24010491 2.04414582 5.44054583E-02
 729 0.723950982 -1.22911835 -0.124871820 0.680005908
 730 -0.142125338 -1.05128181 1.11589873 0.444047987
 731 -1.20552182 1.15794408 0.555030465 0.798754513
 732 -8.97579491E-02 0.632903337 1.03040266 1.16284585
 733 -0.101471439 -1.03967202 0.297500670 -1.29519975
 734 1.70526877E-02 -0.179269835 1.81959689 -0.157609880
 735 1.36047363 -6.03446364E-03 -0.290197074 1.63716781
 736 -0.145524710 0.140024871 -0.413905561 -2.97754788
 737 0.282926321 0.853513300 -0.305504352 0.873954356
 738 -0.128052890 1.28303730 -0.626282811 8.92218649E-02
 739 0.209111139 -0.847482026 0.565743446 0.878219843
 740 1.14805627 0.428677261 0.882270336 -0.168271869
 741 -1.99447393 0.456164479 1.30783486 5.79509810E-02
 742 -0.543462396 0.429321319 -2.16598344 0.136168420
 743 0.114041939 0.139495015 0.188250139 0.769488692
 744 3.75659168E-02 1.12361741 -0.960071564 0.475731134
 745 0.227163881 0.399249494 -0.266073734 0.499114633
 746 0.520573735 0.692754328 0.654395938 0.278545707
 747 -0.836327493 1.25418425 -0.628388703 0.213485539
 748 -5.91366515E-02 0.173422664 8.66854191E-03 0.775984526
 749 -1.68332899 -0.959927082 -0.977471352 -0.215151072
 750 1.02143431 -1.14435887 1.24290478 0.743480980
 751 -0.706514955 -0.724706113 -0.352529943 -0.655461073
 752 0.718407929 1.92729449 0.649394155 0.632814169
 753 2.67872214E-02 2.21578836 -0.431827366 0.664217353
 754 -0.235463411 0.379610717 1.97455013 -0.175573289
 755 -1.63805401 -2.13853836 -1.00549459 -1.45692551
 756 -0.931066036 0.212452173 0.874121785 0.519023418
 757 -0.729013562 -0.911719084 1.52827525 1.05569577
 758 -0.346189559 0.843753815 -1.31249177 0.876448810
 759 -0.545450032 -1.01374793 -4.88708690E-02 0.512648284
 760 -0.277248532 -1.23588872 1.64779913 1.24360526
 761 -2.16947055 -2.27657771 -0.877505362 -2.45305037
 762 1.25247955 5.72123304E-02 -1.27913296 -1.10880697
 763 -1.01732683 1.47149110 0.514029324 0.587291121
 764 -1.07971251 -1.52192140 0.688306212 -0.584260702
 765 -0.767800391 -1.70381296 0.678920984 -0.941621900
 766 1.25745714 0.592151642 0.155483991 -0.406257123
 767 -1.33225524 0.715695679 0.841660202 0.827507734
 768 -0.447490066 -0.426581621 1.57777286 0.353277981
 769 9.33729783E-02 0.131339908 -0.732122838 0.909042597
 770 -0.423988700 -0.325149387 -6.28827736E-02 -2.57134104
 771 -1.59504747 -1.50220311 -0.416842014 -1.58044028
 772 -1.44119763 0.788569629 -0.267202854 -0.427046567
 773 -0.319640249 0.427586854 -0.480477691 0.556028843
 774 -0.549009800 -0.508259475 0.291884959 -0.364730000
 775 -0.104476944 0.161382377 0.188265055 -8.74971226E-02
 776 8.27260762E-02 0.563875616 1.69990808E-02 -0.118810087
 777 0.626884580 0.641741931 -2.71217823E-02 0.105384156
 778 -0.258113295 0.880362153 0.620221615 -0.425002694
 779 -0.990661383 -0.665083051 1.34664464 -0.191374764
 780 -1.48794866 0.519367337 -1.71659744 -3.17039704
 781 -1.00332856 0.506329596 1.44715333 0.633789718
 782 -0.579157829 -1.68587828 0.905225873 -2.55719614
 783 2.22801566E-02 -0.825842679 1.08916867 0.842117608
 784 -2.26081252 1.31389785 -0.927785873 7.48090744E-02
 785 -0.278585851 1.41230476 0.135748982 0.292649955
 786 -0.541432619 1.32991505 8.66403952E-02 0.695068479
 787 -0.909026802 -0.649796247 -0.146425128 -1.56024492
 788 0.380495042 0.153481543 -0.205538854 -0.443528086
 789 0.541904211 1.73500550 0.358498961 0.172853500
 790 0.475522578 0.844192147 0.157445848 0.813772440
 791 -0.213310272 -0.370536178 -0.213779911 1.22819030
 792 -1.41602564 -0.627662122 1.21929896 -1.28439176
 793 -1.45618498 -0.294917464 1.32361543 -1.11445820
 794 -0.131050885 -1.88288951 -0.405580223 0.829711676
 795 -1.93873727 -0.500532746 0.103012085 -1.69033301
 796 -0.811396241 -0.669198394 -1.00351322 -0.919021070
 797 0.219883561 -0.830884576 -1.04674828 -0.720131040
 798 -0.734833956 -1.06443441 -0.465877295 0.695542395
 799 1.04960024 -0.675096512 0.609423339 -0.832271516
 800 0.874573231 0.223157257 -1.03944576 0.246053129
 801 -0.171003759 -2.58261609 0.151776433 -0.975575387
 802 0.894724488 0.176228181 -0.928845406 0.657254100
 803 -0.244203866 -0.572917283 -1.13798511 -1.44568825
 804 -0.310987502 0.938058138 -6.09596521E-02 0.434398234
 805 0.487825543 0.142232105 2.02935529 1.06502914
 806 -1.82975042 -0.569373190 0.305002958 0.121244624
 807 -1.05293798 -0.612877607 0.890002310 -4.62161750E-02
 808 1.07676196 -0.539282680 0.348830014 0.250842363
 809 0.586921573 0.765804946 -0.382259011 -1.69017172
 810 0.345661610 -1.31988895 -0.442568332 -1.57228410
 811 -0.806206226 -0.858809650 1.00988984 0.228969917
 812 0.188345909 0.480087101 -0.244468510 0.612882853
 813 -1.64792812 -0.150405079 1.22819042 -9.59336013E-02
 814 -1.26322210 -0.738404453 1.25064766 -0.272029340
 815 0.355620027 1.71042085E-02 1.76097167 -0.138489917
 816 -0.824071765 -1.33124959 1.11302793 -3.13857722
 817 -0.329880357 0.775969386 0.732978880 -1.63394654
 818 -0.838867128 -0.266232312 -0.617546201 -0.903726101
 819 -0.259591043 0.457845002 -0.539296508 -9.50973481E-02
 820 -0.168588847 -0.887176156 1.47065270 0.691411674
 821 -0.855831325 -0.333746463 -3.83521877E-02 -0.199836373
 822 -0.636847019 -0.180345476 0.684709311 0.762539983
 823 -0.538268149 0.123857871 1.70791090 -0.124269843
 824 0.932577729 -0.943525314 -0.491457820 -1.92973661
 825 -1.29251802 0.647821188 0.621635437 0.317589641
 826 -0.527030170 0.704547107 -0.939473808 -1.61470795
 827 -0.640939415 -2.14692116 -0.725939751 -2.54798722
 828 0.369063735 -1.98020494 1.07483816 -0.425840139
 829 0.903041065 -0.718590021 0.287649065 -1.31510162
 830 -1.26499319 -0.604189813 -3.15375552E-02 -6.29884005E-02
 831 -0.830371976 -0.801631212 -0.581532001 -0.154049367
 832 -0.615975618 -0.345572472 0.735068142 0.346139014
 833 0.710358202 0.361389875 6.78745657E-02 -2.24402022
 834 -0.841685772 -0.185356438 -0.346533507 -1.83109331
 835 0.374518007 -1.22290707 -0.456211627 -1.01386023
 836 2.02953553 -1.82500172 -0.227554500 0.562029898
 837 -1.08560967 0.498617798 0.494640529 -1.40805399
 838 -0.861481667 -0.128367379 2.74021173 -1.37641597
 839 -0.739329636 9.74653661E-02 -0.145059571 0.699581742
 840 0.184341669 -1.44879448 -0.420757353 -0.680227995
 841 0.224141166 1.28393853 0.114174604 -1.64293194
 842 0.744340658 -0.460437149 -0.146489859 7.80365467E-02
 843 -0.733538568 -0.348096550 1.13726044 -1.57551098
 844 -0.528304935 -2.06103992 -0.401063740 -1.55909681
 845 1.42862177 -0.763816237 0.347643733 0.131676584
 846 0.234787509 0.346308619 0.990476131 -6.98878914E-02
 847 -0.222441286 -0.631313324 -0.165574044 9.52713564E-02
 848 0.825822294 -0.564482987 -0.219842911 -1.10753345
 849 0.620173633 0.802818120 7.73403794E-02 0.515281618
 850 0.379695415 8.16833079E-02 0.297038436 -0.114894316
 851 -0.326754183 -1.93360984 0.454131842 -1.77714288
 852 0.206826434 -1.60385919 1.63676476 -0.105248541
 853 1.89560503E-02 -0.235685602 0.138266489 -4.67019305E-02
 854 0.552817643 -0.413524449 0.217175156 0.339891165
 855 0.118345536 5.53342663E-02 0.545143902 2.03277692E-02
 856 1.10897171 -1.37938225 1.51864362 -1.18201816
 857 0.806241274 1.44915164 -5.52292466E-02 0.642412603
 858 -0.149311095 -1.36400473 -0.263152510 0.675157428
 859 1.36639249 0.599546790 -0.986009419 0.711695969
 860 -2.75803494 -1.77463496 2.10087442 -0.804876149
 861 -0.559944868 0.727281630 0.129353970 0.217844516
 862 -1.06987202 0.579869270 0.149949312 0.409007013
 863 1.69642651 -0.581047237 -0.287184924 -0.368513793
 864 0.410244137 -0.354105592 0.144118890 1.25544822
 865 -1.67442310 1.06859648 1.03435266 -0.119240955
 866 0.599017441 0.929133713 -0.515572429 -1.32091045
 867 -0.358469278 -1.90464461 -0.789975822 -2.24381909E-02
 868 1.85400438 -1.65099895 0.579707265 -2.49238038
 869 0.770815194 0.870816827 2.54429936 -0.220671684
 870 -0.108341157 -0.188067436 0.177792728 0.432058871
 871 -1.04206431 1.01151931 0.538195133 0.836742640
 872 -0.823971391 -0.856079042 1.51582062E-03 1.16512251
 873 0.779594302 -0.813002467 -1.08102882 0.496162921
 874 -0.475101620 0.220686466 0.375578195 -1.11130083
 875 -0.963802218 -0.305710435 0.911227703 -1.03553069
 876 -0.473136693 -0.657821655 -0.156682253 -0.196553767
 877 1.07280350 0.601531029 -0.671126485 0.586867690
 878 -0.606886089 1.59449410 -3.59421596E-02 -0.932131231
 879 0.859425724 -0.628827810 0.480337501 -0.639913678
 880 -2.40336752 -0.701254606 -0.979224563 -1.15951467
 881 0.840629339 1.26334822 1.38695407 1.46178186
 882 -0.378338784 -1.12729836 0.678479075 0.364671886
 883 0.607015610 0.649512231 4.89621162E-02 -0.252222329
 884 0.650092006 0.819972754 -0.868889213 0.258515507
 885 -0.138506413 -0.386162132 1.02162147 -0.655811191
 886 -0.710583508 -0.518044829 -0.264305949 -0.367505252
 887 -0.508655667 0.510743320 1.86536479 -8.27559829E-02
 888 -0.820653856 -1.05084276 -5.58606535E-03 -0.178710371
 889 -1.31757613E-02 -1.30165815 0.530518532 0.859617352
 890 -0.758206308 0.680312753 0.819610000 -0.379476637
 891 1.48415804 6.87295496E-02 -0.863973081 0.415947378
 892 0.349559456 -0.333527684 -1.21028638 0.733673275
 893 0.574769318 -0.306186795 -0.488583684 -1.47759354
 894 -0.326723993 0.316165745 0.117651515 -1.14096332
 895 -0.250320464 -0.499305993 0.500152349 -1.08565605
 896 -0.143253714 0.383145481 0.367850304 0.132879153
 897 5.08341566E-02 1.12753320 -0.981894255 -0.128431246
 898 -0.580047786 1.49352562 2.42317843 1.69742629E-02
 899 -0.189375222 -0.829706192 1.14337802E-02 -1.04502571
 900 -0.413259089 9.87087190E-02 -7.45084286E-02 0.277948380
 901 1.84877121 -0.461622953 -0.899215698 -1.81247652
 902 0.155824244 0.755229652 -0.240153223 0.789193749
 903 -1.54796386 0.821793795 -0.526841998 0.408618569
 904 0.249933317 0.428691477 0.229422092 0.470536053
 905 1.32262444 0.109098569 -0.280303717 0.367341697
 906 -0.859514117 0.970937252 -1.42003655 0.343523502
 907 5.82887232E-03 4.63353097E-02 0.298047453 1.16376257
 908 8.88369381E-02 3.56140360E-02 0.291020066 1.31516278
 909 1.09962523E-02 1.79685259 0.158724606 0.761413872
 910 0.520994186 0.132186040 -0.954741836 -1.44105315
 911 -1.34157610 0.560775757 -2.15468621 -1.06334186
 912 0.549215436 -1.00298977 -0.333063275 -1.22949505
 913 1.72399318 0.504060805 -0.174567223 0.687127352
 914 -0.781819642 2.33289599E-02 0.599737763 -2.00643229
 915 -0.592293620 -0.813912332 -0.117558956 -0.159562707
 916 0.178009957 -2.52109599 -0.206738934 -3.25503588
 917 -0.332053691 -0.308895946 2.58639216 0.360667348
 918 0.516364872 -6.73982203E-02 2.02568173E-02 0.184704542
 919 -1.58320510 1.05197608 0.394216120 0.361220777
 920 -1.45293272 0.195270360 -0.708086491 0.140568316
 921 1.95736217 0.173649266 0.237022683 -0.547168851
 922 0.362842679 -0.977385700 -5.79731166E-02 -1.39456248
 923 -1.01581204 0.139484227 1.11081767 -2.01298833
 924 0.381346792 -0.410129249 1.44051743 0.699962676
 925 0.325354636 -0.709956288 0.425137579 5.77931032E-02
 926 -1.83124411 0.532182455 -2.42600703 -1.85526049
 927 0.466307163 0.237332299 0.181661636 0.406399965
 928 -0.355203092 0.557782710 -0.210060507 0.672109842
 929 -0.301642090 0.170050398 0.147892132 -1.63179915E-02
 930 -1.81146026 0.730829000 -1.58753860 0.751348734
 931 0.552676678 -0.751572013 -0.689894855 -1.73197973
 932 0.103949800 0.845879018 0.671172023 0.785356224
 933 -0.794375539 -1.67708802 1.77598798 -1.49616218
 934 -0.253624141 -0.170566440 3.62769328E-03 -1.38089955
 935 0.744875252 -0.903976977 -0.612161696 0.492489427
 936 1.55704224 0.677818775 -0.555555820 -6.43254593E-02
 937 1.22169209 7.54993334E-02 -0.715164781 0.120472133
 938 -0.690125644 0.898687482 -0.767633617 -0.923059344
 939 0.597276807 -2.97481492E-02 -1.21754289 -2.47089362
 940 -0.199219987 0.609167933 0.347978294 -0.279556155
 941 -0.430129319 -0.736180663 -0.238322169 -0.134266883
 942 -0.554068446 0.589421034 -0.434082568 0.618045628
 943 0.999636710 0.179340869 0.224372834 -0.808813214
 944 0.781020820 -0.602737606 1.10914588 0.522105515
 945 -0.396133900 0.869853735 1.03412127 -0.137618408
 946 -0.953661740 0.728407621 -0.633578897 0.624337971
 947 -2.31760669 -0.415705323 -0.305279911 1.44352043
 948 0.715565145 -0.427499175 1.13174605 0.625844002
 949 2.91933268E-02 -0.713419735 -0.156717449 -0.883473396
 950 -0.389521658 1.95448971 -0.132597372 -1.77667463
 951 0.737398505 -0.152307078 1.65989327 0.498454660
 952 -1.40123069 -1.51671422 1.99690831 -0.280094743
 953 0.102431953 -0.119009912 1.25007391 1.29176128
 954 6.24614507E-02 0.930048466 -0.490079343 0.710128248
 955 -1.40782905 1.19053996 1.22771764 0.491735160
 956 -2.48935938 3.87166739E-02 1.06740344 -0.317876726
 957 0.278859794 1.40581608 -0.285991073 9.12506580E-02
 958 3.27356681E-02 -0.187891677 -0.358144790 1.19624758
 959 6.62925243E-02 2.18598294 8.24295580E-02 -1.20828021
 960 0.277093649 0.262659252 -0.615252435 -1.47962892
 961 -0.133142889 -0.231191963 3.20223756E-02 0.726341426
 962 0.766571939 0.899149060 0.108376607 -9.48158279E-02
 963 0.328651577 0.647253394 -0.828867853 -0.105938837
 964 0.382965237 2.52105147E-02 -1.04067719 -0.236967802
 965 0.288139939 1.31265259 0.885068655 -0.855418026
 966 -0.375755876 -4.38936502E-02 1.79322374 -0.275708675
 967 -8.53008106E-02 0.763868511 -0.501368940 -1.62117350
 968 0.668510318 -0.114580020 -0.359405935 -0.821397364
 969 -0.521959066 0.305327892 0.757312477 -0.639383614
 970 0.253379792 0.139142171 0.173767254 1.35942829
 971 0.500330269 -0.633566022 -4.17827070E-03 8.45593214E-02
 972 1.09061253 -1.20475090 -0.838331699 -1.95906842
 973 -0.109008729 0.693777561 6.79205656E-02 -1.67417073
 974 -0.586276889 0.232345358 1.20611787 -0.637583733
 975 0.334317088 0.280227065 -0.377090931 -1.49326883E-02
 976 -0.253600746 0.138283715 -0.885274947 -1.80598700
 977 -0.851155698 -0.397969872 0.578047633 0.605662704
 978 6.42864406E-02 0.571109116 -0.286314636 0.125268936
 979 0.990544796 -3.03065968 -0.502398252 -1.41507208
 980 0.290411800 -0.782497585 1.12941015 0.382471979
 981 -2.13442147E-02 -5.76162040E-02 0.687760055 0.696612477
 982 -4.54427674E-02 -0.736266315 -1.36230946 -1.19487846
 983 -1.17802179 1.15549612 0.195538819 -0.382369399
 984 0.265952587 1.18872368 1.67540729 -0.206541449
 985 1.30461299 -0.639039993 -0.367705494 -1.28421903
 986 -1.53814983 0.294861853 -0.289356172 -0.402031243
 987 -0.231029809 0.269990295 1.07401705 0.815528572
 988 1.08471692 1.16721904 0.202616230 0.464932203
 989 -0.994287848 -0.299859941 0.906527460 1.54550672
 990 -0.708694756 1.39957857 2.00043201 0.808251321
 991 -1.60468817E-02 -1.29972243 -0.490192026 0.854505658
 992 -1.35956395 0.121091455 0.876741707 5.87079450E-02
 993 -0.897039473 -0.649607718 -1.32499254 0.787879646
 994 -1.07262945 0.322417378 -1.24235964 0.570597708
 995 -0.583422303 0.277079463 0.682361960 1.36576557
 996 -1.50648654 0.104343250 2.36634159 0.101747796
 997 -0.698828697 -0.646756470 -0.715376854 -0.105205312
 998 -0.174103618 -1.36526155 -0.164342672 -0.228131920
 999 -0.131822631 -0.992201090 -0.450448811 -0.284838080
 1000 0.784260690 0.273487449 -2.12291861 -1.53566706
 1001 -0.504340649 -0.777088284 0.377362311 -0.235717699
 1002 -0.120717779 0.597318470 -1.00910735 -1.12040746
 1003 -1.83874965 -7.91704953E-02 -1.02418244 0.657989144
 1004 0.193195537 -0.154765442 -2.77302599 -0.648949027
 1005 -0.421198666 -0.446481705 0.136658981 -3.88892591E-02
 1006 0.516599417 -1.20151269 -0.221499994 0.183790863
 1007 -7.46287704E-02 0.822002590 -0.147915184 -0.215237245
 1008 0.913896918 0.711422920 -0.435499936 -0.985028863
 1009 0.937022448 -0.486785352 0.236946240 -0.770322323
 1010 -1.06736684 -0.723326027 -1.17309344 -0.804536521
 1011 -1.14830923 1.09030700 -0.273990393 0.341832370
 1012 -1.63912070 0.573820293 0.107768506 -0.217648506
 1013 -0.601342678 -1.75726640 -0.575772464 -0.181792408
 1014 0.327904046 1.63808870 -0.531446636 0.246929199
 1015 -0.541715980 -0.529247820 -2.11975551 0.637477040
 1016 -0.441338122 -0.263924718 -0.454785675 0.285613656
 1017 -0.831935227 -1.36779201 0.896556675 1.07155514
 1018 -1.37577903 0.219373018 1.65510690 0.548833489
 1019 -3.34908390 -1.47844505 1.53778970 -1.86132324
 1020 0.241394386 -1.95091271 -0.820205212 -0.926099181
 1021 0.322952479 -7.05127120E-02 -0.929653645 1.53721511
 1022 0.299155772 0.497708172 -0.856184721 0.733086169
 1023 0.879188538 -2.52192760 -0.848890841 -0.767232537
 1024 -9.21045393E-02 0.337058783 -2.08217692 -1.41663313
 1025 -1.36353993 0.383690923 -0.889915943 5.35161756E-02
 1026 2.04296160 -0.555467844 -0.995134473 -1.72947812
 1027 -0.350939304 -1.44646239 2.55608782E-02 1.53212696E-02
 1028 -0.388731897 0.237684071 0.525076628 -0.864630699
 1029 0.128656298 0.100638509 0.705866456 1.23231184
 1030 -1.18560398 0.191617996 -1.94850552 0.582438886
 1031 -1.65289664 0.173748195 -0.657626152 0.589638591
 1032 -0.103257209 -1.15750444 0.656559348 -0.933122337
 1033 -0.519122422 1.49321842 0.332597464 1.50844145
 1034 1.00703108 0.888872027 0.202514410 1.70708597
 1035 1.75669277 4.99001890E-02 1.54926348 2.17401886
 1036 -5.80702946E-02 0.493205637 -0.604090214 1.55556846
 1037 1.71143007 -1.62163365 0.566303015 1.97316718
 1038 2.17021561 -0.325565726 -0.280027926 1.62851870
 1039 0.442638904 -0.696120858 -0.295874655 1.60544479
 1040 3.32221389 0.796134531 -0.754886568 1.51497197
 1041 1.19283390 0.596040428 -1.33482122 1.93117940
 1042 1.01060700 1.43775952 -0.332932800 1.32290840
 1043 1.35333920 -1.26991594 0.876791656 2.10440469
 1044 1.64535344 0.380177915 -0.348229796 0.970970869
 1045 1.18449759 0.760584354 0.875188470 2.19235730
 1046 1.72631729 -0.906394362 -0.542294800 1.47821498
 1047 1.30115902 -0.280645251 0.467627466 2.04842138
 1048 2.49992347 0.553578854 -8.81391019E-02 0.844560266
 1049 1.34903657 0.765406847 -1.27872598 1.68279111
 1050 0.590231001 -0.547850013 -0.891189337 1.63933301
 1051 1.24497199 -0.545087576 7.43015110E-02 1.28902745
 1052 1.16557908 -0.364520788 -0.223974720 1.04081857
 1053 1.63507915 -1.06126082 1.72828877 2.01023912
 1054 2.19500113 0.632872343 -0.844991922 2.14995599
 1055 3.11372828 0.335469663 -0.253130466 1.85566413
 1056 2.18149042 -0.943049192 -1.00079179 1.95334363
 1057 1.89983702 0.229430258 1.00281572 1.25201476
 1058 1.08123851 -0.425943404 -0.707945406 1.10204732
 1059 1.29351902 -0.934407473 1.25927353 2.93521833
 1060 0.126060367 0.344959736 0.712132633 2.42956376
 1061 2.20976806 -0.787377954 -0.621299148 2.84514666
 1062 2.22318029 -0.277941585 -0.165498957 1.16611052
 1063 2.38082099 -0.874507666 -0.208969966 1.58147001
 1064 0.936219811 0.110708684 -0.283776939 0.904141366
 1065 1.22650361 4.86587994E-02 -0.620584846 0.529306471
 1066 1.13391984 -0.168659836 -1.10753512 1.81986058
 1067 0.422582239 1.73023427 -1.06147006E-02 1.77906442
 1068 1.80732179 -1.11100709 -0.520613432 1.00008750
 1069 0.905551434 0.468969136 -1.08975434 2.57650185
 1070 2.21565938 0.717894614 0.877473593 8.58786851E-02
 1071 2.95956397 0.856501102 0.160935491 2.70488358
 1072 1.08496547 -0.445140928 -0.475365758 1.35618544
 1073 1.36013281 0.269848317 0.304306984 1.23226333
 1074 0.499292254 -0.914056778 -1.24079967 1.03887343
 1075 2.80411291 -1.40985942 -3.57676893E-02 1.12295496
 1076 1.11792850 0.351248980 0.742202938 1.08141530
 1077 1.89810884 -0.101196848 -0.246648282 0.686830103
 1078 0.854093909 0.636581481 0.943434358 1.25722933
 1079 -0.414935291 -0.851241708 1.34499955 0.754429400
 1080 0.111568645 -0.654383063 -0.570855975 1.20342553
 1081 1.73009980 -0.432690382 1.18685102 2.80317116
 1082 1.53402245 -2.54136883E-02 1.25069368 1.96802068
 1083 2.05095792 1.74434614 -1.42306197 1.67056787
 1084 2.11559820 0.507142067 -1.90153670 1.54680824
 1085 0.560331523 0.575933099 0.944507360 0.872747958
 1086 1.93831921 0.874839544 0.988868058 1.10963511
 1087 1.22490060 2.31503725 -1.24800372 1.01648784
 1088 1.34236693 0.152681157 0.354821116 1.07807815
 1089 0.364287108 -0.131876990 -0.689196110 0.876119018
 1090 1.24895906 -0.845164061 2.11343122 2.09182692
 1091 1.40866709 0.284697652 -1.04983211 2.68776369
 1092 0.648448110 -9.99715328E-02 2.16415215 1.48010838
 1093 3.15059733 1.53089893 -1.73665559 2.43985677
 1094 0.858623803 0.203478709 -6.39763772E-02 0.772163510
 1095 1.65752172 1.52704418 -1.22245145 1.10063398
 1096 1.70535505 0.314974010 -0.641113281 1.80997610
 1097 0.821734667 1.12400329 0.186655015 1.85929608
 1098 1.24759662 6.05138093E-02 -0.580290437 1.83635855
 1099 2.31513882 1.26404905 1.42027724 2.15245676
 1100 0.806821048 -0.844884336 0.469190657 1.18893707
 1101 1.40352321 -0.285549819 1.16581178 0.692459702
 1102 1.58722508 -0.600121140 -0.189109623 1.99004269
 1103 1.89039469 -0.616321862 -0.147296041 1.22344077
 1104 3.07544470 0.625244319 1.66309142 1.97580326
 1105 0.196948618 -0.533735812 0.993175626 1.20659482
 1106 0.854072571 -0.399954826 0.809053659 0.449254543
 1107 1.71946990 0.787307143 0.612929225 1.89642882
 1108 2.14066315 1.26148725 -0.825855434 1.60673344
 1109 1.94343054 1.89209354 -1.60016298 0.738306940
 1110 1.32647872 -1.04175997 4.87774611E-03 0.734167576
 1111 2.25021887 0.379305720 -0.326222360 1.07600927
 1112 -0.263217509 -1.18451273 0.304068446 0.545288742
 1113 2.16126299 1.15652287 -0.647011340 1.15015078
 1114 0.933550119 -0.924036860 1.42257059 1.14244950
 1115 2.05119824 0.652716815 -0.913609147 1.60865378
 1116 2.44495749 8.64441991E-02 0.452852875 1.48952174
 1117 2.37231684 0.711967230 -2.27073729E-02 1.54827321
 1118 0.863509893 0.528497875 -1.11722660 1.57932627
 1119 1.68460941 -0.126354650 -1.14073050 1.15674448
 1120 -0.427278757 1.07244921 1.42067444 2.12097812
 1121 1.25655043 0.191084370 -2.94672894 1.22792816
 1122 1.38857687 -0.560331285 -8.06850791E-02 2.56995821
 1123 2.51796007 1.23635614 -1.20469725 2.59393287
 1124 2.14491296 0.646011591 -0.494485319 2.00514698
 1125 2.67757654 -7.21214339E-02 0.321552217 -0.242993355
 1126 2.76949644 0.541998506 1.30476213 0.999465823
 1127 0.661956668 0.586328864 -6.23663962E-02 1.77967024
 1128 1.79962039 -0.593240798 0.319578707 1.09651840
 1129 1.26578283 0.343021125 -0.776447296 1.94466662
 1130 1.47318423 -2.23780125E-02 0.403164119 2.18698096
 1131 0.727583110 1.88382494 -0.717807949 2.11964846
 1132 0.126891792 -0.273975611 -0.695164680 1.56165290
 1133 2.34553766 6.62612170E-03 -1.47619104 1.24901903
 1134 2.09710813 0.972291231 -1.08552742 1.94154835
 1135 0.493375421 0.249680370 -0.984030485 1.88586569
 1136 1.78678870 -0.500796437 0.243777514 2.58890653
 1137 1.25796449 0.772768021 0.426570117 1.96784830
 1138 1.57653248 0.728834033 -1.70264709 1.99263430
 1139 0.788908720 -1.87619925 -0.478250206 1.08830237
 1140 1.62808847 -0.657568991 -1.29484868 0.892280579
 1141 1.67454350 -1.94791186 -0.528147995 0.856811523
 1142 1.20973182 1.28328991 -2.22814846 0.422303647
 1143 -0.246197611 5.72335124E-02 1.30171573 -0.309156686
 1144 2.16277146 -1.77871227 1.05841756 -6.64417446E-02
 1145 2.56769657 1.19517112 0.395335764 0.465227962
 1146 1.50520861 -0.651243627 0.488224208 0.191823676
 1147 1.03183937 -0.245661646 0.272460938 6.56564161E-02
 1148 0.524545372 -0.632866383 -1.88925159 0.778056264
 1149 0.557943225 -1.28904176 1.16467929 -0.119041063
 1150 0.842815697 -1.95778179 -1.20187664 -0.456688374
 1151 1.08344090 1.08579743 -0.681400359 0.985424936
 1152 -0.385441840 -1.86507154 0.469615102 0.713251173
 1153 0.432468176 0.117568679 0.432235986 -5.48877865E-02
 1154 0.312399924 -0.132891521 -2.04914832 1.21329892
 1155 0.218077093 -1.66758525 -0.944631577 1.42088294
 1156 1.11167967 -4.71251011E-02 -0.190797716 0.405134201
 1157 0.685663819 -0.873063207 1.24046421 0.418915123
 1158 0.266637981 -0.444218725 -0.552722752 0.678436160
 1159 0.550247848 -1.35486364 -0.134853005 0.774014831
 1160 -1.09457266 -0.543882012 -2.90418291 0.548288345
 1161 0.479221255 -1.73647851E-02 -0.680820763 0.953511000
 1162 0.320017487 -1.55377555 -1.15859735 0.244112313
 1163 -0.155050620 -0.301196814 -2.01675558 -3.17354202E-02
 1164 0.816312671 0.365943044 -2.00402379 1.02186632
 1165 0.379738361 0.155406445 -1.92831409 0.463997722
 1166 -0.165125072 -1.67795253 -7.63694942E-02 0.890354574
 1167 0.449131250 0.875042796 0.228976697 -0.992447019
 1168 0.246889651 -1.61633837 0.184881791 -0.332278490
 1169 0.752029538 -0.731321573 -1.00861180 0.577322245
 1170 1.18914795 -0.399339557 0.281556249 0.146024376
 1171 1.58292937 -0.204002261 -0.939120233 0.343006372
 1172 0.738385141 -0.610154986 -0.743313134 -1.19703746
 1173 0.738142610 -1.40515661 -0.910203457 0.958257556
 1174 1.34479213 -1.26533973 -1.50328887 0.715785384
 1175 1.12619615 0.438859671 -1.23385584 0.401454359
 1176 -1.26020169 0.607149005 -6.17253184E-02 0.105306089
 1177 0.427850336 -1.99889600 -0.218749180 -0.301381409
 1178 -0.266677141 -0.785597086 -0.764530122 1.10431540
 1179 -0.534402668 -0.968571067 -1.52722692 1.03114319
 1180 0.781992257 1.09959042 -0.576706529 0.799688697
 1181 0.137333632 0.727999032 -1.16154885 0.972844064
 1182 0.147970885 1.30766118 -2.64525628 1.61315703
 1183 1.26601815 0.782018781 0.542144954 -6.69820607E-02
 1184 -0.775062084 0.922534764 -0.718284309 0.560007334
 1185 -0.822350264 1.33650494 -1.43602133 0.506959081
 1186 1.44221604 -0.854451656 -0.517582178 1.15624428
 1187 4.84534465E-02 -1.20731294E-02 -0.166496024 -5.14496565E-02
 1188 2.67762446 0.457218379 0.502352238 -0.217359394
 1189 0.937237084 -1.57846880 -0.506592155 1.86160207E-02
 1190 -0.384481072 -2.52979016 -1.14165425 -0.798371434
 1191 0.443620980 -3.49865413 -1.23528969 -0.817977607
 1192 0.885507941 -3.14721018E-02 8.51267129E-02 1.01551259
 1193 -0.347270429 -1.45402586 -0.990898907 -0.281411886
 1194 0.250630707 -0.552415550 -0.223805711 -0.361954272
 1195 0.884883523 -0.305108100 -0.692991674 4.32242453E-03
 1196 1.00376189 -1.46296966 -1.44178188 0.604308784
 1197 0.351373434 0.725121737 0.820381701 0.523958802
 1198 -0.114832640 -2.53920245 0.200205564 0.672830582
 1199 0.606751263 -1.56951880 -0.861229300 0.166797072
 1200 7.86256269E-02 -1.33271068E-02 -0.204329699 1.45945072
 1201 1.46125114 -0.684179485 -0.209018305 0.520795226
 1202 1.65535939 -0.191862702 0.223074704 -0.899702370
 1203 -0.568646789 1.03769684 -0.487029642 0.574423969
 1204 0.594476938 -2.20361948 -0.962561965 1.11178100
 1205 0.410209179 -6.46385849E-02 1.32359934 -0.773470640
 1206 1.14241040 -0.221951395 -0.635412335 0.244293481
 1207 0.827833056 -1.53040946 -0.100411579 1.74134821E-02
 1208 0.463772655 0.589943707 0.699690759 0.402832597
 1209 0.199476242 -2.51750016 -1.01959860 -0.222315133
 1210 0.721116304 -1.02862585 -2.11880505E-02 0.266881466
 1211 0.820668817 0.116377026 0.242037863 0.454956770
 1212 1.21491110 0.246704757 -1.09954870 1.64388800
 1213 0.720024586 -2.26814675 -0.269980550 1.08379161
 1214 1.18593466 0.763267875 -0.229042172 0.505490839
 1215 0.962312222 -1.54853451 -1.58507907 1.54757249
 1216 0.390937179 -0.403420657 1.21855247 -0.681162715
 1217 0.225458235 0.710094571 -0.367472321 1.08782935
 1218 1.43346083 -0.122686088 -0.879125118 1.39317691
 1219 0.357849717 -1.98765516 -1.27535284 1.42773342
 1220 0.962057710 -1.31047118 -1.25066900 0.540054679
 1221 -0.547856212 -0.996973753 0.343402743 1.24054956
 1222 1.26452494 -0.463202596 -1.53355169 2.67128348E-02
 1223 1.59633636 0.103856534 -0.429799020 0.470712960
 1224 0.318943024 -3.18241310 -2.10658216 0.223117352
 1225 -0.693313122 -2.33014202 -0.665046275 0.211311758
 1226 0.426018327 -3.07584143 0.760189593 0.693255365
 1227 -0.432527930 -0.200037777 -0.680707574 0.864216566
 1228 0.697511494 0.110971689 -0.826769829 1.38393116
 1229 -0.565790653 0.101960003 -0.841607392 0.789335251
 1230 0.875662148 -0.323748678 -0.286679626 -0.385672241
 1231 0.342287511 0.662553668 1.71760666 0.444549739
 1232 -1.25746202 1.75792861 -2.13682079 0.861337364
 1233 1.49108970 -0.775847018 -0.608964562 0.712352037
 1234 1.59750330 0.148062080 -0.421063423 -3.87805253E-02
 1235 2.63242745 1.16109502 -0.534128964 0.734299242
 1236 1.29465032 -1.00550556 -0.207015932 1.51363659
 1237 1.93842435 -0.695345342 0.356493622 -1.55694628
 1238 0.757040620 1.56155372 -1.00727987 -3.17576826E-02
 1239 0.167608827 -2.20305395 -1.15147793 0.931480348
 1240 1.33682013 -0.877026558 -0.438221037 1.51048768
 1241 0.647203505 0.472784817 -8.17077756E-02 0.379902780
 1242 2.44428587 1.77840734 -0.836531878 1.24191630
 1243 0.793536901 -2.58796930 0.864960730 0.588591695
 1244 1.29864120 0.630284667 -1.27223706 8.83875117E-02
 1245 0.361696601 -1.01884770 -1.75844753 0.245270759
 1246 1.86199093 -0.893307924 0.182033777 -0.433430493
 1247 0.123152778 -0.227546588 0.551997900 1.31436169
 1248 -0.970994830 -1.18120539 -0.770588636 1.37136710
 1249 0.975270927 -1.29854929 -0.798556507 0.452116340
 1250 0.875278473 5.44920675E-02 -1.08641088 0.175315589
 1251 1.55202258 0.311888099 -0.141467884 -0.746075749
 1252 0.926660478 -1.39487541 -0.467924476 -1.60210276
 1253 2.80292869 -1.17317295 -0.429772079 0.974371433
 1254 1.17377567 -1.07721591 -1.08526003 0.590523422
 1255 1.28676999 0.291773021 -0.451373518 2.99910456E-02
 1256 1.16352081 0.711245418 -0.306913614 1.30148780
 1257 0.877676606 -0.798438787 1.17372060 0.337577403
 1258 1.30332899 -0.847813547 -0.963864863 -0.181651562
 1259 1.04434872 -6.88381493E-02 -1.89541054 0.482825011
 1260 0.525953293 -0.202079982 -0.272582620 0.445671320
 1261 -1.29786909 -0.171191484 -2.45027494 1.13051081
 1262 0.749605000 -0.174576268 2.23936105 -0.991822541
 1263 1.01521635 -1.35325015 -1.25203550 1.24359787
 1264 0.805596471 -1.10591102 0.610321343 0.637558877
 1265 -0.115686275 -1.33851957 -0.252952397 1.50965834
 1266 2.34798694 4.21000123E-02 -0.109204739 -0.852232993
 1267 0.744318962 -2.13027954 -2.16774392 0.430679679
 1268 1.40134931 0.344648689 1.46540093 -0.185155392
 1269 1.93909180 -2.46852684 -0.796270430 -0.982162952
 1270 0.719436884 -1.02651644 -1.22768402 0.977148056
 1271 0.433159232 -0.280443311 -1.68365443 0.242105246
 1272 4.50886935E-02 2.16404009 0.130508661 -0.134352416
 1273 1.59463573 -1.04106724 0.615367830 -0.754093826
 1274 -7.89889172E-02 0.672104657 -1.76406753 0.155217722
 1275 -0.134915859 -1.10565412 -8.99589658E-02 0.467022866
 1276 -0.360785931 1.47956753 -1.20228815 0.868995428
 1277 0.485241234 -0.346416652 0.169879973 -0.887816787
 1278 1.09381497 0.301130652 0.456034124 0.204787850
 1279 1.27882624 0.434416652 -0.340355426 1.30017805
 1280 0.204085976 0.767720520 -0.271887153 0.678971529
 1281 1.97526515 0.654955089 -0.858908951 -3.14514041E-02
 1282 1.89082503 -1.36332989 0.147238195 1.36467481
 1283 -0.359124422 0.822889924 -1.39303863 -0.666624427
 1284 0.202819362 -2.10620388E-02 0.771217525 8.59301537E-02
 1285 1.37611043 -1.85845447 0.950741887 -0.711385310
