 1 0.627908528 0.381711215 0.836655021 -2.23291612
 2 -1.10559750 0.514877200 -0.535806656 -2.54056311
 3 0.944791317 -1.28566861 -0.617656529 -2.52100444
 4 2.10885294E-02 0.415819108 0.110697471 1.46988034
 5 -0.443610549 -0.231382281 -0.835314333 9.63823050E-02
 6 0.208024219 0.374435663 0.875384450 1.46251094
 7 -2.31121898 0.623831391 1.00984943 1.42807138
 8 -0.768728495 0.545549393 1.30585611 1.32185495
 9 -0.296930254 1.28322196 8.51199850E-02 -0.437684119
 10 -4.57091630E-02 0.931101441 -1.28891194 1.25097609
 11 -0.195246577 1.86202598 -0.919828057 1.22533727
 12 -1.65162683E-02 1.17112815 -4.16348279E-02 2.00687075
 13 -0.402770907 -0.523847699 -0.476851285 1.46404743
 14 0.600538492 1.29109696E-02 1.31566536 -0.333913267
 15 -1.02381933 -1.79110312 0.278990209 -3.66446376E-03
 16 -0.525311589 0.191228136 4.24743071E-02 1.37070441
 17 -1.33600593 0.685457230 -1.91999674E-02 1.17766976
 18 -1.65943694 -1.43684888 -0.310738325 -2.77307332E-02
 19 0.778407514 -0.167736277 -0.656288445 -0.696462452
 20 0.319655061 0.351755887 -1.21435458E-02 -0.582796037
 21 5.81392087E-02 0.732484341 0.119779095 0.978411853
 22 5.98409176E-02 -3.13296914E-03 1.20515001 0.831130385
 23 -0.892288327 -0.261009932 0.379128516 0.564789176
 24 0.338694721 -1.10762167 -1.35125965E-02 0.106617421
 25 0.146004051 -0.717054427 -0.644307017 -0.230300903
 26 -0.615948081 -1.42231584 -0.508971512 0.920164406
 27 0.115814000 -0.972804427 0.533408761 -6.75322711E-02
 28 0.300442815 0.283053875 0.551493406 1.19321704
 29 -1.22448015 9.07604024E-02 0.709608316 0.806369245
 30 0.309508801 2.37841904E-02 -1.35559022 -0.562312424
 31 -0.472328126 -0.508788824 7.88824409E-02 1.47540259
 32 1.68453813 -0.301859438 1.45959687 0.256628543
 33 -0.118403167 1.19540823 0.652836561 1.39211142
 34 0.141986415 0.505905509 -0.153146803 -0.136927858
 35 6.45445213E-02 1.23633087 8.69079083E-02 1.44067156
 36 -0.388776004 0.277091384 -0.498641104 -0.630377412
 37 -0.831613302 0.206721932 0.286706388 -1.11389494
 38 0.571264327 -0.462758899 0.350012273 -0.694097638
 39 0.314048439 0.652918637 0.615173399 0.836479008
 40 -0.460319102 -0.303757370 1.13688838 0.423403829
 41 -0.136765718 -0.654397130 1.45926154 0.879608989
 42 1.43890417 1.60018623 0.242054909 0.188669428
 43 1.11040378 1.55644774 -1.45936143 0.729429483
 44 0.735927939 0.655254543 0.260366946 0.819898665
 45 0.432467401 -0.549039364 0.637375295 -1.88004625
 46 0.180307016 1.10365725 -0.572201848 1.31811690
 47 -0.107206255 0.509804130 -9.13782567E-02 0.912492931
 48 1.91072810 -0.765594542 -0.145614624 0.643967032
 49 -0.217033207 1.08910561 -4.49328870E-02 0.558196664
 50 0.269703209 1.03140450 -6.48917854E-02 0.802247643
 51 -0.103533000 -1.35669672 0.839254439 -0.789587855
 52 2.55431247 2.76879549 -0.393067420 0.123370439
 53 1.07723212 -1.67881393 0.995114207 -1.12415838
 54 0.132276982 0.170764253 1.52408803 0.501789927
 55 -1.04943454 -1.21038780E-02 -1.17097712 -0.413685918
 56 -0.613364697 1.66231120 -0.251656950 0.630738616
 57 0.597079635 -0.277757794 0.215323359 -0.906031668
 58 -4.76354882E-02 -0.752931714 0.474165946 0.798162699
 59 0.147161901 -2.27590537 0.380395293 0.572219908
 60 -0.563456416 -2.06016600E-02 -0.495482981 0.965950489
 61 0.895040452 -0.577653706 -1.51976001 1.09267175
 62 -0.194660127 -0.775720179 0.409016788 -0.494918346
 63 1.69380224 -0.965158343 1.32099056 0.416917890
 64 -0.166843817 -1.31388605E-02 -0.759353817 -1.54176557
 65 -0.704495490 0.748556674 -0.298580706 -0.335530490
 66 -0.484297335 -1.26011622 0.691688299 -0.924480319
 67 -0.259809792 -0.960753739 3.54175493E-02 -1.68843985
 68 -1.98194015 0.324987113 -0.569615543 1.08767986
 69 -1.91860867 0.114214316 1.86941564 0.325666338
 70 0.592727065 1.16175628 1.20476401 0.801629543
 71 -0.756872475 0.714981079 1.03230703 -2.13470483
 72 -1.79298413 0.182837188 0.772431135 0.582365513
 73 0.711147189 0.224319607 -1.21369433 -0.980099678
 74 0.462077230 0.253197491 0.405485570 0.205832183
 75 -0.116873316 0.741313577 0.196455300 1.11290395
 76 0.329098850 -0.404136449 0.333423406 -1.42877340
 77 -0.578081489 -0.800538242 -1.10727072 -3.15982997E-02
 78 -0.566568255 -1.43437338 0.511588037 -2.71491146
 79 -1.17217827 1.25759053 1.14501131 1.11162639
 80 -0.332931995 0.749367118 -0.575716615 1.05167794
 81 -1.04530191 0.210658491 0.720989168 0.441911280
 82 1.62628114 -1.19018388 -0.630430937 0.908978939
 83 1.04265475 2.53681374 -1.71399331 0.169811249
 84 -9.15269554E-02 2.12517738 -0.565602124 0.776025712
 85 -3.54972184E-02 1.00281954 5.97063787E-02 0.846976519
 86 0.313767552 0.785500944 -0.503939807 -0.532696724
 87 -0.719291031 0.337405533 -1.49785054 1.44221437
 88 -3.44028324E-02 -0.669908166 -0.560103774 0.290046751
 89 -0.134673804 1.68753839 -0.456171721 1.13985896
 90 -0.330077887 0.676312268 1.92839515 0.417941272
 91 6.15603328E-02 0.615581274 7.65245855E-02 -0.608177543
 92 -0.681974947 -0.351404548 -3.12979519E-02 -0.969921708
 93 0.967765152 -0.885464907 -0.131847411 -0.376500070
 94 1.46706104 1.61988127 0.721321821 4.25264388E-02
 95 -0.963022530 0.860724926 0.662560821 -0.973677993
 96 -0.558187962 -0.847114623 -9.15730000E-03 -0.165647924
 97 1.09446001 -0.302691132 1.02350831 -0.640063643
 98 0.145993099 -2.52733469 1.94043863 -2.81567574
 99 -0.746094942 1.47934234 -8.35378617E-02 -1.30565870
 100 1.00934613 0.846208453 0.939279377 -0.327169240
 101 0.204863265 4.90014479E-02 0.546633303 -0.642022789
 102 8.33937675E-02 0.425471306 0.446281791 -1.88038623
 103 -1.36321890 -1.48612165 1.15113986 0.366285056
 104 -0.657091200 -0.142897531 0.448448569 -1.61490595
 105 -0.454100996 0.326317728 1.86894095 1.61533964
 106 0.698480129 -0.604225516 0.834130466 -0.619262040
 107 -1.10746884 0.560840368 -0.213513538 1.02588296
 108 -0.943099856 0.567392886 0.679477453 -0.683399141
 109 2.64780331 -1.71993279 1.40199757 0.576929688
 110 0.229371801 1.56733096E-02 0.582177937 -2.18572545
 111 -0.187125772 -1.32844770 0.621950150 -1.87644446
 112 0.474357456 0.836338818 2.19227648 1.09720647
 113 2.54201102 -2.01820421 -0.485487998 0.586490512
 114 -1.01677465 -0.588757992 -2.54105186 -1.56258643E-02
 115 -0.215991795 -0.521577597 1.51992083 -2.42701817
 116 -1.24395764 -0.213106543 -0.634610116 0.769651413
 117 -0.572430193 1.55761027 -0.921023130 1.24219728
 118 0.870515883 -0.901650310 1.33892369 1.43851388
 119 0.248431548 -6.68333024E-02 1.00126731 1.12383854
 120 0.795195460 8.51128995E-02 0.370195091 1.52459276
 121 0.216375008 1.58740568 0.112664931 -2.20526457
 122 0.689520895 0.617046714 1.48644224E-02 0.891436577
 123 0.531058192 1.17807651 -3.09866369E-02 -0.629658580
 124 0.680259228 -1.36453927 -0.119173422 -0.326834142
 125 0.808072269 7.09308982E-02 0.898578942 -0.138063565
 126 -1.07558358 1.49899709 -0.537690043 0.507017910
 127 -0.345536470 -0.364279628 0.536622822 0.971143246
 128 -6.76093698E-02 -0.576977134 1.42636597E-02 -0.204908460
 129 0.578077316 1.16022956 -0.772398114 -0.221727237
 130 2.36151361 1.12700105 0.378638834 -0.562243938
 131 -0.379007012 0.584669113 0.561788380 0.324590594
 132 -0.539880633 7.88348019E-02 -0.668443918 0.979752004
 133 -2.84542394 0.229518458 -0.412259102 0.316260099
 134 -1.19138873 1.74436545 0.366982549 0.171815827
 135 -0.633964896 0.155180752 0.406934142 1.39805996
 136 0.427555054 -0.567892194 0.736347437 1.03476703
 137 3.61791402E-02 2.07217765 4.60428596E-02 0.189764008
 138 -0.182608053 0.431183726 2.16016912 -1.85787582
 139 0.662139058 0.287333995 -0.837885737 -0.897248983
 140 -0.228929043 -0.550534248 -0.622113049 -0.548477590
 141 1.53027296 0.102516115 1.28073108 -0.550942540
 142 0.320472002 -0.676449418 0.801510215 -0.345391601
 143 0.164367139 0.749790192 -0.187532395 -2.59841251
 144 -1.62745762 -0.280357480 -0.954110563 -0.645574927
 145 -0.553887963 -3.38871479E-02 0.518327951 1.23970699
 146 0.471489310 0.524696350 0.913719475 0.948981285
 147 -0.775153577 -1.96918392 0.160537556 -1.10277808
 148 0.969444394 7.62494802E-02 9.17198360E-02 0.401496261
 149 -2.17581582 0.174342141 -0.942945242 0.386041611
 150 -0.197992861 0.123983756 0.787778378 1.60158682
 151 -0.226281151 -0.275950670 2.15764761 0.667090535
 152 -2.48496699 0.147773683 1.29130793 0.388805091
 153 -0.459284484 -0.753027022 1.24766922 -0.894204736
 154 1.31546855E-02 1.36627555 1.52360976 1.40885067
 155 0.337962925 0.529303193 -0.353998333 -0.312712818
 156 0.381958783 -0.193107784 1.81261349 -0.744193912
 157 0.792059362 -0.403015077 0.649934113 1.19607377
 158 -1.71515656 0.413683534 0.760723591 0.613412738
 159 -1.01123857 -0.768990815 -0.274706513 -0.451750129
 160 0.225540310 -2.03370786 9.97412354E-02 -1.00631201
 161 -0.499087274 0.822350860 -0.155333310 -0.665967047
 162 -0.261908352 0.132652581 0.353567064 -1.09941232
 163 0.333228230 -1.14207709 0.418465942 0.753254414
 164 0.720270634 -1.56597364 0.863159299 -2.24187636
 165 -0.397509754 -0.459295392 0.733132422 1.14454079
 166 0.810393035 -1.66605449 1.80501425 0.583872616
 167 0.966421604 8.86052996E-02 2.29917383 -1.68985629
 168 0.820197880 -0.105514258 0.776780128 1.32927155
 169 -0.948681951 -1.19731259 1.01112735 -0.622101963
 170 0.909816623 0.417968124 0.770321488 -0.159095168
 171 1.00494576 -4.82580066E-02 0.262367696 -0.409738749
 172 -0.779936314 -0.253399879 -0.321769297 1.41499257
 173 1.41629112 -0.703012347 0.329194456 -1.57323658
 174 2.36341166 1.56688452 0.474457145 1.37633753
 175 0.808235049 -0.353915632 -0.429737866 -1.62945306
 176 -0.255200893 -0.278274387 0.651358068 0.742054641
 177 -1.01535869 1.06501222 -9.47464108E-02 -0.505108595
 178 -0.502550066 -0.109265834 0.227637410 -2.05661607
 179 0.202694729 0.165345460 -8.77492726E-02 0.512582898
 180 1.21877027 -1.01405489 0.148556650 -0.641450226
 181 8.65573734E-02 0.957500815 1.36177564 -2.23948741
 182 0.105072327 -0.490552664 0.320035517 -1.36561859
 183 -0.158390060 2.05630422 0.812274754 -1.44363022
 184 0.375270426 -0.900216103 1.03352857 0.885671735
 185 -0.619964838 0.602070212 0.529001594 0.700965226
 186 -0.741226435 -0.100819498 1.34606624 0.715430617
 187 0.509173691 1.51674294 0.542301655 1.39316559
 188 -1.97009826 0.434945524 5.52437752E-02 -1.46376145
 189 0.671259165 0.278782874 -0.764477372 1.51317310
 190 0.492636263 -2.45372200 0.368547022 -1.91367102
 191 2.24745274 1.00751317 1.05635679 -1.45441937
 192 -1.22320426 0.143696398 1.40670037 0.751437783
 193 -0.304882437 0.214103878 1.53189158 9.31417644E-02
 194 -0.491914600 1.36818933 -1.12836397 2.03248119
 195 0.881881952 0.360830069 0.269324511 -0.589572310
 196 1.65546536 0.465796381 -0.968808472 0.681829274
 197 -0.366945475 0.142660975 0.890676081 0.664584637
 198 -0.994058013 -0.272893220 1.05200291 1.02757084
 199 -0.120631143 -1.44381738 0.941013813 -0.543025136
 200 1.25085950 0.301664025 0.477551132 -0.335544318
 201 1.26247787 1.91626632 -0.418100595 -0.804723978
 202 -0.159750253 -0.428613007 0.666934907 -0.416073799
 203 0.988361478 0.755284965 0.369178027 1.08123600
 204 0.778554916 -1.08210981 0.497518957 -0.722163200
 205 1.33944130 0.296172768 1.21289563 -0.159881994
 206 -0.957067609 0.230851844 -0.597191155 1.06156349
 207 -0.125977874 0.797681332 -1.46946418 0.930673480
 208 -0.319814533 -0.134452492 1.90032423E-02 0.130449355
 209 -0.893782496 -2.63418984 1.69988382 0.977325559
 210 -0.273155868 -1.86357379 2.20091319 0.231331497
 211 0.530971169 2.08794498 0.122067131 1.40967798
 212 1.34886634 -0.512718558 -0.939525008 -0.368903100
 213 -0.764550149 -1.74899149 0.970433652 0.466108710
 214 1.76189411 0.306163758 0.246477142 1.31474996
 215 -0.767328858 2.65266037 0.124282598 1.58166885E-03
 216 0.967828631 -0.749932885 1.22318840 -1.25498188
 217 0.759287000 -2.01549530 0.602275968 -0.740874529
 218 0.181785345 0.514590979 -1.46057749 -0.139546096
 219 0.654637933 2.56330872 -0.558966517 -1.91699350
 220 -0.963563621 -1.98682737 0.272395819 -0.220337480
 221 -0.367288828 0.916147351 -9.69992429E-02 0.933255017
 222 6.62630796E-02 -2.58613038 1.60063112 -0.646709859
 223 1.10089159 1.60856986 0.612625897 -0.549221516
 224 2.65467954 1.23312473 2.27634013E-02 -0.585458040
 225 0.609258652 0.148150444 1.82022512 -0.116852909
 226 0.594663680 4.62553203E-02 1.66817439 -1.49226439
 227 0.382224798 -0.619238257 0.535533071 1.32478547
 228 1.59760070 -1.44095659 -1.28817415 -2.02548599
 229 -1.70266092 0.528534412 0.243552551 0.493143201
 230 0.484433889 0.133848161 -0.200104475 -1.59330285
 231 -0.752353251 0.774082184 -1.10835171 1.13993323
 232 -9.10612270E-02 -1.55219364 1.25329614 0.458751321
 233 -0.569166064 1.16049147 0.340298682 -0.426451206
 234 -0.916421115 8.22771937E-02 0.100519069 -0.768089712
 235 -1.10154104 -6.03905320E-03 1.92845392 0.392755747
 236 1.55111563 1.50756931 0.535461843 -0.231667057
 237 -1.10355246 -1.11526370 2.42380857 0.554446638
 238 1.45582902 0.376773179 1.65880966 -0.188978285
 239 2.03495121 -0.463009834 -0.347936720 -0.753238320
 240 1.20674443 0.260104954 -0.606729388 -1.14784729
 241 -1.62354910 -1.22223222 2.18064857 -0.827801943
 242 -2.69381809 0.610474646 -0.575434923 1.10956931
 243 0.553876281 1.36751997 1.08645225 -1.70577276
 244 1.84464306E-02 -0.558389068 1.14437950 -6.00572824E-02
 245 0.521606088 0.425550878 0.285701692 -0.804157376
 246 -0.340184748 -0.605627298 0.736485839 0.622511983
 247 -0.868533194 -0.450752288 -4.06148285E-02 0.539943933
 248 0.578340471 1.11544645 1.01221061 -0.162111253
 249 -0.346445918 -0.523487329 -0.563957393 -3.02442503
 250 -7.91694522E-02 0.327788204 0.803585052 -0.223674029
 251 -0.943363249 0.240194559 0.769142687 0.162303463
 252 0.835500598 0.643953979 -0.412869751 -0.903655529
 253 3.67845525E-03 -0.546048999 0.119791307 -2.41171265
 254 0.153766945 -0.339957982 1.34177601 -0.110152319
 255 -0.197799072 0.798086107 -0.430194616 -1.37722206
 256 -0.964130640 0.108785614 -0.264357001 -0.524268389
 257 0.742658377 0.904030323 1.03822911 0.572526574
 258 -0.136007637 -0.548881650 0.111206397 0.802604675
 259 2.26091886 -2.23198295 2.00408745 0.872208357
 260 1.32625782 -0.170607597 1.17131174 -0.368712187
 261 0.888612509 0.790753901 1.44783235 0.148302943
 262 -0.692730427 0.586536765 0.614843071 -0.348182261
 263 -0.285739064 1.24882460 2.58042121 0.690621495
 264 1.46370399 0.379892498 -0.104516149 1.24412251
 265 -0.480558544 -0.198577285 0.311918110 1.84311718E-02
 266 -0.797366917 -0.396351248 0.869805098 0.548250258
 267 0.384931654 -0.524697304 1.31025529 -0.211458027
 268 -1.33419418 -0.601610780 -1.10714591 -0.828583419
 269 -0.341317087 0.736230195 1.10350502 -0.458541989
 270 -0.483327001 0.738583982 0.782536983 -0.175660416
 271 1.79848671 -2.21328282 1.13733172 -2.15253949
 272 1.41769409 -0.378996611 1.11567855 0.709485233
 273 0.371995151 0.101796545 0.349846840 0.672207534
 274 -1.86794603 1.08213353 -0.639266491 0.916240036
 275 -0.196005657 -0.377948731 1.08140731 1.09037173
 276 -2.66631556 0.569488943 -0.326559782 2.21461207E-02
 277 0.922717035 -1.87416852 0.334518343 0.968366086
 278 -0.128709272 0.114258602 -0.240129262 0.644856811
 279 -0.925905824 0.188949928 -0.180581450 -0.252832443
 280 -0.553293347 -0.803179979 -0.134623840 -1.21821606
 281 -0.331478268 -1.68043840 0.498595595 0.220903367
 282 -0.709965527 -0.397505164 -6.91108704E-02 -1.32207382
 283 -0.692951918 -7.20300898E-02 0.439750403 -0.656970322
 284 -0.170732260 8.33128206E-03 0.512340665 0.259979129
 285 -1.08759069 -1.72090662 -2.01178265 0.146516547
 286 -0.315457940 0.426980495 0.520503759 0.254956156
 287 1.30195057 -1.11108565 0.855757833 -1.26921892
 288 0.152692378 0.787074864 -0.610152483 -2.52378416
 289 -1.84096873 -0.111341804 0.390337229 2.05648094E-02
 290 -4.30521369E-02 -1.61968863 -0.202936903 0.131821990
 291 0.935524106 -0.190463036 1.56581807 -1.48649681
 292 -1.51997721 1.84933472 0.879009068 1.27614534
 293 -1.49462104 -6.01496100E-02 -0.329647899 -0.156153634
 294 0.250016928 0.891188383 0.643971741 -1.47526634
 295 0.923702478 -1.24770713 -0.490574539 -9.91187990E-02
 296 -0.123032376 -1.88425767 -0.396134645 0.876320124
 297 0.553175032 0.185838893 0.799930036 0.611304641
 298 -1.36293268 0.462642223 0.655096889 1.48693478
 299 0.667046785 0.359526813 0.786744297 -1.66039467
 300 0.230723411 -1.75529814 -1.61863875 1.00853682
 301 1.94020379 -0.939859927 1.56634533 -0.455614448
 302 -0.116066337 0.555424929 0.387661159 -0.719517827
 303 -1.41489446 0.508072078 0.174670175 0.530989170
 304 -0.886200130 1.03012705 -0.514973521 -0.480469048
 305 -0.575053811 -0.873371005 0.405560970 -0.439969063
 306 1.43050301 -1.80210710 0.267906904 -1.41613114
 307 0.554222405 0.522204518 0.867963016 -1.70758438
 308 1.97299623 -1.05349398 1.19500566 -3.17552835E-02
 309 0.572536111 -0.275938213 0.750622749 -0.399009109
 310 2.29636860 0.403901398 0.473925054 0.404953301
 311 -0.143893212 -1.65726280 1.15063894 -1.11696315
 312 0.535401940 -2.81121397 -0.386639953 0.928620875
 313 -2.02090406 0.216239929 0.677068412 -1.55338895
 314 0.737718463 1.51618433 0.973361731 -0.670029879
 315 -0.180026323 -2.35544968 1.05719805 -1.23554647
 316 -0.374200046 -2.46186113 0.711087763 -1.17142105
 317 0.134429336 -1.46167493 2.30643106 0.212057903
 318 1.42470014 -1.24579155 -0.523786664 0.851074696
 319 -0.115780324 -0.476031363 -0.886179566 0.277912259
 320 0.967060447 -1.93289256 0.633246124 -1.70841217
 321 -1.70933044 -1.52406454 7.57582337E-02 1.42191470
 322 -0.596341252 -0.394996762 0.252978295 -2.34015131
 323 0.973207593 -0.976119518 -0.914448023 -0.135256618
 324 0.112634182 1.92609429 0.411938936 -1.96048248
 325 0.513793468 5.73572516E-03 0.331209600 0.187154323
 326 0.172578946 0.144095495 1.05362082 0.848565757
 327 0.382597774 1.27756917 2.08120322 0.515605092
 328 0.821468472 -0.281802356 0.522082388 -2.00666976
 329 0.822974801 -0.780966043 0.501892984 -1.06749320
 330 -0.894184828 1.05812454 -0.147025764 -0.928943992
 331 0.572003245 -1.17498863 2.42691946 -1.32896698
 332 0.307352006 0.501967251 0.428666949 0.396991134
 333 -1.51024151 -1.12302828 0.356039792 -7.43905455E-02
 334 0.738870502 -0.704982042 -8.20330977E-02 -0.351219982
 335 -0.164851740 -2.03622961 1.20829844 0.732364476
 336 0.192184061 3.54743972E-02 -0.329848707 -1.57767129
 337 2.71694350 -0.518692791 -0.436255038 1.09355855
 338 -1.64897668 -3.13864052E-02 -1.02440667 -1.21571422
 339 0.228179500 -1.36619318 1.20599818 -0.990670323
 340 -0.377951145 0.330540061 0.882307470 0.919620633
 341 -0.939247012 -0.221218109 4.13012728E-02 5.32186031E-03
 342 0.102060169 1.36051440 1.23228931 0.283632874
 343 -0.811209857 -1.70764256 0.522474647 -0.369399369
 344 -0.693300545 -1.08184397 -5.34063429E-02 0.356863856
 345 -0.149142981 -0.856974542 0.720081627 -0.584263623
 346 -0.457781971 -1.11078846 0.201039746 -0.597087443
 347 -0.305748075 0.694977164 0.803237379 0.875447273
 348 -0.723428369 -0.920300126 -0.606188297 -1.97057855
 349 0.630056798 -0.561958313 -0.452496588 -0.981795371
 350 -2.99565308E-02 0.904721618 6.71574250E-02 1.34566975
 351 -1.68602276 1.30482364 -3.95364016E-02 -0.205917031
 352 -1.29140878 -0.272700071 0.953098595 9.24379975E-02
 353 -1.37578106 -0.781762600 0.368154973 -1.58290374
 354 -0.373933017 0.374846637 1.95311117 1.15498245
 355 4.26229835E-02 0.295984060 -0.167255342 0.192121714
 356 0.688154042 0.502626300 -1.48122394 -0.651077628
 357 0.568684042 -2.09000230 -0.485782146 -0.457263529
 358 -0.257520556 -0.417258978 -1.16165352 1.42681563
 359 -0.720188498 -0.561161757 0.475215733 -4.31584865E-02
 360 0.585709572 -0.239085853 0.193039462 -0.533194602
 361 -1.49144697 0.379374981 -0.421763599 0.897568464
 362 1.57033491 -0.770407975 0.140798211 -0.954960287
 363 8.97585452E-02 -0.695731938 -0.717421234 -0.953781962
 364 -0.413990617 0.416607797 0.328975081 0.162682518
 365 1.43838787 -1.53354931 -0.643475950 0.249031618
 366 -0.430015415 0.554632187 -0.952916563 -1.11670184
 367 -2.25245142 0.148743689 0.487581044 0.655732453
 368 6.56073093E-02 0.195302576 1.66640210 1.13579118
 369 7.11722523E-02 0.865633726 -0.318438172 -1.75218797
 370 0.316442758 -0.572864294 0.225584269 -0.810578108
 371 -0.848090529 -1.60438883 0.379909366 0.343229055
 372 1.30514669 -1.33466434 0.104495555 -0.890668213
 373 -2.67683506 -1.35874283 -4.67159897E-02 -0.209234685
 374 0.285127014 1.74766695 -0.804356694 -9.68770534E-02
 375 -1.35502243 -1.29892373 0.757169604 0.862469614
 376 -0.571639538 -0.729826629 -0.478541702 1.03282249
 377 -1.05510831 1.01555336 -1.16442347 0.781487882
 378 -1.77465856 -0.714014888 0.693636417 0.763688207
 379 -0.219718188 0.772977948 -0.827831209 -0.443868995
 380 -0.687859654 -0.506906867 -0.633574367 -1.05353451
 381 -0.164055318 0.305731028 0.441670567 1.05922055
 382 -1.05344212 1.27446306 0.175202668 1.16295826
 383 0.273324341 0.608873606 -0.258623987 0.413840771
 384 1.03686690 0.188936412 0.923752487 -1.53346777
 385 0.454118907 -1.11625826 1.18044639 1.55038619
 386 -0.504450142 0.264389366 -0.448853791 -0.752789080
 387 -0.463420659 0.800211728 -8.67500454E-02 0.627447426
 388 -1.77412784 0.465140879 2.85406280 -1.49314606
 389 -1.10440981 -0.899022818 0.269179255 -0.815454423
 390 -1.04756105 0.169749171 1.33146179 1.34605598
 391 -1.98303103 -9.48484689E-02 1.12368691 1.19054151
 392 -1.52612674 0.802267432 5.92407174E-02 1.49133325
 393 -0.791173100 1.57117295 0.881215692 1.15408731
 394 0.740108728 0.406452447 0.732988834 0.851672053
 395 0.940527558 0.487337381 -0.309276134 1.30236220
 396 0.526479363 -1.47389364 0.655908406 0.802463233
 397 -4.13205028E-02 -1.75227511 5.69999367E-02 0.831489146
 398 -0.543641865 -0.959869266 -2.63648480E-02 1.31795466
 399 -0.892706275 0.970637918 -6.46889508E-02 1.24636555
 400 -0.231760204 0.947641850 2.58388054E-02 9.50125307E-02
 401 -1.32852054 -0.256674707 0.430827290 0.975672841
 402 -1.38729310 1.12677634 -0.224691436 1.15212011
 403 0.552471578 -9.62642580E-02 0.448137015 -1.97317588
 404 -0.519653857 0.321553171 0.405346662 -1.31878352
 405 -0.925228357 0.903566003 -0.280402631 1.13804078
 406 1.22831953 -1.29464149 -0.426715523 1.19918883
 407 -0.188378513 -5.84941506E-02 6.50990009E-02 0.441938013
 408 -1.66950524 -1.39440596E-03 0.943488359 0.942716837
 409 0.332691431 -0.682207406 -0.979932487 -1.16046846
 410 -0.466176629 0.598389983 -0.973657966 0.589065135
 411 -0.999866068 1.34592211 1.05561256 1.07093751
 412 -2.28399539 1.04055393 1.41377449E-02 0.735058546
 413 -1.95695572E-02 0.154067859 -0.674226701 -0.129553497
 414 0.566917896 1.71222794 -0.136308163 -2.32854724
 415 0.303271770 -0.947289884 0.743039191 0.488605887
 416 -1.03863800 1.27222049 -0.770346045 -0.172866702
 417 0.266234159 1.12673497 0.384479403 0.859841824
 418 6.83090016E-02 -2.12729955 0.711749077 -1.05657768
 419 1.41248870 -0.498592377 0.615854979 1.62632132
 420 -0.935943842 -0.869866431 -0.216919526 -6.30595982E-02
 421 -1.05884027 1.09151495 -1.61035192 0.961285710
 422 0.261866748 -1.02451980 -1.24423230 0.708844721
 423 -1.03920174 0.897044837 1.65689206 -0.313940436
 424 0.195930228 -1.95155990 -1.50281298 0.734945357
 425 0.606787086 -1.68937814 0.591956615 -1.15735483
 426 -0.501807868 0.860381603 -0.442567408 1.01673126
 427 -1.22226822 -0.616147518 0.702249825 0.826593578
 428 -0.372681141 0.116902530 0.343109429 -0.917077720
 429 -1.84705245 -0.275475711 1.01448250 0.159600437
 430 0.772357285 0.523851812 0.336629272 2.16070294
 431 0.330369890 0.847955525 0.419656575 -1.33822858E-02
 432 -0.999242663 -0.225390479 -0.632689953 0.152039438
 433 0.478619426 0.299401551 5.15328944E-02 0.751178622
 434 -1.18406415 -0.128472477 0.392044663 5.17825484E-02
 435 -1.44870055 1.72413063 0.201486498 1.38406420
 436 -1.37735951 -0.502852738 0.320027411 1.14378190
 437 -0.730056465 0.169583708 1.54560876 0.222186625
 438 1.30183041 0.444273114 0.743209481 0.455721349
 439 -1.61878848 -0.876693904 0.849743128 1.43914580
 440 -3.10433125 -0.502804279 -1.06388164 1.26395285
 441 -0.545302629 -0.165858209 5.40124103E-02 0.593827963
 442 0.112813592 -2.78799820 2.23486304 -0.950331569
 443 -3.04225758E-02 -6.52561337E-02 -1.14970696 0.170366019
 444 -0.516556144 1.08468759 0.332067072 -0.147726521
 445 -0.677304685 -1.05537260 1.94565654E-02 -1.23861861
 446 9.68110710E-02 1.47029138 0.738117814 -0.797704697
 447 -0.272937179 -2.44947767 1.79406762 -0.985841274
 448 0.930986524 0.509992719 -0.147199318 0.150588885
 449 1.87742400 1.83977902 0.179387912 -4.70993295E-02
 450 4.40843403E-02 -0.565688193 0.500439763 -0.393229783
 451 1.32028365 -0.329089016 0.194165558 -2.44298911
 452 0.419150352 -0.537173331 1.73615301 -0.856083930
 453 0.674145818 0.770337999 0.379923612 -9.76889208E-02
 454 -0.997815907 -0.554689527 1.62241316 -0.873808384
 455 0.912733078 1.05894315 -0.734552979 3.68031859E-02
 456 -0.424284995 -1.24711108 1.71641088 -0.721192479
 457 -0.293096125 0.619403899 -0.679149151 -1.38883364
 458 -0.305988371 0.573400259 0.906209052 1.23762476
 459 0.733689427 -0.365942508 1.71364486 1.43018234
 460 -1.49744022 -0.795839250 7.32720494E-02 1.43534338
 461 0.374903321 -7.28632510E-03 0.444504589 0.937304735
 462 -1.16623342E-02 -7.72918612E-02 1.36160076 1.32660663
 463 -4.54151183E-02 0.609081030 0.764601767 1.36639476
 464 -1.06128305E-03 -0.243251979 -0.766708851 0.539812922
 465 7.63647109E-02 0.274470150 0.596828401 0.866058469
 466 0.711373091 -1.45981848 9.77119505E-02 -0.300348580
 467 -0.898653328 -2.07823849 0.481555700 -0.876440287
 468 1.44047391 -0.412961364 0.892435968 0.297476530
 469 -1.63840246 1.18895578 1.57581198 -0.102831125
 470 -1.66397834 0.558451951 0.722134531 0.253087550
 471 -0.244146705 0.548912823 2.03170133 0.651859522
 472 0.787213564 0.595737338 0.197924480 -1.35769176
 473 -1.12589920 0.837106884 0.703045964 2.72456408E-02
 474 -0.174725309 -0.209892511 1.79765332 -1.04074180E-03
 475 0.143357009 -0.746265590 0.886512995 0.372390389
 476 -0.574758410 0.344200760 0.885546744 0.300814331
 477 -1.47503006 1.12740850 1.00500691 -0.575460732
 478 -0.787282586 0.649093568 -0.653103828 -0.238373235
 479 1.11067879 -0.426635385 0.688905060 1.40934551
 480 -0.889380515 0.630129099 0.677527070 -0.759856105
 481 -0.797628760 0.164930433 -0.802141607 0.667633235
 482 -1.13646138 -0.156616822 8.71887505E-02 1.36504817
 483 0.495402455 0.600520730 0.847449601 -0.489439011
 484 -1.53657985 -1.05997849 0.525749683 1.53151429
 485 -0.564082563 -4.18884903E-02 0.106976219 0.699101567
 486 0.673527002 1.29080677 0.180876285 -0.683211446
 487 -1.43919027 9.96462405E-02 -0.335093409 1.02824950
 488 -0.342428863 1.54359639E-02 1.18643248 -0.279547185
 489 -1.93275499 1.11278558 0.475056350 0.973011494
 490 -0.696729720 0.939330578 0.295571327 0.291947037
 491 -1.45067692 1.20255089 1.04024053 -0.328600913
 492 -0.428311765 0.972392857 0.441147387 1.15075445
 493 -2.76577139 0.399252117 0.321070820 0.572744429
 494 0.459380865 -1.62646210 0.686375022 -1.24704087
 495 -0.112565339 -0.275354236 0.791129470 -0.980706990
 496 -0.798791707 -0.662723064 5.94293401E-02 -1.85487121E-02
 497 -0.831940174 -0.933486164 0.480091184 1.24919903
 498 -0.470860213 1.27115548E-02 -0.226736903 1.78357947
 499 1.38880539 -1.62288177 1.35010695 -0.892948449
 500 -0.920924246 0.158374444 0.921600401 0.851784408
 501 -1.11184704 0.770900905 5.20367138E-02 1.27128363
 502 0.616951942 -1.72471857 0.947068512 -0.420390248
 503 2.02658963 0.178223103 2.05600524 0.220438182
 504 0.157011837 0.683518052 -0.242746040 1.56326604
 505 -1.07575190 0.224967867 -7.16346875E-02 0.459541053
 506 -1.46563137 1.18213964 0.297936082 1.33942640
 507 -0.681325853 0.681825399 0.959650934 1.08162260
 508 -1.23117280 -0.101328336 0.388751805 0.632518172
 509 0.755351126 -0.248282194 -0.965884984 0.788723469
 510 -0.189977810 -6.32620156E-02 0.834462762 -1.35659426E-02
 511 1.04272711 0.917897344 -0.370400757 -2.08271670
 512 -0.797060966 0.796625078 0.199289411 -0.101130232
 513 0.954660416 -0.559925318 8.66188109E-02 0.772052526
 514 7.43785948E-02 -0.149087965 0.958886206 -0.324031711
 515 0.669830441 -0.121882468 -0.643626869 1.37128830
 516 1.35459578 -1.03649247 -0.826987088 -0.259825617
 517 1.13047075 -0.338692307 0.123671502 1.06690478
 518 -0.251137793 -0.839787841 -0.753552437 0.320610404
 519 -1.23749173 -0.547320664 -0.101890296 0.688747644
 520 0.451935172 0.110026963 0.289767355 -1.43435311
 521 -0.200974867 -1.64681244 0.245570689 0.604844213
 522 0.275320649 -0.840124369 0.176982462 -0.865297675
 523 -0.895223618 0.820166230 1.58452797 -1.90399957
 524 -1.87890732 0.602567077 0.534438372 0.442485988
 525 0.580105007 0.562036574 0.762045443 1.29762244
 526 -0.997884214 0.737045825 0.429881930 -1.38224816
 527 0.645712972 -0.360297948 -0.572044969 0.444089144
 528 -2.53338218E-02 1.01781297 0.952044010 -0.281464309
 529 1.77014720 -1.37970531 -0.318388343 -1.04973567
 530 0.344083220 -0.812676430 0.585340559 -0.343261123
 531 -1.50555646 -0.711341500 -0.507028699 0.474494874
 532 0.148936704 -0.872892618 -8.99263024E-02 1.05911541
 533 -0.323536277 0.428143352 -0.318291306 0.761398435
 534 0.543548286 -1.16860271E-02 0.549901843 1.28600097
 535 1.38737035 1.49353147 0.585022807 0.720353186
 536 -1.04826188 -0.687328339 0.590289354 0.701901793
 537 0.771607518 -3.01757827E-02 0.212771684 -0.286479652
 538 1.49245811 0.357265383 1.01557231 1.24804711
 539 0.662124336 -1.47677279 1.09107625 -0.126792908
 540 0.819630027 -0.495471120 0.648431718 1.21096337
 541 -0.449508041 1.11978948 -0.100300133 0.391412228
 542 0.166095048 -0.121411093 -0.342419118 0.875790596
 543 -0.432724297 0.543037772 0.284807444 1.05410099
 544 -1.95025814 -0.926330090 1.24217904 1.29483342
 545 -0.452135265 0.921310544 8.78273398E-02 0.848379433
 546 0.700693607 -0.114195310 1.32193923 -0.738397241
 547 0.191046357 -0.324159056 -0.112521559 -0.969495416
 548 -1.96536899 1.92108974E-02 -3.52851823E-02 5.46539724E-02
 549 8.35053474E-02 -0.887462854 1.41549361 0.975187540
 550 0.226059407 2.25376129 0.638333321 -1.63348269
 551 0.180422664 0.708022594 1.61136591 -0.256676346
 552 -0.617770433 1.72392738 0.461717963 1.43741322
 553 -1.91589200 0.140963078 5.17129153E-02 1.22112906
 554 -1.29569566 1.04069531 -0.173656777 0.910730302
 555 -2.26909276E-02 0.931456089 -0.468807042 7.58075714E-03
 556 1.62709403 0.817136288 0.169298053 1.01985180
 557 -0.447991371 0.886389852 0.207663774 1.51398849
 558 0.231848106 -0.634641886 1.32537222 -0.675566256
 559 0.708659708 1.88671756 0.681535840 -1.37291896
 560 -0.338803202 -0.849149585 1.21589839 0.445707679
 561 1.19726253 2.03758907 0.166958809 0.532753348
 562 -0.120707005 2.20343184 1.30389166 0.479186416
 563 -1.92440760 -1.04730284 -1.32720804 -0.638847649
 564 -0.254831254 -0.158811182 0.937182546 0.291571528
 565 0.517533779 0.865470767 -1.39246249 0.718415976
 566 0.855016232 -1.54084659 1.49559808 -0.191496000
 567 -1.67467165 0.348375261 -0.604953349 -1.34914887
 568 -0.661525130 1.16347146 0.218211979 -0.630789518
 569 0.665939927 0.776707113 1.10237217 1.06573415
 570 -1.06502390 -0.405724645 -1.03780162 -0.298294574
 571 -0.984297514 -0.221679196 -0.890968919 0.742127538
 572 -0.395708501 0.334925205 1.58405888 0.497804046
 573 0.500529468 1.18262398 0.617558956 1.21344054
 574 0.272845060 0.677498519 0.297733605 1.32747805
 575 -0.604699254 -1.18815649 0.444989234 -1.88988245
 576 0.313473374 1.09902227 -4.87951338E-02 -1.81077719E-02
 577 1.96385694 -0.237116590 1.80339599 0.612349391
 578 -0.388288975 0.186405778 2.04658556 -1.16152775
 579 -0.311887324 -2.17077470 0.536658406 -0.422431618
 580 -0.564802408 -0.915360808 0.809032857 1.17641199
 581 7.31129423E-02 2.96453461E-02 -1.21756506 0.169032022
 582 -0.426903665 -0.517061055 3.05452943E-02 -0.230987340
 583 0.772314906 0.243845209 0.835167408 0.324379504
 584 -0.878601968 -0.802720964 0.901982427 1.02862155
 585 1.77463567 -1.47929645 0.993361294 1.24288154
 586 -9.21388566E-02 -0.522116661 -0.506952524 1.13896954
 587 -1.60840356 0.959648430 0.278962076 1.30676365
 588 -0.441953748 -0.874610186 -0.588880241 0.910425186
 589 -0.679567635 0.113051116 -1.47080338 1.05052984
 590 1.24818909 0.348769963 0.118955538 0.806243837
 591 0.105327591 1.42610013 -0.647825420 -6.30144477E-02
 592 -0.214566827 -1.43502915 0.423739314 -2.98636246
 593 -2.34649801 0.684118032 5.89816719E-02 -0.729333401
 594 1.04136074 0.530310988 0.104600802 -0.104945026
 595 0.157032236 -1.70305645 -3.48311663E-03 1.22598863
 596 -0.894348741 -4.63941842E-02 -1.07941139 1.24539423
 597 1.30519915 -0.416573614 -1.24853337 1.88295949
 598 1.20478249 0.555339754 0.160631835 1.11400127
 599 1.75042391 -7.22550675E-02 1.27582586 0.948568225
 600 1.38679433 -0.836488366 1.54050696 -2.03148150
 601 0.838773489 -1.30425107 -0.465729892 -0.796316803
 602 -1.36562657 0.482655436 1.37389255 0.507266521
 603 1.18502247 -0.338616520 -0.165285528 -0.754122257
 604 -0.140970245 1.03885841 0.141745076 1.10439909
 605 0.218453780 -0.594293833 6.85155839E-02 1.78461373
 606 -1.54589224 1.05487967 0.981191337 6.97752237E-02
 607 -1.18804336 -1.06273437 0.160763159 0.839509487
 608 1.51266026 -0.693113804 0.882126570 0.879586697
 609 0.428599477 0.784316659 0.540487587 1.84941471
 610 0.368183881 2.53908682 -1.20303345 0.110034376
 611 1.11964464 1.06974757 -0.146641880 -5.32022789E-02
 612 0.381003678 -0.853463352 1.09485948 0.518255353
 613 0.221714124 0.449254215 0.576979995 -0.504368782
 614 -0.663319707 1.15658391 -0.337508380 -2.66205406
 615 -0.614760458 0.225389913 -6.76895976E-02 -1.91621733
 616 1.66226280 0.354679167 1.28986180 0.165041476
 617 1.04572952 -1.07567549 8.71290490E-02 -0.353295922
 618 1.53899515 3.03619131E-02 2.19054270 -0.750281096
 619 1.16888428 -1.80646491 0.230334103 -7.47754127E-02
 620 -0.287059486 -1.35579824 -1.21144307 0.596302152
 621 -0.794251204 -0.280672222 0.699122250 -0.292458147
 622 -1.07460034 -0.511130035 0.602330327 -0.397957921
 623 1.37970710 0.990098357 -1.08082294 1.27052581
 624 0.444243550 1.43530059 0.199653685 -1.71898746
 625 -0.935238957 1.91561723 9.52472836E-02 6.50406182E-02
 626 0.109150350 0.337563157 -0.462023109 -0.526048303
 627 0.692599595 0.466988474 0.173797891 1.54339516
 628 1.49814188E-02 -2.09721923 -2.94369012E-02 -0.660334051
 629 1.21837223 0.188750401 0.132418364 -0.384549618
 630 -0.989299893 -0.391902983 1.76296806 -0.527749479
 631 1.71983492 -9.43243504E-02 0.308839738 0.951025963
 632 -0.206212327 -1.39542758 1.65355456 -9.04316381E-02
 633 1.14169371 -0.843308449 -0.544447184 0.214337319
 634 -1.39448333 -0.596721530 0.223041758 -2.20336103
 635 -5.92933148E-02 1.47512913 -0.201306701 -0.569248319
 636 -0.679904342 1.54319561 1.66781783 -0.223681271
 637 1.12469530 -1.14916778 -0.296728432 1.02909613
 638 1.35606682 -0.212189645 -0.546141863 1.52436829
 639 0.381486118 -0.620395839 -0.353866160 -0.643439054
 640 1.14409900 -0.689706922 -0.520662725 0.671698809
 641 0.221206963 1.96242344 -7.91450590E-03 4.21050936E-02
 642 1.09299099 0.659006476 0.197361261 -0.551504195
 643 -0.635331929 -1.21829093 0.496797055 -0.807711840
 644 1.08072484 -1.77803934 -0.884010077 1.10982132
 645 0.121058524 -0.187108248 -0.803476155 0.359662354
 646 1.15422606 -0.157899141 1.74258733 -0.132048845
 647 1.71019971 0.516381025 -0.672802687 -9.05662924E-02
 648 0.333267421 0.208875507 0.634305596 1.69168234
 649 0.809231937 -0.118509620 0.123525888 1.26345444
 650 -0.361259758 -0.302023351 1.39853501 -0.387957335
 651 0.948112249 9.38869119E-02 0.809753776 1.05765808
 652 0.484019876 -1.18739235 -2.78806984E-02 -0.857516766
 653 0.859408200 -0.973922491 0.341075778 -1.22427869
 654 -1.85650885 -2.42519784 0.314549625 -6.01763427E-02
 655 -0.594312966 -2.05767369 0.976414204 -1.10098743
 656 -0.153639421 -0.424524605 0.259839952 0.381594777
 657 -1.11652541 0.702012599 -0.946562827 1.52094257
 658 -1.89091623 1.79780602 0.746681035 -0.180336535
 659 -0.465320528 -0.951345444 1.15658724 -0.277633399
 660 -0.318483651 -0.398760527 1.48316741 4.30315733E-04
 661 -0.780642688 -1.43395102 1.30813813 -0.413226873
 662 0.713340700 -0.845686674 -2.00544333 1.29581892
 663 0.673264384 -1.75850606 1.41979694 1.32223237
 664 -0.596411586 -2.97091198 -0.571803212 0.548586667
 665 0.241395012 0.828113019 -1.01920271 -9.35524777E-02
 666 1.06384802 -0.183443576 1.47541773 -2.34916306
 667 -1.50247586 -0.169219926 1.74176693E-02 0.743596077
 668 0.730560124 -0.895978808 2.53152370 1.15577936
 669 0.895615757 0.178924486 1.12323880 -0.149024874
 670 0.195959568 0.506300092 -0.775323689 -0.148463339
 671 -2.01563740 -0.517695367 2.93800086E-02 0.172014445
 672 -0.352384001 1.33472741 0.318105191 1.04745674
 673 0.895502925 1.07802367 -3.69541794E-02 0.115225807
 674 0.634948552 0.646110892 -0.897385657 -2.32059789
 675 -0.157416940 -0.304695517 -0.127193481 1.18689752
 676 0.188457459 -0.652615130 -0.160411835 2.24432755
 677 0.373591125 0.614605606 -1.05814147 -0.777879477
 678 -0.474031508 -0.331609517 -0.801530242 1.78004622
 679 0.210587800 0.160784304 1.83046162 -0.155891851
 680 -1.07986283 0.112772271 0.345939219 1.91298199
 681 0.386275351 -0.340361297 0.714867055 -0.968344331
 682 0.719566107 0.696443796 -0.950515687 -1.34861970
 683 -1.14729261 -1.27643013 1.89743191E-02 1.25970685
 684 -0.120384268 -0.864030421 0.514822364 4.23064828E-02
 685 -0.849171877 -1.29924691 -0.156310767 -0.545744598
 686 1.26964903 1.64983666 3.82390320E-02 0.286234736
 687 -0.129209176 -0.981533945 8.24994519E-02 1.50227392
 688 -1.26170743 -1.81756890 0.755610049 -0.678614318
 689 0.811173141 0.482314259 -1.08228886 0.679158449
 690 -0.583306551 0.857046664 0.357576221 1.06847191
 691 0.364044607 -0.102125272 -1.21846628 0.467703819
 692 1.19213128 0.588347733 4.38309908E-02 0.267085850
 693 -1.15978277 0.546833694 1.45021105 -1.01426494
 694 0.645200551 0.425045013 -1.24961638 1.93674076
 695 -0.211593091 -4.13727537E-02 -5.06207794E-02 -0.165161982
 696 -0.354083449 -1.59879756 1.29265118 -0.158049062
 697 -0.712162375 -5.92650771E-02 -0.600902915 0.633706748
 698 1.26748836 -0.394443512 -0.218459219 1.04084384
 699 -0.938151240 0.793350220 -0.952345788 1.05103981
 700 -0.844094992 -1.89091873 0.427415580 -0.845927596
 701 -1.08903623 -0.105350763 -1.69623375 0.251345485
 702 1.26496136 -0.528349936 1.28376913 -1.13965058
 703 1.98796913E-02 1.20392621 0.761750817 2.55236179E-02
 704 -1.64881200E-02 0.191296965 -0.476057261 -1.38643074
 705 1.55201375 0.847799659 1.18237400 1.23503792
 706 -0.207779512 -0.828681409 0.880682886 1.57941282
 707 -0.172116920 0.309999436 0.249864921 0.954069495
 708 -0.576411188 -1.96237278 0.800438225 -0.720086336
 709 -1.03872323 -0.518700719 -0.543273449 0.468580633
 710 1.85897541 -0.518091619 -0.423061967 1.07562828
 711 -0.507629931 -0.823917687 -0.254089862 -0.722590804
 712 -0.643940330 -0.476693928 0.632150948 -0.550965428
 713 0.403920829 2.04991388 -0.102408499 -1.34319258
 714 0.537901461 -0.831150234 0.932828665 -3.14078665
 715 -0.545388699 1.35053325 1.70522010 -0.531229436
 716 -0.935982347 -0.638293922 0.810681164 -0.541825235
 717 1.09269035 -0.372512519 -0.929670274 -0.873919010
 718 0.466818929 -0.677463412 -0.825609803 1.39348066
 719 -0.138741091 1.23881459 0.447251141 -0.122186802
 720 0.855218172 -0.729045451 -0.346294343 -1.93922400
 721 1.18684125 0.460129261 0.799311161 -5.94398379E-03
 722 -0.958798051 -9.03090388E-02 0.383112669 -0.779354453
 723 0.330635577 -4.58884388E-02 0.909944057 1.73596561
 724 -2.44537449 1.82756317 -0.630331516 0.355873853
 725 0.113114707 -2.01722527 1.06502020 -0.785828054
 726 -1.34564948 0.491810620 3.19802612E-02 1.62682450
 727 0.402810186 -0.190595165 0.324471354 -0.543616831
 728 -0.896029234 1.48710239 0.328211874 -0.118353069
 729 1.24264169 8.77133533E-02 0.521327853 -0.718385696
 730 1.40439296 -0.733402848 -6.18803501E-02 -0.399163425
 731 -0.724538684 1.51726532 -0.807686687 2.02395105
 732 -0.918337584 0.723045290 -4.65251207E-02 1.21744406
 733 1.62723804 -1.21193516 2.52807093 0.867133856
 734 0.422925293 -0.300430536 1.13437939 0.806979895
 735 -0.952507317 0.633645296 -1.16453218 -0.874563694
 736 1.39985776 -0.646607399 0.554689705 -0.507157564
 737 -0.863886476 -1.01708400 0.289087206 1.12137806
 738 0.618434429 -0.365491748 0.883272052 1.33287787
 739 1.72731268 -0.459410161 -0.483974516 -0.639044344
 740 -0.457237184 0.397688091 1.24775481 -0.198557168
 741 -0.702343106 -0.127656192 0.632089972 1.38180721
 742 -0.144073173 -0.973913014 1.04958081 0.727055073
 743 -1.58138692 1.17383540 -0.904379249 0.795798540
 744 6.83550686E-02 0.835972309 -0.654441237 -1.83075666E-03
 745 5.78302518E-02 -0.926872671 -0.128161982 1.86314833
 746 -0.470833838 0.255729765 0.501313388 0.803758681
 747 0.292976886 0.134141773 0.443346769 1.34405780
 748 -4.76724803E-02 0.296668351 0.559568465 1.18613148
 749 0.216997638 -1.01749873 -0.211620197 -0.746920109
 750 0.601927996 -1.09100258 0.405061841 0.501741827
 751 1.11816752 0.964897990 -0.304014862 -0.220742226
 752 -0.476065040 -0.418732107 0.631113768 -2.13573551
 753 -0.137217313 0.126943558 -0.379182220 1.13405097
 754 -0.154707864 -5.54207526E-02 0.452202231 0.809502065
 755 0.484060913 -2.15371108 -0.123490274 1.50737023
 756 0.407196879 1.10938394 1.31272566 -1.54643059
 757 0.672013521 0.527336895 -0.386335760 1.76384747
 758 -0.379906744 0.421211213 0.543070674 -0.618709803
 759 0.968565941 0.558690846 -0.840992391 -1.21361041
 760 1.64083695 0.183401823 2.11242414 0.223905697
 761 -1.62060440 -1.58221436 1.00771379 -0.584025741
 762 1.72176242 1.90461695 1.27232969 0.963571966
 763 0.171187490 0.787773967 -0.476669937 -0.540247798
 764 0.372025460 -1.30873787 -1.12409520 -1.15578806
 765 0.262356341 -1.05183494 -0.836115241 -0.568519354
 766 -1.08349013 -0.686613858 1.54012942 -0.164723873
 767 0.578809977 1.10485327 -0.208726674 -1.96290100
 768 0.397388071 0.795180142 0.159663737 -0.465740144
 769 0.653793395 -0.424693048 0.350548387 -0.944843233
 770 -0.198513269 -1.19487774 1.36810410 -1.54666424
 771 0.954740047 -1.11933565 -1.47571063 -6.54644445E-02
 772 -1.27022624 -0.825282335 0.319592059 0.578215420
 773 -0.540948212 -0.384315521 -1.21281397 1.57277250
 774 0.932883561 -0.803965390 0.922186434 -0.730677307
 775 0.455172241 -2.35092044E-02 0.429689825 0.149750262
 776 0.300707340 -4.71877009E-02 0.264680505 -0.307068169
 777 -0.710196257 -0.391201854 0.571692228 -1.64367807
 778 1.11118704E-03 -0.434013993 0.707952857 0.926009953
 779 0.981757641 1.15542984 1.58414805 1.44396639
 780 0.231909275 -1.01629221 -0.292831242 0.649813652
 781 0.297822893 0.322368085 -6.60453141E-02 0.555399179
 782 -1.18473387 -1.62980103 0.553635478 -1.31811655
 783 -1.26499474 -0.777275205 0.199364737 1.57316709
 784 0.232733637 0.371937305 0.712882578 0.589289248
 785 -0.751959622 -0.391272604 0.252649367 -0.774660110
 786 2.30705380 1.13856184 -0.627324045 0.898106515
 787 -8.79978910E-02 -1.52225399 -1.80059838 -0.542589247
 788 0.398768067 2.89565039 -0.829298437 8.32147002E-02
 789 -0.864117026 1.10740066 0.262469411 1.41661477
 790 0.978938341 -0.578485429 0.269144773 -0.386573166
 791 0.568465233 1.07219040 -0.753259301 0.189833403
 792 -0.794733286 -0.519255519 0.182196066 0.984345257
 793 0.973069012 -0.455998272 -0.428957343 -0.613583326
 794 0.548459828 -7.79178813E-02 -1.25707018 -0.583372414
 795 -1.15000606 -2.39102542E-02 0.365651071 -0.131623611
 796 0.378350168 -1.18350339 4.89189103E-02 -0.172826439
 797 0.517838955 -0.748084426 -0.372408122 0.355761409
 798 -7.85846822E-03 0.777538180 -2.05683208 -0.416305840
 799 -2.11632109 -0.816867709 0.802117407 -0.240025908
 800 1.35143054 -2.19889855 0.109952509 0.534454942
 801 -0.728204131 -1.28749299 1.79732168 -2.61568737
 802 2.04116368 0.871530116 0.862968624 1.96457744
 803 -0.117947601 -0.560691714 0.361233711 1.20187414
 804 -0.116084322 0.519010305 0.571646452 1.43725681
 805 -1.04408801 1.55321026 -0.793343723 -0.536649644
 806 0.149033189 1.67561853 0.631713271 -0.358743131
 807 -0.634516120 1.45127594 1.17013407 -1.98354232
 808 0.330578089 0.647307813 -0.556989610 1.01451468
 809 0.822567880 1.18768728 1.92051518 -0.846162438
 810 -7.55404308E-02 -1.65302980 0.532606423 -0.254715174
 811 0.382473648 -1.45547402 1.29423857 -1.46743417
 812 0.471530795 -9.10436809E-02 -0.370003998 8.14430416E-02
 813 0.376158774 0.697935343 2.10873866 -0.192840800
 814 -0.682952702 -1.00853467 0.548793972 1.02457869
 815 -1.23583460 0.269861728 1.15532780 1.19159567
 816 -1.38729608 -0.802760839 0.757421017 1.42497110
 817 -0.399296343 -1.60371363 0.471271187 1.17395377
 818 1.08839750 -1.59474850 0.395803660 0.781636119
 819 -0.487290293 0.243582368 0.104985088 1.77656138
 820 -0.101889312 -0.754748106 -2.34515667 0.901967287
 821 0.606756687 -0.224807709 -0.708656371 -0.146808177
 822 2.22580838 -0.771151662 0.447316587 -0.361368597
 823 -5.77157140E-02 1.02889633 0.636659443 0.253808260
 824 0.107212886 -0.126175582 1.05206585 -1.36187851
 825 0.628352940 1.78837919 -0.712228358 0.212088078
 826 -0.128685206 -0.574359238 -0.100878209 0.543540835
 827 -1.10536849 -0.667781234 0.415467978 -1.10145175
 828 0.491595656 0.119853005 0.805209875 -1.80455744E-02
 829 0.169744194 0.136738092 1.36149740 -1.61827350
 830 -1.52684021 -0.103869438 -1.07937372 1.43924284
 831 0.892790914 7.34144896E-02 0.311836123 0.223810762
 832 -2.01144624 1.14286542 -1.12312287E-02 0.917523086
 833 -1.01152229 -0.399353981 -0.334162325 -1.46940029
 834 -0.312500000 0.624976337 0.949579656 -4.97726500E-02
 835 0.740274787 -1.47491229 -0.400477767 1.43106103
 836 0.506309748 -1.21581447 1.00445342 0.159230247
 837 1.19285488 -0.579422891 -0.171683595 1.60008407
 838 1.45652592E-02 1.63387334 0.991340697 -1.89305842
 839 -0.900934398 7.35233426E-02 0.285765111 -1.96384203
 840 -0.156631157 0.635363042 0.123965442 0.990208566
 841 -1.29693282 -1.21704698 0.624249756 1.97389138
 842 0.711817682 0.826001942 -1.27140200 -0.129504502
 843 2.55993754E-03 -0.268910795 -0.163529202 0.546580195
 844 -1.19645548 -1.45527673 0.241885170 -1.11890364
 845 -1.56827557 -0.746121764 1.07531345 1.73575759
 846 -0.315081894 0.873028994 -0.179097965 -2.14056373
 847 -0.211940572 0.750582635 -0.107717581 -0.316209555
 848 1.02739716 0.550139964 1.45778978 0.556569219
 849 0.137627482 -1.55240595 1.91994917 -0.153102145
 850 -0.311727047 0.989487767 -0.731487751 1.35577714
 851 -0.775838554 0.497923791 0.778071225 -0.552172601
 852 0.828728437 1.93691993 -1.58768773 2.05980778
 853 0.131859556 1.05515850 1.09447849 0.102194592
 854 1.04000950 9.22130421E-02 0.856405199 -0.715610743
 855 0.748807788 7.09849074E-02 -0.864030123 -0.171817288
 856 -1.26963329 -1.16995203 0.897874951 -0.564351618
 857 3.08540910E-02 -0.450629264 -8.07628259E-02 -2.33611131
 858 -1.33685040 -3.97522449E-02 0.572895110 0.569499254
 859 -0.652051747 -0.885956228 1.45771730 -0.181536704
 860 -1.15282619 -0.803198159 1.04857481 -0.737371922
 861 0.377449453 0.323622763 0.631256104 -1.59138906
 862 0.120711997 1.22522402 -2.79759914E-02 2.38034427E-02
 863 -1.03176665 0.253214985 1.53929472 1.02415287
 864 -0.568782389 -0.128934503 -0.272155583 1.72491789
 865 -1.42679083 -1.03975809 -0.272168398 1.23393798
 866 -0.561051369 -0.578706741 0.938090503 1.27685797
 867 8.60382244E-02 4.25622836E-02 -0.650059700 0.807466745
 868 1.09180510 0.310799539 0.602745891 0.497582495
 869 -0.920781553 -0.118511282 0.337709874 1.30976915
 870 -0.820699334 0.475787342 0.628588319 0.521392703
 871 0.604755044 1.07836425 -0.958626866 0.919099867
 872 0.673069358 1.65233123 -0.907436848 -0.740898728
 873 -0.448985994 -0.578608274 0.140192315 -0.627234280
 874 1.09882784 0.863236129 1.52069890 -0.676116049
 875 -1.43909287 -4.71052527E-03 3.91031504E-02 1.23852897
 876 -0.407622874 -1.05561340 0.621183753 -0.705592692
 877 0.934688210 -0.656219065 0.406651616 -1.31615663
 878 -0.394782156 -0.286340564 0.972757578 1.25178611
 879 -0.635788798 -2.91968510E-02 -0.759506524 0.113728181
 880 0.329053551 0.523317873 0.635287642 -1.23377943
 881 0.510574043 2.23370457 0.864306450 0.912736535
 882 0.131631970 -1.27985966 2.04295826 -1.08220434
 883 0.398460954 -0.783570409 0.895361364 -7.88690150E-02
 884 -0.647037864 -0.855456233 0.869548202 1.48182070
 885 -0.974133193 -0.774542570 0.959561110 -1.04633927
 886 -0.650170743 0.799365520 1.57793140 -0.639495075
 887 8.00556168E-02 -1.27868617 -0.196430475 -1.54133415
 888 -1.04261899 -0.190317035 -1.43280494 1.02305889
 889 1.21222341 1.22664666 0.929951847 -0.507836223
 890 -1.13047457 -0.894425094 0.148632213 -0.470320880
 891 -1.16145563 -0.229118705 1.09613442 -7.07189366E-02
 892 -1.39853048 -1.44335747 0.310114920 0.317949355
 893 -0.320196748 -0.366239995 2.73375750 0.612010717
 894 0.412705272 0.655683756 0.774942160 -0.424928248
 895 2.38048911 1.11261010 1.40725660 0.609120011
 896 1.48660660 0.892572403 1.00519383 1.20026207
 897 -0.254807651 -0.852617323 -0.152196556 0.597196758
 898 -0.278830081 -0.367065430 1.83468878 1.19144869
 899 -1.80823171 -0.382360429 -0.495800197 0.736659050
 900 0.986718833 0.692242026 1.51076329 1.64587831
 901 -1.02113271 -1.48830175 0.285987407 1.11477065
 902 2.73968205E-02 1.08174014 0.541300356 -0.385466456
 903 -0.563607216 2.66648829E-03 -0.436208010 -0.525487006
 904 1.01158321 -0.323124468 0.728877306 -0.344995052
 905 -0.847720385 -0.177710786 0.951862693 1.20142794
 906 0.563565314 0.867776275 -0.129114360 -5.61128184E-02
 907 0.907621205 1.06136179 0.818333566 -1.59610128
 908 -0.215909034 -0.191490740 -0.585810184 6.68748915E-02
 909 -0.152301759 1.73537135 -0.443597078 7.10913986E-02
 910 0.335858941 -1.06645656 0.661022961 0.881035268
 911 -1.35307634 1.28751779 -1.02060890 -0.504040956
 912 -0.762896955 -2.00318480 0.834996343 0.847688019
 913 0.628059864 -1.41054058 -1.81597686 1.05042744
 914 0.499311030 1.26856387 -0.992146015 -0.104752414
 915 -2.10182643 -2.00287247 -0.360220969 0.849746108
 916 0.418450207 -1.00272012 1.49591219 1.10356951
 917 -0.129956067 -1.20533752 -0.668853879 -0.257627815
 918 0.392570913 -0.810368299 0.124769062 -1.09198332
 919 0.543391287 -0.237847567 0.557723820 0.564862370
 920 4.54712436E-02 1.20875216 -0.480640680 0.659898043
 921 -0.888147116 -1.82355905 0.761090219 1.10358191
 922 1.04118562 -1.83679545 0.577059090 0.212978199
 923 0.530029833 -0.952029943 1.28810000 -0.312641442
 924 -1.51275826 -1.48934388 0.657748342 -0.790305734
 925 -5.20233810E-03 8.69228542E-02 0.461364925 1.36751902
 926 1.17921531 -5.75041324E-02 3.20316553E-02 1.15041804
 927 -0.361010402 0.669399261 0.835800529 2.21154243E-02
 928 -0.382118046 0.679886997 0.675058126 -1.94151032
 929 -1.87633932E-03 0.294889122 0.557414889 0.190719098
 930 2.16860795 -0.949465871 0.767623603 1.43737781
 931 -0.443541676 -0.785489857 1.38719702 -1.94814575
 932 -1.39116406 -0.925807595 0.703252196 1.36583912
 933 -0.348441184 0.862903178 2.42295599 0.112479314
 934 -1.37589157 -0.430352360 -0.296752930 1.34500003
 935 0.608376920 -0.626763940 -0.117046684 1.10667360
 936 -0.111316420 -0.923066080 2.09764528 0.939543486
 937 0.242029667 -0.243592963 0.643156886 1.51561749
 938 0.331155479 0.618620276 1.30482352 -0.711389422
 939 -0.573629737 -1.52702558 0.898485363 0.881198764
 940 -0.527310491 0.834710896 -0.704442203 1.07516980
 941 1.21365857 0.662212968 -1.17966044 -0.200703710
 942 0.506580293 0.919730127 0.167035401 1.04325628
 943 -1.55772233 -0.502405703 -1.39684927 1.20996749
 944 -1.14759564 -2.51141749E-02 0.614033937 0.297307134
 945 0.733712971 1.22755921 0.777320862 -0.406076342
 946 0.485689312 -0.141950339 -0.484735548 0.345277756
 947 0.592615426 -1.04098248 0.564771712 0.999462187
 948 -0.894820213 0.846661985 -0.602181971 -0.938760936
 949 0.328669935 -0.808972836 1.16193485 -0.611402869
 950 -0.227742285 1.39990032 1.32070804 1.40971005
 951 3.53515446E-02 2.35609913 -1.66534567 1.43072975
 952 4.65110689E-02 -1.92666805 0.500590801 -1.99738526
 953 -9.02755111E-02 0.599798501 -0.311490297 1.26378083
 954 0.247389585 -0.502648175 -0.448234856 -0.916884482
 955 -0.724095583 1.49805605 0.563385904 0.750267684
 956 -0.897163391 -0.514026403 4.76965979E-02 1.24703455
 957 0.126022220 -0.169160962 0.826833606 1.69933617
 958 0.484387279 1.05722174E-02 -0.991772890 1.27242208
 959 -3.28814685E-02 0.149812832 0.114806995 -0.665862679
 960 0.838778019 -0.528216481 0.967535615 -0.698836863
 961 -0.677892685 1.92258334 -1.56184542 1.03298295
 962 -1.53154421 1.97929120 1.21738780 -7.59050921E-02
 963 0.420935750 -0.883598566 0.393567294 1.00922465
 964 -0.650953054 -0.545695126 1.16219997 1.19998169
 965 -3.08672786E-02 0.471004009 0.659117401 1.48642719
 966 -5.12145311E-02 -0.174761251 -5.23293987E-02 -0.480049074
 967 -0.186518610 0.347845972 1.70499146 -0.840678751
 968 1.01240253 1.18080163 0.949261308 0.164871022
 969 -0.633866310 -0.457624555 1.89253664 1.60753679
 970 -8.12712684E-02 -1.46218503 -0.229292631 1.20113587
 971 0.880658448 0.655786335 -8.06181058E-02 -0.545691550
 972 -0.481294930 -0.698009968 1.46283185 1.51295924
 973 0.358400106 0.873426199 -0.828537345 0.852582037
 974 0.109248027 -0.247351855 0.705756962 1.38148212
 975 -0.240174666 7.33463615E-02 0.680942297 0.895782709
 976 -1.23778486 -0.514728367 0.712315679 1.52339458
 977 1.70461082 -0.523594558 -0.390198022 1.20296490
 978 -1.41586661E-02 -0.970298409 0.559185863 1.85012436
 979 0.128881216 9.66595411E-02 -0.481524765 -0.352694124
 980 1.13806796 1.93793809 -1.27363384 0.725574434
 981 0.163144395 1.32283580 1.81020689 0.639752507
 982 -1.36043620 -1.01266992 1.23370361 1.25555980
 983 1.00522101 0.894080997 -1.50613880 -0.500528574
 984 -0.402141869 0.489445627 -1.70451331 1.41343653
 985 -0.436580777 -1.38798189 -0.578728497 1.04478407
 986 -0.345738381 0.271567702 0.119228497 -1.00297642
 987 0.409712970 0.960971832 0.251552254 -2.26681685
 988 -0.405686736 0.537441611 -0.388746738 1.61237860
 989 0.250730723 0.318058610 -0.252092361 1.41538966
 990 0.478575766 -2.86731124E-02 -0.667428136 -0.780985713
 991 1.93499351 1.25957716 1.16739941 0.229620725
 992 -3.29594463E-02 0.166627437 0.476084858 1.24174047
 993 -0.563834608 -0.556857109 -0.152359113 -0.896393836
 994 0.995958805 -1.60499811E-02 -0.587986827 0.972543001
 995 -0.611994803 -7.40867853E-03 -0.386350900 -0.263826698
 996 0.179201156 -1.60435450 0.351991326 1.75292444
 997 0.592650890 1.23372138 -1.06255579 -0.497429997
 998 -6.56157434E-02 -1.27559245 -0.200379342 0.859575272
 999 -0.524457157 -1.20305705 -0.266255647 -0.462828457
 1000 -1.21004283 5.05201221E-02 0.684125721 0.331822723
 1001 -1.38205814 -1.58039451 -2.35030055E-03 0.929957986
 1002 -1.00649214 -1.46483874 -0.260623544 -0.675511539
 1003 -0.210706383 1.30543613 -0.485523164 -0.826635659
 1004 -0.765352905 -0.642109156 0.397177100 0.828341544
 1005 5.47946580E-02 -1.05261886 -0.657509446 -0.931747377
 1006 0.408774078 -1.23979855 0.764995992 -0.131085098
 1007 -0.482879430 -4.91093174E-02 0.556147516 0.780256093
 1008 -0.598280549 -1.18749833 1.08065963 1.01152253
 1009 -0.408886194 0.507665098 1.52986753 -2.16288280
 1010 -0.726352572 -1.11648798 0.414582074 -0.881289005
 1011 -1.34223580 0.369360447 0.351222813 -0.355150104
 1012 1.55814648 -0.119302422 0.462750554 -0.904018700
 1013 0.502262235 -1.50043905 -1.65943801 1.82255042
 1014 0.906390548 1.41098058 1.00477695 0.118730381
 1015 0.415292352 1.13304400 -0.806329906 -1.71237612
 1016 -0.134827048 -0.638856530 -6.66342676E-02 -0.317526042
 1017 1.25173354 2.45594311 0.785940468 -0.531742454
 1018 3.58004123E-02 -0.824419022 -0.884897709 0.741478980
 1019 0.269525290 -0.510806620 -1.18824899 -2.09096003
 1020 2.10085464 -4.64049578E-02 0.475568652 1.33212054
 1021 -1.66505241 -1.47627151 -0.396932065 1.66264594
 1022 -0.143559813 -0.443663180 1.13525760 0.360129952
 1023 3.06639038E-02 -1.62292624 -0.228000998 0.235473812
 1024 -0.640681744 -2.56502223 1.88225365 -1.02094972
 1025 -1.05279183 -0.337806791 0.759996057 -1.74081969
 1026 -1.53254461 -2.03021860 0.129923761 1.43723059
 1027 0.910559237 -0.864843249 -0.399430990 1.03704345
 1028 -1.68649629E-02 1.08899760 -0.416626960 6.27835393E-02
 1029 0.408657700 1.10648096 -0.773555100 -0.282486200
 1030 9.32405740E-02 0.115156420 4.24253792E-02 3.84280086E-03
 1031 -0.479966938 0.411743492 0.869550467 -2.07345104
 1032 0.905281007 0.490207136 0.288729221 1.02745807
 1033 1.39842105 1.84531045 0.864640594 -0.131148815
 1034 0.861467481 -0.765289128 -0.196902335 0.850722075
 1035 1.01545405 -7.13410378E-02 0.182377189 0.660745442
 1036 0.355768770 0.209995687 -1.97558665 -0.780437350
 1037 0.831439197 1.40543580 -1.02430069 -6.45657033E-02
 1038 0.907671511 0.962594509 -1.00324500 1.04966760E-03
 1039 2.04260230 1.19172978 0.322950959 -1.25778866
 1040 1.20989406 0.606151700 -1.56917906 -1.25273561
 1041 0.561859488 0.640770793 -1.43772125 0.705877960
 1042 1.04249358 1.09901595 -1.08365202 0.845775843
 1043 2.15488601 1.36358726 -1.83230782 -0.283472657
 1044 1.42936349 0.624900758 -2.59059405 -4.27055061E-02
 1045 1.16399443 0.323682129 -1.15099931 0.329439878
 1046 0.267373353 0.965078235 -1.62939477 -0.131266832
 1047 2.57142806 1.16108167 -0.822713971 -0.428108335
 1048 -0.379296541 -0.979960680 -0.456814826 1.81478930
 1049 0.983917832 0.215002418 -2.44456744 0.726273715
 1050 1.26560056 0.854930758 -1.19321322 0.738994122
 1051 2.17946839 1.80382907 -1.89581883 -1.16236508E-02
 1052 0.332866013 -1.32223475 -2.55731845 -0.488917232
 1053 1.77896273 2.93562555 -2.08602500 -0.214533061
 1054 1.77868521 8.91992450E-03 -2.67762160 0.695762038
 1055 0.249475718 0.758389652 -1.33913839 -1.38568473
 1056 2.05583858 1.43213701 -1.06922448 -0.202161700
 1057 1.27178574 3.67543840 -2.68507624 -0.375616789
 1058 0.775688708 -0.147308558 -1.63716602 0.989969850
 1059 2.06237316 1.49196017 -1.39566779 -0.470461696
 1060 1.45700216 1.11128175 -0.202753842 -6.51358068E-02
 1061 0.865901351 1.09118199 -1.63370520E-02 0.617448032
 1062 0.292348504 3.56836915 -9.21268836E-02 -1.11840141
 1063 1.01898956 2.01812768 -1.90539062 -1.69723356
 1064 0.612274766 1.41773701 -1.66980767 5.47375977E-02
 1065 0.522357762 -1.06817102 -0.571625829 0.626588762
 1066 1.06991446 2.19130564 -2.24728680 0.788582325
 1067 0.563390136 0.188028932 -1.64317632 0.197710037
 1068 0.583676159 2.92939663 -0.831606865 -1.10846150
 1069 2.12250686 1.74665952 -1.31718445 0.602761626
 1070 2.27057692E-02 1.27890897 -1.85693765 1.60645962
 1071 1.73634064 -0.245152473 -2.21635342 0.489932448
 1072 0.507222295 0.255872726 -0.400911123 -0.426085919
 1073 1.11557853 -0.544028640 -0.839082658 -0.644838929
 1074 2.24173331 0.400577903 -1.21056950 1.79703140
 1075 -2.67174700E-03 1.63160551 -0.619221807 -0.260132492
 1076 1.80373180 -0.125312209 -2.48883033 -0.284985781
 1077 0.540199399 0.688970208 -0.273039728 -0.359047413
 1078 0.846607804 2.16104174 -2.11616659 -0.318306655
 1079 1.36150479 0.614518523 -1.81911004 0.608857334
 1080 0.627035975 0.845277846 -1.81403208 -0.576651573
 1081 1.93854976 1.15633154 -2.12777090 -0.281921774
 1082 2.33849120 0.387503773 -1.78456843 -0.637568474
 1083 3.68847325E-03 -0.957191706 -1.93115282 -0.368172735
 1084 -1.82657689E-02 0.879668236 -1.78724074 1.11948681
 1085 1.97302020 1.45026481 -1.82336390 -1.50958669
 1086 3.37078166 1.31672275 -1.97752166 1.48351681
 1087 2.07043481 1.01576328 -2.04079533 -0.184455439
 1088 0.915045023 2.42116857 -1.53164184 -1.08601451E-02
 1089 0.831640005 2.89742899 -1.36004996 -0.196865082
 1090 1.75831056 0.225609019 -1.34122348 -0.396339595
 1091 1.39156127 0.364112794 -1.78222442 -0.355934769
 1092 1.47988391 -0.295051813 -1.51114535 0.675311983
 1093 0.822610140 1.22625971 -1.99035633 0.597442389
 1094 1.88006210 -0.114357837 4.00525033E-02 0.898106456
 1095 1.86637616 -1.45309019 -1.48827231 0.103015661
 1096 0.942585289 2.59450173 -1.31285775 0.717139602
 1097 0.123672679 0.624949455 -1.63497353 -0.328620523
 1098 1.85870790 1.21462595 -0.648447394 0.833594143
 1099 2.81596494 0.742709816 -1.00905418 -0.108212769
 1100 1.34301484 0.635557830 -1.83528912 -0.473909974
 1101 1.25001836 0.474506408 -0.892130494 -0.661035299
 1102 1.00059116 2.87688947 -2.57153583 -0.500368655
 1103 0.214139849 0.362545878 -0.958400965 -0.114219472
 1104 2.88252115 -0.697873473 -0.459750593 0.559808016
 1105 1.08475876 0.951454937 -1.69101584 -1.64987421
 1106 0.648833752 1.55476093 -1.31468463 -0.509858906
 1107 2.15783334 -0.412282348 -1.03088975 -0.438870728
 1108 2.54339480 2.26734257 -1.12745368 -0.216068670
 1109 1.27298176 0.890686393 -2.62981057 1.75760663
 1110 1.20070112 -0.577867091 0.263197899 0.773323715
 1111 1.52385831 1.92026389 -1.21179414 0.872894764
 1112 -0.542287827 -1.75447607 0.296406388 -1.02282190
 1113 1.58089983 0.583816051 -1.40572202 0.534431994
 1114 1.33846486 0.929185748 -2.14547229 -0.450150251
 1115 0.327184141 -0.299261004 -0.594873369 0.901981115
 1116 1.90057290 1.86425304 -2.40157771 -9.89010334E-02
 1117 0.417407453 1.82529938 -1.19732499 -8.95873308E-02
 1118 0.701720059 -0.527111709 -1.03667629 -0.450366557
 1119 0.932913482 0.881766915 -1.30031586 -0.318028748
 1120 0.273495436 0.444135219 -3.18655252 -1.97647345
 1121 0.996899188 0.467133045 -1.46201003 0.774168730
 1122 0.697956860 -1.67967105 -1.26378441 -0.406659782
 1123 1.92769098 0.653335989 -1.35478735 -0.652301133
 1124 0.686045766 -0.650649965 -1.59188521 4.77011502E-02
 1125 0.575452805 -0.158515990 -0.528015614 0.843958676
 1126 2.90105343 3.52145433 -1.30672932 1.47029257
 1127 2.22594070 -0.884035110 -1.27861631 1.40529120
 1128 2.06614065 1.92183781 -1.75163066 0.618783653
 1129 2.14914608 0.842726171 -1.27848828 -0.207612500
 1130 0.992621243 1.50953054 -1.68757463 -0.274454236
 1131 1.53655946 -2.54925266E-02 -0.958433390 0.968634307
 1132 1.69621146 0.714318871 -1.66106391 0.246360809
 1133 1.64457154 1.39648306 -1.15956664 -6.35437667E-02
 1134 0.618791342 0.344674408 -0.680112600 -0.347460687
 1135 0.927080750 0.808643937 -2.16034174 -0.911206841
 1136 1.00182950 -0.155354351 -2.74206376 0.322203755
 1137 1.42779720 1.14036763 0.227323845 -0.176425964
 1138 0.440060586 -0.765160322 -1.11158013 0.342265666
 1139 0.588839769 -0.342639089 1.10884547 -0.497200847
 1140 -0.571451366 0.298555017 -0.793675244 -0.563360631
 1141 -0.545708060 0.199058443 -1.13780510 -0.882084429
 1142 -1.26263273 -0.304924726 -1.23077607 0.224986538
 1143 -0.137696773 0.294201553 -0.654796243 -0.114242055
 1144 0.744728923 -1.02809012 -0.513618410 -0.452841878
 1145 -0.209450915 -1.24729526 -1.78439295 0.154350281
 1146 -0.740330696 0.443417966 -1.12687862 -1.69548917
 1147 -0.108748391 -1.07788229 -1.11525238 -1.55642796
 1148 -0.953277826 -0.325589180 -0.845493317 -1.37230229
 1149 -0.703217268 -1.17410576 -1.01316142 -0.270077407
 1150 -0.498279601 0.247267514 -1.56120300 -0.160370573
 1151 -0.252887398 -0.941147268 -1.42788982 0.256205350
 1152 -2.43398333 0.453844666 -1.90615726 -0.319383562
 1153 -1.40701282 -0.405715615 3.44439223E-02 -0.254724324
 1154 -1.14062130 -0.139022201 -0.671239436 -0.612984657
 1155 -0.666657567 0.497495919 -1.52726555 -0.724954486
 1156 -1.80976999 -0.272132099 -1.51990843 -0.183637455
 1157 -2.02144790 -0.441055417 -1.12327611 -0.690690815
 1158 0.546175838 -0.138990030 -0.657270074 -0.505135715
 1159 0.465305567 -1.27410293E-02 -0.775659323 0.525230706
 1160 2.11381888 1.03345656 -0.778621674 -1.84431136
 1161 -0.418087274 1.62380898 -1.20537460 3.48700695E-02
 1162 0.300326556 0.131297976 -0.854316831 -7.50951171E-02
 1163 -1.44294930 -0.878730714 -0.633255184 -2.33908248
 1164 -0.442640126 0.236289814 -1.11699629 0.706126332
 1165 0.719413877 0.232933849 -1.46257973 -1.67540812
 1166 -4.97632138E-02 -0.981349349 -1.18456078 -0.203208894
 1167 0.294233322 -1.22803009 -0.969131708 -1.44767725
 1168 -1.30341673 0.836236060 1.55247003E-02 -0.394162595
 1169 0.179960266 -1.94928598 -1.47662544 -0.211194575
 1170 0.583686709 -0.207133055 -1.39682937 0.118238077
 1171 0.638368189 -1.31894803 -0.715591252 -1.42632210
 1172 -0.677314937 5.97685575E-03 -0.999854922 -0.912953138
 1173 -0.766831219 0.692811489 -1.39685106 -8.20163786E-02
 1174 -0.103795722 -0.969600797 -0.940472245 -1.54531002
 1175 -1.08359694 -0.883942127 -1.68611979 -2.03769779
 1176 -0.725335240 1.95611775 -1.07977080 0.642430782
 1177 -1.05885732 -0.179760620 -0.641386986 -1.07370543
 1178 -1.36210728 -1.26481903 -1.30200863 -0.670136392
 1179 -1.80693913 0.817612171 -0.636889637 -2.13802364E-02
 1180 -1.08846259 0.203295141 0.151957333 -0.961732507
 1181 -5.04143871E-02 0.981520593 -0.540625215 -0.524153113
 1182 -1.79862642 -1.37015355 -1.52834702 -0.321303219
 1183 1.21144462 -1.05707073 -1.56587183 -1.11453176
 1184 -0.889331877 0.280738324 -1.48536694 -0.471725255
 1185 -1.53436852 -1.32556844 -4.15035561E-02 -1.13406885
 1186 1.32568741 1.58075321 -1.65947056 -0.704034686
 1187 -0.657966077 -0.283938348 -1.97213650 -0.250507563
 1188 -0.594453156 -1.76411057 -0.811571777 -1.05782223
 1189 0.502445877 1.16359508 -0.706676602 -1.09351039
 1190 -2.00161934E-02 0.663773656 -0.752384484 0.213411227
 1191 -0.961431682 -0.110838577 -0.759299040 -0.870189726
 1192 -0.360413671 0.345485210 -0.385006726 -2.01872468
 1193 0.447719961 -0.300270557 -1.76172805 -0.232268408
 1194 1.13665187 -0.173457652 -0.142756209 -0.339482844
 1195 -0.447618842 0.249819517 -1.19346857 -0.559621930
 1196 -1.43060422 -0.723434925 -1.06826437 -1.48107231
 1197 0.134011239 0.983250082 0.215948731 0.647636592
 1198 -0.831934869 1.23489308 -2.20539665 -0.738212109
 1199 -0.570681691 -0.745582461 -1.42390656 -1.68291104
 1200 -0.797942221 2.25318050 -0.939863443 -1.29697835
 1201 -1.65269804 4.33262140E-02 -1.02594042 -0.357369095
 1202 -2.13845205 -0.529324174 -0.710296690 -1.11291540
 1203 -2.78316045 -0.267748773 -0.418102503 -0.876538098
 1204 0.708364189 -0.905634761 -1.38696671 -0.945600152
 1205 -1.68322265 0.406262100 -1.27784812 -0.637286544
 1206 -0.458698094 -0.863842309 -0.620747805 -5.39648458E-02
 1207 -1.18811548 -0.592759013 -1.26552200 -0.782445431
 1208 -0.683712482 0.185516268 -1.01461387 -1.07637763
 1209 -0.158090070 0.664268494 -2.34872699 -0.180392891
 1210 -1.48589623 -7.20206425E-02 -1.86673951 -1.03336310
 1211 0.364056766 -0.418409705 -0.673362672 -1.46185970
 1212 -0.518248916 1.91404593 -0.522680759 -1.38129330
 1213 0.485650092 -1.08979249 -1.11869979 -0.198665604
 1214 -1.05170417 -1.20606065 -8.49269181E-02 -2.20899057
 1215 -1.15695381 -0.219564214 -0.519342124 -1.64124703
 1216 0.424306154 0.923534811 -0.989573538 -1.01695156
 1217 -1.96314883 0.577394843 -0.509794533 -1.09254742
 1218 -0.908851802 -0.329853654 -1.42733228 -0.831893265
 1219 1.38455820 -1.28142142 -1.49074912 -7.21137300E-02
 1220 -1.10050476 -1.52149320 -2.08554482 -0.161517546
 1221 -1.05468345 -0.190335035 -0.653255820 -0.623141944
 1222 -0.408105373 -0.567385137 -1.37464190 -0.658777893
 1223 0.571046174 -0.851465940 -1.82410240 -1.86284351
 1224 -0.913270056 -0.217248008 -0.460234344 -1.50028825
 1225 0.272290438 -0.312224329 -1.23516643 -0.549837649
 1226 -1.97287893 -0.497693121 -2.13023400 -1.43673360
 1227 -2.23667359 -1.47739685 0.534078002 -2.11913252
 1228 -0.193855107 -1.59321737 -1.62254477 -0.878389418
 1229 3.49869132E-02 -1.19169712 -1.27949977 -0.368615508
 1230 -1.12134361 -1.64550078 -1.42551863 -8.97918567E-02
 1231 -0.869216979 -0.256042838 -1.03305078 -1.13633049
 1232 -0.775828838 -0.719717979 -0.238648891 -1.59725809
 1233 -1.03066117E-02 -0.928456128 -1.85831952 -0.762239099
 1234 -1.33922458 0.115500867 -1.25277495 -0.787323356
 1235 0.896170139 -0.524734855 -1.84142089 -7.22932443E-02
 1236 -0.617442489 0.211937994 -1.69060254 6.94509894E-02
 1237 1.51490486 -1.14247036 -1.27369440 0.442182004
 1238 -1.02876210 -1.01170731 -1.39585328 -1.57989717
 1239 0.170471504 0.887864947 -1.06375933 -0.277697742
 1240 0.697395086 -0.555614054 -1.63322830 -5.00254296E-02
 1241 -0.790720582 -1.42756510 -0.273110300 -1.00810242
 1242 2.54670829E-02 -2.23473763 -2.06030798 -8.66599903E-02
 1243 -0.962607205 -0.504861414 -1.88935983 -1.12990069
 1244 -1.00117803 0.566938758 -0.760660529 -1.29510367
 1245 0.155629218 -0.758409500 9.36275125E-02 -1.05973279
 1246 2.40777397 0.192819834 -1.15879536 -2.59732389
 1247 9.64342058E-03 0.492750943 -1.48155057 -0.435191154
 1248 -2.45820427 -5.10978103E-02 -0.108828440 -1.13692820
 1249 -1.50208521 -0.502537668 -1.35246098 -1.08928275
 1250 -1.34120274 -0.120221622 -1.13562489 -0.788367867
 1251 -3.96446064E-02 -1.64243531 -0.698047280 2.32828427E-02
 1252 -2.01050854 0.307494640 -1.39785552 -1.01827431
 1253 -0.633328557 0.943307638 -1.52493310 1.22600561E-02
 1254 -1.75137997 -0.821124315 -1.04124093 -0.786544859
 1255 -1.26709294 -0.328754038 -3.63057554E-02 0.192960471
 1256 -1.21535790 -1.24701083 -0.779852927 -0.392081112
 1257 -2.29454923 9.80445966E-02 -1.01119554 -0.808481812
 1258 -0.442350298 -0.277782798 -1.90945816 -0.125137851
 1259 -0.482825011 -0.884964406 -0.646215320 -0.808342814
 1260 1.00064588 0.278805435 -0.133232906 -0.407096058
 1261 -1.88690972 -0.585133016 -0.626556039 -1.29301322
 1262 1.43758047 -1.00747395 -0.725030005 -0.377867669
 1263 -8.88495147E-02 -0.444836020 -0.912852287 -0.808707535
 1264 -1.40134227 7.28917718E-02 -1.03723300 -1.70853364
 1265 -2.16306901 -0.672194242 -0.738311946 -1.74085569
 1266 0.461721689 -0.609495699 -1.77225471 0.491613388
 1267 -1.67440546 0.869787991 -1.11287165 -1.85469413
 1268 1.24962878 0.225715727 -0.553002477 -1.08270156
 1269 -8.37770849E-03 -1.13735056 -1.44884968 -0.839694023
 1270 -0.309684992 -0.141911939 -1.81309664 -0.125625238
 1271 -0.287438869 0.509392202 -1.48934603 -0.119759142
 1272 -0.879134476 1.01382279 -0.357838809 -0.809130430
 1273 0.551303983 -0.795698285 -0.297846407 0.491975904
 1274 -2.13677049 0.819518089 -1.14841008 0.137247175
 1275 -0.745830655 -5.57064265E-03 -2.02737403 -0.179571971
 1276 -0.559258759 1.25365341 -0.222145051 -0.861094296
 1277 -1.35847938 0.619549215 -1.19378150 -0.974572062
 1278 -0.425953269 6.54584616E-02 -0.771764100 -0.151522383
 1279 1.06277204 6.76018000E-02 -1.07752502 -0.669919789
 1280 1.15098953E-02 -0.358981371 -0.792370796 0.374513388
 1281 1.19907939 -0.626970530 -1.36227703 1.00424647
 1282 1.16404951 -0.267891437 -1.94752049 -0.425249964
 1283 -1.83917236 1.06818700 -0.423162580 0.171356931
 1284 -0.554579973 1.88473904 -0.905591905 -0.986217320
 1285 -1.21943355E-02 -0.465352446 -2.63447022 -0.226721719
