 1 0.550245881 -0.157650381 0.935281217 1.23691308
 2 1.32079434 0.368994683 -0.408117712 0.460296333
 3 0.542610407 2.46749306 2.13999248 1.16686046
 4 1.82620537 0.524585009 -1.94752312 -0.435761720
 5 -1.42247915 -1.65723324 -0.136775687 1.24769068
 6 -0.461170852 0.484102249 0.461084753 -0.442820668
 7 0.647670746 -2.51512527E-02 -0.174313575 1.23507655
 8 0.209308922 0.316546053 -1.06373954 -0.420289040
 9 0.988709152 -2.95244455E-02 0.316288024 5.08990698E-02
 10 1.17319298 0.700893521 -0.161850959 -0.419111907
 11 -3.81216407E-02 1.23379111 -0.238670051 -0.409829050
 12 0.939197898 0.249133259 -2.34503746E-02 -0.544138253
 13 1.40569329 1.25623488 0.136438057 -0.119830742
 14 0.406665534 0.239518836 -0.419536293 9.48058516E-02
 15 0.775429845 8.69569182E-02 1.58777606 0.726674080
 16 -0.931700289 0.842974186 -1.11577427 -9.35513675E-02
 17 2.36674547E-02 1.94522977 9.97225940E-03 1.43365383
 18 -1.08681321 2.60004640 1.13439417 0.903584003
 19 0.902170658 0.763223827 1.15940475 -1.50940585
 20 1.49016428 0.430508822 0.386755198 -0.696841598
 21 0.728483915 0.196695954 -0.297924250 -7.34280646E-02
 22 -1.03913856 -0.225736558 -0.460923791 0.914611459
 23 1.67175531 0.860807180 0.329788029 -0.408475369
 24 -0.819787025 0.279506385 0.732354045 0.466182828
 25 0.340316564 0.494435251 0.571846187 0.695915937
 26 6.12259060E-02 0.628641367 -0.832504630 0.449884981
 27 0.591950834 1.69885349 -0.565328121 0.764085293
 28 1.53470588 -8.97801295E-02 0.554938555 0.760390759
 29 0.751429200 0.887776375 0.259981751 -0.529032826
 30 0.348062664 -0.695455313 4.69039530E-02 0.873171389
 31 -0.882539988 0.769123673 1.15527117 1.11804926
 32 -4.16260511E-02 1.40754139 -0.837937951 1.39523923
 33 -0.716925025 1.13509190 0.818088114 0.618837118
 34 3.70140523E-02 0.132309064 1.19371629 1.35878468
 35 0.468576133 1.59577775 0.658967853 0.738534749
 36 3.95890325E-02 -0.467802674 0.274014324 0.544744432
 37 -0.766362131 1.42717433 0.147884816 0.649023414
 38 0.399845928 -0.308743685 1.30384886 0.285829246
 39 0.620193958 -0.686979890 0.401421398 0.786933362
 40 1.72566915 -0.132425264 0.295207798 0.225075558
 41 -0.493041247 -2.63664508 0.477965117 0.689599931
 42 1.39430690 0.831130445 -0.399023145 0.524785876
 43 0.214661211 0.703022301 0.591530979 1.00900173
 44 1.55726314 0.435417414 -1.04667675 1.03898859
 45 3.22946534E-02 -1.03718305 -1.25266230 -0.472505540
 46 1.17101157 -0.833109558 -0.582250178 0.341389805
 47 0.317177981 0.530865133 -0.620556176 0.391819984
 48 -0.899461448 -0.171503246 -0.705160379 -7.33016208E-02
 49 -0.568986833 0.615127981 0.191307425 0.322788507
 50 -0.206801325 1.29912913 -0.847001791 -0.625180960
 51 6.29756078E-02 0.470553011 0.258245051 0.361227334
 52 -0.420874804 1.25678563 0.201391503 1.61130631
 53 0.495363474 1.57839358E-02 -0.876802444 1.28013277
 54 -0.416002870 1.07358646 -5.69103435E-02 1.19116759
 55 0.185628802 -0.231865436 -0.533325434 0.244947344
 56 0.472748637 1.05320883 -1.50688970 -0.242148533
 57 0.202860773 -1.13451314 0.867453456 0.794191718
 58 -0.987171471 0.905653715 0.751268148 0.387013197
 59 -0.923631966 1.43906415 0.800147414 1.23600352
 60 0.277765304 1.32935846 -0.191826865 8.15550387E-02
 61 -0.743964255 -0.478415757 0.215670645 0.486064434
 62 1.14106989 -0.550751925 0.154559806 0.814011931
 63 0.156513840 -0.266346008 0.695047855 1.22101438
 64 0.689353526 -7.90930241E-02 1.27051961 1.10397565
 65 -7.76911303E-02 0.204820529 5.79287037E-02 0.102670163
 66 0.500064671 0.752036810 -1.02594423 1.11623263
 67 -0.821647525 9.95043069E-02 -0.101420164 0.449977994
 68 -1.27676630 0.599067092 7.88820833E-02 0.651983142
 69 0.151102930 -0.924302280 0.997666657 0.983776569
 70 1.46282125 -0.140898928 0.229343414 0.267174870
 71 -0.501548171 -0.623598397 -1.16619349 0.996796131
 72 -1.98745930 1.25100625 0.334573567 0.762793958
 73 0.141874343 -0.392112553 1.54067755 0.862828016
 74 -0.228376478 0.828580856 -0.672286153 0.995095432
 75 1.69394720 -0.579044938 -0.147057965 -0.589585364
 76 1.08412480 0.691568077 -0.800551414 1.03120172
 77 -1.42957819 1.04860449 -2.11404705 0.240587965
 78 1.18302274 0.851842523 0.960801303 0.890859067
 79 -0.897917271 0.856744528 -1.04773271 -0.489862949
 80 0.436563134 0.615149081 -0.563504875 0.125696927
 81 1.00293553 0.733006120 0.693757176 0.771934927
 82 -0.522888780 -0.924591720 0.585052967 0.719830811
 83 -0.133745775 0.789051056 0.576671481 -0.596899867
 84 2.03612351 0.274010271 0.195348084 1.23698354
 85 -0.470110536 1.15061283 -1.46425617 0.104247987
 86 -0.300291508 1.59224141 0.149976075 0.247198462
 87 1.04464722 -0.803597867 0.535578489 0.152031928
 88 0.460804701 0.608056545 0.647639632 1.56514025
 89 0.828749418 -1.92516744 0.725015759 1.41854954
 90 -1.17834401 1.93988800 -0.422172904 -0.294048041
 91 -1.56544650 -1.76946414 -0.208287925 1.22003829
 92 -1.59425271 -1.96757853 0.944710493 0.806967795
 93 -0.845247209 0.614051402 -0.544998288 0.976810217
 94 0.448779941 0.841262996 0.161932498 9.46111977E-03
 95 0.118450977 0.598800242 -1.15522647 0.593131423
 96 -0.143249199 -1.02053237 -0.787145913 0.437641472
 97 1.15132248 0.248594806 0.121779770 0.634732962
 98 1.58908963 -1.92451274 0.975133777 0.560571909
 99 0.680160582 -0.429002881 1.02820289 -0.881529510
 100 2.10694075 -0.508365571 0.437014580 9.29812491E-02
 101 -0.504773021 -0.248989314 0.853059769 0.808599472
 102 0.496788919 0.109627880 2.08115745 0.635348797
 103 0.808191776 -0.778053403 0.366239727 0.842674613
 104 -0.897293091 -0.859835386 1.55315793 9.26384181E-02
 105 1.58582437 0.889939427 0.154533297 -0.933488727
 106 1.74230981 -9.10231173E-02 1.27096713 0.789073825
 107 0.535609126 -2.00751114 0.722053647 0.110042930
 108 1.34847069 1.67884421 0.422059596 -0.423169315
 109 -3.60697210E-02 7.84833878E-02 -0.670309901 0.744635284
 110 -1.39969385 1.08694935 0.722172320 0.836639285
 111 0.746442378 0.240991563 0.375450134 1.03391600
 112 0.928379536 -1.15621018 -1.50573421 0.468024403
 113 1.26163769 0.123031445 -1.47551310 0.739404559
 114 0.282803357 -0.441471279 0.649518192 0.473059833
 115 1.85894620 0.246720940 0.303726584 1.03347731
 116 -0.139753208 1.00376022 -9.01085436E-02 -0.996381640
 117 1.39982343 -0.600523233 -0.193711519 1.22207963
 118 1.04303205 -1.39838612 1.15438485 0.613381386
 119 -0.154205665 2.18181920 -1.69183719 0.973209143
 120 1.08694077 6.56709075E-03 -0.173600167 -4.86425348E-02
 121 -0.219506726 0.297568738 0.947940052 1.48211193
 122 -1.38925649E-02 -0.112025380 0.291095525 1.06220174
 123 -1.63563180 0.903571308 -1.29672170 1.25781202
 124 -0.335785270 -0.248882562 0.507873237 0.396024346
 125 -0.557377934 2.12905622 1.52415186E-02 0.281393439
 126 -6.27198368E-02 0.236264899 0.442076832 1.07553744
 127 0.748990715 1.87427759 -1.02439308 -2.04555057E-02
 128 0.546502650 0.286407232 -8.01833868E-02 -0.473847330
 129 1.45531988 -0.525729239 1.28568292 0.564003587
 130 0.921096683 -0.339040041 1.52621794 1.17983854
 131 1.36811340 0.892388344 0.572943091 0.882487476
 132 7.54165649E-03 0.866745293 0.652820110 -0.227053314
 133 -2.17902946 -4.29725908E-02 -0.183415145 1.43611908
 134 -0.214046329 -0.629001737 -5.84166497E-02 1.11072123
 135 0.878348231 -0.527991533 -2.26151720E-02 0.225700855
 136 -0.598943770 -0.226352394 -0.302534163 0.354744196
 137 1.92236614 0.921673536 -0.460436523 0.545365751
 138 0.414314628 -0.415635407 0.712110579 -0.149474859
 139 -3.45944017E-02 1.08669698 1.14780760 1.22818995
 140 3.83516103E-02 0.167273670 0.403262079 1.22328591
 141 3.44482511E-02 -0.334778696 1.24280834 0.828889012
 142 -0.821243763 -0.171298951 0.753502786 0.926103652
 143 0.634683371 -0.190899864 -0.955463469 1.17383218
 144 0.598682880 -0.371183455 1.55291080 0.890244842
 145 -2.11184192 0.564780772 -1.21266103 1.07078290
 146 0.428000242 1.26751065 -0.695016623 -0.576828361
 147 -5.71152642E-02 -1.00060850E-02 1.93931043 1.01858747
 148 1.11575985 4.54552770E-02 1.11098778 0.709415793
 149 -0.135777801 1.34809482 0.194784164 0.964687347
 150 1.72507405 1.28835189 -0.288295686 0.956602693
 151 1.53746557 0.711321712 -1.24573398 0.715113759
 152 -0.426270485 -1.28310204 -0.765481174 0.649347663
 153 -0.139597192 -0.214931324 -0.287360728 1.52332938
 154 0.542092443 0.595231473 -0.825140178 -0.135890976
 155 -0.514223933 1.18626070 -0.246539220 1.22422552
 156 0.276780814 -1.17467153 -5.68750948E-02 -1.25261724
 157 2.67786884 0.537100852 -1.10121000 -9.11226273E-02
 158 7.98157379E-02 -0.593095422 -5.24914265E-02 -6.26139343E-02
 159 0.213860601 8.97110105E-02 -0.116715722 1.41686428
 160 1.15965617 -0.493919462 1.18228841 0.867625594
 161 -0.334264994 -0.964806974 -0.654339194 1.07714081
 162 0.269991159 -1.04823017 1.25490272 0.560548544
 163 -1.15398073 1.58281922 -0.612390399 -0.236295298
 164 -5.96914142E-02 0.806227863 0.227921158 1.09124720
 165 -1.93937087 -1.18181384 0.339275539 -0.816246331
 166 -1.21352041 1.23928535 0.581498742 0.914424002
 167 -2.16995835 1.69369984 -0.853652239 1.35114741
 168 2.08636355 1.60230529 1.87640786 0.885250986
 169 -0.704096317 0.295153826 0.121452063 0.971060038
 170 0.844710112 0.544155359 -0.307192534 1.31470449E-02
 171 -0.736869216 1.78700888 0.107019782 0.615461886
 172 0.242311731 -0.226331010 1.65894222 0.691763937
 173 1.76710391 -1.33417439 1.37952018 1.25235140
 174 -8.49194974E-02 0.787389934 -1.53171170 0.647160530
 175 -1.33388031 -0.485159993 0.833264649 0.817160010
 176 4.82638180E-02 1.89969301 -2.19476074E-02 0.895062327
 177 0.914256155 -1.41028655 0.499733567 0.702892125
 178 -2.09653950 0.576081157 0.343873709 1.24483025
 179 0.306089282 -0.126430586 -0.842047930 0.683672309
 180 0.764321268 0.924808621 0.870179117 0.816237330
 181 0.238182813 -0.481619745 1.64046133 0.920137525
 182 -0.437555522 3.21719348E-02 0.493992150 -0.551425040
 183 0.958922863 -0.282954752 0.475118220 0.838272691
 184 0.180293053 1.19941986 1.25727844 0.941691279
 185 1.06531107 1.87442231 -0.663624942 -1.33045518
 186 0.150666177 1.13420868 -0.870659292 0.717223227
 187 -0.594654560 1.05452180 -0.755957544 0.934865654
 188 0.408750296 0.527419925 0.678150058 1.27930975
 189 -5.16734868E-02 -1.52520919 1.40299249 -0.521466017
 190 -0.457348168 0.429250956 1.35984600 0.799248636
 191 -0.704505205 0.104624324 1.00546265 0.566963196
 192 -0.961686373 1.48243749 0.187506974 0.816728771
 193 0.403664380 1.27585757 0.519272685 1.15918458
 194 0.415181756 -1.31549942 0.744252145 1.28747892
 195 0.353860676 0.561130881 -1.19403338 0.897705019
 196 0.549720585 -1.00776660 1.09832382 1.04025757
 197 2.10918212 -5.21694273E-02 -0.166868776 0.893271506
 198 0.402234286 0.588890314 -4.23110910E-02 0.684037268
 199 -1.44569826 0.224019006 0.129912511 0.882084966
 200 0.992346585 -0.230961308 0.859697759 0.883463264
 201 0.206955463 0.538887680 1.10348392 0.366815299
 202 -0.467056394 -0.122542560 -0.363386631 1.07961977
 203 1.00946951 0.537044704 1.14542603 -0.559893310
 204 -0.545002699 0.887343287 -5.75275905E-03 -0.435449004
 205 0.780114114 -0.339550138 0.528025031 0.704026461
 206 1.02863407 1.03211141 -1.92401183 0.616131008
 207 -0.268569797 0.240334615 0.864951968 0.877135277
 208 -1.12429786 1.57790530 0.610709429 0.858742774
 209 0.833521962 -0.201844066 0.569138229 0.777224541
 210 0.222917587 -0.371907264 0.459273398 0.474672318
 211 0.541725099 1.19572937 4.70034815E-02 0.360315293
 212 1.62933373 1.10632658 -0.181821138 0.359268755
 213 0.892854273 -0.167163670 0.202868894 0.680268168
 214 1.21023571 -0.201815531 -1.18440843 0.777640164
 215 -9.09283012E-02 2.27742815 0.360305399 0.929554999
 216 -0.520498395 -1.48097444 1.97390592 0.620843947
 217 1.17381573 0.311345935 0.997583389 0.690388680
 218 -1.87256658 1.49386168 -1.23226166 0.712075293
 219 6.34214059E-02 0.681620955 0.586752236 1.24691570
 220 1.75690556 0.234132692 1.08323944 -0.345163822
 221 -0.161282271 1.07583106 0.527926028 0.683620691
 222 0.158193305 -0.481225163 1.03259826 0.190951854
 223 -6.42915517E-02 0.474719852 -2.57349730 1.19922900
 224 -0.562042356 1.21158302 0.455331266 0.582824588
 225 -0.113738850 0.889897764 -0.721301258 -0.554652035
 226 -0.471276760 0.103093848 0.420218349 -8.30296874E-02
 227 0.802533448 -0.870113373 0.343307078 1.33160400
 228 0.118878275 -0.315388352 1.03431904 0.526632369
 229 -0.779180050 -0.406058371 0.232151121 -5.54463267E-02
 230 0.548826814 0.838632107 0.909775913 0.672928154
 231 -0.151730493 0.457198799 -0.929739714 1.32057524
 232 -1.36612296 0.664977074 5.90184517E-02 1.02819073
 233 -6.25271052E-02 1.64082062 -0.838506699 0.186764777
 234 -1.17266038E-02 0.845806003 -1.00184584 0.286571503
 235 0.440627694 -1.34449947 1.15986943 0.796649337
 236 1.59142613E-02 0.631125987 -0.615262508 0.854687691
 237 -1.51127183 0.874039412 -0.489666849 0.923579037
 238 4.41249013E-02 0.155764535 0.447709322 0.620489359
 239 -0.788268149 2.87405157 0.476942062 0.872789443
 240 -0.523753703 0.244280875 1.15254867 0.719787836
 241 -1.51275432 0.385630548 -0.463720679 0.844849229
 242 0.788925111 2.94832325 -0.854101717 0.860306978
 243 0.127453998 0.396444231 -0.334189534 0.573249638
 244 -0.773213983 -0.649568796 0.405239910 0.396155834
 245 5.69415987E-02 -0.161694497 -0.426286817 0.410378963
 246 0.839027524 0.502121449 0.278732568 0.558950722
 247 -0.797350645 -3.01676244E-03 -0.186680630 0.861492157
 248 9.42935720E-02 1.44308376 -2.25036693 0.524861515
 249 -0.937676966 0.825798035 0.628091156 1.21561611
 250 -0.502236485 0.567530811 -1.43867564 0.509635270
 251 -1.08829010 -0.384782076 -0.224538445 -7.79768750E-02
 252 -0.338187635 0.507796407 0.741653442 0.229323536
 253 1.24066556 0.978581190 8.02760646E-02 1.40489352
 254 0.871242344 -5.10257483E-03 1.13196850 0.398561001
 255 8.98890048E-02 2.26619267 4.04153019E-02 1.32870090
 256 -1.07184601 1.24604714 0.225195870 0.772400796
 257 0.383303642 2.18043637 -0.520180583 0.219467923
 258 -0.833186388 1.72481334 -0.437906802 0.889301360
 259 -0.496058851 -0.688809693 2.04376914E-02 -0.193835780
 260 -0.193961143 1.26309812 -0.926475525 0.470520347
 261 -0.123857602 0.858356416 -0.728987873 -6.48010373E-02
 262 -0.437431753 2.22658873 -0.300039440 0.711603642
 263 0.751276433 -0.242868409 -0.514236152 0.467712134
 264 0.392918527 1.37160122E-02 -0.951870263 0.230249792
 265 -0.285186291 0.885564625 -1.00656676 0.553500652
 266 0.269091398 0.563342214 -1.13635969 0.333152503
 267 -1.04242921 0.736815095 -8.11757296E-02 1.19720459
 268 -9.80861038E-02 0.154868737 -0.306490988 0.331323862
 269 1.39517760 1.61294580 0.335185140 -0.406025589
 270 0.578549147 1.74752748 0.298322380 -5.42537309E-02
 271 0.868052363 -1.46169722 0.348769784 1.36351168
 272 -0.924370587 0.380027324 -0.744843304 1.30659246
 273 0.779257178 4.12734300E-02 1.65654159 0.428596079
 274 6.41117245E-02 -0.177667871 -0.530420065 1.24420559
 275 -0.299246430 1.04622078 -1.39427602 -7.16716796E-02
 276 0.299341202 -1.22552478 -0.644107044 0.837046981
 277 0.353513747 0.940619707 1.55373478 5.80601357E-02
 278 1.69857633 -0.312182903 1.04247415 0.404375464
 279 1.15084326 0.598934770 -0.235746339 0.692339480
 280 1.43760812 -0.712469697 1.01875830 0.598644972
 281 -0.803445101 -0.533982635 0.723437071 1.29144192
 282 -1.99530578 -2.01944876 0.629060745 0.781795442
 283 -2.07353711 1.88326859 -0.283608973 1.01490688
 284 0.895602345 1.02135623 0.884831548 -0.332771480
 285 1.47493100 -1.85222161 0.556620955 0.282221198
 286 -0.219128042 -1.06815577 0.833974481 1.32249522
 287 -0.981176019 2.10678911 -0.500756383 0.292459339
 288 -1.29434264 1.07341206 -2.41477937E-02 1.29586363
 289 0.667328000 -2.86897123E-02 -7.07935616E-02 0.937543511
 290 0.386369199 -0.359859824 0.746162772 0.386412889
 291 -0.543819964 1.24566877 -0.236929938 0.421435297
 292 0.591958463 1.40200520 -0.332010806 -5.21452054E-02
 293 0.291206121 0.907994032 -0.317201138 1.30512297
 294 1.56167376 0.289582312 -0.374797285 0.491603017
 295 -1.92856193E-02 -1.00136411 0.187286198 1.39835167
 296 0.811422169 -1.17967224 0.372425765 0.148474902
 297 0.809785724 -0.714405775 1.20496309 0.776957810
 298 0.738300323 -0.432107776 -0.973195672 0.674102783
 299 0.474448085 1.40836453 -0.617463112 0.999605834
 300 0.516461015 0.484484911 0.560669184 0.579626024
 301 0.288755774 -6.58965707E-02 -1.59463882E-02 1.22385967
 302 -0.714857936 -1.22221136 0.562304795 -0.618640840
 303 0.903963387 1.23735106 -0.210366130 1.20297873
 304 6.17535934E-02 1.00220561 0.509702742 0.800664306
 305 0.897735596 -1.38593209 -0.213398799 0.892004013
 306 -0.476810873 -4.18196693E-02 0.990525007 0.797141731
 307 1.10628951 -0.763377964 -0.649431825 0.793793261
 308 7.84171894E-02 2.32675982 -0.538617134 0.524186373
 309 7.88073242E-03 0.343507707 0.646217644 0.902378440
 310 -0.223298281 1.65263188 -0.991000772 1.22435248
 311 0.707130075 -0.271456510 1.20855033 0.836650014
 312 1.84096622 -0.299159825 0.413119674 1.10079408
 313 -0.410786808 0.980986357 0.779838324 1.30604446
 314 1.75173116 9.00047570E-02 -1.18230689 0.729839981
 315 1.34217715 1.77497518 0.857938051 1.19051135
 316 -0.627185464 1.41510820 0.966976523 1.27816129
 317 0.283084512 -1.18038189 1.59994364E-02 0.822870612
 318 1.38676596 -0.483142108 0.384320587 1.21146357
 319 0.808645964 -0.749856949 0.642601371 1.67304389E-02
 320 0.316099793 0.404023170 0.206562608 0.487401485
 321 0.478613824 1.71218514 0.503711224 0.111469343
 322 0.344543010 -0.819139242 -0.148033634 -6.89878613E-02
 323 1.57220662 0.176101819 0.158089429 0.776771307
 324 0.172843561 2.06762791 1.79268420E-02 -0.110930651
 325 1.64628708 1.71513712 -0.465314478 1.30618238
 326 0.319449544 5.54358438E-02 -0.669773936 0.825597405
 327 -0.295572072 0.419909000 -2.05209303 0.724388361
 328 -1.34848046 -0.393783510 -0.436028063 1.25087273
 329 -3.69615853E-02 1.03448272 -1.27559161 -3.36938351E-02
 330 0.657191992 1.54389215 -0.451845676 -0.539507926
 331 0.172443733 0.593861103 -1.30191350 0.776920617
 332 -1.51447201 1.42665756 -0.643319130 0.486670703
 333 -0.364722818 0.618091404 -0.364058793 -0.140526727
 334 1.64184761 6.57038391E-03 1.18274856 0.836983860
 335 -0.917787910 1.03913748 0.228588402 0.964293599
 336 -0.129661381 0.170043573 1.30009246 -0.328892410
 337 0.645027876 0.961153686 0.614337981 0.810546517
 338 -6.04960024E-02 0.111623429 -1.90178603E-02 0.545944929
 339 -0.299756050 -1.10630381 0.160600573 1.09900403
 340 -0.897162914 1.45116198 0.748162866 0.398428559
 341 0.688285887 0.930062294 0.488842070 -0.260053098
 342 0.528643250 1.25032663 -1.02777994 -7.36149326E-02
 343 0.837805033 -0.668092608 0.102440968 0.846815765
 344 0.312650025 -0.308774740 4.80664670E-02 0.323682338
 345 -5.53361177E-02 7.01802075E-02 1.10334063 0.741197705
 346 0.209552959 0.446090162 0.782305539 0.475027025
 347 -0.741381705 0.559941292 -0.520921350 -0.645748556
 348 -0.508889318 0.670497239 0.169532269 0.783968031
 349 -0.542494118 -1.24797237 0.109217763 0.221300840
 350 0.198581636 1.16935408 -1.25504375 -1.32526350
 351 0.149815366 6.26813024E-02 0.624125779 1.08912897
 352 -1.43959713 -0.842836022 -1.79375577 -0.337317467
 353 0.288449168 0.124570914 1.00389218 0.612201452
 354 0.936007977 0.791306078 -0.460765898 -0.383059591
 355 0.418329328 0.612484217 1.07888794 0.720060289
 356 0.377494872 0.579735279 0.346281648 -0.705954611
 357 -0.363174498 -1.39754307 0.488942266 0.208017513
 358 -0.662398636 0.670534015 0.435120612 -0.731961846
 359 0.896559000 -0.877743483 0.524968624 -1.00653672
 360 0.794021487 2.49926567 1.15135407 0.694480538
 361 -0.111760236 1.17638922 -0.216645315 1.12509942
 362 -0.491907895 0.226477444 -0.342853159 1.27320778
 363 0.484254003 0.835548937 0.386756301 0.321036845
 364 -5.47714010E-02 0.104119912 0.364571095 0.728985012
 365 0.741139770 1.84624422 -1.10085368 7.93306828E-02
 366 0.272963703 1.02076256 0.396379024 1.11693621
 367 -0.631905913 0.535086155 0.184079468 -0.177968249
 368 -1.12889886 -0.488916844 -0.164626688 0.494127840
 369 1.56409240 2.18784785 0.756453872 0.720564723
 370 -0.132038906 -8.26260746E-02 0.577961326 0.296265274
 371 0.926814854 -0.869673133 5.96471876E-02 1.33385420
 372 0.695235014 1.14916146 0.258895010 1.18156302
 373 0.379236221 -0.460840762 0.348430693 1.26861346
 374 -9.99342501E-02 -8.00644904E-02 -0.114331439 0.945129871
 375 0.322620243 -4.20871973E-02 1.06300354 0.979864061
 376 0.909456253 1.28009844 -0.117826089 0.104945466
 377 -0.862106800 0.332166702 -0.386794329 0.985549927
 378 -1.91756451 -1.85580683 0.399287224 -0.190042198
 379 1.13342309 0.620386541 0.721990407 0.436508119
 380 0.682796299 0.465599567 0.774003088 1.33054745
 381 5.06334677E-02 8.12064111E-02 7.33716935E-02 0.725694001
 382 -0.382133335 0.278818190 -1.65065974E-02 0.271258682
 383 1.28367043 2.73836589 -0.434512019 0.639188409
 384 -0.195954680 0.329397529 -0.832119167 1.19424498
 385 -0.853632331 -0.541995823 -0.486234009 -0.197174847
 386 -1.05756462 -1.18950772 -0.257130146 -0.660605252
 387 -0.844861388 0.280348897 -1.75331283 -0.616156220
 388 -0.486118615 0.952974617 4.45073210E-02 -0.150149226
 389 -1.22769892 -0.957566917 0.120338887 0.282827973
 390 -0.755978942 -1.13542974 -0.108958721 0.666993618
 391 -1.61978066 -0.831398427 4.98358048E-02 1.35766184
 392 -0.819340348 0.356326848 0.144279212 -0.747025609
 393 1.01691806 0.633147120 -1.23370087 0.761913776
 394 -0.482135564 0.687990546 -1.27797866 0.724536777
 395 -0.230171964 -1.44011450 -0.389539778 0.235690936
 396 -0.958194613 -2.51070499 0.192107707 0.931345940
 397 -1.51734698 -0.467657387 -0.332112670 -0.318215430
 398 -0.647348404 -1.58585072 -0.722714245 0.942593575
 399 -0.468921781 -0.696914613 -0.710336864 0.320877373
 400 0.787972808 0.222736716 0.515710473 -0.201703653
 401 0.277371198 -0.428915769 -0.396855950 0.900874257
 402 0.488790989 -0.262132883 0.620921373 -0.172964960
 403 1.00042975 0.354677677 0.345605135 -8.51938576E-02
 404 -0.761847973 0.379711360 -0.145410538 0.826516032
 405 -8.73228982E-02 0.530856252 0.998907924 8.59886110E-02
 406 1.01538634 0.154726833 1.04982746 8.35296512E-03
 407 1.74317014 1.46908784 0.559333086 0.620231152
 408 -0.892306685 -1.72341466 1.02534652 0.173337162
 409 1.00017047 2.12587357 0.768372238 0.556740701
 410 -0.213556945 -0.184246585 -0.914771676 -0.113352522
 411 0.893913567 -0.431454957 0.552713335 5.98649979E-02
 412 -0.607068062 -0.944401264 -0.287122846 1.15344191
 413 -8.13452899E-02 -1.13547421 0.809717417 8.67307931E-03
 414 -6.54552728E-02 -2.96085924E-02 -0.160209790 1.38057995
 415 8.46114010E-03 -0.430337280 0.273309380 0.695189953
 416 -9.92953777E-02 -1.08324552 -0.157284141 1.04740524
 417 -0.372104108 -2.74831414 -0.116369918 0.398313582
 418 0.118370190 -5.01161739E-02 1.14309990 1.44070983
 419 -0.432613999 0.711806357 -0.148517534 0.898661852
 420 -0.591221571 0.909595728 -5.14108688E-02 7.64011145E-02
 421 0.860023499 -0.685479283 0.695063353 0.516462207
 422 0.467321187 0.232097000 7.73400441E-03 -0.195012182
 423 -3.46067734E-02 -1.23838949 6.11980557E-02 0.418220580
 424 1.53870380 0.382112563 -0.328106374 -0.173536181
 425 -7.57127330E-02 -0.442107856 -0.279133379 0.464667618
 426 -0.514469087 -0.995939672 0.530470371 -1.29960907
 427 0.145849779 -0.952830315 0.621385038 -0.128894955
 428 -1.94112730 8.05358887E-02 -0.542458177 0.572147608
 429 -0.698103189 -0.471009195 0.168818876 1.05609846
 430 -0.505882502 -1.73546040 -0.437461823 1.24717295
 431 0.812545776 1.53450763 0.769308805 0.871383846
 432 0.689553201 0.391795099 -0.508159161 0.574046493
 433 -0.872483492 0.450325072 -0.726853371 0.653945804
 434 -1.12446129 -1.03559911 -0.925354481 -0.829231501
 435 -0.166772202 -0.210906088 0.102245010 0.238138229
 436 -0.336847663 -1.84765017 -4.27430868E-03 -0.146213397
 437 -0.565362155 -1.48417377 0.757396877 0.805942535
 438 -0.598473847 0.361692309 -0.507188320 -0.564873874
 439 0.183011144 -0.762040854 -0.466734618 1.26326632
 440 -0.835330844 -1.73875070 -0.257829040 1.18835497
 441 -0.554413974 -1.58837378 1.34080398 -0.555927873
 442 0.993970692 -1.34250998 1.41064405 -0.457468987
 443 0.395063013 1.25219584 -0.585742235 -0.102106310
 444 0.134998858 -0.193056703 0.982238173 1.42396474
 445 1.10591245 -1.72275579 1.23297954 -0.570335627
 446 7.45198876E-02 0.919874728 -6.69313669E-02 1.20507181
 447 -0.333031356 -1.26244915 -0.183198512 0.416330963
 448 -0.778863490 1.50969183 -1.23138666 1.17325318
 449 0.818874717 0.130566314 -0.269967139 0.449266583
 450 1.16140234 0.274107963 0.762105882 1.16048121
 451 0.264118254 5.21610156E-02 -0.972217798 0.757808447
 452 0.532188892 -1.52211320 0.367571443 -0.239075452
 453 0.806593239 1.36979687 0.313202769 -0.310467273
 454 -0.279276550 -0.814042568 0.215100884 1.24996555
 455 0.420669258 1.72143042 0.804690123 1.21136153
 456 0.955573678 -0.839063525 0.110470966 1.01721096
 457 1.40105104 -0.562688589 -1.97274077 0.895519555
 458 -0.709848285 -1.30921566 0.209587604 1.33049715
 459 -0.385393947 0.189912200 -0.598472893 -0.384370774
 460 1.01340115 0.338072598 -0.978601277 1.09448206
 461 1.31396151 1.30763388 -2.16069818E-02 1.17539585
 462 1.32076013 2.23270488 -0.685524642 -4.60651927E-02
 463 0.845940590 -0.495319068 -1.66249037 0.923744142
 464 -0.622520447 1.51104760 1.26152730 0.858900726
 465 0.383901417 -1.16353202 -0.123126075 0.926744223
 466 0.990219235 1.37005401 0.531809807 0.821953714
 467 1.98343024E-02 -0.750416636 2.22997093 1.55054486
 468 0.557787955 -1.42671287 6.65856898E-02 1.35604644
 469 1.25858665 0.380255818 -0.551845193 -0.266311884
 470 -0.169134364 -1.62246549 -0.125701576 1.20193636
 471 0.172199607 -0.850216866 0.490805209 -1.22122988E-02
 472 -0.892827928 0.574125707 -0.439240843 -0.336433977
 473 -0.357568622 -1.94129384 0.958643496 0.591828465
 474 1.31425023 -0.889216542 -0.539275646 -1.83475520E-02
 475 0.505032897 -0.288388282 1.31417882 5.89640774E-02
 476 -0.902631998 -0.903405666 0.308096230 0.987608433
 477 4.16368246E-02 -0.120638445 0.797627449 1.29749358
 478 0.460296601 -0.531993389 0.411562741 -1.14108217
 479 -0.623618782 -1.04067123 0.592582405 -0.128627181
 480 -1.50371575 -1.75500584 1.22835493 1.41809189
 481 -0.518565536 0.935051262 6.04781508E-02 1.20797276
 482 -0.938293636 -0.996127605 0.161803842 -0.107986346
 483 -0.248839647 -0.259060085 -0.820154548 0.690557539
 484 -1.09721935 -1.91618586 0.566220582 0.347236335
 485 0.501004219 -0.296952128 0.277913719 0.554170012
 486 0.261245668 -1.75749326 1.08763802 0.785761058
 487 -3.24602127E-02 -1.44044924 -7.95363635E-02 0.723322034
 488 0.377669394 1.11596656 -0.798941433 0.670170665
 489 0.257022649 -1.93366444 -0.611590147 0.562305748
 490 -1.47540128 -0.372700900 -0.834808528 0.904612064
 491 -0.252434611 -1.46927333 0.445138186 -0.132749289
 492 0.724744499 1.13698316 -2.00536394 -1.40472591
 493 0.556058705 0.763645768 -0.960299015 5.68816923E-02
 494 -1.45783079 -0.264012814 1.57162368 1.19937420
 495 -0.882389307 -1.01518583 -0.435533583 0.232132316
 496 -1.69242477 -0.872091413 1.11628330 1.14648056
 497 -1.37395835 -0.185367197 0.236209810 0.233533472
 498 0.677079916 -5.89790940E-02 0.682897151 0.262834281
 499 -8.25395584E-02 -2.33846164 1.10814571 1.21345270
 500 -2.27888131 -1.16895545 -0.568692267 -0.616864145
 501 -1.61770749 0.604840875 0.346259266 0.452932775
 502 0.654485583 -1.33727455 0.512317657 -0.106852546
 503 0.124327540 -1.62757444 0.135630950 0.330430448
 504 0.800544620 -4.80374694E-03 0.333169699 0.766643107
 505 -1.71313345 0.649130881 -1.60970092E-02 1.38918400
 506 0.302124023 -1.04695666 0.333190471 -0.193311438
 507 -0.448303074 -1.18996084 -0.757304311 0.802144766
 508 -2.22001934 0.621846557 -0.588380635 1.43727720
 509 0.292736441 -0.104137033 -1.51759481 0.887534857
 510 -1.55368447 -1.02089167 0.521747887 -5.24288565E-02
 511 -1.31942570 -0.455260992 -1.16434824 1.25704300
 512 -1.80082345 1.41211998 -0.454981863 0.306539625
 513 -0.605617285 0.452153802 -0.380169064 1.40160573
 514 -0.235572860 1.25252807 9.31657404E-02 -0.349704087
 515 -0.824601650 -0.423631310 -0.625372648 0.950253725
 516 1.92568994 -0.537416518 -0.755934596 1.20255828
 517 -1.17018259 0.636831522 0.640643001 1.15091169
 518 -0.879243076 1.19939590 -0.275634885 0.846689463
 519 0.593846619 -0.317435294 0.605989873 0.910611629
 520 0.438739479 0.240148306 1.48312151 7.63849169E-02
 521 0.233143568 0.918600142 0.915817559 0.233831927
 522 0.181193829 0.273738146 -1.48589480 0.376365662
 523 -0.607111990 -1.38247120 -0.258861005 0.658240855
 524 -0.788704157 -0.467870474 9.95428190E-02 0.327999413
 525 0.335933030 0.887291193 -3.04202139E-02 0.791741312
 526 -1.63172567 -1.15089035 1.11618137 0.456270814
 527 1.12912798 0.816830397 -2.22686267 0.338243365
 528 -0.158015311 2.60459900 0.394653082 1.11062181
 529 0.587369025 -7.20238686E-02 -1.07237339 1.67840910
 530 -0.749840736 0.718231320 0.173641130 0.928826332
 531 0.382719696 -1.13481903 -0.101534903 1.03812826
 532 0.746460319 0.223229229 0.935030997 -0.244968489
 533 -0.472202629 -1.90760350 0.810142517 1.28339052
 534 -0.466311306 -1.12220585 -0.381058574 -0.453959644
 535 1.67065179 1.23981309 0.905298948 0.615150511
 536 0.522108614 -0.122091979 6.94521144E-02 0.800332844
 537 0.218668446 -0.605217338 -0.628430128 0.373635620
 538 -0.109548733 -0.171353504 0.459642231 0.614012241
 539 -0.245366216 -0.121566884 -0.259233296 -0.439742595
 540 0.378144473 1.62874162 0.355367601 -0.241778716
 541 -0.640272617 0.354556322 -0.460448354 -0.235719636
 542 -0.261963278 0.650692701 0.131799847 0.530873775
 543 0.123429790 2.38870239 0.838560998 0.467968583
 544 -1.07541251 1.26000047 -3.37112583E-02 -0.783788800
 545 -0.471879989 -2.01411581 0.207603931 0.441032946
 546 -0.514824390 -0.807873666 0.390380651 0.715211153
 547 0.846693337 -0.131549358 8.86915997E-02 0.373865753
 548 -1.70027018 -2.06679583 -0.335342586 0.103546888
 549 7.59997591E-02 -2.07381821 -0.205825493 0.166183621
 550 0.518448830 -5.01078479E-02 -1.83292341 -2.20590159E-02
 551 0.336845815 0.417914391 1.28358591 0.868349612
 552 0.912673593 0.977588892 0.305008054 -0.300475150
 553 0.611164272 -1.14471805 2.08817124 1.33959043
 554 -0.530251861 -0.648577631 -7.14127719E-03 -0.374746382
 555 2.16051340 -1.67634115E-02 0.776628733 0.163144305
 556 -0.658808768 -1.40263462 -0.681066632 5.62495179E-02
 557 0.127607018 0.339589477 -0.559553862 0.101285189
 558 1.13932550 -1.01757956 0.729121447 -0.260121256
 559 0.152768195 -0.396737993 6.25695586E-02 0.421020448
 560 9.45358574E-02 -0.344370693 0.912242413 -0.142580852
 561 0.239650369 -7.27808326E-02 0.218915254 0.771495461
 562 -0.357080907 -1.18846035 -0.382044286 1.02147102
 563 1.25307214 0.798980832 0.976286411 -0.597894311
 564 -0.763790190 -0.535440087 -0.852303445 0.411234617
 565 0.154170185 0.747712970 -7.50589371E-03 -2.67798528E-02
 566 1.28955376 -0.688002110 1.28472662 0.741093040
 567 -0.724022985 -0.943147540 -0.704653680 1.42650664
 568 1.51526797 1.28625894 -0.171213120 0.237215281
 569 -8.01873431E-02 -0.398482323 3.55269462E-02 0.211488172
 570 -2.61419117E-02 1.52000690 -1.24312878 -0.540577054
 571 -0.892477512 0.158456981 1.13137567 1.05665350
 572 -0.578639269 0.478263527 0.861157954 -0.251483113
 573 2.02286150E-02 2.13409448 -0.195839569 0.791598201
 574 0.974160552 0.655448794 0.517856002 0.346012086
 575 0.571099579 0.800401390 -0.173853233 -0.233278677
 576 -0.316541731 1.74414730 0.432752281 0.252380550
 577 -0.404385924 -0.942683518 0.946074128 0.818316340
 578 0.556859016 -0.787718832 0.964199066 0.836870909
 579 -1.24723387 0.103035592 0.806461096 1.24561465
 580 -0.556229532 0.640410423 1.43884516 3.44556123E-02
 581 -0.740638256 -0.960477829 0.971851349 0.902523398
 582 -2.39032888 -0.667444050 0.904466271 0.279407680
 583 -1.37658226 0.436687201 0.260575801 0.518262029
 584 6.19580634E-02 -1.00416386 2.12545300 -0.296287686
 585 1.32849562 -0.370803714 0.643427134 0.113891348
 586 -0.441417336 1.30206597 -0.708505511 0.891235590
 587 1.22238529 0.693369567 0.499900460 0.728802741
 588 1.50557458 -1.17520273 9.88697261E-02 0.470088452
 589 0.852566779 6.74470589E-02 0.913487434 -0.394885540
 590 0.469509184 0.470045775 -0.473098218 -3.05164903E-02
 591 -9.18987542E-02 7.98630640E-02 0.226727426 1.29448855
 592 1.68633056 -0.347726583 1.01097465 1.01795709
 593 4.90110964E-02 -0.585472703 -0.255067050 1.12513673
 594 -0.349126101 1.99218106 0.417931616 0.320021868
 595 -0.311587542 -0.140741676 0.579768240 0.121037886
 596 6.84820861E-02 -0.567026258 -0.508424282 0.164978355
 597 0.352279067 0.803645611 -0.203712404 -0.758013010
 598 -0.416463822 1.85287333 -1.10692024 -0.746098101
 599 -0.847551823 1.03335166 1.20288205 -0.212756306
 600 5.64592853E-02 -0.578108966 0.217919409 -9.12845880E-02
 601 5.12228310E-02 -0.366510034 0.942542315 0.336479396
 602 1.26885104 0.912589133 0.897508025 -7.96854347E-02
 603 0.706087887 -0.291881323 1.22370434 0.639662087
 604 7.53301531E-02 -1.57661510 0.595649362 -7.34399781E-02
 605 -1.00861228 1.27404904 -0.536241412 1.13939679
 606 -1.04469895 0.230740577 0.711201608 0.428395033
 607 -1.30094361 1.30683839 -7.91496038E-02 -1.01128316
 608 -0.552662671 -1.08907115 1.16769350 -1.13216209
 609 -0.437182486 0.760424972 -2.00967407 0.296777129
 610 -4.17149812E-02 1.32300705E-03 1.13506877 1.12052190
 611 -0.501030266 -8.66505355E-02 0.523465037 1.30528724
 612 1.95991266 1.02657485 -0.107675046 0.552398562
 613 0.664347470 2.36552978 -0.477248490 -1.24571323
 614 0.684920013 0.243876681 -0.580199897 0.415306598
 615 -0.421413451 -0.429344296 -1.66030467 1.19383335
 616 2.62559152 -1.39863563 -1.91723001 -0.514648438
 617 -0.281729698 0.666809082 0.171098202 -0.991326690
 618 -1.19007099 -0.301042527 0.502581894 1.19010377
 619 1.71648741 -6.78396076E-02 -0.103378147 -1.00207293
 620 -0.125976831 -0.219113827 1.88709521 1.79219246E-02
 621 -0.324295223 -2.22612906 1.28524041 0.793521702
 622 -1.88994777 -1.46275949 0.676335633 0.701862633
 623 2.66435289 -1.05657315 1.02524030 0.412036628
 624 -1.00591230 0.911301970 0.650932074 0.417060941
 625 -0.853604555 -1.45678735 3.04544903E-02 0.532704115
 626 0.545162141 0.502185225 1.46171820 -0.485462576
 627 1.47134995 0.182295203 1.20431769 1.21795392
 628 1.25675762 -0.254307628 0.561578214 3.44215669E-02
 629 -0.366122246 0.521032870 0.432112515 0.237426102
 630 -0.196430907 -1.41773558 -0.797266841 -0.349116445
 631 -0.514194667 -0.115059599 1.48681295 0.733953893
 632 0.107909493 0.463725448 0.246766731 0.701979697
 633 0.596303880 0.120957397 -0.167546153 0.876770079
 634 0.167630941 1.42704606 -0.342084110 0.446730971
 635 -0.728282571 1.02007139 0.528531671 7.44805783E-02
 636 1.11973250 -0.348922372 1.61943519 0.672638774
 637 0.635265827 0.494757116 1.50967884 -0.145101532
 638 0.155577198 0.971359193 0.123898610 0.419082940
 639 0.494982719 1.20566988 -0.128589839 0.866400719
 640 -0.133917198 -0.250222147 1.10732627 -0.182224408
 641 -0.398376405 -0.328432053 -0.778599024 0.411591262
 642 -0.869130969 0.871976972 -0.589643002 2.21608542E-02
 643 1.21115410 -0.522115171 0.498491168 0.203565836
 644 1.38434863 0.408642441 -0.328379154 0.636847019
 645 -1.59869981 0.775173485 -0.737495422 -0.533355415
 646 0.275665849 -0.766195774 0.422921389 -8.15385878E-02
 647 7.92323649E-02 0.547182441 1.15936875 0.485807300
 648 0.766447067 -7.92047381E-02 -0.524190545 -6.49771690E-02
 649 1.06868196 0.501674354 -0.755489707 -3.35036069E-02
 650 0.992964625 0.308698475 0.439850092 0.355114520
 651 -0.319997907 1.78630173 0.882844090 -0.585014760
 652 1.10185790 -0.154511347 0.404974818 -0.683802843
 653 -0.831617355 4.64237183E-02 0.101287231 1.01345205
 654 9.27744731E-02 -2.10141993 1.10849464 0.476428658
 655 -5.90260923E-02 -3.26644108E-02 0.949503958 -0.802296519
 656 -1.05641931E-02 0.262629986 0.471435487 0.417603046
 657 1.76636958 -0.130222172 1.61802721 1.28291512
 658 0.586505175 0.504876852 -2.11528158 0.209033653
 659 1.78769815 0.983873904 0.190425605 -0.815718353
 660 -0.542049468 -0.122147076 -0.547994733 -0.376184314
 661 0.270103574 -0.407608896 9.38496664E-02 1.19833088
 662 -0.166713491 0.255105197 -0.450303167 0.366495341
 663 0.188792646 -1.24237144 -0.522293031 -0.335541964
 664 0.959437668 0.570693076 0.548389137 0.867004335
 665 2.11570454 1.12805736 0.584603369 -0.540183902
 666 1.15220273 -1.38321245 -0.694077134 0.312577963
 667 -0.427764624 1.30861843 1.62209094 1.22831500
 668 1.29460084 -1.42028594 -0.381397188 -0.424987823
 669 1.62692690 -4.76622581E-02 0.371190935 -0.321235478
 670 1.00821352 1.42034984 1.64730442 0.386963934
 671 0.353773713 1.01888943 0.332102984 -0.355191916
 672 -1.65945303 0.253682464 -1.43218052 3.54696997E-02
 673 0.295470834 -0.153398380 1.00682437 0.380484909
 674 0.246647984 0.417236447 0.658580363 0.757011414
 675 -1.28274107 0.261712253 0.360578835 0.760861754
 676 -0.808319271 -1.40697289 7.03245848E-02 0.374666721
 677 0.507312953 -1.10396588 -0.765571475 -0.637648940
 678 0.510758638 -0.344411731 5.33467531E-03 -3.58752757E-02
 679 0.384158254 0.480511665 -0.765692830 -0.381194502
 680 -0.354585767 0.392316520 0.933100760 1.92584954E-02
 681 0.947266817 1.84318566 1.35317492 -0.483969927
 682 0.633905768 0.214964971 1.31172848 -0.183848977
 683 0.194696575 -0.249750972 -0.631527603 1.20019734
 684 0.776387334 8.44411552E-03 -0.913303494 -0.545111299
 685 -0.771361351 0.480475903 0.999902487 -0.160411865
 686 -1.03234446 0.435565114 -0.178796887 1.09184968
 687 -2.92809308E-03 -0.206185952 -1.55010676 1.08042407
 688 -0.483769715 0.153018370 -0.174054474 -1.83462445E-02
 689 -0.454574049 1.51834714 1.34621596 -0.278234959
 690 -0.376674801 3.03271699 1.25057650 0.676098347
 691 -0.275187612 -0.119944096 0.138942674 -0.122067973
 692 -1.86971331 -0.397541165 0.639451742 0.763122439
 693 -0.957884431 1.43588209 1.92546344 1.18426871
 694 1.01128495 0.153606057 0.268179297 0.280726254
 695 0.418493450 -0.942611575 -0.342096746 0.411539227
 696 0.428603113 -0.914599895 -0.809040487 6.94088340E-02
 697 0.436945558 1.27638698 0.366679907 0.558823347
 698 0.985030472 0.684452176 0.512836158 -1.27757919
 699 0.464363873 1.35451031 0.623271823 0.231654823
 700 1.30862784 0.962244213 -1.12442803 -0.483362764
 701 -0.365203351 8.95879269E-02 -0.318411022 0.555007458
 702 1.50132370 0.245121449 -0.376835138 -0.482138455
 703 -0.239932477 0.146612942 1.19623554 -2.50148624E-02
 704 -0.441516399 -0.959075689 2.05095792 0.636885047
 705 0.878429890 1.63412094E-02 1.18536055 0.794008136
 706 1.29920101 0.884346068 7.43292272E-02 1.30980587
 707 -0.455985069 0.863662183 1.46086752 0.136409804
 708 -0.820674300 -0.138130844 -0.129716679 -5.98977879E-03
 709 1.07485414 1.13122332 -0.275177240 0.332290024
 710 1.92902887 1.69856107 0.134778708 0.377441972
 711 -0.865394413 0.609575331 -0.701103270 0.670380831
 712 -0.514565587 -0.863705099 0.638904154 1.31611145
 713 0.432856739 1.57620203 -0.945392609 6.57987744E-02
 714 7.39396811E-02 1.98455739 0.774498880 0.935414553
 715 0.934908986 0.581318438 1.43485975 -1.22188854
 716 1.07927752 -0.753187060 0.423151493 0.580106378
 717 0.132289127 1.75775385 -0.338268995 0.298359871
 718 0.437255383 -0.549507022 -0.102628462 0.397512108
 719 -0.624958396 -0.307886839 -5.44458106E-02 0.887193084
 720 -3.39602232E-02 -0.690789819 -0.515003085 0.532128394
 721 2.41171503 -0.834323168 1.21297395 0.655627906
 722 -0.101343632 1.06785464 0.784749627 5.35812490E-02
 723 -0.486421466 0.293361902 -1.58291686 -3.84675711E-02
 724 0.437867165 -8.87988806E-02 0.724101782 0.700987101
 725 0.797970653 0.366510212 -1.12742856E-02 -6.93216920E-02
 726 0.611546755 -0.727416456 0.731586695 0.521904588
 727 1.13958216 -3.20714712E-03 -0.752050519 0.804179788
 728 -0.249867961 0.594486237 2.13575006 0.508660495
 729 -0.496118248 0.201194838 0.934592247 0.498368084
 730 1.95692384 -0.725752234 0.229162663 -0.225705490
 731 0.299938291 -1.36859214 0.202528507 1.11352706
 732 0.577857077 0.789560497 -1.06346571 0.307476431
 733 0.538191915 -1.56720936 3.38347107E-02 -0.119820550
 734 -0.616504192 5.88896871E-02 0.332106262 0.776371658
 735 0.426266104 -0.416358560 -0.374758005 -8.69596153E-02
 736 -0.880433500 1.56023908 -0.279854178 -6.48274422E-02
 737 0.431500107 -0.179355055 1.12259030 0.286724150
 738 1.43247604 0.780946314 0.153550148 0.935352683
 739 0.166020125 2.55212355 0.904735088 1.24049687
 740 0.193082586 0.525934994 0.787838876 0.120091915
 741 -0.480023056 7.87480175E-03 0.438123018 0.526121020
 742 0.447108716 -1.17847121 1.16484189 -0.429884076
 743 0.253160179 2.55329800 0.680809855 -0.111021236
 744 0.114105515 -0.234635457 0.389689863 -0.699273765
 745 0.652896762 0.644350171 0.248559505 -1.13817620
 746 -1.45397210 -0.749063730 3.05776834 -0.208057597
 747 -3.21751796E-02 -0.229517251 -0.912998736 1.37363136
 748 -0.134115830 -2.81605244 -0.185589954 0.458024532
 749 0.776341140 -1.01893640 0.358289123 1.06261194
 750 6.92272484E-02 0.756305158 -0.638704300 0.339463770
 751 2.07819414 0.126884401 1.00407302 0.353323102
 752 -0.660216451 0.899418652 -0.341548234 1.50050223E-02
 753 -0.830945790 0.349059343 -0.268364757 1.17823911
 754 -0.529481292 6.49267882E-02 1.21615922 0.329356283
 755 0.972060144 -0.575759053 0.344644397 0.999187648
 756 0.186211735 0.361010522 0.518402219 -0.168404445
 757 0.354748607 -0.700118780 -0.722998321 7.17693120E-02
 758 -1.57224691 0.621613622 -0.779089570 7.12528974E-02
 759 2.44218397 0.178199708 0.748077214 1.21420789
 760 0.543195128 0.962146223 -1.09855735 -0.280093610
 761 0.415925890 -1.27676487 0.475952744 0.546776295
 762 0.512516499 2.38754892 -0.400118679 -6.71014264E-02
 763 1.93254519 0.490970135 -1.21417737 0.504139900
 764 1.34743869 -0.234723255 0.678906441 6.43126070E-02
 765 1.42087162 -7.61419535E-02 0.466783404 -4.75130863E-02
 766 -0.361071020 0.185179055 1.71946633 0.393676639
 767 1.31954110 -0.241980433 -0.715233862 5.92225827E-02
 768 -1.29740655 -0.697934866 -0.139893323 1.34092855
 769 2.12689805 -0.295023739 -0.987255692 1.09117478E-04
 770 -1.05025566 9.57241654E-03 0.568164170 4.25512493E-02
 771 -0.402773440 -0.113343775 0.528405964 -1.39292395
 772 0.414720893 0.511210799 1.07586610 0.526974618
 773 0.973995805 -0.410889626 1.61674500 -0.215477437
 774 1.13470948 -0.158104450 1.49123418 1.39258540
 775 0.855190456 -0.835944891 1.00010836 0.988064528
 776 0.390763640 -0.951968789 1.13578415 0.673695385
 777 -0.682069778 -1.02210140 8.32501948E-02 0.666603327
 778 -0.267535806 -0.222561911 1.39697170 8.33263397E-02
 779 -0.766967893 1.19205987 0.469068289 -0.112494275
 780 0.321426958 -1.01702368 1.13385248 0.627650082
 781 -0.511978209 1.23432064 1.26190710 0.346269697
 782 -0.864811957 -0.787843585 1.77720189E-02 0.486410260
 783 -1.61023843 0.654865503 0.225694537 -0.903258324
 784 -1.74333751E-02 -0.377767563 -0.652766347 0.718966424
 785 0.384451985 1.51572943 -1.08158565 -0.139666662
 786 -0.536361456 0.726191401 1.00306451 1.30110574
 787 -0.391749382 -0.704208195 -0.231847554 -0.552635193
 788 -0.123479187 0.707072020 -0.302402377 0.842153370
 789 1.30893588 -0.184127435 -0.573182046 0.933323801
 790 -0.296299696 1.04314780 0.860117197 -0.594562590
 791 0.126288921 -0.451116443 1.95727098 -0.504621327
 792 -1.05848658 2.03285146 0.207257688 0.102910683
 793 -0.272140682 2.00195050 0.492823541 7.20764399E-02
 794 -6.15725517E-02 -0.480009735 1.61106324 0.598783016
 795 -0.453902125 7.69275874E-02 0.408877850 1.08874631
 796 -1.56465125 2.22445536 -8.19763690E-02 -0.353633165
 797 0.271805167 -0.588787794 0.137213767 -1.55011284
 798 0.425816447 -1.14763641 0.175423563 -2.21568458E-02
 799 3.73930708E-02 -0.809380889 3.99960279E-02 0.271357775
 800 0.720896542 -1.64710581 0.665602207 0.149307862
 801 0.367833793 -1.47932315 1.47748852 -0.603391647
 802 0.527723610 -0.585980177 -0.409763992 -2.05902960E-02
 803 -0.858638227 -0.223071381 0.969878137 1.35867012
 804 0.358088762 0.219055295 -0.156368524 0.886397541
 805 1.42839468 1.86725450 0.169323370 1.38567269
 806 7.68067166E-02 1.24666846 -9.20084268E-02 0.231108382
 807 -9.91016105E-02 0.182869554 -4.05776501E-02 1.43927193
 808 0.722131610 1.63839889 -4.11157310E-03 1.29617238
 809 6.01553470E-02 1.08203673 -0.570422292 0.101257741
 810 1.09603846 -1.07421982 0.971912622 8.50129873E-03
 811 -0.901247263 -0.113900259 -0.760669649 1.13578987
 812 -0.420771927 1.21533179 0.636040986 -0.192198604
 813 -0.244717419 -0.797914565 -0.517306745 2.44381242E-02
 814 0.895245969 -0.330464721 0.551323235 -0.637385964
 815 -0.696037889 -0.539836764 1.24612296 0.897317111
 816 0.345514953 0.421373963 0.950495064 1.43264401
 817 0.412869275 0.340787411 0.990533292 -0.164931625
 818 -1.46021008 8.47680718E-02 0.869142890 0.188756600
 819 1.44777977 -0.650997102 0.739499271 1.01443803
 820 -0.251137942 0.418561548 1.90933478 0.842854857
 821 0.426970243 0.669853091 1.21030712 0.422507793
 822 -0.533109784 -0.799738526 1.41788483 0.372558355
 823 -0.206616476 2.15682244 -0.368158877 0.762521207
 824 0.283474326 -2.43099856 0.930204272 8.52439553E-02
 825 6.08125702E-02 0.701156139 -0.415170729 0.734130740
 826 -0.788035691 0.738262057 9.14609432E-02 -1.03513360
 827 -0.905465245 -2.64498520 0.625074148 -0.224110395
 828 -1.15980196 -0.697332203 0.128173292 -0.445750237
 829 -0.148638844 0.495508045 -0.437570661 0.104935333
 830 -1.15520453 -1.06099272 1.16607916 0.164013341
 831 1.72170520 0.483938009 0.852155685 0.832946479
 832 -1.22191787 0.923009336 0.573218822 -1.13184357
 833 0.517929733 0.239207417 0.163914949 0.351907670
 834 -0.766698122 -1.39926136 -0.527558088 0.352173865
 835 1.10002375 -0.889472783 1.54521072 0.365466356
 836 -1.49330592 -0.257210046 -1.14609492 -8.95364806E-02
 837 1.21109951 -5.15046455E-02 0.308983624 0.258069754
 838 -0.115873724 -1.24493611 -8.34510326E-02 0.767470360
 839 -0.458554953 1.95999765 -1.46046132E-02 1.25288236
 840 -0.173843339 0.626976609 -0.235755399 0.206778124
 841 -1.24462759 -1.29666054 0.538921833 0.776103377
 842 1.62553930 -1.02503121 0.667446911 -0.695481300
 843 -1.00323141 0.416895688 1.90077245 3.27546299E-02
 844 -0.798192620 -1.20385456 -0.846860647 4.63571213E-02
 845 -1.03137374 -0.158146292 -1.62984228 -0.130898818
 846 -0.688873410 0.684625864 0.615989089 -0.921805799
 847 0.147495434 -0.335865855 1.14177501 -0.156778336
 848 1.22269094 0.376069665 -0.704864621 5.50650060E-03
 849 0.693332791 -0.200840294 1.22987962 0.918138504
 850 -0.655003548 1.15311646 -5.53796589E-02 0.267724514
 851 6.78586215E-02 -0.873955488 -0.794580102 0.499859303
 852 1.37898934 0.645524561 -0.463486791 -0.804832220
 853 0.189848319 -0.494449496 -0.498919308 0.271037310
 854 0.459214807 0.473720878 0.459867299 -1.37396336
 855 -9.96831357E-02 0.455218583 0.519955039 -3.66188511E-02
 856 -0.406474054 -0.631835639 1.37066162 -1.17302930
 857 -0.244455487 0.125950277 0.706421971 1.39598548
 858 -0.232572377 -1.73532569 -0.332859039 0.199238047
 859 0.255641222 -0.310897231 0.747398615 -7.67372251E-02
 860 -0.345042914 0.210333198 -0.217902973 0.713708818
 861 0.558268964 0.157893956 0.458256364 0.742571056
 862 -0.934030056 -1.34738851 1.54782617 1.00134420
 863 -0.509329081 -1.02398598 1.84146070 0.792292237
 864 -1.09132314 -0.440186203 -0.641367853 -0.969392061
 865 0.440651447 1.62315416 -6.60779923E-02 1.27206945
 866 -0.962963104 -0.409523040 0.335693747 0.803142130
 867 0.464327216 -0.657154918 -5.21743298E-02 -0.496936262
 868 -6.68968335E-02 -0.303838372 0.681597114 -0.551721573
 869 -0.251722991 0.550959110 1.90771413 0.649115324
 870 0.567866743 -0.446164250 -0.539753199 0.468006670
 871 0.540642023 1.40909243 0.244529530 1.16251218
 872 1.05613089 0.115432754 1.29054928 1.45883143
 873 -2.27796221 -1.28416276 0.920267403 -0.858548045
 874 1.70808733E-02 -0.336089045 -0.954073250 1.11818337
 875 1.60074353 -0.281762064 -0.581552267 6.25833720E-02
 876 7.68354833E-02 -1.83223176 0.628205538 0.173395172
 877 1.18507004 -0.920248806 0.531032920 0.918544292
 878 1.44287181 -1.13387454 -0.694887817 0.950383604
 879 0.282438576 -1.20668781 1.07125723 -0.421917439
 880 1.54660082 6.04755580E-02 1.05716550 1.16251087
 881 -0.252292395 2.22373343 -1.25294042 -0.345112741
 882 8.83132368E-02 1.16593087 -0.217327863 -0.210926563
 883 -0.758145988 -1.43744946E-02 0.482409775 0.374073982
 884 1.53327525 -7.29151815E-02 0.150951207 1.28470302
 885 -1.32675910 -0.373077661 0.176769823 1.39713623E-02
 886 -1.88812339 -1.82987607 -0.250597209 0.143807054
 887 -1.06609786 -0.465645820 1.70116079 0.464671850
 888 3.46503258E-02 1.12216711 0.895880461 -4.60770875E-02
 889 -0.969024956 -6.00219816E-02 2.16433406E-02 -0.497282922
 890 0.263397753 1.22858202 0.402601123 5.30814938E-02
 891 0.907073557 1.07765615 0.547605276 -0.608285844
 892 -1.66341293 1.04481626 0.218239456 -1.47619700
 893 -0.219748423 -1.22951210 -1.31825519 -0.523784399
 894 -0.264659524 -0.108766474 0.163274929 1.34908652
 895 2.57003069 3.93101908E-02 -1.30253065 0.584026575
 896 0.415209979 -0.712010205 0.968778193 -0.980871618
 897 0.600485623 0.984971166 0.992087603 -0.113141745
 898 -0.842872024 -5.61622679E-02 -1.13537002 0.635428548
 899 0.642129540 -0.442648590 -1.39649165 0.396515340
 900 -9.73607749E-02 0.771274924 0.350063622 0.700370789
 901 1.46020949 3.02582979E-02 0.672098517 -0.162176758
 902 0.245535076 5.19947708E-03 0.742491484 0.831341028
 903 1.09583473 1.71758032 4.56541777E-04 -0.345453531
 904 0.156399131 1.11060464 -0.889262795 -1.31880188
 905 1.72168243 -0.141861618 0.206602126 1.30918646
 906 2.52820539 0.152772754 -0.133517206 0.686257958
 907 1.05128217 0.120376416 -0.182915226 -0.302056402
 908 -0.561427355 -0.640895188 -1.41454136 0.421954274
 909 0.511500478 1.90148270 0.398748964 0.439865887
 910 0.310305804 -0.208609357 0.628757834 -0.445075214
 911 0.686679184 -0.733085513 -1.14517236 -7.82920271E-02
 912 0.352739781 7.79554322E-02 1.06082153 1.18894875
 913 8.76153633E-02 0.813758373 0.377066255 -0.423144430
 914 1.97510198E-02 1.25821424 0.920196295 0.437600940
 915 0.250237882 4.29736078E-02 0.450145721 0.560646772
 916 1.38871014 -0.606602073 6.63925633E-02 -0.360205650
 917 -0.764650583 0.987057745 -0.132185727 0.807481468
 918 1.72945452 -0.409944564 1.73835886 0.562914729
 919 0.295860231 0.654799223 -0.601551533 0.260691047
 920 3.45662832E-02 1.57687914 0.894865751 -0.499449879
 921 -0.197787568 0.899259090 0.359147966 -0.455796987
 922 2.02851152 -1.15264034 1.01082456 0.783308446
 923 -0.563424170 -0.177071512 -0.267150670 0.456647158
 924 -1.64576995 0.294389248 0.299358428 -0.805707157
 925 -0.277140439 -6.58847392E-03 0.326520711 0.500873089
 926 -0.405309677 0.569633543 0.770147026 -0.588171601
 927 0.233952209 -0.108266734 0.745391488 0.453686476
 928 1.19672179 0.563293874 -0.609279394 0.745472431
 929 -1.61159229 -0.806223035 -0.273130119 -0.306984186
 930 0.884279191 0.443199307 0.921193361 0.614465117
 931 -1.12437010 -9.23667848E-02 -1.11338699 1.84854567E-02
 932 0.612581849 -0.238118678 0.208634660 -0.199234962
 933 0.587311983 0.927446783 -1.21610320 0.135052651
 934 0.718256235 -0.657470465 -0.442068905 -0.783257663
 935 -0.905785203 0.385838628 0.175132766 -0.162460610
 936 0.352640331 0.142749414 -0.611508965 -0.770379901
 937 0.239949226 0.507856190 -0.594684422 6.02611341E-02
 938 3.40724476E-02 -0.868508279 -0.179780304 0.958590865
 939 0.550846696 -0.699392140 1.89370060 -0.535272419
 940 -0.643532574 -0.794491291 0.564102530 0.101826683
 941 1.25909233 -4.34741825E-02 0.540737987 0.998659730
 942 2.41277122 1.53562164 -0.765528858 0.927938700
 943 0.881782472 0.806151986 -0.580651283 -0.301183164
 944 -1.01406193 0.779626250 -0.293807566 0.353634208
 945 0.838954389 1.09595227 1.45918357 0.588905156
 946 -0.499883980 0.748297215 -8.89457762E-03 1.18919289
 947 0.833140969 -0.537034392 -6.12935051E-02 1.42389095
 948 -0.449759007 0.550383091 0.279439747 -0.894227743
 949 1.88481855 -0.112185374 -0.501330018 -0.200265005
 950 1.39711237 0.297238618 1.31740975 0.669879794
 951 0.212917611 5.36839068E-02 1.11958230 0.499572068
 952 -0.718413174 1.75759637 -0.337822467 3.00845131E-02
 953 0.152986616 0.475991845 -1.10555375 -1.17540546E-02
 954 0.884763122 0.278173208 1.69677973 -0.921929240
 955 1.48835826 1.47127521 4.31589186E-02 0.984988928
 956 6.70303851E-02 1.20322526 0.973526239 0.147898883
 957 0.583723962 -0.289969862 0.626367748 0.396546155
 958 -0.413293093 -1.44309568 -0.178754151 2.81682238E-03
 959 -0.470195979 0.103847712 -0.133337349 1.00948191
 960 -2.03577429E-02 -0.694817245 0.721890688 -0.595184743
 961 -0.789189458 0.654446244 1.39055884 1.43521953
 962 5.11857867E-03 1.03502238 1.16077220 0.678716004
 963 -0.566054285 -0.631010532 -0.231849402 1.12155008
 964 -0.211297095 -0.941584706 -0.564783990 -0.373751223
 965 1.47767687 1.01713169 -2.13142085 -0.406983912
 966 0.167063370 0.766140044 0.530533254 0.741619706
 967 6.63177669E-02 0.898048282 1.87642264 0.291586608
 968 -0.913201094 0.175807476 1.27694142 1.30229914
 969 0.191522926 0.527786553 -1.06944084 0.270868868
 970 -0.454453349 -0.657860339 0.134091243 -0.523294151
 971 1.97299314 0.237585351 1.54072833 -0.876012027
 972 -0.370967120 0.149030969 2.10083246 1.07653178E-02
 973 0.155527562 0.812947154 -1.23651612 -0.801716328
 974 0.577068627 -1.90530193 -0.698086739 -0.975615203
 975 0.248693943 0.547363877 0.829522550 1.04232788
 976 0.268021703 -1.97248292 0.320422143 0.505958736
 977 0.443197310 1.17955863 -0.103638440 0.580590963
 978 0.238874346 -1.08661556 1.70587230 -0.352995455
 979 1.08707559 -1.89869702E-02 0.714435041 0.386889994
 980 1.04212248 0.581997871 0.556119978 -0.163305357
 981 2.47855163 -5.52146286E-02 -1.42625391 -0.344727993
 982 -1.20296657 -0.215072215 0.254262656 8.50666612E-02
 983 -0.247358710 0.510839999 -0.111173511 0.826212525
 984 1.00027764 -1.41165555 1.64996600 0.175917715
 985 0.210117191 -1.24000120 1.39976144 -0.434620947
 986 -1.48868896E-02 0.776731372 0.749376059 0.314002156
 987 2.03753757 0.144653484 -4.68130410E-03 0.835759819
 988 -0.443691373 0.327313721 0.780800819 2.52063088E-02
 989 0.687645316 2.16554403 0.624272943 -0.222300649
 990 -0.600873470 1.13359630 -2.22488475 1.08178818
 991 0.520813346 0.575572968 0.525509298 -0.723566115
 992 1.72788882 0.833940744 1.22090220 0.793862700
 993 -1.18279254 -0.921732068 -1.08936453 1.32672608
 994 0.645761251 1.02897799 -0.514796019 -0.279984981
 995 0.140995517 0.734600961 9.97421592E-02 -0.346267641
 996 0.308127493 4.57815602E-02 0.784737766 0.986024857
 997 -1.61556768 0.297140718 -0.253707588 -0.892467022
 998 -0.245675042 5.13018668E-02 -0.607288897 -1.12471783
 999 -0.544759929 -1.32135355 0.195232689 0.232208252
 1000 0.911870062 0.459909707 -0.138400286 -2.31257901E-02
 1001 -0.426712096 -1.95625591 1.41647589 0.396149397
 1002 -0.352511853 -0.986305356 0.632827282 0.596627712
 1003 1.88704443 1.53145432 -1.30684924 2.64510103E-02
 1004 -0.826271951 0.686199307 -1.01409662 0.126916364
 1005 0.629686832 0.137733400 -0.352527559 0.803020239
 1006 -5.10047562E-02 -2.00837898 0.797445476 1.34319830
 1007 -0.162732318 0.569739580 0.732600152 -0.553575814
 1008 0.974275470 0.389583856 -0.451174855 0.421744883
 1009 0.686564326 -0.234012336 -6.27574921E-02 -0.104494832
 1010 0.321559757 0.467169344 0.839175045 0.848025501
 1011 0.237889633 0.210653201 -0.607043386 1.02049685
 1012 0.364446789 1.13010108 1.50797415 0.236511216
 1013 1.52007079 0.165876567 1.36703372 0.380196631
 1014 -1.22935891 0.109711148 6.23452179E-02 0.965460777
 1015 1.63207638 0.242431059 0.991611183 -0.783460259
 1016 0.705569446 0.764925182 0.455316961 -0.825285196
 1017 -1.70195293 0.901960671 -1.11153495 0.352203280
 1018 0.541240752 1.78021407 0.603682578 1.21809566
 1019 -1.31482518 -1.50689363 0.525136113 -0.468154848
 1020 8.68624449E-03 -1.89713621 0.305991858 0.756665528
 1021 0.122129939 -0.139813736 0.609562278 -0.916241229
 1022 0.991172910 -0.973709047 0.216219455 0.779770553
 1023 0.234673724 -0.699660182 0.896879792 -1.08957231
 1024 -0.832630336 -2.06249142 0.719974995 -0.395826459
 1025 0.448135227 -0.892543077 1.97542524 -0.109009877
 1026 -0.179746315 -1.02258611 0.602186501 0.230203792
 1027 0.133029997 -2.58330536 0.672791004 -0.164822429
 1028 0.522437334 -0.631732225 0.825923622 0.261082411
 1029 0.907882094 0.580793858 0.372273982 -1.03124666
 1030 -6.48093969E-03 0.515190601 1.11182129 0.892118812
 1031 -0.584559023 1.35051811 -9.42392647E-03 0.565401673
 1032 0.363659739 -0.835119963 1.02070320 0.593879580
 1033 -0.294249892 -0.763977647 0.335726380 -0.171667784
 1034 -2.17800283 -0.204189911 -3.57761145 -1.74077380
 1035 -2.24100614 -1.96741617 -0.876727462 -0.817450702
 1036 -1.65827751 0.159824416 -1.49633539 -0.947135091
 1037 -1.03411031 -1.39758313 -0.571322739 -1.45042372
 1038 -1.76813972 -0.348305881 -2.50606441 -2.20516729
 1039 -1.76636469 0.175903857 -0.362631977 -1.72785056
 1040 -1.68407047 -0.796912789 -2.19585371 -1.35056484
 1041 -1.01451755 -0.146377534 -1.25965858 -1.78959501
 1042 -1.26393330 -1.27590811 -2.02458477 -0.868401408
 1043 -1.21288407 -2.36151862 -2.03846192 -0.887532353
 1044 -0.374666721 -1.89659512 -2.81189609 -1.44559276
 1045 -0.735123992 -2.61166167 -1.53362215 -0.777162433
 1046 -0.915342212 -0.825058699 -3.27474308 -1.55132937
 1047 -2.54329848 -2.63685203 -1.74817336 -0.709524691
 1048 -1.25358713 -1.33066547 -2.57869673 -1.57294440
 1049 -2.00975633 0.121604502 -3.09673977 -1.36751723
 1050 -1.95086086 -1.60573030 -1.48536015 -1.71050537
 1051 -2.85147333 -1.02892900 -3.05884314 -1.17487097
 1052 -2.32594275 -1.53714180 -1.71294141 -1.09417379
 1053 -1.75207198 0.479719698 -2.44940734 -1.33962440
 1054 -2.22680831 -1.28880537 -2.33111286 -1.43913698
 1055 -2.51426172 -0.450560510 -3.31485486 -1.46149552
 1056 -2.59289002 -1.01319897 -2.64009547 -1.17925119
 1057 -1.51594615 -1.08109677 -2.27665997 -1.00723910
 1058 -2.35565591 -0.458203048 -0.972032487 -1.01926541
 1059 -2.61062193 -1.02881229 -2.77253842 -0.924143672
 1060 -2.46184635 -1.60065246 -3.55818081 -1.00221300
 1061 -2.33682299 -0.731833875 -1.11721885 -1.65294993
 1062 -1.15515840 -0.400218248 -0.757860124 -0.813915789
 1063 -1.60351562 -2.17950034 -3.08312321 -1.02869511
 1064 -2.56345487 -1.32267272 -1.56575680 -0.807764292
 1065 -0.875668883 -2.62244940 -1.76482332 -1.55528426
 1066 -0.193276063 -1.56207597 -1.24056017 -1.12144935
 1067 -2.08917069 0.210292518 -2.14858103 -1.52483547
 1068 -2.08911872 0.379696786 -1.33509779 -2.23076320
 1069 -1.84347415 -1.79229677 -0.931658268 -0.774077594
 1070 -1.22914839 -0.924561203 -0.991658926 -2.33933187
 1071 -1.38728404 -0.966769218 -1.90499520 -1.39788198
 1072 -0.662420809 -1.72688425 -8.13508928E-02 -1.05115831
 1073 -3.42643595 -0.538622797 -3.31507587 -1.24439013
 1074 -1.36972940 -0.986196637 -1.70761120 -1.91621614
 1075 -1.89452720 -2.80512571E-02 -2.05621791 -1.03683269
 1076 -2.24554062 -2.44630361 -2.36402822 -0.814813375
 1077 -1.86157656 -1.74629295 -3.42049742 -2.31546378
 1078 -1.18113935 0.867714465 -1.74000442 -0.850417614
 1079 0.132444382 -1.76414263 -2.76864028 -0.561514735
 1080 -0.357550114 -5.28037623E-02 -1.25538862 -1.88691211
 1081 -1.97599494 -0.849395990 -2.45421410 -0.779084682
 1082 -2.00845742 -0.830022454 -1.27455974 -1.64230669
 1083 -1.15937507 -1.14655614 -0.595854342 -1.10794079
 1084 -0.397428453 -1.54235220 -0.984240294 -2.09148908
 1085 -0.259689093 0.144636810 -3.61042047 -1.94197083
 1086 -0.927560270 0.131110430 -2.51716971 -1.01178646
 1087 -0.763850331 -0.917331457 -0.176117927 -2.69513464
 1088 -2.33416796 -1.19302559 -2.53249216 -2.76362014
 1089 -2.13257194 -0.545248806 -2.09675288 -1.72802734
 1090 0.528666615 0.318424761 -2.49799991 -0.762307823
 1091 -0.553244352 -0.476017952 -1.29054093 -0.784118235
 1092 -0.531575441 1.41925752 -1.82532191 -0.630263090
 1093 -2.81234384 -1.40318668 -1.35872865 -0.546458364
 1094 -1.93474483 -0.843418300 -1.32439268 -1.32129526
 1095 -3.51038122 -1.31354821 -1.26564050 -1.90596890
 1096 -1.16745269 -3.75961661E-02 -1.14275014 -1.13400006
 1097 -1.18369746 -1.25917912 -0.972139239 -1.70163202
 1098 -1.35847700 0.330587506 -2.12328434 -0.829157352
 1099 -1.40557456 -2.90874004 -3.50273323 -0.997459531
 1100 -4.79975119E-02 0.855613887 -4.07423210 -0.875928521
 1101 -1.47224104 -0.388327897 -0.706381202 -1.13527083
 1102 -1.69686401 -0.819396913 -2.03066897 -2.49465322
 1103 -1.13068950 0.678405344 -2.46147156 -1.26631093
 1104 -1.45412552 -1.72929692 -2.99578786 -1.47502291
 1105 -1.86779773 -1.89498377 -2.40476346 -0.762174308
 1106 -1.73482418 -1.34091699 -0.160098851 -1.64301062
 1107 -1.59293246 -0.573988974 -0.989563942 -0.618214488
 1108 -2.81041098 -1.09980237 -3.40461540 -1.09797120
 1109 -0.997045994 -0.728761375 -0.348928094 -1.62325382
 1110 -2.16096592 -1.22449327 -1.75938714 -0.729133427
 1111 -1.28721261 1.63913405 -1.87460339 -2.99954629
 1112 -2.25702524 -1.08048892 -0.558516443 -0.922934115
 1113 -2.56510782 -0.476417422 -1.02910161 -1.85319674
 1114 -1.78372264 0.347883940 2.79709697E-02 -0.831281364
 1115 -1.64393938 -2.07559919 -0.152644336 -1.86009526
 1116 -1.55655646 -1.76858842 -1.55658948 -0.541915596
 1117 -0.839673996 5.79476357E-03 -3.79182506 -2.15727735
 1118 -1.99012184 0.850294471 -2.66444016 -1.81907988
 1119 -1.49090648 -0.893295825 -1.81639194 -2.22767854
 1120 -0.928377390 -0.120891318 -1.93574405 -1.47624147
 1121 -1.85546708 -1.17961037 -1.99310613 -1.69628632
 1122 -2.89973879 -0.158030674 0.247591853 -1.71478581
 1123 -3.00941396 -1.36346567 -0.335021436 -0.908677340
 1124 -2.73515439 -0.715071082 -2.79046154 -2.87073112
 1125 -1.14936483 -0.656019866 -3.38936329 -2.04201674
 1126 -1.41362858 -9.78141874E-02 -1.82568192 -1.25265372
 1127 -2.89996147 -0.266321808 -2.14929414 -0.798216879
 1128 -1.68949330 -1.03254759 -2.50202751 -2.24221945
 1129 -1.86865807 -1.27950621 -0.396859109 -1.04826128
 1130 -3.51678848 -0.862168431 -1.93427825 -1.29320824
 1131 -1.94901931 -1.22129476 -2.86895251 -1.17166793
 1132 -1.83545256 -0.311907738 -1.49940538 -1.11932909
 1133 -1.67412448 -1.23661995 -3.56227875 -1.08949172
 1134 -2.70318866 0.477132142 -1.24252760 -1.55626309
 1135 -1.19149530 -1.27909732 -1.33740413 -0.686891675
 1136 -2.21626520 0.272299796 0.269894361 -0.647939324
 1137 7.83216059E-02 0.447097093 -0.349358588 -1.78320265
 1138 -1.42385411 -0.592305899 -2.16247654 -0.985968590
 1139 -0.731570542 -0.533270895 -0.514544189 -2.44711447
 1140 -0.275783122 -0.341159642 -0.207183823 -1.86418450
 1141 -0.698103964 2.35827565E-02 1.58772647 -1.36053991
 1142 0.463551044 0.471382946 1.80897462 -2.07569098
 1143 0.796747267 -0.868221164 4.88579720E-02 -2.52797127
 1144 -0.611549914 -0.932042301 -7.24434406E-02 -2.23398542
 1145 -0.333936989 0.850455821 -0.676379979 -1.17477155
 1146 1.23011565 -0.397637725 -0.258421928 -2.04260492
 1147 -0.359622777 0.829357684 -0.557250321 -1.38418317
 1148 -1.18078089 0.700482488 -0.565243244 -1.71906698
 1149 -0.312984765 -1.37383378 0.872642696 -1.28449023
 1150 0.190689415 -5.25107160E-02 1.86118984 -1.05290973
 1151 1.50258970 -6.30508810E-02 -0.292484820 -2.11942863
 1152 1.06536436 -3.51151526E-02 -1.39817446E-02 -1.96638894
 1153 2.00489569 -1.12509406 -0.123333856 -2.28609109
 1154 -1.04039764 0.277126849 -0.286006629 -2.04147768
 1155 0.817084789 4.47501130E-02 0.250351429 -1.79649556
 1156 0.208923146 0.415705383 1.02165794 -1.73784411
 1157 -5.00497222E-03 -0.591540575 0.148008019 -1.79726744
 1158 -0.483190894 0.554140925 0.386462033 -1.39047015
 1159 -0.930501699 -0.460148036 0.519553304 -1.76241004
 1160 0.235000759 2.03187370 -0.326503545 -1.73882818
 1161 0.607075930 0.231807202 -0.741243839 -1.49261689
 1162 0.638447165 -1.39312184 1.06050742 -1.73926735
 1163 1.46447670 1.41018116 0.365617663 -1.87463558
 1164 -0.870162964 0.592343569 -1.62245429 -1.18017852
 1165 -0.549777448 0.775030375 -1.14375317 -1.51631117
 1166 -0.178262830 0.706161559 -0.693176031 -2.42888927
 1167 0.972568631 -7.78343678E-02 -0.954776406 -1.06773794
 1168 0.660024881 6.27487898E-02 1.24705124 -1.77121270
 1169 0.956836998 0.651031733 0.294541687 -1.92220724
 1170 1.05074537 2.02414894 -0.958689868 -1.80765593
 1171 -0.139926493 -0.779198110 0.901567221 -1.06396949
 1172 0.905079007 -0.733922482 -0.656507254 -2.14173794
 1173 0.404080510 0.497310549 2.84293890E-02 -2.46731806
 1174 0.943498254 1.66022372 -1.03635848 -1.06071544
 1175 -1.37609148 0.766450763 -0.143487260 -1.37917447
 1176 -0.611822486 -0.286363751 -1.08738828 -1.95312774
 1177 0.863665342 -1.60483789 -0.685175955 -1.39145648
 1178 1.59643030 -1.52423167 1.90319777 -2.09852839
 1179 0.746306896 0.254186541 -0.801876068 -1.27544463
 1180 0.214670718 -0.269399166 -0.251151532 -1.77865911
 1181 -0.205576211 -2.33162940E-03 -0.609758615 -2.18034220
 1182 -0.341195673 -0.796294212 0.876665711 -2.32325864
 1183 5.43111563E-02 -0.459642977 -1.90069818 -1.69254053
 1184 1.12005031 -0.964471579 0.359455675 -2.59707904
 1185 0.502165616 0.953995049 -1.80346560 -2.14369297
 1186 1.13465917 1.13051701 -0.866154253 -2.47661304
 1187 1.20620298 0.362975240 1.54993570 -1.99920785
 1188 1.18369913 -0.861122310 0.203430459 -1.77788663
 1189 0.766887963 -1.38832891 -0.721916199 -1.09628785
 1190 0.944954216 -0.300863326 1.67672682 -1.10492253
 1191 1.11606765 -1.41843688 0.301174462 -1.33912802
 1192 -0.734941244 -0.909674525 0.466056734 -1.88950646
 1193 -1.14400172 -2.29829097 0.478523016 -1.83373916
 1194 0.740856826 -2.45644641 1.06671357 -1.33698714
 1195 0.115102626 8.19322392E-02 -0.326971114 -1.29531002
 1196 0.320468664 1.03841841 0.346187443 -2.07519865
 1197 0.454269648 -1.85363746 -0.634862185 -1.90371859
 1198 0.272019267 -1.95615327 0.384378076 -1.92607033
 1199 0.433746397 0.565361083 0.271605253 -1.95349514
 1200 1.20010924 -0.599522531 -0.318331450 -2.31808686
 1201 1.31660247 5.97924739E-02 1.62773037 -1.72610545
 1202 1.14697444 -1.52942467 -1.49354863 -1.01370192
 1203 -0.333495200 -0.296475500 1.10930502 -1.05458689
 1204 0.692096353 0.714218497 0.464680761 -2.17271471
 1205 -0.216076791 -0.225170702 4.45046797E-02 -1.09266412
 1206 1.46360469 -0.472350150 1.39935517 -1.94906700
 1207 0.924044371 -1.27467310 1.20261288 -2.51748562
 1208 1.35506797 -0.423956335 -1.20365596 -1.39438045
 1209 0.506987453 -0.845705092 0.864225864 -1.28216851
 1210 0.199763596 0.357899487 0.231394231 -1.44949460
 1211 0.779289544 -0.667872667 -0.425551772 -1.94820487
 1212 -8.69434923E-02 5.49469739E-02 -0.822589219 -1.33369708
 1213 -0.321431130 -0.802985668 0.348368853 -1.69957376
 1214 0.731900036 -0.404029101 -4.59173471E-02 -1.46215534
 1215 0.900478065 -0.612158298 -0.374472380 -1.80380166
 1216 -0.227956310 -0.562837541 0.993944645 -2.15396714
 1217 -0.102262087 0.938752830 7.87436962E-04 -2.18454838
 1218 1.19914889 0.322287321 -1.08305657 -1.92880118
 1219 -0.448302627 -0.300940216 4.77863923E-02 -1.74599695
 1220 0.220484585 -0.151539564 -0.569833577 -1.47951961
 1221 -2.32915357E-02 0.127142519 0.387386382 -1.55876207
 1222 0.781265318 0.244105801 0.757048190 -1.37319255
 1223 1.85364783 -0.414404154 -0.560544789 -1.32860434
 1224 1.53517187 0.669584632 1.54192472 -1.23037970
 1225 0.894202590 -0.176272199 -0.164115369 -1.87836123
 1226 0.774397969 -0.275442779 -0.278567553 -1.82794535
 1227 -0.594135463 -0.274607897 -0.375894189 -1.80043674
 1228 0.569241762 0.374826312 0.438747048 -1.70068276
 1229 -1.01054668 -0.737985015 -0.419297904 -2.56861472
 1230 -0.393510103 -1.63702309 -0.840954542 -1.74360096
 1231 -0.101499990 -1.29976583 -7.35052004E-02 -1.77609515
 1232 -0.644485474 -1.90565133 -0.300098002 -1.56827509
 1233 -0.960692406 0.835173965 -1.73797727 -2.49837947
 1234 0.312093139 -0.693414927 -0.294325113 -1.82563949
 1235 -1.16165924 0.600244999 -1.01724887 -1.95677316
 1236 -0.959348142 1.27766752 0.112133898 -1.87054276
 1237 1.58455276 -1.67193627 -1.19266057 -1.09721267
 1238 3.58949937E-02 7.28415325E-03 -0.356545687 -1.64779687
 1239 0.571098208 0.681509972 0.110764660 -1.66929638
 1240 -9.05574039E-02 -0.676246583 -1.62883258 -1.67968857
 1241 0.116977334 -0.302260697 -0.267836750 -2.48831415
 1242 -1.30276453 0.384208858 6.34825230E-03 -2.11952543
 1243 0.829259694 -1.64142346 2.56137800 -2.47767663
 1244 1.04037714 -0.902178943 -1.87584174 -1.89748275
 1245 3.22033018E-02 -2.29814458 1.07590508 -1.80155289
 1246 -0.149152368 -0.121470779 0.437168777 -1.94799149
 1247 -0.485347927 -1.17643547 0.883824885 -1.89611769
 1248 -0.115108691 0.403414577 0.118701346 -2.43148541
 1249 -0.194540620 -4.81286608E-02 1.71051955 -1.51780427
 1250 0.664009988 0.102138653 0.508421898 -1.95009768
 1251 1.79201031 -1.52945518 0.575347483 -1.20049345
 1252 0.218469679 -1.17657888 1.01335549 -1.42129076
 1253 1.27900898 0.607812285 -0.335395277 -1.47994483
 1254 1.46924353 -4.23246622E-03 -0.836063147 -1.87794387
 1255 1.75898385 -0.946641445 0.620182753 -1.88539577
 1256 -0.390465915 -0.710007250 -0.851893723 -1.91210437
 1257 4.42626663E-02 0.560004711 0.697341442 -2.06593609
 1258 2.04192019 0.481872410 -1.05948114 -1.91719186
 1259 1.63559377 0.305414140 -0.208676457 -1.81199586
 1260 0.309492558 -0.221760154 1.21929359 -2.13154650
 1261 0.474776328 0.793071091 0.838142514 -2.27558112
 1262 -1.01438999 -0.436598569 -0.634105444 -1.87125266
 1263 -0.815319419 -0.185504839 0.616337776 -1.92786825
 1264 -0.650925398 -1.75612938 0.197059900 -1.96305335
 1265 0.906736314 0.301818520 0.981985033 -2.50158858
 1266 0.832873940 -8.51787776E-02 -0.980125666 -1.68854094
 1267 1.68413615 0.477349699 -0.303121477 -2.04255605
 1268 0.294717580 -0.210958436 -1.27906024 -1.75199819
 1269 0.953773439 0.506192625 0.807966471 -1.35474002
 1270 -0.166822851 1.08768642 0.177960590 -2.18180895
 1271 -1.17680764 0.884584010 -0.421918362 -2.16088295
 1272 1.86516404 -0.657686293 -0.109488860 -1.71598864
 1273 1.70867908 -2.60343957 2.26421118 -1.12499869
 1274 -1.25146651 -1.01214039 0.280346364 -2.47638416
 1275 0.592005372 1.14884675 0.958018243 -1.97207046
 1276 1.12490416 -0.806876957 0.747555614 -1.48270941
 1277 0.260299623 -1.77816379 0.776810348 -1.72602201
 1278 0.672516763 0.334434509 -0.166770533 -1.62997484
 1279 -0.427974313 -0.121369496 1.96558726 -1.99902749
 1280 0.894977450 -0.505965352 0.897028863 -2.12475801
 1281 0.353622645 -1.03847289 1.70713580 -1.89922643
 1282 0.622231960 -2.05638146 0.919003963 -1.36809933
 1283 -0.558960021 0.150523335 1.15999651 -1.96635151
 1284 -0.899564147 0.498160064 0.195114806 -1.70670390
 1285 -0.103780240 0.135898769 3.02797928E-02 -1.52186680
