 1 -0.658645451 -9.39975083E-02 -1.08592987 0.832139671
 2 0.621904850 -1.64686048 0.564340472 -1.24668813
 3 -0.643814445 0.115178168 0.546846509 0.561693370
 4 0.390900165 -0.492493570 -0.271730632 7.38106817E-02
 5 0.247656137 -0.828808546 0.243794337 -1.03590894
 6 0.553301930 -0.828071952 -1.30415797 -0.272820443
 7 0.536477745 -0.337674230 1.46751869 -0.257690251
 8 0.772098422 -0.222053409 -0.555089176 -0.400426298
 9 1.54099321 -2.28337097 0.398869753 -0.708883643
 10 0.302111149 -1.00528157 0.243806243 -0.588013649
 11 -0.709684610 -1.75882936 -1.22517014 -0.638962984
 12 0.772192776 -2.05199957 -0.989514887 -0.786980689
 13 -3.09473947E-02 -1.17282867 0.297255129 -0.741426229
 14 0.726588786 -0.536540151 -2.33938098E-02 -0.373565942
 15 1.60663855 2.04895949 0.559881210 -1.37715328
 16 -0.740668297 -5.33582829E-02 -0.259964257 0.208635747
 17 -0.350811720 0.367213458 -0.833415270 0.888078988
 18 0.278225899 0.791584611 -1.47248030 0.956663489
 19 -6.30635470E-02 -2.14770460 -0.108017512 -0.835513890
 20 0.578101039 -0.867508888 1.22675157 -0.620952606
 21 -0.172518820 -1.39508808 -1.92813730 -0.827418089
 22 -0.234534517 0.435215175 0.142379761 1.94048762
 23 0.232160971 -0.440052807 -3.42212319E-02 -0.132456347
 24 -0.392637491 1.04148066 -1.34359848 -1.29556561
 25 0.856388092 -0.200154930 5.53502440E-02 -1.38959312
 26 -1.05260956 0.822474599 7.83080757E-02 1.62092876
 27 -8.85663033E-02 0.399747074 -0.742089748 1.45151794
 28 0.501374841 -0.408964157 0.848703623 -0.214597523
 29 -0.247980371 -0.549375534 0.680723369 1.49563992
 30 1.52749276 -1.85276711 -0.940858364 0.477072984
 31 0.102886371 -0.297364563 0.584563792 -0.740548730
 32 -0.323969781 -1.49381244 -0.635212421 -0.883261979
 33 0.799110830 -0.775666654 -1.51585340E-02 -1.00433087
 34 0.951234519 6.37527406E-02 1.47236323 -1.17326176
 35 -0.761353135 8.92114788E-02 -0.260093510 -0.994962871
 36 -0.780464053 0.790634871 -0.328745008 -0.774631321
 37 -0.802760899 0.445659131 -1.21843302 -0.177826285
 38 0.936333537 1.05139017 0.141360670 0.925968885
 39 0.829422295 -9.77330804E-02 1.24395347 2.45121956
 40 0.862669647 -0.813417852 0.293488443 1.00709522
 41 -0.819631934 0.968604743 -0.707284093 -0.821341276
 42 -1.18214607 1.82552004 -0.353640199 -0.586332798
 43 -0.195076346 -9.47968960E-02 -0.623822272 0.425929874
 44 -1.69532096 0.179564714 -0.175611198 0.813821197
 45 -1.17381811 -1.81874692 -0.107423618 -0.283990085
 46 -0.147081241 -0.338001728 -0.899717748 0.437776774
 47 0.136833087 -0.198511153 0.660262704 0.860296011
 48 0.926298261 -0.415385455 -1.12366962 0.485782504
 49 -0.500747144 -0.914659381 1.04796088 -1.23291409
 50 -0.596517563 -0.498686850 -0.571503103 1.80235207E-02
 51 -1.10189295 -4.75198552E-02 -0.844918847 1.31861043
 52 -0.911069751 -2.91202068E-02 -1.61216068 -1.24713993
 53 -0.856725812 2.13736594E-02 -0.424640208 -1.25169003
 54 -0.452070087 -0.536359310 -0.425620675 0.452687413
 55 0.512332261 1.77899909 0.486986876 -0.246361539
 56 -0.733296156 -1.60574448 0.623557270 -0.836573839
 57 -0.292442441 5.09790443E-02 1.48820031 1.35402465
 58 1.03080833 -0.609715700 -1.09888685 -1.17914903
 59 0.410674512 -1.01233870E-02 0.834543824 -1.08578753
 60 1.61885309 -0.445993602 0.793011189 1.78690505
 61 0.627488554 0.605912268 0.989506304 1.37842202
 62 0.851436436 -0.637131929 0.207660288 2.98485756E-02
 63 0.288426727 0.608678043 0.321184695 0.774084687
 64 1.61814225 -0.147589579 0.113213010 -0.571608245
 65 0.505693197 -0.480957210 0.805880368 1.28073764
 66 0.722464323 0.143579796 -1.43895948 -8.24754387E-02
 67 1.73085928E-02 -1.11820769 -0.751039147 1.10176587
 68 0.145225212 -0.892277479 -0.147863433 -0.543280244
 69 -0.723152578 -0.624460936 -1.85552061 -0.145436972
 70 -0.286104560 1.74354362 -0.981715322 -1.58423502E-02
 71 -3.03416997E-02 -2.46141601 -0.559804440 -0.216905028
 72 -1.16968131 -0.297269553 2.17832732 -0.144954443
 73 -8.92692506E-02 2.07675457 -1.60716343 0.191382542
 74 6.73668608E-02 -0.247802764 1.57104707 -1.33389592
 75 0.244159997 -1.16680145 -0.613964796 -0.383492798
 76 -0.125139445 2.63077989E-02 -0.738163829 -0.315730631
 77 0.207757473 -0.962214231 -0.841873646 -0.255767345
 78 0.468409568 -0.597335696 1.04725647 1.67404127
 79 0.881460369 -1.14579129 -0.301507264 1.66422808
 80 0.392042518 -2.58896136 -7.09562898E-02 1.16617811
 81 -0.254559368 -0.850347042 -0.108623698 0.775602221
 82 1.28803408 -1.00412953 1.03511786 -1.62983835E-02
 83 -0.438398182 -1.14820719 -0.364392996 0.157486796
 84 -3.21953297E-02 1.46686947 0.521592021 -0.744639754
 85 -0.824198127 -1.21990383 -0.794977903 0.709677875
 86 1.35145140 3.41296345E-02 0.270191699 0.141209483
 87 0.135752961 -0.304935217 -1.35839391 -1.25961769
 88 -0.409263939 0.946599543 -1.06463861 0.727854908
 89 -0.699239790 2.16270661 -1.40462303 -1.43811369
 90 -1.16188240 -1.20901859 0.262435526 1.74376249
 91 -0.121163577 -0.854579210 1.24773765 -1.20057356
 92 0.619647264 0.305546224 1.23843622 -0.185668856
 93 0.395426810 1.02496326 -1.32946432 -1.03553796
 94 -0.720323086 -1.02890420 0.829729557 1.03198886
 95 1.74251795 -0.278296113 1.59758973 -0.244505316
 96 0.311305910 1.40882742 -0.368261963 -0.976135671
 97 -6.83666915E-02 -1.06436658 -0.701817632 1.10641420
 98 0.439155877 1.07211030 -0.854454935 0.909362793
 99 -0.835705042 -1.60164011 -0.393828630 -0.133974612
 100 0.216559619 0.157930791 -1.06194007 -0.543638706
 101 1.24504268E-02 -1.06504619 -0.103308097 -0.622133017
 102 -0.620307684 0.169600978 -0.276360691 0.738728166
 103 0.199382260 0.646030009 -1.06860530 0.325528204
 104 -0.576829851 -0.486412942 -0.476953447 1.13531768
 105 -0.335939825 0.863864660 2.13328004 -0.391864538
 106 0.291666090 1.84854341 -0.793321550 0.896048069
 107 0.282668829 0.325316966 1.25237131 -0.824433923
 108 -1.00698471 -1.98693538 4.07990217E-02 0.284066826
 109 -0.613828659 -1.25414979 -1.16657948 -0.480407357
 110 0.641183972 -1.23526335 1.37801969 -0.857924163
 111 0.558516502 0.509497523 -0.682441413 1.63849294
 112 -0.443867028 -0.752194047 -0.734098732 -1.01374650
 113 1.45456254 -1.48465514 1.41934678E-02 5.03436700E-02
 114 -0.474667370 -0.925137043 -0.868865490 -0.538876891
 115 -0.585208178 1.65912175 0.572824776 -1.03930318
 116 0.959965050 2.11806178 0.764647603 -1.32554579
 117 0.499699533 3.28517103 -1.23250425 0.432067156
 118 -0.282903194 2.28485417 0.307351798 1.23377359
 119 -0.314401209 0.230708838 -1.27883089 0.675396740
 120 0.611852705 1.71237278 -1.52521312 -0.556117237
 121 1.35785782 1.02410591 0.844357371 -0.841326892
 122 1.27443349 1.77544296 -1.85420430 -1.35642731
 123 1.89785790 -0.156544030 0.654358268 -0.949129760
 124 1.54233921 1.48639750 0.220953837 0.613387227
 125 -0.534516633 1.55904770 -0.520490110 1.71395493
 126 1.06941497 1.35757315 6.55082017E-02 0.495695740
 127 0.248408824 0.969104171 1.11066604 -0.446407229
 128 2.24145937 -0.682530999 0.465632975 -0.857713044
 129 0.885517597 1.51445329 -1.38495672 1.87657940
 130 1.40982270 0.849147916 0.431668520 -0.353718221
 131 0.784022331 -0.345987320 -0.233826280 -1.34041095
 132 -0.742537379 1.18071628 0.386135995 -0.513896763
 133 -0.330813944 0.435363829 -0.911258161 -1.12819254
 134 -0.419607460 -0.189380452 -0.653207839 -1.04434788
 135 -1.07108116 -0.539236486 0.796263337 0.691433668
 136 -0.313654691 0.955456197 -0.556763470 -0.246873572
 137 -0.366425008 -0.117997780 0.692760110 -0.405662358
 138 0.249056816 -1.01514292 -0.433220506 -0.125930339
 139 -0.883213818 -1.38282156 0.559221089 -0.764258265
 140 0.972776532 2.66859531 -1.14900684 -1.25611925
 141 0.622200191 2.08417201 5.40386736E-02 -0.572939277
 142 -1.03057826 0.703471243 2.02875733E-02 1.58737600
 143 0.170738488 -0.629701793 -0.864178419 -0.822560668
 144 1.88740134 1.70582080 0.840179682 -1.15317345
 145 -1.38990855 1.13764107 -1.62105072 -0.198821574
 146 1.93126941 -0.398105770 0.576079965 5.67525029E-02
 147 1.25390422 1.83295572 -0.843043923 -1.13601303
 148 1.34031141 1.55556500 -1.31527567 -0.877539277
 149 1.08390021 1.41821098 -4.99929339E-02 1.42105997
 150 -0.247405559 -0.126788154 0.532297313 -0.224141404
 151 -0.108724743 -1.06317449 1.05454493 8.01661536E-02
 152 1.16226554 1.63133597 -0.845425427 9.70132947E-02
 153 -0.907748759 0.576934516 0.396642536 -1.64709663
 154 2.03189397 0.333861411 0.396829516 -1.27396524
 155 -1.20220017 1.17133343 -0.763658404 -0.335543513
 156 1.63351774 -0.713485479 0.493890911 0.641085625
 157 0.377951384 -0.352156430 0.188392386 -0.451107264
 158 0.266181171 -1.01702321 -1.89469993 -0.115178913
 159 -0.430915564 -1.61235261 0.264171839 -0.167787299
 160 -0.579901814 0.347072482 -0.788019478 0.917921484
 161 0.237814099 -1.77603281 1.09306860 -0.912469208
 162 0.224127144 -0.704687536 -0.400786728 -0.594864488
 163 -1.08121252 -2.29492998 -0.798733234 2.06461644
 164 -0.647835314 1.26415420 -1.11702311 -1.16971743
 165 -0.101165891 -0.848517418 0.769465268 0.728229105
 166 -0.723645210 -6.09781221E-02 -0.587675214 0.493588865
 167 -0.197473437 -1.27265882 -1.27687097 -0.231375456
 168 -0.559795678 0.202924699 0.630386889 -0.483620614
 169 -0.351508230 1.27617705 -2.09199071 0.704412460
 170 0.239521503 1.25445187 0.881110549 -1.32923007
 171 -0.410249114 -0.259855151 2.27877903 1.07960963
 172 -0.977844238 0.588857174 -5.47157750E-02 0.183976129
 173 1.01387239 -9.53530967E-02 2.05735862E-03 -0.163723961
 174 -0.650208592 -0.907717168 -0.771089673 -1.37890613
 175 0.299262911 0.159235969 0.502102017 -1.73155391
 176 -0.644857168 0.515886664 0.861799181 1.32696712
 177 -0.265104651 2.61484480 -1.22569823 -1.21396005
 178 -0.510320663 -1.19032049 1.16505766 -0.755925298
 179 -0.291168481 0.696760833 -1.24802697 -1.04246354
 180 0.412985623 -0.738648891 -1.82140255 -0.859156311
 181 -0.899784565 1.00004745 -1.50709307 6.84913322E-02
 182 0.329092145 -0.140057772 0.174862117 -0.661844492
 183 -0.513414443 0.383763820 -1.53199673 -0.377459347
 184 0.686505079 -0.662706375 -0.150948450 -0.732078493
 185 1.74486732 -1.10996270 -7.28939399E-02 1.24947953
 186 -0.681185246 1.68832690E-02 -0.391290009 -1.52845597
 187 -0.136016026 -0.259620070 -0.841029942 -0.397323519
 188 -0.194576338 0.146123901 -0.411744416 -0.849074125
 189 0.529737413 -6.92936331E-02 -1.19134140 -0.550900340
 190 1.48141372 2.69190884 -0.418599308 -1.29752004
 191 0.736898363 0.404993176 0.529141724 -1.38551402
 192 -1.10412300 -0.537186801 0.688535154 -1.16461241
 193 -1.23376501 0.268046707 0.985955119 -5.49089983E-02
 194 0.563408017 0.875791728 0.780983210 0.311237514
 195 -0.119615525 -2.28920364 8.44328701E-02 -0.739754438
 196 -0.967391431 1.50172186 -0.846782804 -0.433408797
 197 -0.657014966 1.05559587 0.524505496 0.917044282
 198 -0.711296141 0.333034098 -0.737116873 0.781732440
 199 -0.416878164 0.354171574 -0.446942508 -0.547623932
 200 -0.129171938 1.17234051 0.264042407 -2.37827972E-02
 201 0.171733364 -0.303434134 -0.786354542 1.11911547
 202 0.170079872 -0.501332700 -0.168031394 -9.21767280E-02
 203 -0.261942744 -1.39345610 -1.46441841 -0.645935059
 204 2.06364965 0.343907803 -1.07436800 3.82116288E-02
 205 -3.56531888E-02 0.604311168 -2.97654271E-02 -0.794365048
 206 0.728372335 1.38958025 0.396106482 6.28304854E-02
 207 0.199728429 -0.117463641 -0.181537628 -0.564158916
 208 1.27818906 -0.187274426 -0.869771361 0.664977133
 209 -0.682505906 0.674844146 0.725777388 1.63733649
 210 -0.385759622 -0.411955774 -0.215825260 0.228127152
 211 1.54145908 -0.496248305 0.331841856 0.497537047
 212 0.679784119 2.84030700 -1.34695888 -0.102752186
 213 0.454828322 0.293578386 0.413679987 1.81211436
 214 0.536585867 0.274924695 0.485065162 0.220428243
 215 0.245981306 -0.305421412 -0.500056565 0.631639481
 216 -0.619171679 1.64482462 -0.731546879 -1.05050766
 217 1.30779469 1.81653869 -1.87430668 2.49986172
 218 1.26155400 0.345778495 -0.553160131 -1.03853714
 219 0.605880499 1.52365875 -1.50863075 -0.341489911
 220 1.52602375 0.793576777 0.985241532 0.842115760
 221 0.989150107 0.258048773 9.74112451E-02 -0.578172922
 222 0.589536965 0.323495984 -0.141531229 1.28509021
 223 1.12342834 -0.472288668 1.40552664 -0.957712173
 224 0.695729256 -0.571801901 -0.654403687 -0.129985034
 225 -0.844663024 -1.15048850 -0.690961480 -0.974455774
 226 1.42316508 -1.74474239 1.65835083 -0.806366384
 227 -0.168778256 -0.210060090 0.420491636 1.04844272
 228 1.10372519 0.924062669 2.87935138E-03 -0.611907601
 229 -1.05769038 2.65223145 1.83618832 8.35729837E-02
 230 -0.774057150 0.342143178 -1.51889372 -0.133561164
 231 0.924836636 -0.114593796 -0.872959852 0.354114890
 232 0.904727221 1.52420425 -0.293897092 0.494145483
 233 -0.127803117 0.926722646 -0.398903996 1.52050638
 234 0.642259121 -1.37323987 -9.88119841E-02 0.401528805
 235 -1.35979056 -0.556396842 -1.81825483 -0.282796979
 236 -1.38995796E-02 0.149879768 0.783131123 -0.851209760
 237 -0.777663887 0.643481255 -1.69073617 -1.43529332
 238 -0.470253646 0.257692397 -1.12217712 -1.21891701
 239 1.28674018 -1.10767722 0.753070593 0.373007566
 240 1.30613434 0.132858768 -0.143518656 0.526291788
 241 -1.24648106 -0.778996646 -0.200394988 -0.163372070
 242 0.906949043 -0.362534374 -0.862837434 0.473400176
 243 1.42478299 0.367654115 0.687253892 -0.619633973
 244 -0.479206145 -0.999736786 0.473124444 -0.773692250
 245 -0.953352392 -0.560302138 -1.82977331 0.412265688
 246 -1.19659221 -0.788303435 -0.610480666 0.117487133
 247 -1.82302678 -0.994546294 -0.964888394 0.646152675
 248 -0.705780268 -0.845220089 -1.30871618 1.49233377
 249 1.04997468 -1.10281944 -0.271474689 0.253479987
 250 0.321874529 0.302396715 -0.156442821 5.28704822E-02
 251 1.05109942 -1.25012982 -1.67240083 -0.687607706
 252 -0.674597681 -0.603780031 -0.571402371 0.191033065
 253 0.125570878 -0.107217193 1.12665665 0.346624076
 254 -4.09647822E-04 0.756305575 -0.256403923 0.459134161
 255 -0.651038766 -0.119679242 -0.103593558 -0.134544745
 256 0.228990614 1.17777812 0.297136307 -0.523110032
 257 -1.13492572 -1.17536926 -9.98300612E-02 0.249515697
 258 -0.794393599 0.345241368 -7.04528391E-03 1.06961107
 259 4.09787148E-02 -0.516089797 -2.06471276 -1.88012624
 260 1.07534051 -2.06663227 -0.983669043 -0.948984742
 261 0.278561383 -1.12893403 -0.370490074 -1.71870399
 262 1.60660493 0.443541884 1.64255452 -0.961490273
 263 1.11234736 0.510166407 -0.939292192 8.50257277E-02
 264 0.526622236 -0.829830885 -0.691302299 -0.153048873
 265 0.260667294 -1.19733346 -0.420898199 0.319053173
 266 -0.687357187 1.14430690 -1.05940580 1.34506784E-02
 267 -0.879230857 0.503988087 1.23486972 -1.79861438
 268 0.732152700 2.18275023 0.199633896 -0.623165667
 269 0.492849052 0.818206191 -0.844143629 -0.887658775
 270 0.258354694 0.787978351 0.828480959 0.396535844
 271 0.115358397 0.978741765 -1.03732026 -0.917027473
 272 0.265167385 0.938504755 -1.03740489 -1.47167015
 273 -0.426758021 -2.90771723E-02 -0.261553645 -0.876822054
 274 -3.31974775E-02 1.35106075 0.978942156 0.314750493
 275 7.22935796E-02 0.361191511 0.841594160 0.418793201
 276 -0.208015501 1.32769132 0.217718259 -0.285219789
 277 1.52780175 1.02856898 -8.57268050E-02 -0.409379512
 278 1.53851891 4.86781076E-02 1.07362509 -0.617728591
 279 0.105725810 1.38549900 0.392970562 0.841998100
 280 0.696467042 1.85891593 -0.280988097 -0.104731523
 281 1.13757992 1.59801900 -0.513198793 -1.07323050
 282 1.09188235 -1.38752413 1.08987761 -1.25072086
 283 0.175222591 0.142497599 2.04280376 -1.49269044
 284 3.99030149E-02 1.02166772 -0.147363722 0.644957423
 285 0.887069464 1.59739923 -0.325902522 0.789367437
 286 -0.580786347 0.301928937 -0.761021852 -1.33930361
 287 -8.89551789E-02 -0.599255025 -0.118437141 -5.78748807E-02
 288 -0.391029149 0.398006678 -0.380618513 -0.401675165
 289 0.681928813 -0.191796154 0.542323053 0.841705501
 290 -0.552231073 0.992490828 -1.33041787 -1.61419857
 291 0.441430569 -0.378328085 -0.504858196 -1.13585014E-02
 292 -1.55562854 -1.10125470 -1.00123572 0.198805526
 293 1.99853206 1.02174950 1.08605218 -1.60859156
 294 0.671599030 1.74662817 1.65606284 -0.310793251
 295 -0.538559556 1.68438017 -0.255539060 -1.84713721
 296 -7.18371272E-02 -0.518033981 -2.27437449 0.141373590
 297 0.318125844 -1.13509297 -1.16439199 -1.02173281
 298 -0.314148605 0.959577918 -1.11639261 -0.614574075
 299 1.14613450 0.482907414 -0.545481026 0.169613272
 300 -1.76166296E-02 1.42196012 -0.616034389 0.778327346
 301 -0.896157622 -0.998693526 8.45765620E-02 -0.825998545
 302 8.96517932E-03 0.225123331 -1.31976032 4.08081450E-02
 303 -0.144373059 -0.188378170 -1.08210206 -0.804155588
 304 0.116211936 -3.80589813E-02 0.154291898 -1.34851098
 305 0.638563693 1.41373074 -1.01194179 -0.384757102
 306 -0.294096828 1.69598436 0.373441130 -0.821389198
 307 0.773280621 -2.55505347 0.768086016 0.387289256
 308 0.267136574 2.97934599E-02 0.656969607 -1.17210579
 309 -0.264320493 1.67755771 0.801908731 0.104240499
 310 -0.142035693 -0.649198413 -0.416103929 -0.998339534
 311 0.723857284 0.148198962 -0.221878499 -1.62504625
 312 0.237501577 1.85555923 -1.20604157 -0.534808159
 313 -0.646922290 0.246940970 -0.244314298 -1.37416089
 314 -0.934162855 0.706742167 -1.89384595E-02 0.179224223
 315 1.16486526 -0.401144266 0.135353625 -0.662025213
 316 0.622711658 -5.89191467E-02 -0.401647776 0.191441804
 317 -0.897316515 0.103285283 2.30390728E-02 -0.533031464
 318 0.470949620 0.236240268 -0.739015222 -0.431934476
 319 0.230524957 0.809620082 -1.19688249 0.757781982
 320 -0.754789174 1.07006419 0.198927820 -0.222380355
 321 8.87539685E-02 0.937121153 0.766592979 -9.03127491E-02
 322 0.371610731 0.356209517 -0.418876469 -0.432302892
 323 0.979838550 -0.793098271 0.316780120 -0.140824318
 324 9.43366289E-02 0.952752352 7.25107715E-02 0.466631740
 325 -0.367457390 0.133256510 1.55135894 2.44302011
 326 -0.588495076 -0.858227551 0.744290113 -0.133478850
 327 0.611712575 0.232945800 -0.610252440 0.702394009
 328 -0.372808576 -0.614813626 -5.72148152E-02 0.316859484
 329 -0.633249760 -1.04257429 1.14309168 -0.905351758
 330 -1.32555866 0.377862990 -0.197969496 -0.676580191
 331 -0.950196445 -0.371810526 -0.492464215 -0.866058230
 332 -1.39862561 -0.297569394 0.858935297 1.20046592
 333 0.302930892 4.52207774E-02 0.407830656 0.515621901
 334 1.37168384 2.47010899 0.459814012 -0.691189766
 335 1.03411651 -0.456244081 -0.815394521 -0.157289207
 336 0.946435869 1.14022386 -0.319193929 -0.940607369
 337 3.73563319E-02 1.85019982 1.44968891 -0.224682957
 338 0.591369152 -1.26111424 -0.711617470 -1.08103752
 339 -0.528624773 1.28203332 -0.251214683 -1.06390965
 340 -0.709673643 -0.638442636 0.289543629 0.962355077
 341 -0.549389303 -0.792584479 -2.15096045 -1.29740167
 342 0.483064353 -1.89263713 0.589800537 0.675944030
 343 1.57356715 -1.11748314 -0.749027610 0.139393374
 344 -0.455931306 0.739287853 0.443959832 0.427048385
 345 0.775319874 -0.490952134 0.225343183 -0.624106169
 346 1.44105041 -0.571207047 0.206630483 0.363680959
 347 0.146149233 0.699758291 1.80919123 -0.491582483
 348 -0.148533836 0.542813659 -4.67720628E-02 0.164039791
 349 -0.302451253 -1.35869360 -0.803509355 0.122303471
 350 0.553655088 0.870036244 -0.605762541 -0.480711073
 351 0.922389865 -0.265267462 0.726924658 -1.20217764
 352 0.538683474 0.131656706 -0.722651124 -9.87966061E-02
 353 -0.322988331 0.947343111 1.09184766 -1.51823163
 354 -0.423334837 -0.744975328 2.45494223 0.505832076
 355 -1.16207159 0.106542602 0.230383843 -0.652477145
 356 0.547671139 -1.36935091 0.333073467 0.281908989
 357 1.31479311 -0.217753142 -1.43607175 0.690263152
 358 1.13020575 0.560440421 -0.155527234 -0.628625035
 359 -0.317242533 1.28129530 -0.770400226 0.934870005
 360 0.204901949 -1.44754934 0.414653391 -5.23540080E-02
 361 0.463555574 -3.37429717E-02 1.95322537 -9.25313309E-02
 362 0.856869340 0.324988365 -0.119002327 -0.698835135
 363 1.80235434 1.83868742 1.93513334E-02 -0.610043168
 364 0.633749485 -1.21488988 1.00877249 -0.307766557
 365 -1.21351480 -1.42494750 0.282479644 0.195930570
 366 -1.07514906 -1.56599128 -0.376314163 1.06803250
 367 1.48247969 -1.42077804 -1.19205499 -0.969190717
 368 0.570341110 -1.20752597 -0.894818604 -1.46733713
 369 0.697207332 0.393906802 -0.997697592 -1.05655503
 370 0.487457424 -0.876473010 0.578258336 -1.05632532
 371 0.849175155 -0.942332387 -0.963656962 0.392394543
 372 -0.285995990 0.857620537 0.803303003 2.55354571
 373 0.749214768 -5.11908084E-02 0.414325774 -0.218607187
 374 4.82616127E-02 -0.135390162 -1.37047255 -0.305973202
 375 0.361846715 0.502291441 -1.67791021 -1.04250443
 376 0.140027836 1.55675793 -0.677079618 -0.470346004
 377 -1.32577956 0.577815115 0.859118700 2.33784580
 378 -0.708918214 -0.585618377 -0.710396469 -0.564479232
 379 0.305478781 0.866219878 0.283596575 0.224399596
 380 6.53833002E-02 -1.07206142 0.941132247 0.398740917
 381 -0.559916794 0.783299685 -7.35455751E-03 0.432633519
 382 1.36397350 -2.96770787 2.71956399E-02 1.08351243
 383 -0.397610009 0.900524139 -1.84887505 -0.952396989
 384 0.575700164 0.362460971 -1.37597382 0.720653236
 385 -1.21434093 -6.95225820E-02 -0.325310111 0.254895627
 386 -0.692757130 -1.71389067 -0.362900406 0.219526008
 387 0.402879804 -1.23213363 0.614698946 2.32851982
 388 0.198036999 -1.50679088 0.960484445 2.04851031E-02
 389 1.34858465 -6.21595085E-02 -2.65639830 -1.08202410
 390 -0.257642537 -0.800568342 -0.177371666 -0.266391993
 391 1.03465950 -0.958725274 -0.627661169 -1.47159576
 392 1.63576210 -1.73837018 -0.415041447 -0.455068558
 393 0.906385005 -2.75704408 0.302572936 0.506982327
 394 -0.187260106 0.627790511 1.11257923 0.461450607
 395 4.42611352E-02 -0.937785447 -0.998466074 -0.189897105
 396 0.726453424 0.949936509 -1.61421645 0.954806983
 397 0.283595145 -1.53809667 -0.391251445 -0.784851551
 398 0.732636452 0.537713885 -1.72536314 0.195690066
 399 0.212577865 -1.10197139 -4.18977514E-02 3.96379828E-03
 400 -1.34228873 0.242784768 0.441878140 -0.337591171
 401 -0.650641680 0.705450892 -2.41704154 -1.14035738
 402 0.276644468 0.884504616 5.70380781E-03 0.243433595
 403 -0.318479478 0.722720861 -0.544846773 -0.753090739
 404 0.211815462 0.193435967 -1.36328888 -3.52535024E-03
 405 -0.857479632 1.41149962 -0.199411750 -1.42661488
 406 -0.106401265 1.58916318 7.48958588E-02 -1.38448954
 407 -0.277354628 0.897354722 -1.27929246 1.78554189
 408 -0.207960129 -1.30021608 8.44903290E-02 -0.165175766
 409 1.15585506 0.897253454 -0.905712962 -0.964663327
 410 -0.443911254 -0.384302229 -1.51560020 -0.679427981
 411 0.392141581 -3.71613693 0.760148048 0.897840858
 412 -0.919651628 -7.61828423E-02 -1.47058010 0.132944614
 413 -0.514067590 1.25449502 -0.578275800 -0.323264778
 414 1.36435127 -0.764196277 1.70219731 -1.07221103
 415 0.288924754 -0.284574300 -0.261032999 0.259351611
 416 3.43447924E-03 -0.480794013 -7.79639781E-02 -0.368167996
 417 -1.63770306 1.37700327E-02 -9.21223611E-02 0.403213203
 418 -1.32091677 -0.309862554 0.157804996 0.188088179
 419 -0.623013258 -1.08837140 -0.204600126 -0.506092787
 420 -2.85753608E-03 0.654821515 0.240568593 0.808807373
 421 -1.11980820 2.00920081 -0.177900434 0.948619246
 422 -0.900941491 -0.316320896 -0.474981874 0.550219536
 423 -0.453478992 -0.452060163 0.376283228 -0.400799155
 424 0.466015756 -1.65756357 0.723182321 -1.40210533
 425 -0.613450587 -0.625333369 -0.206415281 1.73303747
 426 1.73256886 0.884574771 -0.872699559 -0.699077785
 427 0.830162883 -2.26878738 0.509800076 1.07637882
 428 0.999265075 0.822765470 -2.22093725 -1.57977057
 429 -5.74056283E-02 0.214270175 3.51704806E-02 1.01644313
 430 0.420812756 -1.49710393 -2.48501921 3.35940607E-02
 431 0.141839579 0.866610408 -0.370679229 -0.706951082
 432 1.25722075 -0.741629183 0.273103654 0.422597766
 433 0.615814745 1.32626283 -1.85544038 -0.590637445
 434 0.964648366 -1.77113366 -1.14261425 0.100300930
 435 0.573560953 -0.857451439 -0.555195451 9.50404406E-02
 436 -1.74696445E-02 0.247562587 -0.396106362 -0.902312696
 437 -1.16231155 -0.375964731 -1.53713918 0.170677155
 438 -1.52152884 9.06531215E-02 -1.15361953 -0.459123433
 439 0.681487799 -0.446062028 -0.426548690 -1.00786030
 440 0.126938373 -1.17040241 -0.173974141 -0.933911264
 441 0.472140908 1.10824025 -1.01920497 -1.00409842
 442 0.566339374 -0.627649486 -0.195627064 0.973789990
 443 -0.465595245 5.71438372E-02 -0.748777568 -0.333044887
 444 -4.39366251E-02 -0.498006910 0.261017740 0.423123538
 445 -1.42827594 -0.995116413 -0.426040381 -0.162458733
 446 1.71956968 -1.49848664 -0.213566244 0.271467328
 447 -0.112881318 -0.496163070 -0.209572181 -1.14125419
 448 -0.931259513 -0.311931908 -1.02366447 -1.65182090
 449 4.53698784E-02 -0.691576838 1.41756439 0.437528670
 450 0.790799737 0.391309142 0.618759632 0.276212364
 451 1.54018641 -1.39672875 2.54656386 0.190642655
 452 0.392388910 -0.519973457 0.534475088 -0.950918317
 453 -0.323611170 0.783674955 -0.727890849 0.460488677
 454 0.177185208 -0.376642704 -1.57057774 0.172470659
 455 -0.462533414 1.08001018 -0.732797980 0.782656908
 456 0.299843490 -0.518592000 -1.47399211 -5.32959104E-02
 457 1.16507518 -2.84271669 0.566276014 0.181114554
 458 -1.83307815 -2.71747756 -2.85660792E-02 0.460791916
 459 0.167520255 0.934838533 -0.382968694 -0.845892072
 460 0.854132235 -1.33008981 0.230406106 0.191478163
 461 -1.87271070 0.655053258 -1.59112012 0.816817403
 462 -0.967949271 8.52517188E-02 -0.655022025 -1.26255918
 463 0.103820279 -2.95065451 5.87319024E-03 -0.440119535
 464 -1.27688813 0.999711752 -0.997127950 -0.222632229
 465 -0.405644476 0.259084940 -1.55283904 -1.34368539E-02
 466 0.732345462 0.901611388 -0.583715320 0.875794947
 467 0.653027952 1.19377565 -0.966063440 1.92787874
 468 0.466451049 0.333410025 -2.77862239 -1.64345920
 469 0.683114350 -0.679605246 -0.832936883 0.370744526
 470 0.131102115 -0.800119579 -0.632086873 1.70337415
 471 -0.196044281 9.85705480E-02 9.14565325E-02 0.630363405
 472 -1.00387073 9.66146439E-02 0.441292346 -0.240617380
 473 1.28809381 1.07383680 -0.432371557 -1.37835717
 474 0.141001403 -0.654624879 0.433573812 0.276889473
 475 0.149298757 -2.00051403 0.857741475 -6.84159398E-02
 476 0.455079347 0.436285317 0.666441560 5.08210063E-02
 477 0.182322323 0.244058371 7.10687786E-02 0.737728834
 478 0.159699395 0.630608320 0.216329277 -4.02100086E-02
 479 -0.650356293 1.42552364 -1.00585532 0.303147376
 480 -2.43348181E-02 -1.05943596 0.170583710 -1.06574631
 481 -0.794657290 1.82292497 1.23050249 0.322295040
 482 0.866085470 -0.369825244 -0.646768749 -0.625345349
 483 0.684563398 0.973764181 -2.25156522 -1.16949844
 484 0.444170713 -0.115819953 -0.710311532 -0.194097519
 485 0.360001147 -0.420262992 -1.74858654 -0.953220963
 486 0.454680741 1.87828672 -1.89504349 -0.132588059
 487 0.558856368 -0.649902046 0.685304761 0.291877747
 488 -0.248112917 -0.287492007 1.37369394 0.283946842
 489 0.882136703 0.375202507 0.160514936 0.365923464
 490 -0.282827526 0.542554677 -0.284988552 0.202936530
 491 -1.42692477E-02 -0.207704872 2.15909407E-02 -1.39744294
 492 1.28407788 -1.09046924 3.48241180E-02 -0.974619269
 493 0.780092478 0.361946642 -1.38666010 0.896985650
 494 -0.700581849 -0.898293555 -0.784501016 0.139398575
 495 -0.976475835 -2.21866632 -2.29730511 -1.83640206
 496 -0.147734627 -0.457232654 8.62921327E-02 -0.558262885
 497 0.676723599 -1.37420404 -0.729394853 -0.129947007
 498 0.752789378 -0.726216316 1.03348219 -0.646849453
 499 -0.925217211 2.59360409 -1.01459098 -1.07789898
 500 -1.29586220 0.558415592 0.273401558 0.619969487
 501 0.916566074 0.121098161 3.22590399 -0.708196998
 502 -0.331853271 -0.961056590 0.643228412 -1.89268565
 503 0.978676140 1.12571549 -2.17979479 -1.45771086
 504 0.566829741 0.645126760 0.772103906 -1.17879009
 505 0.628695846 -1.50975811 -0.509238064 -0.824888706
 506 2.13981009 -0.573614717 -0.201604813 -1.00375617
 507 0.806829274 -1.74901509 -0.639402628 -0.673156023
 508 0.598029375 -1.30263400 1.29929709 -1.64652848
 509 1.19742668 -1.12540209 0.777393818 -0.188735813
 510 -1.20907390 1.17699265 0.330174118 -0.769438744
 511 2.71753669E-02 -1.08636892 0.826384068 -0.451062679
 512 -4.57125902E-03 -0.523284495 2.08250928 -0.425504744
 513 9.14182514E-03 2.03832293 0.360058665 -0.388818085
 514 -0.896598220 0.486343443 1.35048783 1.25270307
 515 1.20177960 0.193381220 2.83813216E-02 -0.292534441
 516 1.32320452 -1.41316867 0.653090000 1.35986960
 517 0.201612890 0.537929833 0.377445370 0.786285281
 518 -0.311165512 0.131307900 -2.12924853E-02 0.821796536
 519 -0.764993370 -0.692764759 0.793485343 -0.340610623
 520 0.829020441 -0.539193630 0.303086102 -0.456155419
 521 1.36877596 0.495485216 -0.426717788 0.963505745
 522 0.422325373 -1.28919959 -0.605632424 0.889049649
 523 0.213416904 0.546559334 0.864089668 0.125058562
 524 1.30942905 -1.46431231 -0.298278570 -1.37600338
 525 -0.195884779 0.537009120 -0.751457810 -1.36147201
 526 0.662506104 -1.29483521 -0.268863142 -6.45689368E-02
 527 0.317478418 -0.730242670 1.86010897E-02 1.43945050
 528 -0.438501745 0.540139198 -0.601023316 0.417909563
 529 1.05611897 -1.28345048 -0.854934812 -0.885982573
 530 -0.854956329 1.42288160 -5.00318408E-02 0.103837937
 531 0.248877943 0.595579565 0.557167172 -3.86136174E-02
 532 1.28648245 3.23993659 0.850353539 0.121873833
 533 -9.81288999E-02 -0.493179291 -0.909983575 -0.858151674
 534 0.493098289 1.06307697 -0.133708656 -2.26498470E-02
 535 0.496382207 1.44438696 -0.470762461 1.14990938
 536 -0.432976216 -0.864898384 -0.971889496 0.885357380
 537 -0.147452459 -0.549371243 -0.877661586 -0.250134289
 538 -0.517827511 -0.112127841 0.967790425 0.288710654
 539 -0.497782797 -1.09802318 -0.355343580 -0.786978722
 540 -0.252928555 0.460128069 0.322583258 0.316567749
 541 1.20816934 -2.36005783 -6.99693114E-02 -1.23006260
 542 -0.106099397 0.152116582 -0.899848640 0.447874963
 543 -0.983272612 1.73323214 -0.948502958 -0.352144539
 544 0.272918433 -1.02056217 -0.183216274 0.883139789
 545 -0.141452819 -1.16625190 1.01296401 0.481422365
 546 -0.774549603 0.353947818 0.222158670 -1.02520978
 547 9.54176486E-02 0.406539261 3.34144354 0.367349505
 548 0.988290608 -9.47136208E-02 -2.16686916 -1.53634846
 549 -0.434773773 0.633473754 -0.957873225 -1.49182022
 550 0.879020154 -0.975715935 1.44422495 1.21638882
 551 -0.112728268 -5.64249307E-02 1.10138679 0.396691352
 552 0.658292234 0.916486382 0.381523520 0.667580724
 553 0.157732531 0.820234060 0.532340050 -0.549914777
 554 -0.282778144 -1.39274025 -0.779024124 0.249195188
 555 0.272083014 -1.27615583 -1.43652451 -0.336954623
 556 -8.64770487E-02 -0.584160149 0.103029422 0.543019354
 557 0.653174698 -3.20696533E-02 -2.32402062 -0.741267800
 558 -0.526553750 -0.404287696 -0.593544304 -1.05257511
 559 -0.723017633 0.306506932 -0.689169765 -1.06480789
 560 -0.300414532 9.34560299E-02 0.903004527 1.77043247
 561 8.37005004E-02 4.21533585E-02 -0.448994666 -1.43524373
 562 1.70270157 -1.95904577 -0.525321841 -1.40445840
 563 0.187459841 -1.01271391 -1.05619371 1.02986884
 564 0.129903913 -2.03438616 -2.41889811 -1.50432956
 565 -1.57219172E-02 0.991287231 0.163667530 -0.996937931
 566 1.19211566 -0.196703568 1.14164352E-02 -0.586694062
 567 1.32176328 0.641542673 -0.398656607 -0.304250747
 568 -0.666410804 -0.549005926 -0.349833757 1.44605637
 569 0.741619468 1.11700702 -1.05855870 -1.31473827
 570 0.861240089 -0.821480334 -8.01375657E-02 -0.743125677
 571 0.871703267 0.354695767 -0.102383949 0.466419101
 572 -7.50874057E-02 -0.238994285 0.652974367 0.558407307
 573 -0.183658883 -1.26760983 -1.28327048 3.44553031E-03
 574 0.106359303 -0.671837211 0.242444545 -0.211226553
 575 1.75867796 0.904283762 0.121119961 -0.517026365
 576 -0.263332486 -0.906005979 -0.967581511 -1.31138587
 577 0.193897188 -0.167352766 -1.84264481 -1.69525099
 578 -1.15961123 -0.793029010 0.586506307 0.540741086
 579 0.600076973 1.50594866 -0.485935092 9.00932029E-02
 580 4.58565354E-02 1.45858145 0.715909421 -0.885614634
 581 0.865492642 -1.74253058 -0.271961510 -0.544812858
 582 0.822355270 -0.157947093 -0.621556699 -1.19366848
 583 0.496082395 0.235681206 -0.308709621 -0.727922738
 584 0.394871026 -0.277549267 0.317546368 0.549192846
 585 1.66655898 -1.57348156 3.04312408E-02 -1.21721756
 586 0.146191597 -0.320108235 -3.61492187E-02 0.129976064
 587 0.244723454 -1.35106337 -0.528382301 -0.774892569
 588 1.00832582 -1.27151442 -0.730626225 -0.488542378
 589 0.697786450 -0.832249880 -0.141555399 0.948701680
 590 -0.711731553 0.364476860 -1.10602725 -0.685449243
 591 0.626849413 -2.02121735 0.708812118 -0.332888126
 592 -1.15989470 -1.08541191 -1.48078394 -0.219850451
 593 0.116225146 0.485276818 -1.50649595 0.373705506
 594 0.503800631 1.22650206 -0.744077265 -0.857614279
 595 1.03964520 -0.976249516 3.92969623E-02 1.31419873
 596 -0.495001972 2.38276720 -8.36817622E-02 1.27787244
 597 -0.657891452 -1.47244453 -1.03611660 -0.314187527
 598 5.54751903E-02 -0.632983506 1.50067902 3.89974117E-02
 599 0.861822784 -1.25505245 0.953765631 -0.402346671
 600 0.102451503 1.79188156 -0.203725263 -1.61346948
 601 2.23697349E-02 -0.164040968 -1.49237037 -1.51399493
 602 -0.881997705 0.778219342 0.300989062 -0.400713414
 603 1.73189867 0.601300180 -1.79786432 -0.965412199
 604 -0.641345501 0.539885521 -0.908975363 -0.403971672
 605 -0.955072880 0.997249484 1.78168356 -1.53268933
 606 -7.26025105E-02 -0.336724937 1.66893137 0.597717047
 607 -0.186042443 -5.16267307E-02 3.33567709E-02 -0.381680399
 608 -0.930422306 0.136579752 -0.853098035 -3.67883071E-02
 609 -0.186406016 -0.495755166 -9.96286124E-02 -0.184745640
 610 0.806803703 -1.61486053 -1.10846663 -0.935991168
 611 -0.443189859 -0.270699590 0.126774564 0.440065503
 612 -0.209885478 -1.26364672 -0.131984606 -1.32891643
 613 0.998561621 -0.670942008 0.420668185 -0.674113214
 614 -0.174888849 0.292383730 -6.76030070E-02 -0.706521869
 615 0.834663332 -0.524868309 0.317525446 2.10521221
 616 -0.480699480 -4.20123339E-03 -0.249004006 -1.69818270
 617 0.531027913 -1.35758162 -1.37885499 -0.156058639
 618 -1.76458287 -8.58303905E-02 -0.453964353 -0.792851448
 619 1.21387327 0.312816024 -0.345219940 -0.671908677
 620 0.420484096 1.45440662 -0.239360824 -1.45700431
 621 0.115670554 1.13318765 -0.577156186 1.32174110
 622 -0.301198989 -0.400711119 -0.123518556 -1.88427234
 623 0.374460578 1.02418447 -0.824550569 -0.975962758
 624 0.532663524 -0.759681880 1.00142694 0.516366065
 625 0.652229428 0.146557987 -0.535618663 -1.16249478
 626 0.145145744 -0.785019755 0.596235335 -0.815710664
 627 1.63089186E-02 1.12627685 -0.317653060 -0.709091187
 628 1.26032937 -1.02828169 -4.13875878E-02 -0.195406318
 629 0.535919249 -0.497916162 9.01950151E-02 0.124146238
 630 0.554174304 -0.248698175 0.417265415 -0.808259070
 631 -0.923169613 0.338800818 0.775993288 -0.323832542
 632 0.967510164 0.810038447 -0.217597097 0.198256418
 633 1.96233654 2.41417599 0.148167446 -0.142233998
 634 1.98320735 -5.90176284E-02 0.512515128 -0.985810935
 635 -0.323134720 0.301686823 -0.504942715 0.865218401
 636 1.06784499 -1.57510138 0.655711830 -0.194823444
 637 0.496886998 -1.12016284 0.375404209 -1.01884341
 638 0.610609651 0.142543375 -1.73596549 -0.246831596
 639 0.836904287 1.08408988 0.220038757 2.21998668
 640 -0.865788758 -1.00874829 0.745789647 0.285804033
 641 1.12960494 -1.01416969 -1.02895522 -0.409329087
 642 0.328273058 -0.379657686 -0.957484007 -0.392793179
 643 0.757191658 -0.204224840 -0.320204794 0.610125303
 644 0.297982752 -0.899525166 -0.708382130 0.525354922
 645 0.536736250 1.01075816 -0.376886845 -0.390534997
 646 0.381103098 -0.801325083 -1.03566051 -0.255156517
 647 -0.227940500 -0.636265516 0.603484392 1.91862512
 648 -0.949637771 0.398120582 -2.46460247 -0.387158275
 649 1.18843162 -0.191917807 0.454147071 -1.54643869
 650 1.41157234 1.75408721E-02 0.106016338 -5.16628660E-02
 651 -0.372409374 2.18711048E-02 1.50949705 0.833250821
 652 0.214790478 0.659718812 -0.475782990 -0.110928819
 653 0.112944350 -0.478456676 -0.466929138 0.307512194
 654 1.16623092 0.165491387 -0.249812394 -0.125800401
 655 1.43177414 -0.516530991 -0.267814815 0.770092726
 656 1.75786042 0.180997759 -2.21482706 -1.39368272
 657 0.497433931 1.91449261 0.674061596 0.263096988
 658 0.280106306 -0.280817509 -0.286813974 -0.866200328
 659 1.04940915 -1.00623536 -0.176656947 -0.102114543
 660 -0.277323484 -1.57831681 -1.01191354 0.561831236
 661 0.836425543 0.563033879 -0.366943717 1.69989824
 662 1.54662573 0.247368932 -0.755158663 -0.692492366
 663 0.196311131 -0.857906282 -0.559126973 -1.15100908
 664 1.80544305 1.00951123 0.589407623 0.467790842
 665 0.735334158 -2.42303610 -1.38288677 -0.278531432
 666 -1.97953880E-02 -0.883749187 8.91599804E-02 -0.165426388
 667 0.677162945 1.25790858 0.580851138 -0.301969796
 668 0.847138882 -1.33340240 -1.37227750 -1.15342319
 669 -0.419563770 -1.02868652 1.80825138 -0.134140581
 670 0.339307457 -0.857731402 0.865095913 -0.470558882
 671 0.537136137 0.838021696 1.73566580 -1.71384621
 672 0.147731259 -1.82041109 -0.218416572 0.661121428
 673 1.31549048 -0.762393951 -0.372118890 0.594651282
 674 1.00575411 0.564585805 -0.842583656 -0.609012544
 675 0.172976017 0.662740290 -0.541617155 1.34219873
 676 -0.235228658 -1.49625254 1.70020211 -0.510363221
 677 0.403379798 0.152917370 -2.75260711 -1.68742776
 678 1.04533887 -0.413967729 -0.421302915 0.164501011
 679 1.00232804 0.199764669 -0.598414600 -1.00147367
 680 1.57587361 -0.356092632 -0.220794961 -0.688008487
 681 1.25386071 -0.594891846 -1.16552413E-02 -1.20744336
 682 -0.116116665 0.357766986 -1.67383444 -1.69575679
 683 1.62992811 0.266356885 -0.472635716 -1.33015192
 684 0.199652046 2.32802939 -3.00853729 1.41318345
 685 0.384504437 1.50820231 2.02445412 -0.201456085
 686 -0.117712289 -0.124893963 -0.111537337 -0.292957515
 687 0.836931705 0.105926260 -0.993625164 0.203336075
 688 -1.31309009 -1.39612150 0.293840140 0.310271502
 689 0.516244650 1.15339887 1.31266975 -1.03978574
 690 0.798717439 0.537648261 -4.06725407E-02 0.913025558
 691 0.495537341 -1.09330440 -0.352984399 -0.839511991
 692 0.700221062 0.635244250 0.186662942 -1.11307740
 693 -0.422032505 0.867895305 -0.353652775 1.99731648
 694 1.51974037E-02 -0.711122990 -1.84046543 -0.597591162
 695 -5.49689271E-02 1.63936257 0.717528701 0.548081994
 696 -1.98447704E-02 -0.656965017 -0.691048265 1.25898862
 697 0.548904896 0.635944188 -2.09534645 -0.501431763
 698 1.27303267 1.60782599 -0.184109941 -0.872704268
 699 0.517089427 1.47742569 1.34626174 -0.663253248
 700 1.12170792 -1.43723953 0.198512077 -4.74633425E-02
 701 0.115342192 -0.653218389 1.03554296 0.498804569
 702 0.131804734 -0.563402772 -0.877209961 0.173710346
 703 1.30900192 -2.02104115 0.704000950 5.67747280E-02
 704 0.835516453 1.44857001 0.120683491 -7.60561302E-02
 705 -0.140384719 -1.75666142 -0.923463106 0.288726270
 706 -0.161353007 -1.50870657 0.464096487 0.253220290
 707 0.692275345 -0.898535073 0.162568316 -0.788187563
 708 0.345542938 1.39054525 1.05853212 0.208330393
 709 -0.126121998 0.660894156 -0.148520246 -0.155290693
 710 -1.06616640 -0.559666038 0.305289030 -1.05669522
 711 0.279463649 0.701736093 -1.87390447E-02 -0.415813208
 712 -0.113323785 0.695674777 0.567312539 0.600787878
 713 1.14115727 -0.847639918 -0.330021381 -1.06720924E-02
 714 0.224574044 0.192526668 -0.957615912 1.10616934
 715 -0.393731326 -2.10739779 0.235966265 2.22154188
 716 0.734475017 -0.318947554 0.116589636 -0.126643986
 717 1.09560502 0.136044741 -0.306535840 -0.641775012
 718 0.799082756 -0.390501499 -0.418638974 1.01729465
 719 1.07985556 0.659169853 -0.357825190 -0.190400213
 720 1.61519444 0.893598080 1.25064552 -0.659508228
 721 5.29973358E-02 -0.553412855 0.267652899 -1.51710582
 722 2.26235628 -1.07867968 1.04459774 -0.324868023
 723 -0.700822294 -9.59036797E-02 0.307594568 -0.740602553
 724 0.332229435 -0.887278855 2.25119209 0.422492713
 725 1.00848877 -0.701738477 -1.32661140 -1.37002754
 726 -0.477018386 0.265567094 1.27289462 0.634617031
 727 1.63993537E-02 0.408868253 -0.955345273 -1.16513312
 728 1.53534150 -0.171954781 1.33284152 -0.729176760
 729 -5.24087250E-03 0.141503841 0.852607846 0.606861591
 730 1.02179146 -0.162498251 -0.605195999 -8.57304186E-02
 731 -0.303805768 -0.742497385 -0.384497225 -0.169128492
 732 0.181539223 -0.223310024 0.831156850 -0.246732980
 733 0.208128557 -1.07072210 -2.25856590 -1.14044774
 734 0.314449579 -0.452246964 -0.511582911 0.403338492
 735 -1.46934569 1.20896792 -1.68539548 -1.11886227
 736 0.252484560 -0.343165904 -1.00121808 -0.453925163
 737 -0.107086882 0.386495352 -8.57478380E-02 -0.537686288
 738 -0.661699772 -0.954674840 0.950020194 -0.105748191
 739 0.327540815 1.53392124 -0.163230553 0.419887006
 740 -0.206253111 -1.21658254 -1.05813388E-02 3.27326171E-02
 741 0.621241331 3.75104845E-02 0.251949102 0.901728451
 742 -0.608128607 1.75235820 -1.83299780 -0.794550240
 743 0.223967075 -0.649272740 0.433829993 -0.300383955
 744 0.519728005 -1.49963331 -1.64117646 4.08699512E-02
 745 1.94184506 -1.63096857 0.835118771 -0.247585148
 746 -0.124454312 6.05378896E-02 0.636172950 6.51000887E-02
 747 -0.427186966 -0.169159472 -1.39644790 -1.01573706
 748 -0.949325681 0.285958230 0.644759476 1.18769264
 749 1.82660246 -1.12669325 -0.854124904 -9.68793035E-03
 750 1.21508420 -0.380131274 1.00799704 -1.57793903
 751 0.668774843 0.175948799 -2.97147489 -1.00628626
 752 -0.558624268 -1.17112052 0.302001655 -9.75400135E-02
 753 0.935802042 0.238026217 0.625380695 0.521090925
 754 0.599927187 -0.399386168 1.27051580 -0.933256686
 755 0.258129597 -0.163633555 -9.93495286E-02 -0.734975576
 756 1.71150243 -1.49339664 -1.58151364 4.97193635E-02
 757 -0.685414433 -1.42491055 -1.88735056 -1.09368086
 758 -0.562311411 0.539780378 0.654904842 0.354682952
 759 0.176015988 0.320861995 1.07719564 -0.762162387
 760 -0.501458883 -1.68573177 -0.577607274 0.103760786
 761 0.894847095 2.46551633E-03 0.855555952 1.00805509
 762 0.120910332 -0.540492594 -0.880339980 -1.54640567
 763 -0.420842469 -0.523846686 1.54367864 -1.33034968
 764 2.02534842 -2.31058311 -0.645876765 1.13291121
 765 1.93943703 -2.38953876 -0.698661089 1.39591372
 766 0.787891567 -0.237143606 1.12706769 1.44953918
 767 1.05775297 -0.579896569 -0.195410386 2.64307261E-02
 768 1.31388354 -0.446122169 0.840024531 -0.844937563
 769 0.141033068 -2.02914214 5.27304858E-02 -1.22857559
 770 7.99369216E-02 -1.14035988 -0.532784402 -0.285768867
 771 1.52524602 -0.294840723 -0.839610219 0.264394403
 772 8.56783167E-02 -8.52074027E-02 -0.413297027 0.112450570
 773 -0.152973428 0.708161592 0.719810545 -0.223232955
 774 -1.31502259 -8.88767466E-02 -0.409276694 -0.336389452
 775 0.324607074 0.565146565 0.409641474 0.163106978
 776 0.283166677 0.561025798 0.252211481 0.270233750
 777 -1.26897359 -1.94574082 0.246048898 -0.110246323
 778 1.89107752 0.415638000 -1.76384330 -1.20466614
 779 0.593535781 -0.965585828 0.508242428 0.827592134
 780 1.34833562 -5.70874102E-02 -6.25500306E-02 0.225852847
 781 -0.285330713 -0.903994441 2.05204678 1.17497659
 782 0.305506617 -0.857044220 -0.496052802 0.296711445
 783 -0.137654200 -1.08191097 -1.47665870 0.333840847
 784 -0.236951262 -0.284518123 -0.703038990 5.38461208E-02
 785 1.08871126 -1.93874443 -0.630317032 1.52174246
 786 -1.29917264E-03 0.976531565 -0.235729694 -0.800515413
 787 1.53544009 1.94424242E-02 -1.77389801 1.08782136
 788 3.61980498E-03 -1.41515565 0.951362312 0.798499763
 789 0.465155810 1.41029322 0.357303917 1.40623951
 790 -0.307634175 -0.717076898 -0.640318930 -0.562236667
 791 0.745145559 -1.85165977 -1.08923471 -1.15580094
 792 1.40557790 -2.29150796 0.696313083 -1.10911131
 793 -0.275296032 -1.34378874 0.944746614 0.579561949
 794 0.773467064 0.503518999 -0.694928646 -1.00738931
 795 -0.832651913 0.488665462 0.740701437 -0.301968843
 796 -1.07551765 -0.992882788 0.179837555 -0.536636591
 797 1.63072383 -1.30663395 -2.20936012 -1.24140573
 798 0.815656066 -0.606852233 -1.36610055 -0.930611372
 799 -0.491962999 -0.579377353 1.94281089 0.912338257
 800 0.150574908 0.339008719 -1.77852058 1.03931034
 801 1.75107789 -0.306169659 0.458448201 0.980368137
 802 -0.237643987 8.04193467E-02 -1.62249231 -1.38138723
 803 -0.101748690 1.16390061 -0.902035892 0.909867406
 804 0.610768020 6.87173903E-02 -1.34024048 -0.575974464
 805 -0.160145044 -0.449520916 -0.493439496 -0.425524980
 806 1.38417315 -1.53141308 -1.04102230 -0.291112095
 807 0.420013994 -0.607798219 0.967083395 0.182631120
 808 -0.684775472 -0.337473065 -1.25481749 0.388520777
 809 1.85355628 -0.545178115 -0.573957741 -0.829848945
 810 1.42538393 0.478499174 -1.33196712 0.735500991
 811 -0.795794249 -1.55059695E-02 0.385548204 -0.196748555
 812 -0.729219973 -0.657741129 -2.47298479 -0.561132669
 813 2.09219289 0.633519709 -1.22443366 -0.578357577
 814 1.18651724 1.24580145 0.156843007 -0.200026467
 815 -0.517585456 -1.64787042 1.02725554 -1.48146152
 816 -0.116767138 0.437197655 -0.646036386 0.439766049
 817 1.11620665 0.599456608 6.40017092E-02 0.266003817
 818 0.391711235 -0.998386323 -0.182716429 -1.14633179
 819 -0.102077834 0.951046467 -0.703451455 1.20815504
 820 1.17215466 1.42129540 0.310711503 0.487684697
 821 0.563037992 -0.568067372 2.41087484 -0.990719855
 822 0.397899479 -0.769948661 -0.936125278 -1.00113082
 823 -0.412312001 0.317914903 0.581292570 0.371516347
 824 0.555321276 -0.196062058 -0.356032342 -0.485874206
 825 1.95953035 -1.14935839 0.102995291 -0.894495249
 826 0.826195598 0.763292372 1.01964521 -1.23642313
 827 -0.298943728 -0.206431106 -1.36263382 -5.92370704E-02
 828 -0.468278915 0.693489790 -0.376974076 0.786393762
 829 -0.125803143 -1.18384910 6.32245541E-02 -1.10430002
 830 1.59169674 -0.324233353 0.486978650 0.150104463
 831 2.37689042 0.140768856 -8.07837099E-02 1.10224855
 832 -0.444089144 -0.672871292 -0.760758817 1.16951203
 833 1.13212669 0.807116270 0.221739575 1.83533323
 834 7.20541552E-02 -1.04866278 -1.57006514 -1.29942930
 835 0.586459339 0.262966514 -0.456889004 -0.976020932
 836 -0.247770175 1.12766719 0.244147032 -0.592351496
 837 1.96141291 1.13410699 -0.363647878 -0.639794946
 838 1.06074142 -0.590616047 0.504213631 0.335835606
 839 1.29307258 2.05136323 1.97437716 -1.29979861
 840 0.621442318 0.519326806 -1.81886268 -6.70324638E-02
 841 0.464790285 0.445263386 -0.646943092 1.65460825
 842 -0.174633250 -1.12886536 -2.31744862 -0.134973079
 843 -0.229758650 0.592686296 -0.690811276 7.09625334E-03
 844 -0.621453047 -0.358254731 -1.24200797 -1.51429701
 845 1.27254057 0.137664318 -2.00200272 -0.874329865
 846 1.27095258 0.402572632 -0.372813165 -1.29080296
 847 1.59103334 -0.544347107 1.12734520 -0.645537496
 848 0.828496575 -0.298027277 -0.380010962 -0.491031051
 849 -0.716935277 -0.200451583 -0.150498807 -0.624674320
 850 -0.482323229 -0.883685589 0.909742236 -0.652303159
 851 0.636967242 -1.11059809 -1.27266872 0.441099405
 852 -6.53697103E-02 -0.388651341 -2.30933475 -0.686389685
 853 2.13029146 1.43907011 0.378245860 -0.851956129
 854 0.131147400 -0.427435935 -1.13329017 -0.806437075
 855 1.00818527 -0.328288287 -0.139018327 -0.108193457
 856 1.25642157 -4.99195457E-02 0.417661488 -0.889884174
 857 0.563091338 0.952047110 0.955504537 2.85371095E-02
 858 0.888724208 0.898709059 -5.27191162E-02 -0.851167500
 859 -0.932205439 0.587952256 -8.77851248E-03 -0.951519728
 860 -0.819553375 -0.724097610 -2.14663553 -0.184031188
 861 0.459491134 1.77212751 0.308968842 0.310960978
 862 -0.509526134 -0.951374352 0.196770877 0.612206459
 863 -1.14099300 2.30523443 1.50463831 1.20105636
 864 -0.586722314 -0.856837213 7.95808733E-02 -0.568512142
 865 0.525808990 1.08421326 0.650578916 -0.900282264
 866 4.25638370E-02 0.873725533 -0.687886059 -1.80080724
 867 0.654604137 -0.932752311 -2.03438807 0.103546068
 868 -0.105930358 0.260049462 -0.143660873 -0.314489424
 869 0.853397727 0.694979191 2.43073416 0.589517593
 870 0.399777621 -0.751788378 1.43027651 0.685875297
 871 -0.790202141 0.538630903 0.322440028 0.317248285
 872 0.298455000 4.19652425E-02 0.857902706 -0.516033113
 873 0.599936008 1.95711875 -1.54516912 1.33737803
 874 -1.40231609 -1.94767201 0.654183567 0.550592303
 875 0.715183258 -0.349547893 -1.09844363 -0.225632071
 876 0.191665590 0.388954133 0.447741151 -0.344185650
 877 -0.773047626 0.565767884 0.244008288 2.11018085
 878 -1.41396558 1.06496978 1.27237320 1.56543219
 879 1.23285353 -0.312824428 1.83971715 -0.899967730
 880 -0.242726728 -0.169372365 0.578733385 1.15587640
 881 -0.318646669 1.27170217 0.547304630 -1.81745517
 882 -0.805553079 -0.244051546 0.630609512 -0.946697593
 883 0.570428491 0.216286361 -0.746409178 -0.786179602
 884 1.02852368 3.20175314 -0.443230361 -4.82064188E-02
 885 -0.797592878 -0.327191055 -1.07767749 -1.49714410
 886 -0.264676690 -0.456562400 -1.71590519 1.84825361
 887 1.07906854 -1.08468366 -0.561681271 0.413857281
 888 1.36814380 -0.852466941 -0.190129027 -0.490085810
 889 1.93317980E-02 0.309969902 -0.610690713 0.472236484
 890 0.998712182 0.947323561 6.70695752E-02 0.141495794
 891 1.12627792 -5.76044358E-02 1.77151906 -0.472209632
 892 1.69443452 -9.30233747E-02 -1.39652407 -0.838005185
 893 0.864914179 0.107881933 0.276769608 -1.24688542
 894 -0.756603241 -0.526797891 -0.621005833 0.277825266
 895 -1.29627955 5.05388379E-02 -1.98655581 0.109819561
 896 -0.109381884 1.10457110 0.559737206 -1.22173262
 897 -0.459521651 1.02229548 -0.600770593 2.39557242
 898 -0.188438743 -0.754701853 -0.481279612 0.797261357
 899 -0.604649782 -0.253875494 -0.123458967 -0.309655726
 900 0.830214560 -0.976468682 0.532515705 -0.358221173
 901 -1.24912608 -0.520392060 0.730087876 0.681722045
 902 9.89650488E-02 2.12349868 1.58365762 2.09026217
 903 2.00864077 1.90981030E-02 -0.872950733 -0.283954620
 904 1.09808862 -7.99596310E-04 -1.44247830 -0.273806781
 905 -0.932736814 1.64650512 1.21105075 0.268893301
 906 -0.742450893 0.539397478 0.797171235 1.17524207
 907 -0.646145582 -1.93047142 0.204116970 -0.638161778
 908 8.79241675E-02 0.139551222 1.65241444 -1.44173527
 909 0.494591713 -0.327044487 -1.67568576 -0.198685229
 910 1.55040514 -0.674622476 -0.130242810 -1.25737441
 911 -0.470000952 0.789739490 1.34877086 7.52187967E-02
 912 1.44517481 1.71194661 -0.278178632 1.80982399
 913 0.219059452 7.89525881E-02 -0.189858451 -0.248577625
 914 0.862393260 1.30836487 1.29480112 -0.428463906
 915 1.84595847 1.19584537 6.58928826E-02 0.773263216
 916 1.09173727 -0.410103321 -1.57692993 -0.104284741
 917 1.60063410 2.38965154E-02 0.692118824 -0.812868834
 918 9.68621671E-02 0.220003426 1.15907562 -0.116417967
 919 1.88681865 0.362504929 -0.960826814 -1.06650913
 920 1.26199389 -0.411618173 -0.543369114 0.423829287
 921 0.676840007 1.58922374E-02 0.243548498 -0.629949808
 922 1.91826534 0.185411975 0.195691481 -0.832354844
 923 1.39146507 -0.343444824 -0.295065552 -0.208266288
 924 0.984155297 -0.123415053 -0.264176309 -0.434517205
 925 0.488387197 1.81386173 -0.925979197 -7.25767761E-02
 926 0.757363021 1.50581348 -2.43710017 0.785148025
 927 0.403531253 -0.331423670 -0.175722212 0.318194866
 928 -1.08155394 -1.16310573 -0.554863155 -0.268256247
 929 0.961669981 -1.37607801 0.456540495 0.428469270
 930 0.911921561 -0.328685135 7.32453316E-02 -1.16719925
 931 -0.379774034 -0.322630942 -0.282513857 -0.353000134
 932 -0.287552923 9.77700800E-02 -0.912855387 1.78859568
 933 -0.155495197 -1.75460744 0.230959833 -1.13016915
 934 1.56000054 -3.96114290E-02 -1.14694679 -0.433128357
 935 0.407549143 1.29941702 0.217348427 -0.791996241
 936 0.571112990 -1.21849787 -1.08710790 -0.784965396
 937 -9.55972001E-02 -1.23897350 -0.900285959 0.667034149
 938 1.45152545 -0.166333437 -2.39335132 -1.74073327
 939 0.554873109 -0.432410300 -0.834784806 -0.350569218
 940 -0.577974677 0.237705350 -0.142259374 -0.996835113
 941 1.62544131 1.52895057 -0.974709511 -1.00603855
 942 -0.565371156 0.182382107 1.55855203 -0.664691329
 943 -0.224026442 -0.228810772 0.414965868 -0.648672402
 944 -0.923138976 -0.603055239 -0.386418760 0.970352411
 945 0.395010322 -0.156819120 -2.22949386E-02 -1.31859887
 946 -0.731602550 1.53913391 -0.183377311 -0.486493170
 947 0.936097741 -0.509138763 -2.17669868 -0.788174748
 948 0.556261718 1.45306587 0.553550720 -4.08001915E-02
 949 1.24735522 -0.781952977 1.22114718 -0.903791428
 950 0.913592935 0.547775626 1.05281651 -1.13780224
 951 -0.427954853 0.829761028 -0.421597421 0.460494518
 952 0.382263660 0.554905474 0.261309355 -1.17846382
 953 -0.307241589 -0.301040828 1.91069579 -1.07100582
 954 1.09098506 -0.218230456 -1.28544319 0.905454040
 955 1.12324691 -0.388275802 0.236921400 -0.110469207
 956 -1.15064335 -1.02229333 1.30436623 0.483089715
 957 0.236969531 0.458649784 5.82814217E-03 -1.24846482
 958 1.10206521 0.330304742 -0.967068076 -1.12374568
 959 0.477538168 -0.920209169 -1.31644106 0.419153422
 960 0.364219964 -0.409000218 -0.283936262 0.719682992
 961 0.651367426 1.80746210 -1.79682064 -0.902704537
 962 8.55662599E-02 -0.710961878 1.28750002 2.42491841
 963 1.96853578E-02 -0.811532140 6.00100160E-02 -1.33124936
 964 0.726630926 0.413829714 -0.986157358 1.49494243
 965 0.938527226 0.551820815 3.88503969E-02 -0.128587902
 966 0.723360777 0.209986448 -0.116524860 6.95077032E-02
 967 0.603960216 0.608582854 -0.283255607 0.234699100
 968 -1.28298271 0.315166026 -0.732581496 -1.38939416
 969 -0.248759985 -1.54737043 1.68976438 1.37390423
 970 2.00482798 0.331027091 -0.753049850 -1.09145939
 971 -0.591526985 -1.43112838 -0.869831800 1.81872296
 972 1.89906955E-02 1.17252398 0.874498308 -1.20236337
 973 0.933040023 -1.26386940 -0.326413184 0.599098921
 974 0.422447801 -1.39489025E-02 -0.796594858 -1.06392562
 975 -1.29257894 1.55029047 0.417184770 0.903666019
 976 0.817946970 1.10552537 0.464133680 2.41630971E-02
 977 0.417260617 -0.303701311 -0.502664447 0.205372825
 978 -0.381937146 -0.130758554 0.267370403 -1.76139462
 979 -8.10996518E-02 0.959921896 -1.73511744 -1.06585896
 980 0.559214115 -1.05441940 -1.95589542 -0.392874569
 981 0.125682399 0.688744426 -0.581555367 1.46227372
 982 -1.11761618 -0.871513844 -0.906949699 1.53518796
 983 3.41749862E-02 -0.653424203 -0.990515471 1.32971215
 984 -0.348041475 -1.33338499 -0.623931527 0.544783115
 985 -1.92528069E-02 0.254007965 -0.555293441 -1.56864285
 986 0.660455406 -0.497946024 0.893004894 2.35540605
 987 0.640428841 -0.723881543 -8.24381560E-02 0.998658299
 988 0.475735366 -4.90648299E-03 -2.17519808 -0.898258507
 989 2.19335604 -0.856573641 -0.246342838 -1.06731319
 990 -0.617675245 -1.87170351 -0.633794546 -1.22355819
 991 1.13309014 -0.281551778 1.05791545 0.336975336
 992 -0.297258496 -4.76877764E-02 0.368627071 1.38653338
 993 1.01644552 0.713249326 0.366471112 1.71623433
 994 1.60258579 -0.475602984 0.805438578 -0.862520099
 995 -0.421353132 -1.83590221 -7.95405507E-02 -0.734508693
 996 0.589662254 0.865438342 0.634320140 -1.61095405
 997 1.40120161 -0.114819020 0.288692772 -1.78576529
 998 0.720461488 -0.874543071 1.46256876 0.408831745
 999 0.995421648 0.693047523 -0.230992854 -1.21561146
 1000 0.184568003 1.77252960 -0.654002309 0.737338662
 1001 1.89096999 1.11463237 1.20167232 -1.34506905
 1002 0.935091734 -3.97819728E-02 -0.282651752 -1.39265120
 1003 1.04934108 -0.268087387 6.27987385E-02 0.292984903
 1004 -0.366359740 0.427667856 -0.592770696 9.26195532E-02
 1005 1.33044446 2.18852139 2.38768291 -1.12537575
 1006 0.597566009 -6.40855879E-02 8.69632140E-02 -1.25455010
 1007 0.299609303 0.373775154 0.434274882 0.634405375
 1008 0.738836527 -0.152342737 -0.766400516 -0.736966133
 1009 0.361373961 -1.18615913 -0.439264417 -1.41569829
 1010 0.231959283 -0.531015396 0.362680137 -1.94463158
 1011 0.686275721 -0.879825294 1.18995786 2.68504548
 1012 0.185926795 0.221748233 1.79816842 0.826274633
 1013 1.69785130 0.754468858 0.424253017 -0.574083090
 1014 -0.624886155 1.62030756E-02 0.986660779 0.584233165
 1015 -0.199483946 0.281983703 -1.40537000 -0.204186514
 1016 1.85589349 0.975514114 -1.94242454 -0.933045566
 1017 0.850850403 -1.32641709 1.75838006 -0.789472282
 1018 0.852378666 -0.397092402 -0.537234902 0.950764298
 1019 0.612389028 -2.91954279E-02 -0.955856204 0.745796084
 1020 1.93474150 -0.597079635 -0.268642545 -0.546963155
 1021 0.158704817 -0.670271993 -1.11193156 -1.16107273
 1022 -0.120831572 1.74907267 -0.429878354 1.95940769
 1023 -0.427902400 -0.677394569 -2.63557243 -0.665691018
 1024 0.105604723 1.15340531 -6.50329143E-03 -0.558257878
 1025 0.930821180 -0.259623200 1.38384926 0.647062480
 1026 -9.89033133E-02 -1.05460405 -0.218282759 -1.31461215
 1027 1.22866213 -0.413100243 -2.38655257 -1.25821471
 1028 0.261564255 -0.570539594 1.64727044 1.04564023
 1029 -0.736928523 -1.10029578 -1.42804790 -0.172652602
 1030 1.09924412 -0.190481320 0.355693042 0.160581470
 1031 -1.19684231 -0.673023403 0.727912724 0.720716953
 1032 -0.148930103 0.990274429 0.252887487 -1.33740366
 1033 1.16028750 0.403996825 -1.43332088 -0.531689763
 1034 -2.40214896 2.38542128 1.93893170 -1.13828707
 1035 -1.54866266 1.76162660 -1.52283525 -1.33138680
 1036 -1.38824272 1.19931519 0.951699555 0.560467362
 1037 -3.61745310 0.847641587 1.80033922 -1.60967469
 1038 -1.44909239 1.47016859 1.44056284 -0.406442851
 1039 -2.78080702 -0.722963393 0.202399939 -0.428593367
 1040 -2.00533295 1.33239782 0.369371057 0.170459643
 1041 -3.66452932 0.813412368 0.256839722 -1.54060936
 1042 -2.51273370 1.70024180 -0.747852445 -0.253906339
 1043 -2.67078161 1.63692045 0.646411300 2.62928791E-02
 1044 -3.07406116 -5.58841303E-02 0.333604306 3.47815752E-02
 1045 -1.53160334 2.24726915 0.724658012 -1.63743448
 1046 -1.29243028 0.769040227 0.434924066 2.18662477
 1047 -1.03623497 9.02202427E-02 0.513574064 0.365200162
 1048 -1.34050345 -1.10152066 -0.213667661 0.570408642
 1049 -3.41302013 0.812361836 -0.162555337 0.230795979
 1050 -2.02016020 -0.110145509 0.886843085 -1.45868599
 1051 -1.23428547 0.764827430 -0.201600865 0.172932327
 1052 -0.237589866 1.13952672 0.234543890 0.226981133
 1053 -0.870711803 2.69040465 1.37879455 -3.64706442E-02
 1054 -2.59800863 1.70465481 0.987095356 0.811402142
 1055 -0.692275703 0.632559061 9.88238901E-02 0.429402769
 1056 -1.43805540 1.22893524 0.662371635 -2.55382713E-03
 1057 -1.89004612 1.55627513 0.317888647 -2.89726257E-03
 1058 -0.225308195 -0.136643291 0.872572899 -0.221979275
 1059 -3.33977675 1.74177706 1.26489174 0.428367436
 1060 -2.19869995 1.67627358 -0.360717148 1.12497687
 1061 -1.17252016 -0.704232752 0.690413713 -5.64546138E-02
 1062 -1.70879388 7.10980594E-03 0.642134905 -0.889241636
 1063 -0.761531234 -1.11509132 -0.194567233 1.06122661
 1064 -1.24446023 -0.275035739 -0.747925997 -1.17285657
 1065 -1.16989541 -1.72970855 1.20544755 -0.745699108
 1066 -1.57548344 -0.510030389 0.455515265 -1.47301948
 1067 -3.15172386 2.76594615 -0.508840442 -0.839013815
 1068 -0.185964674 1.32898390 0.330254436 -0.692066967
 1069 -3.02226305 -5.96687607E-02 2.27105245E-02 -1.14459336
 1070 -3.94354165E-02 -0.478661716 0.938389122 -4.98834532E-03
 1071 -2.22064471 1.19561124 0.920855284 0.206004620
 1072 -2.51760006 1.24987078 -0.680933416 0.271446675
 1073 -2.04446292 0.848432660 1.45033526 -0.835656941
 1074 -3.26184630 1.13063312 1.28528714 -0.814559579
 1075 -1.24334764 0.408468246 1.24928224 -0.444552571
 1076 -2.37669802 0.297147214 -0.271208823 -0.852880478
 1077 -0.343999296 -0.248909071 0.357292563 -0.877727270
 1078 -1.82551181 -0.127859771 -0.699302971 -0.559297919
 1079 -3.27257395 1.19825065 0.550320625 -1.02739561
 1080 -0.972565830 -1.83622503 2.84073567 0.467693269
 1081 -0.934900165 -0.508568704 0.994109809 -1.16922486
 1082 -1.17606759 -0.836487114 0.580389857 -1.11346364
 1083 -1.78373039 0.469989419 -0.254435420 -0.844648719
 1084 -2.17367601 4.72023189E-02 0.106608763 -0.800622225
 1085 -1.48829472 -0.542464077 -0.485113323 0.984836221
 1086 -1.27461290 -0.512722254 0.377941012 0.408307463
 1087 -2.24989104 1.53604841 1.60324609 0.719160378
 1088 -1.84023404 -1.36680520 0.539020598 1.79903078
 1089 -2.90184665 1.20453632 -0.171326369 -0.410389155
 1090 -1.06872773 -1.88743174 -0.407089055 -0.615143120
 1091 -2.23426056 1.19684708 -0.967940629 0.387057185
 1092 -0.887662530 -1.17102957 0.254886121 -0.140358061
 1093 -3.22739315 -7.17142969E-02 0.402369142 0.340500414
 1094 -2.02894735 1.52419937 0.787901163 -1.16703510
 1095 -1.46219766 0.116388410 2.03671789 1.06619251
 1096 -2.15313125 2.20203400 1.07867265 1.07351542
 1097 -1.53043926 0.156952605 -0.335939556 -0.798978806
 1098 -2.01597881 0.670813322 0.160830230 -0.775908828
 1099 -1.61388779 0.151426375 6.97041750E-02 0.621844530
 1100 -1.40839326 0.302461118 -0.110635698 0.982892275
 1101 -1.30267596 0.701659977 0.894475996 -0.436474234
 1102 -1.95596743 -0.546578348 9.39105228E-02 -0.310467601
 1103 -0.741252303 -1.56602192 1.26099968 -1.29345727
 1104 -1.20388186 -0.859777093 2.34510565 0.146019399
 1105 -2.20253801 -0.718257427 0.644523561 0.380033791
 1106 -2.29140925 -0.642033756 1.04209173 -0.897951841
 1107 -1.81827176 -1.85271907 1.74836206 -0.645144522
 1108 -2.40727758 1.42566121 0.597069263 0.626657248
 1109 -2.85957742 7.97874704E-02 -0.138582021 -0.545021892
 1110 -2.70685625 3.95548567E-02 0.833904028 -0.379124373
 1111 -1.45625305 0.472204536 -0.232217535 -7.82551765E-02
 1112 -1.60577536 -1.77431107 0.429283291 -0.822287261
 1113 -1.97187972 0.159778982 1.43686545 -0.792901635
 1114 -1.87654781 -0.911206245 -7.74260685E-02 -0.636217177
 1115 -1.76909053 -0.170146674 0.976631045 -0.635232389
 1116 -2.13537860 -0.529648364 -0.231510639 -0.314857304
 1117 1.58206373E-03 2.92204499 0.826529205 0.388367355
 1118 -1.14367759 1.05554128 1.30762589 -0.585708201
 1119 -2.03414202 1.71408129 1.48461580 2.46315098
 1120 -2.35740232 5.50822821E-03 -0.660724759 -1.47133553
 1121 -2.67932153 1.36845362 1.74108195 1.56864631
 1122 -2.13804817 -0.783176422 0.355818540 0.572381377
 1123 -2.07518435 -0.279543757 1.29008925 -1.07312822
 1124 -1.30826724 -0.758872211 0.808843017 0.704467714
 1125 -6.52828068E-02 2.12720227 1.15265536 0.404549211
 1126 -1.42621636 0.838874936 1.71265292 0.311034083
 1127 -2.76948833 1.40089738 0.939241230 0.650373042
 1128 -2.45062041 2.24988055 -0.696978569 0.540498197
 1129 -1.54770184 1.77919269E-02 -0.536846042 1.02392089
 1130 -1.53419268 0.921492577 0.740451813 -0.742638528
 1131 -2.64961028 1.64085841 0.669129670 -0.271848023
 1132 -1.67258239 1.41383088 0.701888919 1.14858747E-02
 1133 -1.46856713 1.70074654 1.21055388 0.132231414
 1134 -3.04178953 0.735000491 1.54677892 7.12819919E-02
 1135 -1.88890409 0.686880469 -1.02748585 -0.423558146
 1136 -1.92473543 -1.18336856 5.70702180E-02 0.358027697
 1137 -2.21255684 0.676978827 1.06480086 0.641269743
 1138 -1.08960795 -2.90950090E-02 0.836045384 -0.544793963
 1139 -0.236861303 -1.19401002 1.36838138 0.693700254
 1140 -0.894128203 0.439816982 0.748508096 1.04303253
 1141 -0.169586241 0.459869206 0.353775471 1.18592334
 1142 -1.27810752 0.760522723 -0.373131543 2.93214035
 1143 0.828487873 -0.213562876 0.595661581 0.726944685
 1144 1.19373155 1.90980542 -1.06234550E-02 0.997355759
 1145 -0.417941630 2.19640541 1.26338470 -0.593301356
 1146 -0.607309341 0.520691872 0.753089547 2.68459415
 1147 -1.05930805 0.372054815 1.61674833 0.924909711
 1148 -1.67514753 9.86467302E-02 0.697005689 -0.929066896
 1149 1.25704014 0.556281447 2.06677055 2.23250675
 1150 0.325275242 -0.525531828 2.42973828 0.661354661
 1151 0.246047094 1.42745066 0.852327347 1.07961774
 1152 8.86663049E-02 1.79286861 -0.155307949 2.18512559
 1153 0.203169599 -0.509114921 1.33089137 -0.609936118
 1154 -0.845007181 -0.464642853 2.15632677 0.776708007
 1155 -0.460584849 0.169005021 0.659851730 0.722461879
 1156 -0.325714350 -0.502183974 0.642786264 1.14208198
 1157 0.835699439 -1.25378036 0.490530193 0.950511515
 1158 -1.02089846 0.534252822 2.54488420 0.942775428
 1159 -9.73523185E-02 6.68621659E-02 2.28386641 1.23773932
 1160 -1.39289331 1.29086626 1.29426920 2.21732545
 1161 -1.40440929 0.404910922 0.437656760 2.41497970
 1162 -2.10088897 2.68616676E-02 1.21373296 1.21267617
 1163 -0.717993200 0.862701118 0.673645377 3.01652193
 1164 -1.90515280 1.33586526 1.34209585 2.23752737
 1165 -1.48068309 -0.280487180 -0.671978414 -0.487864316
 1166 -0.692939699 -0.595813453 8.42150748E-02 2.44392776
 1167 -1.14506400 2.01874852 0.194067523 2.41544604
 1168 -0.663737297 1.30576491 0.859167099 1.02005386
 1169 -1.30410671 -0.711974323 0.283800989 2.55503941
 1170 -0.595980883 0.335610598 1.10935616 0.856029212
 1171 0.483121097 0.163941175 0.518333077 0.738234878
 1172 -0.637911916 0.606422663 -0.819087803 2.20094824
 1173 -1.18429685 -0.388955861 -0.127784237 0.785765171
 1174 -1.11183107 0.485946119 1.84650302 2.37347579
 1175 -1.00145674 -0.930771828 -7.33140856E-02 -0.786648929
 1176 -0.191083178 -0.118796706 1.43940532 0.754192889
 1177 0.571940720 0.209118962 0.145774961 -0.281831086
 1178 0.275110275 8.50007534E-02 -1.08035362 2.32173252
 1179 -2.21494198 0.250597924 1.14116371 0.664576054
 1180 -0.793528199 0.353451818 0.446652800 0.937983572
 1181 -1.01355565 -0.228110045 1.87728429 0.805048823
 1182 -1.74608588 -0.997893691 0.296881437 0.690328360
 1183 0.243837893 0.280176103 2.02695608 0.765128911
 1184 -1.39958012 1.20747340 -0.524143338 0.864720404
 1185 0.460584104 0.577210248 0.196636826 -0.962196529
 1186 -0.250652105 1.12172031 1.37642574 2.64219284
 1187 0.133694246 -1.19645941 1.41932642 -0.480399817
 1188 -2.26357341 0.937650859 1.44121790 0.943797350
 1189 -0.559826195 1.48384559 -0.107295685 0.437226117
 1190 0.653211474 -0.471766949 1.16710150 -0.990987659
 1191 -0.104943790 -0.959519088 2.81188250 2.53741550
 1192 -2.51240492 -0.148220599 0.164872736 0.942459881
 1193 -0.722288609 -0.776285350 0.852954030 -0.825741291
 1194 0.760437012 0.227342427 1.96295285 0.799739182
 1195 -2.38688636 0.391537279 0.407752097 2.43261385
 1196 9.35088098E-02 0.505118489 2.70065308 0.637236059
 1197 -0.585227191 0.855374455 0.289487600 0.621270835
 1198 -0.175489068 -4.20306325E-02 -3.59787159E-02 0.734148204
 1199 0.937414527 -1.15995109 2.40367198 0.685869694
 1200 -0.956712961 1.32694173 0.781632721 2.77232718
 1201 -1.12055480 0.305610240 1.12850130 0.895149529
 1202 -0.540997148 0.587099910 -0.154833406 2.25498700
 1203 -0.537876427 7.51050115E-02 0.536252022 -0.490508616
 1204 -1.03420007 -9.30742770E-02 -0.108807012 2.75277805
 1205 1.04224563 -0.564542353 0.924025178 0.986349702
 1206 -1.49025548 1.45723057 2.23471928 2.54575396
 1207 -0.175586805 0.209204435 1.14283133 2.63338089
 1208 -0.701520205 -0.696807563 1.54920661 0.851587713
 1209 -0.534208059 0.149738729 1.75286365 2.24592161
 1210 -1.83142138 0.618723750 1.31051922 0.455315977
 1211 1.44985104 -0.475229144 2.54805803 0.371134430
 1212 -1.71524322 1.34053755 1.76742840 1.17028439
 1213 -1.62153614 0.609053314 2.52489185 1.28999162
 1214 0.650553405 -0.570363820 0.293197751 0.485112220
 1215 -4.89676110E-02 0.539841056 0.479041696 1.08395481
 1216 -0.646967232 -0.659888625 1.51034737 2.17477417
 1217 -1.53011942 1.49867558 0.467177391 0.951868892
 1218 -0.260329306 -0.150019422 -0.267685771 0.767862678
 1219 -0.458688647 0.257109463 1.75688863 2.45347261
 1220 -1.43893528 -0.329980135 2.15685368 2.42462635
 1221 1.57392979 -3.55266333E-02 1.99770212 0.478152573
 1222 -1.69692051 -7.96397179E-02 0.474721700 2.61242962
 1223 -0.357361585 -0.986052752 0.519377232 2.57316780
 1224 -0.382249951 -0.120062679 0.818877459 0.862962306
 1225 -0.567861140 0.330879271 1.21117485 2.41707110
 1226 0.726578534 -0.209513426 1.85207617 0.531044602
 1227 -2.21163559 0.433065474 -0.431570172 2.51729822
 1228 -0.951261938 0.960775316 0.754563689 2.77191162
 1229 0.492676020 -0.418767214 0.499143243 0.826966524
 1230 0.326579154 -0.158346981 2.32126951 -0.228505611
 1231 8.98336545E-02 0.523974061 1.41839409 2.40454102
 1232 -3.67200673E-02 1.89461160 0.839394510 1.04778099
 1233 -0.131026208 1.22435164 -0.305271953 2.55012870
 1234 -1.87366223 0.353405744 0.414705306 2.59699440
 1235 0.776184678 0.753692389 -0.831694961 2.46477818
 1236 0.567189693 -1.37913060 -0.943213046 1.13649523
 1237 9.14527848E-02 0.478483826 1.95189333 0.790470839
 1238 0.473349154 1.25709605 1.79923093 2.48290825
 1239 0.110181063 -1.34954739 2.13002443 -0.893657446
 1240 0.415953696 -0.847417533 -1.21121609 2.67038441
 1241 1.81194234 -1.49265814 1.41101789 2.50232625
 1242 -0.215383857 0.562035739 -0.493413866 0.664302468
 1243 -0.404791772 -0.483689904 0.350872666 1.06591070
 1244 -0.830210745 -0.477544814 1.60214496 -0.348180979
 1245 -0.597140491 1.27428746 0.753147542 -0.697125614
 1246 -0.335727334 0.274930120 1.61766076 2.36114168
 1247 0.249293923 -0.801259995 -6.11962974E-02 2.61311221
 1248 0.297600001 -1.11269307 -0.505424261 1.19630015
 1249 -1.00891745 1.66754866 2.83078384 0.533548951
 1250 -0.348219752 0.300982893 0.707671583 1.44684327
 1251 -0.380918831 0.237673730 1.41048622 1.24882412
 1252 0.465032101 0.868752718 2.01885700 -0.655752659
 1253 -1.05737627 0.230595320 0.304775983 0.954401195
 1254 -5.62573895E-02 -0.720445454 0.886874080 1.87185264
 1255 -1.31580460 -1.67567635 0.465073884 1.04411602
 1256 0.244014800 1.07257736 -0.106340408 -0.988304377
 1257 0.601393580 -0.410510302 1.25093615 1.08457279
 1258 -0.578415036 0.398377031 -0.481495321 0.897999346
 1259 -2.24314809 -0.572288156 0.849320114 2.63238430
 1260 0.185282961 0.772214592 2.72826576 2.47963023
 1261 -0.486010075 -0.333611727 -0.664268136 2.37285113
 1262 -6.58586025E-02 -0.994943380 2.12860751 0.950630963
 1263 -4.16483656E-02 0.511345029 0.526444376 0.584386170
 1264 0.585702598 1.18990397 0.671441317 2.64222360
 1265 0.392093480 -0.361496001 1.26814544 -1.04738343
 1266 -0.297011405 0.158576548 1.88021159 2.51803851
 1267 -0.102453977 -0.616182625 1.05794883 1.05494666
 1268 6.21294975E-02 -4.98733968E-02 0.927306771 2.01971102
 1269 -1.08724153 0.972793937 4.50014845E-02 2.08215475
 1270 0.534744442 -2.09507942E-02 0.288107604 1.11224258
 1271 0.692238867 1.35307980 -0.322771430 2.49071789
 1272 -0.525979280 0.532294571 2.91112685 -0.366029739
 1273 -1.51733577 -1.18033397 1.43792021 -0.945113361
 1274 -0.648990870 0.666214824 -1.17451620 2.25084400
 1275 0.541453242 4.76890281E-02 1.82463527 2.72137380
 1276 -0.404844224 0.591644526 0.460360169 -1.28300762
 1277 -0.228328198 -1.58159614 1.72236073 -0.685860276
 1278 -0.273740232 1.02773559 2.44663906 -0.546030343
 1279 -0.814549506 -0.126707837 0.876311958 2.37876153
 1280 -0.697121620 0.444780529 3.12663174 -1.07885981
 1281 -1.77543014E-02 1.11825156 2.60485435 1.04287422
 1282 -1.37863493 1.98663998 2.78635406 -0.423970520
 1283 -0.701621175 8.58726352E-02 1.08451724 0.907746971
 1284 -1.57920146 -1.17659414 0.705001354 2.57014084
 1285 0.847248912 0.719729185 0.825364053 2.67296529
