 1 0.175089091 1.30515099E-02 -1.32794189 2.01683342E-02
 2 -1.12940979 -0.492967099 1.41908073 0.371117413
 3 0.364646852 -1.09648397E-02 -0.231286272 -0.770357311
 4 -0.134332672 -1.54150128 -2.82247663E-02 -1.28399110
 5 -0.743297815 -1.29967701 -1.22750974 -0.302827150
 6 -6.79309666E-03 -1.67444432 0.785887599 -0.174195424
 7 -0.144547015 -1.33893895 -0.461948752 0.942432344
 8 0.447501928 -0.959499717 1.69670749 -0.467861831
 9 0.594303310 -0.999850929 -0.154367417 1.37071204
 10 -1.22351611 -0.394291312 0.755909562 -0.425686181
 11 -0.793362319 -1.38894773 0.813482404 -0.976268232
 12 -0.260360509 -1.75664675 2.00982761 -1.11143839
 13 -0.127088308 -0.928916216 0.991587281 -1.10777950
 14 1.25588679 -1.11773038 -1.51655722 0.299244642
 15 -0.284573138 -0.526228964 0.524176061 -0.611813605
 16 -0.589180768 -1.21074367 -0.708451688 -0.672303736
 17 -0.502168000 -1.30809593 0.790553331 3.59685719E-02
 18 -1.37925816 9.99338627E-02 -2.56616139 -0.458395153
 19 -1.84088492 -1.40470743 0.616069496 -1.23929667
 20 1.46747744 -0.923446655 0.180246532 -1.42152143
 21 -6.61454275E-02 -2.49563074 1.02393460 -0.389638096
 22 0.384072661 -0.939166427 0.768931985 0.665537834
 23 -0.314650774 -0.565689564 -0.571458459 1.18618238
 24 -0.171900451 -0.455044210 -1.40449035 1.67859697
 25 -1.83616316 0.287583828 -1.19827235 -1.03584349
 26 -0.797330379 -1.06649220 -0.743435204 -0.926504374
 27 -2.62144059E-02 -9.85860229E-02 0.239304423 0.384600997
 28 1.57739317 -0.717857480 0.253358960 -0.396029949
 29 1.21583366 0.197332442 0.893081427 -0.713847220
 30 0.818133235 5.57939485E-02 -2.11829245E-02 -0.882133842
 31 0.521092057 -0.405350000 -0.800129652 0.434978426
 32 0.895036936 1.01660895 -0.150579646 0.379844397
 33 0.885758400 -1.22376227 1.09990859 -0.309058785
 34 -0.370233804 -0.939649224 0.272677094 -0.487970144
 35 -0.427621275 -1.33516788 -1.07039642 -0.991608024
 36 0.273446083 0.606037080 0.687574744 0.222338885
 37 0.307873249 0.283311129 4.79461029E-02 2.92125046E-02
 38 -0.134546742 -0.239257947 -0.588456035 0.195145547
 39 0.637695253 0.262959450 -0.189031214 0.307319015
 40 0.654097557 -0.543258667 0.507716656 -0.885837317
 41 -0.190517560 -0.178822070 -1.45993757 0.616158962
 42 0.213101327 -1.09630883 2.46486473 0.962262690
 43 -1.55184865 -2.88082659E-02 -0.325487286 -0.256690621
 44 -2.94348860 -0.490075529 2.27278844E-02 -0.439706326
 45 0.200654298 1.31442130 -1.13298082 0.748899221
 46 8.08185339E-02 6.92203492E-02 0.970148444 0.195144325
 47 -0.319905818 0.281934559 0.563039660 -0.120802045
 48 -0.881310344 0.738277674 0.543700993 -1.04525852
 49 -0.156867519 0.321723223 -0.437305689 -1.15474176
 50 0.545772672 -1.25182045 -1.86806297 -0.828981519
 51 -0.668871999 -0.301185131 4.28046584E-02 0.445071995
 52 0.407149494 0.208964780 0.396168351 5.18606342E-02
 53 -0.173418045 -3.35719436E-02 -0.515583098 0.737998068
 54 0.150482714 0.377808809 -0.295783669 -1.05027199
 55 0.287201226 -1.54158068 -0.659567595 -0.926417470
 56 0.413047224 -0.438381732 1.45858216 0.397348642
 57 -0.494012922 -1.66838777 -0.841757238 0.205923766
 58 0.682017982 -1.86687446 -0.168536425 -0.557557762
 59 -0.596511900 0.352464914 0.570625305 -0.940553188
 60 -1.58019590 -1.65093982 -1.37351394 -1.04820752
 61 0.290300459 0.164340809 -0.717936456 -1.09544337
 62 0.203258812 0.629900694 0.980270505 0.131482795
 63 0.777982831 0.805438399 0.352104127 -0.548351884
 64 -2.62827492 -0.272183567 -1.41246223 -1.26876283
 65 -0.340664566 -0.137061104 0.483297169 0.800343335
 66 -0.908911407 -1.04945087 -3.06188315E-02 -0.800644100
 67 -0.604360878 -1.47420669 0.535205603 0.367711961
 68 1.14589953 -0.549634814 -9.41481665E-02 -0.726639986
 69 0.208912537 -0.237857729 0.620485723 -0.677608550
 70 -8.90912712E-02 -0.824011743 2.18701053 0.882009804
 71 -0.593232095 0.188295677 -8.86044651E-02 0.706628263
 72 0.123664416 0.122599289 0.178908825 1.86304897E-02
 73 -0.720182061 -1.48596537 -0.568120003 -0.273741096
 74 -1.23616385 3.24240476E-02 -0.689377606 -0.361684561
 75 0.137148157 0.244744241 0.676506221 0.284180522
 76 -0.613358617 -0.826104879 0.161661804 0.360352367
 77 -2.18619704 -0.283948451 -0.450839967 -0.807308078
 78 -0.902302623 -1.10445309 -1.45405996 -0.496720493
 79 -0.508574784 8.44997615E-02 2.27259374 -2.92093456E-02
 80 0.670990467 -0.396581441 1.21936488 -0.384120256
 81 0.261633307 -0.453603208 1.13994360 -0.338545382
 82 -5.96962869E-02 0.157060146 -0.922562301 -0.996857643
 83 1.23905826 0.608085990 -1.31945789 -0.428673744
 84 -2.03829026 -0.697937131 -1.45986843 -0.207047135
 85 -0.296023369 6.89281300E-02 0.614756048 -9.97095108E-02
 86 0.388577104 0.481192648 0.589578390 -0.192651153
 87 -0.133344501 -2.26866865 0.656466663 0.775682092
 88 -0.664083362 0.319158465 -0.304425418 -3.24616283E-02
 89 -1.03834820 -0.175188839 -0.936374009 0.720963359
 90 0.337388992 0.199057475 -9.42536592E-02 0.845347404
 91 -1.13815129 -0.612844884 0.206423000 1.44963348
 92 -2.11535096E-02 -1.04820895 -1.81055725 -0.585809946
 93 -1.25032055 -0.752011418 0.947567642 0.992423475
 94 -1.64862084 -5.86534142E-02 5.91461360E-02 0.233572945
 95 -0.782175124 -0.269868821 0.786718726 0.650011659
 96 0.137798935 -0.214209870 0.547158599 2.12053633
 97 -0.396377295 8.44615847E-02 -1.26849008 0.173787147
 98 -0.189309463 -1.24178255 0.502053142 0.247544423
 99 -1.70672786 -1.37122202 -0.932943642 1.41112733
 100 0.940307617 1.06390789E-02 -0.927328289 1.15900648
 101 -0.414245725 -6.77565187E-02 0.333791375 -0.685399175
 102 -0.308409452 0.412227035 2.18563938 -1.02449846
 103 -1.21198273 -1.12503850 -2.81542540E-03 2.81143427
 104 -0.408072144 0.660031021 -1.77499306 0.311871976
 105 0.947202384 -1.31017923 2.17881918 0.750187337
 106 -1.03655708 -0.447271198 0.476994127 -8.68826210E-02
 107 -7.62778223E-02 -1.71887624 -0.995712399 -0.521893263
 108 -0.426324755 -0.625975311 0.690992534 -0.881082952
 109 -1.19715309 -0.540328801 -0.125285357 -0.613682032
 110 -1.46985292 -0.383314878 -1.59882736 0.250550896
 111 -0.931618690 -0.419317305 -0.629519761 1.30023956
 112 0.621240079 -0.105967849 0.708313406 0.195216134
 113 -1.35208774 -0.519582629 -0.469532013 -0.730217576
 114 -0.891587973 -0.752684057 1.10303950 -0.276698053
 115 -0.472644329 -0.677106500 1.16178286 0.295516372
 116 -0.129039690 -1.00641727 -0.448175400 0.622380793
 117 -1.99346578 -1.53292608 0.510170639 -5.18051758E-02
 118 -0.248223737 -2.18434072 0.101815231 -0.340730816
 119 -0.860024750 -0.669547677 -0.376807809 -0.358809590
 120 -1.69822979 -0.794725120 7.08509162E-02 -0.741137385
 121 -0.900701165 -0.831281424 3.04629765E-02 -0.197844207
 122 -0.607947826 3.53197753E-02 0.159739435 0.377092510
 123 -0.707029402 -0.760407507 5.97092360E-02 -0.585579157
 124 0.182623357 -1.93021154 0.215057641 -1.11881876
 125 -1.46936035 -0.814471006 -0.186628044 -0.915261865
 126 -1.24980342 -0.543008566 0.948915541 0.106233761
 127 0.341394663 -1.20176244 0.859548211 1.30183852
 128 -0.588829577 -0.324157476 0.904546261 0.913969755
 129 -0.416122377 -0.154371858 -0.435719967 0.248975530
 130 0.587029099 -0.866965890 2.05493212 1.85942650E-02
 131 0.712377787 0.228044331 -0.987450242 -0.773063421
 132 -1.62134063 -0.831019104 -0.710587919 7.27389157E-02
 133 -1.78200388 -0.791254759 0.943994820 1.14539826
 134 -1.02178526 -0.847738564 1.04145885 1.13954413
 135 0.778593302 0.504332006 0.321170092 0.428428292
 136 0.642959118 -1.02305174 -0.393793434 0.998162329
 137 -3.01179242 -1.18258536 -0.341880292 -1.36717129
 138 3.20628285E-02 -0.273858130 -0.839462519 -1.06543851
 139 0.131717592 1.04872894 1.88759887 1.97353959
 140 -2.11310792 0.237975329 0.365870416 0.519591570
 141 -1.20523024 -0.737047374 0.877170622 -0.297485501
 142 -0.514704585 -1.17267609 0.407621652 -0.369653970
 143 -1.83952665 0.898632765 0.463149071 0.876366258
 144 -1.10319567 3.00392099E-02 0.360949874 -0.308564782
 145 -0.117476806 -1.17147982 0.866715789 0.678948641
 146 -1.59231031 -1.08812308 -1.06421196 -0.815200508
 147 -1.02169657 -0.222637132 -6.56013340E-02 0.345463425
 148 -0.619683683 -0.267561674 1.55246377 0.384613454
 149 -1.04417288 -1.00483131 -3.50429440 -1.23323286
 150 -0.416001111 -0.847799659 0.990591645 0.837114930
 151 0.121613070 -0.270085394 0.993383229 -0.306914806
 152 -0.319747686 -0.373038888 -0.823385894 8.65337253E-02
 153 -2.33747792 -0.281523526 0.943827808 0.736433744
 154 7.70503283E-02 0.552022219 -0.994588256 -0.532052457
 155 -2.21303248 -1.32141650 0.648271143 0.163743630
 156 1.28338814 -1.22361970 -0.607761264 -1.14437830
 157 0.538894475 -1.56410241 0.566976130 -0.286442816
 158 0.340175062 -0.461934447 0.864364386 -1.27503204
 159 -0.995854974 0.269238114 1.02413833 2.07693863
 160 7.75720403E-02 -0.498496801 1.23299956E-02 1.41775298
 161 -1.29913017E-02 -0.792049706 -4.15823013E-02 0.540038109
 162 0.123643786 1.09549618 0.760319948 2.28227448
 163 1.50524735 -0.354542404 -0.132175297 0.322702110
 164 -9.50438455E-02 -0.496930450 0.569009542 -0.678748965
 165 -0.664416373 1.33296430 0.486407876 0.846613348
 166 0.901645064 -0.252990544 2.04796910 0.673914909
 167 -0.247650415 -0.116276540 -1.43826866 -0.703934669
 168 -1.86200477E-02 -0.419424921 0.939839244 0.120969176
 169 0.149001747 -0.388348877 0.719715536 5.25206625E-02
 170 -0.743302226 -1.14722252 -0.130788863 0.403115600
 171 -0.269744754 6.49030060E-02 0.921729565 -0.288799882
 172 0.579658151 0.344653457 -0.952464819 0.646426201
 173 0.937744498 -0.141527399 2.58149803E-02 1.24256361
 174 0.284621924 -0.840269268 0.141620919 0.176604763
 175 -0.868910372 7.00635314E-02 -1.19285250 -0.958850205
 176 -1.40852916 -1.57991397 2.28450537 0.248944700
 177 -0.991911054 -2.31996989 0.279107213 0.944106221
 178 -0.171387523 -1.07611954 -0.789011478 0.805828393
 179 -1.21810770 -0.491341412 -0.420717150 -0.467802912
 180 -0.580483675 -0.986480534 -0.314874381 2.81347334E-02
 181 -9.51999128E-02 0.194182158 0.711459875 -8.77027214E-02
 182 -0.747124910 1.33947122 -0.791354656 -0.998856902
 183 -1.64998323E-02 -0.631411374 -0.330275863 0.728848219
 184 -0.446157753 0.154819697 0.563729882 -0.347497374
 185 -0.844475567 -1.68455076 -0.839598894 -1.05494666
 186 -1.55166960 -0.408725441 2.63082123 -0.329786450
 187 0.380086988 -0.495506197 0.146972865 -0.581422567
 188 -0.942965031 -0.630625188 -0.227302611 0.554018855
 189 -0.146544546 -1.17302895 2.11483097 -6.57091737E-02
 190 0.216628298 0.727877438 -0.442031741 0.507478595
 191 0.181641415 -3.92965339E-02 -1.03587830 -0.990667820
 192 -0.126581311 -0.294957757 0.914915562 -0.230928034
 193 0.173330560 -0.936165690 -0.177285686 4.46816087E-02
 194 -0.306942523 -1.02999914 0.848101139 0.470226496
 195 0.674986243 9.53339785E-02 0.343960822 0.229695678
 196 0.429794133 -0.156058684 -0.559670448 -0.721266985
 197 -0.681829631 -0.416534126 0.496784210 -0.575182617
 198 -0.476872265 -0.344616473 -3.64367217E-02 -1.12873781
 199 -1.12255299 -0.342246711 0.740269601 -0.473353952
 200 1.26603758 0.250315636 -1.48954618 1.54673886
 201 -1.10706007 9.31696966E-02 -0.782916427 2.65946090E-02
 202 3.55720520E-02 -6.99877962E-02 7.79139400E-02 1.57458544
 203 0.701626182 -1.58976936 0.319010109 -0.899103343
 204 -0.915480256 -0.205423415 0.493757159 -1.14012218
 205 0.921099961 -0.105608866 -1.11026907 0.545159876
 206 -1.58555615 -0.854306579 1.23582435 -0.802726805
 207 -2.09356689 -0.147806406 -0.364878058 -0.389213860
 208 -0.513840973 -0.309462547 0.201819152 -0.662039757
 209 1.38770366 -1.67064226 1.68281341 1.08582294
 210 -0.264541954 -0.472999275 0.407161891 0.733216405
 211 2.98955813E-02 -0.818485856 1.05970323 -0.621477127
 212 -0.552651227 -0.320251226 -0.857789159 0.848492861
 213 0.433604240 -0.868740320 0.931116164 0.964138627
 214 -2.55327964 -0.881393671 0.173475832 -0.928800404
 215 -0.984001398 1.25114024E-02 -2.09014392 0.766590953
 216 0.418735713 1.12501240 -0.843919098 1.69095099E-02
 217 4.69778031E-02 -1.26668859 -8.26599970E-02 0.818136692
 218 -1.85156918 7.75676221E-02 0.714418769 4.79208976E-02
 219 0.442439973 -7.71808848E-02 -1.61808860 0.747360170
 220 -0.588134646 -0.338203311 -0.553392112 0.941879749
 221 0.248848423 9.79914591E-02 1.35326171 1.17265433E-02
 222 -1.04122400 -0.112594232 -1.29453647 -1.16966617
 223 -1.51585519 -0.352846861 0.760118067 -0.248397544
 224 -0.381336004 0.218178302 0.390228570 -1.04019654
 225 1.04107213 -0.513859332 -0.712572515 -0.995736718
 226 -0.508992195 1.22125077 0.279794455 1.07777488
 227 0.859181702 -7.39247426E-02 -0.403820038 1.64602578
 228 -1.12531650 -0.292490959 0.196242139 0.121084005
 229 -0.496379197 -0.246559143 0.516765475 -1.06958520
 230 -0.484400839 0.714098096 -1.00377512 0.198248908
 231 -0.375049025 -0.102146432 0.439695358 -0.625084579
 232 -0.525337040 0.581410885 -0.626049101 -0.509595394
 233 2.96574533E-02 -0.470082819 0.223776966 -0.637396216
 234 -1.23154628 0.444097161 0.571138144 1.00571883
 235 -0.602426887 -0.256623387 0.600853384 -0.528570652
 236 -0.258049965 0.870719016 0.303558409 0.917211592
 237 -0.993726492 -8.90216231E-02 -0.417997748 -0.507554114
 238 -0.605054379 -1.24372363 -9.57798511E-02 0.474261373
 239 -0.202323377 0.808466077 -0.272440255 0.675389349
 240 -0.439920843 -0.310773551 -6.05184436E-02 0.796463549
 241 -0.218751922 -0.460774422 -1.36864161 -0.305707186
 242 -1.11770058 -0.565573394 0.373643547 0.831679642
 243 -1.10813797 -0.843616426 0.580661535 0.592770815
 244 -0.309755176 1.10724974 -5.77877760E-02 -1.19489694
 245 -0.796792030 1.81270391E-02 1.10485840 0.492638320
 246 1.20374799 0.473881483 -0.399171948 -1.22722065
 247 -1.10296428 0.297817767 -0.904382646 -1.17979932
 248 -2.04927063 -1.29041767 -0.162846953 0.480007887
 249 0.471361279 7.47589022E-02 0.142342150 1.01310170
 250 0.341603309 0.120301619 0.200985208 0.597538233
 251 -1.10703325 -0.402106583 0.396871328 1.07960141
 252 -0.856658816 0.597555399 -0.874036908 -1.08690345
 253 0.299747467 0.660075843 -1.14966345 -0.968671679
 254 -1.21998286 -1.46596277 -0.196015954 -0.551688433
 255 -0.105796516 -0.903552711 -1.57610250 -0.793761313
 256 -0.150153458 0.214135736 -0.780656695 1.13223505
 257 0.949056804 -0.293866754 -0.762050629 0.597786725
 258 8.31312314E-03 -0.137736022 -1.54590952 -0.681292295
 259 -0.685938060 -0.294734150 1.81821573 -1.38101482
 260 0.228103548 -0.367048830 0.399509341 -0.875062108
 261 0.161637112 -1.11807096 -1.30446434 -1.02513433
 262 -2.68069053 0.532628596 2.15166044 0.688369334
 263 -0.806972325 -1.16946888 2.52594209 -0.593616545
 264 -0.848112345 -0.894261837 0.672263443 -0.808117628
 265 0.491263032 -0.768201768 -0.139147177 1.02628052
 266 -0.344713420 -0.390040815 -6.79157674E-04 0.465962082
 267 -1.45074141 -0.932811439 -0.514419675 0.269017875
 268 -6.48692623E-02 -0.331072837 -0.651605368 -1.31601524
 269 0.438643396 0.244118944 -0.235221460 -0.531885684
 270 -1.08018422 -0.962028146 0.467000991 -0.380872339
 271 0.352696776 0.505657375 0.975394845 -0.782570601
 272 -0.897622705 -0.858728945 0.630253911 -1.22056186
 273 -0.604430676 -0.878359497 0.665785730 -0.879133344
 274 -0.874070108 -0.477949709 -1.16602278 -0.262229919
 275 0.923651576 -0.186862543 -0.171190783 -0.756235361
 276 -0.462793589 -0.778293848 -0.655814528 -3.62659693E-02
 277 -0.178224981 1.82813025 -0.396649122 -0.983198941
 278 -1.18411291 -8.81410539E-02 -0.827973306 -0.781842351
 279 -1.01742613 -0.989703894 -0.258506507 0.952145338
 280 -0.252918988 -1.29645014 -1.29801667 -0.858603776
 281 -1.39915872 -0.123472258 1.27345896 -1.04448259
 282 -0.404161692 -0.161823556 -1.11450756 -4.39584665E-02
 283 -0.287605345 -0.817592084 -1.68863320 -0.249300644
 284 -0.730554223 -0.745670378 -0.241841435 1.02661717
 285 -1.37028694 -1.41847503 -1.16851354 0.279448092
 286 -0.722935438 -0.315534770 -2.56397724 -0.994751155
 287 -1.83632803 -1.16773140 -0.232454002 0.212640464
 288 -0.189849466 -0.375004709 -1.19511092 -9.51810479E-02
 289 -0.458390832 -0.243864387 0.881105423 0.722300291
 290 -1.72546887 0.371954083 -0.291540176 -1.02383494
 291 -1.72684371 -0.659005225 5.60253859E-02 0.240878627
 292 0.118211918 0.511209488 0.710382462 0.341257721
 293 -0.762008309 -8.30454677E-02 -0.462490827 7.29198307E-02
 294 -5.62855676E-02 -0.818010151 6.39944375E-02 1.12448943
 295 -0.472261935 -0.990937710 0.849761844 -1.09982932
 296 -0.198588789 -1.73042691 1.04834700 0.395869374
 297 0.678853691 -0.908918858 1.13823366 4.61580306E-02
 298 -1.09620237 -0.594096541 0.765346110 0.623656392
 299 -1.20317042 -0.457426578 0.321320117 0.294479132
 300 -0.470534891 0.779386938 -1.09183586 -0.983358860
 301 -1.32827246 -0.789204419 0.268408060 0.232814491
 302 0.585054874 0.467213005 -0.727908194 -1.09246945
 303 -1.27920663 -1.36649704 1.88386691 -0.539873421
 304 -0.828646898 -1.53897035 -8.49603117E-02 1.33620024
 305 -1.10109484 -0.182662055 -0.410856843 1.20253038
 306 -0.513343692 -0.640587986 -4.28791344E-02 -0.993026793
 307 -0.803136110 0.741630435 -5.33750057E-02 -0.593770266
 308 -1.18226719 -0.401131302 0.447540045 -1.09414721
 309 -7.27021471E-02 -0.730453014 -0.705739558 -1.06456995
 310 -1.25265133 -0.940175295 -1.07998526 -0.268782973
 311 -0.776306212 -0.429064751 1.55629027 -0.325979590
 312 -0.193438351 0.532311320 0.700160742 -1.19016254
 313 -0.161821455 -0.593575716 -0.816703141 1.45147705
 314 -0.971149385 -0.628705323 0.720737100 0.690768540
 315 -1.16036522 -0.161753833 1.58883619 -0.449832469
 316 0.144262299 -0.833268940 0.840420127 -0.369055688
 317 -4.54433039E-02 -0.341665149 5.07347882E-02 -1.07393706
 318 -1.49172640 -0.299938709 -1.98992491E-02 -0.851542234
 319 1.12486100 -0.207451344 -0.349500477 -0.522439480
 320 -0.657166362 -1.33568668 -0.202803120 -0.501178503
 321 0.235526234 1.02207577 -0.768621445 -1.56030953E-02
 322 -1.37678635 0.303160906 -9.39514935E-02 1.03428102
 323 0.124305919 -0.243445992 -9.81824324E-02 -1.10676658
 324 -1.49088073 0.114541911 0.611906052 1.76169682
 325 -1.37452686 -0.475307584 1.34471607 -1.06797314
 326 -0.783673763 -0.675244093 -7.54792765E-02 -9.27897096E-02
 327 0.439089537 -0.346836984 -1.55727584E-02 0.199031338
 328 -1.11314189 -0.493458182 -0.337876320 0.293733299
 329 -0.332525909 -0.793610454 0.708361804 1.55559182E-03
 330 7.63318911E-02 -1.06166685 1.47075379 0.800792515
 331 -0.418637633 0.223584801 -1.16735947 -0.743315458
 332 0.315274656 -0.271683961 0.417386413 -0.920547009
 333 0.889707029 -5.62847927E-02 -0.574261189 -0.461292058
 334 -0.457808971 -0.759634376 0.202884048 -1.06272268
 335 0.171446323 -0.243327647 -0.333068788 0.880035877
 336 -1.56866050 -0.118330322 -0.209285751 -0.848699808
 337 0.153368339 8.37325379E-02 8.69034529E-02 -0.277224243
 338 -1.03420472 -1.39927721 1.16592026 1.94142258
 339 -0.277280569 -2.20010728E-02 -0.153551728 -1.30079639
 340 1.04092014 0.195029363 -0.335179657 -0.713733494
 341 -0.196472824 0.586916506 0.444292188 -0.261084437
 342 -0.973814726 -0.756816387 5.60813658E-02 2.04473495
 343 0.493712306 -1.17360270 -0.122292951 0.879551947
 344 1.42601061 1.17803240 -0.280728459 -5.80318868E-02
 345 0.291366667 -0.202612832 -1.37056780 -0.844655454
 346 -0.775517106 -0.322915554 0.564248085 0.131580606
 347 0.212070867 -1.10375965 1.29174173 0.747963846
 348 0.125057891 -0.382779032 -0.304219574 -1.09592545
 349 0.199738175 0.440239400 -1.95248401 -0.985376120
 350 -1.27270651 -0.469663739 -0.201738894 -1.36471272
 351 0.151033640 -0.663581789 -0.171672046 1.40024340
 352 0.732547164 7.06456006E-02 -6.76352233E-02 -0.834068894
 353 -3.28354351E-02 -6.70714751E-02 -0.690483034 -1.29657006
 354 0.751376450 0.541365266 0.659589708 -0.494552910
 355 0.525648832 -2.39964676 -2.14834139E-02 -0.903843284
 356 -4.16022167E-02 8.51760656E-02 0.254371643 -0.940505445
 357 8.60502124E-02 -0.830176890 3.53362970E-02 -0.636189461
 358 -1.75764608 -1.24029267 0.575613976 0.741457343
 359 -0.322150648 -0.228357971 0.762170911 0.454844654
 360 -0.423186988 0.454543620 -1.22948694 -0.355875283
 361 0.417903125 -1.56556678 1.47366774 8.97619799E-02
 362 -0.987110615 0.121793643 -0.183677644 0.151172146
 363 -0.151535094 -0.174981385 -0.532006204 -0.910351396
 364 0.216198087 -0.533855617 0.635548353 -1.15258527
 365 -0.599663615 0.252570242 -1.58693409 -0.237880871
 366 -0.883335054 -0.156735167 -1.40149212 0.781800628
 367 -0.369677603 -0.728182018 0.390824854 -0.261571288
 368 -1.50772417 1.76082402E-02 2.11118412 0.224438146
 369 -0.659901261 -1.02206182 -0.400209367 -0.726439118
 370 -0.312490910 -0.959279060 0.378562301 -0.951903582
 371 -0.453861952 -1.36739039 -0.708626390 -2.06096768E-02
 372 1.49664140 0.363005519 -0.829641938 0.209377110
 373 -0.641228914 -0.700371563 -0.661584258 -0.468555838
 374 -0.528475106 3.69241908E-02 -3.70098186 -0.942124307
 375 0.334567487 -0.549847603 1.45654321 0.758960903
 376 -1.51699018 9.66420621E-02 0.255849630 -1.13503921
 377 0.413169652 -0.213740140 0.675267935 -0.733017504
 378 0.239577502 -0.807285070 0.743307471 -0.668788612
 379 -1.09303653 -1.23184156 -0.200627312 -0.597878098
 380 0.246559873 -0.386271596 -0.144038707 0.266208947
 381 -0.657575250 -0.141165987 -0.986755371 0.318294287
 382 9.73742902E-02 0.221045867 1.93301105 -0.119008943
 383 -1.14137208 0.118620880 1.88923597 -1.11826050
 384 0.359041661 -1.53485358 4.92946804E-03 -0.381971836
 385 0.903872371 1.26020968 -0.991676927 -1.01992810
 386 -0.581985712 -0.710440874 -0.321930349 -0.763094664
 387 0.223353073 -9.76298302E-02 -7.82713890E-02 -1.09222162
 388 -0.934883654 -5.77429086E-02 0.256928325 -0.238620192
 389 -0.192597970 -6.71582595E-02 1.13653076 0.294979274
 390 7.70631731E-02 -0.751785815 1.76198626 -0.737696052
 391 0.233512163 -0.215142563 1.15808296 -1.66116878E-02
 392 -1.17410755 -0.189084798 2.02386570 1.81193985E-02
 393 5.27861565E-02 0.456034958 0.203037933 -2.20718980E-02
 394 0.734685302 -0.564739168 0.799364030 0.213460445
 395 -0.640165091 -0.523373604 -0.114927083 0.460045815
 396 1.34933949 1.62507439 0.137569875 -1.20363557
 397 -1.78876221 -4.10543531E-02 3.16112638E-02 -1.02934229
 398 8.36404040E-02 0.119216435 0.382539093 -0.701790929
 399 0.241380274 -0.515901327 1.34248245 -0.792772889
 400 -1.49284685 -0.721531630 1.18312669 -0.808726728
 401 -0.798117101 -0.939579189 0.613048375 -0.576087236
 402 -0.886020362 -0.251305521 1.82480419 -0.142599761
 403 0.427035093 -0.921281457 2.23581386 -1.11400580
 404 0.287574649 4.60540354E-02 0.690730870 0.389861345
 405 0.111007310 -0.762901425 4.10348587E-02 0.780326128
 406 0.203090012 -0.871614635 0.703877866 0.363007158
 407 -1.10912824 -8.76782089E-03 0.552170992 1.92181849
 408 0.606229186 -0.272586316 0.656774461 -6.89620301E-02
 409 -1.12971687 0.437422872 -0.557255507 -0.665291429
 410 -1.21336091 -0.620136797 -1.81247222 -0.748233914
 411 0.757733822 0.492833436 1.55699801 5.72206452E-02
 412 0.244286671 -0.681612372 0.583916426 -1.88596509E-02
 413 -0.300508916 -1.01043725 -6.98107034E-02 -0.783708096
 414 -0.952844620 2.22185701E-02 -0.519846201 2.63908580E-02
 415 0.528686702 0.429254413 0.956715047 -0.934808552
 416 -1.45518053 -0.179820120 -1.67352176 -0.952310860
 417 1.48048747 -0.143879041 0.559488535 -0.307204247
 418 -0.271793246 -0.885973752 0.226341680 -0.532362819
 419 0.455898762 -0.859673619 -1.93025839 -1.16738105
 420 0.222039878 -0.279372305 -3.84669751E-02 -0.973255157
 421 -0.252454996 0.397873700 -0.131034613 -0.512367010
 422 -0.686920941 -0.163832501 -9.23009515E-02 -0.828739047
 423 -0.109633535 -0.439395368 1.14810443 0.300968677
 424 -0.201153308 -0.276915222 1.32213664 -0.537208140
 425 -0.573559761 0.626227617 -3.92004848E-03 0.907009006
 426 -0.612858176 -0.632284939 1.93217504 -0.340688288
 427 0.798423052 -1.14080119 -0.869661808 -0.333734006
 428 -0.585612774 -0.122902535 -0.887785673 -0.515834332
 429 -0.970154762 -0.136251360 -0.538546741 0.314329624
 430 1.06411636 6.28443956E-02 -0.771798253 -0.388643324
 431 -0.178995296 -0.575577021 0.587031007 6.99346513E-02
 432 -1.29870093 -0.366838485 -0.149841428 0.115700781
 433 0.134172529 -9.66761857E-02 -0.578679144 -0.458892167
 434 -0.173358575 4.05393317E-02 1.14598691 -0.568473697
 435 -0.799593866 -0.276988089 0.945452809 -0.255011171
 436 -0.738068044 -0.481519580 1.88627279 0.789817631
 437 -0.739246309 0.945251644 1.84721792 0.264490008
 438 0.201111943 -0.272991598 -0.296023488 -0.821202219
 439 -1.08935249 -1.06930077 1.16591775 -0.161412418
 440 0.743218899 -0.840805352 1.42218685 -0.670483530
 441 -1.25242436 -1.64788842 1.48533893 -1.08863246
 442 0.891675293 -1.12371421 1.11715031 -0.973180115
 443 -0.621598542 -3.74181643E-02 -1.62287259 -1.09038138
 444 -3.82783711E-02 2.67544538E-02 -0.617348671 1.53629959
 445 1.01585329 -1.16544032 -0.564010441 0.293186814
 446 1.08516610 0.181028605 1.35315263 -5.86575121E-02
 447 -0.315225273 -0.316933811 1.04100466 0.762494922
 448 -0.439286530 -0.514387310 -1.73037064 -9.40716416E-02
 449 0.252154052 -0.390205860 0.587181747 -0.245783567
 450 -0.909300148 -1.04367876 0.423272520 -0.668705165
 451 -1.69294906 0.899403691 -0.559886038 -0.360553920
 452 -0.188830405 0.712736070 0.640248895 0.289421052
 453 0.465829998 -0.693435431 0.199602351 1.11758196
 454 0.106864624 -2.44928837 0.395558387 0.430629402
 455 -0.178005219 -0.636166036 -0.125951543 1.51458585
 456 -0.869253278 -1.08949089 -4.13823873E-03 -1.12995648
 457 -0.535330176 -0.198064461 0.244388849 -0.860257983
 458 0.584685683 -0.743698239 0.145614013 0.762983859
 459 0.934213161 -1.31381381 0.226674080 -0.703698337
 460 -0.446627110 -0.439409196 2.01612306 -1.10822856
 461 0.640027761 1.08470142 0.558282673 0.423315972
 462 -1.17757320 -1.03050351 -3.82518768E-03 -0.791578710
 463 0.807246029 0.817272305 0.582661748 -0.324464262
 464 -0.686517715 -0.818315983 0.649187207 -0.519532919
 465 -0.384984583 -1.08428788 1.39585209 -0.783996701
 466 -0.901523650 -0.574358225 -2.01664543 -0.686280251
 467 -0.298610002 -1.43790519 -1.50649381 -0.627855539
 468 -0.103033423 0.328669161 0.629321933 -0.322708577
 469 -0.405417651 -0.193572491 -0.938573956 0.377102613
 470 -0.473632038 -0.744759083 -1.20794463 0.397440344
 471 -6.52202368E-02 0.588428676 0.656980395 -1.05154443
 472 -0.275640905 -0.174953863 -0.734266758 0.325734437
 473 -0.620637834 -1.18134332 -0.911310673 1.02214301
 474 2.74976231E-02 -5.89130968E-02 -0.650651932 0.396792740
 475 -0.222127244 0.323299050 -0.918888986 -2.43783891E-02
 476 6.12237751E-02 -0.325240821 -0.553532302 0.279996037
 477 -1.32868469 -0.445255578 -0.550628483 1.48174620
 478 -0.186811820 -1.10142219 0.467515141 -1.07879686
 479 2.08504987 1.57879508 -0.159501255 4.49708998E-02
 480 -0.716542244 -0.528238297 -0.142626479 1.33371985
 481 9.59716663E-02 -3.46595272E-02 7.42459521E-02 0.229412600
 482 0.293871611 -2.44813013 1.18966663 1.08416486
 483 -0.343165457 -0.290587187 -0.615343511 -0.489125937
 484 -0.200086266 -1.49806094 1.13806117 -6.65174704E-03
 485 -0.594280005 -1.05934322 0.261856109 1.34079278
 486 0.308281034 0.734413326 -6.81991428E-02 -0.446470857
 487 -0.663538516 -0.993805408 0.560505509 1.00724947
 488 -0.939527929 -0.385737896 0.948212683 -0.405469537
 489 -8.62426460E-02 -0.375510991 -6.10026941E-02 0.982529283
 490 -0.424138010 -1.14764869 1.45720076E-02 0.181478754
 491 -0.460283220 -3.22017968E-02 0.367297828 0.833709538
 492 9.54959914E-02 -1.24863994 0.529117584 -1.07214594
 493 -9.12657976E-02 -1.58989882 1.82660747 -0.407260150
 494 -0.720530093 -0.391232759 -1.61304653 -0.682658672
 495 -1.38594961 -0.553942800 -0.447507024 1.13259542
 496 -1.02589309 -1.17962456 0.254777461 0.708665013
 497 -3.59313451E-02 -0.555128813 0.393838137 0.531696737
 498 0.355742395 -0.849964201 0.188390046 0.147649467
 499 -0.796053946 -0.723016500 0.174001962 -1.21460354
 500 -0.620981574 0.348655730 1.59896684 0.341705382
 501 8.15933943E-02 -0.789662004 0.301232427 -0.305821300
 502 -0.208102942 0.159020603 -1.03032279 -0.982092142
 503 -0.800024688 0.306658447 -0.726651251 -0.983271599
 504 -1.49085224E-02 -1.64581609 -0.479690373 -0.633420765
 505 1.40069187 -0.395973533 0.884838998 -0.144756362
 506 5.32401651E-02 -2.73229480 9.10330713E-02 1.10654867
 507 -0.104570895 -1.00768733 -1.09987354 0.824987054
 508 -0.317668915 0.177645400 1.76274991 -0.842193007
 509 -1.40236163 -9.06087458E-02 -1.61786962 -0.615746856
 510 -6.35961294E-02 0.431891620 1.64067352 0.258291960
 511 -0.375830531 5.63746132E-02 -1.07875431 -1.30577970
 512 -1.42971921 -0.166350380 -0.773545444 0.132925242
 513 -1.01042390 0.262828827 -0.949309528 -1.10778534
 514 -1.81461000 -0.441443652 0.173521161 -2.32410133E-02
 515 2.36014748 -0.851921916 -2.51511037E-02 -0.705720365
 516 -0.363394946 1.09241104 -0.226194680 -0.118340552
 517 0.186402202 -0.369915396 0.586146712 -0.465859741
 518 -1.31076467 -6.77785948E-02 -2.52285862 -0.249820650
 519 -7.89956599E-02 -0.947862446 -0.939205885 -0.406709850
 520 -1.49555230 -1.87162328 1.63345754 -1.19791925
 521 0.375066340 5.07882200E-02 0.389706433 1.18393362
 522 -0.966060042 -0.511853635 -0.296165049 0.694738805
 523 0.357709646 -1.57934713 0.622848749 0.699907064
 524 -0.770313501 0.392122120 1.82298732 0.551413119
 525 0.545057595 -0.307030022 1.11284328 1.14521575
 526 6.61472008E-02 0.799791217 -6.25653565E-02 0.639485657
 527 -0.796692848 0.716638744 -0.516047716 -0.619792163
 528 -0.538896203 0.148228943 1.03510237 0.748852193
 529 -0.868104994 0.541276634 -0.823560655 -0.651707292
 530 -1.35314703 -0.536866844 -4.66859750E-02 -0.299915612
 531 0.320220381 -0.934986472 -0.205901161 -1.13308918
 532 -0.867340505 -3.46233137E-02 -0.975122690 0.247271225
 533 -0.271572113 -0.322575063 -1.25662053 0.729590893
 534 -1.06268239 -1.70028925 1.68024075 -0.618816316
 535 0.810793757 4.53522429E-03 0.451755673 -0.266820133
 536 -0.486630023 -0.611118615 0.445411921 1.68413782
 537 1.10362720 0.274564087 -0.223465770 0.253641069
 538 0.535474956 0.114089221 0.840809584 -0.361148089
 539 -0.380962223 0.101880632 1.16300869 -0.965565681
 540 -7.37603307E-02 -0.716068447 -0.238748148 -1.14144468
 541 -0.844922662 8.18866640E-02 1.03053498 2.54740286
 542 -0.182230681 -0.442608535 0.647326291 0.448342085
 543 0.655590892 0.374593735 1.95534706 -1.43120146
 544 -0.914058149 0.214783713 0.743048310 0.847601771
 545 -0.544765651 -0.559573472 0.650094867 -0.449993312
 546 -2.95484066E-02 0.198916927 1.90559983 0.312528014
 547 -0.760791957 -1.06208169 1.13671124E-02 9.00915116E-02
 548 -0.603702545 -1.12905979 0.784332633 0.741846681
 549 -0.320327103 -0.188235581 0.304121554 0.343324453
 550 -1.10946500 -0.304460555 -0.122205757 2.23901558
 551 -0.810642242 -1.01510203 0.500007629 -0.554216087
 552 -0.847014189 -0.899158537 -6.17053285E-02 1.16698623
 553 -0.707152784 -0.384929925 -0.322195888 -0.642860770
 554 1.00557590 4.01238427E-02 0.577318966 0.538861692
 555 -0.369286031 -1.54156423 -0.171333611 0.700567007
 556 -0.387244076 -0.906617880 0.899092317 0.516883135
 557 1.42162836 -1.71528697 -0.780230165 -0.128744960
 558 0.762959182 -1.49122787 0.156788975 -0.281410336
 559 3.70117053E-02 -0.794232786 -1.02455246 0.191545665
 560 0.432427883 -0.359350562 0.728026986 -0.477880657
 561 -0.333035588 -1.22969039E-02 -2.16226077 1.27340424
 562 -0.531064570 0.296361476 0.107575975 1.40944755
 563 1.31924403 -0.262604654 1.28132951 -0.194193915
 564 -0.510085225 -0.565374374 0.657341182 8.07613730E-02
 565 0.750563443 -1.65830278 -0.362174690 0.970173419
 566 0.556283295 0.943262577 -1.03231430 0.566021383
 567 -0.609902143 -2.76571722E-03 -0.482681692 0.257548094
 568 -0.431235045 -0.563099265 -1.28413415 -0.843052506
 569 -1.96177709 -1.39239895 -0.862544179 -0.309335738
 570 -0.651420593 -1.24018478 1.23649669 -0.713652372
 571 0.415156484 0.462451249 0.707765818 -0.229581684
 572 0.773496926 -5.96570373E-02 0.336106062 -0.828731894
 573 0.576306701 0.594059706 0.706975102 -0.614220023
 574 -1.15529346 -0.640469134 0.769409418 -1.00493300
 575 -0.756589055 -0.893525600 -0.499289602 -0.978041947
 576 -0.319430113 -0.204830289 1.08643842 2.75928521
 577 -0.768474579 7.89995119E-02 -0.575132072 0.993503928
 578 1.07647264 0.750589609 -0.594005346 -0.316855550
 579 -0.472055733 -1.72416997 0.130570367 0.286937028
 580 0.313410461 -1.20638609 1.22862744 0.129376501
 581 0.226730213 0.374212056 -0.662964821 -0.497222900
 582 1.09881341 -0.161646098 0.714752138 0.994696259
 583 -0.424653351 -1.32493067 1.53362036 -1.11634302
 584 0.748320878 -0.940740883 0.738982916 -0.502338827
 585 0.231164455 0.319857627 0.335692972 -1.22233403
 586 0.383923024 -0.919383228 -0.641486645 1.29423773
 587 0.210526139 -0.867560804 1.16611433 1.33381760
 588 0.151880547 -1.16652143 -0.171190202 -0.710903764
 589 0.973743021 -5.20323664E-02 0.299805820 -0.456772447
 590 0.211300284 -1.38690865 1.21827769 -0.489922017
 591 -0.971420169 6.18413687E-02 1.49774456 1.55002844
 592 -0.827802300 -0.130703747 -1.01817083 -0.801777005
 593 -0.799873650 -0.256554961 1.79352272 1.21288919
 594 -0.760731399 -1.44667774E-02 1.13272083 0.905668855
 595 -0.201651603 -6.93203956E-02 0.889109373 1.42718887
 596 -0.812608540 -0.374745876 -0.307059765 -0.287902951
 597 -1.32990921 -0.663755655 -0.214885190 -0.660219491
 598 0.913389027 -0.768075407 1.83354831 0.660596073
 599 1.92736018 -0.460716426 -0.107683539 0.592787683
 600 0.410383880 -0.366005838 0.759182632 1.16154587
 601 2.71083042E-02 -0.137694523 -0.505602717 -1.12563443
 602 1.05616760 0.303656727 1.68052900 -1.14067078
 603 2.93048620E-02 0.307557851 -0.512424231 -0.228842914
 604 1.71477032 -0.516993284 1.64962089 0.349423707
 605 -0.111567184 -0.843690276 1.13936222 0.865925431
 606 -0.625410199 -0.703637540 -2.23361397 0.776039541
 607 -1.16642518E-03 -0.716710687 -0.380246967 0.947984934
 608 -0.473266512 -0.967910707 0.889468312 0.111587703
 609 -0.950636685 -1.69695640 1.40254307 1.41841620E-02
 610 -0.170542955 -0.240573615 0.310614854 -0.411427379
 611 -0.901019692 -0.771668673 0.992722631 0.860324919
 612 -0.144395053 -1.67488813 0.319745600 -0.550290287
 613 -1.29557037 -0.526649892 1.23530674 -8.15386772E-02
 614 -1.17191434 -0.731276929 -8.38531554E-03 0.465148449
 615 -4.09851298E-02 0.559273303 -1.81153190 0.267927408
 616 0.505004823 -8.10967684E-02 -0.266164541 0.640714169
 617 0.917663038 0.907668769 0.310301363 0.623180926
 618 -1.85152197 0.495677650 8.44216943E-02 0.181985319
 619 -8.22476745E-02 -0.998309612 0.374602407 0.399827480
 620 -0.731120825 -1.46797252 -0.740292907 0.625782371
 621 -0.749044418 -2.24539936E-02 2.05131769 -7.92134777E-02
 622 0.756542683 -0.728833497 0.845031321 9.41289403E-03
 623 1.56682277 -0.302602768 0.708018184 0.334607065
 624 -0.748593330 -0.377753645 0.919099033 0.271817684
 625 -0.141529292 -0.739123464 0.117959112 0.827842891
 626 -1.50902927 -1.11987329 -0.140889555 -1.10247386
 627 0.630807757 0.348363578 0.140234172 0.744451761
 628 -0.302530974 -0.129398704 1.12036541E-02 -1.22567606
 629 -0.978270710 0.351570904 -1.35261130 0.784491897
 630 1.43392289 -0.116952784 1.92745686 1.01217985
 631 0.973426938 -0.161676019 -1.41590285 -4.67532277E-02
 632 -0.699380100 -3.63195315E-02 1.71253443 -0.824717700
 633 -0.713841438 -0.196721077 -0.159566730 -0.585406959
 634 -0.883368850 -1.31765330 0.758179545 -0.330001831
 635 -0.215974152 0.366808057 0.845430017 0.475696623
 636 0.911454320 -0.781678915 -7.40732849E-02 -0.288940161
 637 0.648888588 -0.217638150 0.175964266 -1.20797801
 638 1.11137533 0.583475113 -0.326366514 0.827681780
 639 -0.864359677 -7.90117085E-02 -0.849484682 1.84402883
 640 0.309369355 -0.333738118 -0.295618057 -0.385887802
 641 0.324554324 -0.508574724 0.556316137 -0.998890877
 642 0.203016788 -4.41318005E-03 -0.182304829 -0.625387788
 643 0.793137908 -0.689565480 0.194490343 -0.915401340
 644 2.26636171 1.19591188 1.41794300 -0.180025697
 645 -0.487527549 -0.609443069 0.864818692 -1.33866036
 646 -0.629437625 0.128950715 1.04957700 -0.535570145
 647 -0.476242810 0.451830536 -1.65947044 -4.48301136E-02
 648 -0.539227128 -0.347969621 0.155988425 -1.17746580
 649 -0.341207147 0.621922493 1.28677583 -0.432487696
 650 -0.721886992 0.588661313 0.391460687 0.372518659
 651 -1.02734470 -1.76376534 1.11258829 4.72277403E-04
 652 -0.269247770 0.112755537 0.466624022 -1.06654847
 653 2.95537412E-02 8.96072984E-02 -8.59188437E-02 -0.922480524
 654 0.946492791 -0.868247747 -2.36747360 -0.367626846
 655 -0.571165919 0.975767910 0.324692458 0.320613027
 656 -0.365221292 0.290759206 1.12833214 -0.166201591
 657 0.773659408 -0.298169196 0.952671707 -0.779398322
 658 -8.64238068E-02 -0.603996813 0.312289417 -0.351906240
 659 -1.44046760 0.139200568 -0.686847508 -1.07661414
 660 -1.63501728 -0.402373910 1.15102243 4.73656058E-02
 661 -0.242008388 -1.50883830 -0.670302749 -0.881981850
 662 0.612945020 1.30711198E-02 -0.841314018 9.17939544E-02
 663 0.160031796 8.65948424E-02 1.68137455 -0.547690213
 664 -2.95137167E-02 -0.290142298 2.55878270E-02 -0.414118320
 665 -2.02586746 0.565341592 1.60894573 -0.688444853
 666 -1.06671643 -0.633992434 -3.06747705E-02 -0.888411641
 667 0.561109304 -1.74949360 -1.42251050 -0.406303167
 668 -1.36107600 0.510439575 1.57382441 0.948073030
 669 -1.30507731 -0.929733872 2.02384520 0.205813602
 670 -0.352469206 0.331306756 1.78191745 2.15923858
 671 0.170888081 -0.654234648 0.254937708 -0.586717844
 672 0.227092728 -0.366117895 1.34912646 -0.759103179
 673 -1.42301929 -0.191320807 1.83230257 0.970674992
 674 -1.48981714 -0.299570948 1.20488071 -0.595036566
 675 -0.727020442 -0.958919704 0.104673237 -0.119491577
 676 0.617488921 -0.511447668 -0.821434498 -3.38759124E-02
 677 -0.192031085 -1.21440017 1.51967335 0.599538624
 678 8.68681893E-02 -1.34047878 -2.77510583E-02 -0.801726103
 679 -0.742466688 -1.34693241 2.46896297E-02 0.580965996
 680 8.26319531E-02 -0.643195927 1.51130247 0.847329915
 681 -1.70526469 0.805575192 1.53259277 -1.04829180
 682 -0.398618758 -0.155542642 1.83032751 -0.155971125
 683 -3.60749066E-02 -1.41756618 -1.12106740 -0.365656257
 684 0.640089750 -1.14623532E-02 -0.135538965 -1.00017774
 685 0.893618345 -0.790315866 5.96193001E-02 -0.927342594
 686 -0.151019827 4.78548408E-02 -0.617277384 -1.81975663E-02
 687 0.481010944 -0.143119663 -2.02627778E-02 -0.371166021
 688 7.26424307E-02 1.15546250 -0.551670313 -0.751851141
 689 -4.91377860E-02 4.33096737E-02 0.129336327 -0.898331642
 690 -1.17181122 -0.340785354 -0.846809030 -0.880404890
 691 6.17571473E-02 -0.625529766 0.476932019 -0.969737947
 692 -1.01270437 0.830100536 0.158181444 0.328004539
 693 -0.295002013 -0.521562696 -2.21451950 -0.829707801
 694 -0.268469453 -0.657944858 1.29042780 1.23251230E-02
 695 0.824220240 -1.66692650 1.56261778 -0.399983853
 696 6.99332207E-02 0.235787213 8.47442150E-02 -1.03512430
 697 1.22439039 -0.562023520 -2.21667957 -0.943297386
 698 -0.988754809 -0.743828237 1.35009706 -0.989879370
 699 -1.28779030 0.384728611 1.18034196 0.323124468
 700 -0.773600519 -0.334767967 -0.236406207 -0.805937469
 701 -0.176146388 8.09050202E-02 0.543328404 2.13687587
 702 -7.79749453E-02 -0.141529232 -0.460290641 0.305073649
 703 0.992433608 8.49466175E-02 1.21567094 0.685385227
 704 -0.199249402 -0.285191983 0.741220653 0.133723378
 705 1.15772569 -0.241432533 -0.297441363 0.179150403
 706 1.75186060E-02 0.826040506 -0.463075966 -0.779790878
 707 -0.987657130 -1.23458421 0.356937110 0.672014594
 708 -0.192091346 -8.71633589E-02 -0.270369649 -0.948355377
 709 -1.70102501 -0.895239711 0.669463515 0.702285230
 710 -0.537532210 0.499932975 -1.41443765 -0.771642089
 711 -0.252079606 0.184324428 -1.61043584 0.212335080
 712 0.362915277 0.304146349 0.366599321 1.63632095
 713 -8.27658847E-02 0.727287412 -8.19455981E-02 0.347651452
 714 -1.43142140 0.303512037 -0.847603261 0.107469752
 715 -0.381805480 -0.944568813 0.558260918 0.356174827
 716 -0.349139035 0.292413801 0.511830270 -0.699280262
 717 -0.276117265 0.154928878 0.190962851 0.271809131
 718 1.08847487 1.36443245 0.726770639 -0.299396157
 719 -2.21569467 -0.437387705 -0.325837076 -0.348688722
 720 -0.207894936 -9.47862118E-02 -1.91963625 2.28054452
 721 0.108003944 -0.207771659 -1.05896258 -1.11834168
 722 -1.71904087 -0.276036114 0.164662659 0.183341354
 723 1.39388359 -0.851110458 -0.406509697 -0.812935114
 724 0.463753551 9.45810899E-02 1.34480298E-02 -0.915974379
 725 -0.946074545 -1.07525325 -0.273008525 -0.980218470
 726 0.135585532 -1.15533161 -1.44476759 -1.12277222
 727 -7.58576691E-02 -4.74405438E-02 -0.779398680 0.802366257
 728 0.186093241 0.799745023 -9.12209749E-02 0.755974710
 729 -0.463843465 -0.507802188 1.46379566 1.73891056
 730 0.311083227 -1.04988241 0.210676193 -1.07362282
 731 9.31320339E-02 -8.44948292E-02 0.448363066 -0.502447009
 732 0.127617404 -0.102162339 -0.159234628 -0.713960469
 733 0.967770755 -0.435029149 0.845369756 0.157519311
 734 -1.45003772 0.869445443 -0.488632172 -1.16352534
 735 -1.25838149 -0.886808991 0.414950073 -0.517539144
 736 -0.759151399 0.682129920 0.947610617 0.367404193
 737 0.233946428 -0.336751163 -0.274282098 5.52403927E-03
 738 -1.18307006 0.639957726 -0.796979785 -0.576713979
 739 -1.40046549 0.304951042 -0.965992868 -0.974841654
 740 -0.807349920 -0.118204474 -0.302440017 -0.893074811
 741 -2.33835280E-02 0.271238506 -1.21787012 -0.962163687
 742 0.198078170 -0.470809817 0.303186476 -0.990568042
 743 -1.02597499 -0.865982056 1.59638906 0.812293649
 744 0.685343504 0.740472317 0.659180105 -0.786888957
 745 0.281810403 -9.74709094E-02 1.25517523 -0.456173778
 746 -0.388156146 -1.18941939 -0.239344865 -0.703559041
 747 0.133366957 -0.510679245 -8.62660408E-02 -0.466365218
 748 -0.464644015 -0.301171780 -1.02294278 -0.500496030
 749 -0.614354014 -0.189303711 -0.114021480 -0.273938119
 750 -0.323070467 -1.00795591 0.445152849 -0.250286222
 751 -0.493077636 -0.431121409 0.147365972 9.14937928E-02
 752 -0.991970718 -0.889771581 -0.944660902 1.20738125
 753 -0.980224609 -0.431184292 1.03079712 0.960478306
 754 -0.193177357 -0.321030468 0.660311460 -0.571669042
 755 -0.810840368 0.406074882 0.146444157 -0.688104808
 756 3.82561684E-02 -0.390810192 -2.19545588E-02 -0.947800457
 757 -0.321800292 -0.412781388 0.912029564 -0.233466685
 758 -1.05721962 0.655392110 0.270258725 0.426418155
 759 -0.441411406 0.653779149 0.426487744 -0.968261242
 760 -1.20301974 -0.557087541 -1.04160383E-02 -0.110780448
 761 1.12332013E-02 -7.65769854E-02 -0.393884838 -1.15251100
 762 -0.991098881 -1.53534627 0.398751855 -0.793110311
 763 -1.45695841 -0.528538227 1.07175446 -1.12488544
 764 -1.07004738 -0.948503375 -0.675288856 -0.501848280
 765 -1.20784593 -1.07947969 -0.538739681 -0.565178216
 766 -0.900359809 -0.878811955 -2.08227062 -0.470362902
 767 -0.684542179 -1.55205941 1.51635695 -0.966547251
 768 -1.08490646 -0.938972592 -1.94787967 0.251591951
 769 -0.405788869 -0.833403468 0.269941479 0.404207885
 770 0.119900152 1.02353644 0.298516810 -0.609532952
 771 -0.960650086 -0.118698642 1.00771511 -1.15402555
 772 0.700530767 -1.56257033 -1.33168459 -0.660592854
 773 0.376055181 4.75730896E-02 -0.231280953 -0.836885929
 774 -1.89735448 0.297068506 -0.350462139 0.301375031
 775 0.783394754 -0.218258157 3.67598310E-02 -2.39021629E-02
 776 0.787445605 3.48746665E-02 4.56570014E-02 0.763945937
 777 -0.849349380 -0.372711122 -1.03322327 -0.514974058
 778 -0.926863551 -0.196283221 1.65611506 -0.886710823
 779 -6.82941675E-02 -0.362330407 1.46056330 0.400615305
 780 0.850035250 0.213256881 -0.161322147 0.876028061
 781 -0.226377264 0.234077543 -0.324806988 0.217288315
 782 1.02003133 -0.458354682 0.522374988 -0.515698254
 783 -0.243175387 -1.64851105 1.71866238 0.858334422
 784 -0.423739940 -0.144907653 -0.749227166 -0.821783423
 785 0.952203393 -0.595390201 0.805320501 -1.06748903
 786 0.418151617 0.429350346 0.821224272 -0.883358896
 787 -0.406985819 -0.509199679 -0.901314497 -1.01230764
 788 -0.620784104 0.542788327 0.290913135 -1.06035626
 789 1.19783413 0.543752193 0.976937234 -1.00809443
 790 -0.770349205 -0.232659876 1.02536607 -0.362842858
 791 0.327572405 -8.52240920E-02 1.24626660 0.121477902
 792 0.169691682 0.559044659 1.29191518 -0.713576257
 793 -0.430578083 0.828358054 -0.658144832 1.59262705
 794 -0.958358288 0.223858178 0.886115789 -0.957296371
 795 0.377120644 -0.825087130 0.743550956 1.67134583
 796 -0.131740615 -8.54302496E-02 0.478019506 0.305591196
 797 -0.406654030 0.187738016 0.948163509 -0.682257116
 798 -1.25306606 0.808535695 1.57388461 -0.502264678
 799 1.68577147 -5.68557493E-02 1.56141353 -0.430271506
 800 -0.981330514 -0.228307113 0.839035630 -0.689431071
 801 -0.612643540 0.141460255 -1.36043906 -0.921270132
 802 0.648137748 0.573574245 1.05496609 -0.749276400
 803 -0.125789970 -0.794707656 0.464662641 -0.191714585
 804 -1.04904556 -0.256584644 -4.73940670E-02 0.528325200
 805 -1.12360311 -0.286360860 -0.295184016 -0.495815665
 806 -0.328322798 -0.759896159 1.04430068 1.83370173
 807 -1.63140428 -0.532075644 9.18310881E-02 -0.113340050
 808 -1.12440109 -0.579063892 0.205359861 0.263034582
 809 -0.790845990 -5.97763062E-03 0.724101722 0.519704580
 810 -0.876088798 0.763039112 -6.26363456E-02 -7.48393536E-02
 811 1.58707952 -0.127332330 1.29459429 -0.580700040
 812 0.262501419 0.633684635 1.06114125 -0.783812106
 813 -0.196247488 -0.939901829 -0.924015164 -0.342113435
 814 -0.628656268 -1.54074275 0.288761854 -1.29400492
 815 0.643743157 -0.631889582 -0.664931893 0.801518559
 816 0.617978573 2.45897472E-03 8.30474496E-03 0.804704785
 817 0.298392743 -0.772075295 0.908412218 0.871216536
 818 0.945083499 -0.264632642 0.529712796 0.232293993
 819 -7.87187964E-02 6.22455254E-02 1.83744979 -0.672412813
 820 -1.98160255 0.356961071 2.16630936 -0.879872680
 821 -1.55073166 0.316220611 1.78218329 -1.17908001
 822 -0.575996220 0.894759893 0.628372073 0.194430158
 823 -0.685765922 -1.55907607 0.596183479 0.217427507
 824 0.626958787 0.351495415 0.390798986 -0.135003775
 825 -0.189902693 0.383430272 0.858631253 -0.431626379
 826 -0.265149236 1.31738782E-02 -0.892898500 -1.13142419
 827 0.315235972 3.82821411E-02 0.838844717 -1.37276363
 828 -2.09899616 -0.447570026 1.21979547 0.290460497
 829 -1.55667186 -0.365072012 1.92643666 2.34225631
 830 0.440004438 -0.232908189 1.63483763 -0.140015185
 831 -1.76180601E-02 -6.24383017E-02 -0.356986374 0.847411633
 832 1.16301703 -0.675320923 1.37554455 1.25883043
 833 -1.13570821 0.375031948 -0.191131756 -0.448035687
 834 -0.657629848 0.574260354 0.129057854 0.832561135
 835 -5.32385856E-02 0.218808323 1.61851025 -0.609397054
 836 -0.165926769 0.102601558 1.10127604 -0.428947210
 837 -0.520586848 -5.62205911E-03 4.25876789E-02 0.855750680
 838 -0.519486368 0.238827735 -1.07127619 1.49212742
 839 -0.635646939 -0.139057785 3.46826464E-02 0.988325834
 840 -0.607065499 1.19869256 -1.48060644 -2.87901834E-02
 841 -0.342963457 -0.741988182 0.727873206 0.713954329
 842 1.03675556 -0.837556303 1.56145024 0.629365087
 843 -0.237716705 1.00299072 0.491139919 -0.977633297
 844 -0.103678554 1.09429717 1.37109149 2.57034637E-02
 845 -1.79848003 -1.07522893 0.533181846 0.675188065
 846 -1.04437447 -0.292568445 2.28299952 0.736686826
 847 0.285713971 -1.88017523 1.40246272 0.352527887
 848 -0.473236054 -0.842922509 0.217210680 0.354472995
 849 9.02989060E-02 -0.283333719 0.334987670 -1.08265448
 850 -0.585278034 -1.61599219 0.480219692 1.17144227
 851 -0.360372603 -0.800803363 -0.981822252 -0.466632992
 852 -1.16601765 9.88788903E-03 1.08381689 0.908512712
 853 -0.551286161 -0.321415991 -0.198467076 -1.40387452
 854 1.38769424 -0.420855701 1.62717140 -0.978603661
 855 0.503368139 -1.25760627 0.782654464 -0.494327247
 856 0.428975016 -0.190639973 -6.86535239E-02 -0.745956063
 857 -0.157443240 -0.836773813 0.361109227 -0.113221541
 858 0.130443484 -1.89054096 -1.88967335 -0.641044140
 859 0.637773752 -0.807112277 0.399208248 -0.357086718
 860 -1.18797565 -0.326834828 -0.595402122 -1.19821358
 861 -0.536285281 0.307673931 0.170449167 -0.847025812
 862 -0.287239879 0.365441352 1.37831509 0.197705567
 863 0.355013102 -0.590679526 -0.380368769 0.216540307
 864 0.740146160 -1.00159836 -0.242847800 -1.05625153
 865 -0.369708955 -0.877947569 0.864503562 1.27442896
 866 1.05150652 -0.802579165 1.53214264 0.910464644
 867 -0.869278491 -1.01092684 0.645165026 -0.915489018
 868 -0.807418942 0.737107575 -0.929084003 -1.38402605
 869 -1.16432023 0.302118003 -0.653628111 -0.730744243
 870 -0.608439207 -1.38518429 -0.678708971 -0.198761046
 871 -0.612367094 0.302926660 -0.119793221 0.788760424
 872 -2.55210018 6.33532554E-02 0.213495106 -0.573776841
 873 -1.22150517 -0.748647332 0.664018989 -0.763428211
 874 -0.850136340 -0.468549311 -1.06810367 0.242905051
 875 -0.446803987 -0.242655396 1.75032401 -9.37245190E-02
 876 -0.760910749 -0.847348034 0.123627387 -0.400041878
 877 1.92965984 0.768851638 0.235521257 2.70072371E-02
 878 -1.42594993 -0.629881859 1.79246217E-02 -1.11916029
 879 0.278133780 5.32849506E-02 1.71435630 0.187326431
 880 -1.13097608 0.147556663 -0.515967250 6.36758208E-02
 881 -0.291593969 -1.76629555 2.04430699 -4.73202765E-02
 882 -1.46144843 -0.186548412 -0.275828511 -1.04672444
 883 -0.355792820 -0.286397696 0.427746475 -1.03674364
 884 0.402147561 0.261688352 -0.255679011 -0.455197155
 885 -0.367820442 7.54696131E-03 -0.522325933 0.934868217
 886 0.259763539 -0.527174890 0.511312246 -0.369918793
 887 0.819556475 8.33375379E-02 1.27701366 0.801422715
 888 -1.09174657 0.321726203 1.61975420 0.175799280
 889 0.469769895 0.429146975 -0.235428289 0.373208165
 890 0.284594685 -1.11568570 -0.183596134 0.896524847
 891 -0.697281361 -0.629267454 0.769344807 -0.644269466
 892 0.460460246 -0.526009023 -0.124748707 -8.79310295E-02
 893 -1.03521533E-02 -0.624526680 1.62428057 0.285652101
 894 -1.63360715 -0.294071108 0.403722465 0.937648356
 895 -0.759765029 -0.736715496 0.947636604 0.176760763
 896 -0.271609515 -0.122622028 2.61655879 -1.01072025
 897 -0.397484869 -0.694375813 0.525559783 1.79877591
 898 -1.01187563 -0.554346919 0.401669413 -0.940171838
 899 1.15248740 -0.994787335 0.586185634 0.361151576
 900 0.751395762 -0.680349886 -9.19921473E-02 -0.506617069
 901 0.167245984 -0.366261333 0.145126745 -8.75342488E-02
 902 -0.117627323 2.82754153E-02 0.839559615 0.827222288
 903 3.75227593E-02 -1.32337034 -1.01391768 0.221270800
 904 0.897220492 -0.275555283 1.64075708 0.212308198
 905 -0.684194744 -0.645892978 8.49595666E-03 0.274769098
 906 0.100821704 -0.677142620 0.940683901 -1.03906095
 907 -0.794193566 -0.267215699 0.165676907 0.101766616
 908 -0.404758632 -0.590646982 -1.38288975 -1.15456879
 909 -0.272053599 -0.735082269 0.922618926 -4.34298515E-02
 910 -0.745671213 0.574819148 -6.01460524E-02 -1.41372681E-02
 911 0.854755461 -1.53820062 1.23258626 0.130881995
 912 -0.533896387 -1.02576427E-02 0.155351877 -0.831490755
 913 -1.92039609 0.325266570 -0.397749841 0.122297049
 914 -0.172004983 -0.754668772 0.542477131 1.21919417
 915 0.679196000 -0.614661157 0.804433763 -0.873998046
 916 -0.258654982 -1.88951194E-03 1.50707066 -1.13399100
 917 -0.778459370 0.692284346 0.546575427 0.567786098
 918 0.203460455 1.07289457 -0.104881734 -0.252062351
 919 -9.84492004E-02 -0.425067514 -0.374300659 -6.39255047E-02
 920 -0.236417249 -1.31580746 -0.387028456 1.78628480
 921 -0.300326318 0.713189363 1.52200305 -0.841007829
 922 -0.489079058 0.289373517 0.361156493 -0.982826710
 923 -1.36697912 -0.493501484 0.188933551 0.131674796
 924 -0.190006629 -0.502211630 1.91763830 -1.05297112
 925 -1.53839898 -0.312867880 2.71173882 -0.677462935
 926 0.223548070 -0.969122231 0.494823724 1.02145821E-02
 927 0.270237446 -0.195684731 0.679011226 -0.348675966
 928 0.128604069 0.418006897 1.40268898 0.335446090
 929 -0.459319383 -1.17723858 -0.696845829 0.166124031
 930 0.247944593 -0.187716693 -0.819956303 -0.472082257
 931 -0.108537026 -0.585441411 -0.192231581 -0.146841228
 932 -0.679179609 -1.73463845 0.579572678 -1.10995018
 933 -0.500345767 0.957425356 9.76520702E-02 -0.834095478
 934 0.879978120 -0.350976229 0.193965942 1.72578430
 935 0.404508412 0.456620932 0.234408110 -1.05072713
 936 0.263429642 1.18584526 1.24396205 0.332343400
 937 0.140122622 -0.166224569 0.677719235 0.404033005
 938 -1.53757477 0.709724545 1.24431479 -8.45181048E-02
 939 -0.215914339 0.398880631 0.866084397 -0.911191106
 940 -0.353277266 0.423643112 -0.118601516 -3.92966568E-02
 941 -0.818964064 0.274576694 0.818565428 -0.541586936
 942 -0.675504804 -1.13812971 1.51729774 0.688351214
 943 0.764984250 -0.324779958 1.92398822 0.957667351
 944 0.125235364 -0.846254468 -1.86927426 0.224027351
 945 -1.60391605 0.694221139 -1.36300251E-02 0.880043983
 946 -0.895402491 -0.634613991 -0.558779299 -0.132276297
 947 0.117493242 -0.620694697 -1.81744480 -0.719547749
 948 -0.216914535 -2.33993220 0.954760075 1.12036848
 949 -0.506680369 -0.313695759 1.05995476 0.231903851
 950 -0.425030708 0.337116092 0.584323049 0.712850392
 951 -1.65162122 0.231055111 2.50156617 -0.288195312
 952 -0.494122326 -0.610519886 -0.783242643 -0.205396593
 953 -0.815525830 -1.01479387 1.47180188 -1.04201555
 954 0.173657820 -0.997481108 1.39393735 -0.924957097
 955 -0.327146709 -1.15727675 -0.871801436 0.661369741
 956 0.555469930 0.180386007 0.345736086 0.361326814
 957 1.46943605 0.393733740 0.817729890 -0.458727539
 958 -0.740457952 -0.145101517 0.506568372 -1.05422962
 959 -0.192785308 -0.577808619 -0.674391508 -0.909393072
 960 -0.800214708 -0.156545892 -1.20759821 -1.02781248
 961 0.152914062 -1.59032810 -0.457730204 1.18563449
 962 -0.612309515 8.40486735E-02 -1.11112070 0.856245100
 963 -1.20732641 0.358671099 0.193740487 -1.23173547
 964 0.988120735 -1.46654558 0.532390952 -0.804720640
 965 0.560400903 -7.54994079E-02 0.627235889 9.90118533E-02
 966 -0.688181937 0.572781861 -0.629254162 -0.950286925
 967 -0.591821671 0.125871614 -0.941903353 -0.484321713
 968 -0.260997653 0.552789211 1.13399529 2.40774453E-02
 969 -0.720185161 -0.464132786 -0.392524004 -0.786700130
 970 0.178833455 1.17830074 -1.28058338 -1.02906322
 971 -2.12236428 0.571970940 0.489028633 -0.946470141
 972 -5.65332919E-02 7.98687637E-02 -1.29733551 -1.09526873
 973 -1.27508330 -0.236459255 1.13568997 0.341545314
 974 -0.558969617 -0.269124657 0.984777212 -0.605642974
 975 -0.242447272 -1.03584814 0.429509372 2.35302043
 976 1.80502534 -1.90224087 -0.339848161 0.256457716
 977 -0.681684732 -0.201059386 -0.800091088 -1.10731125
 978 -9.83610898E-02 -0.456144273 1.06332326 -0.311623991
 979 -1.21669745 -0.845124841 -9.50954556E-02 0.236281916
 980 -1.09630322 -0.517745852 0.824798703 0.378352612
 981 -0.482051939 -1.22664094 0.163438693 -0.298836172
 982 0.248201266 -0.502868950 3.89358923E-02 0.743700266
 983 1.11151934E-02 -0.504635692 -0.488955706 -1.11477494
 984 0.732169926 0.406682044 1.49770582 -0.121522740
 985 1.17288959 -0.481843114 -0.278840691 -0.502913952
 986 0.506342173 -0.584071934 -0.632720709 3.09378654E-02
 987 -2.21183372 -0.543841720 0.759253025 -1.00564647
 988 -0.705722153 -0.759736419 1.11391664 -0.553427160
 989 -0.734150648 1.04485750 2.00106931 -0.827693880
 990 -0.877822876 0.199070126 0.158682629 0.390194505
 991 -1.11485243 -0.236312270 0.466747344 0.200648844
 992 -0.379882157 -0.331136853 0.218668938 -0.439893812
 993 -0.500334918 0.468896657 -2.36619425 -0.131104261
 994 -0.473769844 -0.344970554 -0.603735387 -1.22670364
 995 -0.323444605 -0.189072430 1.73204839 -0.475795507
 996 -3.05312276E-02 -0.599706113 0.220208585 -0.310196698
 997 4.14977595E-03 1.18572414 0.981464386 -0.701592326
 998 -0.267156899 -1.13637459 0.831986785 0.152861372
 999 -0.124107040 -1.04752958 -0.498868346 -0.608337462
 1000 0.728396177 -8.62114280E-02 -0.342537105 0.274545848
 1001 0.484401852 -0.834635198 -0.223563746 -1.11188102
 1002 0.388788939 -0.903442025 -1.36611664 -0.823588014
 1003 -0.734643340 -0.943637550 -0.107156821 -0.524975359
 1004 0.125111923 1.17434776 1.68234801 -0.894305706
 1005 0.123994306 -0.178612188 -0.399727345 0.139211416
 1006 -0.144117400 -1.38105881 -0.536153853 -1.09584391
 1007 -0.639444947 -1.55107033 -0.270447433 0.508201599
 1008 1.20368469 -0.338002861 1.49616957 1.12399364
 1009 -0.686946332 1.04166961 0.320200801 -1.26628864
 1010 -0.587542653 0.521214068 -0.449534655 -0.620734811
 1011 -0.248843700 4.46981713E-02 -0.459182084 -2.98697650E-02
 1012 0.788909316 1.19432890 -0.774942756 0.951491356
 1013 -1.21910048 -0.249983430 0.740317225 1.17396665
 1014 -0.273980200 0.458361447 0.429331779 0.127907455
 1015 -0.375799209 -0.291646719 1.05052483 -0.560727477
 1016 -6.82671145E-02 -0.301356107 1.32230306 -0.827413082
 1017 -1.72456563 0.177378863 0.565536141 2.46421313
 1018 -0.417791218 -0.865628481 -5.44061214E-02 -0.194475204
 1019 -0.198926598 -0.794360995 -1.11060989 1.05977058
 1020 -0.854955912 -0.785845637 -1.06541705 -0.797321022
 1021 0.609542370 -0.280338585 -0.375647247 -0.287728071
 1022 0.273190856 -0.910138965 -1.02356994 0.224352852
 1023 0.747124255 8.98413658E-02 2.40311003 0.109023444
 1024 -1.25518525 -7.95859918E-02 0.424546033 -0.666634083
 1025 -0.695031643 1.32679152 -0.722403049 0.255278945
 1026 0.790638864 -1.36143446 1.07204199 -0.676243126
 1027 -0.876153886 0.131261498 0.239408284 -0.982534468
 1028 0.186641663 -0.872194529 -0.717291355 0.595947206
 1029 -1.55773610E-02 0.420281440 0.146189928 0.814231753
 1030 0.139706135 -0.561068654 -0.720020235 -1.04887223
 1031 -1.02077794 0.469630897 -0.347336560 0.147440389
 1032 0.275920153 -1.66698003 -0.226002157 -0.419228822
 1033 0.562606394 0.244296342 -0.651041985 -0.900647998
 1034 0.123652875 1.85797298 -1.93461859 -0.982696652
 1035 2.71002865 1.38939917 -9.78217795E-02 -0.189918950
 1036 1.06736386 1.49228406 -2.56506944 -1.26024318
 1037 0.688144922 -0.309194922 -1.75316823 -0.479176790
 1038 0.322073936 1.39971972 -2.31348705 -1.51028895
 1039 0.347076684 1.54532540 -7.72216246E-02 0.313531220
 1040 0.888965905 1.32385015 -1.07332206 -1.28976619
 1041 2.15861201 1.84511769 -2.57930517 -1.44739819
 1042 0.848514616 2.58249497 0.249152958 -1.10999870
 1043 0.508062065 0.286007255 -1.21557641 -0.476847649
 1044 1.46231711 1.44445252 -1.57491255 -1.27599335
 1045 1.00004077 0.635531306 -2.41445065 -0.200174600
 1046 0.290414751 1.93821442 -2.24924350 -0.923155308
 1047 -4.87089306E-02 0.732085824 -1.03888249 -9.00145173E-02
 1048 -0.272088647 1.57098973 -0.297936201 -1.37833321
 1049 1.71320796 1.93770027 -1.06370568 -0.567220330
 1050 2.32478571 1.66250849 4.44146767E-02 -0.451472700
 1051 0.400483817 0.373836905 -5.13644516E-02 1.68896425
 1052 0.497180372 2.59033012 -0.270160168 -1.34391153
 1053 1.18593955 2.03102970 -1.23511469 1.38099444
 1054 1.40552199 2.33303022 -1.70116460 -0.702928782
 1055 0.228750676 1.89871144 -0.711766899 -0.939657032
 1056 0.356070071 0.914569795 -0.955390871 -0.392877191
 1057 0.479748547 2.63981986 -0.684482455 -2.18154049
 1058 1.40320420 1.39833045 -0.799435794 -0.510483503
 1059 -8.80449042E-02 4.27246653E-02 -2.76620197 -0.334683925
 1060 2.04660654 1.38246727 -1.80209410 -0.128663734
 1061 1.30292714 1.64220059 -2.59749126 -0.519636452
 1062 1.28136456 1.34947610 -0.891525865 -1.21672225
 1063 0.164506525 1.45649338 -0.331365377 -1.36772835
 1064 1.04318559 1.41310501 -2.61918807 -0.288098484
 1065 0.569002807 2.31861734 0.335337311 -1.62410700
 1066 1.62570262 0.791201890 -1.62633550 -1.12707949
 1067 1.63633609 1.23314786 -2.90852427 -0.532462656
 1068 -0.423009127 0.964251041 -0.137019053 -0.530937791
 1069 1.17271650 1.48601699 -2.02709603 -0.409039170
 1070 1.98448467 2.04941440 -2.45680070 -0.533237934
 1071 1.08407497 0.961475968 -3.56446433 -0.657445908
 1072 0.500427067 2.18984246 -0.710248351 -0.421177447
 1073 0.562770367 1.84066856 -1.10903394 -0.467361808
 1074 0.806615114 0.868359506 -0.280339152 -1.37771738
 1075 -6.82292581E-02 0.783223569 -1.37474644 -0.301634640
 1076 1.09378326 2.15791559 0.308284968 -0.424447656
 1077 0.927023768 2.12097192 1.25864530 -0.602300227
 1078 0.371294200 1.86523914 -1.07980597 -0.270414144
 1079 0.426733136 3.38320136 -4.17054072E-02 -1.19536054
 1080 -0.222191840 1.29519689 -0.391369283 -1.80968988
 1081 -0.479754865 1.57488239 -1.98632872 -0.116119593
 1082 1.01081157 1.64785242 -0.925684094 -1.57960427
 1083 -0.205876857 1.81199551 -1.24692178 -1.48534536
 1084 2.21990085 0.923856437 -3.73767233 -1.55308557
 1085 0.159994423 1.69529355 -9.04070586E-03 -2.12320209
 1086 -0.736272216 2.22685075 1.00941765 -1.95378399
 1087 1.63607883 1.58833861 -1.38990486 -2.48990107
 1088 -0.300483346 0.903102398 -1.06138623 -1.10428798
 1089 1.72471988 -0.587020159 0.156697646 -0.654659629
 1090 0.172017723 0.744402051 0.262391806 -0.137479067
 1091 0.179081753 0.409980267 -1.36876416 -1.01021099
 1092 0.748902917 1.08402896 -0.152607441 -2.45267463
 1093 -0.686729014 2.61119771 -1.83995199 -0.452190071
 1094 0.969307244 0.458664775 -0.439081937 -1.43754292
 1095 0.443645686 0.480085999 0.178612411 -1.26215708
 1096 -5.32564670E-02 1.99411559 -3.20197678 1.21895516
 1097 2.47631049 0.889877558 -1.73475945 -1.92851436
 1098 -0.145404965 0.942806363 0.761372805 -1.65149879
 1099 -0.246658251 1.80850244 -1.04116607 -1.13177896
 1100 -0.145662308 0.535505652 -1.39237726 -1.34926140
 1101 4.19870168E-02 0.386303067 -1.89508510 -0.454437315
 1102 -0.519077361 1.35654604 -0.241064683 -0.718782961
 1103 0.747097611 0.490902841 -1.01199865 -0.921615541
 1104 3.21727432E-02 1.09735751 -0.103912890 -0.315524220
 1105 1.42572665 0.536521673 -0.974790692 -1.46011150
 1106 1.08760476 1.59031653 -0.459434569 -2.34791613
 1107 -1.95606053E-02 0.936527550 -0.400220960 -0.196182519
 1108 -1.07106590 0.637382150 0.603857279 -0.452653527
 1109 0.948445261 0.221955448 -2.46876931 -2.39726257
 1110 1.29763734 2.17680120 -1.13381994 -1.45915496
 1111 -1.30616927 8.04394335E-02 0.279604107 -0.929583311
 1112 1.25371599 1.02902627 0.929496169 -1.62113583
 1113 -0.113792412 1.81554151 -0.801305532 -4.26977277E-02
 1114 6.19017780E-02 1.74570084 -1.38762999 -1.57880569
 1115 1.75180018 0.788114905 -0.842382252 -1.12217927
 1116 0.508506835 1.70315027 -0.968882442 -1.28736079
 1117 1.17231333 2.16358948 -0.808148146 -0.613928080
 1118 1.68829942 2.48423219 -1.00048673 -0.277129203
 1119 -0.224072427 1.89494514 -0.975280583 -1.53338265
 1120 0.868984461 1.89383614 -0.371712387 0.216664240
 1121 0.797095954 -0.313283563 -0.566813946 -0.567794561
 1122 -0.234473154 0.386772633 -1.43467045 -0.136313230
 1123 -1.11548865 0.954856038 -0.655662894 -0.748922467
 1124 0.308509439 1.88475466 -0.831642210 -1.67251718
 1125 1.03819036 1.89694703 -1.15653098 -2.60424042
 1126 -1.43832994 1.53928888 0.631908715 -1.48011518
 1127 0.930412650 0.350436598 -1.04473221 -0.405819088
 1128 -0.165999964 0.767493665 -0.939051390 -0.968580127
 1129 2.01372004 0.290703893 0.400162518 -1.20972848
 1130 1.63485336 2.13546848 1.75834656 -0.912236035
 1131 1.49341345 1.04624343 0.195990920 -1.39093590
 1132 1.90327215 0.482684493 -0.414761990 -0.971673310
 1133 1.50991654 1.32711434 0.197962120 -2.24685884
 1134 2.10870528 1.52535534 0.222561374 -1.11094928
 1135 1.20983970 6.13810122E-02 -2.73503065 -1.05857837
 1136 -1.51055419 1.05249655 -1.72053599 -0.386246711
 1137 0.926510870 1.74276638 0.905441523 -1.05245233
 1138 -0.181169331 0.370729893 -0.762877464 -2.26904964
 1139 1.90167129 -2.43937038E-02 -0.450528949 0.499307811
 1140 0.606596708 1.84426653 -0.490119457 2.66022229
 1141 2.02831364 2.47090459 -0.386355639 1.49929059
 1142 0.804857850 2.28116012 -0.952894449 1.63173699
 1143 1.18991220 0.821290433 0.817000568 1.39075613
 1144 2.03425121 1.90589499 -1.77285159 -0.419548571
 1145 1.74849713 0.932465494 -1.26622128 -0.394705981
 1146 1.36562943 1.39446616 -1.14078999 3.83249474
 1147 1.22002673 2.33812547 -0.461954027 1.12586999
 1148 0.706728399 0.992280304 4.59810644E-02 0.765108526
 1149 1.36067629 1.35102999 -1.88880563 1.19482303
 1150 2.24087572 1.62893784 0.284229994 1.56016755
 1151 2.57609177 1.21438062 -0.329308718 1.29723454
 1152 0.751836896 1.90897799 -1.01489067 2.70990491
 1153 1.76788878 1.47157145 0.156897783 -0.739213109
 1154 1.42479765 1.42789543 -0.425001621 1.14203453
 1155 2.49771023 1.16356409 -1.66553307 1.09487987
 1156 1.14300990 1.58915639 -1.09336472 1.26360345
 1157 1.35522926 1.60055590 -1.64761734 4.52587366
 1158 1.52661622 1.52105081 -0.926191330 0.911171496
 1159 1.15896535 1.39231002 0.264176965 -0.146974728
 1160 1.75214612 2.83953381 -0.685899854 0.933734953
 1161 1.13353848 2.74459982 8.94741118E-02 1.22752357
 1162 1.76190519 2.14209533 -1.45488083 -0.213515654
 1163 2.20821142 1.09574163 3.40535864E-02 0.963387072
 1164 2.73219728 2.19920278 -0.830092549 -0.112287864
 1165 1.96298003 1.48401523 -1.62649810 1.23914027
 1166 2.05545163 2.71723843 -0.378240615 1.48283625
 1167 1.80284774 2.54134512 -0.636837602 1.12545669
 1168 1.01890111 1.07205772 -0.909323871 2.46939468
 1169 1.61786294 2.46741676 -0.115047559 2.26204085
 1170 9.33836177E-02 1.69534564 -1.19468105 0.934330761
 1171 1.68076611 -0.210459292 -1.09337866 1.20072246
 1172 0.631284654 3.36107039 6.56363666E-02 -0.208484560
 1173 0.370954335 1.25685346 -0.870751858 4.11739588
 1174 1.94591415 2.84681487 -0.381536782 -1.91612172
 1175 0.300593555 1.37314832 0.991212606 1.03069901
 1176 1.95358920 1.34303832 6.81707636E-02 -0.147007599
 1177 2.76851416 0.347326666 -2.88539076 2.67943025
 1178 1.66261101 2.47658777 0.233230293 1.32067204
 1179 1.86284649 2.97147703 -1.04494715 -0.462227046
 1180 1.64976466 1.77920759 -0.503972650 2.12313700
 1181 2.57134628 2.34117246 -1.90988016 -0.261772156
 1182 1.32165515 0.919617832 -0.627205849 2.74564624
 1183 1.30116129 1.09136009 -1.07661176 2.20483971
 1184 0.690555155 1.68720341 -1.14424717 0.896816611
 1185 2.55795789 0.479217201 -0.597237885 2.18074918
 1186 2.36655068 1.12849617 -1.06864798 3.85827494
 1187 2.21203279 1.13885379 -0.323049664 -0.255377948
 1188 1.74392879 1.25724363 0.234886274 0.944974899
 1189 2.74914670 1.34720659 -2.18583250 2.64748216
 1190 0.992362261 1.93346238 0.228311032 1.38738227
 1191 2.02149510 1.41539812 -1.76857793 0.939510703
 1192 2.13786745 1.93196559 -1.35496259 2.67237782
 1193 2.45970726 1.66475952 0.249456853 1.14163172
 1194 1.68449223 1.16837513 -1.56638217 2.44337058
 1195 2.31847191 2.79793286 -0.240889281 -0.555995584
 1196 1.77634192 1.75869632 -0.289951295 0.362619996
 1197 2.91367245 2.21089649 -1.95553756 1.18836260
 1198 1.79849589 0.940395653 -0.147126496 1.48149049
 1199 0.889047623 1.01000297 -0.142390013 2.89784265
 1200 1.71774364 0.399905384 -0.751731336 1.26469970
 1201 1.85524142 1.69903958 -0.646164775 -0.363633037
 1202 1.90614271 0.439454287 -0.580050349 2.14688826
 1203 1.37664282 1.91948617 -0.267291248 0.770784557
 1204 1.69865716 2.23159337 -0.284626305 0.817911267
 1205 1.32875502 0.302269012 0.961940527 2.62111163
 1206 2.61552835 2.30465221 0.841729820 0.999084473
 1207 1.85086966 1.54168534 -4.19473797E-02 -0.366827965
 1208 2.93308687 0.820562065 -0.509705544 -1.05306816
 1209 1.42355835 1.53973937 -0.319190979 1.47020543
 1210 2.54287624 1.08761477 -1.26427770 0.967969239
 1211 0.409276485 0.354362011 -1.85038388 2.55386734
 1212 2.42854142 1.34350836 -1.54133797 2.40167117
 1213 1.63667369 2.12445569 -0.110598534 1.13356316
 1214 1.22408843 0.339136571 -1.85811818E-02 2.34673452
 1215 1.02423477 0.341220677 -0.438582718 2.66869855
 1216 1.18607152 1.80163229 0.957075357 1.04254258
 1217 2.94998455 0.184545845 -1.36248565 -0.240705431
 1218 1.63482666 1.82829189 -0.612414837 1.15092802
 1219 1.60790944 1.94377661 0.217273787 2.75858641E-02
 1220 2.27704668 1.08345592 0.684137225 1.10856366
 1221 1.70659471 1.21567178 -1.12236536 1.47875237
 1222 0.960636795 1.48428118 0.968172729 2.44168210
 1223 0.908937097 0.784183919 -1.35444427 0.865848780
 1224 0.827081919 0.794310629 -0.588132739 2.17317724
 1225 2.35608292 2.39594626 0.420833111 3.23802352
 1226 1.20798683 1.47050858 -0.374283016 2.68685937
 1227 0.703105092 1.93031454 0.314652830 1.96393490
 1228 2.70081615 1.72367120 2.17339993E-02 0.771559238
 1229 1.30873418 2.26935267 -0.153278142 1.11467731
 1230 2.87190318 2.09194827 -0.182331443 1.00592887
 1231 0.822365820 2.09218431 0.759635031 2.70928574
 1232 1.59534466 2.39677000 -1.60277927 4.39214087
 1233 1.70458436 1.12928021 -0.582980394 3.59106541
 1234 1.75033092 2.11179972 -2.37050247 -0.299476206
 1235 1.79510200 2.66582918 -0.932909369 -0.262476593
 1236 1.59359467 1.69338965 -0.953632593 2.97804761
 1237 1.44883132 2.37495375 -1.83915722 0.154179484
 1238 2.27405953 1.87608862 -0.566648722 2.92715049
 1239 2.47188640 1.58330858 -0.757832885 0.872711599
 1240 2.44394898 1.94418120 -0.500476122 4.32303286
 1241 0.838882744 1.61073101 0.304448217 -0.420478702
 1242 0.691402018 2.75495124 -0.268630922 9.02404785E-02
 1243 1.59389317 1.77527022 0.213672042 -4.06939387E-02
 1244 1.73692155 1.84781492 0.556782305 2.00451756
 1245 0.154689431 2.13509035 -1.00976682 -0.420555532
 1246 0.244042441 1.22920048 -1.81031978 3.95578241
 1247 2.18515706 1.78463256 -0.754620135 1.48917830
 1248 1.17229712 1.13284588 -1.42224050 4.92443943
 1249 1.69339955 0.796298563 -0.604210675 0.790085196
 1250 0.766480625 0.840757847 -2.70977163 -0.415537596
 1251 1.65086603 -8.34153593E-02 -1.93820167 1.50685859
 1252 1.75786412 1.84040332 -0.273624539 1.40527999
 1253 1.69905651 1.00718474 -0.794897914 1.48762512
 1254 1.35924077 0.705776274 -1.58649969 1.40740752
 1255 0.727858722 0.972956777 -0.535892785 -0.105908439
 1256 1.31788325 1.03629696 -0.491861820 2.87319040
 1257 1.67750704 1.13326204 -1.90277123 3.10046840
 1258 1.02594960 2.30979371 -1.25070119 0.661507547
 1259 2.36812806 1.56051791 -0.630567729 -0.911769390
 1260 2.47328854 1.18012738 -0.250566274 1.01550102
 1261 1.19456291 0.608571351 -0.800302207 2.57594991
 1262 0.982726216 0.600079358 0.418550789 1.08326769
 1263 1.36597466 0.986524999 0.718247354 2.53786683
 1264 2.36955237 2.12293506 -0.905960441 -0.261927009
 1265 0.898318231 1.05969954 -1.36126900 2.94867325
 1266 1.51422560 1.12578321 -2.02059865 -9.17226672E-02
 1267 1.54074776 0.680941045 -1.32817996 2.59640169
 1268 1.05170619 1.52208114 1.21663809E-02 1.16962647
 1269 0.818782389 1.96126521 -1.18463230 1.05430472
 1270 0.452264458 0.721995413 -0.353375942 3.10954547
 1271 1.78655171 1.84722281 -0.914025187 1.76830590
 1272 2.62184262 1.98572385 -0.358766705 0.166129202
 1273 2.12064648 1.97343993 0.463334531 -0.445993066
 1274 2.69634175 1.41455269 -1.79793334 1.02439034
 1275 2.33652377 1.41419768 5.72549775E-02 2.89425564
 1276 0.953001201 2.70051122 -1.58248103 1.00012946
 1277 1.29631019 1.72314203 -0.530776978 0.971715510
 1278 2.46516776 2.86608434 -2.54945084E-02 2.75496531
 1279 1.43474555 2.26324511 -1.04279912 1.51458776
 1280 1.90428829 1.30422783 -0.645521402 -0.649362206
 1281 1.87557983 2.76125598 5.65635264E-02 -0.310166001
 1282 2.66562796 3.00956345 -0.902049720 -0.189310789
 1283 1.72702944 1.19556952 -1.19738913 -0.344842106
 1284 1.77346647 1.95351839 -0.185333908 0.450049043
 1285 2.17538023 1.27784133 -0.529682279 1.43208313
