 1 0.662338912 -0.612976372 0.601446569 -7.36676604E-02
 2 -1.18492258 0.636516690 1.08583832 -0.577930748
 3 7.42358938E-02 1.05215931 0.807865202 -1.75799513
 4 -0.226925850 -1.47179830 1.33163905 -0.150861204
 5 0.590384603 1.46446824 -0.364551157 0.306251109
 6 -0.105182774 -0.851625562 0.909375906 0.254044414
 7 0.238270551 -1.07898593 0.533284128 -0.654103220
 8 0.415113270 -1.04764616 1.68845320 -1.26392245E-02
 9 -1.08017850 0.198884308 0.491160214 -0.931837082
 10 0.400789618 0.185517639 1.25818074 -8.85700434E-02
 11 -0.230542332 -0.290039897 1.31390274 -7.43741542E-02
 12 0.507797599 -0.351341337 0.772796154 0.642604232
 13 -0.604058683 -0.158633530 0.150144368 0.158470988
 14 -0.385433286 -0.225065976 0.661457658 8.04311633E-02
 15 -0.179185510 -0.460591197 -0.948325634 0.522370517
 16 -1.38384628 0.160123765 0.885171413 -0.188275918
 17 0.612761497 0.357560337 -6.23895079E-02 0.328522295
 18 1.87914521E-02 1.82745028 1.06557012 -0.932737052
 19 -1.58794188 -0.311764777 1.70412445 -0.563386679
 20 -1.01983905 1.45525420 1.26845086 -0.425815016
 21 -0.587301970 0.355889231 0.338670075 -9.59776267E-02
 22 -0.271387875 1.31301451 6.99365437E-02 1.09744406
 23 -0.533450007 -2.23360229 0.702805579 -0.485637665
 24 -0.686133921 -1.42745078 -0.220890090 0.330915600
 25 0.108913794 0.435923338 -0.506385267 0.123880550
 26 -1.07021940 -0.257364810 0.729477227 -0.981819451
 27 1.67569160 1.51347113 0.629985988 0.618590772
 28 0.782241344 -1.44074571 0.108528480 9.23298895E-02
 29 0.584939957 -1.41596651 7.17711225E-02 -0.194590807
 30 -0.228044644 -0.484328985 -0.496538103 -0.409254193
 31 -0.168323398 -0.123125605 -1.47810149 0.572476208
 32 0.114266761 0.658366740 -0.869938433 -2.44138464E-02
 33 -0.355431616 -9.42930579E-02 1.58470249 0.159106985
 34 -2.16594040E-02 -0.403557867 8.36503655E-02 -0.541903496
 35 -3.68585326E-02 -5.00779748E-02 -1.24311435 -0.641467333
 36 -0.867518187 -0.637982965 -0.605206668 -9.24908966E-02
 37 -0.839704931 -0.362078190 0.566568136 0.323197603
 38 -0.116796926 0.317976415 -0.395137042 -1.62660348
 39 -0.917034924 -1.12018299 2.29649097E-02 -0.159457892
 40 0.186373830 -9.93365645E-02 0.277139574 -0.534428239
 41 -0.247724965 0.816083968 -0.696856380 -0.694727361
 42 -1.64815331 -0.622327566 0.220847279 -0.221418887
 43 0.452856779 3.97924297E-02 0.875464201 -0.264802635
 44 -0.647692263 -0.123657331 -0.345858932 -0.645386338
 45 1.48249817 2.27748013 -0.436706871 -0.553276539
 46 -1.31404877 -0.420599341 -0.667147994 5.57973534E-02
 47 -9.84342769E-02 0.247522816 0.178452954 0.666290104
 48 -6.60367236E-02 -0.229161203 1.30210543 0.154246092
 49 0.203861699 1.28895140 0.390405953 -0.784378529
 50 -1.25865734 1.54328406 1.77810979 0.735939026
 51 1.20922303 1.06139290 1.16906869 -1.27846575
 52 -1.18894744 0.226393819 -0.105239287 9.26269069E-02
 53 -0.198788732 1.51523221 0.197963417 -0.132986948
 54 0.311044037 0.569323659 0.263539791 -0.328055412
 55 -0.864527941 -0.434448123 -0.147284836 0.271725565
 56 0.135481536 -2.31186581 0.618390620 -1.38051069
 57 -0.726614952 -0.111840390 0.109447673 -1.39974737
 58 -0.752251148 0.262007684 1.15364301 -0.692239523
 59 -1.50959468 0.596432567 0.742412329 -1.35007751
 60 -1.04014194 0.948446810 1.24689984 -0.199287146
 61 9.60357487E-03 -9.35660750E-02 -0.804519832 -0.493089914
 62 0.273309886 -0.208225191 -5.14615551E-02 6.68263435E-03
 63 -0.402914524 -5.22484928E-02 2.66209096E-02 0.330272496
 64 -0.701294661 -0.521254778 0.152012154 -8.30169171E-02
 65 0.506759703 -2.42730403 0.568915963 2.78079063E-02
 66 1.71560049E-03 0.451003730 0.502240598 -0.277199030
 67 -1.29261363 0.793220162 -0.566308379 -4.17793244E-02
 68 -0.285665452 -0.517775595 0.167762846 -8.01350176E-03
 69 -0.150305077 1.13616514 0.730177164 -0.439428985
 70 -0.562882483 -1.37838447 -0.976074278 0.292139262
 71 0.404410392 0.299104333 -0.832468867 0.292418510
 72 -0.962426066 -0.185643047 1.13496184E-02 -0.411098361
 73 -0.142543584 -0.261191130 0.529374003 -0.165861174
 74 -8.21678340E-02 0.396110088 0.496523261 -0.476503134
 75 -1.23491454 6.01458848E-02 1.00498426 1.02692223
 76 -0.956674218 -0.622688472 0.149696290 -0.795223475
 77 -1.06907713 1.32926655 0.478632867 -0.539817929
 78 0.293567002 -0.477516681 -0.725423515 4.54662740E-03
 79 0.569132030 -1.08863008 1.39336431 0.161224782
 80 5.15629239E-02 0.250841916 0.118484467 0.642744482
 81 -0.634825587 -1.25861418 0.209751427 -0.311323106
 82 -0.705746412 -0.181157723 1.02032328 -0.498184621
 83 0.720655918 -0.400292039 0.797014713 0.348731250
 84 -2.40775943 -2.09303689 0.636516571 0.141630828
 85 0.466377944 -0.472940177 3.54024768E-03 -0.294660091
 86 0.621197343 -0.414110333 -0.769482851 -0.250878155
 87 0.130286738 1.26096809 0.218846425 0.462088376
 88 3.02006863E-02 4.96553332E-02 -0.135641143 -0.144372597
 89 -0.573087156 -1.98146224 -0.193265975 -1.36594808
 90 0.146813571 0.789903879 1.05558074 -1.00186682
 91 -0.536380887 -0.819942474 8.23825598E-03 -1.21782410
 92 -1.75365853 -1.48889661 -5.50734252E-02 -1.38954318
 93 -0.475883543 -0.237840652 1.32468998 -0.155850559
 94 0.391103685 -0.610379457 0.249035627 -0.479690135
 95 0.335976839 0.242766574 0.500084877 -0.733071744
 96 0.457215279 -0.217800438 1.86997080 -0.168294996
 97 0.243603140 -4.36072648E-02 0.186318099 -0.137231097
 98 0.740117490 0.107135154 -0.347213835 -0.112610720
 99 -0.414418995 -1.13643658 0.832928777 1.86735094E-02
 100 -0.440057218 -1.86791468 -1.28282905 0.688193560
 101 0.628241360 2.40144730 0.552008390 2.81558633E-02
 102 -3.44773084E-02 -0.491137505 -0.691789150 -0.220035136
 103 -0.755151272 0.701714337 -0.911965907 0.651651144
 104 0.520740926 1.05957854 0.157128155 -0.609856427
 105 0.761731505 0.387333453 0.259925932 -1.12722194
 106 -0.317620099 1.43614054 7.08325431E-02 0.535943329
 107 -0.876207054 -0.916670382 1.17080331 -1.08823657
 108 -0.469620466 -2.57709920E-02 -0.362014025 -0.546057582
 109 0.393351227 0.475313425 0.731700182 0.450115621
 110 -6.46637380E-02 -0.494505554 0.880318403 -0.563549340
 111 0.972898364 0.624856174 -0.323939085 0.550976872
 112 1.04349375 -0.276368231 -0.316006899 -0.287884206
 113 0.840957642 0.985286593 1.66259241 -0.452897221
 114 -1.06302559 5.81808686E-02 2.11010027 0.451114923
 115 0.431692600 -1.16428411 -0.113588899 -0.825742662
 116 -1.94297993 -1.45000184 0.172959208 -1.19009280
 117 -1.06668448 -1.48355925 0.881280899 -0.957078218
 118 -1.14940393 -0.292407691 -1.88123357 -0.220117450
 119 0.337202549 0.762959361 0.346231699 -0.632745326
 120 -0.597569883 -0.852416098 1.44197381 -0.392443836
 121 -0.685206056 -0.846245527 1.07906342 -1.34545541
 122 -0.313560069 -1.94951224 0.273117065 -0.957102776
 123 -0.853045762 -0.529158711 0.328336895 -0.932638407
 124 -0.430032551 -0.882458627 -0.834394038 -0.803352475
 125 -1.18280482 0.156395346 0.158336341 -3.83264646E-02
 126 -0.639590681 -0.649750948 0.230635017 3.16969156E-02
 127 -1.62410700 -1.98955488 -0.736200333 -0.411703229
 128 0.333855152 -2.08119154 0.645695329 -0.219935209
 129 3.67579460E-02 -0.831724584 -0.312192917 -0.206770569
 130 0.170945749 0.550543129 -0.915585339 0.357191503
 131 0.208154127 1.00848937 0.281816959 -0.569240332
 132 0.128628984 -1.00829899 -0.511973619 -0.533176184
 133 4.72265966E-02 -0.237052217 0.689580321 0.230933338
 134 -1.50312781 -0.669312239 0.248557970 -0.601408482
 135 -0.121308260 0.458570540 4.38231677E-02 -0.466336280
 136 -0.208578438 1.28611135 0.179671228 0.225946113
 137 -0.390879631 0.396724820 0.856466889 4.07857895E-02
 138 0.178236485 1.09413278 -0.604270995 0.640321732
 139 -1.45132875 -0.886295974 -1.24949968 -0.921371102
 140 -1.04627669 -1.51491082 0.905426502 -1.15388954
 141 -1.46544898 0.589499593 -1.48188818 0.147932470
 142 -1.20628691 1.65776110 -2.26631069 1.15221679
 143 -1.70382524 -0.723191440 0.114278167 0.506589890
 144 8.96102339E-02 -0.423859268 -6.61630034E-02 -0.310296297
 145 0.164137945 0.892504036 1.06203377 -0.132109076
 146 -0.948607028 -0.361793220 0.754640400 0.209203199
 147 0.327601314 -1.02235639 0.402226567 0.465272129
 148 -0.805613041 -0.631104589 -0.301351041 0.828490913
 149 -0.109059967 -0.703331530 -0.168941483 0.275957704
 150 -1.06768084 -0.775699615 -0.395035446 -1.03776276
 151 -0.932476699 0.308146387 1.00239444 -0.329987228
 152 -1.98000348 0.447568238 1.22761893 -0.910490394
 153 7.43116736E-02 -0.447646677 1.34510267 -1.42496455
 154 0.426603138 0.553743720 0.985097229 0.621181786
 155 -0.715967417 1.44684875 0.980172098 1.58719420E-02
 156 -4.57630157E-02 -1.57902300 1.69504035 -0.539735019
 157 -0.373535037 -1.49946630 0.833525002 -0.947725832
 158 -0.320579052 0.238639429 0.789539754 0.772831321
 159 -0.440166861 -0.911266744 -0.523831129 0.157177180
 160 0.105880111 -0.608799815 -1.05931377 0.528889060
 161 1.02776289 -0.332136005 0.710926950 8.13785344E-02
 162 -0.461921871 0.649259806 -0.117256179 -0.732922733
 163 0.190329164 -0.186195120 -1.27639604 0.206371427
 164 0.319407463 0.750612020 -0.443389684 4.18901891E-02
 165 0.419889927 1.15735471 -0.672356963 -1.24079871
 166 -0.490044564 1.02176607 -0.388894290 0.384015918
 167 9.52447429E-02 1.09819245 0.198420107 -0.440082818
 168 -0.604482532 1.41139829 1.73824281E-02 -0.906630576
 169 -1.02822471 0.313819647 1.36772954 0.161123216
 170 -0.452831566 5.75086921E-02 -0.255680054 -0.773036838
 171 0.904215157 0.524336815 0.227431908 -1.06758761
 172 -1.82494628 -1.73192716 -1.54559302 -0.521191359
 173 5.47942370E-02 -0.651721358 -7.00483322E-02 -0.484799623
 174 -0.529456854 -0.167886704 9.09935534E-02 -0.325974017
 175 2.45083421E-02 1.31238174 -0.674629211 -0.908226490
 176 -1.72531679E-02 1.54709482 1.34419346 0.122928634
 177 0.375049442 -1.34011078 0.248902142 -1.00563991
 178 0.305181682 0.677298427 0.231196731 -0.742296934
 179 -0.976348162 -1.62176275 0.326641738 -1.07243729
 180 0.601830423 1.47601461 -1.09979022 -0.222412914
 181 9.16620195E-02 -1.05481505 0.115277350 -1.70825869E-02
 182 0.804954946 1.02833402 -0.564778328 -0.571644902
 183 0.273120582 -0.300666034 0.696831465 0.562777877
 184 0.617832363 1.02611494 -0.412743270 0.112636790
 185 -0.555284142 -0.350453734 1.84730422 -0.141792908
 186 -0.858307838 -1.11969483 0.187508538 -0.777894735
 187 0.722598135 -0.120237820 -0.120187201 0.692819893
 188 -0.653897643 -0.316097111 0.499713361 -0.981281817
 189 -0.482776284 1.09061050 0.983466089 -0.212665558
 190 0.593442261 1.06401408 -0.399580538 6.40032738E-02
 191 -0.427762538 6.37026280E-02 -0.621838868 -0.897468626
 192 -1.30514967 0.361130983 -0.537112236 -0.993765235
 193 -0.222027734 0.731648564 1.07861578 -1.33714521
 194 -0.170353159 0.542084694 0.734378099 0.851663232
 195 -7.18864128E-02 -0.176907435 0.519385040 -0.988088906
 196 -1.09723902 0.187831551 0.658902884 -0.621417463
 197 0.423123986 0.765089452 0.356880546 -1.10728586
 198 -0.166595116 1.48871315 0.538322806 -0.842396855
 199 -1.67831290 -0.575268388 -0.350882471 -0.486416936
 200 -2.03561075E-02 0.714078486 -6.03466928E-02 1.38795650
 201 -0.702613592 1.12679803 0.731582999 0.213145718
 202 -0.373079956 -0.776515365 0.448611736 -0.120564908
 203 -0.161504507 1.51680231 -0.337131977 0.562719166
 204 -1.08761561 -1.01044750 1.51795959 0.176295504
 205 -0.310541064 0.363126516 -0.438588679 0.423862815
 206 0.253865480 -0.128573805 0.859028161 0.252947330
 207 -0.492129117 -0.828003168 -0.208977714 -1.22743630
 208 -0.900614321 -0.271815658 0.250594318 0.514081836
 209 -0.580267012 1.32694840E-03 -2.26667809 -1.30354917
 210 1.02213001 -0.125632465 -0.472961515 -1.42239082
 211 -0.672273815 -1.06396210 1.05611205 -5.74762076E-02
 212 -1.20990646 0.271938503 -7.38066882E-02 0.429266155
 213 -0.384602338 5.91670275E-02 -1.28144705 -7.83577412E-02
 214 0.134453207 0.269907981 0.660172462 0.494136363
 215 -0.439982653 -0.921911240 -0.254446894 -0.782984912
 216 0.709979057 1.69469810 -0.806561232 -1.48204839
 217 0.508055627 -0.209298253 -0.521419644 -0.257795095
 218 0.112026691 0.987453103 0.772961438 -0.254260778
 219 -0.125520781 -2.41666698 0.469315171 -0.568753660
 220 1.10218322 -1.95136154 -1.17166889 -0.600446463
 221 -0.876521707 -0.661011577 0.165969029 -0.186682507
 222 -0.554431558 -0.463314235 -0.169515938 -0.391699582
 223 7.00954795E-02 0.181028575 0.123903379 -0.950869203
 224 -0.429155946 -7.16020912E-02 0.934155583 -0.677720547
 225 0.386380017 1.40169561 1.23400593 -0.304432392
 226 -1.10997570 0.633770406 0.976986349 -1.47427547
 227 -6.66344613E-02 1.65694094 -1.72711658 0.376760483
 228 -0.784090459 -1.03193605 -0.167054161 -1.39867651
 229 -1.24778867 -0.386265129 1.24784553 -0.918647647
 230 -0.200124711 -0.185897589 -4.63551581E-02 -0.192788959
 231 -4.95280921E-02 -0.581547797 0.792561889 -0.848866999
 232 -0.514762819 0.140288159 4.22520936E-02 -2.87908465E-02
 233 -0.198886096 -1.03004646 -0.196779117 -0.612191737
 234 -1.13515282 -0.814265847 0.406204551 0.266348243
 235 -0.123637997 0.560568094 1.13713253 -1.46028721
 236 0.278389573 -1.34319830 -0.845133305 -0.371091634
 237 3.34799252E-02 1.01819849 1.17572188 -0.876197755
 238 -0.685675621 2.58448625 -0.120380789 0.664209306
 239 -0.299306303 -0.195083007 -0.363600522 -0.636000931
 240 -0.427979439 0.524715602 -0.146167591 0.409488529
 241 -1.34951043 0.955879986 -4.07040268E-02 -1.20099306
 242 0.464183718 -1.83509684 0.562731802 -0.526175976
 243 -0.558865964 0.591587245 0.469982982 -0.765546799
 244 1.09970570 1.90633941 -0.472308934 -0.237745255
 245 0.635958552 -0.518385887 0.146532729 7.38040432E-02
 246 0.849381506 1.71423006 1.26370978 0.316404015
 247 0.576247811 0.635948539 1.53137994 -0.796313822
 248 0.638307571 -8.77228379E-02 0.935197473 -0.517179728
 249 0.562951684 0.269577771 0.418233395 -0.317305148
 250 0.993182898 0.196833745 1.78179801 -0.349966496
 251 -0.549079716 -0.344047427 0.957666755 -0.802290440
 252 1.18738449 1.40293908 0.738307476 -1.11573172
 253 -0.363282442 1.67757976 1.28935003 -1.24678016
 254 -1.26013792 4.83886898E-03 -0.916474283 -0.206186429
 255 -5.64375594E-02 9.71225277E-02 0.741187215 -1.04687810
 256 -1.08758092 -0.775406420 0.530142665 -1.03708792
 257 2.11888142E-02 0.322047204 0.943479359 -0.620831370
 258 -0.425730437 1.74381042 -2.57347524E-02 -0.604621172
 259 0.596185625 1.22273898 1.02033687 9.94092226E-03
 260 -1.54302371 -0.845637560 2.02040529 -0.284922689
 261 0.121937364 -0.554930270 1.69241500 -0.138661072
 262 -0.537118733 -0.817671955 0.456827223 -0.944376469
 263 0.215735078 0.428898394 0.592341840 -4.21949849E-02
 264 -0.447338551 -0.615070283 2.31406212 0.303028136
 265 0.458964199 1.43959403 0.606814265 -0.188244760
 266 -0.304593503 -1.59375691 -0.117975108 -0.287375867
 267 0.239437103 1.38164020 6.69448599E-02 -0.646869421
 268 -0.309654593 0.472799510 -0.971480668 -0.887867332
 269 -0.286890328 -0.625169337 0.656099558 -0.493275374
 270 -1.37221813 0.616416872 0.403210849 -0.720168352
 271 -0.161898360 -0.465510905 0.152564943 -0.562326729
 272 0.839531779 2.11972046 1.07978809 -1.38633692
 273 -0.307647675 -0.727862418 0.635078907 -0.528176785
 274 -1.10313845 0.380062491 -0.253381252 -0.425051689
 275 1.15604687 -6.72512352E-02 -8.76054093E-02 0.334661812
 276 -0.311508536 0.914733768 0.729744613 -9.00870338E-02
 277 0.340392619 -0.381655216 -1.71022761 0.329347640
 278 -0.167484999 -0.897206903 -0.180385157 -0.847159326
 279 6.22479618E-02 0.673114419 1.10925364 -0.315463692
 280 -0.633439124 -0.288437784 -0.716667950 -0.167490602
 281 -1.18239450 0.153348744 -9.48172808E-03 0.375256062
 282 0.386774659 2.28517318 -1.31939304 0.676064968
 283 -0.529338300 0.404765695 0.865924060 -1.07727110
 284 -0.984579682 0.253659576 -0.810546875 -0.936696589
 285 -0.143215984 -1.26383471 -9.80218053E-02 0.234539986
 286 -0.117815793 1.40597451 -0.468801856 -0.245644808
 287 -1.13106275 0.935640097 -0.845841229 -2.74920464E-03
 288 -0.554566145 -1.09642851 4.87295017E-02 -1.31969059
 289 -1.09982347 -1.20332098 -1.16329956 -0.477516145
 290 0.392589450 0.774354517 -0.239151239 -0.152531803
 291 -0.875320375 2.29395330E-02 -0.386712909 0.457912326
 292 -1.47183537E-02 -1.74366689 -0.298265964 -1.68854761
 293 -0.198862821 -0.644021630 -0.286242068 0.292355806
 294 -1.83182406 0.406876028 0.232082888 -0.176727146
 295 -0.871251583 0.853575468 -0.163675904 -0.599190176
 296 0.312889874 0.813225091 1.05203056 -0.618051112
 297 -0.274790049 0.374532402 -0.302584231 -0.821456850
 298 -0.667483509 -0.668093801 1.35738206 0.100298703
 299 -1.31068337 -0.877299309 -0.319751114 -5.86007908E-02
 300 1.14880347 -9.54933316E-02 -0.272940159 -0.491627932
 301 0.376952887 1.16460216 -0.256925106 0.511381984
 302 0.686661839 1.08042312 0.492611438 -2.57157534E-02
 303 -0.662351787 0.178898096 1.35158908 -0.625302672
 304 -1.71597564 0.353303075 0.191101253 -0.490496784
 305 -6.34005666E-03 -0.125396460 -1.69115520 -0.781415939
 306 -0.276839167 1.40616596 -0.407516986 -0.586041510
 307 -0.903389871 0.287181020 1.23851764 0.513483942
 308 -0.191110626 0.131640404 0.271909893 0.848227382
 309 -1.02769184 0.740227520 -0.242579281 -0.142151937
 310 0.839168191 0.348362178 2.31162608E-02 -0.666138113
 311 8.09523165E-02 -1.89486742E-02 4.89462912E-03 -0.472199857
 312 0.735875726 6.62226677E-02 0.125877798 0.765919268
 313 -0.474367648 -0.760651469 0.641076148 -0.927550435
 314 0.762150764 -0.133348465 -0.358165920 -0.770956099
 315 -0.557242990 -0.456872225 -0.826684773 -0.585627437
 316 -0.940429747 -0.601406574 -1.05690491 -0.342636287
 317 1.09186852 4.37050946E-02 5.48147857E-02 -0.495869279
 318 0.834186316 0.894929886 0.885455549 0.154443979
 319 0.201994583 0.501781166 0.270547539 0.210140467
 320 -5.65654337E-02 0.722481966 1.37136102 -0.686708689
 321 0.235494658 0.560398102 -0.249954835 -0.589862406
 322 -0.772905290 1.46614182 -0.543056488 -0.122612014
 323 0.720858991 -0.257705629 0.347832739 -0.735185862
 324 -0.846339226 -3.90246809E-02 -1.26641393 -1.14356172
 325 0.486937255 2.97451615E-02 -0.870932221 4.42037284E-02
 326 -1.64907500E-02 0.269630283 0.541451216 -0.939084351
 327 0.615160227 0.132069856 -1.06500018 -0.196126878
 328 -0.200322628 0.541527271 0.456960678 -1.24699783
 329 9.04290155E-02 -0.533935845 1.42861307 -1.57227314
 330 -1.31308496 0.302365601 -0.930795670 -0.250511736
 331 1.23271227 1.86105788 -0.547335327 4.21908051E-02
 332 -0.259803116 1.88082552 0.272064567 0.420205027
 333 -0.880221367 -0.548589110 -0.369831979 -2.53051594E-02
 334 -0.263375163 -0.540584207 9.37328041E-02 -0.698652148
 335 -0.445299715 0.239462093 0.729391336 -0.492877245
 336 -0.215770543 0.168975398 -7.61421621E-02 -0.780688643
 337 1.91959366E-02 6.93073720E-02 -0.658948302 -0.701400280
 338 -0.492620945 0.664330423 9.53473970E-02 -1.00804353
 339 -1.27878094 1.84086215 5.10177463E-02 -0.573577881
 340 -0.290670246 1.58871222 1.47540724 -0.155566812
 341 -1.25256050 0.403876662 1.74627483 -9.73298401E-02
 342 0.293840200 0.161749527 1.05589557 -0.501706481
 343 0.739897668 -1.33753979 -1.10902333 -1.33931029
 344 -0.644697905 -0.211316377 -1.78392816 0.118882030
 345 0.290443063 1.21418333 1.74005222 -0.521848202
 346 -1.30985129 -0.684256434 1.96799135 -1.63362920E-03
 347 0.166245759 -0.257256866 -7.45255500E-02 -1.55088782
 348 -1.28402591 -0.273124814 -0.551520109 -0.672294319
 349 -0.268767267 1.27213252 1.54448628 -0.660937786
 350 -1.59002197 3.42209339E-02 1.67137897 -0.530641794
 351 -0.844512224 7.84573555E-02 0.385206580 -0.639805317
 352 -0.768107831 -0.482228458 0.255377978 0.105858237
 353 -1.59657025 -1.26673746 0.396839082 -0.530443549
 354 -6.13904297E-02 0.420062333 -1.28606081 -0.234246999
 355 -0.496435434 0.268538952 0.842498422 -0.856554568
 356 -0.964272022 -0.226305112 0.986438692 -0.497757792
 357 -0.952582300 -1.68617928 1.17375696 0.211027294
 358 -9.19558108E-03 0.709942818 1.34599364 6.51998818E-03
 359 0.143370241 -0.921736360 0.232018173 -0.845685482
 360 -0.352245361 1.03062642 -0.251069129 9.01647806E-02
 361 -1.08785820 -0.746523798 -0.548810244 -0.346297443
 362 -0.150026441 -9.20539349E-03 0.898168504 -0.661508560
 363 0.535036087 -0.417918503 -0.871902823 -8.43585059E-02
 364 -1.01787019 -0.227554217 0.481156111 -0.427181959
 365 -6.07819408E-02 0.866362691 -0.473040164 0.795980930
 366 -0.201004148 -1.36045647 1.37258744 -0.903664827
 367 -0.170851588 1.41992986 1.20804238 -0.195339203
 368 0.143450186 0.435655296 1.24962962 -1.94482654E-02
 369 -0.473867208 -1.15389502 -0.401450872 -0.579513788
 370 0.329664201 1.34268558 0.574521244 -1.15889263
 371 -0.294840842 1.26608837 0.515992641 0.339950174
 372 0.314396679 -3.85572724E-02 -0.516348064 0.221881226
 373 -0.234650433 0.108151615 0.140221998 0.547415674
 374 -0.438933641 -0.522437930 -0.597784817 0.385040075
 375 -0.731203854 0.889512300 0.393872172 -1.04262149
 376 -1.71865559 -3.65524292E-02 1.20476210 -0.102168724
 377 0.212732390 -1.24629319 0.306287348 0.273221046
 378 7.75471330E-03 0.970846415 0.988669932 -0.555400074
 379 -0.887743711 -1.10935807 0.659215391 0.850978136
 380 -0.122359470 -0.791371822 -0.113708884 0.142105699
 381 -0.467507511 -1.31342804 -0.220596194 -1.45400262
 382 -0.130595833 5.65631315E-02 0.580511272 -0.279308468
 383 -1.47327423 -1.79619014 1.21048594 -0.780406475
 384 2.81105340E-02 0.217763573 -5.86358160E-02 -0.714432597
 385 0.431335330 -0.398857772 -1.10970891 0.141649485
 386 -0.762309074 -0.205678284 1.02733219 -1.00428391
 387 4.44575548E-02 -0.589374959 0.651347041 0.638682187
 388 -1.15469384 0.408752888 0.222468853 -1.25884759
 389 0.427404344 -0.227788597 1.01365423 -0.275297970
 390 0.732870638 5.20870946E-02 -1.72770172E-02 0.670790255
 391 0.378248513 1.76903045 -0.666636705 0.159823239
 392 6.15752116E-03 0.259565651 0.927939713 0.131631970
 393 -0.474009275 0.692859948 0.570378959 -0.716635287
 394 -1.37266123 -0.536291957 -2.00909352 -0.235979021
 395 0.655009747 -0.723743141 0.561583698 -0.287973046
 396 -0.233514234 -0.235120952 0.842086673 0.203744203
 397 0.817204714 -0.716281056 -8.75988081E-02 0.706196785
 398 -0.773303688 -0.118819460 -0.329089582 0.101650529
 399 0.660158992 -2.44073653 1.12911677 0.597244978
 400 -0.292626947 1.70059443 0.311479211 -0.483092457
 401 -0.802500844 0.407197744 0.642413735 0.660469592
 402 -0.731865466 -0.356806517 -0.497669637 -0.571804523
 403 -0.387124896 -1.19226122 1.22281253 -0.692200541
 404 -0.393083274 -5.54917455E-02 1.12895751 0.407969415
 405 -0.661748827 -1.80530620 0.857781589 -1.35284269
 406 -0.386202395 1.15273499 -1.10846448 -7.32225925E-02
 407 -1.10846162 -0.115723640 -4.72600460E-02 0.414966792
 408 0.560820937 0.935925484 -0.249850810 0.487300903
 409 -0.690046370 -0.853355348 0.326647550 8.76508951E-02
 410 -0.163576752 0.425491959 1.45294714 0.839728475
 411 -0.429904103 0.728315949 1.11523998 -0.675500810
 412 -1.22615886 -0.434888631 -0.155909136 0.162972286
 413 -1.24400806 1.67569768 -0.530578852 -0.723592043
 414 -2.13665462 0.269696772 0.875190496 -0.347240388
 415 0.224998564 0.168894947 0.193247840 -0.567963123
 416 -0.702156961 9.37449634E-02 0.999392629 -1.55341816
 417 0.852610588 -1.30173099 0.233345553 -0.188391268
 418 -0.232362926 -0.841527343 0.125249267 -0.816925526
 419 -1.09389007 1.14300251 0.745555997 0.589067459
 420 -0.204259872 0.338547647 -0.454448044 0.112972513
 421 -0.928232133 0.111984909 0.593872249 -9.26434994E-03
 422 -0.977679491 -0.702442884 -0.350972474 -0.943106949
 423 0.170110017 -1.79367709 0.738693893 -1.12495983
 424 0.271266162 1.38405776 0.530224085 -0.200451523
 425 -0.691129863 1.44384766 1.83848727 -0.441850126
 426 -0.251087070 -0.869774699 0.813984752 -0.249014243
 427 -0.607529998 0.429661602 7.20662475E-02 -0.375377059
 428 -0.898695648 -0.608762801 7.40917772E-02 -1.30456674
 429 -0.255062073 0.757184446 0.534194887 0.106434159
 430 -0.795333087 -0.679027617 0.985318065 -8.33003223E-02
 431 -0.855580926 -2.04943824 6.36805370E-02 -0.916689396
 432 0.571146846 -0.285918415 0.841818035 -0.608113766
 433 -1.01435935 1.32422912 -2.69372463E-02 0.366382271
 434 0.654608369 1.09244490 0.662311316 -0.141198620
 435 -1.07162821 -0.924905658 0.117555097 -0.328989506
 436 0.336762488 -0.274102867 0.282908052 0.438761979
 437 -0.107307851 -1.00089741 -0.479704231 -0.488696128
 438 2.86856294E-02 0.644689202 2.01638961 -0.204321161
 439 -0.988996208 -0.361359030 -0.211115450 0.102607094
 440 -0.451034844 0.565855742 0.819547236 6.53872192E-02
 441 -1.16167116 -6.62758946E-02 -0.223253816 -0.819165885
 442 -0.833365142 0.918287635 7.98805505E-02 -0.174548268
 443 -0.408516914 -2.42408609 1.47234619 -0.693293810
 444 0.515447378 -1.25000095 -0.500510454 0.287162364
 445 -1.23465788 0.458158612 0.226760536 -8.89467299E-02
 446 0.367134601 -0.772367358 0.307188123 0.314437091
 447 -0.251983732 0.553527474 -6.55733943E-02 2.30777264E-03
 448 -1.60628426 2.02237749 0.973340690 -0.137430623
 449 -0.433905184 -0.665878057 1.00953376 -0.542209744
 450 -0.533256054 0.509573102 0.280783653 -0.905291200
 451 -0.385884464 0.976457357 0.948983610 -0.668470621
 452 1.58109069E-02 -5.42568341E-02 -7.37152696E-02 -0.518858969
 453 -0.315814972 0.356851161 -3.79263386E-02 -0.453050971
 454 0.420976073 2.30387521 0.571265280 1.28091276
 455 -0.666379273 1.65393662 0.703183949 -0.136295483
 456 -0.400046080 0.319726169 0.304656029 0.122620672
 457 -8.37568194E-02 -1.10909629 0.811938047 -0.986342788
 458 -0.830361187 1.34008503 0.172573447 0.108208492
 459 -1.03443706 1.06221461 0.721300602 -0.214498356
 460 -1.50946522 0.101465806 0.994734883 0.236018106
 461 -0.194149554 -1.08565664 -0.753350616 -0.251154661
 462 -0.289175630 -5.61581925E-02 1.44257367 -0.899940372
 463 0.219244361 -0.734844565 0.180719480 -0.374654740
 464 0.302882433 0.356930137 0.453445673 -0.951834321
 465 -0.458500594 -0.277991951 4.31226939E-02 1.45753473E-02
 466 -0.970993042 -0.754261732 -0.287673384 0.244758397
 467 7.90449791E-03 1.00764859 2.89544947E-02 -0.259115219
 468 0.288734108 0.260555804 -0.381435543 -0.337270826
 469 -1.01893198 1.22524250 0.891850233 0.554008961
 470 -0.948538899 -0.565499663 0.201960996 -2.02520639E-02
 471 -2.42241807E-02 -0.999447584 0.472257912 -0.546627402
 472 -0.672985196 0.434541106 1.22631240 0.883381784
 473 -0.141314641 1.41441977 1.09506071 7.69113004E-03
 474 -5.19977212E-02 -0.198526025 1.17751908 -0.857889235
 475 -0.434036076 -1.61417305 0.867451012 -1.18016243
 476 -0.176239550 0.727586687 0.421430051 -0.856697500
 477 -1.45574093 -0.471297085 0.378007203 0.210375711
 478 0.216968045 0.639489889 0.473010004 -0.125689670
 479 0.208196610 0.441418618 -0.109288290 -0.161480322
 480 -0.150242448 1.37021625 -0.244159997 -0.425666034
 481 -0.868974686 -0.262327045 9.32562351E-02 -1.56613934
 482 4.77673411E-02 1.30047131 -0.333557844 -0.418839008
 483 -0.760715663 -0.711661935 0.226134211 -4.98524606E-02
 484 -0.467850089 1.76806176 -0.424986988 0.137983397
 485 -0.367315948 0.811958611 -0.400294065 -0.577075839
 486 -0.194598198 -1.48485482 1.48779702 -0.205594555
 487 0.150993749 8.22112560E-02 -0.294540733 -0.674310625
 488 -0.458493263 -1.10834348 -0.480373591 -0.767444015
 489 1.21786356 -0.145134524 4.98315915E-02 -0.558581829
 490 -0.927925467 1.15988958 -6.40740991E-03 0.772242546
 491 0.151608929 -0.228825346 1.18292689 -0.661058486
 492 7.21600354E-02 -1.99975657 1.57778418 -0.890122414
 493 0.227839962 -6.02541715E-02 1.54151785 0.792196333
 494 -1.50018930E-03 0.729671061 0.380382389 -0.641491473
 495 -1.11474335 0.894039392 0.615950346 -1.42153764
 496 -0.326590538 0.978598535 -0.512808561 -0.838524044
 497 -0.596148431 0.930649221 -9.99385118E-03 -0.642312706
 498 -0.590342402 1.19220960 0.516000330 -1.20950699
 499 -0.879790902 0.804386735 -0.649296701 -0.501190245
 500 -0.424391747 1.36714864 -0.345488727 -0.464600682
 501 0.237720296 1.85194039 1.53194964E-02 -0.635701716
 502 1.08015370 2.96762633 -0.320644498 -0.806973457
 503 0.185655117 0.832794905 -0.786547601 1.64334178E-02
 504 -1.17151546 0.645984411 0.131886989 -0.306291401
 505 0.151823983 -1.23974347 6.50817156E-03 0.218933776
 506 -6.40815943E-02 1.47821236 0.613569498 0.890401423
 507 0.113122016 2.33415937 0.608845115 0.541967928
 508 0.199766219 -0.100486360 0.621587634 -0.671297908
 509 0.295523942 0.752651393 1.32398534 0.114353716
 510 0.467091769 0.106793731 8.42168182E-03 -3.80395055E-02
 511 -1.36186862 -0.316162586 -0.549600244 -0.666576207
 512 -0.543979943 0.317997128 0.196117371 -0.806803644
 513 -1.73382854 0.523155034 0.837985516 0.531965554
 514 -0.282260239 0.452333927 -0.453072011 -0.656693578
 515 0.794106603 -0.166139826 -1.03837478 0.551645815
 516 0.696793556 -1.13945782 0.940997601 6.83252364E-02
 517 -4.98135015E-02 0.292201877 0.666831613 0.592797399
 518 -0.314804792 -0.727259874 1.19486666 0.437638462
 519 9.76891071E-02 0.388769567 -0.266453862 -0.532210410
 520 -1.19059134 0.156298667 0.173426509 -0.478099167
 521 1.52005458 -0.675511122 -0.298772335 0.950548351
 522 -1.44762433 1.81988096 0.389582515 0.278339922
 523 9.34241191E-02 -0.452102095 -0.150890455 -0.647231638
 524 4.21144366E-02 0.503253162 0.330089450 -0.746487141
 525 1.72236383 0.836936891 -0.829643369 -0.107340924
 526 0.676310122 0.902339697 -0.871814609 0.212876126
 527 1.31493580 1.51994169 0.116565287 0.230818361
 528 0.444929659 0.406153530 0.385764688 -0.510091424
 529 -9.60169435E-02 0.899337232 0.678528547 -0.620861948
 530 -0.536270797 1.90237737 0.840238810 -9.30708498E-02
 531 -0.295828938 -0.594766736 -1.58546977E-02 -0.463743091
 532 -3.75434160E-02 -0.364789069 0.550058365 -1.29845643
 533 1.16922402 -0.449870467 -0.394818574 -0.904107213
 534 0.373906791 -0.590131342 -0.115764350 -0.679196298
 535 -0.909116507 -1.12432909 -1.05864322 1.08781683
 536 -0.464221179 1.09639001 0.395928502 0.699045002
 537 -0.937272608 -1.12462020 -0.454150528 1.01553845
 538 -0.790955782 -0.190940231 0.435762048 -0.424234301
 539 -0.809499383 0.585800707 0.717554986 -0.384329915
 540 0.584896803 -0.304119021 0.514759898 -1.38513720
 541 -0.425798088 1.36520100 0.274835527 0.397903681
 542 0.438012749 1.06856394 -0.119149223 -4.79627103E-02
 543 2.23119760 1.39953947 -0.401601702 -1.06025386
 544 -6.17821366E-02 1.01498079 0.698493123 0.295072913
 545 0.307131439 -1.15049362 1.59720337 -0.488459498
 546 -0.344042927 2.04695177 -0.561424255 -1.23155499
 547 0.513103664 0.214451343 0.593740761 -0.825880766
 548 0.796957254 0.906137586 1.34859097 0.327903450
 549 0.360641211 -0.512771547 0.526098967 -0.476444244
 550 -0.200972080 1.33953500 0.101950131 0.314052880
 551 -0.150869831 -1.18438613 -0.571785986 -0.876452386
 552 -0.603137195 0.450977266 -0.105947927 6.41673207E-02
 553 8.09134766E-02 2.57343125 -0.732375503 -0.529296100
 554 -0.695416033 -1.22690868 0.330046684 0.153087884
 555 -0.938244939 0.153557971 1.37071896 0.396230072
 556 -2.90933102E-02 0.769200027 1.39187169 0.541221738
 557 -1.03663731 0.243503749 8.59885216E-02 0.824447691
 558 -3.32263112E-03 2.05167818 0.622054100 -0.704923868
 559 -0.129152387 1.56023836 1.44448960 -0.688786566
 560 -0.578494549 0.570043087 -0.302866191 -0.662898183
 561 -1.27177262 2.99927294E-02 0.820135295 -0.186136305
 562 0.251158953 0.147106126 0.145202965 8.67334008E-02
 563 -0.668376327 0.189937219 0.362972975 -0.569105566
 564 -0.148490220 -0.503694177 5.09035140E-02 -0.760785222
 565 -0.663271844 0.424306989 0.529524863 -0.621437430
 566 -0.619371772 -0.617127299 -0.818419039 -0.352822036
 567 -0.667426109 3.00316119 -2.01567006 -0.629914522
 568 0.495127559 0.181490093 1.13713622 -0.840099037
 569 -0.571678936 -1.00149119 0.319585919 -0.507390738
 570 0.927983582 1.85458839 1.26050782 1.08792055
 571 -0.835659087 0.281491369 -0.177008122 0.561730504
 572 -1.04810321 0.149763525 -0.563108087 -0.890148699
 573 -2.14959383 -1.48187184 -1.12559283 -8.14379007E-02
 574 -0.816983819 -0.410253882 1.03487873 -0.945480764
 575 0.308686852 0.416504592 1.24967158 -0.695617378
 576 -0.164476097 -0.296751738 -7.43892938E-02 0.605605185
 577 -0.321752012 -0.577973068 -0.238326132 -0.707615793
 578 -0.517839789 2.21547890 -0.556339204 -0.266856462
 579 -1.07195878 0.318334579 0.567896485 0.610204518
 580 -0.861376941 0.517599821 -0.641304672 -0.708592594
 581 0.147638753 -0.886138916 3.43466699E-02 -1.40351737
 582 1.17118645 2.45369244 -9.57532078E-02 5.77186048E-02
 583 0.327985346 1.22534347 8.05719197E-02 -0.376409292
 584 3.44230309E-02 -2.16731596 0.511963427 -0.739005923
 585 0.321810693 -0.161928669 0.534583449 -0.169075713
 586 -0.390947580 -1.09082711 0.165282845 0.614653945
 587 -0.333589792 0.973238945 0.929372966 0.196594954
 588 0.137890175 -1.62436581 -0.259186327 0.251795173
 589 0.832822204 -0.111960806 -0.505047917 9.55189764E-03
 590 -0.472373724 -2.67588794E-02 1.55970526 7.92786181E-02
 591 0.199355438 0.723084867 -5.94735444E-02 -0.232773408
 592 -0.522809207 2.12376833 -0.550454497 -1.45488572
 593 -0.235385522 6.06958568E-03 -0.719737470 0.224689156
 594 -7.19860420E-02 1.27575052 -0.402503997 -0.391199052
 595 -4.30960283E-02 -1.26485181 -0.116532132 -9.27710533E-02
 596 -1.44961107 -1.22818410 0.507551014 -0.502976894
 597 -0.614134431 -1.54158032 -0.658019483 -0.457166731
 598 -3.25664952E-02 -0.393269539 0.306746006 -0.608234048
 599 0.785973668 -0.860734940 -1.26486135 0.268650711
 600 -0.501265824 1.30897367 -0.351527512 9.19482857E-02
 601 -0.117971599 0.254830778 0.739665747 0.437826753
 602 0.420279980 1.89234018 0.609642029 -1.26586580
 603 7.41725042E-03 -0.705807924 0.419163048 -1.22073555
 604 0.161706567 1.02528620 0.900632501 0.190626368
 605 0.580776215 -0.722925365 -2.08186936E-02 -1.25613287E-02
 606 -0.753728151 1.55962753 0.361671090 -0.748338819
 607 -1.23727393 0.486373574 2.47253895 -0.893048167
 608 6.87290877E-02 0.585679352 1.01653206 -1.62535715
 609 -0.258538097 6.87249228E-02 0.882437944 -0.614457786
 610 -0.325414002 -1.13450074 -0.328419328 -0.577872932
 611 -0.797648907 1.06652641 0.958388150 0.612155497
 612 -0.827485561 1.33387375 0.763044655 -1.44634449
 613 -0.811347246 -0.648639739 0.988801956 -1.49503076
 614 -1.40545714 0.751240611 -0.125365347 -1.22546816
 615 -1.03180516 -0.671036720 0.498720765 -0.370170355
 616 -1.96308792E-02 0.269472748 0.132962361 -0.854387164
 617 -0.342345446 -0.271553874 -6.69560134E-02 -0.287573755
 618 -0.605833292 -0.922617316 -1.06404591 -1.35361111
 619 9.94775593E-02 0.376850009 1.70433784 -1.02091742
 620 -0.797139406 0.324368894 0.274045289 0.157312453
 621 -0.352045685 -0.349425972 -1.16064835 0.193836004
 622 0.261892885 1.88719606 6.99813962E-02 0.656556427
 623 -0.432083070 -0.930473745 1.41975152 -0.119124196
 624 -0.652186930 -0.539346337 -3.25153694E-02 5.94857037E-02
 625 -1.45195806 2.60192823 0.241529405 -0.398387671
 626 0.207879499 0.373837948 0.610754967 -0.588302314
 627 0.262468874 -0.771899164 -0.302783400 0.978262544
 628 -0.568637490 -0.142701268 1.45522106 -1.61496019
 629 -0.821858287 -1.51188374 0.442077816 0.140382648
 630 -1.28897429 0.124094456 1.52622378 0.156387165
 631 0.162352100 -0.585864544 -9.48604196E-02 -1.17069840
 632 -0.128823102 -0.382506311 9.34996922E-03 -1.28172708
 633 0.650187492 0.221545517 -0.112552129 -0.691374898
 634 -0.553541601 0.452690333 0.910556674 -0.684761524
 635 -0.804393768 -8.53262097E-02 0.977320075 -6.13671839E-02
 636 -0.612624824 -2.18198919 -0.671267927 0.157411948
 637 -4.98056412E-02 0.581891894 0.508971572 -0.977313578
 638 -0.318768680 0.878576756 0.709356368 -0.549976289
 639 -0.185534880 0.460575521 0.292965174 -1.30379653
 640 -0.867662668 -0.947834134 -0.413217157 -0.801529467
 641 -0.642672777 0.279875189 -0.517738044 0.629403412
 642 -0.994457126 -0.393869698 1.22964692 0.520591855
 643 -0.329070508 -1.10679865 -0.376904517 -0.889632106
 644 0.107153296 8.43645930E-02 -0.299365669 -0.118142419
 645 1.22096682 -7.52181113E-02 1.05048537 0.322028279
 646 0.630933702 -0.408743531 0.581886172 -0.787227333
 647 2.38717645E-02 0.200672314 -1.34016776 -0.691428781
 648 -0.904500604 2.02555442 -0.381109536 -0.625964105
 649 -6.91040829E-02 -0.989801168 1.84063518 0.496179223
 650 -1.04606009 0.287289321 1.17642093 -1.60758424
 651 -1.00360191 -0.267712682 1.39869094 -1.18737912
 652 -0.709615350 -0.150137693 1.14678299 5.68449944E-02
 653 -0.912670553 1.20413935 0.337348819 0.112330347
 654 0.722784936 0.195465818 0.353151619 -0.497928143
 655 0.325695246 7.57151023E-02 0.372409433 -1.06587648
 656 -2.18129121E-02 -0.269807100 0.120578408 0.328092754
 657 -0.514132619 -1.88169956 -0.341834515 -1.07711220
 658 -0.107349440 -1.56941950 0.414147496 -0.384539008
 659 -0.600934982 -0.273669302 1.26880109 -0.179576412
 660 0.704977036 0.324672163 0.167538717 -0.566799402
 661 -1.29364169 1.45939195 -0.649306297 -0.657737255
 662 1.90628970 -0.598505259 1.24115372 0.485383868
 663 0.199524984 0.213068902 -0.368331075 0.198150396
 664 -1.11797023 -0.927180290 -1.05665278 -1.17047381
 665 -0.959814906 -3.06049883E-02 -7.43239969E-02 -0.455802679
 666 -0.752989769 -1.58030353E-02 0.225968540 0.226563036
 667 -0.286714822 1.32764125 0.175828367 -0.401089072
 668 0.339584887 -1.23689151 -8.77552480E-02 0.148170128
 669 7.52713904E-02 -1.03346705 0.677886188 -0.568605900
 670 0.219689980 -0.429749429 -0.749241889 -0.652708828
 671 -1.18780577 1.40754807 1.74453676 -1.41871941
 672 -0.498579085 0.114054106 0.915498555 0.116237894
 673 -0.619296193 -0.663016200 -6.80597052E-02 -0.240976393
 674 -0.638772726 -0.309068233 -0.197571963 -0.344864249
 675 0.266552329 2.84218490E-02 -0.539540589 -0.950999796
 676 -0.301135063 -1.19438016 0.363327205 -0.518921912
 677 -0.782818913 0.299436748 0.803366542 -0.499388546
 678 0.217588872 -0.577840865 -6.90471232E-02 0.146802992
 679 -0.117275536 -2.26717305 -7.40421414E-02 1.55952424E-02
 680 0.264765024 1.29241407 -0.703671813 -4.31349128E-02
 681 5.52217569E-03 0.203843296 1.23278487 -0.877342641
 682 -1.21423566 1.17159200 -0.540807128 -6.39025271E-02
 683 -0.681855679 -0.904210150 0.628539205 0.658954620
 684 -1.41294289 -0.707848907 0.491371781 -0.532150269
 685 0.202512830 0.948263168 -0.834414363 -0.564267457
 686 0.398641288 -1.08471620 -0.629919291 -6.30853549E-02
 687 -0.827589512 4.65390868E-02 -0.532779872 -0.136600852
 688 2.49196663E-02 0.233433813 0.395748764 -1.23553336
 689 -0.298846602 -1.22430348 -6.76075667E-02 -0.846911669
 690 -0.962742627 -0.227558210 0.340275109 -0.755494833
 691 0.500912666 5.28599620E-02 0.654177248 -0.123691380
 692 -0.374677151 2.07741141 -0.293924570 -0.344375670
 693 -1.42404914 0.351036161 -0.107209668 -0.492169410
 694 -0.935235500 1.08789420 0.776033223 0.759286940
 695 0.385065556 -1.93448973 -0.652639568 -0.499177635
 696 -0.135273784 1.25565910 -1.26785409 -1.24028158
 697 -0.496994555 -1.31119061 1.18115437 -0.330114424
 698 0.585351467 0.164868981 1.24112022 -0.246746689
 699 -1.87629151 0.375408500 1.09779358 -1.27011764
 700 -0.531097412 -1.48148239 1.67409587 -0.571398199
 701 -0.313091457 0.871542990 -3.07770222E-02 2.72221118E-02
 702 -0.216918692 -0.102324903 0.732079923 -1.31020343
 703 -0.913778663 1.23571956 1.29686296 0.614680409
 704 1.53846931 0.195559815 -0.562348008 -0.503295720
 705 1.88220292E-02 1.77382302 -0.426622242 -0.259205699
 706 8.31549913E-02 0.833026230 1.22552645 -0.380378187
 707 0.209434211 5.95865548E-02 0.895609200 -1.00644541
 708 -0.117867947 0.965914249 -0.605071545 -0.731306314
 709 -1.81402516 0.324014664 -0.303072035 -0.675539494
 710 -0.225879252 -1.07036626 1.60036635 -0.680997372
 711 -8.36925730E-02 -0.315440774 1.18368387 0.316863537
 712 6.70957118E-02 0.438331753 0.209850609 -0.544743240
 713 -0.620537460 1.53404093 1.08716607 0.425084472
 714 -0.287656695 0.546931386 0.181972623 -0.898089886
 715 -0.138153970 -0.715514779 0.479131252 -1.44030166
 716 -0.277668893 3.21022272E-02 -2.06093526 -1.32726872
 717 0.792249799 -0.685553670 -1.24371195 -1.13350534
 718 -1.24665403 -0.802397549 -1.13167787 0.449782968
 719 -2.42337251 -0.910434663 0.281065255 0.315802813
 720 -1.16651213 -0.368381023 -0.550133586 -0.686636925
 721 -1.04429436 -0.588045597 -0.259337366 -1.27321434
 722 -1.30478942 -0.403548330 1.15379453 -0.168515652
 723 -0.846496522 0.681538224 0.221925959 -0.828127265
 724 0.231312424 -0.538787365 0.600598395 0.326143473
 725 -1.58353281 5.36799580E-02 0.526247203 -0.219117343
 726 -0.165255323 -0.794839859 0.887865305 -1.25036728
 727 0.360612839 1.14536405 1.42497301 0.636379004
 728 0.162217706 0.469769567 0.807436407 0.623789191
 729 -0.670206130 0.640128255 -1.18470347 0.203363419
 730 2.60463730E-03 -0.600537300 -0.942471385 0.442781240
 731 -0.220891088 -0.615779817 -0.248351276 0.807962716
 732 -1.25312328 -0.101363495 -0.286032438 -0.147704199
 733 -1.78487527 0.477623463 -2.34463024 0.179016650
 734 -0.108499207 0.412509918 -8.39098096E-02 -0.106335945
 735 0.854525387 0.397748202 0.985921621 -0.911962867
 736 -1.26050067 1.25009847 -0.392536759 -0.230827287
 737 0.410091311 0.845490515 -0.170963421 -0.680263281
 738 -0.705766082 0.232544720 1.08098030 -0.489177972
 739 0.303605378 0.168859661 0.450824082 -0.307013392
 740 -0.354898959 0.316374153 1.44019175 -0.565803707
 741 -2.16661859 -0.861746073 -0.540907085 0.124150947
 742 -0.152922928 -0.560757339 -0.440721899 0.362598896
 743 -0.347551882 0.632372797 0.684057117 -1.32876623
 744 0.330780894 0.379873157 -0.793002188 -3.41477469E-02
 745 -0.193234116 -0.276321948 0.720258832 -0.107042111
 746 0.679575384 1.67327273 -0.241463065 -0.234288275
 747 -0.423700303 -0.108273610 8.47111344E-02 -1.13914943
 748 -9.58862603E-02 1.20848215 -0.332462549 -1.45571828
 749 -0.900587022 -1.18967199 -0.250345141 0.784133375
 750 -2.77587622E-02 1.67252493 1.26840103 -1.13432860
 751 -0.308176339 -9.19088945E-02 0.267073661 -0.566237330
 752 0.250422329 1.50508571 1.24903107 0.770537794
 753 0.249997631 1.47774470 -0.832476795 -0.218600839
 754 0.303980589 1.79295528 0.326678157 -0.308694124
 755 -0.828106225 -1.21022189 0.934841454 -0.749685347
 756 -1.49751508 -0.607036769 -7.77679980E-02 0.696762800
 757 -0.807761610 0.815620065 1.16698258E-02 0.313718975
 758 -0.576117158 0.321176797 0.441643029 -1.04316580
 759 1.09017289 -2.00701475 6.15506619E-02 -1.38179088
 760 -1.55337381 1.21243858 0.929265976 0.576881051
 761 -0.537547350 1.57374191 -0.579582930 -1.60947585
 762 -1.82441622E-02 0.975365400 0.368171573 -0.480501980
 763 -0.327804476 0.264954329 0.561630726 -0.802412868
 764 -0.611782312 -1.02805114 0.998733401 -0.477105170
 765 -0.338631749 -1.14393568 0.992743433 -0.504442751
 766 0.332006574 -1.67241979 0.300461531 -0.899198234
 767 -5.17675281E-02 0.459244579 1.70709574 7.53372908E-03
 768 -0.700569212 1.83367670 1.11711001 0.151236445
 769 -1.01746666 -0.424397200 0.591792822 3.42885703E-02
 770 -0.797764003 2.80051732 -0.872480989 -1.43620729
 771 0.393870056 -0.166266859 0.449616343 -1.05597067
 772 0.146942869 0.906138062 0.179528654 0.641148150
 773 -0.167022765 0.483047187 0.383610696 -0.436659753
 774 -0.653691351 -0.432232708 5.58264591E-02 -1.44907165
 775 0.103561237 0.339132011 -0.713610113 -0.468671262
 776 0.191006929 0.440650046 -0.665110111 -0.165603429
 777 1.01445997 -5.78469038E-02 1.19655585 -0.885780692
 778 -0.908153951 2.77385616 0.349265516 -2.49577314E-02
 779 -0.705577433 1.31548619 1.42587912 -0.729248285
 780 0.583707154 9.51220319E-02 -0.974080086 0.180360883
 781 -7.93977827E-02 -0.396009475 -0.778804898 0.584775746
 782 -0.591153264 0.991409659 -4.41136584E-02 -1.40027130
 783 -1.08095968 1.24097586 -1.04209960 -1.16918933
 784 -0.286468238 -0.502381682 0.967600584 -0.622325659
 785 -0.490280092 1.08410454 0.978191555 -5.07260039E-02
 786 0.700365424 0.892083466 -0.178787991 -0.859604895
 787 1.10870767 -1.42274630 0.795696974 -7.95790851E-02
 788 0.402939409 -0.410350084 1.38090178E-02 -0.651802123
 789 0.104266785 1.20595932 0.262737364 -1.09456062
 790 -0.194409817 0.446424484 -0.312564671 -1.43578219
 791 -0.579836249 0.452185392 0.277200937 -1.09576082
 792 -0.187711075 0.278404146 0.175422609 -1.48275590
 793 -0.791091442 0.668256640 0.912080705 7.76172280E-02
 794 6.73332065E-02 0.177206993 0.196021631 -0.652027369
 795 0.991686761 0.629778564 0.171307981 0.387231559
 796 3.32121812E-02 1.21168435 0.453211486 -0.300519764
 797 -0.763627172 -0.280720353 0.526007950 -0.376215726
 798 -0.126496941 0.678692698 0.220567316 -9.19655114E-02
 799 -0.594288647 -0.650466919 0.838298798 -0.507760882
 800 -0.187302738 -5.03221154E-03 0.105073288 -1.54306471
 801 -8.42095912E-02 -0.666233063 -0.700348139 -1.09951091
 802 -0.966514647 1.69017923 0.704014301 -0.186860830
 803 -0.271098852 8.23105201E-02 0.994274616 -0.547353089
 804 -0.368694097 -0.670736194 1.32509673 0.848265827
 805 -1.05442560 0.492071331 0.764404178 -0.201364413
 806 -0.846542120 6.49747998E-02 -0.627996922 -0.174470514
 807 -0.783269286 -1.00321519 0.119813591 0.473073870
 808 0.278865397 1.37646222 0.938433707 -0.279541403
 809 -0.776003480 -0.672753572 -0.450209528 0.664365411
 810 -0.240480036 0.108338177 -8.70377570E-02 -0.985972703
 811 -0.557629466 0.893077374 -0.943460941 -0.359950215
 812 -0.300423563 1.70831561 -1.34556222 -0.507006288
 813 -1.41155410 -0.439596117 -1.03073609 -0.459185839
 814 -1.11923110 -0.909813464 0.522710025 -1.10821569
 815 1.09941292 0.683917642 0.695879996 -0.142726466
 816 -0.587062538 2.28836727 -1.14222252 -0.979325056
 817 -0.341721207 -1.33029985 -0.589986563 -0.217823714
 818 0.501637995 0.543144166 -0.208742350 -1.34555769
 819 0.167537943 -0.664465189 0.435499042 -0.587299228
 820 -0.935701847 -0.903997660 -0.205613047 -0.803243637
 821 -0.521002412 -0.150750905 0.169652864 -1.46473551
 822 0.785066128 -0.828557849 0.233777955 -0.864900708
 823 -0.743070781 -0.523426056 0.819935918 -0.469597131
 824 0.449160188 0.295667708 -1.86512649 -0.521035731
 825 -0.154406846 0.359333873 0.569304705 0.506847262
 826 -0.222752482 1.15511441 -3.47695164E-02 -0.510841429
 827 0.383169770 0.686851978 -0.285339564 -0.732802868
 828 -1.26508904 -0.994974256 0.370731235 -1.43184137
 829 -0.449362367 -0.826297700 -0.208013684 -1.42544436
 830 0.193830818 1.94747674 -0.995720208 -0.138660431
 831 -1.15382826 -2.17362189 -0.677715957 -1.49135339
 832 0.791080892 0.989536107 0.632069886 -0.102395602
 833 -0.412698448 -0.161219150 -4.44768965E-02 -0.555077612
 834 -5.17607927E-02 0.264517844 -0.783082485 -1.42578232
 835 -0.150779232 1.17140245 -0.510741055 -1.32790112
 836 -0.426263392 1.20978570 1.87029541E-02 0.136826068
 837 -0.486552060 -1.16071463 -0.224116415 -9.79688317E-02
 838 -0.424183995 1.25506687 -0.341015756 -0.120904364
 839 -0.891496062 0.337989688 0.306080878 -1.44267988
 840 2.17652693E-02 0.902607739 0.689880669 -1.29497015
 841 -9.66864526E-02 0.163443208 -0.655986190 -0.603123069
 842 0.270680875 0.115189746 -0.441188514 -0.780977249
 843 0.829001546 -1.01327920 0.908276260 -0.643135309
 844 -0.365995646 -0.665874600 -5.28033525E-02 -0.656307697
 845 9.58251581E-02 -1.52610612 -0.425617188 0.150710762
 846 -0.801882267 1.78337383 0.272647679 -2.97742486E-02
 847 -1.51004136 -0.714161634 -0.146348327 0.173861325
 848 0.585405827 0.372301877 0.318324834 0.314293265
 849 0.207758486 2.57984114 1.05708432 -1.47543228
 850 -0.282285333 0.670061886 1.42987609 -0.505451202
 851 -0.142971307 -0.255629778 0.670025766 -1.29512537
 852 -0.774324894 3.68737280E-02 0.806516945 -1.35203528
 853 -0.640618801 -3.88840064E-02 0.849682152 0.359068215
 854 0.138082549 -0.105264932 -0.293078572 -1.30577135
 855 -2.37550688 0.693972230 0.941204369 1.30144334
 856 0.678664625 0.238175899 1.44829965 -1.22010565
 857 1.44026601 1.58438003 0.859710217 0.337535977
 858 -0.197966248 4.69939262E-02 0.905603528 -0.981646776
 859 -0.463120639 1.82140863 0.528018177 -0.409131557
 860 -0.390203297 -0.502787709 0.678581059 -0.976849973
 861 -1.19775105 -1.38593984 2.87596881E-02 -0.775690079
 862 -0.644934833 -4.29922342E-03 -0.373111248 -1.09262514
 863 -0.279403210 2.66866833E-02 0.107059747 -0.694580972
 864 4.99562509E-02 -0.240864322 3.50791588E-02 -0.267666727
 865 -0.743903577 1.45219374 -0.135231420 -0.300189555
 866 0.382285625 0.197601169 -0.877396405 -0.709098041
 867 -0.529398441 -1.39355361 -0.423477471 -5.06107956E-02
 868 0.808005214 0.489375502 1.64796364 -0.979723930
 869 -0.268489391 0.642081738 0.276456237 -0.510151267
 870 -0.834186971 0.400506735 -0.442411095 -0.137446806
 871 -1.02573764 0.364391923 0.376210243 -1.03132689
 872 -1.15095091 -0.789303124 -0.159657270 -1.03464377
 873 -0.230300277 1.80666733 0.559911668 -0.617367744
 874 -1.99467051 0.778153539 0.880422175 -6.56737834E-02
 875 0.520269692 -1.96194041 -0.125292182 -0.608171046
 876 -1.06850088 2.26680517 0.331941843 3.53185385E-02
 877 -0.585871875 -0.285794377 0.819083214 0.155152798
 878 -0.906946182 0.674681962 -0.428193718 -0.366176188
 879 -0.933511317 1.79477191 1.79963362 -1.33759165
 880 -0.718437433 0.976873577 -0.356287241 -0.684777319
 881 -0.386329770 -0.302828431 -0.597104371 -3.22473049E-03
 882 0.185938120 -0.639504194 1.94957185 -1.32029653
 883 -0.522022963 -0.203912616 1.35339832 -0.153686434
 884 -0.102825381 -0.241941065 -1.00172019 -0.447779596
 885 1.03676200 1.46255398 0.694665730 -0.645679057
 886 -0.320790946 1.22385812 3.16167995E-02 -1.51741230
 887 0.215495840 -0.371014357 0.805987954 -1.03006899
 888 0.602884710 -4.15852964E-02 -1.59603655 -0.303467005
 889 -0.908051491 1.06508398 2.28709960 -0.151702344
 890 -0.118749887 -0.734972477 1.49537265 -0.568838716
 891 0.168679506 -0.205073759 3.81526016E-02 -0.997742474
 892 -0.630848289 0.233449787 0.173285842 -0.648185968
 893 -0.163475990 -0.918291092 -0.585008323 -0.745727420
 894 -0.617818296 1.36570537 0.339753211 -0.746883392
 895 -1.00063050 -0.447866082 1.98253322 2.65882313E-02
 896 0.107858136 0.794901669 0.310997456 -0.526371360
 897 -0.591850281 0.420976669 -0.585975826 -0.677216709
 898 -0.989539266 1.00317883 0.510205925 0.941051006
 899 1.26539314 -0.248956084 0.205562770 -0.277416348
 900 -9.88595188E-04 0.391178071 0.690482795 0.294485569
 901 0.447343796 0.650660276 1.23502219 -0.796628892
 902 -0.860880554 0.534921885 -0.363646597 0.214896321
 903 -0.920853138 -0.786686122 0.548868775 0.745786965
 904 -0.245254949 0.154634774 0.120580927 -7.78504163E-02
 905 -0.354778707 1.02402234 -0.172433585 -1.47988832
 906 -1.26401305 -0.483500540 0.515288115 -0.725849926
 907 -1.40752351 -0.336290717 0.368222117 -1.51097095
 908 1.11632502 1.21919084 0.814235449 -0.998903811
 909 -0.927193224 0.683943868 1.11779813E-02 7.42993057E-02
 910 0.821695149 2.06561136 -0.437095463 0.167854041
 911 0.596511126 -1.34304345 -0.405688107 -6.05759770E-02
 912 0.828409016 0.342181385 -2.34206989E-02 -0.672193110
 913 -0.373930007 0.450020164 0.600865185 -0.762193680
 914 -1.39160132 0.151667699 1.27112940E-02 -4.40256670E-02
 915 -0.557878494 0.943529725 -1.20892286 -0.549940169
 916 -0.940504968 2.28301740 -0.283750862 -0.620114625
 917 0.449921995 -0.486494303 -0.480046004 -1.12824488
 918 -0.573548496 0.121139988 -0.117631510 -1.38224387
 919 -0.327401102 0.644134343 5.10461926E-02 0.613619089
 920 -1.13578272 -1.81421518 0.600903869 -0.692522466
 921 1.02151072 2.36384678 0.249855623 -0.986009657
 922 -0.112007171 -1.31349695 0.695810676 -0.804715157
 923 0.158425599 0.227308586 2.32519817 0.233472660
 924 0.353930116 -0.112582862 1.45540464 -0.732891023
 925 0.119064018 0.958351195 7.96358362E-02 0.707053304
 926 -0.259554505 -0.723221064 -0.423559844 -0.626212597
 927 -0.342709154 -5.04370034E-02 0.416229218 -0.207568735
 928 -3.95711102E-02 -1.60715950 1.58102643 -0.278834254
 929 -9.12949145E-02 -0.136552379 0.104349986 -0.520126760
 930 1.17413795 0.638788819 -0.317569852 5.78418821E-02
 931 0.652322292 0.196337640 0.667724609 -0.825199366
 932 -0.678443849 6.02395087E-03 -0.150786310 -0.769118786
 933 0.641450107 -0.768382311 0.642180562 -1.55892503
 934 1.31236660 -0.156482741 -0.187797487 0.417884529
 935 -4.53661680E-02 1.29984987 0.708493710 -1.04245293
 936 -0.275177479 3.87961268E-02 1.31513953 -0.798771739
 937 0.223279029 0.112596706 -0.756298900 -0.109338753
 938 0.205702409 8.56995210E-02 -0.896486342 0.725499749
 939 0.831752598 0.885116935 0.473095298 -1.41660750
 940 -1.01401091 -0.335833639 0.227152482 -0.848643303
 941 0.226668835 -0.860935152 0.113434277 -0.622114599
 942 -0.634075105 -0.768594265 0.247234076 -1.42892158
 943 1.42818725 1.36868501 -0.343359083 -0.301807463
 944 -0.846679091 0.630384684 0.796764433 -0.588380396
 945 0.274280816 1.25812399 0.786966562 0.558274150
 946 -0.859517932 0.938592553 1.14593422 3.52113098E-02
 947 0.462086380 -1.83300698 0.636877298 -2.02827528E-02
 948 -1.51695919 2.16161966 1.45706367 -0.631217718
 949 0.619994402 -1.42986894 -8.36295560E-02 -0.205942154
 950 1.12557292 -0.170366198 0.631609201 -0.237820834
 951 0.164991125 -1.14549851 0.692695796 0.363173664
 952 -1.96562707E-03 1.79699779 1.88421547 -1.38512874
 953 0.304358125 0.975840449 1.02797985 -7.92596191E-02
 954 1.24028802 -2.95260763 0.758728266 -1.32081401
 955 -1.12815523 -1.58234966 -7.62817562E-02 0.424600035
 956 -3.85515392E-02 -0.935044348 -0.755820394 -0.398137897
 957 0.447932303 1.53699958 -0.233230710 0.373207241
 958 7.43717402E-02 0.477534115 1.01572216 -6.12735227E-02
 959 0.838844180 1.38245177 1.12802744 0.480222642
 960 0.739043593 0.576414108 -0.368333578 -0.927973986
 961 5.16611934E-02 0.173437372 -0.811750233 -0.749880731
 962 -0.140890762 0.833480835 0.585327268 -1.45507371
 963 0.427958310 0.580190301 0.416689485 -0.559839487
 964 -0.484022796 8.67503285E-02 -0.573735952 0.280841231
 965 0.452176094 1.51410317 0.872492075 0.352046758
 966 -0.608340859 -0.495219231 -0.134774670 0.649596870
 967 -7.30240438E-03 1.43282986 -0.645342767 -0.158841312
 968 -0.250139713 -0.142289430 -9.84109640E-02 -1.38659096
 969 -1.36457801 0.772288859 -0.796539187 -0.859342277
 970 0.647778451 -0.475416154 0.365280658 -0.921789408
 971 -0.525963604 -0.263495594 1.36372638 -0.820957959
 972 -0.240108088 1.18594360 0.738710880 -1.23284745
 973 0.780373693 0.841043353 -5.30103445E-02 0.610472143
 974 -1.22270465 0.333671689 -0.407565951 0.225997925
 975 -0.895179093 0.539371431 -0.258624226 -1.28154325
 976 -0.843484759 -0.750304222 -0.143706903 0.190603733
 977 -0.305351943 0.381002963 0.147859454 0.680074573
 978 0.186470449 1.50700712 0.871774197 -1.43294346
 979 -1.06207216 1.04369175 0.861052036 0.294519752
 980 -2.63498878 -0.230322301 0.884243548 0.482818097
 981 -1.03859377 0.238771141 0.995150924 0.617278695
 982 3.91473547E-02 -1.87212217 0.867444038 -0.258258700
 983 -6.84173107E-02 -0.208370447 0.107965112 -2.21180990E-02
 984 -0.176030487 0.476044714 -0.452823102 -0.737485945
 985 4.10702676E-02 0.984903038 0.612790823 -0.611804187
 986 -1.07079303 -1.70952260 -1.91770852 -0.660804868
 987 -0.826800764 -0.641156912 8.64008814E-02 -0.302602679
 988 -0.700285077 1.69416201 -0.133047402 0.185959041
 989 0.184212804 0.103635073 1.22991002 -0.214049250
 990 -0.682483792 1.35546768 0.238168061 -0.243617386
 991 -1.29051781 1.26934624 1.08384645 -0.229881808
 992 -0.717571139 -0.957356691 1.71329528E-02 -0.996021807
 993 -0.729740083 0.883696020 -0.233323067 0.300949752
 994 -0.575789273 -0.438336492 1.78766823 0.670631051
 995 -2.00742674 -1.21737793E-02 -0.594778359 -0.652883649
 996 -0.996858239 -1.09243822 -0.254832327 -0.143442690
 997 1.72086692 0.794079721 -0.144911811 0.655027688
 998 -1.15550911 0.574425757 1.93702507 0.154541999
 999 -0.663679540 1.44414830 -6.47959188E-02 -1.29221976
 1000 0.128118470 -0.866381288 -0.553223968 -0.931500256
 1001 0.280925870 0.541557491 -0.657825112 -1.46690512
 1002 5.34742177E-02 1.04913950 -0.436123669 0.242141604
 1003 0.466005445 -0.250038564 2.13427997 -0.222012579
 1004 -0.466291517 -0.337244242 2.65479684E-02 -1.01986861
 1005 -0.278901190 0.407253206 0.685073197 -1.38740730
 1006 -0.897065580 1.24509907 0.214045450 -0.217105418
 1007 0.607393622 0.528350472 1.19629431 -0.466896236
 1008 1.38988948 0.148330659 -4.70132157E-02 0.555386603
 1009 -0.241580546 0.119589388 4.94588651E-02 -0.260979831
 1010 0.185932770 1.45799565 0.824415207 -0.727861822
 1011 0.300449610 -0.646162450 -5.73466159E-02 0.643428743
 1012 -0.630581856 -0.337280750 -0.880943596 -0.363074183
 1013 -0.726967990 -0.246900856 0.163551882 -0.898295045
 1014 -0.343643069 1.10438657 0.272829890 -0.250058174
 1015 -1.33977699 -6.03999645E-02 0.637601852 -0.629717767
 1016 -0.874082506 -0.536694586 -0.405590832 0.190642208
 1017 -0.733503103 0.961473227 0.786030948 -1.49469519
 1018 -1.10486913 0.122458257 0.522769153 -3.13038677E-02
 1019 -0.322461516 0.265473962 0.113088794 -1.23738039
 1020 -0.290903389 0.852786064 -0.683014691 -1.57622921
 1021 -0.332619309 1.01833630 0.448485017 -0.958039999
 1022 -0.681423843 -0.967465639 -1.06214035 -2.49368772E-02
 1023 -1.94478035 1.80888867 -1.18948960 -0.799284816
 1024 0.374213576 0.578351259 0.663281500 -1.60815740
 1025 9.38780308E-02 -0.256983817 0.852488935 -0.359496355
 1026 1.02319920 0.473225892 -6.14230782E-02 0.421297133
 1027 7.80376717E-02 -0.733907580 -0.643118620 -0.899218380
 1028 -0.170846611 -0.362802744 0.209194198 -0.462313414
 1029 -0.334171742 1.05228353 -0.396318823 -1.21979284
 1030 -0.575742722 -1.99114013 0.369901329 0.708844662
 1031 -1.12800860 -0.952290416 0.104655571 -1.33165455
 1032 -0.899687946 -0.699690819 0.603018224 -0.553230941
 1033 -0.405440986 0.153768227 0.744555175 -0.658329487
 1034 0.424205989 -1.35844576 -3.08719325 1.68214524
 1035 0.395808727 -0.425725639 -1.70402229 0.851863086
 1036 0.463535398 -1.53535056 -2.20759201 1.71209252
 1037 -1.10842907 -0.418936521 -2.63250923 0.966321766
 1038 -0.298564523 -2.72412372 -2.65845084 0.817575574
 1039 -0.544587493 -3.08573544E-02 -1.84534919 0.147441864
 1040 -5.46858534E-02 -2.27649021 -2.19136953 0.271486044
 1041 -1.09077036 -1.71424472 -2.01242971 1.14135695
 1042 -0.613826096 -0.275763869 -2.46762753 1.09343028
 1043 -0.128899291 -0.997864068 -1.54283857 2.34821105
 1044 -0.628800273 -2.93018532 -1.61273229 0.612730742
 1045 -5.97636402E-02 -0.509225547 -2.66984773 0.437896252
 1046 4.13691439E-02 -0.932920456 -1.86126184 0.448910832
 1047 -0.713343859 -0.714897275 -2.47156429 -0.327834904
 1048 -0.208407372 -0.358402699 -2.13000917 0.211644292
 1049 -9.90623832E-02 -2.38727117 -1.86618352 1.40535712
 1050 -0.146334216 -1.88372135 -1.66413176 2.24595737
 1051 -1.42992884E-02 -1.04505277 -2.76865602 1.65400708
 1052 -1.06003833 -0.911843359 -2.24180532 0.869337320
 1053 8.44170675E-02 -1.75812733 -2.98014998 1.69920778
 1054 0.139728606 -1.73033893 -1.44148374 0.778449595
 1055 0.709070206 -0.153359622 -2.16477799 1.70548749
 1056 0.343807280 -0.542262793 -2.75195575 1.66557884
 1057 -0.201652378 -0.831021309 -1.78151822 1.79191935
 1058 -0.378540277 -0.823762119 -1.87887383 1.23255765
 1059 0.528120577 -0.535101652 -0.530444086 2.45727181
 1060 0.731473505 -0.685326695 -2.01072955 2.21785474
 1061 0.585313439 -0.685386717 -0.993946195 2.03311205
 1062 -1.45841742 0.381427228 -2.40274620 1.31110799
 1063 -0.358574450 1.78587568 -1.65893579 0.198545605
 1064 0.424683630 -0.813189864 -2.68015718 0.975692034
 1065 -0.806886315 -1.10283530 -0.643312871 -0.361653626
 1066 -0.501742959 -1.62608361 -2.29224610 1.56956971
 1067 0.119613335 0.910944581 -1.32467890 1.04923093
 1068 -8.31799954E-02 -0.693898201 -2.80284500 1.39996696
 1069 0.726550102 -1.04626656 -0.837939382 8.27984065E-02
 1070 0.879046857 -1.97569549 -0.992255986 0.970411956
 1071 0.809217393 -1.55172753 -1.95211554 1.92741323
 1072 -0.730924785 -0.804664254 -1.70911574 1.94183052
 1073 -0.492364168 -0.662100434 -1.25887346 1.41097450
 1074 -0.393877298 -2.61013460 -1.37277520 0.608474493
 1075 0.543795288 -0.450934798 -2.07488704 2.27863503
 1076 -0.711737752 -1.06031632 -1.43894231 -0.261207283
 1077 -1.08840001 -0.939812064 -1.32121587 -0.385215193
 1078 -0.887105525 -1.37228107 -3.67079091 1.55147493
 1079 -0.897713423 -1.84347391 -2.17489147 1.77678883
 1080 0.140573204 -2.02701378 -1.70408463 -1.49157023
 1081 -0.348970205 -0.437250435 -2.35420084 -0.166575760
 1082 8.67429823E-02 -1.46476114 -1.27981341 1.05797112
 1083 -0.721280754 -2.16277575 -1.17269289 -0.502877593
 1084 -0.902284145 -0.921172261 -1.93274784 0.194912732
 1085 -0.789245367 -0.636727154 -1.87072015 1.38778925
 1086 0.321646124 -0.832396865 -2.99033523 1.92503631
 1087 -0.307441175 -2.05842638 -1.77932918 -0.440607607
 1088 -0.321501046 -0.613396883 -2.35244155 0.659360170
 1089 -0.688819826 -0.154563367 -4.18615770 0.475368053
 1090 0.871941686 -1.53452682 -4.14193153 1.05356824
 1091 -0.440667331 -1.87594008 -2.95385551 0.938669205
 1092 0.499899656 -4.50314358E-02 -3.33807206 2.03906536
 1093 -0.363236845 -1.35456276 -2.06918859 0.585021198
 1094 -0.954413414 0.218608409 -2.21740150 2.19947100
 1095 -0.758473217 -2.59762049 -1.63721025 -0.511863828
 1096 -0.458946288 -0.788401484 -1.80396724 2.05018568
 1097 -0.370001644 -0.224130780 -2.15110111 1.23461056
 1098 -0.835821569 -1.31970096 -2.69277549 3.01802270E-02
 1099 -0.810398817 0.375382304 -2.02811074 -0.434469610
 1100 0.258403748 1.51229538E-02 -1.34219944 -0.473463982
 1101 1.17641270 -2.08087635 -1.07461929 -1.21496558
 1102 -1.10100889 -1.04561543 -2.67917347 -0.533074200
 1103 1.05746901 -1.86638904 -4.55966473 1.36891711
 1104 -0.217292100 -1.09279943 -3.10501409 1.57777584
 1105 -0.919739485 -1.60284829 -2.09633541 -0.465937972
 1106 -1.53742254 -0.727074385 -1.19229257 -1.62150264
 1107 -0.349154115 -2.38599157 -3.66419840 2.20038867
 1108 -0.341250390 0.288053423 -2.00651765 -7.89306164E-02
 1109 -0.864841759 -1.93390036 -2.31902623 1.02866745
 1110 -1.40076864 -1.08376789 -3.11655807 -1.47690570
 1111 -1.33805573 -0.328489125 -4.79134369 2.09196711
 1112 -0.352402985 -1.86197948 -2.90856194 -0.119491875
 1113 0.269926280 -1.22672188 -2.64836764 2.00154853
 1114 1.04711294 -0.705145717 -2.95974302 2.41844463
 1115 -1.18141615 -1.31826663 -1.47863185 -1.19910097
 1116 -1.81367517 -1.56867754 -1.87479734 0.531450152
 1117 -7.23289326E-02 -1.30433905 -1.54409671 0.413719833
 1118 0.204783291 -0.176749229 -1.19057012 1.68152392
 1119 0.198377669 -0.694529295 -2.17638206 0.435363293
 1120 0.722687840 -1.63922501 -1.84267604 2.48794079
 1121 2.90936790E-02 -2.23452497 -2.86774635 0.662635684
 1122 -1.03222406 -1.69564521 -3.72553086 1.05076957
 1123 -0.489839435 -1.29972112 -1.14638245 0.989758074
 1124 -0.736065149 -1.39812863 -2.82899785 -0.435808480
 1125 -0.274259150 -1.87812448 -1.52862835 -0.500434399
 1126 -0.980669498 -1.00972414 -2.39096165 0.924671412
 1127 -0.743219972 -1.10944569 -1.96635103 -0.406954825
 1128 -0.257018268 -0.524332404 -2.84718180 0.688238442
 1129 1.03213930 -1.74494827 -3.03028321 2.12063527
 1130 7.16913044E-02 -0.291650623 -1.56417918 1.84568870
 1131 9.57048759E-02 -0.894850791 -3.58489656 0.932563663
 1132 6.55053556E-02 -0.467195749 -3.80149913 2.54215813
 1133 0.228619173 -1.62670296E-02 -3.61668015 1.71092498
 1134 -3.99096981E-02 -0.644189119 -2.18439531 1.33651972
 1135 -0.401303530 -2.10964084 -2.23286986 -0.782095551
 1136 0.354663998 -1.04246485 -3.05907154 -0.427066803
 1137 0.804527223 -2.96776533 -1.20975721 -0.850337923
 1138 -0.415169805 -2.61602020 -1.57521260 0.543359280
 1139 2.68256640 -0.158354491 -0.262515068 2.68413353
 1140 2.28937721 -3.19382548E-02 -0.592183948 1.71981311
 1141 1.69602108 -0.186099827 -0.113251120 2.01980639
 1142 2.44115949 0.561878383 -0.587103784 2.45444846
 1143 2.82408977 0.322179228 0.417419702 1.51395297
 1144 1.69107711 -0.346564710 -1.23967147 1.13463700
 1145 2.40619636 0.200918436 0.232441649 2.51405406
 1146 2.03073168 1.06332684 0.635291338 1.69033980
 1147 3.16457820 3.41124013E-02 9.89894848E-03 2.39081573
 1148 1.84868312 1.70156980 1.18260980E-02 1.99058235
 1149 2.88260174 -1.08628726 0.847189426 2.40815926
 1150 3.01194549 -4.97066900E-02 -1.06883526 1.53024030
 1151 2.19233012 -0.595962882 0.636050105 2.63110805
 1152 0.487375766 0.914963484 -0.946083248 2.33257747
 1153 2.26053929 1.85041761 1.52934635 1.80372083
 1154 1.67528474 0.410243779 0.189142704 2.23287344
 1155 1.46497262 -0.381190836 1.00724459 2.29212594
 1156 1.92953408 1.69356501 9.58519578E-02 1.72027183
 1157 2.08444238 -0.350081623 0.741583228 2.14899349
 1158 3.10486913 -1.35425222 -1.83471203 1.66645575
 1159 1.16385126 1.06452668 -1.07731843 1.48098826
 1160 1.60849297 -0.226140976 -0.647816777 2.06350970
 1161 1.56720686 1.26164663 -1.25333214 1.36060381
 1162 1.96609271 -0.319037110 1.54397190E-02 1.40773678
 1163 3.33217478 -0.807031631 0.137698472 1.69887662
 1164 1.42182112 1.77053750 -0.392517865 2.22508264
 1165 1.54976344 -0.147092059 -0.503989995 1.54597330
 1166 1.14651167 0.681000352 0.286396533 1.41597354
 1167 1.92155313 -0.749237657 0.830063343 2.23001242
 1168 1.18140316 -0.136094019 -0.474525064 2.09436107
 1169 1.80327451 1.25867581 -0.166401416 1.48674440
 1170 3.79760051 -0.265303671 -0.711229503 1.86024880
 1171 2.68743610 -0.499231935 0.702145875 1.75634432
 1172 1.58376598 0.826640606 -1.13488674 2.20096326
 1173 3.74517775 -1.78180993 -0.440201670 2.14286304
 1174 1.42704892 -0.410689861 -0.173003048 1.67166734
 1175 2.27174592 0.482329309 0.211953342 2.29439235
 1176 2.26163340 0.860799670 0.257545710 1.49867845
 1177 1.76466250 -0.441215992 0.945938230 2.52453327
 1178 2.10069346 -0.371953070 -0.416350901 2.69838738
 1179 1.62589788 -9.81301069E-02 -0.821373582 1.46232605
 1180 1.30210018 1.76018059 -0.298514158 2.20622563
 1181 1.41631222 -0.319826901 -1.78276539 2.37118649
 1182 2.35871387 0.666203320 0.305454612 1.57055187
 1183 2.94228196 1.28147602E-02 0.636093557 2.24387431
 1184 1.41373539 -1.00768387 -1.12973166 2.06520033
 1185 2.17126822 -0.800005913 -0.484938532 1.89176106
 1186 0.767244756 -1.31365752 -0.945554972 2.45330405
 1187 2.53067064 -2.49197698 0.355761021 2.33525038
 1188 3.00858259 0.845011592 -0.725754917 1.55945241
 1189 0.964223266 -0.860192001 -1.21432090 2.21571183
 1190 0.635753036 0.207650363 0.344486266 2.21554780
 1191 0.663953304 -9.78733003E-02 0.724895000 2.17689538
 1192 1.28328371 2.29838657 -0.596826255 1.65320778
 1193 2.15122986 -0.623163402 -0.434075236 2.43846130
 1194 2.35111332 0.618267179 0.130066097 2.15072465
 1195 1.79116774 -0.539312363 -5.67829832E-02 1.27150369
 1196 2.59561205 -2.00727534 0.350954294 2.27926493
 1197 1.85756135 -0.598644614 0.136591762 1.90336454
 1198 2.74494147 -0.829753160 0.294190973 1.62908030
 1199 2.59574032 -1.46335888 -0.972102642 2.28210115
 1200 1.71712208 -0.211910397 -0.194448367 2.31402946
 1201 1.82104874 0.550832272 -0.217440426 1.91866446
 1202 1.20158100 0.902854204 -0.673445284 0.813271224
 1203 2.51345658 8.40485021E-02 -0.279269725 1.66938114
 1204 2.86112714 -0.191679418 -0.588838100 0.914585054
 1205 2.70934415 -1.16001034 0.184956923 1.74271750
 1206 0.965401947 0.768605947 -0.426498473 2.13750839
 1207 2.00969052 -0.298823297 5.78466579E-02 1.97617304
 1208 2.76614475 -1.19393027 -1.52908349 1.79562509
 1209 3.07915068 -1.25143945 -0.863032699 2.08661008
 1210 1.51284826 -1.27001572 -0.347346604 1.88467956
 1211 2.92713618 -1.53597510 1.32513607 2.45125604
 1212 0.670336843 -0.602059960 -0.555470467 1.57330704
 1213 1.95239305 -0.413041949 -0.192092896 1.45130432
 1214 1.48973262 0.967640102 -0.764353693 1.10898829
 1215 1.96313024 0.716348112 0.731808543 2.11992884
 1216 2.88673759 0.742698014 -0.700738490 1.27919865
 1217 2.00557709 -0.461375594 -1.26785946 2.24808669
 1218 2.47553349 -0.546993673 -0.103398427 2.30607891
 1219 2.23083162 -0.877852917 0.569708705 1.79501069
 1220 1.69820249 0.422758371 -0.775735557 2.22857356
 1221 2.77919674 -1.06037593 -0.246017069 2.12133026
 1222 1.61076367 -1.16793573 0.800119579 2.20594144
 1223 2.37748623 -1.17078066 -0.753885269 2.00127006
 1224 1.83485222 -1.48676157 0.782564044 2.07256532
 1225 2.93873048 -0.612618923 0.419185489 2.32074881
 1226 2.42045355 -0.359892756 0.600311399 2.36543798
 1227 1.43527484 1.24080276 -0.525364935 1.62434709
 1228 1.08563578 0.783982754 -0.482003987 1.40274560
 1229 3.20061707 0.409773588 -0.176840425 1.90251219
 1230 0.874410450 1.77218592 0.543592095 2.33944917
 1231 1.88818657 1.36451483 0.806285679 1.02075875
 1232 1.64738178 1.04408562E-02 -0.199911147 2.29086328
 1233 2.03816152 1.47391486 -0.317359567 2.02298570
 1234 1.39150357 -0.344594181 0.442242980 2.10375428
 1235 2.66222739 0.896022916 0.584764242 2.46392059
 1236 2.87656593 0.940264225 0.365797549 1.64308906
 1237 2.25649714 -0.781184316 0.525726438 2.64906025
 1238 1.47605932 1.07622814 0.156722575 2.52847528
 1239 2.40944934 -1.80388725 0.976165056 2.00177288
 1240 1.84006369 6.14110678E-02 0.738349199 1.77151585
 1241 1.92403865 1.20665312 0.120374069 2.28360009
 1242 2.02199554 0.707752228 0.563227713 2.24233532
 1243 3.13497996 0.830804229 -9.46778655E-02 1.37175238
 1244 0.880892932 0.582260787 -0.212487042 2.20325565
 1245 1.05925608 -0.364585608 0.253213286 2.22199512
 1246 3.08488965 0.569678068 -0.823316097 1.52470112
 1247 2.88039303 -0.487595856 0.777284920 1.40678310
 1248 1.37516165 0.628791928 0.985627770 1.71928012
 1249 1.90737224 8.99135470E-02 0.685983360 2.32164598
 1250 2.21233821 -1.23621762 -6.88870251E-02 2.47464132
 1251 2.51600981 -0.471915692 -7.67594129E-02 2.44936013
 1252 1.38857520 -0.719472766 -0.220238909 1.97651422
 1253 1.97836709 0.914758742 0.348544896 2.42278409
 1254 2.42098236 -0.898999453 0.133513927 2.36199856
 1255 1.90940571 0.585391700 0.274490476 1.71782005
 1256 1.05985785 1.98929560 -8.01297128E-02 1.76896441
 1257 2.94047117 -0.140108049 0.740970373 2.35567355
 1258 3.53102136 -6.11171834E-02 -8.48576650E-02 1.66392231
 1259 3.31854963 -0.520310700 0.421671212 2.11181879
 1260 2.46436191 -1.25480640 -0.179676801 2.34299803
 1261 1.43851984 0.262054294 1.67947340 2.33851051
 1262 2.98492384 4.19544652E-02 -0.488396227 1.39187467
 1263 2.92591953 -0.920386732 0.472026885 1.56642711
 1264 2.26201773 -0.560315549 2.43892893E-02 2.25247836
 1265 1.58993244 -0.640274346 1.14124322 1.77756965
 1266 1.87817204 1.15380716 0.215622321 2.10184979
 1267 1.72567546 -0.605919957 1.18022752 2.37399101
 1268 1.76511049 0.627331197 -0.719032943 1.72179449
 1269 2.43114209 -1.70609391 -1.50585389 2.17779922
 1270 2.65691853 -0.502759635 0.250068843 0.944892108
 1271 1.73159623 0.841997504 -1.08947933 1.84879422
 1272 1.72735119 1.60370159 -2.38360238 2.42601180
 1273 1.26652837 0.336288780 0.231638312 1.47095048
 1274 2.25851607 0.890018284 -1.01609480 2.15726519
 1275 2.56606984 -0.428924412 9.33467001E-02 2.09611058
 1276 1.58632100 5.29241562E-02 -1.00774336 2.39099979
 1277 1.37287319 0.190827325 0.758060098 2.16370392
 1278 2.40644264 -0.112888038 -0.143857762 2.38464832
 1279 2.44577146 -0.173496872 -0.657915235 2.32706857
 1280 1.23576438 0.727591693 -1.88127875 2.36178136
 1281 0.971910417 1.40786052 -0.263084173 2.20978856
 1282 2.23618317 -1.42968965 7.92882591E-02 2.01109409
 1283 2.20774245 -0.286303878 -1.09531534 2.40568376
 1284 1.82504427 0.542526007 -1.55072391 1.79402065
 1285 2.51502132 -1.26766586 -0.503397405 1.80618858
