 1 -0.576768458 -0.261795759 0.617250860 0.624602318
 2 1.21816826 0.857887506 -0.585077584 -0.728229880
 3 0.514456451 -0.218619734 0.772369325 2.05562544
 4 -1.30909514 -1.07433438 -4.02943790E-03 0.691908121
 5 1.91017675 -0.163730890 0.195199698 -2.18849468
 6 -1.62318504 -0.229448423 -1.46961856 1.70864356
 7 2.81964612 -0.505089104 1.16033208 -1.22175014
 8 -0.400671959 -0.113960877 -0.563160300 -0.443034232
 9 0.300435841 -1.68480051 -2.12041521 -1.78745532
 10 0.890032113 -0.499611408 0.304825038 -7.15972185E-02
 11 -0.293043166 -2.42615652 0.207924441 9.97633636E-02
 12 0.563039660 -0.143091589 -0.193822071 -0.965359211
 13 -0.944424629 -0.579934180 -8.77406299E-02 0.120196432
 14 0.828358412 -1.38725436 -1.51793361 -0.315933228
 15 1.75882709 0.691440046 -1.14471948 -0.359429061
 16 -0.335858315 -1.12141287 -1.42791939 0.170505673
 17 0.922792315 -0.436909080 -0.187876403 0.291290820
 18 -2.29437500E-02 -0.112579770 2.07593989 0.745041788
 19 -1.34025252 -0.702833116 -1.66245747 -0.451677889
 20 0.347565621 -1.68755436 -2.07906246 -1.85649619E-02
 21 -0.599046052 -1.40881920 -0.448786587 -0.105197586
 22 0.449128091 -1.16046286 -0.655216575 -2.68874812
 23 -1.07675540 -2.12841201 0.255435139 -1.14882267
 24 1.30257702 -3.47052217E-02 5.70776574E-02 1.17990291
 25 -1.54977405 0.274012566 -0.120317593 0.576089144
 26 0.784803331 -0.912108660 1.99755943 0.363773316
 27 0.386313468 0.561062574 -0.273768812 -2.51828581E-02
 28 3.97752821E-02 1.14773440 -0.411477506 -1.56811392
 29 -0.751873851 0.503143430 -1.09045064 -0.717753470
 30 -8.44340026E-02 -1.60721016 -0.121525601 -0.413347661
 31 -6.29702806E-02 1.75272191 0.116821595 -0.293509066
 32 -1.13359630 -1.25812781 0.710631311 -0.549101830
 33 0.937737882 0.959404051 -0.318546355 -0.961085439
 34 2.17741442 -0.269061565 0.778989315 -2.55107403
 35 -1.08219409 1.06458640 -0.926056862 0.348223031
 36 1.96075022 0.656717241 0.277716368 0.906729043
 37 0.759990752 -0.428454101 -1.17854059 1.50263011
 38 0.956957698 0.501661301 -0.750903428 -9.27487239E-02
 39 0.118440039 -0.832712889 0.303277433 -2.22790432
 40 0.755313993 -1.33502901 -0.615197062 -1.14557838
 41 -0.757046461 -0.433333993 6.20326847E-02 -0.200075090
 42 0.150863037 -1.69510627 0.682211757 -0.852103949
 43 1.71325696 -1.28715658 -0.782865524 -0.722740352
 44 0.324339151 0.345567226 -0.886176109 -0.158671930
 45 0.129859060 0.453470200 -0.170272127 0.948982477
 46 1.55588448 -0.113294423 -0.146593899 -0.240778491
 47 1.89370608 0.561804891 0.226038724 -1.72968030
 48 -0.477309287 -1.47184813 -1.02228653 0.579949498
 49 -1.03626978 -1.10860419 0.283033401 0.901391625
 50 0.222934529 -0.464079589 -1.82020772 0.547905445
 51 -1.31508708 -1.81027424 -1.37393987 0.729592323
 52 0.353863031 -0.603717983 -0.123723209 -3.72091867E-02
 53 0.429005206 -0.362192124 -0.655626178 0.896251202
 54 -0.579904199 -1.12646818 -1.71289194 -0.692272842
 55 1.87494755E-02 9.55660865E-02 0.174869105 -1.80555749
 56 -8.78401548E-02 1.37158477 -0.554610193 -0.645610273
 57 1.76358533 -2.60409522 -1.31942856 -0.483479321
 58 -0.103563040 0.332347274 -0.287069976 -1.09150612
 59 1.15877986 0.844409406 -0.894984841 0.278895050
 60 0.464490771 1.06293321 1.34356403 0.229226932
 61 2.39575100 0.458932519 -0.800842762 -1.28983355
 62 1.29755449 -1.86198795 0.557390034 -0.893518865
 63 0.288147569 -0.775905490 -0.684999228 -1.44717216
 64 -0.769483745 0.686860323 8.23308676E-02 1.18485606
 65 1.51735508 -0.877561212 1.02085841 0.495948195
 66 1.07663894 -1.05784845 -1.44956684 1.33171546
 67 -0.829720616 0.921613336 0.904506087 -0.993149281
 68 0.978771627 0.832969666 -0.402535468 -0.449974418
 69 -0.190185606 -2.41676271E-02 -0.122285575 1.13561416
 70 -0.278575927 -1.80806434 1.84490824 -0.728203237
 71 1.25928140 0.442418337 1.05798829 0.634003162
 72 -0.120719127 0.161447331 1.05725610 -6.12644069E-02
 73 1.04458272 5.23098037E-02 0.616715431 1.56438971
 74 -0.848320127 1.46132720 -0.364060432 -0.569377005
 75 -1.29386532 -0.158248216 1.05877352 -2.24526787
 76 0.244205743 -1.08890295 -0.953069508 1.36662912
 77 1.45541179 -2.06074357 1.42196643 -0.289386630
 78 -1.41965961 1.61438000 0.560723901 -1.81394815E-03
 79 0.514821649 -0.378877640 -0.257754177 -0.193532288
 80 -0.183353558 -1.45071948 -0.970044851 -2.19312477
 81 0.458222866 0.471556634 -0.130596191 0.942353070
 82 -2.04307055 -0.750697732 -1.04728043 -7.94839635E-02
 83 0.468481064 1.51419497 2.66890377E-02 -0.849194765
 84 2.04317904 1.36743331 8.36851448E-02 1.26841056
 85 -0.511561513 -0.826871991 0.748754442 1.17791867
 86 1.00049603 1.41046154 0.188326687 -1.69360030
 87 0.565883875 -0.956142724 0.176959768 -1.86047220
 88 -3.10697699 -0.948562384 -0.129961818 1.01747477
 89 1.40974665 -0.111095846 -0.370638669 1.42180526
 90 -1.00736594 -1.46598482 0.590243101 -8.60289037E-02
 91 1.99096739 9.23933834E-02 1.49362051 -1.34147394
 92 0.171652853 0.396775603 0.231749743 -0.713590801
 93 0.870058596 0.419490814 -0.298050761 1.34003818
 94 -0.930088639 -0.706152558 7.97400251E-02 0.170361593
 95 3.45281214E-02 -0.364806712 0.444974661 -1.91392422
 96 6.30167127E-02 1.25927460 0.156296685 0.988309264
 97 -0.789927363 -0.420430303 -0.922174275 0.570902467
 98 0.469325334 0.144146085 -1.26981163 -0.722162187
 99 1.00412595 -0.263302892 -1.01981413 -1.33680463
 100 1.35560918 -0.325642228 1.06092536 0.880226493
 101 0.810267627 0.872230113 0.147854507 0.939983964
 102 -0.436738104 -0.761907101 6.14921600E-02 0.519365549
 103 3.35938931E-02 0.515540600 0.728492439 -1.92135930
 104 1.14337122 -0.294306993 -0.599812746 0.550066888
 105 -0.388995469 1.25433886 -1.25220025 -0.876785517
 106 -0.712709844 1.38219237 -0.791390955 1.03567421
 107 -1.56478977 -0.819938183 -1.45735466 -1.16444360E-02
 108 -1.79262233 -1.29415119 -0.219991922 0.516836405
 109 -0.999105453 2.77670920E-02 -0.400299489 0.672711551
 110 1.51288772 -1.76888990 -1.60922837 1.83592594
 111 -0.367347419 -1.49407566 -1.38304687 1.32584143
 112 0.335649550 -3.42770964E-02 -0.983903766 0.118261367
 113 -0.323325425 -0.551898599 0.275721908 0.385358185
 114 -3.28701591 -0.633665144 -2.06891298E-02 -2.46130514
 115 1.57674110 -0.328865826 -0.123250403 0.717892051
 116 2.38076234 -0.181323797 -1.95870543 0.795542002
 117 2.66458273 -0.293316364 -1.73771238 -1.46599579
 118 2.56449580E-02 -0.228839070 -1.05430937 -0.193721980
 119 1.42763555E-02 -0.972782850 -0.693754077 0.561038017
 120 0.608958542 -0.628838658 0.887750924 -1.90166259
 121 1.11818290 -0.605738938 -0.128132731 -1.31987572
 122 -4.13650274E-02 -0.280750453 0.221298605 0.315362215
 123 -0.612998426 -0.857506990 1.27930999 4.02650237E-02
 124 -0.628216326 2.01747155 -0.696547687 -0.355785012
 125 0.887317061 1.02331495 -0.687063336 5.32380790E-02
 126 -0.923397064 0.595499992 -0.233645320 0.485858381
 127 -0.127738297 1.94811940 -1.08087397 -0.494807959
 128 -7.65777156E-02 0.852233887 0.104356721 -1.06493127
 129 -1.51711488 -0.684693635 1.27084422 -0.589775443
 130 -0.586423337 0.701395571 0.687951684 -0.274164617
 131 -0.710035026 0.475733101 1.31151485 -0.564371288
 132 0.418382019 0.651596963 -0.931155920 1.23576295
 133 2.58557248 0.753848493 -1.64432192 1.74713683
 134 2.89193296 -0.785085022 0.744278431 0.269578457
 135 -7.47838020E-02 1.78007197 7.51503110E-02 -2.65806198
 136 0.844100237 1.14773071 1.35536981 -0.278094947
 137 -8.90407711E-04 0.380607367 -1.16279578 1.38962007
 138 -0.157731012 -0.432518423 -2.28859162 0.443951190
 139 0.840606272 0.182426274 -3.41859460E-03 0.982960939
 140 1.22788465 1.58791232 0.415181845 1.40798140
 141 1.04692054 0.848638177 -0.223445520 -0.299904823
 142 -0.711802721 0.974899948 -0.842360675 -0.606452107
 143 3.75256300 -0.813972831 2.11124718E-02 1.67109406
 144 1.03580785 0.705574453 0.549470544 1.29133153
 145 -1.28834999 1.44926572 -1.67918980 0.520028114
 146 -0.759546638 0.440187484 -0.687900782 0.813893020
 147 -0.335654378 0.520113528 -1.65536833 0.489821881
 148 2.23475409 -6.13415092E-02 -1.58311629 0.695601940
 149 -1.16887796 0.307605475 0.544254482 0.745515585
 150 1.56153500 -1.19148195 -0.466739058 -0.344506294
 151 -0.461448610 -0.158029765 0.212725431 1.16641343
 152 0.905877590 1.57913136 1.46822500 -2.17596579
 153 1.74651563 2.37816644 -0.580934942 0.907008648
 154 0.693808913 -1.02819455 -1.61266994 -0.451835752
 155 -0.708897352 7.01911747E-03 -0.323861897 -0.463326037
 156 -1.11780918 -1.58781946 6.74512163E-02 1.14557958
 157 -1.62699521 0.330445349 -0.713703811 0.481406897
 158 -1.06882000 -1.01825869 0.195918411 -0.483768106
 159 1.21157753 0.109431148 -0.293276399 0.660489917
 160 -1.37624240 0.811759233 5.80373704E-02 -1.21167827
 161 1.29219294 9.68617350E-02 -2.05677748E-02 -1.91182518
 162 3.05840731 0.450421274 1.17726886 0.508077681
 163 -2.12914610 0.461093426 -1.04777288 -1.37371767
 164 -8.69049653E-02 0.282392889 1.00738502 6.41936064E-03
 165 -0.394328535 -0.165234149 -1.15856314 -1.02774346
 166 -0.984261930 -0.123479962 1.14827073 -0.785983145
 167 -2.80134988 -0.294532239 8.88765156E-02 0.645365357
 168 1.57595778 -9.14531946E-03 0.182448149 0.664188266
 169 0.457132250 -0.931285799 -1.23932779 1.74096048
 170 -0.653555810 -1.01895761 0.272617877 1.30307055
 171 -0.489779532 -0.398314595 1.35450351 -0.278053492
 172 -1.58585489 0.157853961 0.286148369 -0.582603931
 173 -1.05796349 -4.03887779E-02 1.09400880 -0.731126845
 174 -0.805278242 0.330854416 -0.701459467 0.178809062
 175 -1.71615124 0.418097019 1.93112385 -0.269961894
 176 -1.19158387 0.296905696 0.983278632 0.149029955
 177 1.98569512 0.250058323 -1.60672653 -0.235508472
 178 -0.277195930 -0.861565828 0.173326612 -0.354394048
 179 3.54226208 -0.646879256 0.109569132 -1.80930436
 180 -0.201703459 -0.817665815 -0.416360974 1.46488440
 181 0.568219125 -1.03452694 -2.02053356 -0.584959507
 182 9.39002782E-02 -0.685644507 -1.11633933 1.03788733
 183 0.884253144 0.246430442 -1.31476808 0.807726622
 184 -0.997058392 -0.522839308 -0.412764221 1.32507157
 185 -0.786531448 5.01806736E-02 0.920730114 -0.217401683
 186 -0.422627181 -1.00726199 -0.240909696 1.83954763
 187 7.10373968E-02 -0.484783202 -0.167357326 -0.537180662
 188 0.252478242 -1.27013052 -1.20667529 1.89657843
 189 -1.17053175 -0.615275919 -1.94197309 -1.07749104
 190 0.398225814 -0.257513225 0.279698819 1.40218687
 191 0.713520050 -0.237360984 1.31396174 -0.657076955
 192 -0.700806975 -1.42981577 0.247276857 0.661697626
 193 -1.89742112 -0.530086577 -0.567035258 1.48512125
 194 0.507272184 1.32853830 -5.68911731E-02 -1.84329927
 195 0.168520421 0.626854420 -1.24814785 -0.651865840
 196 -1.11845565 -0.929538727 -0.100699097 1.64259267
 197 0.762142777 -0.202474087 -0.790843725 0.136927545
 198 -0.396273702 -1.27317512 -0.867366076 -4.02660444E-02
 199 0.313264072 -0.489431322 -1.51587582 0.832248569
 200 0.331918001 -2.05024147 -1.43488765 -0.449059337
 201 -0.365905374 0.443656355 0.259046674 1.00410116
 202 -0.452277660 -0.604595900 -0.752769589 -1.97240043
 203 0.468117058 -1.83581507 -0.766761363 -0.326769769
 204 5.71967959E-02 -1.99982524E-03 -0.934534729 0.668827116
 205 0.477686703 -8.97013843E-02 0.123124510 -1.39732611
 206 -4.00901996E-02 0.397630781 0.470037878 1.95529056
 207 1.10148656 -1.07520044 0.750062883 1.56229758
 208 -0.158332124 0.448298216 -0.421171606 0.412222981
 209 -0.970172524 1.48306227 -0.360213637 -2.44031239
 210 -1.76606154 -1.57217479 0.674022198 -1.05402911
 211 -0.141722739 0.257742882 -0.315019488 -0.957559049
 212 -1.71467865 0.979243219 -0.434451520 -0.271334976
 213 -1.55483651 -0.158900946 -0.429059625 -2.56565714
 214 -0.477695674 -0.144472420 -7.81611800E-02 -0.329182625
 215 -0.317925960 -9.30292904E-02 -0.817378759 4.18834910E-02
 216 -0.344201028 8.38780105E-02 0.400468320 -1.22741008
 217 -2.55610847 -0.462582529 2.75072306E-02 -1.03256929
 218 -0.571640551 1.13563633 -1.99559295 -0.714500964
 219 2.14296794 -1.41467834 -0.896952629 0.175910011
 220 -0.288292646 -0.234224886 1.19221401 -1.21762228
 221 0.251965702 1.53198981 0.640424728 0.793655753
 222 -1.39694619 1.94761252 0.264766842 -0.183507010
 223 -1.40414345 1.64541316 -0.146145821 -0.386096746
 224 -0.521862984 -1.37589645 0.464898795 0.288068146
 225 3.27071771E-02 -6.10520840E-02 -1.72535498E-02 -0.745728135
 226 5.99401891E-02 0.529783249 -1.14642167 -0.235388622
 227 -1.99939585 0.143118918 0.486766934 0.118089288
 228 -0.733179688 -9.31138173E-02 0.169441432 -3.57781053E-02
 229 1.06466317 0.141506284 -0.369920880 0.689475536
 230 0.582594335 -0.261197686 -0.958124816 -0.235628158
 231 1.68077016 0.599440038 -0.431411147 0.779397190
 232 -1.53478265 1.95938706 0.787581623 -0.153984264
 233 -0.185645401 -2.02314591 0.507264972 0.969509006
 234 0.560779035 -0.851523638 -5.24502248E-04 -0.498615533
 235 0.609266639 0.556274533 -0.594036162 1.39874458
 236 0.704324186 1.20150995 -0.787901938 -0.254163563
 237 -0.935456336 -0.158185482 -0.959301651 1.65771687
 238 -1.84123838 0.714513659 0.299425185 -1.71255982
 239 -0.115913212 -1.29994524 0.314178497 0.671119928
 240 -0.128267944 -0.644785047 0.214214936 0.680273473
 241 -0.647792161 -0.575062275 -0.526514649 1.41118503
 242 -0.740295649 1.20987976 1.40822172 0.631699681
 243 0.846853316 -0.434824228 0.481910676 -0.541213870
 244 8.13344643E-02 -0.295574754 -0.416068733 -2.90823579E-02
 245 1.52820134 -0.272552907 1.26040363 -0.319594294
 246 5.86277246E-02 0.351747930 0.859441757 0.220125437
 247 -1.59357536 -0.874809802 0.205415770 0.851042509
 248 -0.612918913 -0.925352216 3.96322757E-02 -0.730520546
 249 0.340653121 0.312590182 -0.233860776 -0.548366249
 250 -0.296481460 0.999122322 -5.29879630E-02 0.168394729
 251 0.389953494 0.353844136 0.250930101 0.259924084
 252 -0.755102098 -0.863030791 1.23537660 -0.642756820
 253 0.476299703 0.682779670 0.657575011 1.46766102
 254 -1.46399307 0.239285707 -5.64365089E-02 -1.01182759
 255 -9.08970237E-02 -2.89271884E-02 -5.50972819E-02 0.852391839
 256 1.65053344 -0.305729568 0.621872902 0.637322903
 257 0.653102934 -0.580394626 0.895576060 -0.225132719
 258 -0.562955320 -0.435334325 1.76059783 -0.421735853
 259 -0.818277180 0.164492369 -1.15799856 -0.111613184
 260 -2.05121803 0.136659950 -1.22439361 4.91334200E-02
 261 -0.225131780 -1.10587633 -1.15483880 0.241258517
 262 -0.571006417 -7.79793710E-02 -0.204529181 0.836160004
 263 0.543579161 1.48138869 0.466233611 0.135190278
 264 3.29525582E-02 -2.66215611 0.252871990 0.711830556
 265 1.12291431 0.954634786 -0.249133646 -0.248477533
 266 2.01491570 -0.355705559 -2.28433156 -0.412531018
 267 0.205233485 0.887792587 -0.856186271 0.652709842
 268 1.47887707 0.598567009 1.23364794 -1.12327957
 269 1.56555676 1.73591793 -0.610516667 1.70045888
 270 1.02742505 1.89646792 0.293954313 -0.885542870
 271 1.74314404 1.13612652 -1.85131431 -1.14004409
 272 -1.26454759 0.594404161 -0.259707540 1.51409733
 273 1.29889643 0.678453863 -0.209217012 1.54594421
 274 1.29397845 -1.63861489 -1.57054186 -0.943438232
 275 -0.330731899 0.268968582 -1.34161270 -2.04000473
 276 -0.449832737 1.01881313 -0.305812895 -1.08924603
 277 0.127603412 0.128557742 -1.78939271 -1.04373562
 278 0.338931292 0.790631950 0.253338695 0.292584568
 279 0.522335708 1.25199246 -0.794436574 -0.268603027
 280 -1.36745524 1.27849400 0.304770619 -0.770494461
 281 -1.24281800 -7.81814456E-02 -0.400217652 1.13181734
 282 2.19408059 -0.443123609 0.779270172 -1.49422932
 283 -6.13058023E-02 0.625144184 0.238931835 0.941332161
 284 -0.181293115 0.945682287 0.497803211 0.399526954
 285 1.16797757 -0.656763911 -1.24138546 -1.14562440
 286 -2.10978174 1.12947607 -0.812221467 0.540064335
 287 0.431815952 -0.883653343 -1.05706632 0.446699858
 288 3.10561657 -2.02425098 -0.712144732 -0.688832164
 289 -0.590078712 -0.956360817 0.451432049 -1.65231049
 290 1.13462055 1.67621541 -0.577323079 1.02418828
 291 0.717625022 -1.20668781 -1.25631618 0.712118089
 292 2.72140765 -1.48165870 0.677633524 0.863973320
 293 -4.80185449E-02 0.870387673 1.31683493 1.72078061
 294 0.836966634 -0.296191007 -1.15884757 -0.682878494
 295 -1.38070369 -0.216166794 -1.39502859 -1.95465815
 296 0.152316689 -0.306791902 -2.12626529 7.77607858E-02
 297 -0.615404427 -0.562455058 -0.908909857 -0.568041086
 298 0.916499972 0.286712229 -0.793147504 -0.293659449
 299 1.68963850 -0.912352562 -1.07645917 0.227005959
 300 -0.480004013 1.32827306 -1.75498986 0.863992095
 301 -1.78205943 0.288504809 -1.24449134 9.58326757E-02
 302 -0.824466884 -0.940782189 -0.654394567 1.51182306
 303 4.82000709E-02 1.29244947 1.08521307 -0.500845313
 304 0.753069997 -0.351224631 0.143012285 -0.372869074
 305 -0.654506147 0.798570335 4.72675413E-02 0.485123873
 306 -1.13162029 -0.283825755 -0.600064039 -0.770837247
 307 0.843613625 -1.00246084 1.57987416 1.17180622
 308 -2.16095877 -1.43265545 -0.293569833 0.802655399
 309 0.333961278 -1.33456993 2.00297308 -3.31110060E-02
 310 -1.45055997 -1.50961435 -0.506096661 0.271663845
 311 1.56343305 1.53086400 -0.894376755 -0.604744852
 312 0.738071680 0.621890068 -0.721960306 -2.14259028E-02
 313 2.39414048 -0.792807221 -1.46157253 0.274754763
 314 1.36515212 -0.351996720 0.464367151 -1.53025842
 315 0.775055707 1.28532231 -0.241218805 -0.191335440
 316 -0.428654283 -1.14509618 -1.26649368 -0.635470033
 317 -1.68841630E-02 0.966998339 -1.13772166 -0.695888281
 318 -0.385490179 1.19672418 0.328551710 -0.926138401
 319 -0.417515874 1.44640124 -0.369547695 -1.52841997
 320 0.512135983 -0.412205786 -0.220784813 1.65366518
 321 -1.33429241 -1.22451198 0.385482490 -2.04972768
 322 0.240320474 0.315947026 -3.07826195E-02 0.850059867
 323 -9.84708890E-02 1.12681043 0.216689229 0.750119686
 324 0.277732193 -0.518356323 0.428405941 -0.397369951
 325 -1.01259136 0.308651209 -0.870107174 0.197294742
 326 0.901718020 0.483554780 -2.16020417 0.512191892
 327 -0.253826588 0.857198417 -2.14714789 -0.898143470
 328 0.941087127 -0.507327199 9.52451453E-02 -0.542734563
 329 -3.07965875E-02 2.14651394 -0.175403446 0.510869801
 330 0.979605198 0.590860486 -0.229873121 -1.74361992
 331 1.41235435 0.515537977 -0.472083837 0.212817907
 332 -0.465442806 -1.44192576 0.119522765 -1.39893258
 333 0.183231324 0.458482563 -0.594119251 -0.207432762
 334 0.307126492 1.49428332 0.905246377 -1.11339748
 335 -0.565291882 1.47038090 1.21250916 0.472074479
 336 -0.479629517 1.96657562 0.450059235 0.132126644
 337 -1.16998243 1.18041658 -0.377155066 -0.809902072
 338 0.456589848 -0.883512735 -1.11610675 -0.193708301
 339 -0.542076468 -1.34454513 6.16308972E-02 1.64882851
 340 0.815523386 -0.830633044 -7.37074763E-02 -1.01054978
 341 -1.01894236 -0.893288851 0.837963521 -1.00461388
 342 1.13232791 -1.99578261 -0.716202974 0.728420258
 343 -1.43090367 0.174200371 -0.428684235 8.64436477E-03
 344 -1.22212601 1.51688588 -1.22722793 -1.49327159
 345 0.613627136 -1.23824298 7.87327662E-02 -1.59137237
 346 -0.415067613 -8.78473967E-02 0.403464466 0.110831149
 347 1.49587941 -3.28781009E-02 0.969551444 0.745513916
 348 0.549125314 -0.473500669 0.383326888 -0.379707277
 349 -0.726724565 -1.62064743 1.28916430 -0.102256887
 350 -0.194984898 0.498500347 -0.267659009 1.31364608
 351 1.55423951 -1.03879619 -0.282307744 -0.909756303
 352 0.309132427 0.838461280 7.68826231E-02 -1.82955670
 353 0.268717468 -0.546876907 -0.558515489 0.158806607
 354 -0.705031872 -2.07705908E-02 0.151115462 -1.64221847
 355 0.198222712 -0.241621792 -0.832489312 -0.858934760
 356 1.48825228 -2.22759151 1.93222368 -0.559181333
 357 1.66984153 -1.25920951 0.446321219 0.745171130
 358 1.24247456 0.109066926 -1.35435867 1.06773984
 359 -0.166855276 1.74293435 0.540751398 0.401157856
 360 -0.266728103 0.253141552 1.28118455 0.113810673
 361 0.411657900 2.57534814 1.34694457 0.901095688
 362 1.16169584 1.01585877 -0.481098294 -0.764629543
 363 -0.720346332 0.661233544 7.44343847E-02 0.819213331
 364 2.10758495 -1.23838985 -0.560779095 -0.865787506
 365 -2.31371284 0.886371791 0.482635498 -7.29991794E-02
 366 -0.874234378 -1.35411334 -0.144360691 1.36666745E-02
 367 -0.338831395 -0.429911852 -0.405145526 -0.785274506
 368 0.196250290 0.804913998 5.19589931E-02 0.538708508
 369 0.985551596 -0.107356310 0.690195799 0.656061888
 370 -0.719774008 -4.80227098E-02 -0.308167636 -0.582927048
 371 -0.289318323 -3.88413370E-02 0.464769036 -1.01202357
 372 0.224716395 1.58362889 -0.238961145 -1.25290036
 373 0.501883984 1.28931236 -0.443333685 -0.489214569
 374 0.404574692 -0.682859898 1.42709696 -0.273166567
 375 1.90666878 0.291182220 -0.374028921 -0.850916505
 376 -2.53840351 1.05361605 1.34021568 -0.141890183
 377 0.382875800 0.913307786 -1.81328607 -0.746250331
 378 0.158601895 0.207523406 -1.04362416 -0.730768681
 379 -0.952973723 0.576689303 4.13823724E-02 -1.21589005E-03
 380 -1.16332674 -0.571355760 0.140296400 -0.534226656
 381 0.373832971 0.686815023 6.98377043E-02 1.03174019
 382 -1.49313629 -0.330409169 -1.77726614 -1.79793537E-02
 383 1.49331546 1.47418332 -0.655297160 1.69355166
 384 9.91577804E-02 -0.787486196 -0.852629423 -0.219740182
 385 -0.598949313 -0.679455161 -2.08681965 -9.80258286E-02
 386 -0.116654918 0.427792907 0.488929927 -0.306235611
 387 0.947993815 -1.17991936 -0.867782891 -0.141685128
 388 -1.61441278 6.43227100E-02 1.70433366 0.956795931
 389 -1.09144723 -7.89588690E-02 1.29731178 -0.637183249
 390 -0.204154611 -0.399110675 -0.828469396 -1.47724009
 391 1.44968474 1.02404273 -0.570334733 -0.883504629
 392 -0.103233956 0.720620453 -1.54509616 -0.479398370
 393 0.383283645 -0.625009537 1.09450686 -2.50192547
 394 -0.152717859 1.34920621 0.860039115 -0.547077060
 395 0.216492072 0.519755840 -1.22868276 -1.99419546
 396 0.899557471 -1.00326788 -0.669732749 -1.54792333
 397 -0.808370948 -0.160433799 -0.959391177 -1.11228979
 398 0.437978208 -1.28526318 9.67065766E-02 0.521509528
 399 0.431840956 -1.14240694 -1.14766848 -2.38950324
 400 -1.80756927 -1.72437441 0.367857516 1.49966705
 401 -0.955436051 -0.567513406 -0.835411072 1.31989336
 402 0.264902622 -1.91744328 0.105071574 1.79659486
 403 0.121228874 -0.413765043 -0.446682453 -0.390206248
 404 0.228782594 0.247506827 -0.332096577 1.60402811
 405 2.28719544 0.662301540 -0.453444898 0.593901277
 406 -0.796525896 -0.332152694 -1.47251999 0.834013939
 407 8.08234140E-02 -0.653804660 0.749894500 -0.253383398
 408 0.573084950 0.205986828 -1.01735640 -2.37613583
 409 -1.15968299 -0.480322421 0.741531372 -0.692519307
 410 3.48421112E-02 0.151790902 0.499292970 -2.46002245
 411 -0.111632705 -0.972755909 -1.43724883 -1.81124723
 412 0.677441001 -0.825260341 -0.982430875 -2.91057420
 413 -0.160225168 -0.485660493 -0.873056710 1.21983862
 414 2.33684158 -1.63652623 -0.190433875 -1.27178335
 415 0.816566825 -0.993868172 0.117607772 -1.36759341
 416 1.53924799 -0.846578479 0.877400339 0.515399337
 417 -0.385303646 -0.331915468 -0.429636508 -1.13450921
 418 -1.39766932 -0.442309320 -1.29134822 1.34558427
 419 -0.474811196 -1.08316624 -1.22752893 1.03099060
 420 0.156590536 -0.979723632 -1.09266329 0.370947063
 421 1.03864002 -2.17296767 -0.340561777 1.19858956
 422 1.56629372 1.41786218 0.454633236 -2.19631481
 423 2.50965357E-02 -0.554058492 0.491096586 -1.15525866
 424 0.284169197 -1.30255461 0.806237161 -0.664404988
 425 1.86066739E-02 -1.81342769 -0.464049041 0.364781648
 426 0.522454739 -0.348935157 -5.83047867E-02 0.540087700
 427 1.25283659 0.495081514 0.703850269 -1.60099900
 428 1.09998059 -1.14267564 0.142844886 0.121207058
 429 2.12773705 1.13224566 7.77673870E-02 -1.24509025
 430 -1.24263093E-02 -1.15417910 1.86222684 -1.30869138
 431 0.350028127 -1.29434538 0.445279837 0.274242699
 432 0.333455026 -0.248112008 -0.988524675 0.884320676
 433 0.241977975 5.42490631E-02 0.394903958 -1.22680330
 434 -1.34188819 3.23259383E-02 -0.921347618 -2.27182436
 435 0.876877189 0.216396257 -0.423782647 -0.395683020
 436 -0.626761079 -0.118629426 -1.51622880 -0.509784579
 437 -0.854418993 0.140416041 -3.36243026E-02 0.175150603
 438 -1.50352454 -0.179591224 -0.450564206 1.51880479
 439 0.946717381 0.273868024 0.226946831 -2.03233647
 440 0.438983858 -1.08563900 -1.27416575 -2.03309298
 441 1.26709032 -0.745782971 -0.462853789 1.33645439
 442 0.535755932 -0.607054949 -1.41408849 -1.64524901
 443 -1.30821168 0.628344655 0.269452989 1.27412891
 444 2.73960185 0.708239436 0.524689794 -0.593283474
 445 -7.26940036E-02 -1.25121868 -0.251546919 -0.749421299
 446 -1.21440840 -0.400394261 -0.650706589 -1.01909769
 447 0.541346073 0.367207736 -1.72971070 -1.00838637
 448 -0.202043623 -1.63194704 -0.228357345 6.62864745E-03
 449 0.101734221 0.703928411 -0.763284385 -1.87312126
 450 -0.304274619 0.112512387 1.71476758 6.51370734E-02
 451 0.719540775 0.770266354 1.04820883 -0.439399481
 452 0.766488910 -0.188790128 3.84018309E-02 -1.60506797
 453 -0.683956861 0.871191859 0.304475009 0.695422471
 454 -1.94626808 2.03458977 0.662620783 -1.70152450
 455 0.552924216 1.32855487 -0.229413420 1.66764033
 456 -1.46652007 0.167523354 0.600586534 -1.22396755
 457 -1.78563142 -1.55454350 -0.124234833 0.301830411
 458 -1.19998217 -0.946750283 -0.674672663 -0.481698036
 459 -1.86437988 0.980904818 -0.344520211 -0.349493086
 460 1.73463821 0.691009820 -0.809219241 -2.26888227
 461 2.51088214 1.38125408 0.399375021 0.655654132
 462 0.783782423 0.846494794 -0.547751367 5.98781109E-02
 463 0.961079717 -0.971713543 -0.207526535 -2.23877621
 464 -0.630333841 -0.498362064 0.273868471 0.912151635
 465 -0.704295337 -1.32464385 -0.783880949 -0.680580318
 466 0.445333004 -0.605847001 9.11302492E-02 -5.04198074E-02
 467 -0.585423589 1.66412294E-02 -1.21081364 1.90290916
 468 0.599437714 -0.333915472 0.451826751 1.64105809
 469 0.944358349 -1.51280141 0.563319623 0.642695963
 470 1.79492199 0.359663486 0.670379877 -0.541684330
 471 0.489295185 -2.46509981 -1.92405152 -0.270620018
 472 -0.833692491 -0.899035454 -0.720209837 -1.49112904
 473 0.772423089 -0.104689106 -0.192082226 -0.483662456
 474 -0.127258182 0.151129633 -0.713202775 0.392788649
 475 -0.264404953 -0.839145482 -0.149374008 -0.448227972
 476 5.12662046E-02 -0.842469335 -0.322951317 -0.465933204
 477 -0.712253451 -1.50260007 0.458974391 1.40230000
 478 -0.662777662 -1.22450757 -4.13533598E-02 0.298293293
 479 0.521102607 1.29106307 -0.639214277 -1.40601587
 480 -0.138935938 -1.53975594 -0.457942098 -1.53487325
 481 -1.44697034 -0.120859474 6.66906685E-02 8.85397047E-02
 482 -9.81619954E-02 -1.13240278 -8.86949152E-02 -1.69890165
 483 0.375987232 -1.18123341 1.80410624 0.272075802
 484 5.56413233E-02 -0.685170710 -1.44776213 -1.58015740
 485 -0.485728920 -1.54413271 0.817626059 -0.379847556
 486 -0.679197073 -1.11884028E-02 2.14339900 0.988725364
 487 0.160722375 -0.104578838 -1.45311737 -1.02664602
 488 4.82938364E-02 0.330060899 -0.349163622 0.416668177
 489 1.45616269 0.159022376 -1.34718096 -1.66926825
 490 -0.188936695 0.726619899 -1.00536537 -2.03075123
 491 0.586784542 -1.36551642 -0.278921783 -0.209882736
 492 -0.779924035 5.06089367E-02 0.410544515 -5.26450276E-02
 493 -0.886723995 0.441767842 -0.834664106 -0.702174783
 494 -0.723013759 -1.05583179 -0.314311087 1.04770958
 495 0.854706168 -0.837528348 0.738715649 0.392933488
 496 -1.49785328 -0.984544873 -1.05078912 -1.52998877
 497 -0.955838859 0.604120612 1.59720826 0.681775570
 498 -0.155835301 -0.880787492 -0.212314069 -0.761614621
 499 -0.804118514 -1.03908157 -1.18918633 1.33036554
 500 -1.10382259 -2.27505517 -3.60931778 -2.24695182
 501 -1.30229461 0.244024575 -1.21083736 -3.61565612E-02
 502 2.08012366 -0.355278492 -0.173662439 -4.77057099E-02
 503 0.464106619 -0.236137152 -0.278508782 0.600329220
 504 -0.674899995 -0.350211710 0.240340322 0.325701892
 505 -0.100943923 -1.88927519 -8.35341737E-02 -1.58773375
 506 1.34403765 -0.965023756 -1.66518474 -0.657299578
 507 0.121982038 -0.535681725 -1.77568781 -0.738768637
 508 0.667721570 -0.307402343 -2.18839693 -0.567602992
 509 2.30707383 -0.110139608 1.36696696 0.475186497
 510 0.638542771 0.893214703 -0.473434180 -1.82396054
 511 0.301088482 -0.557603359 -0.260264039 0.106308773
 512 -0.794836283 -8.55800137E-02 -1.37469029 -0.551155865
 513 -7.52208382E-02 -0.666543663 -0.192474306 -0.102905750
 514 0.864873409 -0.496234506 -1.40097785 -0.334368020
 515 2.29918575 1.10374939 -0.609712899 -2.36028647
 516 1.57470429 -0.826445341 1.76672494 0.256404698
 517 -1.04662627E-02 -0.791025996 0.910270214 -2.36636066
 518 0.459691942 -0.139416873 1.23749161 1.04480469
 519 0.390729249 -0.938656390 -0.151533544 -0.662415147
 520 -0.632468462 8.62756670E-02 -0.313877702 0.666463435
 521 1.64598560 -0.618978202 -1.17084146 1.26034570
 522 0.793100119 0.421980083 1.44332659 -1.13960993
 523 1.18628407 1.25286818 -0.326247394 -2.49838352
 524 -0.643315375 -0.403990477 -1.61330795 -0.515427947
 525 -0.603428483 -1.41129717E-02 -0.869037986 -1.00986838
 526 2.59473014 2.03389078E-02 0.635122716 -0.111062229
 527 0.165823072 -0.585716903 0.731900632 0.639852405
 528 0.831026912 -1.48313069 -0.541933060 0.202053756
 529 0.475977749 -1.63464642 -0.611535192 0.448821634
 530 1.16249502 -0.943969131 1.62981701 0.571119726
 531 0.997102857 0.308573067 0.371414483 -2.11337376
 532 1.49333656 0.462984353 -0.340093523 1.16133595
 533 2.13677049 0.391370773 0.744528830 -0.967416823
 534 -0.832259476 -1.94530189E-03 -1.01042569 -4.58265841E-02
 535 0.862709820 1.40392065 1.21017241 -0.683382511
 536 -2.98383273E-03 0.918550491 0.614575624 -1.20372450
 537 2.25410604 0.447767347 0.954296350 -0.368448973
 538 0.221373007 -0.571651578 0.933810830 -0.275178552
 539 -1.46941304 -0.767761767 -0.552491128 -0.189774066
 540 -0.815181255 -1.24523044 -0.557005763 0.516367793
 541 1.35073316 8.99471641E-02 -1.36153996E-02 -0.103005230
 542 5.41011542E-02 0.690661848 -1.90865707 1.42241502
 543 -0.637695253 -0.566045344 1.05884504 0.316569120
 544 0.365233749 1.06119084 0.583006084 -0.820254922
 545 -2.01850033 -1.18757999 -0.975525200 -0.949958563
 546 -0.318096727 1.25442743 -0.287839293 -1.23065734
 547 -1.52729797 -0.479785055 -0.470412493 -2.55929184
 548 -0.521972954 -0.277074516 -1.40623772 -0.177015617
 549 -0.562217534 2.50458792E-02 -0.357356131 -0.920251131
 550 -0.290607542 -4.79876548E-02 -1.16811669 0.311964005
 551 -0.245140269 -0.779201984 -0.357211500 1.65935993
 552 -0.331755757 -0.432271868 -1.70949030 0.619851410
 553 0.220598042 -0.258824021 -0.311113626 0.739761353
 554 0.460256904 6.19509965E-02 0.306865990 -0.565303802
 555 0.725622416 -0.691116929 -0.482005924 -0.143071979
 556 -0.926637053 0.306116283 -0.402731419 0.758491158
 557 4.09784913E-03 0.899650991 0.588191986 1.10053658
 558 0.545184612 0.208119527 -0.419253767 -2.27880740
 559 -8.72077271E-02 0.178364918 -1.31288767 0.164449736
 560 -1.10288930 -0.431879371 0.379719555 -0.435440660
 561 0.418482363 -0.935452044 1.10885310 0.422678739
 562 1.52587748 -1.16802287 5.77323958E-02 -2.07033181
 563 -0.525098681 0.862188220 1.12503946 -0.656906486
 564 -1.50694251 -0.851107776 0.355677098 -1.03128862
 565 -0.166469753 -0.653421700 -0.968063474 1.61218667
 566 -0.819961071 -0.648592889 9.06063318E-02 0.668689251
 567 0.447804034 -0.670001328 -0.737871408 -1.25273347
 568 0.926553130 0.622774124 0.181280941 1.54863763
 569 -1.50671113 0.649460793 -0.171374872 0.305636525
 570 -1.62748230 -1.86194897 -1.68832135 -0.378479898
 571 1.07056439 -0.670230389 -0.315821826 1.50447130
 572 -0.950783968 -0.341560900 0.167753845 -0.831945658
 573 1.51607561 -0.598719776 -0.420703590 -0.397838026
 574 0.433039844 -0.260506570 -0.667921305 0.828924894
 575 -0.552282810 1.47279227 -4.74854261E-02 -0.702006936
 576 0.812854707 -0.350782633 0.628669500 -1.52860343
 577 -0.712379754 -2.03267765 -0.484397173 -0.535099268
 578 -1.73291492 -1.70499039 0.414387584 -1.19881257E-02
 579 -0.621158421 -1.40840316 -0.798302770 0.656966329
 580 1.26540512E-02 0.107735828 0.127203465 1.58859205
 581 0.677229643 -1.42094982 -9.74177271E-02 0.173645630
 582 -0.502660513 1.39358807 0.328346133 -0.954851329
 583 -1.74163866 -0.925144494 -9.67933387E-02 0.209231585
 584 -0.624721706 -1.06016362 -1.19147420 -1.30902255
 585 0.832366526 4.73660082E-02 -0.669855058 0.108822316
 586 0.382998049 0.738574266 2.26606584 -1.50324512
 587 -0.773539424 -0.155100927 0.770041764 1.56787264
 588 0.225723654 -0.640577495 -0.483547926 -1.00704038
 589 0.596875072 -0.561398029 0.614274621 0.349889696
 590 -1.57861590 0.865387857 0.163039833 1.19359183
 591 0.262694418 1.37378168 1.17446232 0.351497412
 592 0.737879574 -0.585924685 -0.812355042 0.727985203
 593 1.61478090 -0.716407061 -0.701515317 -0.579320788
 594 -0.808754086 1.42507792 -0.195009172 -0.390722632
 595 0.555512547 0.311679661 1.25184369 -0.513217926
 596 -1.05457413 0.771722972 0.401915163 0.966238499
 597 -1.58754504 0.146836817 1.50660837 -7.99089111E-03
 598 -0.358585894 3.18661630E-02 0.215740323 -1.28881848
 599 0.665830612 -0.671835780 -0.497778535 -9.18358266E-02
 600 2.28592753 0.829620242 -2.94609368E-02 -0.620336652
 601 -0.523627162 -2.16299152 0.863031805 -1.36205792
 602 -0.470215291 0.470145196 -0.681012034 4.38388214E-02
 603 -0.353806853 -2.45844460 -0.400568306 1.52910221
 604 -0.404978156 0.460845411 -2.10228467 -2.01113653
 605 -0.139029235 -0.875490427 -8.68086964E-02 -2.20124054
 606 0.975461960 -1.40035951 -0.176840514 -2.00405550
 607 0.690705419 0.500571609 0.424321711 -0.572672725
 608 -1.22459829 1.75253904 -0.913143396 0.611662090
 609 -1.13244033 2.55727768E-03 1.82167745 -0.378195614
 610 1.18326795 -0.709605575 0.331774265 -0.191914871
 611 1.15207505 -0.911250532 5.24403825E-02 -0.317440689
 612 -0.794444203 2.66424417E-02 0.292989969 -0.424787015
 613 0.888948619 7.31011033E-02 0.195949316 -0.530430436
 614 1.15637422 0.740067363 0.482379377 0.426753134
 615 -0.866097867 1.37207484 8.20765644E-03 0.952110291
 616 1.42198908 1.63811207 -0.747109234 1.40630913
 617 -0.934049129 -1.25506282 -0.132999867 -1.66061044
 618 1.54569125 -1.05663192 -2.12294078 -0.179557160
 619 1.25118446 0.821372390 -4.33000773E-02 1.19747388
 620 0.960133970 1.03038073 0.345092058 1.00622928
 621 2.00313663 0.850743175 -0.167952061 -0.864405155
 622 -0.871637523 -0.486166984 -1.87805867 -1.33172393
 623 -0.477466494 1.05234480 1.15499437 -0.650278687
 624 1.16592646 -4.38137352E-02 -0.619182885 -0.459895670
 625 -0.360865682 -0.806334138 -1.11661553 -1.89586377
 626 0.109766752 -0.106408238 -0.487457901 -0.488621950
 627 2.19013877E-02 0.877124727 0.119235203 1.38320541
 628 -0.669009447 -1.01752496 -1.23374677 0.739638925
 629 0.305306584 -0.547782123 0.260014474 -0.310600698
 630 -9.22890101E-03 0.648832858 -0.799716234 1.23588085
 631 -0.486631036 0.241034329 0.200410068 0.224781260
 632 1.13029623 -1.77109003 -0.130521879 -1.07218826
 633 0.548697710 1.43784106 7.24680424E-02 -0.614965439
 634 -0.226667598 2.38128972 1.16471970 -0.223279715
 635 0.187639594 -2.13169765 -0.424318075 -0.899113655
 636 -0.574871302 -1.03212631 -1.23459065 0.620323658
 637 7.40220547E-02 1.93713498 -0.105289549 -0.234231263
 638 -1.61260295 -1.02288437 0.610572875 1.35413969
 639 1.54337871 -0.153641298 -1.03032672 0.556584120
 640 0.259066701 0.438789815 0.139350146 -0.637073934
 641 0.147498220 -2.39001036 -0.449049979 -0.702591300
 642 -1.23365605 -0.680214345 -0.308404326 0.959713519
 643 -0.353853315 8.33288655E-02 -1.62917280 -1.93654013
 644 -1.11104763 1.12955678 0.252088308 1.01491785
 645 -1.23831964 -0.610350192 -0.380802929 1.79106843
 646 -0.887563348 -1.53508294 -0.240675747 -1.23446429
 647 -0.745348215 -0.826175451 -2.08566785E-02 1.07446587
 648 -0.433237612 -0.521093547 -1.25836504 0.590025067
 649 1.04692101 1.64303184 0.720410645 0.670886815
 650 2.14221764 -1.24643910 0.268627226 7.27701858E-02
 651 0.447825372 0.657239556 -0.256530792 0.489516437
 652 2.06042385 1.39145613 -4.77812067E-02 2.02249265
 653 -1.57798088 0.131591290 0.122596391 -0.342188895
 654 0.591473222 -0.456989020 0.122975618 -2.74379301
 655 -0.411997080 -4.51066121E-02 -0.857664168 -0.280310988
 656 0.868775010 -0.473877728 3.27553302E-02 -0.196585983
 657 0.799482465 0.759763777 0.501430869 1.48164380
 658 0.727366626 -0.607842922 -1.22838593 -1.21509588
 659 0.223904416 -4.13016602E-02 -0.981915474 0.321272761
 660 0.209383950 -0.196528375 -0.982150376 -1.35308969
 661 -0.976863146 1.92552125 -0.131807894 -0.389777184
 662 0.327619016 -0.732791781 -0.504967690 0.282700211
 663 0.409668505 0.272040427 -0.123497248 -1.79953289
 664 -2.97036195 1.39371943 -1.05278623 0.287515938
 665 -1.17145562 -1.64097917 -1.06427789 9.39338207E-02
 666 0.511249959 -2.67546363E-02 -1.07745540 1.07952952
 667 1.56872869E-02 -0.538621902 0.319096833 0.649015009
 668 0.810331225 0.782644391 1.17902350 0.687227130
 669 -1.22565019 -1.44059944 -0.983614564 0.777769387
 670 0.777817130 -0.264064848 -0.129507631 -0.368191540
 671 -0.734428763 1.41824973 -0.708799958 -0.524304211
 672 3.94282043E-02 -1.23733664 -1.31555092 0.717793584
 673 -0.655994654 0.402463913 0.621369004 1.66778708
 674 1.50647092 3.91305685E-02 1.20645595 -0.476613164
 675 -0.945093095 0.672939122 1.14096451 1.19578803
 676 0.358073354 -0.826345026 0.225095242 -2.46055841
 677 -0.163685724 0.490116119 -2.86566690E-02 0.700692892
 678 1.74706805 0.482754678 0.231967747 -1.39519835
 679 1.12517464 0.220968366 0.302838832 2.02361155
 680 0.817170858 0.959556282 -0.453911185 -1.33566189
 681 -1.19320095 -0.147622257 -0.212790519 -6.90366402E-02
 682 -0.817066967 -0.657248080 -1.02176189 -0.560072780
 683 1.27076817 -0.248946667 -0.692066550 -1.63439870
 684 0.300847590 -1.82483089 -1.22247374 2.38146856E-02
 685 0.835251689 0.373635948 0.455330193 -1.36881173
 686 1.24044204 -0.582036495 -1.27183509 -1.24765420
 687 -0.960368276 0.412436724 0.518370450 -0.393220574
 688 0.446489215 -1.71002543 0.109841913 -0.860882878
 689 0.711274564 5.09269387E-02 -0.581660748 -0.360471189
 690 2.02258658 -1.10453284 -0.577623427 0.273082137
 691 0.618696332 0.551935434 -0.395679682 -1.86715209
 692 2.13507652 -1.09849846 0.575174868 1.25292361
 693 1.86738515 -1.11402297 -1.00954294 -1.33299756
 694 -0.568443537 -1.56990683 -1.18469834 -1.52365088
 695 -1.05921626 1.00029659 -2.50929999 -1.72217679
 696 -0.347356617 -5.09738028E-02 -0.215511054 0.208809629
 697 -0.597251177 -0.844221473 0.392019570 0.146413058
 698 2.02340531 -0.162607372 -0.460745931 0.263002127
 699 3.43328500 0.130900711 -0.391051412 -0.546702445
 700 -1.19140983 -1.29281747 -1.57194257 0.253411591
 701 -1.70068705 0.441911310 -0.950210512 -0.319315493
 702 0.187489703 -0.393016934 -0.322604775 1.07952046
 703 1.76175165 -0.497730166 -0.338176787 -1.50088990
 704 0.119211018 1.87652218 -0.890458703 -0.955566525
 705 0.170273378 -0.315406412 0.887562454 0.691735268
 706 7.34873265E-02 -0.273081481 1.26608491 -0.141582936
 707 -0.808953643 0.662656903 -0.424506575 -0.407595754
 708 8.61090422E-03 1.38055384 -0.799181163 -1.08618593
 709 1.11411357 0.651479721 -1.47701597 -0.312499940
 710 0.239216655 0.857690573 -5.50261587E-02 1.77961457
 711 0.291310072 0.473525465 0.681000352 1.66623068
 712 0.783261359 0.691602111 -0.681329846 -0.659839511
 713 0.192582190 -0.132082954 -0.924164057 0.356398821
 714 1.01394749 -0.170404077 -0.330813348 -0.270605624
 715 -0.366095632 -1.28198290 0.327291906 -0.454148114
 716 -0.619446516 -0.957421541 -1.55133772 0.550537348
 717 0.780866683 0.293463856 -0.220170304 -0.367017120
 718 -0.300457895 -1.75537932 -0.560711265 -0.485677630
 719 0.488110960 -0.367563069 -0.273460925 0.519685149
 720 0.536108494 0.607836723 -0.381697893 -1.09631610
 721 1.12495279 1.78468239 1.03445268 0.388062954
 722 0.278447479 0.158044279 -0.185591862 -0.707832336
 723 -2.02583170 -0.504819632 -1.33188391 -1.62262058
 724 0.631722689 -1.96113253 -0.338960975 -1.05123198
 725 0.373643160 -5.51750064E-02 0.181433946 1.38088369
 726 1.31592727 0.439661264 0.396502495 -0.794024825
 727 1.04129469 -0.631857634 -7.48731866E-02 0.394101202
 728 0.403836817 -2.01812053 -0.501928926 -7.40364417E-02
 729 -1.55927813 0.398673296 0.203022420 -0.641924977
 730 7.11404085E-02 0.121536843 0.759519815 -2.06314778
 731 0.670073688 -0.391697735 -0.836111903 -1.52419007
 732 2.60390162 -1.19803059 -0.685849547 -1.61716676
 733 2.64950544E-02 0.523024082 0.110882998 -1.12518871
 734 0.936977983 0.750881791 -1.25459468 0.875476837
 735 -0.104401276 0.516633868 -1.06703949 1.74567926
 736 -6.82942718E-02 -0.359051108 0.460360825 -0.219233707
 737 -0.505952477 0.697528124 -1.44907105 1.77695656
 738 0.353807092 -2.17652861E-02 1.26248944 1.33368838
 739 -1.59347582 -0.176252246 1.27207863 0.473819733
 740 -0.882000864 -0.863945842 -3.10200900E-02 -0.654297233
 741 0.564257562 -0.819831848 0.893728793 -0.292864054
 742 1.33263302 0.668027461 0.657771826 -1.05770743
 743 0.308206528 0.422767818 -1.29725456 -2.01705837
 744 -0.388977885 1.44614756 1.32818651 -0.232219920
 745 -1.32537603 -0.224286169 0.975976706 0.677502155
 746 2.07786894 -0.491805553 0.861963272 -0.634775698
 747 -0.386013061 0.129037410 -1.70996702 -0.264887571
 748 -0.485788703 0.285941362 0.228258759 0.881778538
 749 -0.907370150 0.526922762 4.82973754E-02 -0.144803450
 750 0.629315257 2.91828513 -0.247842088 3.68019640E-02
 751 -0.849016845 3.48830223E-02 -0.697500408 4.44909781E-02
 752 -0.622821212 0.610956371 -2.65744627E-02 0.515824676
 753 1.22764897 0.632648289 -0.158937812 -0.644425809
 754 -1.03890324 0.868417919 -0.474681526 -0.376443386
 755 -1.71372640 -1.11557007 -0.397175372 1.65973949
 756 0.655518949 -1.05502975 -0.450257123 0.958485305
 757 -0.928212404 -0.533843160 -0.518109143 -1.03515768
 758 0.530005455 -1.49460483 -1.83473900E-02 0.941920459
 759 -0.464694679 -5.62710762E-02 0.211688668 0.883894205
 760 -0.702142656 -1.46919668 -0.279525101 0.375033975
 761 -1.68415582 -1.15667544E-02 -5.28449118E-02 7.89192170E-02
 762 -0.320121050 -0.979779482 0.339654863 -2.42108107E-02
 763 -0.233126596 -2.38269162 -1.66230071 1.46829879
 764 -0.386539280 -1.25567222 0.564488113 -0.817109942
 765 -0.575420618 -0.844545603 0.327078193 -0.366069525
 766 -0.725323081 -0.770874918 -2.03512406 0.595104277
 767 -1.25932646 0.272112668 -1.86636126 0.878208339
 768 0.317808509 4.89228368E-02 -0.889688909 0.295923829
 769 -0.478426278 -0.238817424 0.660288274 -0.489085436
 770 -1.97865888E-02 -1.52806342E-02 0.601781666 0.638771653
 771 -0.455678642 -0.320017159 -0.915375829 -2.00153327
 772 -0.556095362 -2.14859319 0.140773773 0.354379982
 773 -1.12085128 -1.36918616 -0.263398826 0.630800009
 774 0.523097157 0.332161158 0.125170365 1.56262481
 775 -0.192401394 1.31299233 -0.748274446 -0.808376551
 776 -0.314931452 1.04194129 -0.861391664 -0.801228642
 777 0.129521877 -0.860951364 -1.10096920 -0.378560007
 778 2.82264256 1.52682972 0.909165442 5.29977418E-02
 779 2.00931501 -0.943641901 1.60644591 -1.27635002
 780 1.07739568 -0.725826502 -0.494464248 0.434282273
 781 0.873809636 -1.47371864 -0.251417577 -5.67875132E-02
 782 -0.482707679 0.513794005 -0.877387285 -1.68630826
 783 -0.163314015 -1.97911412E-02 -0.530452013 -0.772866607
 784 0.380014598 -0.755215049 -0.260123074 -1.33348358
 785 -1.81833422 -1.22953963 -1.11969137 -0.579028547
 786 -1.27532423 -0.700372040 -1.45889497 0.408967793
 787 -1.26828027 0.176334381 -1.74207330 -0.190809950
 788 0.610470891 -1.97470522 -0.994212747 1.07748652
 789 -0.250513434 0.790272713 -0.227729678 1.63707530
 790 -0.371324450 0.869066417 1.21489441 -5.76406121E-02
 791 -8.46042298E-03 -0.269152343 -1.40098310 -1.45893443
 792 1.28799963 -0.774644315 -1.26419342 -0.437642723
 793 -1.18897116 0.434932917 -0.911385059 0.568502069
 794 0.257114708 0.613797545 0.250917405 0.528921485
 795 7.03693777E-02 7.81544298E-02 1.59332156 -1.40468097
 796 0.656321704 -0.267414212 1.64947659E-02 -0.512736559
 797 1.53340697E-02 -0.619809449 -1.54785919 -0.778021574
 798 8.22388083E-02 1.06965148 0.397412449 -0.348372102
 799 -2.44056892 2.07113624E-02 -0.697114587 1.43202293
 800 -0.814582586 1.44774473 0.160612315 0.916071296
 801 -0.605189800 -0.800377607 -1.27396083 -1.08642340
 802 0.373779327 -0.208509862 -0.805409372 -1.51116037
 803 8.87050927E-02 0.235511720 -0.544415176 -0.114922017
 804 7.92820901E-02 -0.880483568 -1.34891355 0.330280602
 805 0.638964057 -0.527521133 0.878992677 0.829113603
 806 0.819445252 1.72751725 -0.629131615 0.429422975
 807 1.35822392 -0.307865411 0.583699465 -2.87248683
 808 -1.57937646 -1.20542192 -0.646874785 1.21974742
 809 0.491296828 -0.748039067 0.430489898 -0.742561340
 810 -5.80690242E-02 0.273440391 0.412213176 -0.221642777
 811 -1.90651739 0.765116096 -0.279885113 -1.49073219
 812 0.279372245 1.65802014 -0.316517115 0.169054881
 813 0.781304717 -0.465769798 -0.713212848 0.770545721
 814 1.73701000 -1.50763579E-02 -1.49368739 1.48100924
 815 9.89720225E-02 1.66372275 9.23498794E-02 -0.594626546
 816 0.136364788 0.499429375 -1.05863130 -0.493845344
 817 0.193015173 0.111588329 -0.309515059 0.205615610
 818 -0.653269291 0.959392548 -0.526002228 -0.917334020
 819 0.731000900 0.197423309 0.265423715 1.30495048
 820 -0.777593732 0.874727309 0.475733191 0.723626494
 821 0.448622286 -0.147741050 -1.82330087E-02 -0.496407866
 822 -1.58062959 0.593405724 -0.483109772 1.81839859
 823 0.771234512 -0.476228476 -0.220679447 -0.693146467
 824 1.30733764 -0.248941943 -1.01200557 -2.14767814
 825 -0.689013600 -0.917522609 -2.12842965 -0.319654882
 826 0.650177479 -0.477633387 0.461045235 -0.364714891
 827 -0.956340671 0.461699754 -2.22000194 -0.800315499
 828 -0.762670875 -0.530393481 0.177512437 -0.375620902
 829 -1.21235323 0.879975080 0.733946383 0.690641999
 830 -1.04887402 -0.121312439 -1.02523065 -1.23488760
 831 0.340944707 -0.954404414 -0.258993298 0.464058816
 832 -1.37675190 1.30324638 0.567844808 0.829977155
 833 -7.97148719E-02 -0.900117636 -0.603177309 1.15649724
 834 9.60452408E-02 -0.796200335 0.588746965 0.520767212
 835 -3.25311162E-03 0.415820956 -1.19368088 2.38824561E-02
 836 -1.15640700 1.65932178 -0.323031336 -1.41726792
 837 1.22157609 -0.992196560 -0.380941331 0.174304605
 838 2.01571679 -0.366952896 -0.136081189 -0.383032441
 839 -9.00235176E-02 2.01780653 -8.59094933E-02 0.297567517
 840 -1.81372613E-02 -1.10645235 -1.00726521 -1.55946410
 841 0.974700809 0.667791486 -1.08563578 -0.779240727
 842 -0.768942475 5.47922999E-02 -0.789031863 -2.03795481
 843 -1.68593025 -2.33514118 -0.446237922 -1.03623760
 844 -1.04914629 -2.23438367E-02 0.937469721 0.103603706
 845 -0.300767422 1.19612575 -0.372822315 -0.260564029
 846 0.677572966 0.922134757 6.18531555E-02 2.17623971E-02
 847 -0.597104430 0.321152836 -0.822264194 -1.43901896
 848 -0.386726618 -0.401485264 -0.955810308 0.515044153
 849 -0.991092563 0.756988108 -0.513117254 -0.721827507
 850 0.495879441 0.396632284 0.957069516 -0.795324266
 851 -1.73967540 -1.20666087 -5.27910069E-02 -0.598143816
 852 -0.477137625 -4.51258011E-03 -0.435481489 -1.41825855
 853 1.80831838 0.209307402 -1.97022390 1.17349362
 854 -0.599288285 0.248347998 -0.798840761 -1.35395861
 855 -1.00590861 -0.413124681 -1.02411389 -0.555395603
 856 -0.236021921 0.230380923 -0.618071556 0.132199928
 857 -1.45386541 -0.505388021 -0.880818188 -0.422176063
 858 -0.443420649 -3.25628817E-02 -0.938954949 0.624017060
 859 0.581353962 1.25617039 -0.814483583 -1.43307948
 860 -0.216027826 7.50402883E-02 -0.793752611 0.393270701
 861 -0.723444819 0.497749120 0.876769722 -0.588757932
 862 -0.263332129 -3.35828495 -2.23473978 -0.851847529
 863 9.89622399E-02 -9.58681405E-02 -4.10052687E-02 -1.12866104
 864 0.183767110 -0.832458615 1.47252929 -1.32873011
 865 -8.93875882E-02 -0.455964267 -1.48041695E-02 -1.03770566
 866 0.293842286 0.328350812 0.482720166 -0.413852900
 867 -0.340044588 0.333021700 -0.213529199 2.10337210
 868 0.140111402 -1.20284998 -0.790085316 -0.464634061
 869 -0.270530462 0.540312171 -0.774085283 0.220936805
 870 0.169887125 -2.28235292 -0.235781565 0.423920482
 871 -1.06328368 1.80765975 -0.177932039 0.582575679
 872 0.167712539 -1.60597217 0.232504308 0.858413756
 873 -1.63840568 -1.31820655 -0.266515851 0.144510537
 874 -0.389640510 -1.23121357 0.282353640 -0.166890353
 875 -0.106331825 -2.74249172 2.60083973E-02 1.03473616
 876 0.847138047 0.808503270 -0.412848830 -1.24557734
 877 0.252695262 0.621542394 1.92322707 -0.390823483
 878 9.67024565E-02 -1.05768394 -1.45723057 1.05116904
 879 -0.842906535 -0.374355614 -0.419525802 -0.178731054
 880 2.26674795 -0.326393157 -0.235817388 0.589714944
 881 -1.00053394 0.657986939 -0.743786454 0.882537544
 882 -1.72281849 0.492629170 0.629831672 -0.727416813
 883 -1.44284534 -0.359139025 -1.13347673 -2.17703629
 884 1.23541617 -1.06119514 -0.262274563 -0.490941823
 885 -0.401341021 -1.64973736 -0.475134790 -0.655207276
 886 1.34382427 -1.14514899 -0.767124772 -1.06022930
 887 -0.626731992 -0.650361478 -0.121389344 -1.26376998
 888 0.691550970 -0.173798740 -0.599241555 -0.251286745
 889 0.244309098 -0.830922723 -1.06188297 -1.54644644
 890 0.708416104 -0.593713999 0.848331690 -0.858930469
 891 -0.442869037 1.08018589 0.115872830 0.919312835
 892 -0.216781393 -1.13970935 -5.40314913E-02 -0.139169887
 893 0.258136928 0.117672458 -1.42489088 -1.58566189
 894 2.10193181 -0.885786891 -0.607378542 -0.854836643
 895 0.659857988 -0.469410151 -0.238230675 1.10587573
 896 0.283682317 9.53178555E-02 -0.357222438 1.45409966
 897 0.959295154 0.514032066 -0.707103610 -0.986697555
 898 -0.482196808 -1.22004843 0.287471950 -1.31091952
 899 0.905171990 2.09292603 8.39359611E-02 -1.04674828
 900 -1.47568309 -0.582530618 0.164863229 0.865847647
 901 -0.605673254 1.70995522 -0.105734341 1.01382375
 902 0.510557055 -0.667614102 -0.387893140 -1.32142961
 903 1.82941484 -0.757755339 7.35189244E-02 -1.10508168
 904 0.410857618 -1.58204830 -0.886269391 8.76891315E-02
 905 0.792570114 1.22414207 -0.363882899 1.11708641
 906 -1.72111392E-02 -1.52339494 -0.925912440 1.37591779
 907 0.243045002 -1.42999327 -1.88986015 0.125844657
 908 -1.52349770 1.45261848 0.165318996 -0.118390441
 909 0.217045382 -1.95016730 -0.641085684 -0.153648198
 910 -0.676837623 -1.25749063 0.172773644 0.681667447
 911 1.73481596 -0.654649138 -0.612243176 0.831117511
 912 -6.24119937E-02 -0.334844768 0.645210564 3.20208631E-02
 913 0.691814005 -1.90674675 0.302533507 1.44618070
 914 -0.334195763 -0.962808311 8.26183334E-02 -0.892277956
 915 -2.27014828 0.985585511 -1.61315465 0.232949287
 916 -1.65371740 0.289553910 0.298020422 1.50869656E-02
 917 0.693075538 0.749694407 0.183090478 1.62870443
 918 1.74755788 1.53836703 1.94399487E-02 -0.138572723
 919 -6.43493235E-02 0.663673341 -1.19622457 0.198055685
 920 -7.92730600E-02 -2.05983210 -1.21993446 -2.50073051
 921 -1.39536285 -1.25342107 0.152261481 -0.897052050
 922 -0.692278445 0.482451439 0.738538623 -3.25773731E-02
 923 0.207696974 -0.345309377 4.76644486E-02 -1.56218410
 924 -1.06913638 -1.55725050 -0.815320611 7.85072967E-02
 925 -0.239478409 0.974086285 -0.709991515 0.934091032
 926 1.40411663 -1.16675937 -1.09698939 -0.356680155
 927 -0.635881662 -0.578168988 -0.740535378 -8.84600952E-02
 928 1.11350226 1.18019366 0.503831446 9.66046900E-02
 929 1.05357933 -0.989247918 0.703673840 -1.24000835
 930 -0.798592091 7.14649558E-02 0.299387604 0.723644078
 931 -1.65286767 0.411398470 -1.51918900 -0.575801373
 932 6.59298301E-02 -0.412655801 -1.51325798 -0.546693623
 933 4.48489711E-02 -3.74528766E-02 -1.68064821 -0.826953650
 934 -2.16997027 -0.142318130 0.246965781 8.36670399E-03
 935 -0.524822593 -0.861699939 -0.246012062 0.198575199
 936 -0.190788537 -0.394642442 -0.140073329 1.51197767
 937 -0.616143823 0.183655590 -0.369313121 -0.400044680
 938 1.15050602 -0.805999815 0.198132679 -0.239156157
 939 -1.50773108 -0.283064187 -0.585820317 1.83073616
 940 7.84650147E-02 -0.180453271 -0.242156953 -0.321067989
 941 1.67224550 1.20132184 -9.43467692E-02 1.47405195
 942 -0.187883437 -1.05257773 -1.19254601 1.04565144
 943 -1.08449149 0.930548906 -0.215584278 -0.629186511
 944 8.69188532E-02 0.326319993 -0.882225394 -2.40145731
 945 -4.45475951E-02 -0.438061506 -0.290894032 1.23477209
 946 -0.643973589 5.50946742E-02 -0.596166670 1.71108723
 947 -1.68746614 -0.228002355 1.29469204 0.402914375
 948 -0.357515007 1.39599967 -0.150636122 -1.66223896
 949 -1.95941353 -1.34467745 -1.49721789 0.851668000
 950 0.787139177 -0.257237136 -0.232022613 4.76153083E-02
 951 -0.896010280 0.475188345 -0.644881845 0.660951197
 952 -0.977425814 1.37202287 -0.247494683 -9.67788994E-02
 953 0.595048070 -0.749012113 -1.97887540 1.83536267
 954 -1.16896355 -0.959725440 -0.423408270 0.150127307
 955 -0.364198387 0.373487711 -1.46470833 -0.439096332
 956 -1.19336510 0.544289231 1.12111783 0.883010983
 957 -0.725553989 1.17300880 0.503182590 0.260006368
 958 -2.12395811 3.95314395E-02 -0.264091581 1.36908650
 959 -2.02854133 -1.19929039 -0.878454030 1.02347064
 960 -0.774884403 -1.17146349 -1.02428174 -0.710346639
 961 -0.444327682 -1.49333560 1.14650464 -0.619766116
 962 -0.649892092 -0.259250969 -0.788932383 0.480214447
 963 -1.00136888 -2.49673581 -0.916411519 1.33881307
 964 -0.877729714 -9.08950418E-02 -1.26735735 -0.238759264
 965 -7.53878206E-02 1.49154067E-02 0.459248424 0.898186326
 966 1.02029109 -1.60066802E-02 1.08393049 -1.35293710
 967 6.83985651E-02 -0.696183801 8.53152871E-02 -1.22917581
 968 -0.124032788 0.781805038 0.371976793 1.61877573
 969 0.354274094 -1.31055868 -0.660795450 9.68845636E-02
 970 -0.163040519 -1.05936956 -1.80407560 -0.202142432
 971 -1.34973121 -0.549260736 0.443849146 -3.16295475E-02
 972 -0.219247699 -0.682235062 -2.37943959 -1.77874362
 973 -2.11549067 -2.86965537 -0.833698750 3.01145017E-03
 974 0.151292652 -1.14914715 -0.173996672 -1.61791205
 975 0.610363007 0.466185391 -0.553531826 0.769218147
 976 0.207619607 9.40851867E-03 -0.867590249 -2.70351553
 977 -1.44046187 5.41985035E-03 0.697789431 2.05387783
 978 -0.993612230 -0.478788853 -0.403266072 -2.03016376
 979 0.687099636 0.713663101 -1.24759364 0.893749654
 980 -1.97506738 -1.88067806 -1.10991573 0.118963011
 981 -7.77154416E-02 -1.16502762 -0.622543871 1.53618252
 982 0.916674733 -1.39877605 -0.735595942 -1.45443845
 983 -1.04445350 0.203522637 -0.460910439 -0.289285421
 984 0.828698039 -0.296254247 -0.463065624 -2.01008010
 985 1.09426296 -0.999433577 -0.670119584 -2.58254623
 986 0.392144531 -1.64342797 -0.180911779 -1.28769481
 987 -0.116517574 -0.400437653 -0.604048252 0.817370296
 988 0.643696845 3.28110754E-02 0.774481177 -1.11857855
 989 -0.687903225 -0.850325108 -1.64630783 2.78202295E-02
 990 0.608560979 -1.59541690 1.92933619 1.08485460
 991 -1.07405841 -0.593666494 0.465792567 0.908231437
 992 -1.07765675 -0.196166694 -0.227046102 1.43457091
 993 -0.126151919 -1.27071440 -0.625367582 0.646571815
 994 0.733625054 0.756284773 -1.05817986 0.995066822
 995 0.547581077 -1.70827651 -0.459510863 -0.593301415
 996 0.568872929 -0.751901269 -0.282357603 -0.430691630
 997 0.337006271 -0.963001132 0.300641537 0.295951009
 998 0.359462976 -0.561989427 0.301521063 -1.01390672
 999 -1.17590272 0.293691754 -1.27129173 -2.49880743
 1000 0.559129715 -1.97126138 -0.344726801 -0.980173588
 1001 0.400072962 0.674092829 -6.55393898E-02 -1.16257691
 1002 0.633104086 -7.24127889E-03 -0.534281433 -1.58425045
 1003 -0.487539321 1.14227486 -1.22291446 0.273659497
 1004 0.572635055 -0.956834674 1.12230635 1.59898448
 1005 1.07504940 1.96101391 -2.23749852 0.558245361
 1006 0.192420140 -0.225494355 -1.19500828 -0.591562986
 1007 -0.644478023 0.110263050 -0.844655871 0.828719139
 1008 -1.09461772 1.38144410 3.70102823E-02 3.74847688E-02
 1009 -0.877993584 -2.21459866 0.656350851 0.724981487
 1010 8.54438171E-02 -1.87673187 -8.64034146E-02 -0.446722746
 1011 -0.172908545 -1.79898190 -0.550695181 -1.39372170
 1012 0.936263382 -1.09724534 0.643195152 0.776961327
 1013 -1.37526524 -0.898157716 -0.492125213 -1.29769874
 1014 1.45946383 -2.14673328 -0.534632623 -0.138111353
 1015 1.12848473 1.16671920 0.322994471 0.123879172
 1016 1.33723402 0.837483644 -0.292528003 -1.05777550
 1017 7.76509494E-02 -0.521961570 -0.851822436 -0.292039096
 1018 -1.38106871 1.04999924 0.432241201 0.520679832
 1019 0.362018555 -1.20636845 -0.322095722 -1.63136494
 1020 -1.08509207 -0.336099237 -0.490190029 -1.14083326
 1021 -1.03695166 -0.763856769 -0.331504732 -1.83330500
 1022 1.21466148 -0.172560483 -0.964300394 1.29484046
 1023 -1.39395654 -1.51398265 0.360804170 -1.72070312
 1024 -0.302759111 -0.747813344 -0.372964144 1.58671296
 1025 -0.528143048 -1.39366615 -1.19718623 0.629615128
 1026 -1.74521255 0.216963753 -1.50206733 -1.22947729
 1027 -7.40723908E-02 0.489599466 -1.01773143 -1.43210375
 1028 -0.275376797 -1.23226213 0.568615079 0.736052871
 1029 0.306486279 -2.09717202 -1.50191402 -1.06407654
 1030 0.197549552 -0.512591243 -1.58777428 1.33662248
 1031 1.72976661 -1.68012941 1.79710865 -4.81617860E-02
 1032 -0.557766557 1.04519629 -0.779654086 -1.00494981
 1033 2.06344509 -1.82378244 0.167774856 1.78627849
 1034 -0.513689280 0.846889138 0.967426538 0.696181417
 1035 -2.57864892E-02 1.67228258 1.84295082 0.644698620
 1036 -0.958082020 1.22455812 1.59214449 0.909875870
 1037 -1.55849409 1.48357177 -0.226962060 1.09438384
 1038 -0.518369198 1.25463092 0.863195300 0.957961798
 1039 -1.02381706 1.99586117 1.79893422 0.867074072
 1040 1.40981007 0.897826672 2.77186942 0.914224982
 1041 -0.436731726 0.994180620 0.841185153 1.57148480
 1042 -0.503659785 1.21611488 2.34748530 1.08557808
 1043 -0.495158434 1.15372896 0.828752100 1.59188688
 1044 -1.22119057 1.03244174 -0.420963943 1.20593011
 1045 -0.334778488 -0.387128055 1.52721214 1.40086079
 1046 -0.832765222 0.959357738 1.99018919 1.14829957
 1047 0.133414716 1.77377439 0.477714956 -0.428997904
 1048 -1.66227329 1.90107882 1.86628878 1.23208952
 1049 -0.882560611 0.573730171 2.18556452 1.32360375
 1050 -0.895289779 1.18384349 1.75505304 -0.648343801
 1051 -1.54922867 2.30691528 5.83339818E-02 1.58469963
 1052 -0.680451512 0.842069268 0.849540591 0.600161910
 1053 -1.22919106 0.813107014 0.595335484 1.06604207
 1054 -1.37373507E-02 0.970908225 1.28367150 0.940388501
 1055 -0.588066041 0.926096678 0.853558064 0.622397363
 1056 -0.440509379 2.40850210 0.897662401 1.20942962
 1057 0.735221922 1.47874522 2.24305487 0.945903420
 1058 -0.855274141 -0.208461329 1.66955411 0.961982429
 1059 -1.16416001 0.374064326 2.13934302 1.72780514
 1060 -0.141411364 1.03997183 1.80125737 0.809558809
 1061 -1.01584578 1.14618409 0.516953051 1.03368258
 1062 -0.906487942 0.976547241 -0.905082166 1.00478292
 1063 0.906372607 -5.64521812E-02 1.17071593 0.939681709
 1064 1.19317317 2.46856117 0.933852196 1.13381815
 1065 0.308879375 0.345632017 -0.282517016 -0.443582773
 1066 -0.152852759 -0.539440870 2.07287121 -0.110348821
 1067 -5.98773472E-02 0.591031492 0.685174823 1.39343047
 1068 -0.364736974 1.63921165 0.493101388 0.576358795
 1069 0.565493166 0.397630543 1.84899652 0.696421027
 1070 -1.19475412 1.52039456 2.04774451 0.640950322
 1071 0.318248153 1.31113076 2.19807267 1.57942176
 1072 -0.624919295 0.916346550 0.701564968 1.36446345
 1073 -1.33008170 0.436553955 1.90345609 6.03253860E-03
 1074 -1.47733235 0.236094922 0.643164277 0.948902369
 1075 -1.18985856 0.992348552 1.29463565 1.09086752
 1076 -0.624415517 -6.12935759E-02 -9.69385132E-02 1.33114552
 1077 -1.15382433 -0.123137742 0.869914472 0.119452707
 1078 1.41702306 2.68013024 3.26627183 0.244224131
 1079 -0.315150648 0.815218270 0.403197646 1.21411991
 1080 -0.933972836 -6.81759119E-02 1.07675779 -0.103008561
 1081 -1.48074472 0.337733388 0.416615993 0.654891551
 1082 5.43216281E-02 1.47736967 0.259123474 1.25137818
 1083 -0.392697155 2.92008966E-02 2.09853292 1.27847099
 1084 -0.638160169 1.32945275 3.03931570 -0.437242329
 1085 -0.402049541 1.13193536 0.472505093 1.26662624
 1086 0.881610751 2.40737033 0.539167583 1.11816514
 1087 -0.776539922 2.03778934 0.608614802 1.31084883
 1088 -1.91356397 2.50006676 0.491924435 1.21316087
 1089 -2.28287077 1.61009848 0.497046620 1.27636242
 1090 -1.39973438 0.369222343 1.57021940 0.891619802
 1091 0.544735909 7.93422610E-02 0.984871030 0.604695439
 1092 -0.136875734 2.80533028 1.64379144 0.241707265
 1093 -0.763807774 1.09595966 1.58011234 0.718232453
 1094 -0.966216803 1.47730505 0.886037588 1.23347020
 1095 1.13738775E-02 2.02936339 0.856519520 0.626369536
 1096 0.870589137 0.958877981 -0.516450882 -0.520965695
 1097 -9.50942785E-02 1.26302361 2.89278269 0.966829538
 1098 -0.262699485 0.847285330 2.26644349 -0.641566157
 1099 4.49399352E-02 1.49196410 -0.487779737 1.28976023
 1100 -0.574218929 1.41342771 0.495211840 0.751001894
 1101 -0.194415331 0.385856003 0.915812135 1.65352237
 1102 -0.664878190 2.35129046 0.161792919 1.57874095
 1103 -9.71852690E-02 1.31028056 1.35812306 1.01919794
 1104 -1.28537834 1.94325793 -0.741324902 1.55359709
 1105 -0.181784183 0.267343760 1.17916179 -0.108112633
 1106 -1.26681113 2.23793149 -0.222004116 0.784800649
 1107 -1.62791145 -0.295344025 1.54323804 0.607777596
 1108 -1.41518191E-02 0.447612435 1.11741304 -0.510450602
 1109 -0.969970345 2.33406496 2.28762627 1.26362908
 1110 -9.45422053E-02 1.01668382 1.12791967 0.381918788
 1111 -0.803742647 0.612111270 4.08442616E-02 0.356494457
 1112 1.03027368 0.629441798 1.33349752 -1.00132060
 1113 0.681999922 2.14718866 1.06318629 1.36047065
 1114 1.95899749 1.41345000 2.33420873 1.07440650
 1115 -1.04612076 0.989845455 0.915699482 1.03227115
 1116 -0.273497015 1.48682165 1.82435036 -0.280990303
 1117 0.151686355 0.672692418 0.823500216 0.968988061
 1118 0.603852928 -1.16415918 1.58281791 0.525776565
 1119 -0.807604074 2.10313320 -0.976628840 1.17596591
 1120 1.32568336 0.571864724 2.26671863 1.06267476
 1121 -1.99316108 2.19399762 0.555471182 1.28112519
 1122 -2.15936208 0.650424957 -0.703376532 0.198316783
 1123 -0.637294769 -9.12114978E-03 1.00405073 0.280285478
 1124 -0.799998760 1.11041522 1.50958955 1.28842640
 1125 0.329815269 1.11163247 1.24347091 1.08419001
 1126 -0.954699457 2.66659355 1.53193557 0.799719870
 1127 -0.810660601 2.02650476 1.99351549 0.940868914
 1128 -1.43262875 1.76597965 1.33870482 1.11077940
 1129 -0.235981435 2.43209076 0.270413518 1.03299069
 1130 -0.292703092 0.762799799 1.06034184 1.35274768
 1131 -0.768056452 1.16555822 2.85826898 1.15214598
 1132 -2.25024247 2.38475561 0.671944141 6.37960732E-02
 1133 -0.422007382 2.91311026 2.35628247 1.22036397
 1134 -3.96907032E-02 1.59623682 1.74869394 -2.42504440E-02
 1135 -0.181927875 0.268394828 2.26597524 0.915633321
 1136 -1.59129882 0.651749253 1.42886233 0.499803901
 1137 -2.48181280E-02 0.166549802 0.600669205 -0.521125674
 1138 -1.13636172 0.953120232 2.27941871 -6.60570860E-02
 1139 0.812815249 1.41795337 2.28189754 1.04409599
 1140 -1.18906355 0.920058131 0.895838261 0.923355103
 1141 -1.75829720 1.35697341 0.959779084 1.20395172
 1142 -0.716131091 -1.25660908 0.804338753 1.04419899
 1143 0.429562449 1.42409790 1.99808896 0.890816331
 1144 -0.116292730 -1.83720660 -1.67691731 -0.700013161
 1145 -1.11760533 -0.536875606 2.39779902 0.759371936
 1146 -0.285958171 2.26288772 1.78949523 0.943604469
 1147 -1.00547159 0.867030203 -0.258303106 0.716956317
 1148 -0.174692631 0.540830374 1.96386588 0.780426323
 1149 -0.499862641 2.01399279 -0.555605352 1.13697553
 1150 3.00273657 0.112064198 0.634431541 -2.82915980E-02
 1151 -0.200812876 1.67805052 2.28425837 0.667796850
 1152 -0.369532049 0.241658434 0.995933056 0.941455007
 1153 1.42739964 0.246959001 3.07930183 -5.79784736E-02
 1154 0.307973981 0.825217664 1.73832190 -1.30887628E-02
 1155 1.11497080 1.18567657 0.523808777 0.710533142
 1156 -9.55855995E-02 1.54366207 2.29165554 0.808434784
 1157 -0.891646743 -0.111588642 -0.889180243 1.05154610
 1158 -0.403660953 0.338792592 1.62058866 0.770933747
 1159 1.64095819 -1.23383176 1.25511193 0.842317402
 1160 0.350545734 -0.608088970 2.31611490 0.977675736
 1161 0.947489679 0.995295823 1.56983638 0.474354863
 1162 -0.366611958 -4.51026186E-02 1.07000995 0.911666751
 1163 0.236394167 0.182535529 1.35619378 0.491922855
 1164 0.761306167 -0.637704730 1.96901584 0.906366289
 1165 0.219902217 -1.28425777 2.61131096 0.652958155
 1166 0.241223529 -0.393956840 5.07886112E-02 0.684334934
 1167 -5.69751114E-03 9.36442539E-02 1.53844202 1.23864281
 1168 0.726405501 -0.308228254 1.88192356 -0.695097566
 1169 -0.178797260 0.227609411 1.56117129 0.859909177
 1170 -0.517795146 0.175234318 -0.156943724 0.130522460
 1171 0.648675799 0.290447593 -7.60329366E-02 0.686557174
 1172 0.692062378 2.32535744 2.26429987 -0.733027577
 1173 -0.301996768 0.561618745 -0.388743579 0.979952455
 1174 1.37093127 0.363926828 0.930924833 0.771430552
 1175 5.07459044E-03 2.12431049 1.11241221 0.796010971
 1176 0.541169703 1.09786999 3.55512261 1.31009972
 1177 -0.815089166 -0.107789695 0.463964045 0.587664366
 1178 0.838068128 0.351001352 -0.913329244 0.105818801
 1179 0.660786688 0.480217457 2.45452666 0.280541450
 1180 -2.11773396 -1.32184148 1.24514806 -0.192101419
 1181 0.526774049 2.69291401E-02 3.11384082 0.509616435
 1182 0.136389524 0.279124737 2.51315594 -1.11725116
 1183 0.331556469 0.713335693 -0.645445168 0.720048606
 1184 -1.72488034 0.387583286 0.369961858 -0.848285317
 1185 0.101975471 0.812358797 1.88754201 0.252029687
 1186 -0.142491281 0.667516947 1.21959066 -9.03042182E-02
 1187 1.02951050 -5.85430637E-02 1.65682411 1.26301146
 1188 1.07510543 1.25161493 2.05012107 -0.263082325
 1189 0.148590073 0.161447674 2.75224400 0.800326407
 1190 0.146557435 0.443494648 2.64997625 -0.263604730
 1191 -1.51622248 0.370851129 -0.115884840 2.32819691E-02
 1192 0.133882374 -0.938516974 3.29828191 0.886463940
 1193 1.35955381 -0.182475984 2.20618099E-02 0.750972033
 1194 0.709241807 -1.67054534E-02 -0.489093840 0.609234810
 1195 1.76861608 0.887451708 1.30974114 5.70775792E-02
 1196 -0.643346190 2.89479256 0.850836813 1.19764757
 1197 0.333124101 -0.541824639 2.31286359 0.765259624
 1198 -0.222391874 0.265428245 0.280000091 -0.713661492
 1199 3.03653516E-02 -0.184002116 -1.60255879E-02 -0.113280408
 1200 -0.476132274 0.448204100 1.73282909 -0.288575143
 1201 -2.17303634E-02 -0.207915634 1.69686186 1.14629507
 1202 -0.463025004 -0.660216630 0.997170091 0.931730986
 1203 -0.672163606 -0.369749457 1.81397820 -3.84810343E-02
 1204 0.360926002 0.408523947 0.229228944 0.805597246
 1205 0.406258464 1.81701744 2.11416960 0.313612759
 1206 -0.584057152 1.53107786 0.934987605 0.810544968
 1207 1.35001767 0.774092078 0.750383556 0.620580673
 1208 1.56474185 -0.396427155 -1.21200907 -2.43150145E-02
 1209 0.309045076 6.34047985E-02 -0.671574771 -0.213241547
 1210 -1.77013290 0.463741720 0.342480332 0.245315284
 1211 0.569661736 -0.126317829 -0.310976744 0.899399996
 1212 0.482003808 0.701452255 3.48727846 0.538980484
 1213 0.738140225 0.207772657 -5.60097396E-03 0.202464908
 1214 -1.14175141 1.83473957 1.92425919 1.04207397
 1215 -2.29894876 0.376049429 0.845039964 1.09655046
 1216 0.575375259 2.99880886 3.08590746 0.534064054
 1217 4.40425053E-02 0.811411321 0.313276708 0.223450333
 1218 -0.660207927 0.511227489 0.526115298 0.907645166
 1219 0.670484066 1.05156755 -1.22739089 0.772051036
 1220 -0.581630290 -1.04945219 0.232544720 -0.374026895
 1221 0.507399797 1.02072155 -1.32521248 0.282470286
 1222 -0.960709989 0.132007360 0.637020290 1.00954819
 1223 -0.559839606 0.950962007 0.468076289 0.698691368
 1224 0.667274773 0.525805831 -0.882631838 0.692296505
 1225 1.45429730 -0.110633045 -0.138732329 0.831499755
 1226 0.181487083 0.851359963 0.584570646 -0.295248359
 1227 -0.643063605 -2.96199024E-02 2.26545095 0.244000465
 1228 0.147226095 1.92116797 2.16185713 0.978066087
 1229 -1.24429953 0.773766696 -4.90050539E-02 8.45323205E-02
 1230 0.197020128 0.439005345 -0.647736371 0.845568180
 1231 0.186003163 -2.98057236E-02 1.98046041 0.949992299
 1232 -0.109859228 -1.26864672 1.53109717 1.13069987
 1233 8.45041126E-02 0.970454037 -0.357277840 1.01568675
 1234 -0.613050699 -0.380888283 2.77951062E-02 3.57486792E-02
 1235 0.442544371 0.276468188 -1.25158179 0.509038627
 1236 5.73163778E-02 0.903410614 0.284201831 0.882559061
 1237 1.06753588 0.503234684 0.756661534 0.935097575
 1238 -4.05109636E-02 0.211384580 2.06825066 0.964584947
 1239 9.42363739E-02 1.68588281 1.37483060 0.980542958
 1240 1.86374831 0.402061909 0.468302190 0.720300913
 1241 0.391174555 0.403519452 0.785902262 0.718101263
 1242 -2.39778042 -0.216960788 0.740670562 0.977035642
 1243 -1.15917408 0.398047030 0.689816415 -4.80704382E-02
 1244 0.242313772 -0.593078554 1.12312663 0.587920785
 1245 -1.97148085 -0.241807997 1.49832559 0.758045256
 1246 -0.403849721 -1.41563642 -0.259500444 0.838493824
 1247 -0.519481957 0.108538896 0.475363046 1.24149776
 1248 -1.91399240 -0.543288171 0.313557744 0.826567590
 1249 0.863752484 0.857984126 1.35324752 0.880430818
 1250 -0.411584973 -0.418820500 0.892618358 0.847455502
 1251 -0.184181288 0.723237634 -0.203128293 -0.772224307
 1252 -0.292820811 1.56480074 -0.698670089 -0.724927068
 1253 -1.30218613 5.41830286E-02 -0.137538761 -0.200203866
 1254 -1.45282984 1.48156953 -1.05023146 0.115871847
 1255 0.974148333 0.646280706 1.74294019 1.14895761
 1256 -1.22109783 0.696045697 1.82207906 0.680238068
 1257 0.870947182 -0.110224575 -0.435658067 1.10330975
 1258 -0.112645790 -1.15926325 -0.295190543 1.12079227
 1259 0.793372214 0.987696648 -0.855452240 0.301014245
 1260 0.736390233 0.222162575 2.20087290 0.977344751
 1261 1.55454129E-03 -0.405139774 2.04066038 0.918681026
 1262 -4.43534553E-03 1.53447711 1.33581221 0.805079162
 1263 -0.852064133 0.905080438 -7.25303590E-02 1.18929493
 1264 0.386056304 1.79962397 1.77996361 0.723602295
 1265 0.615528286 0.376414359 1.62084186 1.06498086
 1266 1.20908272 0.100736246 0.957352698 0.426209271
 1267 -0.370738894 1.25406528 0.214592636 1.00621748
 1268 -0.109876037 -0.720096827 1.02833056 1.00663161
 1269 -0.175208390 0.848078310 -0.663542747 -1.11779737
 1270 2.10346341 -0.377190262 -0.347854614 0.817610025
 1271 0.190016478 -0.206173941 0.681043386 1.07028282
 1272 0.341546029 1.57186794 0.862887025 1.27316308
 1273 0.282806665 -0.788902879 1.24919081 1.15648818
 1274 0.477465153 0.895608068 1.74882412 0.877836883
 1275 0.566760898 1.14587045 0.109530412 -0.390150487
 1276 0.489590704 1.85770411E-02 1.54860449 0.792082965
 1277 -0.476288259 -1.15306950 1.12321794 1.48370397
 1278 -0.471872389 1.11534333 1.24159491 0.923208654
 1279 -0.462201357 -0.762720585 0.583714664 0.366124153
 1280 0.589571476 1.24849248 0.529411018 0.642621756
 1281 -0.294869572 -3.15286517E-02 1.96935797 0.563046396
 1282 0.630277574 -1.60386503 1.06180263 0.583682001
 1283 0.386735290 -0.630960464 1.59400618 0.693403900
 1284 1.38400102 0.470609307 0.429646850 1.10305238
 1285 0.553867757 0.603304565 6.41831756E-02 9.25125927E-02
