 1 -0.200285554 0.879595697 -5.30214012E-02 -0.165366694
 2 0.513916612 -1.28824067 0.397416115 -2.26589847
 3 -8.85539949E-02 0.974515498 0.918037891 -3.00781429E-02
 4 -0.841415465 1.72785759 1.02020848 0.928160489
 5 -0.414226115 7.44730532E-02 -0.864305079 0.972162366
 6 0.538598180 -0.295286983 0.531039000 1.13735938
 7 -0.599582672 1.65379083 0.614108026 0.334964961
 8 -0.267563283 0.815547705 1.23367643 1.17966056
 9 0.927982450 -0.132534429 0.432710946 -0.143356577
 10 -0.793886542 0.289479792 -0.117925577 1.04051137
 11 -0.587582111 0.873409033 0.755180836 1.33529782
 12 -0.205014288 9.09842253E-02 0.490682721 -0.119620413
 13 7.61391670E-02 0.818557262 -0.902277827 0.221376598
 14 -6.54870421E-02 0.908211708 -0.328904599 -0.228130221
 15 -1.32379150 0.279333830 0.380495608 -0.720629871
 16 -0.769259214 -0.646778524 1.41738749 0.317934632
 17 0.559711576 -0.484398186 -0.214080095 1.24943221
 18 -1.06154323 1.45854640 1.09749961 0.457335323
 19 -0.929957390 0.655299723 0.511286139 0.144730121
 20 1.32235265 0.333642840 -0.132303774 -0.132716820
 21 0.263915032 0.271614164 0.347398996 1.44019175
 22 0.341484278 0.282130778 0.718845129 1.48502660
 23 -0.559086680 0.796103001 0.775588214 0.920464039
 24 1.55321932 2.02407932 0.303048998 1.28905618
 25 -0.390387952 -0.525871396 -0.188611090 -2.56484532
 26 1.08137369 0.657496393 0.888187230 -0.513309956
 27 1.26318228 0.487352908 -0.142063215 1.75667703
 28 5.03821671E-02 3.33167613E-03 0.860218406 1.35681939
 29 3.02329361E-02 0.234742522 1.40570784 0.884325147
 30 0.962838709 3.34078446E-03 -0.217627451 -0.906940460
 31 1.29757071 3.56138796E-02 0.814758062 1.64720571
 32 -0.747064769 0.245855421 0.497438639 1.22357965
 33 -1.46313107 -1.40795708E-02 0.569524288 1.10286999
 34 -1.24041176 0.327304363 -0.474229515 9.20648426E-02
 35 1.21031809 0.405811161 1.01951885 -5.72198406E-02
 36 2.32461929 2.57501054 1.09922969 -0.327463210
 37 -0.131911308 1.99650574 2.17235923 0.945649385
 38 -0.907353520 -0.272253931 -0.455746412 -1.62344754
 39 1.75357080 2.61706614 1.01399982 1.05983722
 40 -0.320547342 0.542250037 1.54207790 1.42166471
 41 -0.948055863 0.469539046 0.217171311 1.22796547
 42 -1.40166831 0.717352211 1.35457170 0.364648521
 43 0.708647072 0.272500694 0.804954112 0.497749329
 44 -0.431681812 -0.130016521 0.258320272 1.01889598
 45 -1.05406272 -0.586811304 -1.50509655 0.636278152
 46 -1.00496769 1.90595150 1.26316774 1.11579669
 47 -0.564742327 -0.144508615 0.759782553 1.15248501
 48 -1.90376949 -0.461142242 -0.975326896 0.949402571
 49 -1.42926288 -0.329169571 -0.827694774 1.08990550
 50 1.80143583 0.338167876 0.457661748 1.54728913
 51 -0.615901411 0.577748299 -1.40771717E-02 0.895565152
 52 0.137364358 1.20396078 0.904024541 1.19834530
 53 -1.34993863 2.42856622 4.96696755E-02 -1.71661615
 54 -0.155272111 -0.427417934 -0.307751209 1.36692095
 55 -0.996509612 -0.612170756 0.435124457 -0.421893805
 56 -0.187157050 0.716587722 1.84450257 0.318454623
 57 0.433786929 0.537449479 -0.777276695 -0.862350523
 58 -0.916946888 -9.73348469E-02 0.177524790 0.369928479
 59 0.589994133 1.23297799 1.78607690 1.17411983
 60 -0.132833242 0.583278716 -0.615165710 1.19144630
 61 0.313056856 0.694117606 0.414875150 -0.109966516
 62 0.341308832 1.00829268 4.58311141E-02 1.27953064
 63 1.36861670 0.917824507 0.421691477 1.04627860
 64 0.734939337 -0.213044643 -1.43490136 -1.84893131
 65 -1.36633003 -0.279052436 1.00137162 -0.204769865
 66 0.161461860 -1.07307816 -0.219422087 0.188194871
 67 1.69957006 0.931348741 -1.22734714 1.14280903
 68 2.82006562E-02 1.83944714 0.951634586 1.24024475
 69 -1.01790845 0.843595624 -0.314629942 0.505990624
 70 -5.76449633E-02 2.69621730 1.74777770 0.590293169
 71 -0.629432380 6.70402646E-02 -0.303563595 -0.569347680
 72 2.57610607 1.74216139 -0.699535847 0.297798574
 73 -0.504762769 -0.538221478 0.628077745 -0.322117537
 74 0.737866700 4.29220945E-02 -2.19104439E-02 0.658264935
 75 -1.34975767 0.467366576 1.08721447 0.860119402
 76 -1.68079209 -1.19631851 -0.439475805 0.478841335
 77 2.10659266 0.580138445 -1.01765525 1.31561458
 78 -0.958511233 -1.70761919 0.263408691 -0.792783558
 79 0.676370621 1.74584556 0.743439436 0.544012666
 80 -0.828723967 0.792892218 1.22109151 1.09973991
 81 3.36212516E-02 1.56529891 1.42466533 1.10006237
 82 1.62343884 -1.17934132 -0.916882515 1.31439793
 83 -0.484463722 -1.30472827 0.902066946 1.17911398
 84 -0.192594871 0.994502187 -0.794895291 -0.286885411
 85 -0.108102992 1.72802365 1.18189549 1.11082768
 86 -1.97783232 -0.746221781 1.83851409 -0.724313200
 87 1.47830486 -1.16842747 -1.41867805 1.12693870
 88 -2.69993567 -0.502314091 0.314459711 0.860410929
 89 -1.55991232 2.14858484 0.635041833 -9.41900462E-02
 90 -1.43118477 -0.702926278 0.882038951 0.975153625
 91 -0.505149364 1.21067929 0.340550274 -0.663198948
 92 0.514285445 -0.344932050 -0.109555751 -0.818984509
 93 0.701887488 0.359382421 0.579411566 -1.23502684
 94 -1.47703445 -0.436533153 9.84695554E-02 -0.603220165
 95 -1.16155338 -0.396871567 0.403794378 -0.346527666
 96 0.698117733 1.20387638 -1.26890242 1.18561280
 97 0.760330558 0.872322977 -8.64800960E-02 -0.106010661
 98 0.865281940 0.741523325 2.10443735E-02 -1.42435122
 99 -0.143470496 1.06790292 -0.240815520 0.292076945
 100 1.71866143 0.495090991 1.02623940 -0.228942603
 101 0.769048810 -8.32730159E-02 -0.507659376 0.749731421
 102 -1.13625601E-02 1.08881342 1.16852760 -0.295360386
 103 1.20401931 -0.885667562 -0.829088867 0.780511737
 104 -1.53169894 -9.69831347E-02 -0.864130616 -0.923853099
 105 0.400580943 -0.322261333 0.740275443 0.337719887
 106 -0.598756492 -1.68445551 0.749286294 -0.136485383
 107 1.79891777 -9.68530104E-02 0.864792466 0.776544690
 108 -0.305018187 -0.479859531 -1.07219195 -1.35010636
 109 -0.958064258 -0.141694844 -0.443080008 0.628563881
 110 -0.480767250 0.572790980 -0.783573925 -0.786015093
 111 0.754677474 -0.217283309 -0.330049247 -0.137170136
 112 1.54747522 0.810779870 5.15662432E-02 0.723140955
 113 -0.440099776 -0.127166912 -1.47621965 4.88752536E-02
 114 1.76796126 0.141009927 -0.106949404 1.01079750
 115 7.93253481E-02 1.68218589 0.586209297 -0.885389209
 116 -0.343428642 2.11847878 -0.905684412 0.621704876
 117 -1.91860819 0.751643121 -3.09555680E-02 -0.169491753
 118 -7.39300698E-02 0.673872709 -0.179655895 0.723991454
 119 -0.665862262 9.64328423E-02 -0.609936059 -0.541743755
 120 -6.85107410E-02 0.813988030 -0.451719820 -0.399024487
 121 -0.695489287 0.921189427 0.433398336 -1.91356587
 122 -0.320959210 1.61730230 1.17334008 9.26914513E-02
 123 -4.52069230E-02 2.86039710E-03 1.07554126 -0.839161396
 124 -2.54768848 0.463516951 -0.626971722 -0.744527280
 125 -0.685261965 -0.417286485 1.35075378 -0.602019429
 126 0.222558856 -1.04372203E-03 0.505169153 0.383128911
 127 0.265662342 0.377983332 1.09251153 0.971738100
 128 -0.806332707 -0.197908357 0.730190039 0.645426750
 129 -1.15426290 -0.232783794 -6.03624582E-02 -7.12367296E-02
 130 0.970141292 -0.338955045 1.44208241 -0.765430748
 131 -0.713332474 -1.77156031E-02 0.624097109 0.504743636
 132 0.513770103 -1.06925833 1.63441551 1.02350628
 133 0.586688519 -0.601077676 0.685497046 1.11902261
 134 -0.657797098 1.55914652 0.649208307 -0.789727688
 135 0.689271927 -0.511164069 0.931757569 1.36935163
 136 0.199563682 1.37383628 -0.609727383 -0.178218335
 137 1.02646649 -0.848266661 -0.763568223 0.997015953
 138 7.22560883E-02 -0.504448950 -1.81538677 4.06699181E-02
 139 1.51934695 0.890926301 0.762945950 -0.773852408
 140 -0.393096626 1.16780508 1.23940086 0.819327593
 141 -0.562308073 -1.32201731 0.964764714 -0.805416584
 142 -1.03047705 -1.15803146 0.765446901 -0.486566275
 143 -0.123275250 3.47740722 0.946781635 -1.52835464
 144 0.352007091 0.165993452 0.579601526 -7.75641873E-02
 145 -0.478994995 0.346919596 1.70249212 0.689417779
 146 0.415668458 -1.81679976 0.967092752 1.10816050
 147 0.694677055 0.171670377 0.980702281 -0.502451658
 148 -0.615304589 1.66848779 9.32075977E-02 -0.662203193
 149 -0.232777357 -0.125222385 -0.539025962 5.02860546E-03
 150 0.377219856 2.77506042 1.17117870 0.199225992
 151 2.16257381 6.20679259E-02 -0.160528779 0.610246599
 152 -0.556652129 -0.305271745 -0.930857420 0.705115438
 153 1.04777098 0.415871859 0.542568803 -0.233410895
 154 -1.22491896 1.04649973 0.450600863 1.00901461
 155 1.97470415 0.835292339 0.805387914 0.681033075
 156 -0.235862046 -6.04099520E-02 -1.24226952 1.47734106
 157 1.77701449 0.454916060 0.980998158 1.19379020
 158 0.967687249 -0.509635091 0.759505987 1.10989749
 159 1.67876232 1.34992397 0.375966132 -0.417239487
 160 1.50625122 0.363854975 8.51309523E-02 7.12595880E-03
 161 -1.23081148 0.445997924 3.87322064E-03 1.42505991
 162 0.351669014 2.26227760 -0.433452785 -5.23125902E-02
 163 0.822524190 -0.281059682 -0.194855720 0.600754082
 164 -0.813124001 1.63586318 1.48879290 3.85893881E-02
 165 -8.24233517E-02 0.322398216 -0.764129162 0.419092864
 166 0.591167927 -0.201150015 1.66361904 1.41298795
 167 -0.225604370 -0.367832839 -0.630491495 0.635818779
 168 1.16316938 0.536055803 1.36831069 -0.262320846
 169 0.354024172 2.69677925 0.530646622 -0.177408785
 170 0.235087305 2.06509471 0.624377489 0.396954119
 171 0.618748963 0.267452329 1.01319134 1.25234556
 172 -0.131705225 -0.198852524 0.253959119 1.42018270
 173 0.702626705 1.10953534 0.438800633 -2.33110142
 174 0.388807207 -0.809890866 2.03789902 0.510514438
 175 -0.829191267 -0.217707843 -0.231186569 -2.77940130
 176 1.40650535 0.631430328 0.286983669 -0.101688400
 177 -0.835664034 1.25399303 1.37007201 -0.800661802
 178 -0.234122172 0.219259322 2.48238444E-02 1.12532842
 179 -2.77878284 5.84414601E-02 -0.277237892 0.241465077
 180 0.218527079 0.733912110 1.90516353 0.334594071
 181 -2.74967861 0.383408010 0.664409757 -0.472262532
 182 0.784640372 0.380853474 0.381000817 0.648568511
 183 -1.24524391 0.394977748 0.263019025 -0.279807508
 184 1.62097073 0.952068269 0.753100514 0.944852710
 185 -2.98975352E-02 0.515399516 0.964790285 1.01119757
 186 1.67617691 -0.685853362 0.995214701 1.11441600
 187 -0.320349485 0.588257134 0.684270740 0.752609253
 188 1.19600236 0.757299900 1.42838407 0.477594495
 189 -1.10000539 0.371568203 0.557434559 0.712902069
 190 0.232725531 2.11469817 8.61932337E-02 -1.43045104
 191 -0.986022830 0.701468766 0.126648515 -1.40602243
 192 1.58882129 0.741677165 0.749636054 0.656374037
 193 0.435226530 -0.223444879 0.907311916 0.727606893
 194 -0.640727341 0.259763151 8.58099610E-02 0.848326325
 195 -0.678570032 -0.407422543 -0.262418747 -1.28417349
 196 -1.85000229 1.97207189 1.58371484 1.25501943
 197 1.34899092 0.135478064 0.247510880 1.38628590
 198 -0.142452314 1.23607504 0.340370297 0.864517808
 199 1.33320820 0.115152821 0.502509296 -0.759005070
 200 -0.348851353 1.90492880 0.207300574 1.25338173
 201 -0.784878671 -0.728594601 1.46241713 0.658969879
 202 -0.986397922 0.400096595 -1.50510049 0.415081203
 203 0.300122678 1.31518304 0.508229315 0.850437880
 204 -1.94020617 0.227061898 0.328980267 -1.05486023
 205 -0.882263660 1.47596169 1.04393649 -0.328170478
 206 1.24180508 0.902940333 1.05242598 1.02314413
 207 -1.97242939 0.721741199 1.01049757 0.502150774
 208 2.35780382 -0.294691920 1.25046241 0.698806643
 209 0.765801191 0.495809913 0.733728826 1.07938647
 210 1.86391640 0.793613672 1.80593860 0.695195556
 211 -2.40593505 0.791936576 0.625265718 0.535253108
 212 -0.414933801 -1.08633518 0.858833551 5.06589860E-02
 213 -4.31044847E-02 1.45283997 1.21521246 -0.192262277
 214 0.767432868 0.347523481 0.147497922 -1.51767826
 215 0.475608259 0.560680330 0.562163413 -1.75589705
 216 1.19069195 0.293726265 -0.831871152 0.826035380
 217 0.314959377 -1.71685672 -4.21442017E-02 -2.40228677
 218 1.40913332 -1.22814631 1.34243643 -2.23470092
 219 -1.22110605 1.93044913 0.536669195 -1.14121354
 220 1.32095468 -0.411464810 0.689801335 1.09257674
 221 1.08256483 1.08065379 1.16505814 0.520150661
 222 -0.482132971 -1.68730605 0.239994615 -1.00089002
 223 5.66110909E-02 5.06519154E-02 0.616546452 -0.502566814
 224 0.388336271 0.655352056 0.498205423 -0.971884191
 225 -1.20915461 0.755019069 0.263273925 1.04632688
 226 -0.201585159 -0.429076374 0.995382905 -0.903981268
 227 -0.377975732 -0.447872013 1.39047539 0.840549111
 228 0.324081570 -0.597421527 0.461713850 -2.04635644
 229 0.805592895 -1.33147836E-03 1.05243349 -1.02435243
 230 0.429412395 1.14195156 1.05087066 1.10083663
 231 -3.16056088E-02 1.20767045 -0.274975359 -1.25209033
 232 1.57489491 0.388242543 0.560302913 1.01863837
 233 0.137820616 0.593216419 0.509518623 1.05229354
 234 -0.987918437 5.43936417E-02 0.282384336 -0.809115827
 235 -1.86832094 1.22774184 -0.112551600 0.335499644
 236 0.546323538 0.726764202 1.14889359 0.561065018
 237 -0.606795549 0.821847260 1.31504619 0.992827713
 238 0.616685510 1.44667697 -0.955825031 0.409470767
 239 -0.289775312 0.302256495 0.784644425 -1.35154641
 240 1.20537460 -0.868962467 -0.374624968 -2.27915692
 241 0.464591295 1.68244982 1.29276717 0.688878000
 242 -0.795903742 1.39113879 0.447439253 -1.41607571
 243 -2.17582631 0.414929330 -0.867418289 -0.628829956
 244 -1.40399921 1.59990340E-02 -0.944105506 0.621154189
 245 1.50355613 1.51576233 -6.31204844E-02 1.20902634
 246 -0.860763371 0.320203632 -0.526832223 0.387486905
 247 -0.352740884 0.462465584 0.228550702 1.07658517
 248 -0.463582009 0.978530705 -1.34133780 -6.37715459E-02
 249 -0.858257115 0.108449124 0.388953269 -0.824247062
 250 1.02084959 1.94275641 -0.293431848 0.929143667
 251 1.32073426 -1.07043886 -0.965586245 0.742091179
 252 -0.321442246 1.16358936 -1.02912784E-02 0.779155552
 253 0.265089333 0.163041636 3.42751443E-02 -1.06234562
 254 1.92155623 -0.649749339 0.650651693 -0.377230972
 255 -0.936954558 2.18816781 3.66923511E-02 5.51721156E-02
 256 0.872065544 2.23680162 0.686218083 -0.791197479
 257 -0.943365335 1.89054132 0.946557522 0.201652616
 258 -1.15131640 1.64832687 0.979876399 0.414464414
 259 -1.97930312 -4.54317927E-02 0.155562595 0.957456231
 260 0.477595806 -2.08020854 7.52628148E-02 -1.54961407
 261 -0.930323482 0.249615565 0.381789804 0.973694205
 262 -0.606942773 -0.740334511 0.340016276 -0.845502973
 263 -0.404670537 -1.16358030 6.41987175E-02 1.06780362
 264 -1.28386188 0.931672394 0.813709378 0.301178932
 265 1.28917384 1.10971642 0.750455976 0.382960379
 266 5.60876429E-02 2.73463058 0.913119793 1.02376640
 267 -1.51738226 -4.83110249E-02 -1.12635815 -0.524954677
 268 0.332260370 2.31076813 -0.257590890 -0.201872826
 269 2.04290533 1.05775750 -1.42828095 -0.959585905
 270 -0.525569797 -0.218654975 0.362696171 -0.816318214
 271 -2.06626368 -0.132944241 0.608749449 -1.43330503
 272 -1.93637061 -7.42887855E-02 0.417987138 0.761593819
 273 0.318301022 0.414902359 0.921936452 0.414418817
 274 -0.836052656 0.802419245 0.594752908 -0.182309031
 275 -0.101555325 0.267041951 0.204206258 0.574118853
 276 -9.53065157E-02 -0.607901454 1.17470646 -0.808316648
 277 -0.307432652 -0.489241093 1.10860348 0.866248131
 278 0.483796060 -0.997497916 0.196474165 -0.941801608
 279 -0.796750605 0.172887206 0.161983475 -0.309121370
 280 -0.329478145 -0.630206048 1.26751304 -0.427191496
 281 -0.259037912 -1.70401978 -5.81196696E-02 -0.684935510
 282 1.18495274 0.343757331 -0.708517909 9.65661407E-02
 283 1.01210010 -0.350710690 0.116459996 0.692434072
 284 -0.543336809 1.05012846 -0.186419889 -0.384437025
 285 -8.93202201E-02 3.16947848E-02 -0.529178441 -0.794311345
 286 -0.779237866 -1.26307487 -1.10998774 -1.43252206
 287 0.494735330 -0.520277739 -0.918446064 -2.69212151
 288 -0.451864511 0.611682177 0.266420066 -0.809362650
 289 -0.763220489 0.869053483 0.847966790 -1.07363153
 290 -0.517451704 -0.704963923 0.142926276 -1.05387890
 291 -0.801410019 1.11708105 -0.576114058 -2.36502719
 292 1.41487145 2.01552558 0.430521220 0.728154957
 293 -0.624127030 -1.22056115 0.930148304 -0.953462541
 294 -0.234042078 1.14029574 1.35794175 0.709858418
 295 -1.71833777 -0.319313765 -1.09835613 -0.569329619
 296 -1.05032015 -0.606451988 0.649613023 1.40086567
 297 0.716049433 -0.573735476 0.215878293 0.800694406
 298 1.24922204 -4.56572473E-02 0.604833901 0.948026180
 299 -0.434946954 0.205909371 0.101375997 -0.305839777
 300 0.697382212 -0.939771891 0.883276284 -0.529347897
 301 -0.992120504 -0.833840966 -1.44390798 0.814446688
 302 -0.224387318 -0.156374127 0.667048573 0.435789675
 303 1.39043999 0.811681330 -0.812856436 -1.08381367
 304 0.300264180 -0.151103273 -5.51606342E-02 -0.239420339
 305 -0.700486779 0.278687775 -1.52822077 -0.363631636
 306 -1.48952270 -7.82420412E-02 -0.287506878 -1.18232536
 307 -0.234314755 -0.731213212 -0.959343195 -0.309292138
 308 -1.00639510 -0.310968757 -0.301089227 0.133772090
 309 1.03776944 2.00791025 0.281173676 1.07531071
 310 -6.87885582E-02 0.670979023 -0.777989626 0.716826975
 311 -1.93782020 -1.29159606 -3.59064639E-02 -1.32362533
 312 -1.83179772 -2.42558680E-02 -0.622620523 0.704494178
 313 -0.514279425 1.70954800 1.33646870 0.585428715
 314 -1.30661380 0.882799447 -1.25156343E-02 0.892301798
 315 -0.816632509 -1.21437395 -0.431109428 -1.21508861
 316 -1.73559427 -4.52338010E-02 1.15023792 -1.11055481
 317 -0.735250831 0.471255958 -0.193972170 1.40599120
 318 -1.71581209 -0.886411250 -0.876318753 0.892282486
 319 -0.455371082 -0.341650546 1.43888485 -1.85830891E-03
 320 -0.687180877 0.239793971 -0.476034373 0.163102552
 321 0.236867011 0.377226442 1.12480128 0.822641134
 322 0.150486976 1.01255143 -1.43402779 -1.09544611
 323 -7.59661049E-02 2.54212841E-02 -0.990825057 -1.03828537
 324 -1.06676126 3.14926803E-02 -0.138535067 -1.24736500
 325 0.246693730 0.430338681 0.300101548 0.132548109
 326 0.538667679 0.500934839 -0.130021989 0.672604442
 327 1.15547025 -0.572329760 0.487554789 0.155213356
 328 -2.08499980 -0.738069296 5.47097623E-03 -2.05465055
 329 0.229842871 0.289877832 0.383165479 -0.777010143
 330 0.646614671 0.574552536 -0.599885225 -0.596378028
 331 -2.58963490 -1.06293929 -2.27482343 0.972731531
 332 0.652247310 -1.22412062 1.10184205 0.766437054
 333 2.31393427E-02 8.23940188E-02 -0.205509767 -0.596190095
 334 -1.10850728 -1.43838978 -4.82629091E-02 -4.44477201E-02
 335 -0.775730550 -0.764624834 0.460048914 0.928089023
 336 0.313050359 -1.14911520 0.793587208 -1.71406221
 337 -0.157847047 -0.943410456 4.61927354E-02 1.50261366
 338 0.130236745 0.758729219 -0.823737681 -0.848518372
 339 1.46581125 -0.206752449 -0.105354920 1.41457176
 340 1.24366355 1.12228274 1.00941133 1.22590172
 341 -1.25322807 1.22898126 -0.690497220 0.489544392
 342 0.462636203 1.49424505 -0.504858971 1.02934527
 343 0.284331620 -1.52861822 0.608710051 -0.153332382
 344 6.90239668E-02 0.303177148 -0.272637546 -0.672893405
 345 -0.102859661 1.80340278 -0.130491108 0.119617648
 346 -1.21138990 0.115807697 0.115816213 -0.331538081
 347 1.60820818 1.05007768 0.778432250 -1.23685813
 348 9.45445001E-02 -0.763366163 -0.397164375 -0.776474118
 349 0.671159208 0.254835635 -1.40851712 0.692860842
 350 -0.166278198 -0.238475710 -0.946070313 0.394440800
 351 -8.25693011E-02 0.160392001 0.424397022 0.244333476
 352 -0.500661016 -0.608784795 -0.342919201 -0.520377040
 353 0.155015588 -0.916581213 0.592924118 -0.187135205
 354 0.583015144 -8.18827748E-03 -2.48280540E-02 0.492945552
 355 2.40558219 1.64772677 0.301053673 1.14383578
 356 0.647474945 -4.49559167E-02 -0.153514549 -0.255300283
 357 8.45906138E-03 -0.516153514 -0.528017998 -0.331322730
 358 -1.04791605 -1.08926666 -0.672482014 1.02876472
 359 -0.866389215 -1.81455600 1.65294683 8.49133581E-02
 360 4.82162312E-02 1.85287976 0.187013030 0.118428051
 361 1.36180389 -0.176759675 -0.356651455 -0.913715124
 362 -2.31933188 -0.285347879 0.585933745 -0.285605729
 363 0.487062335 -0.975925803 1.83510631E-02 -3.17838714E-02
 364 -0.177311510 1.87809575 1.19560063 -0.389124483
 365 -1.12528968 0.507337451 0.183568716 8.20825100E-02
 366 -1.40682161 2.42883897 -6.60562515E-02 0.467554390
 367 -1.51008032E-02 0.915246606 -0.547476053 1.30148423
 368 -1.20948470 -0.463808715 -0.671635687 -0.565926671
 369 -1.62254965 1.31802011 1.34903383 -2.15041018
 370 1.62655234 -0.856044292 -0.290801287 1.24478698
 371 -0.212626263 0.133216858 -2.65440512 1.24504280
 372 -4.05277312E-03 1.85282850 3.69957387E-02 0.155341789
 373 0.338046014 -0.601903915 0.892386198 -0.537844419
 374 8.55479985E-02 1.13177872 -0.191627294 1.00447118
 375 -1.59258294 0.520484805 -8.03407878E-02 0.244994417
 376 -0.965122700 0.544424295 -0.849048018 1.17809427
 377 -0.726136029 -0.155589119 0.962025702 -0.416736126
 378 0.481908858 2.61783302E-02 -1.23070590E-02 -0.114296645
 379 0.746518612 0.172594815 1.20355940 0.782410085
 380 0.150494367 0.436452091 0.409341186 -0.148259297
 381 1.09938169 7.69409463E-02 0.733253479 0.271884203
 382 0.332637936 -0.664834917 -1.04007280 0.361962110
 383 1.36197305 -0.403881073 1.80874836 0.659978867
 384 -1.72735143 0.245592892 0.431653738 0.690217078
 385 0.570290506 7.04641640E-03 0.534283102 0.257272094
 386 -0.381929427 -1.01516771 0.907485068 -0.744781792
 387 -1.12254620 1.26626313 -0.603768289 0.966194451
 388 1.90387082 -0.364487320 -1.83309388 0.171290338
 389 -1.09437215 0.264907241 -1.06668675 -1.39339566E-02
 390 -1.05941105 4.38784659E-02 1.12287343 1.13967204
 391 0.520464778 5.24890348E-02 -7.31821358E-03 1.50459063
 392 5.57800233E-02 0.683056653 -0.343897730 0.973290563
 393 -0.353061676 0.325652003 1.10937214 0.300304115
 394 2.04766297 -0.174133152 1.25971580 -0.629034877
 395 0.225193411 -1.53991652 1.48804951 1.45272124
 396 0.318047106 -1.14827406 1.31214559E-02 -0.127633780
 397 -0.463321596 -0.228265077 0.479817271 -0.622111201
 398 -0.271374971 0.550481558 -0.264060885 1.23947895
 399 -1.03013909 1.78095329 0.525821567 1.19131184
 400 0.276160061 -0.505841970 -0.799364865 -1.15071869
 401 -0.213369608 -0.738501608 -0.814332843 0.540719390
 402 0.627758145 0.365116745 -0.622453630 1.40083969
 403 -0.492532670 1.05183434 -0.428455472 -3.20376828E-02
 404 1.08769870 -0.925428033 0.443371892 -0.152688116
 405 1.79436910 0.448434681 1.36150479 -0.605306923
 406 0.647108257 -0.777645290 -1.11447954 1.31996596
 407 0.659924150 1.25581646 7.03245401E-04 0.754330039
 408 -0.850912333 -8.92700553E-02 -0.123358577 1.29427516
 409 -3.24739963E-02 1.22254956 0.326996446 -0.630335689
 410 -2.12255669 -0.100098409 -0.327909261 1.12457776
 411 -0.505910516 -0.267992198 0.217081085 0.346303761
 412 -1.90338123 0.225195795 0.489633828 1.27769077
 413 0.460844159 -0.763454676 7.89155737E-02 0.966983557
 414 1.44927692 1.70772004 0.578250170 -1.98291910
 415 0.698092580 -0.539148808 -0.265294522 -0.572818398
 416 0.783369839 0.736062467 -0.640437961 0.300566018
 417 0.517941952 0.477561593 1.84838665 0.768337190
 418 -0.602030635 0.880812466 -1.06665778 -0.657782733
 419 0.759357452 0.402735204 -0.706946373 1.65143049
 420 -0.199716568 -0.121143222 -0.901536107 0.827774584
 421 -0.257845938 1.51181018 0.977323174 0.304564297
 422 -0.662621617 -0.247928694 8.22292268E-02 2.05950737E-02
 423 -0.308209449 0.257231593 1.23370576 -1.77890587
 424 -0.814225018 -0.127680883 -1.72059369 0.818312049
 425 0.249301478 0.102213413 0.215050936 -0.136855602
 426 0.399322391 -6.86962456E-02 -0.152200639 0.811757743
 427 -1.92846358E-03 -0.188544273 1.26123521E-02 8.10491964E-02
 428 -0.928250551 1.24483013 0.669828296 -1.05397475
 429 -1.77267075 -0.363835216 0.460610867 -0.778979063
 430 0.495753348 1.61470473 0.353478312 0.382558644
 431 1.28624356 1.47254443 1.29399240 1.02370775
 432 -1.03567302 -0.640018225 -1.92695999 0.316069365
 433 -0.379013419 0.948454976 -4.10130322E-02 1.50636888
 434 0.112932667 0.300741613 0.145991758 1.10820043
 435 -0.316051453 1.20550990 1.06434548 -0.164492220
 436 0.762217879 -0.395754963 1.15738308 1.06791699
 437 -1.69850361 0.510501623 0.743059039 0.707244515
 438 -0.270144016 0.130821005 3.97364646E-02 9.77929533E-02
 439 1.61367071 -5.97400665E-02 1.46931040 0.966923833
 440 0.260015130 -0.111658201 0.245267987 1.19386101
 441 0.155711770 -0.124315351 1.02821493 1.43176222
 442 0.216296300 0.118782587 4.48046625E-02 -3.21837291E-02
 443 -0.623293340 0.346274018 0.715163589 0.547305346
 444 -1.79548967 0.475291938 -0.226651818 -0.367820561
 445 -0.209588766 0.431950122 0.766772330 -0.466797829
 446 0.963238239 0.455037832 -0.320705801 1.05606008
 447 1.16002548 1.62883687 -0.528328001 -0.621228337
 448 -0.585146844 1.48162127 0.726038277 0.323535591
 449 -0.317212999 0.592082262 1.81189799 -0.715282321
 450 3.26018445E-02 0.584905207 1.66968775 0.661216140
 451 1.77412283 -1.35350835 -0.795972049 -1.92419720
 452 -0.243565142 1.46299505 -8.61162841E-02 0.508514285
 453 0.434312165 1.83973908 0.417771995 6.47315234E-02
 454 -0.325661510 -0.513292491 0.780835152 1.14035892
 455 -0.465521514 -0.960990310 1.14419854 -1.78766727
 456 -1.08825803 0.855013847 0.802289009 -1.20995069
 457 -1.92571878E-02 -0.490059376 -2.19425201 -1.60035169
 458 0.412734032 0.205495209 0.184802115 1.25242698
 459 -1.64918268 0.876634896 -0.780211091 0.724924266
 460 2.21307135 0.212257922 0.703442097 0.683657348
 461 -0.890284717 1.51894569 0.260013044 1.17509115
 462 -1.12629139 0.371130943 0.663599968 1.27031517
 463 -0.166729793 0.961044371 1.47045302 0.593772173
 464 -0.711831450 1.08346987 -0.484356701 -0.400307715
 465 -2.28167343 0.571149886 0.664702058 0.563245177
 466 0.365519226 -5.62241301E-02 -1.14855635 -1.92924118
 467 -1.33219373 -0.365532309 -1.26033437 -4.67410907E-02
 468 -1.20209789 2.26733232 -1.54606080 0.543030620
 469 0.745310187 -0.341357529 0.756390333 0.117255375
 470 -2.90865207 0.844678342 -0.472317934 -0.283903688
 471 0.300146699 1.50453675 0.871184647 -0.924219012
 472 -0.869402885 0.795379877 -7.93646276E-03 -0.637218118
 473 -8.60340893E-04 1.38078690 5.76551557E-02 -0.110876553
 474 0.100185648 1.95460767E-02 -0.115341716 -0.230895355
 475 -0.829157889 0.880789995 0.743551075 -0.211485177
 476 1.68115997 -0.277112305 -1.08594108 1.20474279
 477 0.172482252 -1.62380815 -0.992002785 2.87559032E-02
 478 -0.430048823 -0.428621292 -1.32758641 1.14208162
 479 -0.883397341 0.555821538 1.00020528 0.725660741
 480 0.165400878 -2.80749463E-02 -1.16571498 -0.117168523
 481 0.106031470 0.648201287 -0.560878754 1.14155233
 482 0.330059052 -0.209911317 -0.763856709 0.638653159
 483 -1.16045153 0.418800026 0.288279891 -0.872810721
 484 0.516732156 -0.784797609 -1.38457453 0.390301287
 485 0.109468699 -0.264825463 0.287398934 0.447546810
 486 -0.479787052 1.21704578 0.315801948 -0.842961431
 487 0.842158914 0.425820172 0.134930044 0.834993780
 488 -0.335130304 -1.05828846 -1.03488982 1.31608748
 489 -0.275724322 -0.175284058 1.12658083 0.304426104
 490 0.762624562 0.212026760 -0.412576079 1.58103108
 491 1.03110290 -1.29918373 -0.606037736 -8.51850957E-02
 492 -0.454806417 0.181514204 1.02983046 0.681320667
 493 -0.882942915 -1.75044537E-02 0.212168023 1.06806695
 494 8.64335373E-02 -0.125930279 0.189595118 1.17960942
 495 -1.41196215 0.412619293 -1.18386531 0.711518168
 496 0.705122113 -0.240691200 0.348212123 -0.909444928
 497 1.19274068 -7.51955956E-02 -2.13326192 0.121435195
 498 1.63788342 -0.742478430 -2.01073074 0.150840133
 499 -1.22130382 -0.759435058 4.22056764E-04 -0.541405559
 500 -3.35920230E-03 -0.279389143 0.982979953 0.880409420
 501 2.88969493 0.350870728 -0.125853747 0.312331855
 502 -0.961252034 -0.581599653 -0.911898375 0.450545818
 503 -0.853838503 -0.563238382 0.712617517 0.954925895
 504 0.760817111 0.696562529 -0.207985178 0.582015395
 505 -1.02261484 0.727850914 0.520598233 1.21274292
 506 1.89206696 -4.49717045E-04 -1.59934247 1.44477820
 507 0.779123306 -1.36916196 -0.671384096 1.33552432
 508 0.661732078 1.48949075 2.03570008 1.27417147
 509 1.88404012 0.242411688 -1.88540351 1.28777456
 510 1.71001506 1.35414636 6.74618930E-02 1.37964344
 511 6.50691539E-02 -0.786496758 0.455623180 -1.80143690
 512 1.70349216 -0.410463244 0.806483030 0.374298811
 513 -0.285380632 -0.952228427 0.237733752 1.09226382
 514 0.146768183 -0.925114393 1.06753516 -1.03785682
 515 1.44933355 -0.278734922 1.17647505 1.28284693E-02
 516 1.48916030 0.416083932 -0.906625450 1.42422390
 517 -0.684546828 -0.318596095 -0.442848355 0.925650120
 518 0.192881569 0.823688984 1.34973097 1.19379783
 519 0.301410794 0.484780997 0.331146002 0.180106401
 520 1.32335985 -0.926075101 -0.775589764 -1.71532083
 521 -0.257676095 6.32166341E-02 1.18280101 1.27524436
 522 1.11795640 0.648561954 -0.488173842 1.50422978
 523 -1.91105103 -0.116541803 -2.13839263E-02 -2.28128362
 524 -0.120715469 1.12626278 -0.282070905 0.457682371
 525 0.314254284 0.826861143 1.23407972 0.371327728
 526 -0.997749329 1.92454433 -0.620993018 -0.814516902
 527 1.84143627 -1.40341294 -0.783455193 1.32282043
 528 -0.255702525 -1.44446778 -2.57368833E-02 -0.124293119
 529 -0.621819139 -9.91154984E-02 -1.79724324 -2.70584464
 530 6.63681626E-02 0.108361319 0.586746097 -0.220905632
 531 -0.154619873 -0.196319222 0.330809116 1.15811884
 532 0.124452844 -0.469671845 -0.333202153 7.81984925E-02
 533 0.110598981 1.41528618 -1.27760839 1.43893373
 534 -4.50700223E-02 -0.210402623 -1.22584176 0.947719932
 535 -0.462742150 0.277785033 -0.199770316 0.759939730
 536 0.421196401 0.563526511 -1.05092025 1.05870461
 537 0.510236740 0.320673823 0.846457303 -0.136055052
 538 -1.14148974 0.923967481 1.49132498E-02 0.482834756
 539 0.872919381 -1.02553856 -0.585561216 1.48261797
 540 3.54121542 -0.274356157 -0.731051922 1.10753024
 541 1.27666974 1.26523089 -0.454845041 1.06516111
 542 0.894142807 -0.250595599 -0.193615973 0.250478357
 543 0.107693866 1.82308125 -0.599234760 -0.255630434
 544 0.206072122 0.527495027 1.14147627 1.21217060
 545 1.06575036 -0.222266778 2.46360230 1.59847748
 546 6.34734482E-02 0.326628238 0.317486525 0.749499679
 547 1.79887331 0.158262938 -0.738843799 -0.577799141
 548 0.146670878 1.24852657 -0.815510035 1.52674818
 549 1.73115480 -0.323847473 -0.161247402 0.703827202
 550 -1.31143427 0.291838914 0.407201499 -2.09780884
 551 0.887288392 0.270719469 0.170432061 0.562858164
 552 -0.412368596 -0.556752682 -0.872028410 0.933822572
 553 2.91122603 0.389723450 -0.389866620 0.532825589
 554 0.991069555 1.01087141 1.33226466 0.512498319
 555 -4.00810689E-02 4.71459329E-02 4.70966548E-02 0.451402187
 556 0.778657258 -0.662604153 -0.762424409 1.53750169
 557 -0.739237010 -0.323259830 0.804247499 1.13022900
 558 0.744702101 1.00951743 1.26980579 1.63713527
 559 2.27017379 0.783724189 0.868006051 -0.441835612
 560 8.37790146E-02 -1.05004036 -0.166641563 -0.439577460
 561 -1.06048095 0.843725204 0.745737553 0.782337487
 562 0.193831608 0.821193576 0.298792094 -0.114946038
 563 1.46050096 0.130520821 1.04657263E-02 0.506413698
 564 6.84852898E-02 0.492227435 -0.304552674 0.671348751
 565 -1.89190054 0.734950542 0.763136208 0.808688283
 566 0.577225685 0.419490814 0.291673779 -0.802551806
 567 -1.10318696 -0.657969058 -0.562867701 -2.07434702
 568 1.66248381E-02 0.582025409 1.35540295 0.405898005
 569 0.459845155 -0.664722264 0.779934406 8.07243288E-02
 570 -1.06081867 2.10513163 -6.19600490E-02 -1.43819523
 571 0.814658582 1.65190470 0.310519487 1.16986632
 572 1.57620239 2.43037629 -0.508872747 0.417231560
 573 -0.148621514 0.349537075 0.675754070 0.407130122
 574 -0.806941152 4.03131023E-02 -1.80421400 9.50242132E-02
 575 0.901762545 -0.125527829 -8.05755481E-02 0.156242147
 576 -0.161860421 -0.810713530 1.05624950 -0.299330086
 577 0.123688504 0.311847746 0.933999658 0.465000629
 578 -0.779262781 1.40101647 1.87998199 -0.566048920
 579 0.890324235 -0.669501066 -0.975647807 -0.632809758
 580 1.43248749 0.262319267 -1.19833601 0.786281705
 581 0.827435493 1.30981040 1.52651501 1.00575686
 582 -2.91710943E-02 -0.699807823 5.48947379E-02 1.00025785
 583 0.278423280 -0.534261823 -0.742146850 0.642147839
 584 0.480217904 0.749672472 0.630156517 1.09313512
 585 -0.967754602 1.50344372 1.89649314E-02 1.40976834
 586 1.26765907 1.34248638 0.398676127 1.34688199
 587 0.624020338 0.828238308 0.378285795 -0.992296457
 588 -0.904682755 1.72519815 0.683619559 0.826786518
 589 0.887169540 0.860146224 0.999568820 1.42346859
 590 0.659204423 0.922481120 -0.733004630 0.338486880
 591 1.28152263 0.136504069 -0.455744773 -0.808606148
 592 -4.26930338E-02 1.46060574 -0.597191989 0.446755588
 593 0.504076064 0.236696333 -0.356440514 4.55335677E-02
 594 0.118114024 0.606305242 -0.188783556 -1.87897539
 595 1.94136345 -0.650285900 0.497391969 0.937390983
 596 -0.369037181 -0.268868715 0.797241569 0.770249844
 597 -2.67750430 0.225105599 1.02144289 0.851415753
 598 -0.184953600 -0.300105989 1.04400349 0.917209208
 599 -4.99169528E-03 -1.38854516 1.28325558 1.21072960
 600 0.962603807 0.597007155 0.580034733 -1.66103697
 601 -1.25239778 1.20215750 0.630898654 0.726306081
 602 -1.54000556 0.911863685 0.295387655 -6.27077147E-02
 603 -0.128082663 1.36765146 -0.493821561 0.380384892
 604 -0.954291224 0.177434176 1.68707252 1.21192086
 605 0.162953779 0.585255325 0.808230519 0.550097346
 606 -4.08148021E-03 -0.374525964 -0.296965152 -0.998302102
 607 0.810628235 -0.139865041 0.584253907 0.917909980
 608 -0.431825072 -0.128414795 -0.196934253 0.485585958
 609 -0.111946911 1.01115286 -0.184057564 0.665890932
 610 -0.410626054 1.84712911 -1.39912975 -0.730256438
 611 -0.797398806 0.225955904 0.394014478 -0.432678431
 612 -1.61286783 1.23869634 0.778102934 0.337191403
 613 -0.456669420 0.961952329 0.530730247 0.472950190
 614 -1.39071178 5.66643998E-02 0.797903776 -0.901979983
 615 0.866918921 -0.171065047 -0.195554256 -7.33786821E-03
 616 0.424014568 0.530157030 -0.333082110 1.07969964
 617 0.412390679 1.28883123E-02 0.935953438 0.670191228
 618 -9.86893177E-02 0.464618742 1.02224898 -0.790869296
 619 0.518848121 0.515892148 1.07125378 -0.102499068
 620 0.252109647 -0.932038665 0.352734923 0.925568044
 621 0.929431021 0.833668709 -0.266309023 1.02794576
 622 -0.752798319 -0.704432130 1.02879727 0.857120991
 623 0.230291188 1.36429620 0.658205628 0.976473212
 624 -2.11392069 -0.175568461 -0.175164029 -2.25060225
 625 0.506767154 -0.767343104 -0.476158112 -0.872644782
 626 -1.85133815 -0.991292953 0.909980774 3.11018080E-02
 627 0.447112590 0.915582657 1.31119490 1.07371354
 628 1.09090257 0.951984644 0.509620726 1.22669542
 629 -1.09255123 -0.848885238 -1.35943079 -0.238555253
 630 -0.527055204 0.225918725 -0.365577340 -0.520470977
 631 -0.383545697 -1.10411084 1.36408472 0.149457708
 632 2.66912031 1.49409795 0.900617123 1.26143253
 633 -0.449583441 -1.16350532 0.608798027 -0.375882447
 634 1.09725380 -0.219413429 -0.135938287 4.85299975E-02
 635 -0.399507403 -9.83598754E-02 0.225821435 -0.935775757
 636 -0.614036322 -1.28614509 -1.34085298 1.14318657
 637 0.460323006 0.634524345 0.624641478 0.602302492
 638 1.61469924 0.518548191 0.257352352 0.445136487
 639 1.14143276 0.159220472 -0.697342932 -0.996892035
 640 -0.932019234 0.463121712 1.19584334 1.27269673
 641 -0.593870938 0.690571427 0.776837409 0.797240734
 642 0.628243327 0.240014791 -0.123494878 -0.285838544
 643 -9.77045298E-03 -3.58901322E-02 1.42277062 -8.99064690E-02
 644 2.07063437 -4.45874184E-02 -0.556230366 1.27641928
 645 1.62810838 2.16133296E-02 0.802591026 0.871159792
 646 -2.12758899 1.36249530 0.828405440 -0.832257271
 647 0.500511765 -0.317990720 -0.560308516 -1.36205328
 648 0.876806855 0.138903186 0.779512644 0.496709287
 649 0.981545687 -6.34773970E-02 1.17582417 0.679767370
 650 0.578176796 0.170352265 -0.198018342 -0.779755354
 651 -2.59633970 -0.408067882 -0.111553922 -9.96783674E-02
 652 -1.19676411 0.269335687 -0.856493652 -0.217447892
 653 0.761404634 -1.06438839 0.504069924 -0.703607142
 654 0.145165980 -0.774764121 0.519107819 1.33709359
 655 -1.02636456 -0.445652068 0.420069247 -0.306670129
 656 1.22476649 0.796767414 1.07622170 0.870496571
 657 1.40475810 1.41590667 0.751560330 0.400798976
 658 -0.209072724 0.660437703 0.557896256 0.660243452
 659 0.515314698 0.796877146 -9.89563093E-02 1.08750308
 660 0.848007917 8.10659304E-02 -6.03248775E-02 0.340521514
 661 1.27870584 -0.436085433 0.282788992 -0.729218602
 662 1.03698742 1.64382720 0.698228300 0.433563828
 663 -1.77397680 0.105524316 1.49420702 0.836865544
 664 0.312897265 0.290462494 -0.507696033 -0.542722762
 665 0.274499595 1.16951013 0.292062163 -1.04329050
 666 1.04902208 -3.16561610E-02 0.699830651 -1.50107896
 667 2.56104302 0.794075549 0.126503289 1.06092870
 668 -0.363770992 0.939434767 3.78811955E-02 1.01453865
 669 1.15330911 -0.394006103 0.324560344 -0.330400407
 670 -1.27127433 0.989872038 -9.53028053E-02 1.05369520
 671 0.888784945 -0.359863400 1.29645717 -1.56098890
 672 0.845315278 0.699724436 0.988209844 1.08689582
 673 -1.91597366 0.111945540 -1.51207924 -0.678363681
 674 -0.601008773 0.501537621 -1.01432300 -0.671866834
 675 -1.94569677E-03 -0.878647983 -0.303252548 -1.50351431E-02
 676 -1.04407859 0.781369627 1.52070129 1.36570990
 677 -1.68720508 0.277909547 -0.452737421 -0.279242456
 678 -0.640977859 1.16214585 -1.03269964E-02 1.14800978
 679 0.460777819 0.322052896 9.78793949E-02 -1.18565106
 680 1.33583081 0.169188678 0.145763740 1.29160523
 681 0.498607397 2.03452444 -0.187506527 -7.82040730E-02
 682 -1.03707111 -0.394228816 0.754883349 -1.49162817
 683 -1.85043383 0.172216669 -0.967125654 1.20919526
 684 0.661919951 -1.27507138 -0.466020584 -4.71923873E-02
 685 -0.545878649 0.593730569 -5.69922701E-02 -0.845409155
 686 -1.50429881 0.222105712 1.22705662 -0.954000592
 687 -2.40046903E-02 0.430301994 0.811179638 0.626964211
 688 0.545609057 0.699380696 -0.387133926 0.603061616
 689 -0.994847894 0.188486129 0.553092837 0.370874345
 690 1.23593915 1.67258072 0.100650847 1.45859706
 691 -1.47357345 -0.573296249 0.800933599 -0.374237925
 692 -0.716457069 1.18138921 9.70851257E-02 0.541556120
 693 -3.46020484 0.618715942 -1.78401482 -0.898776412
 694 -4.50263508E-02 -0.243213117 1.82304299 1.05625975
 695 -0.232678324 -0.907788992 0.218689829 -0.801782966
 696 -0.601381540 -0.755386293 0.252325892 0.901507020
 697 0.402958453 0.264707923 8.02787542E-02 -7.60590583E-02
 698 -1.06183863 -0.419921726 -0.540397406 1.15990949
 699 -0.562954307 -0.887892783 -1.05569756 3.02249193E-02
 700 -0.924583554 0.413419664 0.309705555 1.35754967
 701 1.20828927 0.997501552 -0.383141220 -0.404699564
 702 -0.250647753 1.05258334 -0.785803795 1.28814924
 703 1.45658159 -0.940018952 1.06413472 0.252798796
 704 0.301836461 -0.199706852 -0.745813847 -1.62843883
 705 0.632442832 0.595195353 0.347332627 0.900402129
 706 0.551398695 0.723756433 1.26458311 1.28596163
 707 0.133362651 -0.515945971 0.625136912 0.872379899
 708 0.823653400 5.98466396E-02 -0.831718624 -1.00159740
 709 -5.55701554E-04 1.73279718E-02 -0.263208836 0.284074247
 710 -1.50292051 -0.536594450 0.243162081 0.529598594
 711 2.97487831 7.87932873E-02 0.659162700 -0.698230743
 712 -0.534404039 -0.721260965 0.768219411 -0.502673686
 713 -0.269717485 5.42366505E-02 -0.132401556 -1.50298429
 714 0.458275616 9.18943956E-02 -1.17126155 -0.687454760
 715 -0.768165112 -0.660456121 1.18858325 -0.192060381
 716 0.780046403 0.318684638 -0.279783398 -1.00473166
 717 -0.299790710 0.477238715 0.500915766 -0.973845661
 718 2.47754717 -0.230502576 2.09812570 0.887666821
 719 0.759125054 -1.36443043 -0.298276961 -0.275642961
 720 -0.985541999 -0.799911618 -0.647758007 -0.370349407
 721 -0.328109890 -0.163957030 0.315639079 -2.64458060E-02
 722 -1.81701469 1.12488031 -0.116868570 -0.301754504
 723 0.589289248 0.412720025 0.769050300 0.137687981
 724 -0.334446907 0.400005519 0.952108622 1.02870297
 725 0.904357433 0.151492774 -0.594524860 0.982536554
 726 -1.30595601 0.725022554 -0.292195320 1.14724267
 727 -5.87219000E-02 1.28665328 0.292468637 1.21589077
 728 -0.259117961 0.305629879 -0.787481129 1.24780273
 729 -0.429292232 0.582203865 -0.648681283 0.693423986
 730 -0.676240444 0.482214123 -0.775427401 0.914949298
 731 -0.732176542 5.13048396E-02 0.517113030 -0.174200997
 732 -0.679787397 2.47004032 0.232416540 0.764445364
 733 -1.04675436 -0.457539380 0.769124627 1.37525213
 734 -0.302717328 0.193775117 -0.301446110 -2.17179283E-02
 735 1.18496275 0.786307096 -1.08490205 0.513386250
 736 0.898373961 1.42260122 0.579627872 -0.800829947
 737 0.129884303 -0.296547592 -0.829048038 0.381450534
 738 -0.780398428 1.47160470 -0.229712844 0.536013961
 739 1.64111733 0.271710187 -0.248610914 -0.592616200
 740 -1.68335271 0.703464627 7.82457665E-02 0.537073493
 741 0.653969288 0.268311590 -0.223793745 1.56117177
 742 -1.36043954 0.448657274 -1.95754111 0.493961871
 743 1.15649402E-02 -0.764104128 -0.107067972 0.730491877
 744 -1.02423918 0.586268485 1.05606151 -0.455543816
 745 -0.276401401 1.01003850 -0.956383169 1.18782020
 746 -2.04850721 -1.46561313 -6.59741238E-02 0.586236537
 747 0.174551085 0.967117250 0.755347848 -1.12691000E-02
 748 0.423299313 0.309766412 0.293424547 4.39485125E-02
 749 -8.39351416E-02 -0.914989352 -1.16507411 -0.314415157
 750 0.205820888 -0.317517430 -0.314911574 -1.28899348
 751 -2.11804295 0.333626509 -0.509259164 -0.879672587
 752 0.461159766 -0.103567302 0.417293787 0.333009422
 753 0.170826480 0.758838773 0.531915903 0.670635521
 754 7.92061538E-02 0.333614349 -0.279571354 0.775687337
 755 0.992546082 0.886383057 0.800660074 1.45752072
 756 -0.125537828 -0.195495129 -0.392953843 -1.44994497
 757 0.722698390 -0.720742285 0.681920886 1.18446672
 758 0.306151509 -0.986079216 -0.507979929 -0.901605129
 759 0.459241271 1.74096906 -0.333952814 -0.635270000
 760 -0.131208494 -0.823730707 0.521728158 0.110316828
 761 -0.342849374 -0.355220139 -1.09452677 -0.653658748
 762 -0.655912995 1.53633988 -2.13296413 1.14571106
 763 1.10158265 -0.996796727 0.607320309 -0.718441486
 764 1.22622097 0.623288631 1.04560137 1.13438213
 765 1.53945637 0.829279900 1.01579249 0.968544602
 766 -8.01138207E-02 7.19569623E-02 0.969608784 -2.45867801
 767 1.02723122 -1.50216198 0.535133898 0.349473417
 768 0.949334741 -1.43478262 -0.901370764 -0.511472702
 769 1.41309655 -0.938939989 1.12291479 -8.31486136E-02
 770 -0.891946435 -0.719016016 -9.74385142E-02 1.38161504
 771 -1.73528051 -0.171249092 -0.417971373 8.76418203E-02
 772 1.07278240 1.09993732 0.881306946 0.595733345
 773 1.33029556 -0.255787402 0.206834391 0.652951777
 774 -0.485648751 0.398641050 -1.38570786 -0.358944118
 775 -0.231720835 -0.395915300 1.32780552 0.225559726
 776 -0.656416655 -0.330671757 0.850355327 -0.156687140
 777 -0.383362025 -0.429640710 5.32471053E-02 -0.820260644
 778 2.57353330 0.625841498 0.611409128 1.23824716
 779 0.396287978 8.54560509E-02 1.36101437 0.493067920
 780 2.20901775 0.452239782 -0.143295124 0.585341394
 781 -1.60211909 0.240126535 -0.401998460 0.704282999
 782 -0.656905651 -0.844196498 0.175356537 1.29225492
 783 -0.856429935 -0.895745158 -0.570460200 0.305301964
 784 0.788454354 0.206416681 1.17879057 -0.222984746
 785 -0.415340751 -0.640678108 1.53108835 -0.727278650
 786 0.146144658 1.13639820 -0.419209212 0.144685775
 787 -1.29264045 -0.470105767 1.19525504 -5.60099036E-02
 788 0.177300036 2.15102386 -0.234637007 0.516329706
 789 0.147495359 0.805669069 0.449360430 0.327642381
 790 0.814232647 -0.205223486 2.02543998 -0.578195810
 791 -0.644649267 -0.398226261 0.368694186 -1.31857824
 792 -0.116130680 -0.435455084 0.267066091 1.32352614
 793 1.06987906 -0.729328036 0.699653625 -0.826181054
 794 -0.972710371 1.37389827 -1.74618042 -0.647101641
 795 0.335693747 -0.132206649 -0.317441732 -0.779448748
 796 -0.637508750 -0.478301674 0.957855105 -0.490134925
 797 -0.739935815 -0.539140165 0.302137613 0.657111406
 798 1.26568985 1.18597817 0.618679523 -0.728845000
 799 -0.765430391 -0.343240798 -0.255214214 -0.302482307
 800 0.395253390 -1.60879064 -1.30713224 -0.849198580
 801 -0.519268513 -8.94991681E-02 0.422269166 -5.11361845E-02
 802 -0.276036143 -1.17561805 0.531027436 -0.457867086
 803 1.31204796 7.09897876E-02 1.11288142 7.31470138E-02
 804 -3.68718877E-02 -0.842500925 -0.143262967 1.11591125
 805 1.69890130 -0.128992677 0.260818392 1.21105886
 806 -0.244594038 1.43708372 0.703812480 -0.685984612
 807 -1.02428663 -0.725947857 1.01118135 -1.18550146
 808 4.08515781E-02 0.925556362 0.933651030 0.693483889
 809 -1.26561308 0.377732933 -8.11819732E-02 6.94502294E-02
 810 -1.41745889 -0.210742250 -4.43947613E-02 -5.11112064E-02
 811 -0.772268116 0.159300521 0.888938487 0.734465957
 812 0.640332282 0.725497603 0.939205050 -0.533122718
 813 0.609273255 -0.115606338 0.694585979 -0.643229783
 814 1.94757152 1.24056077 -0.180032656 0.439548731
 815 -6.09708428E-02 0.362705797 0.969727278 1.02676892
 816 -0.619053483 0.326205671 1.55224681 1.17695236
 817 -2.24070573 0.983171105 0.478197932 1.23953950
 818 -0.402571440 -0.991583765 -0.161527440 0.704724312
 819 0.834466934 0.505090594 0.266283691 0.114397973
 820 7.89174438E-02 -6.32346570E-02 -1.60385221E-02 -0.977029800
 821 1.28486872 0.583381712 -9.11869556E-02 -0.899240971
 822 0.511031389 0.899391294 -0.834422052 -0.505742848
 823 -1.28036332 -0.856782198 0.510446012 0.566299617
 824 -0.775497019 -0.638475776 -0.585495591 -0.281250536
 825 0.576211751 0.481798589 0.565614760 -0.215114862
 826 -1.29546380 0.980118454 0.210501105 0.410826117
 827 -0.969716847 -0.220770076 -3.00385058E-02 4.40498553E-02
 828 -0.226607591 -1.95349288 0.537280619 -0.385633022
 829 0.133881152 -0.868638694 0.325586319 -0.754816771
 830 0.327155590 -1.16372585 -3.88856120E-02 1.08812344
 831 0.109502614 1.92637181 0.130143777 -0.942083061
 832 0.269322217 -1.74908948 0.596695483 0.319303215
 833 4.67150286E-02 -0.189839065 0.955773354 -0.289965540
 834 -1.75259805 0.523170173 0.797747254 -2.10143812E-02
 835 -9.04731676E-02 0.119294852 -0.649238467 1.16871309
 836 -1.29087651 -0.850199878 0.511492014 0.102710754
 837 -1.30213451 1.13226283 -0.466549248 0.715010345
 838 -0.759568453 0.734216571 0.485384494 -2.59362793
 839 1.32737231 -0.489753902 4.65083718E-02 -0.830257833
 840 -1.60379303 0.389056385 0.324371219 0.751130819
 841 -1.42526889 8.06477740E-02 0.508632541 1.11103415
 842 -1.17158008 0.193391412 0.735171676 -0.814513087
 843 -0.986057401 1.09934187 3.66960019E-02 -1.89198330E-02
 844 -1.08422649 0.555608809 0.264849842 1.00238812
 845 0.245859787 9.73271579E-02 -0.849162519 1.07614684
 846 2.72329450E-02 0.291552961 0.334980130 -2.03650641
 847 8.86665732E-02 -1.73196101 -1.93978608 0.328934610
 848 -1.89906514 -0.468218654 -0.177968502 0.831935048
 849 -1.28220475 0.434220612 2.50005387E-02 -1.13525772
 850 0.156318635 0.488215625 -1.96593189 0.628408849
 851 -1.55171216 1.74720573 0.612519562 -0.430978060
 852 -0.585997283 0.344606668 -5.98715842E-02 0.344274014
 853 1.14096928 1.01001048 -1.32036734 0.654632032
 854 -0.498833269 0.562546968 1.17623305 -1.50115228
 855 0.185160190 0.414511353 0.567875981 1.13231230
 856 0.608865857 0.697143376 0.640078962 1.33053851
 857 0.663000822 0.715587795 -0.991161168 0.995545745
 858 0.216107994 -8.66565108E-03 -0.760036707 -0.199583560
 859 -0.351122737 -0.374491692 2.01783204 -1.44066215
 860 -1.61593747 1.41755104 0.107772380 -0.142764643
 861 0.833529294 0.223317862 -0.200608805 -0.310542464
 862 -1.12089849 -6.40444160E-02 0.291115761 -0.926359355
 863 -0.479794800 -0.746603131 0.970584512 -0.240535662
 864 0.443257928 0.751991987 0.399734199 1.01679277
 865 1.98684323 8.17509592E-02 -0.163084075 0.250428915
 866 -0.935323179 0.368139237 1.17445707 0.542257309
 867 1.28002906 0.883724093 0.353739768 1.35567796
 868 -0.382459402 0.949649036 -2.61730663E-02 0.255989522
 869 0.682102621 1.53855431 -0.153772861 0.576421261
 870 1.55138922 -1.13781840E-02 -0.159043774 1.33696091
 871 0.800135255 0.110120133 -0.707819939 -0.196497992
 872 -1.10997510 1.18725169 -0.898080111 -0.928048372
 873 -1.01482701 -0.577847183 0.614831567 0.636163116
 874 -8.01482201E-02 0.495716929 0.790225744 -0.717333078
 875 -9.00460780E-02 2.09316134 -6.80363625E-02 1.26114535
 876 0.490364224 0.156839311 0.284950435 -1.09083259
 877 0.878419816 0.843830109 1.73002109E-02 -1.52818358
 878 0.460404277 0.284264505 0.421257555 1.04480124
 879 0.329219848 -0.878685832 4.92922962E-02 -0.746374846
 880 0.731126964 0.349389911 -1.27755296 -0.784344852
 881 0.907984316 1.28380501 -0.115353167 0.453380555
 882 0.893855453 -0.658027947 0.951029301 0.757518172
 883 -0.147132799 0.822490990 -0.294879824 0.464123607
 884 0.217652917 0.888520122 1.39470565 -3.37689817E-02
 885 0.589893281 0.181537956 -0.742514908 0.412381142
 886 -1.07789266 -0.487589121 -0.915325224 0.772185326
 887 0.605828762 0.249682665 0.261596262 0.171409726
 888 -0.886339843 1.15164649 -0.493430287 1.18543148
 889 -1.80337179 -0.760496199 0.559247494 -0.972781837
 890 -0.238402486 1.39839470 -0.128211290 0.680220127
 891 -1.22764766 -0.642838538 0.670581818 -0.632004440
 892 -0.580960393 3.45699042E-02 0.268543750 1.37263584
 893 -0.677509546 0.245485350 1.72416604 0.894258380
 894 -1.35685980 3.59785557E-02 -0.491680443 -1.02732110
 895 0.193302885 -0.208012015 0.519061148 1.19819129
 896 -2.02719307 -0.779206157 -0.155523658 -0.221322820
 897 0.328590423 0.968772173 -1.28417373 1.08153641
 898 -1.10826123 1.12117302 0.643643081 1.16974533
 899 9.51436162E-02 1.58702719 0.910565257 1.17822182
 900 -0.393435597 1.06161475 1.37905669 0.704045832
 901 -0.154223174 0.618895710 1.24254787 0.827238321
 902 -0.596603930 -0.113037355 0.378379524 -0.829549074
 903 0.734245121 -0.467474043 0.161620110 0.967133343
 904 1.19733870 0.781313717 1.25959158 0.834136486
 905 0.588663340 -0.980164111 -1.48960769 -0.392737746
 906 1.24050164 0.287761152 0.511521757 -0.328484535
 907 0.619386792 -0.758933067 0.828640223 -2.09819031
 908 -0.192003071 0.258908302 -0.563877285 0.176239148
 909 -1.36124659 0.360633969 -0.528888226 0.281901687
 910 -1.32511973 -0.351072967 -0.457272947 0.722275794
 911 -1.07423949 -7.65597820E-03 0.126312882 8.66237432E-02
 912 -5.57087958E-02 -0.220266894 -0.342018902 1.58934104
 913 -0.202818960 2.18902445 0.461541057 0.389406890
 914 0.457832962 0.429281682 1.14501286 -0.798709691
 915 0.757846177 -0.875687838 -6.56099617E-02 1.45667076
 916 -2.82654762E-02 -0.792788506 1.35877877E-02 0.849774122
 917 0.269011855 6.45541698E-02 -0.428657353 1.33728421
 918 -0.697364986 0.866624236 1.23182905 -2.34427428
 919 0.529285192 1.19234574 9.23632085E-03 1.09015226
 920 1.78667903E-02 0.935436666 -0.189432353 1.13112402
 921 -1.88562250 1.73923051 0.195860684 0.902396321
 922 9.42438841E-03 -0.676311851 0.369646639 1.38349760
 923 0.123674095 0.777252197 -0.607176840 2.48471051E-02
 924 0.791127205 0.391261965 -9.73991007E-02 0.582730234
 925 0.208053604 0.127210081 0.523199797 0.468636036
 926 -0.326082587 0.662386298 -0.229845256 0.638722062
 927 -0.406632453 0.876634240 0.792772293 -0.982790172
 928 0.249270171 2.35476184 0.449372679 -0.794547379
 929 -1.55562961 -0.255182594 -1.35059154 5.26028275E-02
 930 -1.11291850 -0.248152554 0.536908567 0.112729393
 931 -1.06836426 -0.653645635 -0.560563982 -1.16697717
 932 -1.21177220 0.651746511 1.16229284 0.858964026
 933 2.14700007 1.21629000 -9.42898840E-02 -0.863169551
 934 0.521817684 0.497153461 1.42329943 0.843056977
 935 -1.26757503 -0.256296277 0.766252279 -0.336734027
 936 -2.49312818E-03 1.54890919 1.43671024 0.822664082
 937 1.07474828 0.694448948 -3.21884304E-02 -1.05976909E-02
 938 -1.00031734 0.938126743 0.598087370 -7.08327442E-02
 939 0.294964135 0.418072969 -0.943981528 1.00525868
 940 -0.891085863 0.563456655 0.470044315 3.37307453E-02
 941 -1.01929605 0.991983175 -0.210081175 -0.763267577
 942 0.886089087 -1.45622715E-02 -0.237918690 0.118405253
 943 0.260991722 1.80421591 -0.382605851 1.19256938
 944 -0.229745001 -1.62046552E-02 0.370950818 0.276557982
 945 -1.25326049 -3.78695726E-02 0.888339996 -0.866833031
 946 2.22487211 -0.637811363 -0.712447405 0.535991549
 947 0.113602951 0.668387771 -0.733640552 1.25785506
 948 0.219267368 -0.850750148 -1.46680236 -0.752366900
 949 -0.618685246 -3.95544991E-02 0.724217176 0.958009958
 950 -0.853397965 1.03516030 0.637290597 0.994567752
 951 1.05651700 0.893786192 -9.65580121E-02 0.862360001
 952 -0.606322646 0.767673254 0.501360416 -1.54956400
 953 0.927489996 0.651604593 1.19263721 0.856202364
 954 -0.708062649 0.927115858 -0.471000552 0.921163380
 955 -0.690807164 -1.32580733 0.470362425 1.12305486
 956 0.637159526 0.662993371 1.63731790 1.26160026
 957 -0.368711829 1.07506025 0.446181029 1.27713001
 958 0.689628124 -0.162755713 8.15788507E-02 0.785232663
 959 -1.14315426 0.852319777 -0.651709199 1.30574369
 960 -0.301367581 0.765199184 0.273348182 0.644465446
 961 0.128191859 1.34524572 0.920909047 0.617149055
 962 1.16304636 1.14541411 1.15754664 -1.48568010
 963 -1.29392684 -0.187052533 0.810715675 0.106050760
 964 0.730666876 -0.260661513 0.925630748 0.878480196
 965 1.49990642 0.517819643 0.357237548 0.943999887
 966 0.501272321 0.404806346 -7.46777132E-02 -3.33944336E-02
 967 -2.27910948 0.509630203 0.870796859 -0.134478435
 968 -1.07642436 0.810080588 1.17434955 -1.39130926
 969 1.13710892 -0.615948677 1.06242776 0.840759754
 970 1.14662123 -0.610848546 0.266961664 0.276727766
 971 -1.02585447 1.43037462 -1.41701996 -1.51170218
 972 0.357350439 0.470140070 0.408619583 1.13760185
 973 -0.768461823 2.09477425 0.201559812 0.729957581
 974 -1.36818421 -0.395112634 0.346648157 1.46650922
 975 0.471169382 -0.237228096 -1.60853589 -0.155555665
 976 -0.425137311 1.85106814 1.61258256 0.957265139
 977 1.92391443 0.905730426 -0.904320776 1.14327478
 978 0.279931217 -0.724380910 0.779142499 0.519156098
 979 -2.55375814 0.159280866 -0.488119662 -0.659005940
 980 -0.603548884 -8.27295855E-02 0.293277919 1.07874858
 981 -2.19036788E-02 -0.744104266 -4.23550382E-02 -0.244386971
 982 -1.11941099 0.894660652 0.350950569 0.702640712
 983 1.48056650 0.820787907 1.45199525 -0.831821084
 984 -0.589965701 0.782334685 0.357631981 1.02075720
 985 0.151183486 3.57924998E-02 -0.270268917 0.824136734
 986 -0.266903341 0.584359586 0.353011131 -0.103045888
 987 -1.30779743E-02 -5.24317622E-02 -0.539629400 -1.68232381
 988 -0.189201176 -0.904847264 0.183088705 1.11119747
 989 0.124148861 1.33203495 0.236169994 0.176502392
 990 0.879015088 -0.898479939 1.06880343 0.624463499
 991 -8.59612152E-02 1.26681125 -0.277249098 -1.54580271
 992 8.84924978E-02 1.11300552 1.69891524 0.767661333
 993 0.119134024 -0.930657625 -1.99250722 -0.358179748
 994 8.23869854E-02 -0.235550851 0.430111170 0.292253435
 995 -0.124841832 2.99730450E-02 0.665157199 0.136767894
 996 -0.522952437 -9.83424112E-02 0.179007947 1.19262481
 997 -0.414611340 -6.30754232E-03 -0.136471123 -0.307463944
 998 -0.324732274 -0.796746314 -0.194007307 0.885913730
 999 0.497649968 -0.704001307 0.135624766 -1.31902361
 1000 -0.685713649 9.72719491E-02 -0.399381399 0.632581413
 1001 -1.02444434 2.57035941E-02 1.38221234E-02 0.620071769
 1002 -6.60803318E-02 -0.450410426 0.784689963 -0.217304051
 1003 -0.612499535 2.39531970 9.40234140E-02 0.559009433
 1004 0.907045186 0.192548901 0.332150042 -8.74276906E-02
 1005 0.763092399 0.266903609 -1.72671485 0.524411023
 1006 0.128219962 0.907778621 -9.14193243E-02 1.26525450
 1007 -0.499481857 -0.118295267 -0.127735063 0.548781574
 1008 -1.59501207 -0.254124343 1.49750996 0.963806033
 1009 6.74542785E-03 -1.19507098 0.279350609 -0.920770407
 1010 1.05959022 0.175096020 0.343114227 0.312677354
 1011 -0.135814548 0.466542959 0.832318127 -0.407815993
 1012 -0.409069359 -0.181887567 -0.256912231 -0.680792511
 1013 6.95385262E-02 -0.241290718 -0.821473420 -0.791528463
 1014 -1.03354526 0.578822136 -5.10346331E-03 -0.763938665
 1015 -2.15528154 0.467195511 -0.460204363 -1.65106320
 1016 -0.386719227 0.211483583 0.475500703 0.131692499
 1017 -0.394910246 -1.34178793 -1.40613461 0.379925460
 1018 1.22491145 -0.607050776 -0.608351469 1.23229694
 1019 0.196610957 0.896696448 0.457754493 -5.88743165E-02
 1020 -0.257457435 0.869050443 -0.420181990 0.386127055
 1021 0.627956331 -1.15917122 0.585343778 0.556467652
 1022 1.67893243 0.313118041 0.784098506 -0.504858017
 1023 -2.32814646 -0.267753273 0.779701710 0.613046288
 1024 -1.05802560 0.696063459 -0.841732502 0.245703757
 1025 -0.191017315 -0.285636127 -0.580104887 -6.42226636E-02
 1026 -1.27225614 0.355016202 1.24130523 0.829228818
 1027 -0.955190897 -0.246335343 0.606372297 0.367684931
 1028 0.549682736 0.403350294 -0.115186751 0.810063422
 1029 -0.842140555 0.482839525 0.447418600 -0.451699466
 1030 1.94776058 -6.16358593E-02 0.113760434 -0.294832170
 1031 9.26793814E-02 -0.159079552 -0.803551733 -1.46195304
 1032 -0.526108742 -3.17073762E-02 0.754221976 0.267226070
 1033 -0.192717776 1.27828145 3.75256538E-02 -1.12320626
 1034 -1.23154747 -7.18284175E-02 1.60810494 -2.85448313
 1035 0.739095807 -2.55144572 0.369058311 -1.55640793
 1036 0.755308509 -0.800285816 0.896974683 -0.895889521
 1037 2.03903389 -2.37554073 -0.277135789 -1.14809668
 1038 1.21910536 -1.21215725 1.52747154 -2.73639631
 1039 -0.481074810 -1.76664090 0.678522944 -1.15173423
 1040 1.36580420 -1.83833241 0.538969457 -1.49425781
 1041 2.61948395 -2.10216141 3.63167822E-02 -2.18948245
 1042 0.766665578 6.60017729E-02 0.144907653 -1.00715864
 1043 0.815655470 -0.916706622 -1.46629214E-02 -1.52878273
 1044 1.30673146 -0.298636615 -0.581918538 -2.76202869
 1045 -1.09362257 0.685605288 0.908851147 -1.85559833
 1046 0.753446937 -1.03615868 0.598664820 -1.51780999
 1047 0.951540530 -0.978535175 0.203623995 -1.72068489
 1048 -0.158271894 -1.52634025 1.08086896 -3.00576305
 1049 2.14692974 -2.55906796 0.715799689 -1.60321367
 1050 0.699176550 -0.712761462 -1.20550215 -2.12068343
 1051 0.658978105 -2.07350421 0.206848294 -2.03083730
 1052 -0.137577996 -1.89193881 1.25768423 -1.78235412
 1053 2.94111180 -1.91874075 0.498276234 -1.09383476
 1054 2.40025926 -1.94456112 -0.480565101 -0.720507741
 1055 -0.805445671 -1.39314222 0.792335033 -1.84103191
 1056 0.955655575 -8.56581926E-02 0.972548187 -2.77008700
 1057 2.80857468 -3.43883801 1.24660778 -1.73022521
 1058 -0.593659997 -0.301105887 0.492986083 -1.60678542
 1059 1.63556850 -1.51005614 1.12785077 -0.813268185
 1060 -0.513558507 -1.21577311 0.973255217 -1.57801175
 1061 -0.229051948 0.512287199 -0.203233182 -1.86190403
 1062 -0.108738109 -1.21152675 -5.60453609E-02 -0.695565104
 1063 -0.510866404 -1.90492022 0.862956285 -0.854333282
 1064 1.91725671 0.302051693 1.32241201 -3.29675102
 1065 1.38866937 -0.358996928 0.740533292 -1.73876011
 1066 2.02573538E-02 -1.45685065 -9.51497257E-02 -1.37226367
 1067 0.815760672 -1.96724570 0.927610874 -1.94765830
 1068 4.95008528E-02 -0.904737830 0.171961993 -1.89905620
 1069 0.934170187 -3.06503844 1.18707776 -1.88337600
 1070 2.54632878 0.121928655 0.988198876 -1.07338428
 1071 0.106867447 -1.84803545 0.905441999 -2.92696548
 1072 -1.35041058 -2.11369729 0.407876551 -1.80689394
 1073 1.11257315 -2.21760821 -9.78030860E-02 -1.83122385
 1074 0.768655777 -2.22527719 -0.330714405 -1.42116976
 1075 7.52063692E-02 -1.00810838 0.348010510 -2.05720806
 1076 1.47798312 -1.60394800 1.72094405E-02 -2.05792212
 1077 0.391216487 -1.52500415 -0.208414197 -2.76703691
 1078 -0.478668809 -1.45977485 1.16198492 -1.83457422
 1079 -1.75130093 -0.128655702 0.574090898 -2.42502594
 1080 0.577853262 -1.26425099 0.298613638 -1.28333855
 1081 -0.178136706 -0.807705045 1.35373974 -2.81445622
 1082 1.25895309 -1.10081923 -0.258550763 -2.13994217
 1083 1.91379023 -1.78978956 1.19495416 -1.34168768
 1084 -0.476364046 -1.85316920 -0.348983973 -0.852919579
 1085 -0.341835439 -0.175348714 0.683958173 -1.41068876
 1086 -0.539848030 -1.90276170 1.16105342 -2.85710335
 1087 0.264433593 -1.68364477 0.849598885 -1.04677236
 1088 -0.591676295 -1.01880860 1.36416411 -1.70567787
 1089 1.37059784 -2.30489993 -2.97731310E-02 -1.20915508
 1090 -1.90618801 -0.493469179 1.38336957 -2.10349798
 1091 0.219485939 -0.970986664 1.13960326 -1.56586063
 1092 -1.14153290 -0.193544194 0.357805133 -1.17124438
 1093 1.81938052 -0.468861043 0.963794708 -2.25753999
 1094 0.414147854 -0.428612649 1.30651021 -1.63176060
 1095 -0.682407677 -1.37779522 1.81962013 -2.54743147
 1096 0.560947955 -2.27445269 0.978276730 -2.21071744
 1097 0.456808329 -2.25758982 0.122688122 -1.90764880
 1098 -0.767553270 -1.43599081 0.835552335 -2.16465449
 1099 -0.101119399 -0.114885479 0.784008801 -1.60208666
 1100 -2.20857811 -0.198394835 2.01426554 -0.921202183
 1101 0.926047742 -1.88593531 -0.455438256 -1.93022311
 1102 -1.02606499 -1.28101707 1.24667716 -1.77261508
 1103 1.18079448 -2.24574637 -0.214783624 -1.98624849
 1104 -0.473958075 1.47359145 0.406623274 -2.50480819
 1105 1.44055045 -2.02645946 -0.532371283 -0.734767199
 1106 0.990568042 -2.68606830 -0.113789842 -2.94766760
 1107 -0.347683549 -0.575900197 0.759066820 -3.07374644
 1108 -0.278006017 -0.712613761 1.80844021 -1.92440867
 1109 1.70106339 -0.903268218 0.640051544 -1.79150724
 1110 -0.996721804 -0.654285669 1.18309724 -1.82880008
 1111 -5.94559908E-02 -0.813724697 1.04841697 -1.17232144
 1112 0.958365262 -1.73513174 0.411572188 -2.02069116
 1113 -0.225263089 -1.74699736 1.25061631 -2.55350351
 1114 -0.317696303 -2.56106520 -1.11189580 -2.08930182
 1115 -0.122534156 -1.42979765 0.815471888 -1.79718578
 1116 1.30693471 -0.642266810 2.61883736E-02 -1.41006279
 1117 -0.137780935 -1.18367052 0.377035350 -1.58331823
 1118 -1.15643167 -2.69494247 -0.396312386 -2.04789066
 1119 -0.238540426 -1.06928122 1.01171136 -2.05676627
 1120 0.415280193 -2.71534848 -1.37359738 -2.11664367
 1121 0.735320330 -1.16655123 1.11026204 -1.58148360
 1122 -1.46413529 -0.827820778 0.812039793 -1.91692626
 1123 1.16018152 -1.28630149 1.51111627 -2.87436271
 1124 1.49984121 -0.983625531 1.70281529 -2.00754786
 1125 1.50042176 0.358695447 0.788426161 -2.07604671
 1126 1.31097949 0.529348671 0.184390545 -2.09616995
 1127 0.881608367 -0.474037051 1.97428179 -0.787334919
 1128 1.37219036 -1.86135459 -8.15619528E-02 -1.01022828
 1129 -0.290133953 -3.13529491 0.589467704 -2.85242438
 1130 -0.749349415 -9.35581326E-02 0.552420676 -2.40547585
 1131 -0.369718432 -0.529453278 1.25502110 -2.07793236
 1132 -0.642063022 -0.132989943 -0.634630084 -1.11494052
 1133 -0.892554522 -0.496764153 0.504966438 -1.78505945
 1134 -0.393644303 -0.155502588 -0.316822737 -1.43042374
 1135 1.44029605 -1.88493478 -0.817985117 -1.15409923
 1136 0.631898701 -0.419559509 1.43037868 -2.03780174
 1137 1.47047269 -2.23242927 1.13480544 -1.55236459
 1138 -0.177359223 -0.671968699 1.08305562 -3.00550604
 1139 -0.219950676 -1.08838427 -1.93763328 -1.41716099
 1140 1.41182339 0.623986363 -0.134457648 0.497516692
 1141 0.930130541 -0.161917567 -2.37537646 0.732224941
 1142 -0.647774160 -0.221576840 -1.16257048 0.752179801
 1143 0.707603931 -0.602239072 -1.98529196 1.05830491
 1144 1.07548547 -0.561473668 -1.30483079 -0.198730096
 1145 0.153268099 -1.62794173 0.664222360 0.132436126
 1146 1.14642549 -1.02762568 -3.13786769 0.632514477
 1147 -0.248537585 -0.721858740 -1.88119042 0.653423429
 1148 0.576815665 -0.159956306 -2.12072468 -1.79076672
 1149 -1.52920222 -1.99636436 -0.456625611 0.446562588
 1150 -0.751392007 -0.803922713 -2.54149985 0.934522748
 1151 0.241522834 8.85336101E-03 -1.28146398 -0.108725682
 1152 1.57888818 -1.01875019 -2.04915214 -1.46981502
 1153 1.03631175 0.618773341 -2.89447570 -0.447281897
 1154 -0.216679141 2.45871693E-02 -2.61078334 -1.72256315
 1155 0.195868552 -0.761139989 -1.76552856 -1.54517806
 1156 1.61658049 -0.131277382 -2.38708162 -1.14063156
 1157 0.181428492 -0.505451560 -1.20369089 0.342567235
 1158 -0.853734374 -1.68798912 -1.27709949 0.225512743
 1159 1.06574202 -0.986925006 -1.02426529 -1.55607760E-02
 1160 -1.19689775 -0.629346848 -0.485322297 0.143081248
 1161 1.06473160 -1.15866411 -2.17224383 1.09869635
 1162 -0.312854648 -1.25268364 -1.39230204 0.255215287
 1163 -2.62447524 -1.01583850 -1.83494747 0.858519793
 1164 -0.378644913 -1.15505910 -2.03629160 0.711627305
 1165 -1.85152423 -1.13956487 -2.12353587 0.738797843
 1166 -1.49752986 -2.42941809 -1.88393342 -0.148553312
 1167 -1.66873181 -2.15420651 -1.01211870 1.21729982
 1168 0.978856266 -2.22287583 -1.65568507 5.34782261E-02
 1169 3.09461355E-03 -1.41838646 -2.00951123 0.672687948
 1170 0.229105175 -0.925508559 -1.43713975 -4.52133641E-02
 1171 -0.592117310 -0.394810677 -2.37605786 -0.366915762
 1172 1.67919683 -1.31816196 -1.31005895 0.653751433
 1173 -0.877888680 -0.665461779 -1.17678452 -1.78344357
 1174 -1.54954231 -1.07935286 -0.731635690 1.37182665
 1175 0.122372061 -0.608968735 -0.889716685 -1.22769368
 1176 1.32968307 1.20819211E-02 -3.12702942 1.04921603
 1177 0.309186578 -1.76497233 -1.74593091 -3.31201106E-02
 1178 0.527364790 -1.43713140 -1.76983881 5.96286058E-02
 1179 -1.78781950 0.171395198 -2.94502878 0.469721347
 1180 1.21426558 3.97527516E-02 -0.522910774 7.90547282E-02
 1181 -0.304004431 -1.76662338 -2.09805846 0.366434425
 1182 0.716908514 -0.576790512 -1.27561700 -0.808457017
 1183 0.970367610 -1.68393493 -2.01995969 -8.51779133E-02
 1184 -6.73086047E-02 -1.29744577 -1.35761786 0.637172818
 1185 0.394383758 -1.16150951 -1.77992439 1.53833878
 1186 -0.290436447 -1.02892995 -0.394797921 -0.211948082
 1187 -0.512040019 -1.72524130 -2.42422867 0.727910042
 1188 -3.29327583E-02 0.986657977 -1.46928966 -1.01282883
 1189 3.73138785E-02 -0.914679766 -0.176299959 0.389058471
 1190 1.10706162 -1.69060361 -2.32755995 2.49579549E-04
 1191 0.461863399 -2.39787793 -2.95466447 -0.456193864
 1192 -1.39982462 -0.160684317 -0.670568347 0.624685287
 1193 -0.932080805 -1.87521780 -2.66281652 0.479270220
 1194 -1.33792114 -1.45085859 -1.90927982 0.304925472
 1195 -0.147745565 -1.22436404 -2.80511451 0.908197880
 1196 -0.548993289 -1.41863704 -1.53255093 -8.44962001E-02
 1197 1.11014795 -1.84450614 -1.66553640 0.410763085
 1198 -1.64552176 -1.31893635 -0.714519978 0.141400620
 1199 -0.177247941 -2.55141139 -2.74672723 0.191339493
 1200 2.18632650 -6.39244616E-02 -3.77195716 -0.268403649
 1201 -0.580890656 -2.16329956 -2.61417484 1.07302010
 1202 0.842289925 -1.87794304 -1.14971578 -1.19188428E-02
 1203 -0.319360793 -0.532477379 -2.82500505 -0.559768200
 1204 -1.64717770 -2.25688004 -0.460481614 0.893884480
 1205 -0.811881840 -1.41148472 -1.52252364 -0.823956549
 1206 1.09463096 -1.93619156 -1.38631141 -0.389844537
 1207 1.20709538 -1.93425405 -1.48533940 -0.173770100
 1208 0.282036930 -0.659612000 -0.588404119 0.669994473
 1209 0.228722632 -0.663817167 -1.29577518 0.693036556
 1210 0.644018590 -0.483889401 -3.12245417 -0.132289067
 1211 -0.464248896 -1.56831181 -2.07449055 6.56285584E-02
 1212 1.03631568 -1.67082798 -1.82225120 0.810859919
 1213 -0.498622656 -0.874713182 -0.674181700 0.332204014
 1214 1.50834012 -1.03674769 -2.24153709 -0.947658002
 1215 0.924902678 -0.641668081 -2.82530403 -0.495918751
 1216 -1.35002851 0.227547348 -1.54776096 -0.220700979
 1217 0.184775740 -0.243338242 -0.924857795 3.54050696E-02
 1218 0.611531675 -0.820406497 -1.96806157 -0.313594520
 1219 -1.37220335 -1.28716028 -3.50093544E-02 0.255611628
 1220 -1.36184835 -1.10493517 -0.211783543 0.324362665
 1221 0.529496074 -0.165812701 -2.13247490 0.513349831
 1222 -3.50342584 -2.13701701 -1.74812376 0.131229952
 1223 1.06840169 -1.77063465 -1.91173649 -0.206295133
 1224 -1.14707470 -0.896703243 -2.52400684 0.446319968
 1225 -0.254807353 -1.13815689 -0.207788542 -0.420679986
 1226 -0.912877381 -0.923902512 -0.684430301 0.315177083
 1227 -0.696642160 -0.951487899 -1.97701097 -0.834162414
 1228 -0.469268322 -2.82237649 -1.63154101 0.141943648
 1229 0.679864824 -0.631368279 -2.23657751 -0.336012810
 1230 1.34900892 -0.793576777 -1.78812826 1.39330626E-02
 1231 0.475585550 -0.874011636 -1.93563533 0.300793260
 1232 -0.555430710 -9.37560275E-02 -0.460226953 1.63967824
 1233 1.23484445 -3.03091860 -0.928813398 0.347292840
 1234 0.159056306 -0.875571430 -1.34988058 -1.97151053
 1235 0.798405766 -1.58748591 -1.65223706 -0.174097836
 1236 0.545090914 -1.04818928 -2.71258783 -1.79694700
 1237 -0.650236309 -1.54033411 -1.67724025 0.227628544
 1238 1.99468255 -0.826457739 -1.22562468 1.56666696
 1239 -1.30047619 -1.93046963 -2.79348207 -1.23458135
 1240 -2.53851712E-02 -2.53899503 -1.96225893 -0.329207510
 1241 -1.17401302 -2.07319880 -1.78196907 0.426913857
 1242 1.88925254 -0.940227747 -1.39859545 0.339118838
 1243 -1.21928906 -1.68858886 -1.63320148 0.624679685
 1244 -0.623986065 -0.403618127 -2.38312078 0.852020800
 1245 -0.477173299 -0.452860236 -1.57401812 0.305959731
 1246 -0.355467230 -0.572166443 -3.07235503 -0.450245023
 1247 0.846608996 -3.15912485 -3.41124487 0.804278612
 1248 1.40453959 -1.26965010 -3.86496401 0.265208364
 1249 -1.37383866 -0.984136283 -1.37382102 0.126016319
 1250 1.20636559 -3.37696671E-02 -0.541624308 0.496173739
 1251 0.581346393 -0.566539228 -1.77993011 0.537429571
 1252 2.59144711 -1.16629088 -2.72550988 -7.99328759E-02
 1253 1.23313820 -0.957514882 -1.79485345 0.882048607
 1254 0.763927341 0.833093584 -1.11429977 -0.903478265
 1255 -0.700075805 -0.855408669 -3.06834340 0.796499372
 1256 0.840759754 -0.841634989 -1.18792534 -1.14131343
 1257 -0.381032497 -0.795781851 -2.69455218 0.689147770
 1258 0.244861692 -1.62883556 -1.23386145 0.807898760
 1259 0.832688808 -2.54274058 0.151283592 -1.50959206
 1260 -0.639920354 -0.729685366 -1.39601076 -0.557800531
 1261 1.19760132 -1.16286016 -4.01417255 -1.31941926
 1262 -0.270669699 -0.612471581 -1.91803730 0.646329522
 1263 -0.328758210 -0.504969954 -0.925897658 0.151990443
 1264 0.580689669 -2.58269334 -2.24085283 -1.05724990
 1265 -0.722735524 0.149483860 -2.92209840 -1.38993382
 1266 -0.485144407 -1.12235165 -2.01282620 0.227819964
 1267 1.35432792 -0.704153717 -3.13242984 0.270856559
 1268 -0.195605829 -1.42826045 -0.459513575 -0.109140396
 1269 -1.78483236 -1.55379641 -2.05094528 -0.100991249
 1270 -1.46340382 1.27689987E-02 -0.641240656 -0.473381877
 1271 -0.509350538 -0.222851038 -0.926968515 0.266349435
 1272 -0.241653770 -1.05867457 -0.884324551 0.546590865
 1273 -1.04129994 -1.18420446 -0.900045276 0.680867314
 1274 0.645907223 -1.38270783 -1.18116915 0.107432172
 1275 -1.50055552 -2.13619518 0.127464771 3.32476199E-02
 1276 0.500322938 -0.925088525 -2.19105840 0.614062726
 1277 0.615339398 -0.847432613 -1.72567093 0.487002552
 1278 -0.148795590 -0.313822746 -2.69441128 0.691467404
 1279 0.890812278 -0.258185029 -3.42156267 -2.80204320
 1280 0.747074425 -1.38314068E-02 -1.71825254 -1.24410939
 1281 0.959957957 -0.199326515 -0.681766987 -0.634623408
 1282 0.393527269 0.109185323 -2.17774510E-03 -1.26962936
 1283 0.746887863 -1.26858985 -2.02416039 0.233852476
 1284 -0.726054668 0.523376465 -0.542347789 0.832884848
 1285 -0.222692594 -1.17699373 -1.02004039 9.40322727E-02
